 2.467E+005
     x1b        dens       energ       v1
 1.000E+011  7.100E-011  9.242E+005  0.000E+000
 3.000E+011  7.236E-011  9.316E+005  2.890E+005
 5.000E+011  7.484E-011  9.290E+005  3.436E+005
 7.000E+011  7.849E-011  9.301E+005  5.818E+005
 9.000E+011  8.214E-011  9.298E+005  7.643E+005
 1.100E+012  8.539E-011  9.300E+005  9.571E+005
 1.300E+012  8.730E-011  9.301E+005  1.149E+006
 1.500E+012  8.763E-011  9.302E+005  1.341E+006
 1.700E+012  8.761E-011  9.303E+005  1.530E+006
 1.900E+012  8.741E-011  9.305E+005  1.720E+006
 2.100E+012  8.708E-011  9.307E+005  1.916E+006
 2.300E+012  8.699E-011  9.309E+005  2.108E+006
 2.500E+012  8.706E-011  9.311E+005  2.298E+006
 2.700E+012  8.735E-011  9.313E+005  2.489E+006
 2.900E+012  8.812E-011  9.316E+005  2.682E+006
 3.100E+012  8.969E-011  9.319E+005  2.874E+006
 3.300E+012  9.240E-011  9.321E+005  3.068E+006
 3.500E+012  9.672E-011  9.324E+005  3.261E+006
 3.700E+012  1.032E-010  9.328E+005  3.452E+006
 3.900E+012  1.128E-010  9.332E+005  3.647E+006
 4.100E+012  1.265E-010  9.337E+005  3.845E+006
 4.300E+012  1.459E-010  9.342E+005  4.041E+006
 4.500E+012  1.732E-010  9.349E+005  4.239E+006
 4.700E+012  2.111E-010  9.359E+005  4.441E+006
 4.900E+012  2.629E-010  9.370E+005  4.643E+006
 5.100E+012  3.318E-010  9.384E+005  4.844E+006
 5.300E+012  4.204E-010  9.404E+005  5.044E+006
 5.500E+012  5.296E-010  9.430E+005  5.243E+006
 5.700E+012  6.581E-010  9.463E+005  5.439E+006
 5.900E+012  8.030E-010  9.505E+005  5.635E+006
 6.100E+012  9.612E-010  9.558E+005  5.832E+006
 6.300E+012  1.131E-009  9.622E+005  6.032E+006
 6.500E+012  1.311E-009  9.699E+005  6.235E+006
 6.700E+012  1.504E-009  9.791E+005  6.443E+006
 6.900E+012  1.714E-009  9.900E+005  6.656E+006
 7.100E+012  1.948E-009  1.003E+006  6.874E+006
 7.300E+012  2.212E-009  1.018E+006  7.100E+006
 7.500E+012  2.517E-009  1.035E+006  7.331E+006
 7.700E+012  2.872E-009  1.056E+006  7.568E+006
 7.900E+012  3.288E-009  1.079E+006  7.812E+006
 8.100E+012  3.777E-009  1.107E+006  8.060E+006
 8.300E+012  4.349E-009  1.140E+006  8.312E+006
 8.500E+012  5.018E-009  1.179E+006  8.577E+006
 8.700E+012  5.798E-009  1.227E+006  8.860E+006
 8.900E+012  6.701E-009  1.282E+006  9.149E+006
 9.100E+012  7.758E-009  1.348E+006  9.449E+006
 9.300E+012  8.998E-009  1.425E+006  9.762E+006
 9.500E+012  1.046E-008  1.513E+006  1.006E+007
 9.700E+012  1.230E-008  1.629E+006  1.039E+007
 9.900E+012  1.457E-008  1.768E+006  1.078E+007
 1.010E+013  1.723E-008  1.903E+006  1.108E+007
 1.030E+013  2.125E-008  2.188E+006  1.144E+007
 1.050E+013  2.723E-008  2.675E+006  1.239E+007
 1.070E+013  2.937E-008  2.534E+006  1.277E+007
 1.090E+013  2.513E-008  1.455E+006  1.162E+007
 1.110E+013  1.572E-008  3.116E+005  8.275E+006
 1.130E+013  1.113E-008  1.272E+004  3.566E+006
 1.150E+013  1.006E-008  6.991E+001  4.121E+005
 1.170E+013  1.000E-008  6.236E+001  2.109E+003
 1.190E+013  1.000E-008  6.236E+001  1.769E-002
 1.210E+013  1.000E-008  6.236E+001  1.186E-009
 1.230E+013  1.000E-008  6.236E+001  1.217E-026
 1.250E+013  1.000E-008  6.236E+001 -8.763E-013
 1.270E+013  1.000E-008  6.236E+001  0.000E+000
 1.290E+013  1.000E-008  6.236E+001  0.000E+000
 1.310E+013  1.000E-008  6.236E+001  0.000E+000
 1.330E+013  1.000E-008  6.236E+001  0.000E+000
 1.350E+013  1.000E-008  6.236E+001  0.000E+000
 1.370E+013  1.000E-008  6.236E+001  0.000E+000
 1.390E+013  1.000E-008  6.236E+001  3.505E-012
 1.410E+013  1.000E-008  6.236E+001 -3.505E-012
 1.430E+013  1.000E-008  6.236E+001 -1.313E-011
 1.450E+013  1.000E-008  6.236E+001  1.313E-011
 1.470E+013  1.000E-008  6.236E+001  2.629E-012
 1.490E+013  1.000E-008  6.236E+001 -2.629E-012
 1.510E+013  1.000E-008  6.236E+001  0.000E+000
 1.530E+013  1.000E-008  6.236E+001  0.000E+000
 1.550E+013  1.000E-008  6.236E+001  0.000E+000
 1.570E+013  1.000E-008  6.236E+001  0.000E+000
 1.590E+013  1.000E-008  6.236E+001  8.763E-013
 1.610E+013  1.000E-008  6.236E+001 -3.963E-033
 1.630E+013  1.000E-008  6.236E+001 -8.763E-013
 1.650E+013  1.000E-008  6.236E+001 -8.763E-013
 1.670E+013  1.000E-008  6.236E+001  8.763E-013
 1.690E+013  1.000E-008  6.236E+001  7.907E-031
 1.710E+013  1.000E-008  6.236E+001  2.182E-067
 1.730E+013  1.000E-008  6.236E+001  7.643E-141
 1.750E+013  1.000E-008  6.236E+001  4.416E-288
 1.770E+013  1.000E-008  6.236E+001  0.000E+000
 1.790E+013  1.000E-008  6.236E+001  0.000E+000
 1.810E+013  1.000E-008  6.236E+001  0.000E+000
 1.830E+013  1.000E-008  6.236E+001  8.763E-013
 1.850E+013  1.000E-008  6.236E+001 -8.763E-013
 1.870E+013  1.000E-008  6.236E+001  3.505E-012
 1.890E+013  1.000E-008  6.236E+001 -5.258E-012
 1.910E+013  1.000E-008  6.236E+001  3.505E-012
 1.930E+013  1.000E-008  6.236E+001 -1.753E-012
 1.950E+013  1.000E-008  6.236E+001  0.000E+000
 1.970E+013  1.000E-008  6.236E+001  0.000E+000
 1.990E+013  1.000E-008  6.236E+001  0.000E+000
 2.010E+013  1.000E-008  6.236E+001  0.000E+000
 2.030E+013  1.000E-008  6.236E+001  0.000E+000
 2.050E+013  1.000E-008  6.236E+001  0.000E+000
 2.070E+013  1.000E-008  6.236E+001  0.000E+000
 2.090E+013  1.000E-008  6.236E+001  8.763E-013
 2.110E+013  1.000E-008  6.236E+001 -3.020E-033
 2.130E+013  1.000E-008  6.236E+001 -8.763E-013
 2.150E+013  1.000E-008  6.236E+001  0.000E+000
 2.170E+013  1.000E-008  6.236E+001  0.000E+000
 2.190E+013  1.000E-008  6.236E+001  0.000E+000
 2.210E+013  1.000E-008  6.236E+001  0.000E+000
 2.230E+013  1.000E-008  6.236E+001  0.000E+000
 2.250E+013  1.000E-008  6.236E+001  0.000E+000
 2.270E+013  1.000E-008  6.236E+001  8.763E-013
 2.290E+013  1.000E-008  6.236E+001 -2.781E-033
 2.310E+013  1.000E-008  6.236E+001 -8.763E-013
 2.330E+013  1.000E-008  6.236E+001  0.000E+000
 2.350E+013  1.000E-008  6.236E+001  0.000E+000
 2.370E+013  1.000E-008  6.236E+001  8.763E-013
 2.390E+013  1.000E-008  6.236E+001 -8.763E-013
 2.410E+013  1.000E-008  6.236E+001  0.000E+000
 2.430E+013  1.000E-008  6.236E+001  0.000E+000
 2.450E+013  1.000E-008  6.236E+001  0.000E+000
 2.470E+013  1.000E-008  6.236E+001  8.763E-013
 2.490E+013  1.000E-008  6.236E+001 -8.763E-013
 2.510E+013  1.000E-008  6.236E+001  8.763E-013
 2.530E+013  1.000E-008  6.236E+001 -8.763E-013
 2.550E+013  1.000E-008  6.236E+001 -2.986E-283
 2.570E+013  1.000E-008  6.236E+001 -1.987E-138
 2.590E+013  1.000E-008  6.236E+001 -3.518E-066
 2.610E+013  1.000E-008  6.236E+001 -3.175E-030
 2.630E+013  1.000E-008  6.236E+001 -1.753E-012
 2.650E+013  1.000E-008  6.236E+001  1.753E-012
 2.670E+013  1.000E-008  6.236E+001  3.166E-030
 2.690E+013  1.000E-008  6.236E+001  3.497E-066
 2.710E+013  1.000E-008  6.236E+001  8.763E-013
 2.730E+013  1.000E-008  6.236E+001 -8.763E-013
 2.750E+013  1.000E-008  6.236E+001  2.629E-012
 2.770E+013  1.000E-008  6.236E+001 -2.629E-012
 2.790E+013  1.000E-008  6.236E+001  0.000E+000
 2.810E+013  1.000E-008  6.236E+001  0.000E+000
 2.830E+013  1.000E-008  6.236E+001  4.382E-012
 2.850E+013  1.000E-008  6.236E+001 -8.762E-013
 2.870E+013  1.000E-008  6.236E+001 -3.505E-012
 2.890E+013  1.000E-008  6.236E+001 -1.241E-030
 2.910E+013  1.000E-008  6.236E+001  6.134E-012
 2.930E+013  1.000E-008  6.236E+001 -6.134E-012
 2.950E+013  1.000E-008  6.236E+001  0.000E+000
 2.970E+013  1.000E-008  6.236E+001  0.000E+000
 2.990E+013  1.000E-008  6.236E+001  0.000E+000
 3.010E+013  1.000E-008  6.236E+001  8.763E-013
 3.030E+013  1.000E-008  6.236E+001 -8.763E-013
 3.050E+013  1.000E-008  6.236E+001  8.763E-013
 3.070E+013  1.000E-008  6.236E+001 -8.763E-013
 3.090E+013  1.000E-008  6.236E+001  8.763E-013
 3.110E+013  1.000E-008  6.236E+001  8.763E-013
 3.130E+013  1.000E-008  6.236E+001 -1.753E-012
 3.150E+013  1.000E-008  6.236E+001  0.000E+000
 3.170E+013  1.000E-008  6.236E+001  0.000E+000
 3.190E+013  1.000E-008  6.236E+001  0.000E+000
 3.210E+013  1.000E-008  6.236E+001  0.000E+000
 3.230E+013  1.000E-008  6.236E+001  0.000E+000
 3.250E+013  1.000E-008  6.236E+001  0.000E+000
 3.270E+013  1.000E-008  6.236E+001 -4.545E-288
 3.290E+013  1.000E-008  6.236E+001 -7.753E-141
 3.310E+013  1.000E-008  6.236E+001 -2.198E-067
 3.330E+013  1.000E-008  6.236E+001 -7.936E-031
 3.350E+013  1.000E-008  6.236E+001 -8.763E-013
 3.370E+013  1.000E-008  6.236E+001  8.763E-013
 3.390E+013  1.000E-008  6.236E+001  7.917E-031
 3.410E+013  1.000E-008  6.236E+001  2.187E-067
 3.430E+013  1.000E-008  6.236E+001  7.680E-141
 3.450E+013  1.000E-008  6.236E+001  1.753E-012
 3.470E+013  1.000E-008  6.236E+001 -1.753E-012
 3.490E+013  1.000E-008  6.236E+001  0.000E+000
 3.510E+013  1.000E-008  6.236E+001  0.000E+000
 3.530E+013  1.000E-008  6.236E+001  0.000E+000
 3.550E+013  1.000E-008  6.236E+001  0.000E+000
 3.570E+013  1.000E-008  6.236E+001  1.753E-012
 3.590E+013  1.000E-008  6.236E+001 -8.763E-013
 3.610E+013  1.000E-008  6.236E+001 -7.935E-031
 3.630E+013  1.000E-008  6.236E+001 -8.763E-013
 3.650E+013  1.000E-008  6.236E+001 -8.763E-013
 3.670E+013  1.000E-008  6.236E+001  8.763E-013
 3.690E+013  1.000E-008  6.236E+001  8.763E-013
 3.710E+013  1.000E-008  6.236E+001 -8.763E-013
 3.730E+013  1.000E-008  6.236E+001 -8.523E-034
 3.750E+013  1.000E-008  6.236E+001  8.763E-013
 3.770E+013  1.000E-008  6.236E+001 -8.763E-013
 3.790E+013  1.000E-008  6.236E+001  0.000E+000
 3.810E+013  1.000E-008  6.236E+001  0.000E+000
 3.830E+013  1.000E-008  6.236E+001  8.763E-013
 3.850E+013  1.000E-008  6.236E+001 -8.763E-013
 3.870E+013  1.000E-008  6.236E+001 -7.934E-031
 3.890E+013  1.000E-008  6.236E+001 -8.763E-013
 3.910E+013  1.000E-008  6.236E+001 -2.402E-031
 3.930E+013  1.000E-008  6.236E+001  2.629E-012
 3.950E+013  1.000E-008  6.236E+001 -8.763E-013
 3.970E+013  1.000E-008  6.236E+001  2.629E-012
 3.990E+013  1.000E-008  6.236E+001 -3.505E-012
 4.010E+013  1.000E-008  6.236E+001  0.000E+000
 4.030E+013  1.000E-008  6.236E+001  0.000E+000
 4.050E+013  1.000E-008  6.236E+001  0.000E+000
 4.070E+013  1.000E-008  6.236E+001  0.000E+000
 4.090E+013  1.000E-008  6.236E+001  3.218E-011
 4.110E+013  1.000E-008  6.236E+001 -3.218E-011
 4.130E+013  1.000E-008  6.236E+001  2.270E-011
 4.150E+013  1.000E-008  6.236E+001 -2.270E-011
 4.170E+013  1.000E-008  6.236E+001  7.886E-012
 4.190E+013  1.000E-008  6.236E+001 -7.009E-012
 4.210E+013  1.000E-008  6.236E+001 -7.934E-031
 4.230E+013  1.000E-008  6.236E+001 -8.763E-013
 4.250E+013  1.000E-008  6.236E+001  0.000E+000
 4.270E+013  1.000E-008  6.236E+001  0.000E+000
 4.290E+013  1.000E-008  6.236E+001  0.000E+000
 4.310E+013  1.000E-008  6.236E+001  0.000E+000
 4.330E+013  1.000E-008  6.236E+001  0.000E+000
 4.350E+013  1.000E-008  6.236E+001  0.000E+000
 4.370E+013  1.000E-008  6.236E+001  0.000E+000
 4.390E+013  1.000E-008  6.236E+001  0.000E+000
 4.410E+013  1.000E-008  6.236E+001  0.000E+000
 4.430E+013  1.000E-008  6.236E+001  0.000E+000
 4.450E+013  1.000E-008  6.236E+001  0.000E+000
 4.470E+013  1.000E-008  6.236E+001  8.763E-013
 4.490E+013  1.000E-008  6.236E+001 -1.415E-033
 4.510E+013  1.000E-008  6.236E+001 -8.763E-013
 4.530E+013  1.000E-008  6.236E+001 -4.533E-288
 4.550E+013  1.000E-008  6.236E+001 -7.743E-141
 4.570E+013  1.000E-008  6.236E+001 -2.196E-067
 4.590E+013  1.000E-008  6.236E+001 -7.933E-031
 4.610E+013  1.000E-008  6.236E+001 -8.763E-013
 4.630E+013  1.000E-008  6.236E+001  8.763E-013
 4.650E+013  1.000E-008  6.236E+001  8.763E-013
 4.670E+013  1.000E-008  6.236E+001 -8.763E-013
 4.690E+013  1.000E-008  6.236E+001  8.763E-013
 4.710E+013  1.000E-008  6.236E+001 -8.763E-013
 4.730E+013  1.000E-008  6.236E+001  0.000E+000
 4.750E+013  1.000E-008  6.236E+001  0.000E+000
 4.770E+013  1.000E-008  6.236E+001  0.000E+000
 4.790E+013  1.000E-008  6.236E+001  8.763E-013
 4.810E+013  1.000E-008  6.236E+001 -8.763E-013
 4.830E+013  1.000E-008  6.236E+001 -6.578E-034
 4.850E+013  1.000E-008  6.236E+001  8.763E-013
 4.870E+013  1.000E-008  6.236E+001 -8.763E-013
 4.890E+013  1.000E-008  6.236E+001  0.000E+000
 4.910E+013  1.000E-008  6.236E+001  0.000E+000
 4.930E+013  1.000E-008  6.236E+001  0.000E+000
 4.950E+013  1.000E-008  6.236E+001  0.000E+000
 4.970E+013  1.000E-008  6.236E+001  0.000E+000
 4.990E+013  1.000E-008  6.236E+001  1.753E-012
 5.010E+013  1.000E-008  6.236E+001 -2.629E-012
 5.030E+013  1.000E-008  6.236E+001  8.763E-013
 5.050E+013  1.000E-008  6.236E+001  7.920E-031
 5.070E+013  1.000E-008  6.236E+001  2.189E-067
 5.090E+013  1.000E-008  6.236E+001  7.692E-141
 5.110E+013  1.000E-008  6.236E+001  8.763E-013
 5.130E+013  1.000E-008  6.236E+001 -8.763E-013
 5.150E+013  1.000E-008  6.236E+001  0.000E+000
 5.170E+013  1.000E-008  6.236E+001  0.000E+000
 5.190E+013  1.000E-008  6.236E+001 -4.529E-288
 5.210E+013  1.000E-008  6.236E+001 -7.740E-141
 5.230E+013  1.000E-008  6.236E+001 -2.196E-067
 5.250E+013  1.000E-008  6.236E+001 -7.932E-031
 5.270E+013  1.000E-008  6.236E+001 -8.763E-013
 5.290E+013  1.000E-008  6.236E+001  8.763E-013
 5.310E+013  1.000E-008  6.236E+001  7.920E-031
 5.330E+013  1.000E-008  6.236E+001  2.189E-067
 5.350E+013  1.000E-008  6.236E+001  1.753E-012
 5.370E+013  1.000E-008  6.236E+001 -1.753E-012
 5.390E+013  1.000E-008  6.236E+001  1.045E-031
 5.410E+013  1.000E-008  6.236E+001  8.763E-013
 5.430E+013  1.000E-008  6.236E+001  8.763E-013
 5.450E+013  1.000E-008  6.236E+001  8.763E-013
 5.470E+013  1.000E-008  6.236E+001 -2.629E-012
 5.490E+013  1.000E-008  6.236E+001 -7.932E-031
 5.510E+013  1.000E-008  6.236E+001 -8.763E-013
 5.530E+013  1.000E-008  6.236E+001  1.753E-012
 5.550E+013  1.000E-008  6.236E+001 -3.505E-012
 5.570E+013  1.000E-008  6.236E+001  1.753E-012
 5.590E+013  1.000E-008  6.236E+001  8.763E-013
 5.610E+013  1.000E-008  6.236E+001 -8.763E-013
 5.630E+013  1.000E-008  6.236E+001  8.763E-013
 5.650E+013  1.000E-008  6.236E+001 -5.258E-012
 5.670E+013  1.000E-008  6.236E+001  5.258E-012
 5.690E+013  1.000E-008  6.236E+001  5.258E-012
 5.710E+013  1.000E-008  6.236E+001 -5.258E-012
 5.730E+013  1.000E-008  6.236E+001  6.134E-012
 5.750E+013  1.000E-008  6.236E+001 -1.314E-011
 5.770E+013  1.000E-008  6.236E+001 -8.757E-013
 5.790E+013  1.000E-008  6.236E+001  7.885E-012
 5.810E+013  1.000E-008  6.236E+001  4.156E-011
 5.830E+013  1.000E-008  6.236E+001 -4.156E-011
 5.850E+013  1.000E-008  6.236E+001  0.000E+000
 5.870E+013  1.000E-008  6.236E+001  0.000E+000
 5.890E+013  1.000E-008  6.236E+001  0.000E+000
 5.910E+013  1.000E-008  6.236E+001  0.000E+000
 5.930E+013  1.000E-008  6.236E+001  0.000E+000
 5.950E+013  1.000E-008  6.236E+001  0.000E+000
 5.970E+013  1.000E-008  6.236E+001  0.000E+000
 5.990E+013  1.000E-008  6.236E+001  0.000E+000
 6.010E+013  1.000E-008  6.236E+001  0.000E+000
 6.030E+013  1.000E-008  6.236E+001  8.763E-013
 6.050E+013  1.000E-008  6.236E+001 -8.763E-013
 6.070E+013  1.000E-008  6.236E+001  8.763E-013
 6.090E+013  1.000E-008  6.236E+001 -8.763E-013
 6.110E+013  1.000E-008  6.236E+001  0.000E+000
 6.130E+013  1.000E-008  6.236E+001  0.000E+000
 6.150E+013  1.000E-008  6.236E+001  0.000E+000
 6.170E+013  1.000E-008  6.236E+001  8.763E-013
 6.190E+013  1.000E-008  6.236E+001 -8.763E-013
 6.210E+013  1.000E-008  6.236E+001  0.000E+000
 6.230E+013  1.000E-008  6.236E+001  0.000E+000
 6.250E+013  1.000E-008  6.236E+001  0.000E+000
 6.270E+013  1.000E-008  6.236E+001  0.000E+000
 6.290E+013  1.000E-008  6.236E+001  0.000E+000
 6.310E+013  1.000E-008  6.236E+001  0.000E+000
 6.330E+013  1.000E-008  6.236E+001  0.000E+000
 6.350E+013  1.000E-008  6.236E+001  8.763E-013
 6.370E+013  1.000E-008  6.236E+001 -8.763E-013
 6.390E+013  1.000E-008  6.236E+001  0.000E+000
 6.410E+013  1.000E-008  6.236E+001  0.000E+000
 6.430E+013  1.000E-008  6.236E+001  0.000E+000
 6.450E+013  1.000E-008  6.236E+001  0.000E+000
 6.470E+013  1.000E-008  6.236E+001  8.763E-013
 6.490E+013  1.000E-008  6.236E+001 -8.763E-013
 6.510E+013  1.000E-008  6.236E+001  0.000E+000
 6.530E+013  1.000E-008  6.236E+001  0.000E+000
 6.550E+013  1.000E-008  6.236E+001  0.000E+000
 6.570E+013  1.000E-008  6.236E+001  0.000E+000
 6.590E+013  1.000E-008  6.236E+001  8.763E-013
 6.610E+013  1.000E-008  6.236E+001 -8.763E-013
 6.630E+013  1.000E-008  6.236E+001  0.000E+000
 6.650E+013  1.000E-008  6.236E+001  0.000E+000
 6.670E+013  1.000E-008  6.236E+001  0.000E+000
 6.690E+013  1.000E-008  6.236E+001  8.763E-013
 6.710E+013  1.000E-008  6.236E+001 -8.763E-013
 6.730E+013  1.000E-008  6.236E+001  0.000E+000
 6.750E+013  1.000E-008  6.236E+001  0.000E+000
 6.770E+013  1.000E-008  6.236E+001  8.763E-013
 6.790E+013  1.000E-008  6.236E+001 -8.763E-013
 6.810E+013  1.000E-008  6.236E+001  8.763E-013
 6.830E+013  1.000E-008  6.236E+001 -9.298E-034
 6.850E+013  1.000E-008  6.236E+001 -8.763E-013
 6.870E+013  1.000E-008  6.236E+001  0.000E+000
 6.890E+013  1.000E-008  6.236E+001  0.000E+000
 6.910E+013  1.000E-008  6.236E+001  0.000E+000
 6.930E+013  1.000E-008  6.236E+001  8.763E-013
 6.950E+013  1.000E-008  6.236E+001 -8.763E-013
 6.970E+013  1.000E-008  6.236E+001  0.000E+000
 6.990E+013  1.000E-008  6.236E+001  0.000E+000
 7.010E+013  1.000E-008  6.236E+001  0.000E+000
 7.030E+013  1.000E-008  6.236E+001  0.000E+000
 7.050E+013  1.000E-008  6.236E+001  0.000E+000
 7.070E+013  1.000E-008  6.236E+001  0.000E+000
 7.090E+013  1.000E-008  6.236E+001  0.000E+000
 7.110E+013  1.000E-008  6.236E+001  0.000E+000
 7.130E+013  1.000E-008  6.236E+001  0.000E+000
 7.150E+013  1.000E-008  6.236E+001  0.000E+000
 7.170E+013  1.000E-008  6.236E+001  0.000E+000
 7.190E+013  1.000E-008  6.236E+001  8.763E-013
 7.210E+013  1.000E-008  6.236E+001 -8.763E-013
 7.230E+013  1.000E-008  6.236E+001  0.000E+000
 7.250E+013  1.000E-008  6.236E+001  0.000E+000
 7.270E+013  1.000E-008  6.236E+001  1.753E-012
 7.290E+013  1.000E-008  6.236E+001 -3.484E-033
 7.310E+013  1.000E-008  6.236E+001 -1.753E-012
 7.330E+013  1.000E-008  6.236E+001 -7.931E-031
 7.350E+013  1.000E-008  6.236E+001 -8.763E-013
 7.370E+013  1.000E-008  6.236E+001  8.763E-013
 7.390E+013  1.000E-008  6.236E+001  7.922E-031
 7.410E+013  1.000E-008  6.236E+001  2.190E-067
 7.430E+013  1.000E-008  6.236E+001  7.699E-141
 7.450E+013  1.000E-008  6.236E+001  4.482E-288
 7.470E+013  1.000E-008  6.236E+001  0.000E+000
 7.490E+013  1.000E-008  6.236E+001  0.000E+000
 7.510E+013  1.000E-008  6.236E+001  0.000E+000
 7.530E+013  1.000E-008  6.236E+001  0.000E+000
 7.550E+013  1.000E-008  6.236E+001  0.000E+000
 7.570E+013  1.000E-008  6.236E+001  0.000E+000
 7.590E+013  1.000E-008  6.236E+001  0.000E+000
 7.610E+013  1.000E-008  6.236E+001  0.000E+000
 7.630E+013  1.000E-008  6.236E+001  0.000E+000
 7.650E+013  1.000E-008  6.236E+001  0.000E+000
 7.670E+013  1.000E-008  6.236E+001  1.753E-012
 7.690E+013  1.000E-008  6.236E+001 -1.753E-012
 7.710E+013  1.000E-008  6.236E+001  2.629E-012
 7.730E+013  1.000E-008  6.236E+001 -2.629E-012
 7.750E+013  1.000E-008  6.236E+001  1.878E-031
 7.770E+013  1.000E-008  6.236E+001  1.753E-012
 7.790E+013  1.000E-008  6.236E+001 -5.258E-012
 7.810E+013  1.000E-008  6.236E+001  5.258E-012
 7.830E+013  1.000E-008  6.236E+001 -1.753E-012
 7.850E+013  1.000E-008  6.236E+001 -1.547E-067
 7.870E+013  1.000E-008  6.236E+001 -6.659E-031
 7.890E+013  1.000E-008  6.236E+001 -8.763E-013
 7.910E+013  1.000E-008  6.236E+001 -4.381E-012
 7.930E+013  1.000E-008  6.236E+001  2.629E-012
 7.950E+013  1.000E-008  6.236E+001  2.629E-012
 7.970E+013  1.000E-008  6.236E+001 -3.505E-012
 7.990E+013  1.000E-008  6.236E+001  3.505E-012
 8.010E+013  1.000E-008  6.236E+001  1.267E-029
 8.030E+013  1.000E-008  6.236E+001  5.605E-065
 8.050E+013  1.000E-008  6.236E+001  5.044E-136
 8.070E+013  1.000E-008  6.236E+001 -2.051E-271
 8.090E+013  1.000E-008  6.236E+001 -1.647E-132
 8.110E+013  1.000E-008  6.236E+001 -3.204E-063
 8.130E+013  1.000E-008  6.236E+001 -9.584E-029
 8.150E+013  1.000E-008  6.236E+001 -9.636E-012
 8.170E+013  1.000E-008  6.236E+001  1.226E-011
 8.190E+013  1.000E-008  6.236E+001 -2.629E-012
 8.210E+013  1.000E-008  6.236E+001  0.000E+000
 8.230E+013  1.000E-008  6.236E+001  0.000E+000
 8.250E+013  1.000E-008  6.236E+001  0.000E+000
 8.270E+013  1.000E-008  6.236E+001  0.000E+000
 8.290E+013  1.000E-008  6.236E+001  3.505E-012
 8.310E+013  1.000E-008  6.236E+001 -3.505E-012
 8.330E+013  1.000E-008  6.236E+001 -7.699E-031
 8.350E+013  1.000E-008  6.236E+001  5.258E-012
 8.370E+013  1.000E-008  6.236E+001 -4.381E-012
 8.390E+013  1.000E-008  6.236E+001 -7.930E-031
 8.410E+013  1.000E-008  6.236E+001 -8.763E-013
 8.430E+013  1.000E-008  6.236E+001  8.763E-013
 8.450E+013  1.000E-008  6.236E+001 -7.513E-034
 8.470E+013  1.000E-008  6.236E+001 -8.763E-013
 8.490E+013  1.000E-008  6.236E+001 -3.739E-034
 8.510E+013  1.000E-008  6.236E+001  8.763E-013
 8.530E+013  1.000E-008  6.236E+001 -7.443E-034
 8.550E+013  1.000E-008  6.236E+001 -8.763E-013
 8.570E+013  1.000E-008  6.236E+001 -3.704E-034
 8.590E+013  1.000E-008  6.236E+001  8.763E-013
 8.610E+013  1.000E-008  6.236E+001 -8.763E-013
 8.630E+013  1.000E-008  6.236E+001  0.000E+000
 8.650E+013  1.000E-008  6.236E+001  0.000E+000
 8.670E+013  1.000E-008  6.236E+001  0.000E+000
 8.690E+013  1.000E-008  6.236E+001  0.000E+000
 8.710E+013  1.000E-008  6.236E+001  0.000E+000
 8.730E+013  1.000E-008  6.236E+001  0.000E+000
 8.750E+013  1.000E-008  6.236E+001  8.763E-013
 8.770E+013  1.000E-008  6.236E+001 -8.763E-013
 8.790E+013  1.000E-008  6.236E+001 -3.611E-034
 8.810E+013  1.000E-008  6.236E+001  8.763E-013
 8.830E+013  1.000E-008  6.236E+001 -8.763E-013
 8.850E+013  1.000E-008  6.236E+001  8.763E-013
 8.870E+013  1.000E-008  6.236E+001  8.763E-013
 8.890E+013  1.000E-008  6.236E+001 -1.753E-012
 8.910E+013  1.000E-008  6.236E+001  0.000E+000
 8.930E+013  1.000E-008  6.236E+001  0.000E+000
 8.950E+013  1.000E-008  6.236E+001  0.000E+000
 8.970E+013  1.000E-008  6.236E+001  0.000E+000
 8.990E+013  1.000E-008  6.236E+001  0.000E+000
 9.010E+013  1.000E-008  6.236E+001  8.763E-013
 9.030E+013  1.000E-008  6.236E+001 -7.030E-034
 9.050E+013  1.000E-008  6.236E+001 -8.763E-013
 9.070E+013  1.000E-008  6.236E+001  8.763E-013
 9.090E+013  1.000E-008  6.236E+001 -6.984E-034
 9.110E+013  1.000E-008  6.236E+001 -8.763E-013
 9.130E+013  1.000E-008  6.236E+001  0.000E+000
 9.150E+013  1.000E-008  6.236E+001  0.000E+000
 9.170E+013  1.000E-008  6.236E+001  0.000E+000
 9.190E+013  1.000E-008  6.236E+001  0.000E+000
 9.210E+013  1.000E-008  6.236E+001  0.000E+000
 9.230E+013  1.000E-008  6.236E+001  8.763E-013
 9.250E+013  1.000E-008  6.236E+001 -6.863E-034
 9.270E+013  1.000E-008  6.236E+001 -8.763E-013
 9.290E+013  1.000E-008  6.236E+001  0.000E+000
 9.310E+013  1.000E-008  6.236E+001  0.000E+000
 9.330E+013  1.000E-008  6.236E+001  0.000E+000
 9.350E+013  1.000E-008  6.236E+001  0.000E+000
 9.370E+013  1.000E-008  6.236E+001  8.763E-013
 9.390E+013  1.000E-008  6.236E+001 -8.763E-013
 9.410E+013  1.000E-008  6.236E+001  8.763E-013
 9.430E+013  1.000E-008  6.236E+001 -8.763E-013
 9.450E+013  1.000E-008  6.236E+001  0.000E+000
 9.470E+013  1.000E-008  6.236E+001  0.000E+000
 9.490E+013  1.000E-008  6.236E+001  0.000E+000
 9.510E+013  1.000E-008  6.236E+001  0.000E+000
 9.530E+013  1.000E-008  6.236E+001  8.763E-013
 9.550E+013  1.000E-008  6.236E+001 -8.763E-013
 9.570E+013  1.000E-008  6.236E+001 -2.194E-067
 9.590E+013  1.000E-008  6.236E+001 -7.930E-031
 9.610E+013  1.000E-008  6.236E+001 -8.763E-013
 9.630E+013  1.000E-008  6.236E+001  8.763E-013
 9.650E+013  1.000E-008  6.236E+001  7.923E-031
 9.670E+013  1.000E-008  6.236E+001  8.763E-013
 9.690E+013  1.000E-008  6.236E+001 -8.763E-013
 9.710E+013  1.000E-008  6.236E+001  0.000E+000
 9.730E+013  1.000E-008  6.236E+001  0.000E+000
 9.750E+013  1.000E-008  6.236E+001  0.000E+000
 9.770E+013  1.000E-008  6.236E+001  0.000E+000
 9.790E+013  1.000E-008  6.236E+001  0.000E+000
 9.810E+013  1.000E-008  6.236E+001  0.000E+000
 9.830E+013  1.000E-008  6.236E+001  0.000E+000
 9.850E+013  1.000E-008  6.236E+001  0.000E+000
 9.870E+013  1.000E-008  6.236E+001  0.000E+000
 9.890E+013  1.000E-008  6.236E+001  0.000E+000
 9.910E+013  1.000E-008  6.236E+001  0.000E+000
 9.930E+013  1.000E-008  6.236E+001  0.000E+000
 9.950E+013  1.000E-008  6.236E+001  8.763E-013
 9.970E+013  1.000E-008  6.236E+001 -8.763E-013
 9.990E+013  1.000E-008  6.236E+001  0.000E+000
 1.001E+014  1.000E-099  1.000E-099  0.000E+000
 1.003E+014  1.000E-099  1.000E-099  0.000E+000
 7.822E-003
