 1.805E+005
     x1b        dens       energ       v1
 1.000E+011  8.939E-011  1.357E+006  0.000E+000
 3.000E+011  9.070E-011  1.350E+006 -1.692E+005
 5.000E+011  9.467E-011  1.353E+006  6.801E+005
 7.000E+011  9.963E-011  1.352E+006  7.557E+005
 9.000E+011  1.044E-010  1.353E+006  1.103E+006
 1.100E+012  1.082E-010  1.352E+006  1.339E+006
 1.300E+012  1.097E-010  1.353E+006  1.605E+006
 1.500E+012  1.098E-010  1.353E+006  1.877E+006
 1.700E+012  1.096E-010  1.354E+006  2.149E+006
 1.900E+012  1.091E-010  1.354E+006  2.412E+006
 2.100E+012  1.089E-010  1.354E+006  2.682E+006
 2.300E+012  1.090E-010  1.355E+006  2.956E+006
 2.500E+012  1.093E-010  1.355E+006  3.229E+006
 2.700E+012  1.104E-010  1.355E+006  3.493E+006
 2.900E+012  1.126E-010  1.356E+006  3.755E+006
 3.100E+012  1.166E-010  1.357E+006  4.029E+006
 3.300E+012  1.232E-010  1.357E+006  4.307E+006
 3.500E+012  1.332E-010  1.358E+006  4.574E+006
 3.700E+012  1.482E-010  1.359E+006  4.846E+006
 3.900E+012  1.703E-010  1.360E+006  5.128E+006
 4.100E+012  2.024E-010  1.361E+006  5.402E+006
 4.300E+012  2.484E-010  1.363E+006  5.682E+006
 4.500E+012  3.133E-010  1.365E+006  5.969E+006
 4.700E+012  4.023E-010  1.368E+006  6.252E+006
 4.900E+012  5.196E-010  1.372E+006  6.533E+006
 5.100E+012  6.671E-010  1.378E+006  6.809E+006
 5.300E+012  8.429E-010  1.385E+006  7.081E+006
 5.500E+012  1.043E-009  1.394E+006  7.350E+006
 5.700E+012  1.262E-009  1.405E+006  7.619E+006
 5.900E+012  1.499E-009  1.419E+006  7.891E+006
 6.100E+012  1.754E-009  1.436E+006  8.166E+006
 6.300E+012  2.032E-009  1.457E+006  8.446E+006
 6.500E+012  2.343E-009  1.481E+006  8.732E+006
 6.700E+012  2.699E-009  1.511E+006  9.031E+006
 6.900E+012  3.117E-009  1.548E+006  9.350E+006
 7.100E+012  3.613E-009  1.590E+006  9.681E+006
 7.300E+012  4.209E-009  1.640E+006  1.001E+007
 7.500E+012  4.925E-009  1.698E+006  1.034E+007
 7.700E+012  5.788E-009  1.769E+006  1.068E+007
 7.900E+012  6.825E-009  1.856E+006  1.104E+007
 8.100E+012  8.049E-009  1.956E+006  1.141E+007
 8.300E+012  9.524E-009  2.081E+006  1.176E+007
 8.500E+012  1.143E-008  2.271E+006  1.224E+007
 8.700E+012  1.376E-008  2.489E+006  1.282E+007
 8.900E+012  1.656E-008  2.711E+006  1.323E+007
 9.100E+012  2.121E-008  3.253E+006  1.384E+007
 9.300E+012  2.717E-008  3.917E+006  1.520E+007
 9.500E+012  2.805E-008  3.334E+006  1.524E+007
 9.700E+012  2.205E-008  1.512E+006  1.313E+007
 9.900E+012  1.374E-008  2.216E+005  8.361E+006
 1.010E+013  1.058E-008  3.699E+003  2.758E+006
 1.030E+013  1.002E-008  6.273E+001  1.564E+005
 1.050E+013  1.000E-008  6.236E+001  1.708E+002
 1.070E+013  1.000E-008  6.236E+001  7.472E-005
 1.090E+013  1.000E-008  6.236E+001  3.112E-012
 1.110E+013  1.000E-008  6.236E+001  7.638E-032
 1.130E+013  1.000E-008  6.236E+001  6.412E-013
 1.150E+013  1.000E-008  6.236E+001 -6.412E-013
 1.170E+013  1.000E-008  6.236E+001  0.000E+000
 1.190E+013  1.000E-008  6.236E+001  0.000E+000
 1.210E+013  1.000E-008  6.236E+001  6.412E-013
 1.230E+013  1.000E-008  6.236E+001 -2.038E-033
 1.250E+013  1.000E-008  6.236E+001 -6.412E-013
 1.270E+013  1.000E-008  6.236E+001  0.000E+000
 1.290E+013  1.000E-008  6.236E+001  0.000E+000
 1.310E+013  1.000E-008  6.236E+001  0.000E+000
 1.330E+013  1.000E-008  6.236E+001  0.000E+000
 1.350E+013  1.000E-008  6.236E+001  0.000E+000
 1.370E+013  1.000E-008  6.236E+001  0.000E+000
 1.390E+013  1.000E-008  6.236E+001  2.565E-012
 1.410E+013  1.000E-008  6.236E+001 -2.565E-012
 1.430E+013  1.000E-008  6.236E+001 -9.604E-012
 1.450E+013  1.000E-008  6.236E+001  9.604E-012
 1.470E+013  1.000E-008  6.236E+001  1.923E-012
 1.490E+013  1.000E-008  6.236E+001 -1.923E-012
 1.510E+013  1.000E-008  6.236E+001  0.000E+000
 1.530E+013  1.000E-008  6.236E+001  0.000E+000
 1.550E+013  1.000E-008  6.236E+001  0.000E+000
 1.570E+013  1.000E-008  6.236E+001  0.000E+000
 1.590E+013  1.000E-008  6.236E+001  6.412E-013
 1.610E+013  1.000E-008  6.236E+001 -1.554E-033
 1.630E+013  1.000E-008  6.236E+001 -6.412E-013
 1.650E+013  1.000E-008  6.236E+001 -6.412E-013
 1.670E+013  1.000E-008  6.236E+001  6.412E-013
 1.690E+013  1.000E-008  6.236E+001  3.100E-031
 1.710E+013  1.000E-008  6.236E+001  2.448E-068
 1.730E+013  1.000E-008  6.236E+001  6.994E-143
 1.750E+013  1.000E-008  6.236E+001  2.671E-292
 1.770E+013  1.000E-008  6.236E+001  0.000E+000
 1.790E+013  1.000E-008  6.236E+001  0.000E+000
 1.810E+013  1.000E-008  6.236E+001  0.000E+000
 1.830E+013  1.000E-008  6.236E+001  6.412E-013
 1.850E+013  1.000E-008  6.236E+001 -6.412E-013
 1.870E+013  1.000E-008  6.236E+001  2.565E-012
 1.890E+013  1.000E-008  6.236E+001 -3.847E-012
 1.910E+013  1.000E-008  6.236E+001  2.565E-012
 1.930E+013  1.000E-008  6.236E+001 -1.282E-012
 1.950E+013  1.000E-008  6.236E+001  0.000E+000
 1.970E+013  1.000E-008  6.236E+001  0.000E+000
 1.990E+013  1.000E-008  6.236E+001  0.000E+000
 2.010E+013  1.000E-008  6.236E+001  0.000E+000
 2.030E+013  1.000E-008  6.236E+001  0.000E+000
 2.050E+013  1.000E-008  6.236E+001  0.000E+000
 2.070E+013  1.000E-008  6.236E+001  0.000E+000
 2.090E+013  1.000E-008  6.236E+001  6.412E-013
 2.110E+013  1.000E-008  6.236E+001 -1.184E-033
 2.130E+013  1.000E-008  6.236E+001 -6.412E-013
 2.150E+013  1.000E-008  6.236E+001  0.000E+000
 2.170E+013  1.000E-008  6.236E+001  0.000E+000
 2.190E+013  1.000E-008  6.236E+001  0.000E+000
 2.210E+013  1.000E-008  6.236E+001  0.000E+000
 2.230E+013  1.000E-008  6.236E+001  0.000E+000
 2.250E+013  1.000E-008  6.236E+001  0.000E+000
 2.270E+013  1.000E-008  6.236E+001  6.412E-013
 2.290E+013  1.000E-008  6.236E+001 -1.090E-033
 2.310E+013  1.000E-008  6.236E+001 -6.412E-013
 2.330E+013  1.000E-008  6.236E+001  0.000E+000
 2.350E+013  1.000E-008  6.236E+001  0.000E+000
 2.370E+013  1.000E-008  6.236E+001  6.412E-013
 2.390E+013  1.000E-008  6.236E+001 -6.412E-013
 2.410E+013  1.000E-008  6.236E+001  0.000E+000
 2.430E+013  1.000E-008  6.236E+001  0.000E+000
 2.450E+013  1.000E-008  6.236E+001  0.000E+000
 2.470E+013  1.000E-008  6.236E+001  6.412E-013
 2.490E+013  1.000E-008  6.236E+001 -6.412E-013
 2.510E+013  1.000E-008  6.236E+001  6.412E-013
 2.530E+013  1.000E-008  6.236E+001 -6.412E-013
 2.550E+013  1.000E-008  6.236E+001 -1.805E-287
 2.570E+013  1.000E-008  6.236E+001 -1.819E-140
 2.590E+013  1.000E-008  6.236E+001 -3.947E-067
 2.610E+013  1.000E-008  6.236E+001 -1.245E-030
 2.630E+013  1.000E-008  6.236E+001 -1.282E-012
 2.650E+013  1.000E-008  6.236E+001  1.282E-012
 2.670E+013  1.000E-008  6.236E+001  1.241E-030
 2.690E+013  1.000E-008  6.236E+001  3.923E-067
 2.710E+013  1.000E-008  6.236E+001  6.412E-013
 2.730E+013  1.000E-008  6.236E+001 -6.412E-013
 2.750E+013  1.000E-008  6.236E+001  1.923E-012
 2.770E+013  1.000E-008  6.236E+001 -1.923E-012
 2.790E+013  1.000E-008  6.236E+001  0.000E+000
 2.810E+013  1.000E-008  6.236E+001  0.000E+000
 2.830E+013  1.000E-008  6.236E+001  3.206E-012
 2.850E+013  1.000E-008  6.236E+001 -6.411E-013
 2.870E+013  1.000E-008  6.236E+001 -2.565E-012
 2.890E+013  1.000E-008  6.236E+001 -4.865E-031
 2.910E+013  1.000E-008  6.236E+001  4.488E-012
 2.930E+013  1.000E-008  6.236E+001 -4.488E-012
 2.950E+013  1.000E-008  6.236E+001  0.000E+000
 2.970E+013  1.000E-008  6.236E+001  0.000E+000
 2.990E+013  1.000E-008  6.236E+001  0.000E+000
 3.010E+013  1.000E-008  6.236E+001  6.412E-013
 3.030E+013  1.000E-008  6.236E+001 -6.412E-013
 3.050E+013  1.000E-008  6.236E+001  6.412E-013
 3.070E+013  1.000E-008  6.236E+001 -6.412E-013
 3.090E+013  1.000E-008  6.236E+001  6.412E-013
 3.110E+013  1.000E-008  6.236E+001  6.412E-013
 3.130E+013  1.000E-008  6.236E+001 -1.282E-012
 3.150E+013  1.000E-008  6.236E+001  0.000E+000
 3.170E+013  1.000E-008  6.236E+001  0.000E+000
 3.190E+013  1.000E-008  6.236E+001  0.000E+000
 3.210E+013  1.000E-008  6.236E+001  0.000E+000
 3.230E+013  1.000E-008  6.236E+001  0.000E+000
 3.250E+013  1.000E-008  6.236E+001  0.000E+000
 3.270E+013  1.000E-008  6.236E+001 -2.748E-292
 3.290E+013  1.000E-008  6.236E+001 -7.095E-143
 3.310E+013  1.000E-008  6.236E+001 -2.465E-068
 3.330E+013  1.000E-008  6.236E+001 -3.111E-031
 3.350E+013  1.000E-008  6.236E+001 -6.412E-013
 3.370E+013  1.000E-008  6.236E+001  6.412E-013
 3.390E+013  1.000E-008  6.236E+001  3.104E-031
 3.410E+013  1.000E-008  6.236E+001  2.453E-068
 3.430E+013  1.000E-008  6.236E+001  7.028E-143
 3.450E+013  1.000E-008  6.236E+001  1.282E-012
 3.470E+013  1.000E-008  6.236E+001 -1.282E-012
 3.490E+013  1.000E-008  6.236E+001  0.000E+000
 3.510E+013  1.000E-008  6.236E+001  0.000E+000
 3.530E+013  1.000E-008  6.236E+001  0.000E+000
 3.550E+013  1.000E-008  6.236E+001  0.000E+000
 3.570E+013  1.000E-008  6.236E+001  1.282E-012
 3.590E+013  1.000E-008  6.236E+001 -6.412E-013
 3.610E+013  1.000E-008  6.236E+001 -3.111E-031
 3.630E+013  1.000E-008  6.236E+001 -6.412E-013
 3.650E+013  1.000E-008  6.236E+001 -6.412E-013
 3.670E+013  1.000E-008  6.236E+001  6.412E-013
 3.690E+013  1.000E-008  6.236E+001  6.412E-013
 3.710E+013  1.000E-008  6.236E+001 -6.412E-013
 3.730E+013  1.000E-008  6.236E+001 -3.342E-034
 3.750E+013  1.000E-008  6.236E+001  6.412E-013
 3.770E+013  1.000E-008  6.236E+001 -6.412E-013
 3.790E+013  1.000E-008  6.236E+001  0.000E+000
 3.810E+013  1.000E-008  6.236E+001  0.000E+000
 3.830E+013  1.000E-008  6.236E+001  6.412E-013
 3.850E+013  1.000E-008  6.236E+001 -6.412E-013
 3.870E+013  1.000E-008  6.236E+001 -3.111E-031
 3.890E+013  1.000E-008  6.236E+001 -6.412E-013
 3.910E+013  1.000E-008  6.236E+001 -9.418E-032
 3.930E+013  1.000E-008  6.236E+001  1.923E-012
 3.950E+013  1.000E-008  6.236E+001 -6.412E-013
 3.970E+013  1.000E-008  6.236E+001  1.923E-012
 3.990E+013  1.000E-008  6.236E+001 -2.565E-012
 4.010E+013  1.000E-008  6.236E+001  0.000E+000
 4.030E+013  1.000E-008  6.236E+001  0.000E+000
 4.050E+013  1.000E-008  6.236E+001  0.000E+000
 4.070E+013  1.000E-008  6.236E+001  0.000E+000
 4.090E+013  1.000E-008  6.236E+001  2.348E-011
 4.110E+013  1.000E-008  6.236E+001 -2.348E-011
 4.130E+013  1.000E-008  6.236E+001  1.659E-011
 4.150E+013  1.000E-008  6.236E+001 -1.659E-011
 4.170E+013  1.000E-008  6.236E+001  5.769E-012
 4.190E+013  1.000E-008  6.236E+001 -5.128E-012
 4.210E+013  1.000E-008  6.236E+001 -3.111E-031
 4.230E+013  1.000E-008  6.236E+001 -6.412E-013
 4.250E+013  1.000E-008  6.236E+001  0.000E+000
 4.270E+013  1.000E-008  6.236E+001  0.000E+000
 4.290E+013  1.000E-008  6.236E+001  0.000E+000
 4.310E+013  1.000E-008  6.236E+001  0.000E+000
 4.330E+013  1.000E-008  6.236E+001  0.000E+000
 4.350E+013  1.000E-008  6.236E+001  0.000E+000
 4.370E+013  1.000E-008  6.236E+001  0.000E+000
 4.390E+013  1.000E-008  6.236E+001  0.000E+000
 4.410E+013  1.000E-008  6.236E+001  0.000E+000
 4.430E+013  1.000E-008  6.236E+001  0.000E+000
 4.450E+013  1.000E-008  6.236E+001  0.000E+000
 4.470E+013  1.000E-008  6.236E+001  6.412E-013
 4.490E+013  1.000E-008  6.236E+001 -5.549E-034
 4.510E+013  1.000E-008  6.236E+001 -6.412E-013
 4.530E+013  1.000E-008  6.236E+001 -2.741E-292
 4.550E+013  1.000E-008  6.236E+001 -7.086E-143
 4.570E+013  1.000E-008  6.236E+001 -2.463E-068
 4.590E+013  1.000E-008  6.236E+001 -3.110E-031
 4.610E+013  1.000E-008  6.236E+001 -6.412E-013
 4.630E+013  1.000E-008  6.236E+001  6.412E-013
 4.650E+013  1.000E-008  6.236E+001  6.412E-013
 4.670E+013  1.000E-008  6.236E+001 -6.412E-013
 4.690E+013  1.000E-008  6.236E+001  6.412E-013
 4.710E+013  1.000E-008  6.236E+001 -6.412E-013
 4.730E+013  1.000E-008  6.236E+001  0.000E+000
 4.750E+013  1.000E-008  6.236E+001  0.000E+000
 4.770E+013  1.000E-008  6.236E+001  0.000E+000
 4.790E+013  1.000E-008  6.236E+001  6.412E-013
 4.810E+013  1.000E-008  6.236E+001 -6.412E-013
 4.830E+013  1.000E-008  6.236E+001 -2.579E-034
 4.850E+013  1.000E-008  6.236E+001  6.412E-013
 4.870E+013  1.000E-008  6.236E+001 -6.412E-013
 4.890E+013  1.000E-008  6.236E+001  0.000E+000
 4.910E+013  1.000E-008  6.236E+001  0.000E+000
 4.930E+013  1.000E-008  6.236E+001  0.000E+000
 4.950E+013  1.000E-008  6.236E+001  0.000E+000
 4.970E+013  1.000E-008  6.236E+001  0.000E+000
 4.990E+013  1.000E-008  6.236E+001  1.282E-012
 5.010E+013  1.000E-008  6.236E+001 -1.923E-012
 5.030E+013  1.000E-008  6.236E+001  6.412E-013
 5.050E+013  1.000E-008  6.236E+001  3.105E-031
 5.070E+013  1.000E-008  6.236E+001  2.455E-068
 5.090E+013  1.000E-008  6.236E+001  7.039E-143
 5.110E+013  1.000E-008  6.236E+001  6.412E-013
 5.130E+013  1.000E-008  6.236E+001 -6.412E-013
 5.150E+013  1.000E-008  6.236E+001  0.000E+000
 5.170E+013  1.000E-008  6.236E+001  0.000E+000
 5.190E+013  1.000E-008  6.236E+001 -2.739E-292
 5.210E+013  1.000E-008  6.236E+001 -7.083E-143
 5.230E+013  1.000E-008  6.236E+001 -2.463E-068
 5.250E+013  1.000E-008  6.236E+001 -3.110E-031
 5.270E+013  1.000E-008  6.236E+001 -6.412E-013
 5.290E+013  1.000E-008  6.236E+001  6.412E-013
 5.310E+013  1.000E-008  6.236E+001  3.105E-031
 5.330E+013  1.000E-008  6.236E+001  2.455E-068
 5.350E+013  1.000E-008  6.236E+001  1.282E-012
 5.370E+013  1.000E-008  6.236E+001 -1.282E-012
 5.390E+013  1.000E-008  6.236E+001  4.097E-032
 5.410E+013  1.000E-008  6.236E+001  6.412E-013
 5.430E+013  1.000E-008  6.236E+001  6.412E-013
 5.450E+013  1.000E-008  6.236E+001  6.411E-013
 5.470E+013  1.000E-008  6.236E+001 -1.923E-012
 5.490E+013  1.000E-008  6.236E+001 -3.110E-031
 5.510E+013  1.000E-008  6.236E+001 -6.412E-013
 5.530E+013  1.000E-008  6.236E+001  1.282E-012
 5.550E+013  1.000E-008  6.236E+001 -2.565E-012
 5.570E+013  1.000E-008  6.236E+001  1.282E-012
 5.590E+013  1.000E-008  6.236E+001  6.412E-013
 5.610E+013  1.000E-008  6.236E+001 -6.412E-013
 5.630E+013  1.000E-008  6.236E+001  6.412E-013
 5.650E+013  1.000E-008  6.236E+001 -3.847E-012
 5.670E+013  1.000E-008  6.236E+001  3.847E-012
 5.690E+013  1.000E-008  6.236E+001  3.847E-012
 5.710E+013  1.000E-008  6.236E+001 -3.847E-012
 5.730E+013  1.000E-008  6.236E+001  4.488E-012
 5.750E+013  1.000E-008  6.236E+001 -9.616E-012
 5.770E+013  1.000E-008  6.236E+001 -6.405E-013
 5.790E+013  1.000E-008  6.236E+001  5.769E-012
 5.810E+013  1.000E-008  6.236E+001  3.027E-011
 5.830E+013  1.000E-008  6.236E+001 -3.027E-011
 5.850E+013  1.000E-008  6.236E+001  0.000E+000
 5.870E+013  1.000E-008  6.236E+001  0.000E+000
 5.890E+013  1.000E-008  6.236E+001  0.000E+000
 5.910E+013  1.000E-008  6.236E+001  0.000E+000
 5.930E+013  1.000E-008  6.236E+001  0.000E+000
 5.950E+013  1.000E-008  6.236E+001  0.000E+000
 5.970E+013  1.000E-008  6.236E+001  0.000E+000
 5.990E+013  1.000E-008  6.236E+001  0.000E+000
 6.010E+013  1.000E-008  6.236E+001  0.000E+000
 6.030E+013  1.000E-008  6.236E+001  6.412E-013
 6.050E+013  1.000E-008  6.236E+001 -6.412E-013
 6.070E+013  1.000E-008  6.236E+001  6.412E-013
 6.090E+013  1.000E-008  6.236E+001 -6.412E-013
 6.110E+013  1.000E-008  6.236E+001  0.000E+000
 6.130E+013  1.000E-008  6.236E+001  0.000E+000
 6.150E+013  1.000E-008  6.236E+001  0.000E+000
 6.170E+013  1.000E-008  6.236E+001  6.412E-013
 6.190E+013  1.000E-008  6.236E+001 -6.412E-013
 6.210E+013  1.000E-008  6.236E+001  0.000E+000
 6.230E+013  1.000E-008  6.236E+001  0.000E+000
 6.250E+013  1.000E-008  6.236E+001  0.000E+000
 6.270E+013  1.000E-008  6.236E+001  0.000E+000
 6.290E+013  1.000E-008  6.236E+001  0.000E+000
 6.310E+013  1.000E-008  6.236E+001  0.000E+000
 6.330E+013  1.000E-008  6.236E+001  0.000E+000
 6.350E+013  1.000E-008  6.236E+001  6.412E-013
 6.370E+013  1.000E-008  6.236E+001 -6.412E-013
 6.390E+013  1.000E-008  6.236E+001  0.000E+000
 6.410E+013  1.000E-008  6.236E+001  0.000E+000
 6.430E+013  1.000E-008  6.236E+001  0.000E+000
 6.450E+013  1.000E-008  6.236E+001  0.000E+000
 6.470E+013  1.000E-008  6.236E+001  6.412E-013
 6.490E+013  1.000E-008  6.236E+001 -6.412E-013
 6.510E+013  1.000E-008  6.236E+001  0.000E+000
 6.530E+013  1.000E-008  6.236E+001  0.000E+000
 6.550E+013  1.000E-008  6.236E+001  0.000E+000
 6.570E+013  1.000E-008  6.236E+001  0.000E+000
 6.590E+013  1.000E-008  6.236E+001  6.412E-013
 6.610E+013  1.000E-008  6.236E+001 -6.412E-013
 6.630E+013  1.000E-008  6.236E+001  0.000E+000
 6.650E+013  1.000E-008  6.236E+001  0.000E+000
 6.670E+013  1.000E-008  6.236E+001  0.000E+000
 6.690E+013  1.000E-008  6.236E+001  6.412E-013
 6.710E+013  1.000E-008  6.236E+001 -6.412E-013
 6.730E+013  1.000E-008  6.236E+001  0.000E+000
 6.750E+013  1.000E-008  6.236E+001  0.000E+000
 6.770E+013  1.000E-008  6.236E+001  6.412E-013
 6.790E+013  1.000E-008  6.236E+001 -6.412E-013
 6.810E+013  1.000E-008  6.236E+001  6.412E-013
 6.830E+013  1.000E-008  6.236E+001 -3.645E-034
 6.850E+013  1.000E-008  6.236E+001 -6.412E-013
 6.870E+013  1.000E-008  6.236E+001  0.000E+000
 6.890E+013  1.000E-008  6.236E+001  0.000E+000
 6.910E+013  1.000E-008  6.236E+001  0.000E+000
 6.930E+013  1.000E-008  6.236E+001  6.412E-013
 6.950E+013  1.000E-008  6.236E+001 -6.412E-013
 6.970E+013  1.000E-008  6.236E+001  0.000E+000
 6.990E+013  1.000E-008  6.236E+001  0.000E+000
 7.010E+013  1.000E-008  6.236E+001  0.000E+000
 7.030E+013  1.000E-008  6.236E+001  0.000E+000
 7.050E+013  1.000E-008  6.236E+001  0.000E+000
 7.070E+013  1.000E-008  6.236E+001  0.000E+000
 7.090E+013  1.000E-008  6.236E+001  0.000E+000
 7.110E+013  1.000E-008  6.236E+001  0.000E+000
 7.130E+013  1.000E-008  6.236E+001  0.000E+000
 7.150E+013  1.000E-008  6.236E+001  0.000E+000
 7.170E+013  1.000E-008  6.236E+001  0.000E+000
 7.190E+013  1.000E-008  6.236E+001  6.412E-013
 7.210E+013  1.000E-008  6.236E+001 -6.412E-013
 7.230E+013  1.000E-008  6.236E+001  0.000E+000
 7.250E+013  1.000E-008  6.236E+001  0.000E+000
 7.270E+013  1.000E-008  6.236E+001  1.282E-012
 7.290E+013  1.000E-008  6.236E+001 -1.366E-033
 7.310E+013  1.000E-008  6.236E+001 -1.282E-012
 7.330E+013  1.000E-008  6.236E+001 -3.109E-031
 7.350E+013  1.000E-008  6.236E+001 -6.412E-013
 7.370E+013  1.000E-008  6.236E+001  6.412E-013
 7.390E+013  1.000E-008  6.236E+001  3.106E-031
 7.410E+013  1.000E-008  6.236E+001  2.457E-068
 7.430E+013  1.000E-008  6.236E+001  7.046E-143
 7.450E+013  1.000E-008  6.236E+001  2.710E-292
 7.470E+013  1.000E-008  6.236E+001  0.000E+000
 7.490E+013  1.000E-008  6.236E+001  0.000E+000
 7.510E+013  1.000E-008  6.236E+001  0.000E+000
 7.530E+013  1.000E-008  6.236E+001  0.000E+000
 7.550E+013  1.000E-008  6.236E+001  0.000E+000
 7.570E+013  1.000E-008  6.236E+001  0.000E+000
 7.590E+013  1.000E-008  6.236E+001  0.000E+000
 7.610E+013  1.000E-008  6.236E+001  0.000E+000
 7.630E+013  1.000E-008  6.236E+001  0.000E+000
 7.650E+013  1.000E-008  6.236E+001  0.000E+000
 7.670E+013  1.000E-008  6.236E+001  1.282E-012
 7.690E+013  1.000E-008  6.236E+001 -1.282E-012
 7.710E+013  1.000E-008  6.236E+001  1.923E-012
 7.730E+013  1.000E-008  6.236E+001 -1.923E-012
 7.750E+013  1.000E-008  6.236E+001  7.361E-032
 7.770E+013  1.000E-008  6.236E+001  1.282E-012
 7.790E+013  1.000E-008  6.236E+001 -3.847E-012
 7.810E+013  1.000E-008  6.236E+001  3.847E-012
 7.830E+013  1.000E-008  6.236E+001 -1.282E-012
 7.850E+013  1.000E-008  6.236E+001 -1.736E-068
 7.870E+013  1.000E-008  6.236E+001 -2.611E-031
 7.890E+013  1.000E-008  6.236E+001 -6.412E-013
 7.910E+013  1.000E-008  6.236E+001 -3.205E-012
 7.930E+013  1.000E-008  6.236E+001  1.923E-012
 7.950E+013  1.000E-008  6.236E+001  1.923E-012
 7.970E+013  1.000E-008  6.236E+001 -2.565E-012
 7.990E+013  1.000E-008  6.236E+001  2.565E-012
 8.010E+013  1.000E-008  6.236E+001  4.969E-030
 8.030E+013  1.000E-008  6.236E+001  6.287E-066
 8.050E+013  1.000E-008  6.236E+001  4.615E-138
 8.070E+013  1.000E-008  6.236E+001 -1.235E-275
 8.090E+013  1.000E-008  6.236E+001 -1.504E-134
 8.110E+013  1.000E-008  6.236E+001 -3.590E-064
 8.130E+013  1.000E-008  6.236E+001 -3.756E-029
 8.150E+013  1.000E-008  6.236E+001 -7.049E-012
 8.170E+013  1.000E-008  6.236E+001  8.972E-012
 8.190E+013  1.000E-008  6.236E+001 -1.923E-012
 8.210E+013  1.000E-008  6.236E+001  0.000E+000
 8.230E+013  1.000E-008  6.236E+001  0.000E+000
 8.250E+013  1.000E-008  6.236E+001  0.000E+000
 8.270E+013  1.000E-008  6.236E+001  0.000E+000
 8.290E+013  1.000E-008  6.236E+001  2.565E-012
 8.310E+013  1.000E-008  6.236E+001 -2.565E-012
 8.330E+013  1.000E-008  6.236E+001 -3.018E-031
 8.350E+013  1.000E-008  6.236E+001  3.847E-012
 8.370E+013  1.000E-008  6.236E+001 -3.206E-012
 8.390E+013  1.000E-008  6.236E+001 -3.109E-031
 8.410E+013  1.000E-008  6.236E+001 -6.412E-013
 8.430E+013  1.000E-008  6.236E+001  6.412E-013
 8.450E+013  1.000E-008  6.236E+001 -2.946E-034
 8.470E+013  1.000E-008  6.236E+001 -6.412E-013
 8.490E+013  1.000E-008  6.236E+001 -1.466E-034
 8.510E+013  1.000E-008  6.236E+001  6.412E-013
 8.530E+013  1.000E-008  6.236E+001 -2.918E-034
 8.550E+013  1.000E-008  6.236E+001 -6.412E-013
 8.570E+013  1.000E-008  6.236E+001 -1.452E-034
 8.590E+013  1.000E-008  6.236E+001  6.412E-013
 8.610E+013  1.000E-008  6.236E+001 -6.412E-013
 8.630E+013  1.000E-008  6.236E+001  0.000E+000
 8.650E+013  1.000E-008  6.236E+001  0.000E+000
 8.670E+013  1.000E-008  6.236E+001  0.000E+000
 8.690E+013  1.000E-008  6.236E+001  0.000E+000
 8.710E+013  1.000E-008  6.236E+001  0.000E+000
 8.730E+013  1.000E-008  6.236E+001  0.000E+000
 8.750E+013  1.000E-008  6.236E+001  6.412E-013
 8.770E+013  1.000E-008  6.236E+001 -6.412E-013
 8.790E+013  1.000E-008  6.236E+001 -1.416E-034
 8.810E+013  1.000E-008  6.236E+001  6.412E-013
 8.830E+013  1.000E-008  6.236E+001 -6.412E-013
 8.850E+013  1.000E-008  6.236E+001  6.412E-013
 8.870E+013  1.000E-008  6.236E+001  6.412E-013
 8.890E+013  1.000E-008  6.236E+001 -1.282E-012
 8.910E+013  1.000E-008  6.236E+001  0.000E+000
 8.930E+013  1.000E-008  6.236E+001  0.000E+000
 8.950E+013  1.000E-008  6.236E+001  0.000E+000
 8.970E+013  1.000E-008  6.236E+001  0.000E+000
 8.990E+013  1.000E-008  6.236E+001  0.000E+000
 9.010E+013  1.000E-008  6.236E+001  6.412E-013
 9.030E+013  1.000E-008  6.236E+001 -2.756E-034
 9.050E+013  1.000E-008  6.236E+001 -6.412E-013
 9.070E+013  1.000E-008  6.236E+001  6.412E-013
 9.090E+013  1.000E-008  6.236E+001 -2.738E-034
 9.110E+013  1.000E-008  6.236E+001 -6.412E-013
 9.130E+013  1.000E-008  6.236E+001  0.000E+000
 9.150E+013  1.000E-008  6.236E+001  0.000E+000
 9.170E+013  1.000E-008  6.236E+001  0.000E+000
 9.190E+013  1.000E-008  6.236E+001  0.000E+000
 9.210E+013  1.000E-008  6.236E+001  0.000E+000
 9.230E+013  1.000E-008  6.236E+001  6.412E-013
 9.250E+013  1.000E-008  6.236E+001 -2.691E-034
 9.270E+013  1.000E-008  6.236E+001 -6.412E-013
 9.290E+013  1.000E-008  6.236E+001  0.000E+000
 9.310E+013  1.000E-008  6.236E+001  0.000E+000
 9.330E+013  1.000E-008  6.236E+001  0.000E+000
 9.350E+013  1.000E-008  6.236E+001  0.000E+000
 9.370E+013  1.000E-008  6.236E+001  6.412E-013
 9.390E+013  1.000E-008  6.236E+001 -6.412E-013
 9.410E+013  1.000E-008  6.236E+001  6.412E-013
 9.430E+013  1.000E-008  6.236E+001 -6.412E-013
 9.450E+013  1.000E-008  6.236E+001  0.000E+000
 9.470E+013  1.000E-008  6.236E+001  0.000E+000
 9.490E+013  1.000E-008  6.236E+001  0.000E+000
 9.510E+013  1.000E-008  6.236E+001  0.000E+000
 9.530E+013  1.000E-008  6.236E+001  6.412E-013
 9.550E+013  1.000E-008  6.236E+001 -6.412E-013
 9.570E+013  1.000E-008  6.236E+001 -2.461E-068
 9.590E+013  1.000E-008  6.236E+001 -3.109E-031
 9.610E+013  1.000E-008  6.236E+001 -6.412E-013
 9.630E+013  1.000E-008  6.236E+001  6.412E-013
 9.650E+013  1.000E-008  6.236E+001  3.106E-031
 9.670E+013  1.000E-008  6.236E+001  6.412E-013
 9.690E+013  1.000E-008  6.236E+001 -6.412E-013
 9.710E+013  1.000E-008  6.236E+001  0.000E+000
 9.730E+013  1.000E-008  6.236E+001  0.000E+000
 9.750E+013  1.000E-008  6.236E+001  0.000E+000
 9.770E+013  1.000E-008  6.236E+001  0.000E+000
 9.790E+013  1.000E-008  6.236E+001  0.000E+000
 9.810E+013  1.000E-008  6.236E+001  0.000E+000
 9.830E+013  1.000E-008  6.236E+001  0.000E+000
 9.850E+013  1.000E-008  6.236E+001  0.000E+000
 9.870E+013  1.000E-008  6.236E+001  0.000E+000
 9.890E+013  1.000E-008  6.236E+001  0.000E+000
 9.910E+013  1.000E-008  6.236E+001  0.000E+000
 9.930E+013  1.000E-008  6.236E+001  0.000E+000
 9.950E+013  1.000E-008  6.236E+001  6.412E-013
 9.970E+013  1.000E-008  6.236E+001 -6.412E-013
 9.990E+013  1.000E-008  6.236E+001  0.000E+000
 1.001E+014  1.000E-099  1.000E-099  0.000E+000
 1.003E+014  1.000E-099  1.000E-099  0.000E+000
 5.723E-003
