 3.000E+005
     x1b        dens       energ       v1
 1.000E+011  6.227E-011  7.427E+005  0.000E+000
 3.000E+011  6.280E-011  7.379E+005  4.536E+003
 5.000E+011  6.492E-011  7.396E+005  3.629E+005
 7.000E+011  6.781E-011  7.389E+005  4.489E+005
 9.000E+011  7.092E-011  7.393E+005  6.307E+005
 1.100E+012  7.377E-011  7.392E+005  7.785E+005
 1.300E+012  7.577E-011  7.392E+005  9.356E+005
 1.500E+012  7.633E-011  7.393E+005  1.090E+006
 1.700E+012  7.634E-011  7.394E+005  1.248E+006
 1.900E+012  7.624E-011  7.395E+005  1.404E+006
 2.100E+012  7.599E-011  7.396E+005  1.559E+006
 2.300E+012  7.580E-011  7.397E+005  1.715E+006
 2.500E+012  7.581E-011  7.398E+005  1.872E+006
 2.700E+012  7.592E-011  7.399E+005  2.028E+006
 2.900E+012  7.628E-011  7.400E+005  2.183E+006
 3.100E+012  7.710E-011  7.402E+005  2.341E+006
 3.300E+012  7.863E-011  7.404E+005  2.497E+006
 3.500E+012  8.116E-011  7.405E+005  2.653E+006
 3.700E+012  8.505E-011  7.407E+005  2.809E+006
 3.900E+012  9.077E-011  7.409E+005  2.967E+006
 4.100E+012  9.897E-011  7.411E+005  3.125E+006
 4.300E+012  1.105E-010  7.414E+005  3.283E+006
 4.500E+012  1.267E-010  7.417E+005  3.443E+006
 4.700E+012  1.490E-010  7.421E+005  3.604E+006
 4.900E+012  1.795E-010  7.426E+005  3.765E+006
 5.100E+012  2.206E-010  7.432E+005  3.929E+006
 5.300E+012  2.749E-010  7.440E+005  4.091E+006
 5.500E+012  3.445E-010  7.451E+005  4.253E+006
 5.700E+012  4.303E-010  7.464E+005  4.413E+006
 5.900E+012  5.319E-010  7.482E+005  4.572E+006
 6.100E+012  6.471E-010  7.504E+005  4.730E+006
 6.300E+012  7.736E-010  7.532E+005  4.888E+006
 6.500E+012  9.089E-010  7.566E+005  5.049E+006
 6.700E+012  1.052E-009  7.607E+005  5.212E+006
 6.900E+012  1.204E-009  7.656E+005  5.378E+006
 7.100E+012  1.366E-009  7.713E+005  5.548E+006
 7.300E+012  1.543E-009  7.781E+005  5.722E+006
 7.500E+012  1.738E-009  7.860E+005  5.901E+006
 7.700E+012  1.957E-009  7.951E+005  6.084E+006
 7.900E+012  2.208E-009  8.058E+005  6.272E+006
 8.100E+012  2.496E-009  8.182E+005  6.464E+006
 8.300E+012  2.830E-009  8.327E+005  6.662E+006
 8.500E+012  3.216E-009  8.497E+005  6.865E+006
 8.700E+012  3.663E-009  8.698E+005  7.076E+006
 8.900E+012  4.177E-009  8.934E+005  7.294E+006
 9.100E+012  4.763E-009  9.207E+005  7.518E+006
 9.300E+012  5.432E-009  9.526E+005  7.747E+006
 9.500E+012  6.197E-009  9.901E+005  7.983E+006
 9.700E+012  7.079E-009  1.034E+006  8.230E+006
 9.900E+012  8.113E-009  1.087E+006  8.490E+006
 1.010E+013  9.337E-009  1.149E+006  8.766E+006
 1.030E+013  1.079E-008  1.220E+006  9.040E+006
 1.050E+013  1.257E-008  1.307E+006  9.317E+006
 1.070E+013  1.479E-008  1.416E+006  9.643E+006
 1.090E+013  1.734E-008  1.518E+006  9.924E+006
 1.110E+013  2.070E-008  1.676E+006  1.014E+007
 1.130E+013  2.620E-008  2.032E+006  1.075E+007
 1.150E+013  2.991E-008  2.140E+006  1.138E+007
 1.170E+013  2.799E-008  1.528E+006  1.087E+007
 1.190E+013  1.882E-008  4.848E+005  8.598E+006
 1.210E+013  1.217E-008  4.164E+004  4.652E+006
 1.230E+013  1.022E-008  2.351E+002  9.973E+005
 1.250E+013  1.000E-008  6.238E+001  2.072E+004
 1.270E+013  1.000E-008  6.236E+001  3.164E+000
 1.290E+013  1.000E-008  6.236E+001  4.803E-007
 1.310E+013  1.000E-008  6.236E+001  4.409E-014
 1.330E+013  1.000E-008  6.236E+001  1.063E-035
 1.350E+013  1.000E-008  6.236E+001  2.869E-080
 1.370E+013  1.000E-008  6.236E+001  1.619E-240
 1.390E+013  1.000E-008  6.236E+001  4.263E-012
 1.410E+013  1.000E-008  6.236E+001 -4.263E-012
 1.430E+013  1.000E-008  6.236E+001 -1.597E-011
 1.450E+013  1.000E-008  6.236E+001  1.597E-011
 1.470E+013  1.000E-008  6.236E+001  3.197E-012
 1.490E+013  1.000E-008  6.236E+001 -3.197E-012
 1.510E+013  1.000E-008  6.236E+001  0.000E+000
 1.530E+013  1.000E-008  6.236E+001  0.000E+000
 1.550E+013  1.000E-008  6.236E+001  0.000E+000
 1.570E+013  1.000E-008  6.236E+001  0.000E+000
 1.590E+013  1.000E-008  6.236E+001  1.066E-012
 1.610E+013  1.000E-008  6.236E+001 -7.126E-033
 1.630E+013  1.000E-008  6.236E+001 -1.066E-012
 1.650E+013  1.000E-008  6.236E+001 -1.066E-012
 1.670E+013  1.000E-008  6.236E+001  1.066E-012
 1.690E+013  1.000E-008  6.236E+001  1.422E-030
 1.710E+013  1.000E-008  6.236E+001  8.589E-067
 1.730E+013  1.000E-008  6.236E+001  1.445E-139
 1.750E+013  1.000E-008  6.236E+001  1.935E-285
 1.770E+013  1.000E-008  6.236E+001  0.000E+000
 1.790E+013  1.000E-008  6.236E+001  0.000E+000
 1.810E+013  1.000E-008  6.236E+001  0.000E+000
 1.830E+013  1.000E-008  6.236E+001  1.066E-012
 1.850E+013  1.000E-008  6.236E+001 -1.066E-012
 1.870E+013  1.000E-008  6.236E+001  4.263E-012
 1.890E+013  1.000E-008  6.236E+001 -6.395E-012
 1.910E+013  1.000E-008  6.236E+001  4.263E-012
 1.930E+013  1.000E-008  6.236E+001 -2.132E-012
 1.950E+013  1.000E-008  6.236E+001  0.000E+000
 1.970E+013  1.000E-008  6.236E+001  0.000E+000
 1.990E+013  1.000E-008  6.236E+001  0.000E+000
 2.010E+013  1.000E-008  6.236E+001  0.000E+000
 2.030E+013  1.000E-008  6.236E+001  0.000E+000
 2.050E+013  1.000E-008  6.236E+001  0.000E+000
 2.070E+013  1.000E-008  6.236E+001  0.000E+000
 2.090E+013  1.000E-008  6.236E+001  1.066E-012
 2.110E+013  1.000E-008  6.236E+001 -5.429E-033
 2.130E+013  1.000E-008  6.236E+001 -1.066E-012
 2.150E+013  1.000E-008  6.236E+001  0.000E+000
 2.170E+013  1.000E-008  6.236E+001  0.000E+000
 2.190E+013  1.000E-008  6.236E+001  0.000E+000
 2.210E+013  1.000E-008  6.236E+001  0.000E+000
 2.230E+013  1.000E-008  6.236E+001  0.000E+000
 2.250E+013  1.000E-008  6.236E+001  0.000E+000
 2.270E+013  1.000E-008  6.236E+001  1.066E-012
 2.290E+013  1.000E-008  6.236E+001 -5.000E-033
 2.310E+013  1.000E-008  6.236E+001 -1.066E-012
 2.330E+013  1.000E-008  6.236E+001  0.000E+000
 2.350E+013  1.000E-008  6.236E+001  0.000E+000
 2.370E+013  1.000E-008  6.236E+001  1.066E-012
 2.390E+013  1.000E-008  6.236E+001 -1.066E-012
 2.410E+013  1.000E-008  6.236E+001  0.000E+000
 2.430E+013  1.000E-008  6.236E+001  0.000E+000
 2.450E+013  1.000E-008  6.236E+001  0.000E+000
 2.470E+013  1.000E-008  6.236E+001  1.066E-012
 2.490E+013  1.000E-008  6.236E+001 -1.066E-012
 2.510E+013  1.000E-008  6.236E+001  1.066E-012
 2.530E+013  1.000E-008  6.236E+001 -1.066E-012
 2.550E+013  1.000E-008  6.236E+001 -1.308E-280
 2.570E+013  1.000E-008  6.236E+001 -3.759E-137
 2.590E+013  1.000E-008  6.236E+001 -1.385E-065
 2.610E+013  1.000E-008  6.236E+001 -5.709E-030
 2.630E+013  1.000E-008  6.236E+001 -2.132E-012
 2.650E+013  1.000E-008  6.236E+001  2.132E-012
 2.670E+013  1.000E-008  6.236E+001  5.692E-030
 2.690E+013  1.000E-008  6.236E+001  1.377E-065
 2.710E+013  1.000E-008  6.236E+001  1.066E-012
 2.730E+013  1.000E-008  6.236E+001 -1.066E-012
 2.750E+013  1.000E-008  6.236E+001  3.197E-012
 2.770E+013  1.000E-008  6.236E+001 -3.197E-012
 2.790E+013  1.000E-008  6.236E+001  0.000E+000
 2.810E+013  1.000E-008  6.236E+001  0.000E+000
 2.830E+013  1.000E-008  6.236E+001  5.329E-012
 2.850E+013  1.000E-008  6.236E+001 -1.066E-012
 2.870E+013  1.000E-008  6.236E+001 -4.263E-012
 2.890E+013  1.000E-008  6.236E+001 -2.231E-030
 2.910E+013  1.000E-008  6.236E+001  7.460E-012
 2.930E+013  1.000E-008  6.236E+001 -7.460E-012
 2.950E+013  1.000E-008  6.236E+001  0.000E+000
 2.970E+013  1.000E-008  6.236E+001  0.000E+000
 2.990E+013  1.000E-008  6.236E+001  0.000E+000
 3.010E+013  1.000E-008  6.236E+001  1.066E-012
 3.030E+013  1.000E-008  6.236E+001 -1.066E-012
 3.050E+013  1.000E-008  6.236E+001  1.066E-012
 3.070E+013  1.000E-008  6.236E+001 -1.066E-012
 3.090E+013  1.000E-008  6.236E+001  1.066E-012
 3.110E+013  1.000E-008  6.236E+001  1.066E-012
 3.130E+013  1.000E-008  6.236E+001 -2.132E-012
 3.150E+013  1.000E-008  6.236E+001  0.000E+000
 3.170E+013  1.000E-008  6.236E+001  0.000E+000
 3.190E+013  1.000E-008  6.236E+001  0.000E+000
 3.210E+013  1.000E-008  6.236E+001  0.000E+000
 3.230E+013  1.000E-008  6.236E+001  0.000E+000
 3.250E+013  1.000E-008  6.236E+001  0.000E+000
 3.270E+013  1.000E-008  6.236E+001 -1.992E-285
 3.290E+013  1.000E-008  6.236E+001 -1.466E-139
 3.310E+013  1.000E-008  6.236E+001 -8.651E-067
 3.330E+013  1.000E-008  6.236E+001 -1.427E-030
 3.350E+013  1.000E-008  6.236E+001 -1.066E-012
 3.370E+013  1.000E-008  6.236E+001  1.066E-012
 3.390E+013  1.000E-008  6.236E+001  1.423E-030
 3.410E+013  1.000E-008  6.236E+001  8.610E-067
 3.430E+013  1.000E-008  6.236E+001  1.452E-139
 3.450E+013  1.000E-008  6.236E+001  2.132E-012
 3.470E+013  1.000E-008  6.236E+001 -2.132E-012
 3.490E+013  1.000E-008  6.236E+001  0.000E+000
 3.510E+013  1.000E-008  6.236E+001  0.000E+000
 3.530E+013  1.000E-008  6.236E+001  0.000E+000
 3.550E+013  1.000E-008  6.236E+001  0.000E+000
 3.570E+013  1.000E-008  6.236E+001  2.132E-012
 3.590E+013  1.000E-008  6.236E+001 -1.066E-012
 3.610E+013  1.000E-008  6.236E+001 -1.427E-030
 3.630E+013  1.000E-008  6.236E+001 -1.066E-012
 3.650E+013  1.000E-008  6.236E+001 -1.066E-012
 3.670E+013  1.000E-008  6.236E+001  1.066E-012
 3.690E+013  1.000E-008  6.236E+001  1.066E-012
 3.710E+013  1.000E-008  6.236E+001 -1.066E-012
 3.730E+013  1.000E-008  6.236E+001 -1.532E-033
 3.750E+013  1.000E-008  6.236E+001  1.066E-012
 3.770E+013  1.000E-008  6.236E+001 -1.066E-012
 3.790E+013  1.000E-008  6.236E+001  0.000E+000
 3.810E+013  1.000E-008  6.236E+001  0.000E+000
 3.830E+013  1.000E-008  6.236E+001  1.066E-012
 3.850E+013  1.000E-008  6.236E+001 -1.066E-012
 3.870E+013  1.000E-008  6.236E+001 -1.427E-030
 3.890E+013  1.000E-008  6.236E+001 -1.066E-012
 3.910E+013  1.000E-008  6.236E+001 -4.319E-031
 3.930E+013  1.000E-008  6.236E+001  3.197E-012
 3.950E+013  1.000E-008  6.236E+001 -1.066E-012
 3.970E+013  1.000E-008  6.236E+001  3.197E-012
 3.990E+013  1.000E-008  6.236E+001 -4.263E-012
 4.010E+013  1.000E-008  6.236E+001  0.000E+000
 4.030E+013  1.000E-008  6.236E+001  0.000E+000
 4.050E+013  1.000E-008  6.236E+001  0.000E+000
 4.070E+013  1.000E-008  6.236E+001  0.000E+000
 4.090E+013  1.000E-008  6.236E+001  3.919E-011
 4.110E+013  1.000E-008  6.236E+001 -3.919E-011
 4.130E+013  1.000E-008  6.236E+001  2.763E-011
 4.150E+013  1.000E-008  6.236E+001 -2.763E-011
 4.170E+013  1.000E-008  6.236E+001  9.591E-012
 4.190E+013  1.000E-008  6.236E+001 -8.525E-012
 4.210E+013  1.000E-008  6.236E+001 -1.426E-030
 4.230E+013  1.000E-008  6.236E+001 -1.066E-012
 4.250E+013  1.000E-008  6.236E+001  0.000E+000
 4.270E+013  1.000E-008  6.236E+001  0.000E+000
 4.290E+013  1.000E-008  6.236E+001  0.000E+000
 4.310E+013  1.000E-008  6.236E+001  0.000E+000
 4.330E+013  1.000E-008  6.236E+001  0.000E+000
 4.350E+013  1.000E-008  6.236E+001  0.000E+000
 4.370E+013  1.000E-008  6.236E+001  0.000E+000
 4.390E+013  1.000E-008  6.236E+001  0.000E+000
 4.410E+013  1.000E-008  6.236E+001  0.000E+000
 4.430E+013  1.000E-008  6.236E+001  0.000E+000
 4.450E+013  1.000E-008  6.236E+001  0.000E+000
 4.470E+013  1.000E-008  6.236E+001  1.066E-012
 4.490E+013  1.000E-008  6.236E+001 -2.545E-033
 4.510E+013  1.000E-008  6.236E+001 -1.066E-012
 4.530E+013  1.000E-008  6.236E+001 -1.986E-285
 4.550E+013  1.000E-008  6.236E+001 -1.464E-139
 4.570E+013  1.000E-008  6.236E+001 -8.645E-067
 4.590E+013  1.000E-008  6.236E+001 -1.426E-030
 4.610E+013  1.000E-008  6.236E+001 -1.066E-012
 4.630E+013  1.000E-008  6.236E+001  1.066E-012
 4.650E+013  1.000E-008  6.236E+001  1.066E-012
 4.670E+013  1.000E-008  6.236E+001 -1.066E-012
 4.690E+013  1.000E-008  6.236E+001  1.066E-012
 4.710E+013  1.000E-008  6.236E+001 -1.066E-012
 4.730E+013  1.000E-008  6.236E+001  0.000E+000
 4.750E+013  1.000E-008  6.236E+001  0.000E+000
 4.770E+013  1.000E-008  6.236E+001  0.000E+000
 4.790E+013  1.000E-008  6.236E+001  1.066E-012
 4.810E+013  1.000E-008  6.236E+001 -1.066E-012
 4.830E+013  1.000E-008  6.236E+001 -1.183E-033
 4.850E+013  1.000E-008  6.236E+001  1.066E-012
 4.870E+013  1.000E-008  6.236E+001 -1.066E-012
 4.890E+013  1.000E-008  6.236E+001  0.000E+000
 4.910E+013  1.000E-008  6.236E+001  0.000E+000
 4.930E+013  1.000E-008  6.236E+001  0.000E+000
 4.950E+013  1.000E-008  6.236E+001  0.000E+000
 4.970E+013  1.000E-008  6.236E+001  0.000E+000
 4.990E+013  1.000E-008  6.236E+001  2.132E-012
 5.010E+013  1.000E-008  6.236E+001 -3.197E-012
 5.030E+013  1.000E-008  6.236E+001  1.066E-012
 5.050E+013  1.000E-008  6.236E+001  1.424E-030
 5.070E+013  1.000E-008  6.236E+001  8.617E-067
 5.090E+013  1.000E-008  6.236E+001  1.455E-139
 5.110E+013  1.000E-008  6.236E+001  1.066E-012
 5.130E+013  1.000E-008  6.236E+001 -1.066E-012
 5.150E+013  1.000E-008  6.236E+001  0.000E+000
 5.170E+013  1.000E-008  6.236E+001  0.000E+000
 5.190E+013  1.000E-008  6.236E+001 -1.985E-285
 5.210E+013  1.000E-008  6.236E+001 -1.464E-139
 5.230E+013  1.000E-008  6.236E+001 -8.644E-067
 5.250E+013  1.000E-008  6.236E+001 -1.426E-030
 5.270E+013  1.000E-008  6.236E+001 -1.066E-012
 5.290E+013  1.000E-008  6.236E+001  1.066E-012
 5.310E+013  1.000E-008  6.236E+001  1.424E-030
 5.330E+013  1.000E-008  6.236E+001  8.617E-067
 5.350E+013  1.000E-008  6.236E+001  2.132E-012
 5.370E+013  1.000E-008  6.236E+001 -2.132E-012
 5.390E+013  1.000E-008  6.236E+001  1.879E-031
 5.410E+013  1.000E-008  6.236E+001  1.066E-012
 5.430E+013  1.000E-008  6.236E+001  1.066E-012
 5.450E+013  1.000E-008  6.236E+001  1.066E-012
 5.470E+013  1.000E-008  6.236E+001 -3.197E-012
 5.490E+013  1.000E-008  6.236E+001 -1.426E-030
 5.510E+013  1.000E-008  6.236E+001 -1.066E-012
 5.530E+013  1.000E-008  6.236E+001  2.132E-012
 5.550E+013  1.000E-008  6.236E+001 -4.263E-012
 5.570E+013  1.000E-008  6.236E+001  2.132E-012
 5.590E+013  1.000E-008  6.236E+001  1.066E-012
 5.610E+013  1.000E-008  6.236E+001 -1.066E-012
 5.630E+013  1.000E-008  6.236E+001  1.066E-012
 5.650E+013  1.000E-008  6.236E+001 -6.394E-012
 5.670E+013  1.000E-008  6.236E+001  6.394E-012
 5.690E+013  1.000E-008  6.236E+001  6.395E-012
 5.710E+013  1.000E-008  6.236E+001 -6.395E-012
 5.730E+013  1.000E-008  6.236E+001  7.460E-012
 5.750E+013  1.000E-008  6.236E+001 -1.599E-011
 5.770E+013  1.000E-008  6.236E+001 -1.065E-012
 5.790E+013  1.000E-008  6.236E+001  9.590E-012
 5.810E+013  1.000E-008  6.236E+001  5.065E-011
 5.830E+013  1.000E-008  6.236E+001 -5.065E-011
 5.850E+013  1.000E-008  6.236E+001  0.000E+000
 5.870E+013  1.000E-008  6.236E+001  0.000E+000
 5.890E+013  1.000E-008  6.236E+001  0.000E+000
 5.910E+013  1.000E-008  6.236E+001  0.000E+000
 5.930E+013  1.000E-008  6.236E+001  0.000E+000
 5.950E+013  1.000E-008  6.236E+001  0.000E+000
 5.970E+013  1.000E-008  6.236E+001  0.000E+000
 5.990E+013  1.000E-008  6.236E+001  0.000E+000
 6.010E+013  1.000E-008  6.236E+001  0.000E+000
 6.030E+013  1.000E-008  6.236E+001  1.066E-012
 6.050E+013  1.000E-008  6.236E+001 -1.066E-012
 6.070E+013  1.000E-008  6.236E+001  1.066E-012
 6.090E+013  1.000E-008  6.236E+001 -1.066E-012
 6.110E+013  1.000E-008  6.236E+001  0.000E+000
 6.130E+013  1.000E-008  6.236E+001  0.000E+000
 6.150E+013  1.000E-008  6.236E+001  0.000E+000
 6.170E+013  1.000E-008  6.236E+001  1.066E-012
 6.190E+013  1.000E-008  6.236E+001 -1.066E-012
 6.210E+013  1.000E-008  6.236E+001  0.000E+000
 6.230E+013  1.000E-008  6.236E+001  0.000E+000
 6.250E+013  1.000E-008  6.236E+001  0.000E+000
 6.270E+013  1.000E-008  6.236E+001  0.000E+000
 6.290E+013  1.000E-008  6.236E+001  0.000E+000
 6.310E+013  1.000E-008  6.236E+001  0.000E+000
 6.330E+013  1.000E-008  6.236E+001  0.000E+000
 6.350E+013  1.000E-008  6.236E+001  1.066E-012
 6.370E+013  1.000E-008  6.236E+001 -1.066E-012
 6.390E+013  1.000E-008  6.236E+001  0.000E+000
 6.410E+013  1.000E-008  6.236E+001  0.000E+000
 6.430E+013  1.000E-008  6.236E+001  0.000E+000
 6.450E+013  1.000E-008  6.236E+001  0.000E+000
 6.470E+013  1.000E-008  6.236E+001  1.066E-012
 6.490E+013  1.000E-008  6.236E+001 -1.066E-012
 6.510E+013  1.000E-008  6.236E+001  0.000E+000
 6.530E+013  1.000E-008  6.236E+001  0.000E+000
 6.550E+013  1.000E-008  6.236E+001  0.000E+000
 6.570E+013  1.000E-008  6.236E+001  0.000E+000
 6.590E+013  1.000E-008  6.236E+001  1.066E-012
 6.610E+013  1.000E-008  6.236E+001 -1.066E-012
 6.630E+013  1.000E-008  6.236E+001  0.000E+000
 6.650E+013  1.000E-008  6.236E+001  0.000E+000
 6.670E+013  1.000E-008  6.236E+001  0.000E+000
 6.690E+013  1.000E-008  6.236E+001  1.066E-012
 6.710E+013  1.000E-008  6.236E+001 -1.066E-012
 6.730E+013  1.000E-008  6.236E+001  0.000E+000
 6.750E+013  1.000E-008  6.236E+001  0.000E+000
 6.770E+013  1.000E-008  6.236E+001  1.066E-012
 6.790E+013  1.000E-008  6.236E+001 -1.066E-012
 6.810E+013  1.000E-008  6.236E+001  1.066E-012
 6.830E+013  1.000E-008  6.236E+001 -1.672E-033
 6.850E+013  1.000E-008  6.236E+001 -1.066E-012
 6.870E+013  1.000E-008  6.236E+001  0.000E+000
 6.890E+013  1.000E-008  6.236E+001  0.000E+000
 6.910E+013  1.000E-008  6.236E+001  0.000E+000
 6.930E+013  1.000E-008  6.236E+001  1.066E-012
 6.950E+013  1.000E-008  6.236E+001 -1.066E-012
 6.970E+013  1.000E-008  6.236E+001  0.000E+000
 6.990E+013  1.000E-008  6.236E+001  0.000E+000
 7.010E+013  1.000E-008  6.236E+001  0.000E+000
 7.030E+013  1.000E-008  6.236E+001  0.000E+000
 7.050E+013  1.000E-008  6.236E+001  0.000E+000
 7.070E+013  1.000E-008  6.236E+001  0.000E+000
 7.090E+013  1.000E-008  6.236E+001  0.000E+000
 7.110E+013  1.000E-008  6.236E+001  0.000E+000
 7.130E+013  1.000E-008  6.236E+001  0.000E+000
 7.150E+013  1.000E-008  6.236E+001  0.000E+000
 7.170E+013  1.000E-008  6.236E+001  0.000E+000
 7.190E+013  1.000E-008  6.236E+001  1.066E-012
 7.210E+013  1.000E-008  6.236E+001 -1.066E-012
 7.230E+013  1.000E-008  6.236E+001  0.000E+000
 7.250E+013  1.000E-008  6.236E+001  0.000E+000
 7.270E+013  1.000E-008  6.236E+001  2.132E-012
 7.290E+013  1.000E-008  6.236E+001 -6.264E-033
 7.310E+013  1.000E-008  6.236E+001 -2.132E-012
 7.330E+013  1.000E-008  6.236E+001 -1.426E-030
 7.350E+013  1.000E-008  6.236E+001 -1.066E-012
 7.370E+013  1.000E-008  6.236E+001  1.066E-012
 7.390E+013  1.000E-008  6.236E+001  1.424E-030
 7.410E+013  1.000E-008  6.236E+001  8.621E-067
 7.430E+013  1.000E-008  6.236E+001  1.456E-139
 7.450E+013  1.000E-008  6.236E+001  1.964E-285
 7.470E+013  1.000E-008  6.236E+001  0.000E+000
 7.490E+013  1.000E-008  6.236E+001  0.000E+000
 7.510E+013  1.000E-008  6.236E+001  0.000E+000
 7.530E+013  1.000E-008  6.236E+001  0.000E+000
 7.550E+013  1.000E-008  6.236E+001  0.000E+000
 7.570E+013  1.000E-008  6.236E+001  0.000E+000
 7.590E+013  1.000E-008  6.236E+001  0.000E+000
 7.610E+013  1.000E-008  6.236E+001  0.000E+000
 7.630E+013  1.000E-008  6.236E+001  0.000E+000
 7.650E+013  1.000E-008  6.236E+001  0.000E+000
 7.670E+013  1.000E-008  6.236E+001  2.132E-012
 7.690E+013  1.000E-008  6.236E+001 -2.132E-012
 7.710E+013  1.000E-008  6.236E+001  3.197E-012
 7.730E+013  1.000E-008  6.236E+001 -3.197E-012
 7.750E+013  1.000E-008  6.236E+001  3.376E-031
 7.770E+013  1.000E-008  6.236E+001  2.132E-012
 7.790E+013  1.000E-008  6.236E+001 -6.395E-012
 7.810E+013  1.000E-008  6.236E+001  6.395E-012
 7.830E+013  1.000E-008  6.236E+001 -2.132E-012
 7.850E+013  1.000E-008  6.236E+001 -6.091E-067
 7.870E+013  1.000E-008  6.236E+001 -1.197E-030
 7.890E+013  1.000E-008  6.236E+001 -1.066E-012
 7.910E+013  1.000E-008  6.236E+001 -5.329E-012
 7.930E+013  1.000E-008  6.236E+001  3.197E-012
 7.950E+013  1.000E-008  6.236E+001  3.197E-012
 7.970E+013  1.000E-008  6.236E+001 -4.263E-012
 7.990E+013  1.000E-008  6.236E+001  4.263E-012
 8.010E+013  1.000E-008  6.236E+001  2.279E-029
 8.030E+013  1.000E-008  6.236E+001  2.207E-064
 8.050E+013  1.000E-008  6.236E+001  9.540E-135
 8.070E+013  1.000E-008  6.236E+001 -9.007E-269
 8.090E+013  1.000E-008  6.236E+001 -3.119E-131
 8.110E+013  1.000E-008  6.236E+001 -1.262E-062
 8.130E+013  1.000E-008  6.236E+001 -1.724E-028
 8.150E+013  1.000E-008  6.236E+001 -1.172E-011
 8.170E+013  1.000E-008  6.236E+001  1.492E-011
 8.190E+013  1.000E-008  6.236E+001 -3.197E-012
 8.210E+013  1.000E-008  6.236E+001  0.000E+000
 8.230E+013  1.000E-008  6.236E+001  0.000E+000
 8.250E+013  1.000E-008  6.236E+001  0.000E+000
 8.270E+013  1.000E-008  6.236E+001  0.000E+000
 8.290E+013  1.000E-008  6.236E+001  4.263E-012
 8.310E+013  1.000E-008  6.236E+001 -4.263E-012
 8.330E+013  1.000E-008  6.236E+001 -1.384E-030
 8.350E+013  1.000E-008  6.236E+001  6.395E-012
 8.370E+013  1.000E-008  6.236E+001 -5.329E-012
 8.390E+013  1.000E-008  6.236E+001 -1.426E-030
 8.410E+013  1.000E-008  6.236E+001 -1.066E-012
 8.430E+013  1.000E-008  6.236E+001  1.066E-012
 8.450E+013  1.000E-008  6.236E+001 -1.351E-033
 8.470E+013  1.000E-008  6.236E+001 -1.066E-012
 8.490E+013  1.000E-008  6.236E+001 -6.722E-034
 8.510E+013  1.000E-008  6.236E+001  1.066E-012
 8.530E+013  1.000E-008  6.236E+001 -1.338E-033
 8.550E+013  1.000E-008  6.236E+001 -1.066E-012
 8.570E+013  1.000E-008  6.236E+001 -6.659E-034
 8.590E+013  1.000E-008  6.236E+001  1.066E-012
 8.610E+013  1.000E-008  6.236E+001 -1.066E-012
 8.630E+013  1.000E-008  6.236E+001  0.000E+000
 8.650E+013  1.000E-008  6.236E+001  0.000E+000
 8.670E+013  1.000E-008  6.236E+001  0.000E+000
 8.690E+013  1.000E-008  6.236E+001  0.000E+000
 8.710E+013  1.000E-008  6.236E+001  0.000E+000
 8.730E+013  1.000E-008  6.236E+001  0.000E+000
 8.750E+013  1.000E-008  6.236E+001  1.066E-012
 8.770E+013  1.000E-008  6.236E+001 -1.066E-012
 8.790E+013  1.000E-008  6.236E+001 -6.493E-034
 8.810E+013  1.000E-008  6.236E+001  1.066E-012
 8.830E+013  1.000E-008  6.236E+001 -1.066E-012
 8.850E+013  1.000E-008  6.236E+001  1.066E-012
 8.870E+013  1.000E-008  6.236E+001  1.066E-012
 8.890E+013  1.000E-008  6.236E+001 -2.132E-012
 8.910E+013  1.000E-008  6.236E+001  0.000E+000
 8.930E+013  1.000E-008  6.236E+001  0.000E+000
 8.950E+013  1.000E-008  6.236E+001  0.000E+000
 8.970E+013  1.000E-008  6.236E+001  0.000E+000
 8.990E+013  1.000E-008  6.236E+001  0.000E+000
 9.010E+013  1.000E-008  6.236E+001  1.066E-012
 9.030E+013  1.000E-008  6.236E+001 -1.264E-033
 9.050E+013  1.000E-008  6.236E+001 -1.066E-012
 9.070E+013  1.000E-008  6.236E+001  1.066E-012
 9.090E+013  1.000E-008  6.236E+001 -1.256E-033
 9.110E+013  1.000E-008  6.236E+001 -1.066E-012
 9.130E+013  1.000E-008  6.236E+001  0.000E+000
 9.150E+013  1.000E-008  6.236E+001  0.000E+000
 9.170E+013  1.000E-008  6.236E+001  0.000E+000
 9.190E+013  1.000E-008  6.236E+001  0.000E+000
 9.210E+013  1.000E-008  6.236E+001  0.000E+000
 9.230E+013  1.000E-008  6.236E+001  1.066E-012
 9.250E+013  1.000E-008  6.236E+001 -1.234E-033
 9.270E+013  1.000E-008  6.236E+001 -1.066E-012
 9.290E+013  1.000E-008  6.236E+001  0.000E+000
 9.310E+013  1.000E-008  6.236E+001  0.000E+000
 9.330E+013  1.000E-008  6.236E+001  0.000E+000
 9.350E+013  1.000E-008  6.236E+001  0.000E+000
 9.370E+013  1.000E-008  6.236E+001  1.066E-012
 9.390E+013  1.000E-008  6.236E+001 -1.066E-012
 9.410E+013  1.000E-008  6.236E+001  1.066E-012
 9.430E+013  1.000E-008  6.236E+001 -1.066E-012
 9.450E+013  1.000E-008  6.236E+001  0.000E+000
 9.470E+013  1.000E-008  6.236E+001  0.000E+000
 9.490E+013  1.000E-008  6.236E+001  0.000E+000
 9.510E+013  1.000E-008  6.236E+001  0.000E+000
 9.530E+013  1.000E-008  6.236E+001  1.066E-012
 9.550E+013  1.000E-008  6.236E+001 -1.066E-012
 9.570E+013  1.000E-008  6.236E+001 -8.638E-067
 9.590E+013  1.000E-008  6.236E+001 -1.426E-030
 9.610E+013  1.000E-008  6.236E+001 -1.066E-012
 9.630E+013  1.000E-008  6.236E+001  1.066E-012
 9.650E+013  1.000E-008  6.236E+001  1.424E-030
 9.670E+013  1.000E-008  6.236E+001  1.066E-012
 9.690E+013  1.000E-008  6.236E+001 -1.066E-012
 9.710E+013  1.000E-008  6.236E+001  0.000E+000
 9.730E+013  1.000E-008  6.236E+001  0.000E+000
 9.750E+013  1.000E-008  6.236E+001  0.000E+000
 9.770E+013  1.000E-008  6.236E+001  0.000E+000
 9.790E+013  1.000E-008  6.236E+001  0.000E+000
 9.810E+013  1.000E-008  6.236E+001  0.000E+000
 9.830E+013  1.000E-008  6.236E+001  0.000E+000
 9.850E+013  1.000E-008  6.236E+001  0.000E+000
 9.870E+013  1.000E-008  6.236E+001  0.000E+000
 9.890E+013  1.000E-008  6.236E+001  0.000E+000
 9.910E+013  1.000E-008  6.236E+001  0.000E+000
 9.930E+013  1.000E-008  6.236E+001  0.000E+000
 9.950E+013  1.000E-008  6.236E+001  1.066E-012
 9.970E+013  1.000E-008  6.236E+001 -1.066E-012
 9.990E+013  1.000E-008  6.236E+001  0.000E+000
 1.001E+014  1.000E-099  1.000E-099  0.000E+000
 1.003E+014  1.000E-099  1.000E-099  0.000E+000
 9.513E-003
