 1.562E+005
     x1b        dens       energ       v1
 1.000E+011  9.843E-011  1.593E+006  0.000E+000
 3.000E+011  1.012E-010  1.614E+006  5.040E+005
 5.000E+011  1.056E-010  1.609E+006  6.655E+005
 7.000E+011  1.115E-010  1.612E+006  9.784E+005
 9.000E+011  1.167E-010  1.611E+006  1.234E+006
 1.100E+012  1.207E-010  1.611E+006  1.552E+006
 1.300E+012  1.219E-010  1.612E+006  1.892E+006
 1.500E+012  1.219E-010  1.612E+006  2.189E+006
 1.700E+012  1.216E-010  1.612E+006  2.482E+006
 1.900E+012  1.211E-010  1.613E+006  2.811E+006
 2.100E+012  1.210E-010  1.614E+006  3.140E+006
 2.300E+012  1.212E-010  1.614E+006  3.440E+006
 2.500E+012  1.219E-010  1.615E+006  3.746E+006
 2.700E+012  1.236E-010  1.616E+006  4.062E+006
 2.900E+012  1.272E-010  1.617E+006  4.376E+006
 3.100E+012  1.332E-010  1.618E+006  4.686E+006
 3.300E+012  1.429E-010  1.619E+006  4.998E+006
 3.500E+012  1.577E-010  1.620E+006  5.312E+006
 3.700E+012  1.800E-010  1.621E+006  5.634E+006
 3.900E+012  2.130E-010  1.623E+006  5.954E+006
 4.100E+012  2.611E-010  1.625E+006  6.273E+006
 4.300E+012  3.302E-010  1.627E+006  6.601E+006
 4.500E+012  4.267E-010  1.631E+006  6.922E+006
 4.700E+012  5.563E-010  1.636E+006  7.251E+006
 4.900E+012  7.216E-010  1.643E+006  7.562E+006
 5.100E+012  9.211E-010  1.652E+006  7.873E+006
 5.300E+012  1.150E-009  1.663E+006  8.179E+006
 5.500E+012  1.402E-009  1.678E+006  8.486E+006
 5.700E+012  1.676E-009  1.698E+006  8.801E+006
 5.900E+012  1.974E-009  1.722E+006  9.126E+006
 6.100E+012  2.302E-009  1.752E+006  9.470E+006
 6.300E+012  2.673E-009  1.788E+006  9.824E+006
 6.500E+012  3.100E-009  1.829E+006  1.017E+007
 6.700E+012  3.605E-009  1.877E+006  1.051E+007
 6.900E+012  4.216E-009  1.936E+006  1.087E+007
 7.100E+012  4.960E-009  2.008E+006  1.124E+007
 7.300E+012  5.871E-009  2.096E+006  1.163E+007
 7.500E+012  6.976E-009  2.200E+006  1.203E+007
 7.700E+012  8.321E-009  2.331E+006  1.242E+007
 7.900E+012  1.006E-008  2.535E+006  1.293E+007
 8.100E+012  1.229E-008  2.802E+006  1.364E+007
 8.300E+012  1.482E-008  3.040E+006  1.418E+007
 8.500E+012  1.852E-008  3.485E+006  1.464E+007
 8.700E+012  2.471E-008  4.419E+006  1.599E+007
 8.900E+012  2.791E-008  4.390E+006  1.684E+007
 9.100E+012  2.477E-008  2.612E+006  1.547E+007
 9.300E+012  1.595E-008  5.901E+005  1.115E+007
 9.500E+012  1.122E-008  2.616E+004  4.948E+006
 9.700E+012  1.007E-008  7.996E+001  6.105E+005
 9.900E+012  1.000E-008  6.236E+001  3.457E+003
 1.010E+013  1.000E-008  6.236E+001  3.234E-002
 1.030E+013  1.000E-008  6.236E+001  1.147E-009
 1.050E+013  1.000E-008  6.236E+001  9.640E-027
 1.070E+013  1.000E-008  6.236E+001  1.746E-063
 1.090E+013  1.000E-008  6.236E+001  8.892E-140
 1.110E+013  1.000E-008  6.236E+001  1.119E-298
 1.130E+013  1.000E-008  6.236E+001  5.551E-013
 1.150E+013  1.000E-008  6.236E+001 -5.551E-013
 1.170E+013  1.000E-008  6.236E+001  0.000E+000
 1.190E+013  1.000E-008  6.236E+001  0.000E+000
 1.210E+013  1.000E-008  6.236E+001  5.551E-013
 1.230E+013  1.000E-008  6.236E+001 -1.323E-033
 1.250E+013  1.000E-008  6.236E+001 -5.551E-013
 1.270E+013  1.000E-008  6.236E+001  0.000E+000
 1.290E+013  1.000E-008  6.236E+001  0.000E+000
 1.310E+013  1.000E-008  6.236E+001  0.000E+000
 1.330E+013  1.000E-008  6.236E+001  0.000E+000
 1.350E+013  1.000E-008  6.236E+001  0.000E+000
 1.370E+013  1.000E-008  6.236E+001  0.000E+000
 1.390E+013  1.000E-008  6.236E+001  2.220E-012
 1.410E+013  1.000E-008  6.236E+001 -2.220E-012
 1.430E+013  1.000E-008  6.236E+001 -8.313E-012
 1.450E+013  1.000E-008  6.236E+001  8.313E-012
 1.470E+013  1.000E-008  6.236E+001  1.665E-012
 1.490E+013  1.000E-008  6.236E+001 -1.665E-012
 1.510E+013  1.000E-008  6.236E+001  0.000E+000
 1.530E+013  1.000E-008  6.236E+001  0.000E+000
 1.550E+013  1.000E-008  6.236E+001  0.000E+000
 1.570E+013  1.000E-008  6.236E+001  0.000E+000
 1.590E+013  1.000E-008  6.236E+001  5.551E-013
 1.610E+013  1.000E-008  6.236E+001 -1.009E-033
 1.630E+013  1.000E-008  6.236E+001 -5.551E-013
 1.650E+013  1.000E-008  6.236E+001 -5.551E-013
 1.670E+013  1.000E-008  6.236E+001  5.551E-013
 1.690E+013  1.000E-008  6.236E+001  2.013E-031
 1.710E+013  1.000E-008  6.236E+001  8.918E-069
 1.730E+013  1.000E-008  6.236E+001  8.013E-144
 1.750E+013  1.000E-008  6.236E+001  3.013E-294
 1.770E+013  1.000E-008  6.236E+001  0.000E+000
 1.790E+013  1.000E-008  6.236E+001  0.000E+000
 1.810E+013  1.000E-008  6.236E+001  0.000E+000
 1.830E+013  1.000E-008  6.236E+001  5.551E-013
 1.850E+013  1.000E-008  6.236E+001 -5.551E-013
 1.870E+013  1.000E-008  6.236E+001  2.220E-012
 1.890E+013  1.000E-008  6.236E+001 -3.330E-012
 1.910E+013  1.000E-008  6.236E+001  2.220E-012
 1.930E+013  1.000E-008  6.236E+001 -1.110E-012
 1.950E+013  1.000E-008  6.236E+001  0.000E+000
 1.970E+013  1.000E-008  6.236E+001  0.000E+000
 1.990E+013  1.000E-008  6.236E+001  0.000E+000
 2.010E+013  1.000E-008  6.236E+001  0.000E+000
 2.030E+013  1.000E-008  6.236E+001  0.000E+000
 2.050E+013  1.000E-008  6.236E+001  0.000E+000
 2.070E+013  1.000E-008  6.236E+001  0.000E+000
 2.090E+013  1.000E-008  6.236E+001  5.551E-013
 2.110E+013  1.000E-008  6.236E+001 -7.686E-034
 2.130E+013  1.000E-008  6.236E+001 -5.551E-013
 2.150E+013  1.000E-008  6.236E+001  0.000E+000
 2.170E+013  1.000E-008  6.236E+001  0.000E+000
 2.190E+013  1.000E-008  6.236E+001  0.000E+000
 2.210E+013  1.000E-008  6.236E+001  0.000E+000
 2.230E+013  1.000E-008  6.236E+001  0.000E+000
 2.250E+013  1.000E-008  6.236E+001  0.000E+000
 2.270E+013  1.000E-008  6.236E+001  5.551E-013
 2.290E+013  1.000E-008  6.236E+001 -7.079E-034
 2.310E+013  1.000E-008  6.236E+001 -5.551E-013
 2.330E+013  1.000E-008  6.236E+001  0.000E+000
 2.350E+013  1.000E-008  6.236E+001  0.000E+000
 2.370E+013  1.000E-008  6.236E+001  5.551E-013
 2.390E+013  1.000E-008  6.236E+001 -5.551E-013
 2.410E+013  1.000E-008  6.236E+001  0.000E+000
 2.430E+013  1.000E-008  6.236E+001  0.000E+000
 2.450E+013  1.000E-008  6.236E+001  0.000E+000
 2.470E+013  1.000E-008  6.236E+001  5.551E-013
 2.490E+013  1.000E-008  6.236E+001 -5.551E-013
 2.510E+013  1.000E-008  6.236E+001  5.551E-013
 2.530E+013  1.000E-008  6.236E+001 -5.551E-013
 2.550E+013  1.000E-008  6.236E+001 -2.037E-289
 2.570E+013  1.000E-008  6.236E+001 -2.083E-141
 2.590E+013  1.000E-008  6.236E+001 -1.438E-067
 2.610E+013  1.000E-008  6.236E+001 -8.082E-031
 2.630E+013  1.000E-008  6.236E+001 -1.110E-012
 2.650E+013  1.000E-008  6.236E+001  1.110E-012
 2.670E+013  1.000E-008  6.236E+001  8.057E-031
 2.690E+013  1.000E-008  6.236E+001  1.429E-067
 2.710E+013  1.000E-008  6.236E+001  5.551E-013
 2.730E+013  1.000E-008  6.236E+001 -5.551E-013
 2.750E+013  1.000E-008  6.236E+001  1.665E-012
 2.770E+013  1.000E-008  6.236E+001 -1.665E-012
 2.790E+013  1.000E-008  6.236E+001  0.000E+000
 2.810E+013  1.000E-008  6.236E+001  0.000E+000
 2.830E+013  1.000E-008  6.236E+001  2.775E-012
 2.850E+013  1.000E-008  6.236E+001 -5.550E-013
 2.870E+013  1.000E-008  6.236E+001 -2.220E-012
 2.890E+013  1.000E-008  6.236E+001 -3.158E-031
 2.910E+013  1.000E-008  6.236E+001  3.885E-012
 2.930E+013  1.000E-008  6.236E+001 -3.885E-012
 2.950E+013  1.000E-008  6.236E+001  0.000E+000
 2.970E+013  1.000E-008  6.236E+001  0.000E+000
 2.990E+013  1.000E-008  6.236E+001  0.000E+000
 3.010E+013  1.000E-008  6.236E+001  5.551E-013
 3.030E+013  1.000E-008  6.236E+001 -5.551E-013
 3.050E+013  1.000E-008  6.236E+001  5.551E-013
 3.070E+013  1.000E-008  6.236E+001 -5.551E-013
 3.090E+013  1.000E-008  6.236E+001  5.551E-013
 3.110E+013  1.000E-008  6.236E+001  5.551E-013
 3.130E+013  1.000E-008  6.236E+001 -1.110E-012
 3.150E+013  1.000E-008  6.236E+001  0.000E+000
 3.170E+013  1.000E-008  6.236E+001  0.000E+000
 3.190E+013  1.000E-008  6.236E+001  0.000E+000
 3.210E+013  1.000E-008  6.236E+001  0.000E+000
 3.230E+013  1.000E-008  6.236E+001  0.000E+000
 3.250E+013  1.000E-008  6.236E+001  0.000E+000
 3.270E+013  1.000E-008  6.236E+001 -3.101E-294
 3.290E+013  1.000E-008  6.236E+001 -8.129E-144
 3.310E+013  1.000E-008  6.236E+001 -8.982E-069
 3.330E+013  1.000E-008  6.236E+001 -2.020E-031
 3.350E+013  1.000E-008  6.236E+001 -5.551E-013
 3.370E+013  1.000E-008  6.236E+001  5.551E-013
 3.390E+013  1.000E-008  6.236E+001  2.015E-031
 3.410E+013  1.000E-008  6.236E+001  8.939E-069
 3.430E+013  1.000E-008  6.236E+001  8.051E-144
 3.450E+013  1.000E-008  6.236E+001  1.110E-012
 3.470E+013  1.000E-008  6.236E+001 -1.110E-012
 3.490E+013  1.000E-008  6.236E+001  0.000E+000
 3.510E+013  1.000E-008  6.236E+001  0.000E+000
 3.530E+013  1.000E-008  6.236E+001  0.000E+000
 3.550E+013  1.000E-008  6.236E+001  0.000E+000
 3.570E+013  1.000E-008  6.236E+001  1.110E-012
 3.590E+013  1.000E-008  6.236E+001 -5.551E-013
 3.610E+013  1.000E-008  6.236E+001 -2.020E-031
 3.630E+013  1.000E-008  6.236E+001 -5.551E-013
 3.650E+013  1.000E-008  6.236E+001 -5.551E-013
 3.670E+013  1.000E-008  6.236E+001  5.551E-013
 3.690E+013  1.000E-008  6.236E+001  5.551E-013
 3.710E+013  1.000E-008  6.236E+001 -5.551E-013
 3.730E+013  1.000E-008  6.236E+001 -2.169E-034
 3.750E+013  1.000E-008  6.236E+001  5.551E-013
 3.770E+013  1.000E-008  6.236E+001 -5.551E-013
 3.790E+013  1.000E-008  6.236E+001  0.000E+000
 3.810E+013  1.000E-008  6.236E+001  0.000E+000
 3.830E+013  1.000E-008  6.236E+001  5.551E-013
 3.850E+013  1.000E-008  6.236E+001 -5.551E-013
 3.870E+013  1.000E-008  6.236E+001 -2.019E-031
 3.890E+013  1.000E-008  6.236E+001 -5.551E-013
 3.910E+013  1.000E-008  6.236E+001 -6.114E-032
 3.930E+013  1.000E-008  6.236E+001  1.665E-012
 3.950E+013  1.000E-008  6.236E+001 -5.551E-013
 3.970E+013  1.000E-008  6.236E+001  1.665E-012
 3.990E+013  1.000E-008  6.236E+001 -2.220E-012
 4.010E+013  1.000E-008  6.236E+001  0.000E+000
 4.030E+013  1.000E-008  6.236E+001  0.000E+000
 4.050E+013  1.000E-008  6.236E+001  0.000E+000
 4.070E+013  1.000E-008  6.236E+001  0.000E+000
 4.090E+013  1.000E-008  6.236E+001  2.030E-011
 4.110E+013  1.000E-008  6.236E+001 -2.030E-011
 4.130E+013  1.000E-008  6.236E+001  1.435E-011
 4.150E+013  1.000E-008  6.236E+001 -1.435E-011
 4.170E+013  1.000E-008  6.236E+001  4.994E-012
 4.190E+013  1.000E-008  6.236E+001 -4.439E-012
 4.210E+013  1.000E-008  6.236E+001 -2.019E-031
 4.230E+013  1.000E-008  6.236E+001 -5.551E-013
 4.250E+013  1.000E-008  6.236E+001  0.000E+000
 4.270E+013  1.000E-008  6.236E+001  0.000E+000
 4.290E+013  1.000E-008  6.236E+001  0.000E+000
 4.310E+013  1.000E-008  6.236E+001  0.000E+000
 4.330E+013  1.000E-008  6.236E+001  0.000E+000
 4.350E+013  1.000E-008  6.236E+001  0.000E+000
 4.370E+013  1.000E-008  6.236E+001  0.000E+000
 4.390E+013  1.000E-008  6.236E+001  0.000E+000
 4.410E+013  1.000E-008  6.236E+001  0.000E+000
 4.430E+013  1.000E-008  6.236E+001  0.000E+000
 4.450E+013  1.000E-008  6.236E+001  0.000E+000
 4.470E+013  1.000E-008  6.236E+001  5.551E-013
 4.490E+013  1.000E-008  6.236E+001 -3.603E-034
 4.510E+013  1.000E-008  6.236E+001 -5.551E-013
 4.530E+013  1.000E-008  6.236E+001 -3.093E-294
 4.550E+013  1.000E-008  6.236E+001 -8.118E-144
 4.570E+013  1.000E-008  6.236E+001 -8.976E-069
 4.590E+013  1.000E-008  6.236E+001 -2.019E-031
 4.610E+013  1.000E-008  6.236E+001 -5.551E-013
 4.630E+013  1.000E-008  6.236E+001  5.551E-013
 4.650E+013  1.000E-008  6.236E+001  5.551E-013
 4.670E+013  1.000E-008  6.236E+001 -5.551E-013
 4.690E+013  1.000E-008  6.236E+001  5.551E-013
 4.710E+013  1.000E-008  6.236E+001 -5.551E-013
 4.730E+013  1.000E-008  6.236E+001  0.000E+000
 4.750E+013  1.000E-008  6.236E+001  0.000E+000
 4.770E+013  1.000E-008  6.236E+001  0.000E+000
 4.790E+013  1.000E-008  6.236E+001  5.551E-013
 4.810E+013  1.000E-008  6.236E+001 -5.551E-013
 4.830E+013  1.000E-008  6.236E+001 -1.674E-034
 4.850E+013  1.000E-008  6.236E+001  5.551E-013
 4.870E+013  1.000E-008  6.236E+001 -5.551E-013
 4.890E+013  1.000E-008  6.236E+001  0.000E+000
 4.910E+013  1.000E-008  6.236E+001  0.000E+000
 4.930E+013  1.000E-008  6.236E+001  0.000E+000
 4.950E+013  1.000E-008  6.236E+001  0.000E+000
 4.970E+013  1.000E-008  6.236E+001  0.000E+000
 4.990E+013  1.000E-008  6.236E+001  1.110E-012
 5.010E+013  1.000E-008  6.236E+001 -1.665E-012
 5.030E+013  1.000E-008  6.236E+001  5.551E-013
 5.050E+013  1.000E-008  6.236E+001  2.016E-031
 5.070E+013  1.000E-008  6.236E+001  8.946E-069
 5.090E+013  1.000E-008  6.236E+001  8.064E-144
 5.110E+013  1.000E-008  6.236E+001  5.551E-013
 5.130E+013  1.000E-008  6.236E+001 -5.551E-013
 5.150E+013  1.000E-008  6.236E+001  0.000E+000
 5.170E+013  1.000E-008  6.236E+001  0.000E+000
 5.190E+013  1.000E-008  6.236E+001 -3.090E-294
 5.210E+013  1.000E-008  6.236E+001 -8.114E-144
 5.230E+013  1.000E-008  6.236E+001 -8.974E-069
 5.250E+013  1.000E-008  6.236E+001 -2.019E-031
 5.270E+013  1.000E-008  6.236E+001 -5.551E-013
 5.290E+013  1.000E-008  6.236E+001  5.551E-013
 5.310E+013  1.000E-008  6.236E+001  2.016E-031
 5.330E+013  1.000E-008  6.236E+001  8.947E-069
 5.350E+013  1.000E-008  6.236E+001  1.110E-012
 5.370E+013  1.000E-008  6.236E+001 -1.110E-012
 5.390E+013  1.000E-008  6.236E+001  2.660E-032
 5.410E+013  1.000E-008  6.236E+001  5.551E-013
 5.430E+013  1.000E-008  6.236E+001  5.551E-013
 5.450E+013  1.000E-008  6.236E+001  5.550E-013
 5.470E+013  1.000E-008  6.236E+001 -1.665E-012
 5.490E+013  1.000E-008  6.236E+001 -2.019E-031
 5.510E+013  1.000E-008  6.236E+001 -5.551E-013
 5.530E+013  1.000E-008  6.236E+001  1.110E-012
 5.550E+013  1.000E-008  6.236E+001 -2.220E-012
 5.570E+013  1.000E-008  6.236E+001  1.110E-012
 5.590E+013  1.000E-008  6.236E+001  5.551E-013
 5.610E+013  1.000E-008  6.236E+001 -5.551E-013
 5.630E+013  1.000E-008  6.236E+001  5.551E-013
 5.650E+013  1.000E-008  6.236E+001 -3.330E-012
 5.670E+013  1.000E-008  6.236E+001  3.330E-012
 5.690E+013  1.000E-008  6.236E+001  3.330E-012
 5.710E+013  1.000E-008  6.236E+001 -3.330E-012
 5.730E+013  1.000E-008  6.236E+001  3.885E-012
 5.750E+013  1.000E-008  6.236E+001 -8.324E-012
 5.770E+013  1.000E-008  6.236E+001 -5.544E-013
 5.790E+013  1.000E-008  6.236E+001  4.994E-012
 5.810E+013  1.000E-008  6.236E+001  2.614E-011
 5.830E+013  1.000E-008  6.236E+001 -2.614E-011
 5.850E+013  1.000E-008  6.236E+001  0.000E+000
 5.870E+013  1.000E-008  6.236E+001  0.000E+000
 5.890E+013  1.000E-008  6.236E+001  0.000E+000
 5.910E+013  1.000E-008  6.236E+001  0.000E+000
 5.930E+013  1.000E-008  6.236E+001  0.000E+000
 5.950E+013  1.000E-008  6.236E+001  0.000E+000
 5.970E+013  1.000E-008  6.236E+001  0.000E+000
 5.990E+013  1.000E-008  6.236E+001  0.000E+000
 6.010E+013  1.000E-008  6.236E+001  0.000E+000
 6.030E+013  1.000E-008  6.236E+001  5.551E-013
 6.050E+013  1.000E-008  6.236E+001 -5.551E-013
 6.070E+013  1.000E-008  6.236E+001  5.551E-013
 6.090E+013  1.000E-008  6.236E+001 -5.551E-013
 6.110E+013  1.000E-008  6.236E+001  0.000E+000
 6.130E+013  1.000E-008  6.236E+001  0.000E+000
 6.150E+013  1.000E-008  6.236E+001  0.000E+000
 6.170E+013  1.000E-008  6.236E+001  5.551E-013
 6.190E+013  1.000E-008  6.236E+001 -5.551E-013
 6.210E+013  1.000E-008  6.236E+001  0.000E+000
 6.230E+013  1.000E-008  6.236E+001  0.000E+000
 6.250E+013  1.000E-008  6.236E+001  0.000E+000
 6.270E+013  1.000E-008  6.236E+001  0.000E+000
 6.290E+013  1.000E-008  6.236E+001  0.000E+000
 6.310E+013  1.000E-008  6.236E+001  0.000E+000
 6.330E+013  1.000E-008  6.236E+001  0.000E+000
 6.350E+013  1.000E-008  6.236E+001  5.551E-013
 6.370E+013  1.000E-008  6.236E+001 -5.551E-013
 6.390E+013  1.000E-008  6.236E+001  0.000E+000
 6.410E+013  1.000E-008  6.236E+001  0.000E+000
 6.430E+013  1.000E-008  6.236E+001  0.000E+000
 6.450E+013  1.000E-008  6.236E+001  0.000E+000
 6.470E+013  1.000E-008  6.236E+001  5.551E-013
 6.490E+013  1.000E-008  6.236E+001 -5.551E-013
 6.510E+013  1.000E-008  6.236E+001  0.000E+000
 6.530E+013  1.000E-008  6.236E+001  0.000E+000
 6.550E+013  1.000E-008  6.236E+001  0.000E+000
 6.570E+013  1.000E-008  6.236E+001  0.000E+000
 6.590E+013  1.000E-008  6.236E+001  5.551E-013
 6.610E+013  1.000E-008  6.236E+001 -5.551E-013
 6.630E+013  1.000E-008  6.236E+001  0.000E+000
 6.650E+013  1.000E-008  6.236E+001  0.000E+000
 6.670E+013  1.000E-008  6.236E+001  0.000E+000
 6.690E+013  1.000E-008  6.236E+001  5.551E-013
 6.710E+013  1.000E-008  6.236E+001 -5.551E-013
 6.730E+013  1.000E-008  6.236E+001  0.000E+000
 6.750E+013  1.000E-008  6.236E+001  0.000E+000
 6.770E+013  1.000E-008  6.236E+001  5.551E-013
 6.790E+013  1.000E-008  6.236E+001 -5.551E-013
 6.810E+013  1.000E-008  6.236E+001  5.551E-013
 6.830E+013  1.000E-008  6.236E+001 -2.367E-034
 6.850E+013  1.000E-008  6.236E+001 -5.551E-013
 6.870E+013  1.000E-008  6.236E+001  0.000E+000
 6.890E+013  1.000E-008  6.236E+001  0.000E+000
 6.910E+013  1.000E-008  6.236E+001  0.000E+000
 6.930E+013  1.000E-008  6.236E+001  5.551E-013
 6.950E+013  1.000E-008  6.236E+001 -5.551E-013
 6.970E+013  1.000E-008  6.236E+001  0.000E+000
 6.990E+013  1.000E-008  6.236E+001  0.000E+000
 7.010E+013  1.000E-008  6.236E+001  0.000E+000
 7.030E+013  1.000E-008  6.236E+001  0.000E+000
 7.050E+013  1.000E-008  6.236E+001  0.000E+000
 7.070E+013  1.000E-008  6.236E+001  0.000E+000
 7.090E+013  1.000E-008  6.236E+001  0.000E+000
 7.110E+013  1.000E-008  6.236E+001  0.000E+000
 7.130E+013  1.000E-008  6.236E+001  0.000E+000
 7.150E+013  1.000E-008  6.236E+001  0.000E+000
 7.170E+013  1.000E-008  6.236E+001  0.000E+000
 7.190E+013  1.000E-008  6.236E+001  5.551E-013
 7.210E+013  1.000E-008  6.236E+001 -5.551E-013
 7.230E+013  1.000E-008  6.236E+001  0.000E+000
 7.250E+013  1.000E-008  6.236E+001  0.000E+000
 7.270E+013  1.000E-008  6.236E+001  1.110E-012
 7.290E+013  1.000E-008  6.236E+001 -8.868E-034
 7.310E+013  1.000E-008  6.236E+001 -1.110E-012
 7.330E+013  1.000E-008  6.236E+001 -2.018E-031
 7.350E+013  1.000E-008  6.236E+001 -5.551E-013
 7.370E+013  1.000E-008  6.236E+001  5.551E-013
 7.390E+013  1.000E-008  6.236E+001  2.016E-031
 7.410E+013  1.000E-008  6.236E+001  8.951E-069
 7.430E+013  1.000E-008  6.236E+001  8.072E-144
 7.450E+013  1.000E-008  6.236E+001  3.058E-294
 7.470E+013  1.000E-008  6.236E+001  0.000E+000
 7.490E+013  1.000E-008  6.236E+001  0.000E+000
 7.510E+013  1.000E-008  6.236E+001  0.000E+000
 7.530E+013  1.000E-008  6.236E+001  0.000E+000
 7.550E+013  1.000E-008  6.236E+001  0.000E+000
 7.570E+013  1.000E-008  6.236E+001  0.000E+000
 7.590E+013  1.000E-008  6.236E+001  0.000E+000
 7.610E+013  1.000E-008  6.236E+001  0.000E+000
 7.630E+013  1.000E-008  6.236E+001  0.000E+000
 7.650E+013  1.000E-008  6.236E+001  0.000E+000
 7.670E+013  1.000E-008  6.236E+001  1.110E-012
 7.690E+013  1.000E-008  6.236E+001 -1.110E-012
 7.710E+013  1.000E-008  6.236E+001  1.665E-012
 7.730E+013  1.000E-008  6.236E+001 -1.665E-012
 7.750E+013  1.000E-008  6.236E+001  4.779E-032
 7.770E+013  1.000E-008  6.236E+001  1.110E-012
 7.790E+013  1.000E-008  6.236E+001 -3.330E-012
 7.810E+013  1.000E-008  6.236E+001  3.330E-012
 7.830E+013  1.000E-008  6.236E+001 -1.110E-012
 7.850E+013  1.000E-008  6.236E+001 -6.324E-069
 7.870E+013  1.000E-008  6.236E+001 -1.695E-031
 7.890E+013  1.000E-008  6.236E+001 -5.551E-013
 7.910E+013  1.000E-008  6.236E+001 -2.775E-012
 7.930E+013  1.000E-008  6.236E+001  1.665E-012
 7.950E+013  1.000E-008  6.236E+001  1.665E-012
 7.970E+013  1.000E-008  6.236E+001 -2.220E-012
 7.990E+013  1.000E-008  6.236E+001  2.220E-012
 8.010E+013  1.000E-008  6.236E+001  3.226E-030
 8.030E+013  1.000E-008  6.236E+001  2.291E-066
 8.050E+013  1.000E-008  6.236E+001  5.287E-139
 8.070E+013  1.000E-008  6.236E+001 -1.389E-277
 8.090E+013  1.000E-008  6.236E+001 -1.721E-135
 8.110E+013  1.000E-008  6.236E+001 -1.307E-064
 8.130E+013  1.000E-008  6.236E+001 -2.438E-029
 8.150E+013  1.000E-008  6.236E+001 -6.102E-012
 8.170E+013  1.000E-008  6.236E+001  7.767E-012
 8.190E+013  1.000E-008  6.236E+001 -1.665E-012
 8.210E+013  1.000E-008  6.236E+001  0.000E+000
 8.230E+013  1.000E-008  6.236E+001  0.000E+000
 8.250E+013  1.000E-008  6.236E+001  0.000E+000
 8.270E+013  1.000E-008  6.236E+001  0.000E+000
 8.290E+013  1.000E-008  6.236E+001  2.220E-012
 8.310E+013  1.000E-008  6.236E+001 -2.220E-012
 8.330E+013  1.000E-008  6.236E+001 -1.959E-031
 8.350E+013  1.000E-008  6.236E+001  3.330E-012
 8.370E+013  1.000E-008  6.236E+001 -2.775E-012
 8.390E+013  1.000E-008  6.236E+001 -2.018E-031
 8.410E+013  1.000E-008  6.236E+001 -5.551E-013
 8.430E+013  1.000E-008  6.236E+001  5.551E-013
 8.450E+013  1.000E-008  6.236E+001 -1.912E-034
 8.470E+013  1.000E-008  6.236E+001 -5.551E-013
 8.490E+013  1.000E-008  6.236E+001 -9.516E-035
 8.510E+013  1.000E-008  6.236E+001  5.551E-013
 8.530E+013  1.000E-008  6.236E+001 -1.894E-034
 8.550E+013  1.000E-008  6.236E+001 -5.551E-013
 8.570E+013  1.000E-008  6.236E+001 -9.427E-035
 8.590E+013  1.000E-008  6.236E+001  5.551E-013
 8.610E+013  1.000E-008  6.236E+001 -5.551E-013
 8.630E+013  1.000E-008  6.236E+001  0.000E+000
 8.650E+013  1.000E-008  6.236E+001  0.000E+000
 8.670E+013  1.000E-008  6.236E+001  0.000E+000
 8.690E+013  1.000E-008  6.236E+001  0.000E+000
 8.710E+013  1.000E-008  6.236E+001  0.000E+000
 8.730E+013  1.000E-008  6.236E+001  0.000E+000
 8.750E+013  1.000E-008  6.236E+001  5.551E-013
 8.770E+013  1.000E-008  6.236E+001 -5.551E-013
 8.790E+013  1.000E-008  6.236E+001 -9.191E-035
 8.810E+013  1.000E-008  6.236E+001  5.551E-013
 8.830E+013  1.000E-008  6.236E+001 -5.551E-013
 8.850E+013  1.000E-008  6.236E+001  5.551E-013
 8.870E+013  1.000E-008  6.236E+001  5.551E-013
 8.890E+013  1.000E-008  6.236E+001 -1.110E-012
 8.910E+013  1.000E-008  6.236E+001  0.000E+000
 8.930E+013  1.000E-008  6.236E+001  0.000E+000
 8.950E+013  1.000E-008  6.236E+001  0.000E+000
 8.970E+013  1.000E-008  6.236E+001  0.000E+000
 8.990E+013  1.000E-008  6.236E+001  0.000E+000
 9.010E+013  1.000E-008  6.236E+001  5.551E-013
 9.030E+013  1.000E-008  6.236E+001 -1.789E-034
 9.050E+013  1.000E-008  6.236E+001 -5.551E-013
 9.070E+013  1.000E-008  6.236E+001  5.551E-013
 9.090E+013  1.000E-008  6.236E+001 -1.778E-034
 9.110E+013  1.000E-008  6.236E+001 -5.551E-013
 9.130E+013  1.000E-008  6.236E+001  0.000E+000
 9.150E+013  1.000E-008  6.236E+001  0.000E+000
 9.170E+013  1.000E-008  6.236E+001  0.000E+000
 9.190E+013  1.000E-008  6.236E+001  0.000E+000
 9.210E+013  1.000E-008  6.236E+001  0.000E+000
 9.230E+013  1.000E-008  6.236E+001  5.551E-013
 9.250E+013  1.000E-008  6.236E+001 -1.747E-034
 9.270E+013  1.000E-008  6.236E+001 -5.551E-013
 9.290E+013  1.000E-008  6.236E+001  0.000E+000
 9.310E+013  1.000E-008  6.236E+001  0.000E+000
 9.330E+013  1.000E-008  6.236E+001  0.000E+000
 9.350E+013  1.000E-008  6.236E+001  0.000E+000
 9.370E+013  1.000E-008  6.236E+001  5.551E-013
 9.390E+013  1.000E-008  6.236E+001 -5.551E-013
 9.410E+013  1.000E-008  6.236E+001  5.551E-013
 9.430E+013  1.000E-008  6.236E+001 -5.551E-013
 9.450E+013  1.000E-008  6.236E+001  0.000E+000
 9.470E+013  1.000E-008  6.236E+001  0.000E+000
 9.490E+013  1.000E-008  6.236E+001  0.000E+000
 9.510E+013  1.000E-008  6.236E+001  0.000E+000
 9.530E+013  1.000E-008  6.236E+001  5.551E-013
 9.550E+013  1.000E-008  6.236E+001 -5.551E-013
 9.570E+013  1.000E-008  6.236E+001 -8.968E-069
 9.590E+013  1.000E-008  6.236E+001 -2.018E-031
 9.610E+013  1.000E-008  6.236E+001 -5.551E-013
 9.630E+013  1.000E-008  6.236E+001  5.551E-013
 9.650E+013  1.000E-008  6.236E+001  2.017E-031
 9.670E+013  1.000E-008  6.236E+001  5.551E-013
 9.690E+013  1.000E-008  6.236E+001 -5.551E-013
 9.710E+013  1.000E-008  6.236E+001  0.000E+000
 9.730E+013  1.000E-008  6.236E+001  0.000E+000
 9.750E+013  1.000E-008  6.236E+001  0.000E+000
 9.770E+013  1.000E-008  6.236E+001  0.000E+000
 9.790E+013  1.000E-008  6.236E+001  0.000E+000
 9.810E+013  1.000E-008  6.236E+001  0.000E+000
 9.830E+013  1.000E-008  6.236E+001  0.000E+000
 9.850E+013  1.000E-008  6.236E+001  0.000E+000
 9.870E+013  1.000E-008  6.236E+001  0.000E+000
 9.890E+013  1.000E-008  6.236E+001  0.000E+000
 9.910E+013  1.000E-008  6.236E+001  0.000E+000
 9.930E+013  1.000E-008  6.236E+001  0.000E+000
 9.950E+013  1.000E-008  6.236E+001  5.551E-013
 9.970E+013  1.000E-008  6.236E+001 -5.551E-013
 9.990E+013  1.000E-008  6.236E+001  0.000E+000
 1.001E+014  1.000E-099  1.000E-099  0.000E+000
 1.003E+014  1.000E-099  1.000E-099  0.000E+000
 4.954E-003
