 2.413E+004
     x1b        dens       energ       v1
 1.000E+011  3.595E-010  1.382E+007  0.000E+000
 3.000E+011  3.985E-010  1.473E+007  3.841E+006
 5.000E+011  4.230E-010  1.423E+007  2.817E+004
 7.000E+011  4.414E-010  1.409E+007  1.806E+006
 9.000E+011  4.481E-010  1.404E+007  4.524E+006
 1.100E+012  4.493E-010  1.409E+007  7.649E+006
 1.300E+012  4.405E-010  1.392E+007  8.737E+006
 1.500E+012  4.373E-010  1.382E+007  9.896E+006
 1.700E+012  4.445E-010  1.388E+007  1.206E+007
 1.900E+012  4.624E-010  1.383E+007  1.341E+007
 2.100E+012  5.031E-010  1.381E+007  1.570E+007
 2.300E+012  5.914E-010  1.402E+007  1.769E+007
 2.500E+012  7.520E-010  1.399E+007  2.048E+007
 2.700E+012  1.089E-009  1.474E+007  2.410E+007
 2.900E+012  1.653E-009  1.499E+007  2.852E+007
 3.100E+012  2.726E-009  1.676E+007  3.135E+007
 3.300E+012  4.595E-009  2.015E+007  4.028E+007
 3.500E+012  6.449E-009  1.995E+007  4.168E+007
 3.700E+012  8.706E-009  2.055E+007  3.836E+007
 3.900E+012  1.441E-008  3.029E+007  4.209E+007
 4.100E+012  2.126E-008  3.823E+007  5.128E+007
 4.300E+012  2.121E-008  2.400E+007  4.850E+007
 4.500E+012  1.545E-008  5.722E+006  3.492E+007
 4.700E+012  1.120E-008  2.424E+005  1.551E+007
 4.900E+012  1.007E-008  1.677E+002  1.797E+006
 5.100E+012  1.000E-008  6.236E+001  7.009E+003
 5.300E+012  1.000E-008  6.236E+001  1.737E-002
 5.500E+012  1.000E-008  6.236E+001  2.728E-011
 5.700E+012  1.000E-008  6.236E+001  2.808E-030
 5.900E+012  1.000E-008  6.236E+001  1.087E-073
 6.100E+012  1.000E-008  6.236E+001  1.676E-166
 6.300E+012  1.000E-008  6.236E+001 -3.298E-151
 6.500E+012  1.000E-008  6.236E+001 -4.810E-072
 6.700E+012  1.000E-008  6.236E+001 -1.211E-032
 6.900E+012  1.000E-008  6.236E+001 -3.428E-013
 7.100E+012  1.000E-008  6.236E+001 -8.559E-014
 7.300E+012  1.000E-008  6.236E+001  3.424E-012
 7.500E+012  1.000E-008  6.236E+001 -2.910E-012
 7.700E+012  1.000E-008  6.236E+001 -8.573E-014
 7.900E+012  1.000E-008  6.236E+001  8.573E-014
 8.100E+012  1.000E-008  6.236E+001 -8.573E-014
 8.300E+012  1.000E-008  6.236E+001 -7.568E-034
 8.500E+012  1.000E-008  6.236E+001 -8.572E-014
 8.700E+012  1.000E-008  6.236E+001  8.572E-014
 8.900E+012  1.000E-008  6.236E+001  7.497E-034
 9.100E+012  1.000E-008  6.236E+001  1.844E-074
 9.300E+012  1.000E-008  6.236E+001  4.848E-156
 9.500E+012  1.000E-008  6.236E+001  0.000E+000
 9.700E+012  1.000E-008  6.236E+001  0.000E+000
 9.900E+012  1.000E-008  6.236E+001  4.285E-013
 1.010E+013  1.000E-008  6.236E+001 -8.563E-014
 1.030E+013  1.000E-008  6.236E+001 -3.428E-013
 1.050E+013  1.000E-008  6.236E+001  0.000E+000
 1.070E+013  1.000E-008  6.236E+001  0.000E+000
 1.090E+013  1.000E-008  6.236E+001  0.000E+000
 1.110E+013  1.000E-008  6.236E+001  0.000E+000
 1.130E+013  1.000E-008  6.236E+001  8.573E-014
 1.150E+013  1.000E-008  6.236E+001 -8.573E-014
 1.170E+013  1.000E-008  6.236E+001  0.000E+000
 1.190E+013  1.000E-008  6.236E+001  0.000E+000
 1.210E+013  1.000E-008  6.236E+001  8.573E-014
 1.230E+013  1.000E-008  6.236E+001 -4.940E-036
 1.250E+013  1.000E-008  6.236E+001 -8.573E-014
 1.270E+013  1.000E-008  6.236E+001  0.000E+000
 1.290E+013  1.000E-008  6.236E+001  0.000E+000
 1.310E+013  1.000E-008  6.236E+001  0.000E+000
 1.330E+013  1.000E-008  6.236E+001  0.000E+000
 1.350E+013  1.000E-008  6.236E+001  0.000E+000
 1.370E+013  1.000E-008  6.236E+001  0.000E+000
 1.390E+013  1.000E-008  6.236E+001  3.428E-013
 1.410E+013  1.000E-008  6.236E+001 -3.428E-013
 1.430E+013  1.000E-008  6.236E+001 -1.272E-012
 1.450E+013  1.000E-008  6.236E+001  1.272E-012
 1.470E+013  1.000E-008  6.236E+001  2.571E-013
 1.490E+013  1.000E-008  6.236E+001 -2.571E-013
 1.510E+013  1.000E-008  6.236E+001  0.000E+000
 1.530E+013  1.000E-008  6.236E+001  0.000E+000
 1.550E+013  1.000E-008  6.236E+001  0.000E+000
 1.570E+013  1.000E-008  6.236E+001  0.000E+000
 1.590E+013  1.000E-008  6.236E+001  8.573E-014
 1.610E+013  1.000E-008  6.236E+001 -3.767E-036
 1.630E+013  1.000E-008  6.236E+001 -8.573E-014
 1.650E+013  1.000E-008  6.236E+001 -8.572E-014
 1.670E+013  1.000E-008  6.236E+001  8.572E-014
 1.690E+013  1.000E-008  6.236E+001  7.513E-034
 1.710E+013  1.000E-008  6.236E+001  1.852E-074
 1.730E+013  1.000E-008  6.236E+001  4.891E-156
 1.750E+013  1.000E-008  6.236E+001  0.000E+000
 1.770E+013  1.000E-008  6.236E+001  0.000E+000
 1.790E+013  1.000E-008  6.236E+001  0.000E+000
 1.810E+013  1.000E-008  6.236E+001  0.000E+000
 1.830E+013  1.000E-008  6.236E+001  8.573E-014
 1.850E+013  1.000E-008  6.236E+001 -8.573E-014
 1.870E+013  1.000E-008  6.236E+001  3.428E-013
 1.890E+013  1.000E-008  6.236E+001 -5.143E-013
 1.910E+013  1.000E-008  6.236E+001  3.429E-013
 1.930E+013  1.000E-008  6.236E+001 -1.715E-013
 1.950E+013  1.000E-008  6.236E+001  0.000E+000
 1.970E+013  1.000E-008  6.236E+001  0.000E+000
 1.990E+013  1.000E-008  6.236E+001  0.000E+000
 2.010E+013  1.000E-008  6.236E+001  0.000E+000
 2.030E+013  1.000E-008  6.236E+001  0.000E+000
 2.050E+013  1.000E-008  6.236E+001  0.000E+000
 2.070E+013  1.000E-008  6.236E+001  0.000E+000
 2.090E+013  1.000E-008  6.236E+001  8.573E-014
 2.110E+013  1.000E-008  6.236E+001 -2.870E-036
 2.130E+013  1.000E-008  6.236E+001 -8.573E-014
 2.150E+013  1.000E-008  6.236E+001  0.000E+000
 2.170E+013  1.000E-008  6.236E+001  0.000E+000
 2.190E+013  1.000E-008  6.236E+001  0.000E+000
 2.210E+013  1.000E-008  6.236E+001  0.000E+000
 2.230E+013  1.000E-008  6.236E+001  0.000E+000
 2.250E+013  1.000E-008  6.236E+001  0.000E+000
 2.270E+013  1.000E-008  6.236E+001  8.573E-014
 2.290E+013  1.000E-008  6.236E+001 -2.643E-036
 2.310E+013  1.000E-008  6.236E+001 -8.573E-014
 2.330E+013  1.000E-008  6.236E+001  0.000E+000
 2.350E+013  1.000E-008  6.236E+001  0.000E+000
 2.370E+013  1.000E-008  6.236E+001  8.573E-014
 2.390E+013  1.000E-008  6.236E+001 -8.573E-014
 2.410E+013  1.000E-008  6.236E+001  0.000E+000
 2.430E+013  1.000E-008  6.236E+001  0.000E+000
 2.450E+013  1.000E-008  6.236E+001  0.000E+000
 2.470E+013  1.000E-008  6.236E+001  8.573E-014
 2.490E+013  1.000E-008  6.236E+001 -8.573E-014
 2.510E+013  1.000E-008  6.236E+001  8.573E-014
 2.530E+013  1.000E-008  6.236E+001 -8.573E-014
 2.550E+013  1.000E-008  6.236E+001 -9.881E-315
 2.570E+013  1.000E-008  6.236E+001 -1.271E-153
 2.590E+013  1.000E-008  6.236E+001 -2.985E-073
 2.610E+013  1.000E-008  6.236E+001 -3.017E-033
 2.630E+013  1.000E-008  6.236E+001 -1.714E-013
 2.650E+013  1.000E-008  6.236E+001  1.714E-013
 2.670E+013  1.000E-008  6.236E+001  3.007E-033
 2.690E+013  1.000E-008  6.236E+001  2.967E-073
 2.710E+013  1.000E-008  6.236E+001  8.573E-014
 2.730E+013  1.000E-008  6.236E+001 -8.573E-014
 2.750E+013  1.000E-008  6.236E+001  2.571E-013
 2.770E+013  1.000E-008  6.236E+001 -2.571E-013
 2.790E+013  1.000E-008  6.236E+001  0.000E+000
 2.810E+013  1.000E-008  6.236E+001  0.000E+000
 2.830E+013  1.000E-008  6.236E+001  4.285E-013
 2.850E+013  1.000E-008  6.236E+001 -8.563E-014
 2.870E+013  1.000E-008  6.236E+001 -3.428E-013
 2.890E+013  1.000E-008  6.236E+001 -1.176E-033
 2.910E+013  1.000E-008  6.236E+001  5.995E-013
 2.930E+013  1.000E-008  6.236E+001 -5.995E-013
 2.950E+013  1.000E-008  6.236E+001  0.000E+000
 2.970E+013  1.000E-008  6.236E+001  0.000E+000
 2.990E+013  1.000E-008  6.236E+001  0.000E+000
 3.010E+013  1.000E-008  6.236E+001  8.573E-014
 3.030E+013  1.000E-008  6.236E+001 -8.573E-014
 3.050E+013  1.000E-008  6.236E+001  8.573E-014
 3.070E+013  1.000E-008  6.236E+001 -8.573E-014
 3.090E+013  1.000E-008  6.236E+001  8.573E-014
 3.110E+013  1.000E-008  6.236E+001  8.572E-014
 3.130E+013  1.000E-008  6.236E+001 -1.715E-013
 3.150E+013  1.000E-008  6.236E+001  0.000E+000
 3.170E+013  1.000E-008  6.236E+001  0.000E+000
 3.190E+013  1.000E-008  6.236E+001  0.000E+000
 3.210E+013  1.000E-008  6.236E+001  0.000E+000
 3.230E+013  1.000E-008  6.236E+001  0.000E+000
 3.250E+013  1.000E-008  6.236E+001  0.000E+000
 3.270E+013  1.000E-008  6.236E+001  0.000E+000
 3.290E+013  1.000E-008  6.236E+001 -4.961E-156
 3.310E+013  1.000E-008  6.236E+001 -1.865E-074
 3.330E+013  1.000E-008  6.236E+001 -7.540E-034
 3.350E+013  1.000E-008  6.236E+001 -8.572E-014
 3.370E+013  1.000E-008  6.236E+001  8.572E-014
 3.390E+013  1.000E-008  6.236E+001  7.522E-034
 3.410E+013  1.000E-008  6.236E+001  1.856E-074
 3.430E+013  1.000E-008  6.236E+001  4.914E-156
 3.450E+013  1.000E-008  6.236E+001  1.715E-013
 3.470E+013  1.000E-008  6.236E+001 -1.715E-013
 3.490E+013  1.000E-008  6.236E+001  0.000E+000
 3.510E+013  1.000E-008  6.236E+001  0.000E+000
 3.530E+013  1.000E-008  6.236E+001  0.000E+000
 3.550E+013  1.000E-008  6.236E+001  0.000E+000
 3.570E+013  1.000E-008  6.236E+001  1.715E-013
 3.590E+013  1.000E-008  6.236E+001 -8.572E-014
 3.610E+013  1.000E-008  6.236E+001 -7.542E-034
 3.630E+013  1.000E-008  6.236E+001 -8.573E-014
 3.650E+013  1.000E-008  6.236E+001 -8.572E-014
 3.670E+013  1.000E-008  6.236E+001  8.572E-014
 3.690E+013  1.000E-008  6.236E+001  8.573E-014
 3.710E+013  1.000E-008  6.236E+001 -8.573E-014
 3.730E+013  1.000E-008  6.236E+001 -8.100E-037
 3.750E+013  1.000E-008  6.236E+001  8.573E-014
 3.770E+013  1.000E-008  6.236E+001 -8.573E-014
 3.790E+013  1.000E-008  6.236E+001  0.000E+000
 3.810E+013  1.000E-008  6.236E+001  0.000E+000
 3.830E+013  1.000E-008  6.236E+001  8.573E-014
 3.850E+013  1.000E-008  6.236E+001 -8.573E-014
 3.870E+013  1.000E-008  6.236E+001 -7.539E-034
 3.890E+013  1.000E-008  6.236E+001 -8.572E-014
 3.910E+013  1.000E-008  6.236E+001 -2.283E-034
 3.930E+013  1.000E-008  6.236E+001  2.572E-013
 3.950E+013  1.000E-008  6.236E+001 -8.572E-014
 3.970E+013  1.000E-008  6.236E+001  2.571E-013
 3.990E+013  1.000E-008  6.236E+001 -3.428E-013
 4.010E+013  1.000E-008  6.236E+001  0.000E+000
 4.030E+013  1.000E-008  6.236E+001  0.000E+000
 4.050E+013  1.000E-008  6.236E+001  0.000E+000
 4.070E+013  1.000E-008  6.236E+001  0.000E+000
 4.090E+013  1.000E-008  6.236E+001  2.930E-012
 4.110E+013  1.000E-008  6.236E+001 -2.930E-012
 4.130E+013  1.000E-008  6.236E+001  2.148E-012
 4.150E+013  1.000E-008  6.236E+001 -2.148E-012
 4.170E+013  1.000E-008  6.236E+001  7.702E-013
 4.190E+013  1.000E-008  6.236E+001 -6.845E-013
 4.210E+013  1.000E-008  6.236E+001 -7.541E-034
 4.230E+013  1.000E-008  6.236E+001 -8.573E-014
 4.250E+013  1.000E-008  6.236E+001  0.000E+000
 4.270E+013  1.000E-008  6.236E+001  0.000E+000
 4.290E+013  1.000E-008  6.236E+001  0.000E+000
 4.310E+013  1.000E-008  6.236E+001  0.000E+000
 4.330E+013  1.000E-008  6.236E+001  0.000E+000
 4.350E+013  1.000E-008  6.236E+001  0.000E+000
 4.370E+013  1.000E-008  6.236E+001  0.000E+000
 4.390E+013  1.000E-008  6.236E+001  0.000E+000
 4.410E+013  1.000E-008  6.236E+001  0.000E+000
 4.430E+013  1.000E-008  6.236E+001  0.000E+000
 4.450E+013  1.000E-008  6.236E+001  0.000E+000
 4.470E+013  1.000E-008  6.236E+001  8.573E-014
 4.490E+013  1.000E-008  6.236E+001 -1.345E-036
 4.510E+013  1.000E-008  6.236E+001 -8.573E-014
 4.530E+013  1.000E-008  6.236E+001  0.000E+000
 4.550E+013  1.000E-008  6.236E+001 -4.955E-156
 4.570E+013  1.000E-008  6.236E+001 -1.864E-074
 4.590E+013  1.000E-008  6.236E+001 -7.538E-034
 4.610E+013  1.000E-008  6.236E+001 -8.572E-014
 4.630E+013  1.000E-008  6.236E+001  8.572E-014
 4.650E+013  1.000E-008  6.236E+001  8.573E-014
 4.670E+013  1.000E-008  6.236E+001 -8.573E-014
 4.690E+013  1.000E-008  6.236E+001  8.573E-014
 4.710E+013  1.000E-008  6.236E+001 -8.573E-014
 4.730E+013  1.000E-008  6.236E+001  0.000E+000
 4.750E+013  1.000E-008  6.236E+001  0.000E+000
 4.770E+013  1.000E-008  6.236E+001  0.000E+000
 4.790E+013  1.000E-008  6.236E+001  8.573E-014
 4.810E+013  1.000E-008  6.236E+001 -8.573E-014
 4.830E+013  1.000E-008  6.236E+001 -6.252E-037
 4.850E+013  1.000E-008  6.236E+001  8.573E-014
 4.870E+013  1.000E-008  6.236E+001 -8.573E-014
 4.890E+013  1.000E-008  6.236E+001  0.000E+000
 4.910E+013  1.000E-008  6.236E+001  0.000E+000
 4.930E+013  1.000E-008  6.236E+001  0.000E+000
 4.950E+013  1.000E-008  6.236E+001  0.000E+000
 4.970E+013  1.000E-008  6.236E+001  0.000E+000
 4.990E+013  1.000E-008  6.236E+001  1.715E-013
 5.010E+013  1.000E-008  6.236E+001 -2.572E-013
 5.030E+013  1.000E-008  6.236E+001  8.572E-014
 5.050E+013  1.000E-008  6.236E+001  7.525E-034
 5.070E+013  1.000E-008  6.236E+001  1.858E-074
 5.090E+013  1.000E-008  6.236E+001  4.922E-156
 5.110E+013  1.000E-008  6.236E+001  8.573E-014
 5.130E+013  1.000E-008  6.236E+001 -8.573E-014
 5.150E+013  1.000E-008  6.236E+001  0.000E+000
 5.170E+013  1.000E-008  6.236E+001  0.000E+000
 5.190E+013  1.000E-008  6.236E+001  0.000E+000
 5.210E+013  1.000E-008  6.236E+001 -4.952E-156
 5.230E+013  1.000E-008  6.236E+001 -1.863E-074
 5.250E+013  1.000E-008  6.236E+001 -7.537E-034
 5.270E+013  1.000E-008  6.236E+001 -8.572E-014
 5.290E+013  1.000E-008  6.236E+001  8.572E-014
 5.310E+013  1.000E-008  6.236E+001  7.525E-034
 5.330E+013  1.000E-008  6.236E+001  1.858E-074
 5.350E+013  1.000E-008  6.236E+001  1.715E-013
 5.370E+013  1.000E-008  6.236E+001 -1.715E-013
 5.390E+013  1.000E-008  6.236E+001  9.931E-035
 5.410E+013  1.000E-008  6.236E+001  8.573E-014
 5.430E+013  1.000E-008  6.236E+001  8.572E-014
 5.450E+013  1.000E-008  6.236E+001  8.570E-014
 5.470E+013  1.000E-008  6.236E+001 -2.571E-013
 5.490E+013  1.000E-008  6.236E+001 -7.537E-034
 5.510E+013  1.000E-008  6.236E+001 -8.572E-014
 5.530E+013  1.000E-008  6.236E+001  1.715E-013
 5.550E+013  1.000E-008  6.236E+001 -3.428E-013
 5.570E+013  1.000E-008  6.236E+001  1.714E-013
 5.590E+013  1.000E-008  6.236E+001  8.572E-014
 5.610E+013  1.000E-008  6.236E+001 -8.572E-014
 5.630E+013  1.000E-008  6.236E+001  8.572E-014
 5.650E+013  1.000E-008  6.236E+001 -5.139E-013
 5.670E+013  1.000E-008  6.236E+001  5.139E-013
 5.690E+013  1.000E-008  6.236E+001  5.140E-013
 5.710E+013  1.000E-008  6.236E+001 -5.140E-013
 5.730E+013  1.000E-008  6.236E+001  5.995E-013
 5.750E+013  1.000E-008  6.236E+001 -1.284E-012
 5.770E+013  1.000E-008  6.236E+001 -8.509E-014
 5.790E+013  1.000E-008  6.236E+001  7.698E-013
 5.810E+013  1.000E-008  6.236E+001  3.608E-012
 5.830E+013  1.000E-008  6.236E+001 -3.608E-012
 5.850E+013  1.000E-008  6.236E+001  0.000E+000
 5.870E+013  1.000E-008  6.236E+001  0.000E+000
 5.890E+013  1.000E-008  6.236E+001  0.000E+000
 5.910E+013  1.000E-008  6.236E+001  0.000E+000
 5.930E+013  1.000E-008  6.236E+001  0.000E+000
 5.950E+013  1.000E-008  6.236E+001  0.000E+000
 5.970E+013  1.000E-008  6.236E+001  0.000E+000
 5.990E+013  1.000E-008  6.236E+001  0.000E+000
 6.010E+013  1.000E-008  6.236E+001  0.000E+000
 6.030E+013  1.000E-008  6.236E+001  8.573E-014
 6.050E+013  1.000E-008  6.236E+001 -8.573E-014
 6.070E+013  1.000E-008  6.236E+001  8.573E-014
 6.090E+013  1.000E-008  6.236E+001 -8.573E-014
 6.110E+013  1.000E-008  6.236E+001  0.000E+000
 6.130E+013  1.000E-008  6.236E+001  0.000E+000
 6.150E+013  1.000E-008  6.236E+001  0.000E+000
 6.170E+013  1.000E-008  6.236E+001  8.573E-014
 6.190E+013  1.000E-008  6.236E+001 -8.573E-014
 6.210E+013  1.000E-008  6.236E+001  0.000E+000
 6.230E+013  1.000E-008  6.236E+001  0.000E+000
 6.250E+013  1.000E-008  6.236E+001  0.000E+000
 6.270E+013  1.000E-008  6.236E+001  0.000E+000
 6.290E+013  1.000E-008  6.236E+001  0.000E+000
 6.310E+013  1.000E-008  6.236E+001  0.000E+000
 6.330E+013  1.000E-008  6.236E+001  0.000E+000
 6.350E+013  1.000E-008  6.236E+001  8.573E-014
 6.370E+013  1.000E-008  6.236E+001 -8.573E-014
 6.390E+013  1.000E-008  6.236E+001  0.000E+000
 6.410E+013  1.000E-008  6.236E+001  0.000E+000
 6.430E+013  1.000E-008  6.236E+001  0.000E+000
 6.450E+013  1.000E-008  6.236E+001  0.000E+000
 6.470E+013  1.000E-008  6.236E+001  8.573E-014
 6.490E+013  1.000E-008  6.236E+001 -8.573E-014
 6.510E+013  1.000E-008  6.236E+001  0.000E+000
 6.530E+013  1.000E-008  6.236E+001  0.000E+000
 6.550E+013  1.000E-008  6.236E+001  0.000E+000
 6.570E+013  1.000E-008  6.236E+001  0.000E+000
 6.590E+013  1.000E-008  6.236E+001  8.573E-014
 6.610E+013  1.000E-008  6.236E+001 -8.573E-014
 6.630E+013  1.000E-008  6.236E+001  0.000E+000
 6.650E+013  1.000E-008  6.236E+001  0.000E+000
 6.670E+013  1.000E-008  6.236E+001  0.000E+000
 6.690E+013  1.000E-008  6.236E+001  8.573E-014
 6.710E+013  1.000E-008  6.236E+001 -8.573E-014
 6.730E+013  1.000E-008  6.236E+001  0.000E+000
 6.750E+013  1.000E-008  6.236E+001  0.000E+000
 6.770E+013  1.000E-008  6.236E+001  8.573E-014
 6.790E+013  1.000E-008  6.236E+001 -8.573E-014
 6.810E+013  1.000E-008  6.236E+001  8.573E-014
 6.830E+013  1.000E-008  6.236E+001 -8.837E-037
 6.850E+013  1.000E-008  6.236E+001 -8.573E-014
 6.870E+013  1.000E-008  6.236E+001  0.000E+000
 6.890E+013  1.000E-008  6.236E+001  0.000E+000
 6.910E+013  1.000E-008  6.236E+001  0.000E+000
 6.930E+013  1.000E-008  6.236E+001  8.573E-014
 6.950E+013  1.000E-008  6.236E+001 -8.573E-014
 6.970E+013  1.000E-008  6.236E+001  0.000E+000
 6.990E+013  1.000E-008  6.236E+001  0.000E+000
 7.010E+013  1.000E-008  6.236E+001  0.000E+000
 7.030E+013  1.000E-008  6.236E+001  0.000E+000
 7.050E+013  1.000E-008  6.236E+001  0.000E+000
 7.070E+013  1.000E-008  6.236E+001  0.000E+000
 7.090E+013  1.000E-008  6.236E+001  0.000E+000
 7.110E+013  1.000E-008  6.236E+001  0.000E+000
 7.130E+013  1.000E-008  6.236E+001  0.000E+000
 7.150E+013  1.000E-008  6.236E+001  0.000E+000
 7.170E+013  1.000E-008  6.236E+001  0.000E+000
 7.190E+013  1.000E-008  6.236E+001  8.573E-014
 7.210E+013  1.000E-008  6.236E+001 -8.573E-014
 7.230E+013  1.000E-008  6.236E+001  0.000E+000
 7.250E+013  1.000E-008  6.236E+001  0.000E+000
 7.270E+013  1.000E-008  6.236E+001  1.715E-013
 7.290E+013  1.000E-008  6.236E+001 -3.311E-036
 7.310E+013  1.000E-008  6.236E+001 -1.715E-013
 7.330E+013  1.000E-008  6.236E+001 -7.535E-034
 7.350E+013  1.000E-008  6.236E+001 -8.572E-014
 7.370E+013  1.000E-008  6.236E+001  8.572E-014
 7.390E+013  1.000E-008  6.236E+001  7.527E-034
 7.410E+013  1.000E-008  6.236E+001  1.858E-074
 7.430E+013  1.000E-008  6.236E+001  4.927E-156
 7.450E+013  1.000E-008  6.236E+001  0.000E+000
 7.470E+013  1.000E-008  6.236E+001  0.000E+000
 7.490E+013  1.000E-008  6.236E+001  0.000E+000
 7.510E+013  1.000E-008  6.236E+001  0.000E+000
 7.530E+013  1.000E-008  6.236E+001  0.000E+000
 7.550E+013  1.000E-008  6.236E+001  0.000E+000
 7.570E+013  1.000E-008  6.236E+001  0.000E+000
 7.590E+013  1.000E-008  6.236E+001  0.000E+000
 7.610E+013  1.000E-008  6.236E+001  0.000E+000
 7.630E+013  1.000E-008  6.236E+001  0.000E+000
 7.650E+013  1.000E-008  6.236E+001  0.000E+000
 7.670E+013  1.000E-008  6.236E+001  1.715E-013
 7.690E+013  1.000E-008  6.236E+001 -1.715E-013
 7.710E+013  1.000E-008  6.236E+001  2.571E-013
 7.730E+013  1.000E-008  6.236E+001 -2.571E-013
 7.750E+013  1.000E-008  6.236E+001  1.783E-034
 7.770E+013  1.000E-008  6.236E+001  1.715E-013
 7.790E+013  1.000E-008  6.236E+001 -5.142E-013
 7.810E+013  1.000E-008  6.236E+001  5.142E-013
 7.830E+013  1.000E-008  6.236E+001 -1.715E-013
 7.850E+013  1.000E-008  6.236E+001 -1.313E-074
 7.870E+013  1.000E-008  6.236E+001 -6.327E-034
 7.890E+013  1.000E-008  6.236E+001 -8.572E-014
 7.910E+013  1.000E-008  6.236E+001 -4.282E-013
 7.930E+013  1.000E-008  6.236E+001  2.568E-013
 7.950E+013  1.000E-008  6.236E+001  2.571E-013
 7.970E+013  1.000E-008  6.236E+001 -3.428E-013
 7.990E+013  1.000E-008  6.236E+001  3.428E-013
 8.010E+013  1.000E-008  6.236E+001  1.203E-032
 8.030E+013  1.000E-008  6.236E+001  4.747E-072
 8.050E+013  1.000E-008  6.236E+001  3.213E-151
 8.070E+013  1.000E-008  6.236E+001 -5.928E-303
 8.090E+013  1.000E-008  6.236E+001 -9.971E-148
 8.110E+013  1.000E-008  6.236E+001 -2.650E-070
 8.130E+013  1.000E-008  6.236E+001 -9.007E-032
 8.150E+013  1.000E-008  6.236E+001 -9.391E-013
 8.170E+013  1.000E-008  6.236E+001  1.196E-012
 8.190E+013  1.000E-008  6.236E+001 -2.571E-013
 8.210E+013  1.000E-008  6.236E+001  0.000E+000
 8.230E+013  1.000E-008  6.236E+001  0.000E+000
 8.250E+013  1.000E-008  6.236E+001  0.000E+000
 8.270E+013  1.000E-008  6.236E+001  0.000E+000
 8.290E+013  1.000E-008  6.236E+001  3.428E-013
 8.310E+013  1.000E-008  6.236E+001 -3.428E-013
 8.330E+013  1.000E-008  6.236E+001 -7.300E-034
 8.350E+013  1.000E-008  6.236E+001  5.140E-013
 8.370E+013  1.000E-008  6.236E+001 -4.283E-013
 8.390E+013  1.000E-008  6.236E+001 -7.537E-034
 8.410E+013  1.000E-008  6.236E+001 -8.573E-014
 8.430E+013  1.000E-008  6.236E+001  8.573E-014
 8.450E+013  1.000E-008  6.236E+001 -7.141E-037
 8.470E+013  1.000E-008  6.236E+001 -8.573E-014
 8.490E+013  1.000E-008  6.236E+001 -3.553E-037
 8.510E+013  1.000E-008  6.236E+001  8.573E-014
 8.530E+013  1.000E-008  6.236E+001 -7.074E-037
 8.550E+013  1.000E-008  6.236E+001 -8.573E-014
 8.570E+013  1.000E-008  6.236E+001 -3.520E-037
 8.590E+013  1.000E-008  6.236E+001  8.573E-014
 8.610E+013  1.000E-008  6.236E+001 -8.573E-014
 8.630E+013  1.000E-008  6.236E+001  0.000E+000
 8.650E+013  1.000E-008  6.236E+001  0.000E+000
 8.670E+013  1.000E-008  6.236E+001  0.000E+000
 8.690E+013  1.000E-008  6.236E+001  0.000E+000
 8.710E+013  1.000E-008  6.236E+001  0.000E+000
 8.730E+013  1.000E-008  6.236E+001  0.000E+000
 8.750E+013  1.000E-008  6.236E+001  8.573E-014
 8.770E+013  1.000E-008  6.236E+001 -8.573E-014
 8.790E+013  1.000E-008  6.236E+001 -3.432E-037
 8.810E+013  1.000E-008  6.236E+001  8.573E-014
 8.830E+013  1.000E-008  6.236E+001 -8.573E-014
 8.850E+013  1.000E-008  6.236E+001  8.573E-014
 8.870E+013  1.000E-008  6.236E+001  8.572E-014
 8.890E+013  1.000E-008  6.236E+001 -1.715E-013
 8.910E+013  1.000E-008  6.236E+001  0.000E+000
 8.930E+013  1.000E-008  6.236E+001  0.000E+000
 8.950E+013  1.000E-008  6.236E+001  0.000E+000
 8.970E+013  1.000E-008  6.236E+001  0.000E+000
 8.990E+013  1.000E-008  6.236E+001  0.000E+000
 9.010E+013  1.000E-008  6.236E+001  8.573E-014
 9.030E+013  1.000E-008  6.236E+001 -6.681E-037
 9.050E+013  1.000E-008  6.236E+001 -8.573E-014
 9.070E+013  1.000E-008  6.236E+001  8.573E-014
 9.090E+013  1.000E-008  6.236E+001 -6.637E-037
 9.110E+013  1.000E-008  6.236E+001 -8.573E-014
 9.130E+013  1.000E-008  6.236E+001  0.000E+000
 9.150E+013  1.000E-008  6.236E+001  0.000E+000
 9.170E+013  1.000E-008  6.236E+001  0.000E+000
 9.190E+013  1.000E-008  6.236E+001  0.000E+000
 9.210E+013  1.000E-008  6.236E+001  0.000E+000
 9.230E+013  1.000E-008  6.236E+001  8.573E-014
 9.250E+013  1.000E-008  6.236E+001 -6.522E-037
 9.270E+013  1.000E-008  6.236E+001 -8.573E-014
 9.290E+013  1.000E-008  6.236E+001  0.000E+000
 9.310E+013  1.000E-008  6.236E+001  0.000E+000
 9.330E+013  1.000E-008  6.236E+001  0.000E+000
 9.350E+013  1.000E-008  6.236E+001  0.000E+000
 9.370E+013  1.000E-008  6.236E+001  8.573E-014
 9.390E+013  1.000E-008  6.236E+001 -8.573E-014
 9.410E+013  1.000E-008  6.236E+001  8.573E-014
 9.430E+013  1.000E-008  6.236E+001 -8.573E-014
 9.450E+013  1.000E-008  6.236E+001  0.000E+000
 9.470E+013  1.000E-008  6.236E+001  0.000E+000
 9.490E+013  1.000E-008  6.236E+001  0.000E+000
 9.510E+013  1.000E-008  6.236E+001  0.000E+000
 9.530E+013  1.000E-008  6.236E+001  8.573E-014
 9.550E+013  1.000E-008  6.236E+001 -8.573E-014
 9.570E+013  1.000E-008  6.236E+001 -1.862E-074
 9.590E+013  1.000E-008  6.236E+001 -7.534E-034
 9.610E+013  1.000E-008  6.236E+001 -8.572E-014
 9.630E+013  1.000E-008  6.236E+001  8.572E-014
 9.650E+013  1.000E-008  6.236E+001  7.528E-034
 9.670E+013  1.000E-008  6.236E+001  8.573E-014
 9.690E+013  1.000E-008  6.236E+001 -8.573E-014
 9.710E+013  1.000E-008  6.236E+001  0.000E+000
 9.730E+013  1.000E-008  6.236E+001  0.000E+000
 9.750E+013  1.000E-008  6.236E+001  0.000E+000
 9.770E+013  1.000E-008  6.236E+001  0.000E+000
 9.790E+013  1.000E-008  6.236E+001  0.000E+000
 9.810E+013  1.000E-008  6.236E+001  0.000E+000
 9.830E+013  1.000E-008  6.236E+001  0.000E+000
 9.850E+013  1.000E-008  6.236E+001  0.000E+000
 9.870E+013  1.000E-008  6.236E+001  0.000E+000
 9.890E+013  1.000E-008  6.236E+001  0.000E+000
 9.910E+013  1.000E-008  6.236E+001  0.000E+000
 9.930E+013  1.000E-008  6.236E+001  0.000E+000
 9.950E+013  1.000E-008  6.236E+001  8.573E-014
 9.970E+013  1.000E-008  6.236E+001 -8.573E-014
 9.990E+013  1.000E-008  6.236E+001  0.000E+000
 1.001E+014  1.000E-099  1.000E-099  0.000E+000
 1.003E+014  1.000E-099  1.000E-099  0.000E+000
 7.652E-004
