 2.765E+005
     x1b        dens       energ       v1
 1.000E+011  6.559E-011  8.100E+005  0.000E+000
 3.000E+011  6.669E-011  8.146E+005  3.943E+005
 5.000E+011  6.885E-011  8.127E+005  2.600E+005
 7.000E+011  7.208E-011  8.135E+005  5.412E+005
 9.000E+011  7.539E-011  8.133E+005  6.697E+005
 1.100E+012  7.842E-011  8.135E+005  8.506E+005
 1.300E+012  8.039E-011  8.135E+005  1.014E+006
 1.500E+012  8.085E-011  8.136E+005  1.189E+006
 1.700E+012  8.085E-011  8.137E+005  1.357E+006
 1.900E+012  8.072E-011  8.138E+005  1.526E+006
 2.100E+012  8.042E-011  8.139E+005  1.696E+006
 2.300E+012  8.027E-011  8.140E+005  1.866E+006
 2.500E+012  8.030E-011  8.141E+005  2.035E+006
 2.700E+012  8.047E-011  8.143E+005  2.205E+006
 2.900E+012  8.097E-011  8.145E+005  2.376E+006
 3.100E+012  8.205E-011  8.147E+005  2.546E+006
 3.300E+012  8.400E-011  8.148E+005  2.716E+006
 3.500E+012  8.717E-011  8.151E+005  2.886E+006
 3.700E+012  9.200E-011  8.153E+005  3.057E+006
 3.900E+012  9.908E-011  8.156E+005  3.229E+006
 4.100E+012  1.092E-010  8.159E+005  3.401E+006
 4.300E+012  1.236E-010  8.162E+005  3.575E+006
 4.500E+012  1.436E-010  8.167E+005  3.750E+006
 4.700E+012  1.714E-010  8.172E+005  3.924E+006
 4.900E+012  2.095E-010  8.179E+005  4.104E+006
 5.100E+012  2.606E-010  8.188E+005  4.281E+006
 5.300E+012  3.274E-010  8.199E+005  4.458E+006
 5.500E+012  4.119E-010  8.215E+005  4.634E+006
 5.700E+012  5.142E-010  8.234E+005  4.809E+006
 5.900E+012  6.328E-010  8.260E+005  4.982E+006
 6.100E+012  7.650E-010  8.292E+005  5.155E+006
 6.300E+012  9.081E-010  8.332E+005  5.329E+006
 6.500E+012  1.060E-009  8.380E+005  5.507E+006
 6.700E+012  1.222E-009  8.439E+005  5.688E+006
 6.900E+012  1.394E-009  8.508E+005  5.873E+006
 7.100E+012  1.582E-009  8.589E+005  6.063E+006
 7.300E+012  1.788E-009  8.683E+005  6.257E+006
 7.500E+012  2.021E-009  8.793E+005  6.455E+006
 7.700E+012  2.286E-009  8.921E+005  6.659E+006
 7.900E+012  2.594E-009  9.071E+005  6.869E+006
 8.100E+012  2.951E-009  9.247E+005  7.085E+006
 8.300E+012  3.368E-009  9.453E+005  7.308E+006
 8.500E+012  3.853E-009  9.696E+005  7.538E+006
 8.700E+012  4.412E-009  9.977E+005  7.773E+006
 8.900E+012  5.056E-009  1.031E+006  8.012E+006
 9.100E+012  5.797E-009  1.070E+006  8.261E+006
 9.300E+012  6.651E-009  1.117E+006  8.524E+006
 9.500E+012  7.646E-009  1.172E+006  8.798E+006
 9.700E+012  8.818E-009  1.238E+006  9.087E+006
 9.900E+012  1.020E-008  1.312E+006  9.377E+006
 1.010E+013  1.188E-008  1.402E+006  9.662E+006
 1.030E+013  1.400E-008  1.518E+006  9.999E+006
 1.050E+013  1.648E-008  1.633E+006  1.032E+007
 1.070E+013  1.962E-008  1.786E+006  1.055E+007
 1.090E+013  2.489E-008  2.160E+006  1.111E+007
 1.110E+013  2.944E-008  2.384E+006  1.192E+007
 1.130E+013  2.856E-008  1.833E+006  1.159E+007
 1.150E+013  2.022E-008  6.744E+005  9.508E+006
 1.170E+013  1.275E-008  7.335E+004  5.534E+006
 1.190E+013  1.034E-008  6.253E+002  1.442E+006
 1.210E+013  1.001E-008  6.242E+001  4.672E+004
 1.230E+013  1.000E-008  6.236E+001  1.680E+001
 1.250E+013  1.000E-008  6.236E+001  3.222E-006
 1.270E+013  1.000E-008  6.236E+001  3.402E-013
 1.290E+013  1.000E-008  6.236E+001  1.076E-033
 1.310E+013  1.000E-008  6.236E+001  1.348E-076
 1.330E+013  1.000E-008  6.236E+001  1.206E-164
 1.350E+013  1.000E-008  6.236E+001  0.000E+000
 1.370E+013  1.000E-008  6.236E+001  0.000E+000
 1.390E+013  1.000E-008  6.236E+001  3.929E-012
 1.410E+013  1.000E-008  6.236E+001 -3.929E-012
 1.430E+013  1.000E-008  6.236E+001 -1.472E-011
 1.450E+013  1.000E-008  6.236E+001  1.472E-011
 1.470E+013  1.000E-008  6.236E+001  2.946E-012
 1.490E+013  1.000E-008  6.236E+001 -2.946E-012
 1.510E+013  1.000E-008  6.236E+001  0.000E+000
 1.530E+013  1.000E-008  6.236E+001  0.000E+000
 1.550E+013  1.000E-008  6.236E+001  0.000E+000
 1.570E+013  1.000E-008  6.236E+001  0.000E+000
 1.590E+013  1.000E-008  6.236E+001  9.822E-013
 1.610E+013  1.000E-008  6.236E+001 -5.578E-033
 1.630E+013  1.000E-008  6.236E+001 -9.822E-013
 1.650E+013  1.000E-008  6.236E+001 -9.822E-013
 1.670E+013  1.000E-008  6.236E+001  9.822E-013
 1.690E+013  1.000E-008  6.236E+001  1.113E-030
 1.710E+013  1.000E-008  6.236E+001  4.847E-067
 1.730E+013  1.000E-008  6.236E+001  4.236E-140
 1.750E+013  1.000E-008  6.236E+001  1.526E-286
 1.770E+013  1.000E-008  6.236E+001  0.000E+000
 1.790E+013  1.000E-008  6.236E+001  0.000E+000
 1.810E+013  1.000E-008  6.236E+001  0.000E+000
 1.830E+013  1.000E-008  6.236E+001  9.822E-013
 1.850E+013  1.000E-008  6.236E+001 -9.822E-013
 1.870E+013  1.000E-008  6.236E+001  3.929E-012
 1.890E+013  1.000E-008  6.236E+001 -5.893E-012
 1.910E+013  1.000E-008  6.236E+001  3.929E-012
 1.930E+013  1.000E-008  6.236E+001 -1.964E-012
 1.950E+013  1.000E-008  6.236E+001  0.000E+000
 1.970E+013  1.000E-008  6.236E+001  0.000E+000
 1.990E+013  1.000E-008  6.236E+001  0.000E+000
 2.010E+013  1.000E-008  6.236E+001  0.000E+000
 2.030E+013  1.000E-008  6.236E+001  0.000E+000
 2.050E+013  1.000E-008  6.236E+001  0.000E+000
 2.070E+013  1.000E-008  6.236E+001  0.000E+000
 2.090E+013  1.000E-008  6.236E+001  9.822E-013
 2.110E+013  1.000E-008  6.236E+001 -4.250E-033
 2.130E+013  1.000E-008  6.236E+001 -9.822E-013
 2.150E+013  1.000E-008  6.236E+001  0.000E+000
 2.170E+013  1.000E-008  6.236E+001  0.000E+000
 2.190E+013  1.000E-008  6.236E+001  0.000E+000
 2.210E+013  1.000E-008  6.236E+001  0.000E+000
 2.230E+013  1.000E-008  6.236E+001  0.000E+000
 2.250E+013  1.000E-008  6.236E+001  0.000E+000
 2.270E+013  1.000E-008  6.236E+001  9.822E-013
 2.290E+013  1.000E-008  6.236E+001 -3.914E-033
 2.310E+013  1.000E-008  6.236E+001 -9.822E-013
 2.330E+013  1.000E-008  6.236E+001  0.000E+000
 2.350E+013  1.000E-008  6.236E+001  0.000E+000
 2.370E+013  1.000E-008  6.236E+001  9.822E-013
 2.390E+013  1.000E-008  6.236E+001 -9.822E-013
 2.410E+013  1.000E-008  6.236E+001  0.000E+000
 2.430E+013  1.000E-008  6.236E+001  0.000E+000
 2.450E+013  1.000E-008  6.236E+001  0.000E+000
 2.470E+013  1.000E-008  6.236E+001  9.822E-013
 2.490E+013  1.000E-008  6.236E+001 -9.822E-013
 2.510E+013  1.000E-008  6.236E+001  9.822E-013
 2.530E+013  1.000E-008  6.236E+001 -9.822E-013
 2.550E+013  1.000E-008  6.236E+001 -1.032E-281
 2.570E+013  1.000E-008  6.236E+001 -1.101E-137
 2.590E+013  1.000E-008  6.236E+001 -7.816E-066
 2.610E+013  1.000E-008  6.236E+001 -4.469E-030
 2.630E+013  1.000E-008  6.236E+001 -1.964E-012
 2.650E+013  1.000E-008  6.236E+001  1.964E-012
 2.670E+013  1.000E-008  6.236E+001  4.455E-030
 2.690E+013  1.000E-008  6.236E+001  7.768E-066
 2.710E+013  1.000E-008  6.236E+001  9.822E-013
 2.730E+013  1.000E-008  6.236E+001 -9.822E-013
 2.750E+013  1.000E-008  6.236E+001  2.946E-012
 2.770E+013  1.000E-008  6.236E+001 -2.946E-012
 2.790E+013  1.000E-008  6.236E+001  0.000E+000
 2.810E+013  1.000E-008  6.236E+001  0.000E+000
 2.830E+013  1.000E-008  6.236E+001  4.911E-012
 2.850E+013  1.000E-008  6.236E+001 -9.821E-013
 2.870E+013  1.000E-008  6.236E+001 -3.929E-012
 2.890E+013  1.000E-008  6.236E+001 -1.747E-030
 2.910E+013  1.000E-008  6.236E+001  6.875E-012
 2.930E+013  1.000E-008  6.236E+001 -6.875E-012
 2.950E+013  1.000E-008  6.236E+001  0.000E+000
 2.970E+013  1.000E-008  6.236E+001  0.000E+000
 2.990E+013  1.000E-008  6.236E+001  0.000E+000
 3.010E+013  1.000E-008  6.236E+001  9.822E-013
 3.030E+013  1.000E-008  6.236E+001 -9.822E-013
 3.050E+013  1.000E-008  6.236E+001  9.822E-013
 3.070E+013  1.000E-008  6.236E+001 -9.822E-013
 3.090E+013  1.000E-008  6.236E+001  9.822E-013
 3.110E+013  1.000E-008  6.236E+001  9.822E-013
 3.130E+013  1.000E-008  6.236E+001 -1.964E-012
 3.150E+013  1.000E-008  6.236E+001  0.000E+000
 3.170E+013  1.000E-008  6.236E+001  0.000E+000
 3.190E+013  1.000E-008  6.236E+001  0.000E+000
 3.210E+013  1.000E-008  6.236E+001  0.000E+000
 3.230E+013  1.000E-008  6.236E+001  0.000E+000
 3.250E+013  1.000E-008  6.236E+001  0.000E+000
 3.270E+013  1.000E-008  6.236E+001 -1.571E-286
 3.290E+013  1.000E-008  6.236E+001 -4.297E-140
 3.310E+013  1.000E-008  6.236E+001 -4.882E-067
 3.330E+013  1.000E-008  6.236E+001 -1.117E-030
 3.350E+013  1.000E-008  6.236E+001 -9.822E-013
 3.370E+013  1.000E-008  6.236E+001  9.822E-013
 3.390E+013  1.000E-008  6.236E+001  1.114E-030
 3.410E+013  1.000E-008  6.236E+001  4.859E-067
 3.430E+013  1.000E-008  6.236E+001  4.256E-140
 3.450E+013  1.000E-008  6.236E+001  1.964E-012
 3.470E+013  1.000E-008  6.236E+001 -1.964E-012
 3.490E+013  1.000E-008  6.236E+001  0.000E+000
 3.510E+013  1.000E-008  6.236E+001  0.000E+000
 3.530E+013  1.000E-008  6.236E+001  0.000E+000
 3.550E+013  1.000E-008  6.236E+001  0.000E+000
 3.570E+013  1.000E-008  6.236E+001  1.964E-012
 3.590E+013  1.000E-008  6.236E+001 -9.822E-013
 3.610E+013  1.000E-008  6.236E+001 -1.117E-030
 3.630E+013  1.000E-008  6.236E+001 -9.822E-013
 3.650E+013  1.000E-008  6.236E+001 -9.822E-013
 3.670E+013  1.000E-008  6.236E+001  9.822E-013
 3.690E+013  1.000E-008  6.236E+001  9.822E-013
 3.710E+013  1.000E-008  6.236E+001 -9.822E-013
 3.730E+013  1.000E-008  6.236E+001 -1.199E-033
 3.750E+013  1.000E-008  6.236E+001  9.822E-013
 3.770E+013  1.000E-008  6.236E+001 -9.822E-013
 3.790E+013  1.000E-008  6.236E+001  0.000E+000
 3.810E+013  1.000E-008  6.236E+001  0.000E+000
 3.830E+013  1.000E-008  6.236E+001  9.822E-013
 3.850E+013  1.000E-008  6.236E+001 -9.822E-013
 3.870E+013  1.000E-008  6.236E+001 -1.117E-030
 3.890E+013  1.000E-008  6.236E+001 -9.822E-013
 3.910E+013  1.000E-008  6.236E+001 -3.381E-031
 3.930E+013  1.000E-008  6.236E+001  2.947E-012
 3.950E+013  1.000E-008  6.236E+001 -9.822E-013
 3.970E+013  1.000E-008  6.236E+001  2.946E-012
 3.990E+013  1.000E-008  6.236E+001 -3.929E-012
 4.010E+013  1.000E-008  6.236E+001  0.000E+000
 4.030E+013  1.000E-008  6.236E+001  0.000E+000
 4.050E+013  1.000E-008  6.236E+001  0.000E+000
 4.070E+013  1.000E-008  6.236E+001  0.000E+000
 4.090E+013  1.000E-008  6.236E+001  3.610E-011
 4.110E+013  1.000E-008  6.236E+001 -3.610E-011
 4.130E+013  1.000E-008  6.236E+001  2.546E-011
 4.150E+013  1.000E-008  6.236E+001 -2.546E-011
 4.170E+013  1.000E-008  6.236E+001  8.838E-012
 4.190E+013  1.000E-008  6.236E+001 -7.856E-012
 4.210E+013  1.000E-008  6.236E+001 -1.117E-030
 4.230E+013  1.000E-008  6.236E+001 -9.822E-013
 4.250E+013  1.000E-008  6.236E+001  0.000E+000
 4.270E+013  1.000E-008  6.236E+001  0.000E+000
 4.290E+013  1.000E-008  6.236E+001  0.000E+000
 4.310E+013  1.000E-008  6.236E+001  0.000E+000
 4.330E+013  1.000E-008  6.236E+001  0.000E+000
 4.350E+013  1.000E-008  6.236E+001  0.000E+000
 4.370E+013  1.000E-008  6.236E+001  0.000E+000
 4.390E+013  1.000E-008  6.236E+001  0.000E+000
 4.410E+013  1.000E-008  6.236E+001  0.000E+000
 4.430E+013  1.000E-008  6.236E+001  0.000E+000
 4.450E+013  1.000E-008  6.236E+001  0.000E+000
 4.470E+013  1.000E-008  6.236E+001  9.822E-013
 4.490E+013  1.000E-008  6.236E+001 -1.992E-033
 4.510E+013  1.000E-008  6.236E+001 -9.822E-013
 4.530E+013  1.000E-008  6.236E+001 -1.567E-286
 4.550E+013  1.000E-008  6.236E+001 -4.291E-140
 4.570E+013  1.000E-008  6.236E+001 -4.879E-067
 4.590E+013  1.000E-008  6.236E+001 -1.116E-030
 4.610E+013  1.000E-008  6.236E+001 -9.822E-013
 4.630E+013  1.000E-008  6.236E+001  9.822E-013
 4.650E+013  1.000E-008  6.236E+001  9.822E-013
 4.670E+013  1.000E-008  6.236E+001 -9.822E-013
 4.690E+013  1.000E-008  6.236E+001  9.822E-013
 4.710E+013  1.000E-008  6.236E+001 -9.822E-013
 4.730E+013  1.000E-008  6.236E+001  0.000E+000
 4.750E+013  1.000E-008  6.236E+001  0.000E+000
 4.770E+013  1.000E-008  6.236E+001  0.000E+000
 4.790E+013  1.000E-008  6.236E+001  9.822E-013
 4.810E+013  1.000E-008  6.236E+001 -9.822E-013
 4.830E+013  1.000E-008  6.236E+001 -9.257E-034
 4.850E+013  1.000E-008  6.236E+001  9.822E-013
 4.870E+013  1.000E-008  6.236E+001 -9.822E-013
 4.890E+013  1.000E-008  6.236E+001  0.000E+000
 4.910E+013  1.000E-008  6.236E+001  0.000E+000
 4.930E+013  1.000E-008  6.236E+001  0.000E+000
 4.950E+013  1.000E-008  6.236E+001  0.000E+000
 4.970E+013  1.000E-008  6.236E+001  0.000E+000
 4.990E+013  1.000E-008  6.236E+001  1.964E-012
 5.010E+013  1.000E-008  6.236E+001 -2.947E-012
 5.030E+013  1.000E-008  6.236E+001  9.822E-013
 5.050E+013  1.000E-008  6.236E+001  1.115E-030
 5.070E+013  1.000E-008  6.236E+001  4.862E-067
 5.090E+013  1.000E-008  6.236E+001  4.263E-140
 5.110E+013  1.000E-008  6.236E+001  9.822E-013
 5.130E+013  1.000E-008  6.236E+001 -9.822E-013
 5.150E+013  1.000E-008  6.236E+001  0.000E+000
 5.170E+013  1.000E-008  6.236E+001  0.000E+000
 5.190E+013  1.000E-008  6.236E+001 -1.565E-286
 5.210E+013  1.000E-008  6.236E+001 -4.289E-140
 5.230E+013  1.000E-008  6.236E+001 -4.878E-067
 5.250E+013  1.000E-008  6.236E+001 -1.116E-030
 5.270E+013  1.000E-008  6.236E+001 -9.822E-013
 5.290E+013  1.000E-008  6.236E+001  9.822E-013
 5.310E+013  1.000E-008  6.236E+001  1.115E-030
 5.330E+013  1.000E-008  6.236E+001  4.863E-067
 5.350E+013  1.000E-008  6.236E+001  1.964E-012
 5.370E+013  1.000E-008  6.236E+001 -1.964E-012
 5.390E+013  1.000E-008  6.236E+001  1.471E-031
 5.410E+013  1.000E-008  6.236E+001  9.822E-013
 5.430E+013  1.000E-008  6.236E+001  9.822E-013
 5.450E+013  1.000E-008  6.236E+001  9.821E-013
 5.470E+013  1.000E-008  6.236E+001 -2.946E-012
 5.490E+013  1.000E-008  6.236E+001 -1.116E-030
 5.510E+013  1.000E-008  6.236E+001 -9.822E-013
 5.530E+013  1.000E-008  6.236E+001  1.964E-012
 5.550E+013  1.000E-008  6.236E+001 -3.929E-012
 5.570E+013  1.000E-008  6.236E+001  1.964E-012
 5.590E+013  1.000E-008  6.236E+001  9.822E-013
 5.610E+013  1.000E-008  6.236E+001 -9.822E-013
 5.630E+013  1.000E-008  6.236E+001  9.822E-013
 5.650E+013  1.000E-008  6.236E+001 -5.893E-012
 5.670E+013  1.000E-008  6.236E+001  5.893E-012
 5.690E+013  1.000E-008  6.236E+001  5.893E-012
 5.710E+013  1.000E-008  6.236E+001 -5.893E-012
 5.730E+013  1.000E-008  6.236E+001  6.875E-012
 5.750E+013  1.000E-008  6.236E+001 -1.473E-011
 5.770E+013  1.000E-008  6.236E+001 -9.815E-013
 5.790E+013  1.000E-008  6.236E+001  8.838E-012
 5.810E+013  1.000E-008  6.236E+001  4.664E-011
 5.830E+013  1.000E-008  6.236E+001 -4.664E-011
 5.850E+013  1.000E-008  6.236E+001  0.000E+000
 5.870E+013  1.000E-008  6.236E+001  0.000E+000
 5.890E+013  1.000E-008  6.236E+001  0.000E+000
 5.910E+013  1.000E-008  6.236E+001  0.000E+000
 5.930E+013  1.000E-008  6.236E+001  0.000E+000
 5.950E+013  1.000E-008  6.236E+001  0.000E+000
 5.970E+013  1.000E-008  6.236E+001  0.000E+000
 5.990E+013  1.000E-008  6.236E+001  0.000E+000
 6.010E+013  1.000E-008  6.236E+001  0.000E+000
 6.030E+013  1.000E-008  6.236E+001  9.822E-013
 6.050E+013  1.000E-008  6.236E+001 -9.822E-013
 6.070E+013  1.000E-008  6.236E+001  9.822E-013
 6.090E+013  1.000E-008  6.236E+001 -9.822E-013
 6.110E+013  1.000E-008  6.236E+001  0.000E+000
 6.130E+013  1.000E-008  6.236E+001  0.000E+000
 6.150E+013  1.000E-008  6.236E+001  0.000E+000
 6.170E+013  1.000E-008  6.236E+001  9.822E-013
 6.190E+013  1.000E-008  6.236E+001 -9.822E-013
 6.210E+013  1.000E-008  6.236E+001  0.000E+000
 6.230E+013  1.000E-008  6.236E+001  0.000E+000
 6.250E+013  1.000E-008  6.236E+001  0.000E+000
 6.270E+013  1.000E-008  6.236E+001  0.000E+000
 6.290E+013  1.000E-008  6.236E+001  0.000E+000
 6.310E+013  1.000E-008  6.236E+001  0.000E+000
 6.330E+013  1.000E-008  6.236E+001  0.000E+000
 6.350E+013  1.000E-008  6.236E+001  9.822E-013
 6.370E+013  1.000E-008  6.236E+001 -9.822E-013
 6.390E+013  1.000E-008  6.236E+001  0.000E+000
 6.410E+013  1.000E-008  6.236E+001  0.000E+000
 6.430E+013  1.000E-008  6.236E+001  0.000E+000
 6.450E+013  1.000E-008  6.236E+001  0.000E+000
 6.470E+013  1.000E-008  6.236E+001  9.822E-013
 6.490E+013  1.000E-008  6.236E+001 -9.822E-013
 6.510E+013  1.000E-008  6.236E+001  0.000E+000
 6.530E+013  1.000E-008  6.236E+001  0.000E+000
 6.550E+013  1.000E-008  6.236E+001  0.000E+000
 6.570E+013  1.000E-008  6.236E+001  0.000E+000
 6.590E+013  1.000E-008  6.236E+001  9.822E-013
 6.610E+013  1.000E-008  6.236E+001 -9.822E-013
 6.630E+013  1.000E-008  6.236E+001  0.000E+000
 6.650E+013  1.000E-008  6.236E+001  0.000E+000
 6.670E+013  1.000E-008  6.236E+001  0.000E+000
 6.690E+013  1.000E-008  6.236E+001  9.822E-013
 6.710E+013  1.000E-008  6.236E+001 -9.822E-013
 6.730E+013  1.000E-008  6.236E+001  0.000E+000
 6.750E+013  1.000E-008  6.236E+001  0.000E+000
 6.770E+013  1.000E-008  6.236E+001  9.822E-013
 6.790E+013  1.000E-008  6.236E+001 -9.822E-013
 6.810E+013  1.000E-008  6.236E+001  9.822E-013
 6.830E+013  1.000E-008  6.236E+001 -1.309E-033
 6.850E+013  1.000E-008  6.236E+001 -9.822E-013
 6.870E+013  1.000E-008  6.236E+001  0.000E+000
 6.890E+013  1.000E-008  6.236E+001  0.000E+000
 6.910E+013  1.000E-008  6.236E+001  0.000E+000
 6.930E+013  1.000E-008  6.236E+001  9.822E-013
 6.950E+013  1.000E-008  6.236E+001 -9.822E-013
 6.970E+013  1.000E-008  6.236E+001  0.000E+000
 6.990E+013  1.000E-008  6.236E+001  0.000E+000
 7.010E+013  1.000E-008  6.236E+001  0.000E+000
 7.030E+013  1.000E-008  6.236E+001  0.000E+000
 7.050E+013  1.000E-008  6.236E+001  0.000E+000
 7.070E+013  1.000E-008  6.236E+001  0.000E+000
 7.090E+013  1.000E-008  6.236E+001  0.000E+000
 7.110E+013  1.000E-008  6.236E+001  0.000E+000
 7.130E+013  1.000E-008  6.236E+001  0.000E+000
 7.150E+013  1.000E-008  6.236E+001  0.000E+000
 7.170E+013  1.000E-008  6.236E+001  0.000E+000
 7.190E+013  1.000E-008  6.236E+001  9.822E-013
 7.210E+013  1.000E-008  6.236E+001 -9.822E-013
 7.230E+013  1.000E-008  6.236E+001  0.000E+000
 7.250E+013  1.000E-008  6.236E+001  0.000E+000
 7.270E+013  1.000E-008  6.236E+001  1.964E-012
 7.290E+013  1.000E-008  6.236E+001 -4.903E-033
 7.310E+013  1.000E-008  6.236E+001 -1.964E-012
 7.330E+013  1.000E-008  6.236E+001 -1.116E-030
 7.350E+013  1.000E-008  6.236E+001 -9.822E-013
 7.370E+013  1.000E-008  6.236E+001  9.822E-013
 7.390E+013  1.000E-008  6.236E+001  1.115E-030
 7.410E+013  1.000E-008  6.236E+001  4.865E-067
 7.430E+013  1.000E-008  6.236E+001  4.267E-140
 7.450E+013  1.000E-008  6.236E+001  1.549E-286
 7.470E+013  1.000E-008  6.236E+001  0.000E+000
 7.490E+013  1.000E-008  6.236E+001  0.000E+000
 7.510E+013  1.000E-008  6.236E+001  0.000E+000
 7.530E+013  1.000E-008  6.236E+001  0.000E+000
 7.550E+013  1.000E-008  6.236E+001  0.000E+000
 7.570E+013  1.000E-008  6.236E+001  0.000E+000
 7.590E+013  1.000E-008  6.236E+001  0.000E+000
 7.610E+013  1.000E-008  6.236E+001  0.000E+000
 7.630E+013  1.000E-008  6.236E+001  0.000E+000
 7.650E+013  1.000E-008  6.236E+001  0.000E+000
 7.670E+013  1.000E-008  6.236E+001  1.964E-012
 7.690E+013  1.000E-008  6.236E+001 -1.964E-012
 7.710E+013  1.000E-008  6.236E+001  2.946E-012
 7.730E+013  1.000E-008  6.236E+001 -2.946E-012
 7.750E+013  1.000E-008  6.236E+001  2.642E-031
 7.770E+013  1.000E-008  6.236E+001  1.964E-012
 7.790E+013  1.000E-008  6.236E+001 -5.893E-012
 7.810E+013  1.000E-008  6.236E+001  5.893E-012
 7.830E+013  1.000E-008  6.236E+001 -1.964E-012
 7.850E+013  1.000E-008  6.236E+001 -3.437E-067
 7.870E+013  1.000E-008  6.236E+001 -9.371E-031
 7.890E+013  1.000E-008  6.236E+001 -9.822E-013
 7.910E+013  1.000E-008  6.236E+001 -4.910E-012
 7.930E+013  1.000E-008  6.236E+001  2.946E-012
 7.950E+013  1.000E-008  6.236E+001  2.946E-012
 7.970E+013  1.000E-008  6.236E+001 -3.929E-012
 7.990E+013  1.000E-008  6.236E+001  3.929E-012
 8.010E+013  1.000E-008  6.236E+001  1.784E-029
 8.030E+013  1.000E-008  6.236E+001  1.245E-064
 8.050E+013  1.000E-008  6.236E+001  2.796E-135
 8.070E+013  1.000E-008  6.236E+001 -7.098E-270
 8.090E+013  1.000E-008  6.236E+001 -9.136E-132
 8.110E+013  1.000E-008  6.236E+001 -7.120E-063
 8.130E+013  1.000E-008  6.236E+001 -1.349E-028
 8.150E+013  1.000E-008  6.236E+001 -1.080E-011
 8.170E+013  1.000E-008  6.236E+001  1.375E-011
 8.190E+013  1.000E-008  6.236E+001 -2.946E-012
 8.210E+013  1.000E-008  6.236E+001  0.000E+000
 8.230E+013  1.000E-008  6.236E+001  0.000E+000
 8.250E+013  1.000E-008  6.236E+001  0.000E+000
 8.270E+013  1.000E-008  6.236E+001  0.000E+000
 8.290E+013  1.000E-008  6.236E+001  3.929E-012
 8.310E+013  1.000E-008  6.236E+001 -3.929E-012
 8.330E+013  1.000E-008  6.236E+001 -1.084E-030
 8.350E+013  1.000E-008  6.236E+001  5.893E-012
 8.370E+013  1.000E-008  6.236E+001 -4.911E-012
 8.390E+013  1.000E-008  6.236E+001 -1.116E-030
 8.410E+013  1.000E-008  6.236E+001 -9.822E-013
 8.430E+013  1.000E-008  6.236E+001  9.822E-013
 8.450E+013  1.000E-008  6.236E+001 -1.057E-033
 8.470E+013  1.000E-008  6.236E+001 -9.822E-013
 8.490E+013  1.000E-008  6.236E+001 -5.262E-034
 8.510E+013  1.000E-008  6.236E+001  9.822E-013
 8.530E+013  1.000E-008  6.236E+001 -1.047E-033
 8.550E+013  1.000E-008  6.236E+001 -9.822E-013
 8.570E+013  1.000E-008  6.236E+001 -5.213E-034
 8.590E+013  1.000E-008  6.236E+001  9.822E-013
 8.610E+013  1.000E-008  6.236E+001 -9.822E-013
 8.630E+013  1.000E-008  6.236E+001  0.000E+000
 8.650E+013  1.000E-008  6.236E+001  0.000E+000
 8.670E+013  1.000E-008  6.236E+001  0.000E+000
 8.690E+013  1.000E-008  6.236E+001  0.000E+000
 8.710E+013  1.000E-008  6.236E+001  0.000E+000
 8.730E+013  1.000E-008  6.236E+001  0.000E+000
 8.750E+013  1.000E-008  6.236E+001  9.822E-013
 8.770E+013  1.000E-008  6.236E+001 -9.822E-013
 8.790E+013  1.000E-008  6.236E+001 -5.082E-034
 8.810E+013  1.000E-008  6.236E+001  9.822E-013
 8.830E+013  1.000E-008  6.236E+001 -9.822E-013
 8.850E+013  1.000E-008  6.236E+001  9.822E-013
 8.870E+013  1.000E-008  6.236E+001  9.822E-013
 8.890E+013  1.000E-008  6.236E+001 -1.964E-012
 8.910E+013  1.000E-008  6.236E+001  0.000E+000
 8.930E+013  1.000E-008  6.236E+001  0.000E+000
 8.950E+013  1.000E-008  6.236E+001  0.000E+000
 8.970E+013  1.000E-008  6.236E+001  0.000E+000
 8.990E+013  1.000E-008  6.236E+001  0.000E+000
 9.010E+013  1.000E-008  6.236E+001  9.822E-013
 9.030E+013  1.000E-008  6.236E+001 -9.894E-034
 9.050E+013  1.000E-008  6.236E+001 -9.822E-013
 9.070E+013  1.000E-008  6.236E+001  9.822E-013
 9.090E+013  1.000E-008  6.236E+001 -9.828E-034
 9.110E+013  1.000E-008  6.236E+001 -9.822E-013
 9.130E+013  1.000E-008  6.236E+001  0.000E+000
 9.150E+013  1.000E-008  6.236E+001  0.000E+000
 9.170E+013  1.000E-008  6.236E+001  0.000E+000
 9.190E+013  1.000E-008  6.236E+001  0.000E+000
 9.210E+013  1.000E-008  6.236E+001  0.000E+000
 9.230E+013  1.000E-008  6.236E+001  9.822E-013
 9.250E+013  1.000E-008  6.236E+001 -9.658E-034
 9.270E+013  1.000E-008  6.236E+001 -9.822E-013
 9.290E+013  1.000E-008  6.236E+001  0.000E+000
 9.310E+013  1.000E-008  6.236E+001  0.000E+000
 9.330E+013  1.000E-008  6.236E+001  0.000E+000
 9.350E+013  1.000E-008  6.236E+001  0.000E+000
 9.370E+013  1.000E-008  6.236E+001  9.822E-013
 9.390E+013  1.000E-008  6.236E+001 -9.822E-013
 9.410E+013  1.000E-008  6.236E+001  9.822E-013
 9.430E+013  1.000E-008  6.236E+001 -9.822E-013
 9.450E+013  1.000E-008  6.236E+001  0.000E+000
 9.470E+013  1.000E-008  6.236E+001  0.000E+000
 9.490E+013  1.000E-008  6.236E+001  0.000E+000
 9.510E+013  1.000E-008  6.236E+001  0.000E+000
 9.530E+013  1.000E-008  6.236E+001  9.822E-013
 9.550E+013  1.000E-008  6.236E+001 -9.822E-013
 9.570E+013  1.000E-008  6.236E+001 -4.874E-067
 9.590E+013  1.000E-008  6.236E+001 -1.116E-030
 9.610E+013  1.000E-008  6.236E+001 -9.822E-013
 9.630E+013  1.000E-008  6.236E+001  9.822E-013
 9.650E+013  1.000E-008  6.236E+001  1.115E-030
 9.670E+013  1.000E-008  6.236E+001  9.822E-013
 9.690E+013  1.000E-008  6.236E+001 -9.822E-013
 9.710E+013  1.000E-008  6.236E+001  0.000E+000
 9.730E+013  1.000E-008  6.236E+001  0.000E+000
 9.750E+013  1.000E-008  6.236E+001  0.000E+000
 9.770E+013  1.000E-008  6.236E+001  0.000E+000
 9.790E+013  1.000E-008  6.236E+001  0.000E+000
 9.810E+013  1.000E-008  6.236E+001  0.000E+000
 9.830E+013  1.000E-008  6.236E+001  0.000E+000
 9.850E+013  1.000E-008  6.236E+001  0.000E+000
 9.870E+013  1.000E-008  6.236E+001  0.000E+000
 9.890E+013  1.000E-008  6.236E+001  0.000E+000
 9.910E+013  1.000E-008  6.236E+001  0.000E+000
 9.930E+013  1.000E-008  6.236E+001  0.000E+000
 9.950E+013  1.000E-008  6.236E+001  9.822E-013
 9.970E+013  1.000E-008  6.236E+001 -9.822E-013
 9.990E+013  1.000E-008  6.236E+001  0.000E+000
 1.001E+014  1.000E-099  1.000E-099  0.000E+000
 1.003E+014  1.000E-099  1.000E-099  0.000E+000
 8.766E-003
