 2.708E+005
     x1b        dens       energ       v1
 1.000E+011  6.668E-011  8.324E+005  0.000E+000
 3.000E+011  6.764E-011  8.338E+005  4.298E+005
 5.000E+011  6.993E-011  8.332E+005  2.644E+005
 7.000E+011  7.320E-011  8.335E+005  5.506E+005
 9.000E+011  7.658E-011  8.335E+005  6.762E+005
 1.100E+012  7.965E-011  8.335E+005  8.728E+005
 1.300E+012  8.161E-011  8.336E+005  1.039E+006
 1.500E+012  8.205E-011  8.337E+005  1.212E+006
 1.700E+012  8.204E-011  8.338E+005  1.385E+006
 1.900E+012  8.190E-011  8.339E+005  1.560E+006
 2.100E+012  8.160E-011  8.340E+005  1.733E+006
 2.300E+012  8.146E-011  8.342E+005  1.906E+006
 2.500E+012  8.149E-011  8.343E+005  2.080E+006
 2.700E+012  8.168E-011  8.345E+005  2.254E+006
 2.900E+012  8.222E-011  8.347E+005  2.427E+006
 3.100E+012  8.338E-011  8.348E+005  2.601E+006
 3.300E+012  8.545E-011  8.350E+005  2.775E+006
 3.500E+012  8.881E-011  8.353E+005  2.950E+006
 3.700E+012  9.391E-011  8.356E+005  3.125E+006
 3.900E+012  1.014E-010  8.358E+005  3.300E+006
 4.100E+012  1.121E-010  8.362E+005  3.476E+006
 4.300E+012  1.272E-010  8.366E+005  3.654E+006
 4.500E+012  1.485E-010  8.371E+005  3.833E+006
 4.700E+012  1.779E-010  8.376E+005  4.014E+006
 4.900E+012  2.181E-010  8.384E+005  4.194E+006
 5.100E+012  2.721E-010  8.394E+005  4.378E+006
 5.300E+012  3.426E-010  8.406E+005  4.559E+006
 5.500E+012  4.312E-010  8.423E+005  4.739E+006
 5.700E+012  5.380E-010  8.445E+005  4.917E+006
 5.900E+012  6.612E-010  8.473E+005  5.094E+006
 6.100E+012  7.980E-010  8.508E+005  5.271E+006
 6.300E+012  9.455E-010  8.552E+005  5.450E+006
 6.500E+012  1.102E-009  8.605E+005  5.632E+006
 6.700E+012  1.269E-009  8.668E+005  5.818E+006
 6.900E+012  1.448E-009  8.743E+005  6.008E+006
 7.100E+012  1.642E-009  8.831E+005  6.203E+006
 7.300E+012  1.858E-009  8.934E+005  6.402E+006
 7.500E+012  2.102E-009  9.053E+005  6.606E+006
 7.700E+012  2.381E-009  9.193E+005  6.816E+006
 7.900E+012  2.706E-009  9.357E+005  7.032E+006
 8.100E+012  3.084E-009  9.549E+005  7.255E+006
 8.300E+012  3.526E-009  9.774E+005  7.484E+006
 8.500E+012  4.039E-009  1.004E+006  7.720E+006
 8.700E+012  4.631E-009  1.034E+006  7.959E+006
 8.900E+012  5.315E-009  1.071E+006  8.205E+006
 9.100E+012  6.104E-009  1.114E+006  8.466E+006
 9.300E+012  7.017E-009  1.165E+006  8.738E+006
 9.500E+012  8.086E-009  1.227E+006  9.022E+006
 9.700E+012  9.344E-009  1.298E+006  9.319E+006
 9.900E+012  1.084E-008  1.378E+006  9.606E+006
 1.010E+013  1.270E-008  1.483E+006  9.913E+006
 1.030E+013  1.500E-008  1.607E+006  1.027E+007
 1.050E+013  1.767E-008  1.725E+006  1.054E+007
 1.070E+013  2.163E-008  1.972E+006  1.085E+007
 1.090E+013  2.751E-008  2.398E+006  1.172E+007
 1.110E+013  2.965E-008  2.286E+006  1.208E+007
 1.130E+013  2.550E-008  1.340E+006  1.104E+007
 1.150E+013  1.597E-008  2.972E+005  7.942E+006
 1.170E+013  1.121E-008  1.311E+004  3.503E+006
 1.190E+013  1.007E-008  7.187E+001  4.314E+005
 1.210E+013  1.000E-008  6.236E+001  2.554E+003
 1.230E+013  1.000E-008  6.236E+001  2.919E-002
 1.250E+013  1.000E-008  6.236E+001  2.314E-009
 1.270E+013  1.000E-008  6.236E+001  4.799E-026
 1.290E+013  1.000E-008  6.236E+001  1.770E-061
 1.310E+013  1.000E-008  6.236E+001  1.898E-134
 1.330E+013  1.000E-008  6.236E+001  1.457E-284
 1.350E+013  1.000E-008  6.236E+001  0.000E+000
 1.370E+013  1.000E-008  6.236E+001  0.000E+000
 1.390E+013  1.000E-008  6.236E+001  3.848E-012
 1.410E+013  1.000E-008  6.236E+001 -3.848E-012
 1.430E+013  1.000E-008  6.236E+001 -1.441E-011
 1.450E+013  1.000E-008  6.236E+001  1.441E-011
 1.470E+013  1.000E-008  6.236E+001  2.886E-012
 1.490E+013  1.000E-008  6.236E+001 -2.886E-012
 1.510E+013  1.000E-008  6.236E+001  0.000E+000
 1.530E+013  1.000E-008  6.236E+001  0.000E+000
 1.550E+013  1.000E-008  6.236E+001  0.000E+000
 1.570E+013  1.000E-008  6.236E+001  0.000E+000
 1.590E+013  1.000E-008  6.236E+001  9.619E-013
 1.610E+013  1.000E-008  6.236E+001 -5.240E-033
 1.630E+013  1.000E-008  6.236E+001 -9.619E-013
 1.650E+013  1.000E-008  6.236E+001 -9.619E-013
 1.670E+013  1.000E-008  6.236E+001  9.619E-013
 1.690E+013  1.000E-008  6.236E+001  1.045E-030
 1.710E+013  1.000E-008  6.236E+001  4.189E-067
 1.730E+013  1.000E-008  6.236E+001  3.097E-140
 1.750E+013  1.000E-008  6.236E+001  7.986E-287
 1.770E+013  1.000E-008  6.236E+001  0.000E+000
 1.790E+013  1.000E-008  6.236E+001  0.000E+000
 1.810E+013  1.000E-008  6.236E+001  0.000E+000
 1.830E+013  1.000E-008  6.236E+001  9.619E-013
 1.850E+013  1.000E-008  6.236E+001 -9.619E-013
 1.870E+013  1.000E-008  6.236E+001  3.848E-012
 1.890E+013  1.000E-008  6.236E+001 -5.771E-012
 1.910E+013  1.000E-008  6.236E+001  3.848E-012
 1.930E+013  1.000E-008  6.236E+001 -1.924E-012
 1.950E+013  1.000E-008  6.236E+001  0.000E+000
 1.970E+013  1.000E-008  6.236E+001  0.000E+000
 1.990E+013  1.000E-008  6.236E+001  0.000E+000
 2.010E+013  1.000E-008  6.236E+001  0.000E+000
 2.030E+013  1.000E-008  6.236E+001  0.000E+000
 2.050E+013  1.000E-008  6.236E+001  0.000E+000
 2.070E+013  1.000E-008  6.236E+001  0.000E+000
 2.090E+013  1.000E-008  6.236E+001  9.619E-013
 2.110E+013  1.000E-008  6.236E+001 -3.992E-033
 2.130E+013  1.000E-008  6.236E+001 -9.619E-013
 2.150E+013  1.000E-008  6.236E+001  0.000E+000
 2.170E+013  1.000E-008  6.236E+001  0.000E+000
 2.190E+013  1.000E-008  6.236E+001  0.000E+000
 2.210E+013  1.000E-008  6.236E+001  0.000E+000
 2.230E+013  1.000E-008  6.236E+001  0.000E+000
 2.250E+013  1.000E-008  6.236E+001  0.000E+000
 2.270E+013  1.000E-008  6.236E+001  9.619E-013
 2.290E+013  1.000E-008  6.236E+001 -3.677E-033
 2.310E+013  1.000E-008  6.236E+001 -9.619E-013
 2.330E+013  1.000E-008  6.236E+001  0.000E+000
 2.350E+013  1.000E-008  6.236E+001  0.000E+000
 2.370E+013  1.000E-008  6.236E+001  9.619E-013
 2.390E+013  1.000E-008  6.236E+001 -9.619E-013
 2.410E+013  1.000E-008  6.236E+001  0.000E+000
 2.430E+013  1.000E-008  6.236E+001  0.000E+000
 2.450E+013  1.000E-008  6.236E+001  0.000E+000
 2.470E+013  1.000E-008  6.236E+001  9.619E-013
 2.490E+013  1.000E-008  6.236E+001 -9.619E-013
 2.510E+013  1.000E-008  6.236E+001  9.619E-013
 2.530E+013  1.000E-008  6.236E+001 -9.619E-013
 2.550E+013  1.000E-008  6.236E+001 -5.399E-282
 2.570E+013  1.000E-008  6.236E+001 -8.053E-138
 2.590E+013  1.000E-008  6.236E+001 -6.754E-066
 2.610E+013  1.000E-008  6.236E+001 -4.198E-030
 2.630E+013  1.000E-008  6.236E+001 -1.924E-012
 2.650E+013  1.000E-008  6.236E+001  1.924E-012
 2.670E+013  1.000E-008  6.236E+001  4.185E-030
 2.690E+013  1.000E-008  6.236E+001  6.713E-066
 2.710E+013  1.000E-008  6.236E+001  9.619E-013
 2.730E+013  1.000E-008  6.236E+001 -9.619E-013
 2.750E+013  1.000E-008  6.236E+001  2.886E-012
 2.770E+013  1.000E-008  6.236E+001 -2.886E-012
 2.790E+013  1.000E-008  6.236E+001  0.000E+000
 2.810E+013  1.000E-008  6.236E+001  0.000E+000
 2.830E+013  1.000E-008  6.236E+001  4.809E-012
 2.850E+013  1.000E-008  6.236E+001 -9.618E-013
 2.870E+013  1.000E-008  6.236E+001 -3.848E-012
 2.890E+013  1.000E-008  6.236E+001 -1.641E-030
 2.910E+013  1.000E-008  6.236E+001  6.733E-012
 2.930E+013  1.000E-008  6.236E+001 -6.733E-012
 2.950E+013  1.000E-008  6.236E+001  0.000E+000
 2.970E+013  1.000E-008  6.236E+001  0.000E+000
 2.990E+013  1.000E-008  6.236E+001  0.000E+000
 3.010E+013  1.000E-008  6.236E+001  9.619E-013
 3.030E+013  1.000E-008  6.236E+001 -9.619E-013
 3.050E+013  1.000E-008  6.236E+001  9.619E-013
 3.070E+013  1.000E-008  6.236E+001 -9.619E-013
 3.090E+013  1.000E-008  6.236E+001  9.619E-013
 3.110E+013  1.000E-008  6.236E+001  9.619E-013
 3.130E+013  1.000E-008  6.236E+001 -1.924E-012
 3.150E+013  1.000E-008  6.236E+001  0.000E+000
 3.170E+013  1.000E-008  6.236E+001  0.000E+000
 3.190E+013  1.000E-008  6.236E+001  0.000E+000
 3.210E+013  1.000E-008  6.236E+001  0.000E+000
 3.230E+013  1.000E-008  6.236E+001  0.000E+000
 3.250E+013  1.000E-008  6.236E+001  0.000E+000
 3.270E+013  1.000E-008  6.236E+001 -8.218E-287
 3.290E+013  1.000E-008  6.236E+001 -3.142E-140
 3.310E+013  1.000E-008  6.236E+001 -4.219E-067
 3.330E+013  1.000E-008  6.236E+001 -1.049E-030
 3.350E+013  1.000E-008  6.236E+001 -9.619E-013
 3.370E+013  1.000E-008  6.236E+001  9.619E-013
 3.390E+013  1.000E-008  6.236E+001  1.047E-030
 3.410E+013  1.000E-008  6.236E+001  4.199E-067
 3.430E+013  1.000E-008  6.236E+001  3.112E-140
 3.450E+013  1.000E-008  6.236E+001  1.924E-012
 3.470E+013  1.000E-008  6.236E+001 -1.924E-012
 3.490E+013  1.000E-008  6.236E+001  0.000E+000
 3.510E+013  1.000E-008  6.236E+001  0.000E+000
 3.530E+013  1.000E-008  6.236E+001  0.000E+000
 3.550E+013  1.000E-008  6.236E+001  0.000E+000
 3.570E+013  1.000E-008  6.236E+001  1.924E-012
 3.590E+013  1.000E-008  6.236E+001 -9.619E-013
 3.610E+013  1.000E-008  6.236E+001 -1.049E-030
 3.630E+013  1.000E-008  6.236E+001 -9.619E-013
 3.650E+013  1.000E-008  6.236E+001 -9.619E-013
 3.670E+013  1.000E-008  6.236E+001  9.619E-013
 3.690E+013  1.000E-008  6.236E+001  9.619E-013
 3.710E+013  1.000E-008  6.236E+001 -9.619E-013
 3.730E+013  1.000E-008  6.236E+001 -1.127E-033
 3.750E+013  1.000E-008  6.236E+001  9.619E-013
 3.770E+013  1.000E-008  6.236E+001 -9.619E-013
 3.790E+013  1.000E-008  6.236E+001  0.000E+000
 3.810E+013  1.000E-008  6.236E+001  0.000E+000
 3.830E+013  1.000E-008  6.236E+001  9.619E-013
 3.850E+013  1.000E-008  6.236E+001 -9.619E-013
 3.870E+013  1.000E-008  6.236E+001 -1.049E-030
 3.890E+013  1.000E-008  6.236E+001 -9.619E-013
 3.910E+013  1.000E-008  6.236E+001 -3.176E-031
 3.930E+013  1.000E-008  6.236E+001  2.886E-012
 3.950E+013  1.000E-008  6.236E+001 -9.619E-013
 3.970E+013  1.000E-008  6.236E+001  2.886E-012
 3.990E+013  1.000E-008  6.236E+001 -3.848E-012
 4.010E+013  1.000E-008  6.236E+001  0.000E+000
 4.030E+013  1.000E-008  6.236E+001  0.000E+000
 4.050E+013  1.000E-008  6.236E+001  0.000E+000
 4.070E+013  1.000E-008  6.236E+001  0.000E+000
 4.090E+013  1.000E-008  6.236E+001  3.535E-011
 4.110E+013  1.000E-008  6.236E+001 -3.535E-011
 4.130E+013  1.000E-008  6.236E+001  2.493E-011
 4.150E+013  1.000E-008  6.236E+001 -2.493E-011
 4.170E+013  1.000E-008  6.236E+001  8.656E-012
 4.190E+013  1.000E-008  6.236E+001 -7.694E-012
 4.210E+013  1.000E-008  6.236E+001 -1.049E-030
 4.230E+013  1.000E-008  6.236E+001 -9.619E-013
 4.250E+013  1.000E-008  6.236E+001  0.000E+000
 4.270E+013  1.000E-008  6.236E+001  0.000E+000
 4.290E+013  1.000E-008  6.236E+001  0.000E+000
 4.310E+013  1.000E-008  6.236E+001  0.000E+000
 4.330E+013  1.000E-008  6.236E+001  0.000E+000
 4.350E+013  1.000E-008  6.236E+001  0.000E+000
 4.370E+013  1.000E-008  6.236E+001  0.000E+000
 4.390E+013  1.000E-008  6.236E+001  0.000E+000
 4.410E+013  1.000E-008  6.236E+001  0.000E+000
 4.430E+013  1.000E-008  6.236E+001  0.000E+000
 4.450E+013  1.000E-008  6.236E+001  0.000E+000
 4.470E+013  1.000E-008  6.236E+001  9.619E-013
 4.490E+013  1.000E-008  6.236E+001 -1.871E-033
 4.510E+013  1.000E-008  6.236E+001 -9.619E-013
 4.530E+013  1.000E-008  6.236E+001 -8.196E-287
 4.550E+013  1.000E-008  6.236E+001 -3.138E-140
 4.570E+013  1.000E-008  6.236E+001 -4.216E-067
 4.590E+013  1.000E-008  6.236E+001 -1.049E-030
 4.610E+013  1.000E-008  6.236E+001 -9.619E-013
 4.630E+013  1.000E-008  6.236E+001  9.619E-013
 4.650E+013  1.000E-008  6.236E+001  9.619E-013
 4.670E+013  1.000E-008  6.236E+001 -9.619E-013
 4.690E+013  1.000E-008  6.236E+001  9.619E-013
 4.710E+013  1.000E-008  6.236E+001 -9.619E-013
 4.730E+013  1.000E-008  6.236E+001  0.000E+000
 4.750E+013  1.000E-008  6.236E+001  0.000E+000
 4.770E+013  1.000E-008  6.236E+001  0.000E+000
 4.790E+013  1.000E-008  6.236E+001  9.619E-013
 4.810E+013  1.000E-008  6.236E+001 -9.619E-013
 4.830E+013  1.000E-008  6.236E+001 -8.697E-034
 4.850E+013  1.000E-008  6.236E+001  9.619E-013
 4.870E+013  1.000E-008  6.236E+001 -9.619E-013
 4.890E+013  1.000E-008  6.236E+001  0.000E+000
 4.910E+013  1.000E-008  6.236E+001  0.000E+000
 4.930E+013  1.000E-008  6.236E+001  0.000E+000
 4.950E+013  1.000E-008  6.236E+001  0.000E+000
 4.970E+013  1.000E-008  6.236E+001  0.000E+000
 4.990E+013  1.000E-008  6.236E+001  1.924E-012
 5.010E+013  1.000E-008  6.236E+001 -2.886E-012
 5.030E+013  1.000E-008  6.236E+001  9.619E-013
 5.050E+013  1.000E-008  6.236E+001  1.047E-030
 5.070E+013  1.000E-008  6.236E+001  4.202E-067
 5.090E+013  1.000E-008  6.236E+001  3.117E-140
 5.110E+013  1.000E-008  6.236E+001  9.619E-013
 5.130E+013  1.000E-008  6.236E+001 -9.619E-013
 5.150E+013  1.000E-008  6.236E+001  0.000E+000
 5.170E+013  1.000E-008  6.236E+001  0.000E+000
 5.190E+013  1.000E-008  6.236E+001 -8.189E-287
 5.210E+013  1.000E-008  6.236E+001 -3.136E-140
 5.230E+013  1.000E-008  6.236E+001 -4.215E-067
 5.250E+013  1.000E-008  6.236E+001 -1.049E-030
 5.270E+013  1.000E-008  6.236E+001 -9.619E-013
 5.290E+013  1.000E-008  6.236E+001  9.619E-013
 5.310E+013  1.000E-008  6.236E+001  1.047E-030
 5.330E+013  1.000E-008  6.236E+001  4.202E-067
 5.350E+013  1.000E-008  6.236E+001  1.924E-012
 5.370E+013  1.000E-008  6.236E+001 -1.924E-012
 5.390E+013  1.000E-008  6.236E+001  1.382E-031
 5.410E+013  1.000E-008  6.236E+001  9.619E-013
 5.430E+013  1.000E-008  6.236E+001  9.619E-013
 5.450E+013  1.000E-008  6.236E+001  9.619E-013
 5.470E+013  1.000E-008  6.236E+001 -2.886E-012
 5.490E+013  1.000E-008  6.236E+001 -1.049E-030
 5.510E+013  1.000E-008  6.236E+001 -9.619E-013
 5.530E+013  1.000E-008  6.236E+001  1.924E-012
 5.550E+013  1.000E-008  6.236E+001 -3.848E-012
 5.570E+013  1.000E-008  6.236E+001  1.924E-012
 5.590E+013  1.000E-008  6.236E+001  9.619E-013
 5.610E+013  1.000E-008  6.236E+001 -9.619E-013
 5.630E+013  1.000E-008  6.236E+001  9.619E-013
 5.650E+013  1.000E-008  6.236E+001 -5.771E-012
 5.670E+013  1.000E-008  6.236E+001  5.771E-012
 5.690E+013  1.000E-008  6.236E+001  5.771E-012
 5.710E+013  1.000E-008  6.236E+001 -5.771E-012
 5.730E+013  1.000E-008  6.236E+001  6.733E-012
 5.750E+013  1.000E-008  6.236E+001 -1.443E-011
 5.770E+013  1.000E-008  6.236E+001 -9.613E-013
 5.790E+013  1.000E-008  6.236E+001  8.655E-012
 5.810E+013  1.000E-008  6.236E+001  4.566E-011
 5.830E+013  1.000E-008  6.236E+001 -4.566E-011
 5.850E+013  1.000E-008  6.236E+001  0.000E+000
 5.870E+013  1.000E-008  6.236E+001  0.000E+000
 5.890E+013  1.000E-008  6.236E+001  0.000E+000
 5.910E+013  1.000E-008  6.236E+001  0.000E+000
 5.930E+013  1.000E-008  6.236E+001  0.000E+000
 5.950E+013  1.000E-008  6.236E+001  0.000E+000
 5.970E+013  1.000E-008  6.236E+001  0.000E+000
 5.990E+013  1.000E-008  6.236E+001  0.000E+000
 6.010E+013  1.000E-008  6.236E+001  0.000E+000
 6.030E+013  1.000E-008  6.236E+001  9.619E-013
 6.050E+013  1.000E-008  6.236E+001 -9.619E-013
 6.070E+013  1.000E-008  6.236E+001  9.619E-013
 6.090E+013  1.000E-008  6.236E+001 -9.619E-013
 6.110E+013  1.000E-008  6.236E+001  0.000E+000
 6.130E+013  1.000E-008  6.236E+001  0.000E+000
 6.150E+013  1.000E-008  6.236E+001  0.000E+000
 6.170E+013  1.000E-008  6.236E+001  9.619E-013
 6.190E+013  1.000E-008  6.236E+001 -9.619E-013
 6.210E+013  1.000E-008  6.236E+001  0.000E+000
 6.230E+013  1.000E-008  6.236E+001  0.000E+000
 6.250E+013  1.000E-008  6.236E+001  0.000E+000
 6.270E+013  1.000E-008  6.236E+001  0.000E+000
 6.290E+013  1.000E-008  6.236E+001  0.000E+000
 6.310E+013  1.000E-008  6.236E+001  0.000E+000
 6.330E+013  1.000E-008  6.236E+001  0.000E+000
 6.350E+013  1.000E-008  6.236E+001  9.619E-013
 6.370E+013  1.000E-008  6.236E+001 -9.619E-013
 6.390E+013  1.000E-008  6.236E+001  0.000E+000
 6.410E+013  1.000E-008  6.236E+001  0.000E+000
 6.430E+013  1.000E-008  6.236E+001  0.000E+000
 6.450E+013  1.000E-008  6.236E+001  0.000E+000
 6.470E+013  1.000E-008  6.236E+001  9.619E-013
 6.490E+013  1.000E-008  6.236E+001 -9.619E-013
 6.510E+013  1.000E-008  6.236E+001  0.000E+000
 6.530E+013  1.000E-008  6.236E+001  0.000E+000
 6.550E+013  1.000E-008  6.236E+001  0.000E+000
 6.570E+013  1.000E-008  6.236E+001  0.000E+000
 6.590E+013  1.000E-008  6.236E+001  9.619E-013
 6.610E+013  1.000E-008  6.236E+001 -9.619E-013
 6.630E+013  1.000E-008  6.236E+001  0.000E+000
 6.650E+013  1.000E-008  6.236E+001  0.000E+000
 6.670E+013  1.000E-008  6.236E+001  0.000E+000
 6.690E+013  1.000E-008  6.236E+001  9.619E-013
 6.710E+013  1.000E-008  6.236E+001 -9.619E-013
 6.730E+013  1.000E-008  6.236E+001  0.000E+000
 6.750E+013  1.000E-008  6.236E+001  0.000E+000
 6.770E+013  1.000E-008  6.236E+001  9.619E-013
 6.790E+013  1.000E-008  6.236E+001 -9.619E-013
 6.810E+013  1.000E-008  6.236E+001  9.619E-013
 6.830E+013  1.000E-008  6.236E+001 -1.229E-033
 6.850E+013  1.000E-008  6.236E+001 -9.619E-013
 6.870E+013  1.000E-008  6.236E+001  0.000E+000
 6.890E+013  1.000E-008  6.236E+001  0.000E+000
 6.910E+013  1.000E-008  6.236E+001  0.000E+000
 6.930E+013  1.000E-008  6.236E+001  9.619E-013
 6.950E+013  1.000E-008  6.236E+001 -9.619E-013
 6.970E+013  1.000E-008  6.236E+001  0.000E+000
 6.990E+013  1.000E-008  6.236E+001  0.000E+000
 7.010E+013  1.000E-008  6.236E+001  0.000E+000
 7.030E+013  1.000E-008  6.236E+001  0.000E+000
 7.050E+013  1.000E-008  6.236E+001  0.000E+000
 7.070E+013  1.000E-008  6.236E+001  0.000E+000
 7.090E+013  1.000E-008  6.236E+001  0.000E+000
 7.110E+013  1.000E-008  6.236E+001  0.000E+000
 7.130E+013  1.000E-008  6.236E+001  0.000E+000
 7.150E+013  1.000E-008  6.236E+001  0.000E+000
 7.170E+013  1.000E-008  6.236E+001  0.000E+000
 7.190E+013  1.000E-008  6.236E+001  9.619E-013
 7.210E+013  1.000E-008  6.236E+001 -9.619E-013
 7.230E+013  1.000E-008  6.236E+001  0.000E+000
 7.250E+013  1.000E-008  6.236E+001  0.000E+000
 7.270E+013  1.000E-008  6.236E+001  1.924E-012
 7.290E+013  1.000E-008  6.236E+001 -4.606E-033
 7.310E+013  1.000E-008  6.236E+001 -1.924E-012
 7.330E+013  1.000E-008  6.236E+001 -1.048E-030
 7.350E+013  1.000E-008  6.236E+001 -9.619E-013
 7.370E+013  1.000E-008  6.236E+001  9.619E-013
 7.390E+013  1.000E-008  6.236E+001  1.047E-030
 7.410E+013  1.000E-008  6.236E+001  4.204E-067
 7.430E+013  1.000E-008  6.236E+001  3.120E-140
 7.450E+013  1.000E-008  6.236E+001  8.104E-287
 7.470E+013  1.000E-008  6.236E+001  0.000E+000
 7.490E+013  1.000E-008  6.236E+001  0.000E+000
 7.510E+013  1.000E-008  6.236E+001  0.000E+000
 7.530E+013  1.000E-008  6.236E+001  0.000E+000
 7.550E+013  1.000E-008  6.236E+001  0.000E+000
 7.570E+013  1.000E-008  6.236E+001  0.000E+000
 7.590E+013  1.000E-008  6.236E+001  0.000E+000
 7.610E+013  1.000E-008  6.236E+001  0.000E+000
 7.630E+013  1.000E-008  6.236E+001  0.000E+000
 7.650E+013  1.000E-008  6.236E+001  0.000E+000
 7.670E+013  1.000E-008  6.236E+001  1.924E-012
 7.690E+013  1.000E-008  6.236E+001 -1.924E-012
 7.710E+013  1.000E-008  6.236E+001  2.886E-012
 7.730E+013  1.000E-008  6.236E+001 -2.886E-012
 7.750E+013  1.000E-008  6.236E+001  2.482E-031
 7.770E+013  1.000E-008  6.236E+001  1.924E-012
 7.790E+013  1.000E-008  6.236E+001 -5.771E-012
 7.810E+013  1.000E-008  6.236E+001  5.771E-012
 7.830E+013  1.000E-008  6.236E+001 -1.924E-012
 7.850E+013  1.000E-008  6.236E+001 -2.970E-067
 7.870E+013  1.000E-008  6.236E+001 -8.804E-031
 7.890E+013  1.000E-008  6.236E+001 -9.619E-013
 7.910E+013  1.000E-008  6.236E+001 -4.809E-012
 7.930E+013  1.000E-008  6.236E+001  2.885E-012
 7.950E+013  1.000E-008  6.236E+001  2.886E-012
 7.970E+013  1.000E-008  6.236E+001 -3.847E-012
 7.990E+013  1.000E-008  6.236E+001  3.847E-012
 8.010E+013  1.000E-008  6.236E+001  1.676E-029
 8.030E+013  1.000E-008  6.236E+001  1.076E-064
 8.050E+013  1.000E-008  6.236E+001  2.044E-135
 8.070E+013  1.000E-008  6.236E+001 -3.713E-270
 8.090E+013  1.000E-008  6.236E+001 -6.679E-132
 8.110E+013  1.000E-008  6.236E+001 -6.152E-063
 8.130E+013  1.000E-008  6.236E+001 -1.267E-028
 8.150E+013  1.000E-008  6.236E+001 -1.058E-011
 8.170E+013  1.000E-008  6.236E+001  1.346E-011
 8.190E+013  1.000E-008  6.236E+001 -2.886E-012
 8.210E+013  1.000E-008  6.236E+001  0.000E+000
 8.230E+013  1.000E-008  6.236E+001  0.000E+000
 8.250E+013  1.000E-008  6.236E+001  0.000E+000
 8.270E+013  1.000E-008  6.236E+001  0.000E+000
 8.290E+013  1.000E-008  6.236E+001  3.848E-012
 8.310E+013  1.000E-008  6.236E+001 -3.848E-012
 8.330E+013  1.000E-008  6.236E+001 -1.018E-030
 8.350E+013  1.000E-008  6.236E+001  5.771E-012
 8.370E+013  1.000E-008  6.236E+001 -4.809E-012
 8.390E+013  1.000E-008  6.236E+001 -1.048E-030
 8.410E+013  1.000E-008  6.236E+001 -9.619E-013
 8.430E+013  1.000E-008  6.236E+001  9.619E-013
 8.450E+013  1.000E-008  6.236E+001 -9.933E-034
 8.470E+013  1.000E-008  6.236E+001 -9.619E-013
 8.490E+013  1.000E-008  6.236E+001 -4.943E-034
 8.510E+013  1.000E-008  6.236E+001  9.619E-013
 8.530E+013  1.000E-008  6.236E+001 -9.840E-034
 8.550E+013  1.000E-008  6.236E+001 -9.619E-013
 8.570E+013  1.000E-008  6.236E+001 -4.897E-034
 8.590E+013  1.000E-008  6.236E+001  9.619E-013
 8.610E+013  1.000E-008  6.236E+001 -9.619E-013
 8.630E+013  1.000E-008  6.236E+001  0.000E+000
 8.650E+013  1.000E-008  6.236E+001  0.000E+000
 8.670E+013  1.000E-008  6.236E+001  0.000E+000
 8.690E+013  1.000E-008  6.236E+001  0.000E+000
 8.710E+013  1.000E-008  6.236E+001  0.000E+000
 8.730E+013  1.000E-008  6.236E+001  0.000E+000
 8.750E+013  1.000E-008  6.236E+001  9.619E-013
 8.770E+013  1.000E-008  6.236E+001 -9.619E-013
 8.790E+013  1.000E-008  6.236E+001 -4.774E-034
 8.810E+013  1.000E-008  6.236E+001  9.619E-013
 8.830E+013  1.000E-008  6.236E+001 -9.619E-013
 8.850E+013  1.000E-008  6.236E+001  9.619E-013
 8.870E+013  1.000E-008  6.236E+001  9.619E-013
 8.890E+013  1.000E-008  6.236E+001 -1.924E-012
 8.910E+013  1.000E-008  6.236E+001  0.000E+000
 8.930E+013  1.000E-008  6.236E+001  0.000E+000
 8.950E+013  1.000E-008  6.236E+001  0.000E+000
 8.970E+013  1.000E-008  6.236E+001  0.000E+000
 8.990E+013  1.000E-008  6.236E+001  0.000E+000
 9.010E+013  1.000E-008  6.236E+001  9.619E-013
 9.030E+013  1.000E-008  6.236E+001 -9.294E-034
 9.050E+013  1.000E-008  6.236E+001 -9.619E-013
 9.070E+013  1.000E-008  6.236E+001  9.619E-013
 9.090E+013  1.000E-008  6.236E+001 -9.233E-034
 9.110E+013  1.000E-008  6.236E+001 -9.619E-013
 9.130E+013  1.000E-008  6.236E+001  0.000E+000
 9.150E+013  1.000E-008  6.236E+001  0.000E+000
 9.170E+013  1.000E-008  6.236E+001  0.000E+000
 9.190E+013  1.000E-008  6.236E+001  0.000E+000
 9.210E+013  1.000E-008  6.236E+001  0.000E+000
 9.230E+013  1.000E-008  6.236E+001  9.619E-013
 9.250E+013  1.000E-008  6.236E+001 -9.073E-034
 9.270E+013  1.000E-008  6.236E+001 -9.619E-013
 9.290E+013  1.000E-008  6.236E+001  0.000E+000
 9.310E+013  1.000E-008  6.236E+001  0.000E+000
 9.330E+013  1.000E-008  6.236E+001  0.000E+000
 9.350E+013  1.000E-008  6.236E+001  0.000E+000
 9.370E+013  1.000E-008  6.236E+001  9.619E-013
 9.390E+013  1.000E-008  6.236E+001 -9.619E-013
 9.410E+013  1.000E-008  6.236E+001  9.619E-013
 9.430E+013  1.000E-008  6.236E+001 -9.619E-013
 9.450E+013  1.000E-008  6.236E+001  0.000E+000
 9.470E+013  1.000E-008  6.236E+001  0.000E+000
 9.490E+013  1.000E-008  6.236E+001  0.000E+000
 9.510E+013  1.000E-008  6.236E+001  0.000E+000
 9.530E+013  1.000E-008  6.236E+001  9.619E-013
 9.550E+013  1.000E-008  6.236E+001 -9.619E-013
 9.570E+013  1.000E-008  6.236E+001 -4.212E-067
 9.590E+013  1.000E-008  6.236E+001 -1.048E-030
 9.610E+013  1.000E-008  6.236E+001 -9.619E-013
 9.630E+013  1.000E-008  6.236E+001  9.619E-013
 9.650E+013  1.000E-008  6.236E+001  1.047E-030
 9.670E+013  1.000E-008  6.236E+001  9.619E-013
 9.690E+013  1.000E-008  6.236E+001 -9.619E-013
 9.710E+013  1.000E-008  6.236E+001  0.000E+000
 9.730E+013  1.000E-008  6.236E+001  0.000E+000
 9.750E+013  1.000E-008  6.236E+001  0.000E+000
 9.770E+013  1.000E-008  6.236E+001  0.000E+000
 9.790E+013  1.000E-008  6.236E+001  0.000E+000
 9.810E+013  1.000E-008  6.236E+001  0.000E+000
 9.830E+013  1.000E-008  6.236E+001  0.000E+000
 9.850E+013  1.000E-008  6.236E+001  0.000E+000
 9.870E+013  1.000E-008  6.236E+001  0.000E+000
 9.890E+013  1.000E-008  6.236E+001  0.000E+000
 9.910E+013  1.000E-008  6.236E+001  0.000E+000
 9.930E+013  1.000E-008  6.236E+001  0.000E+000
 9.950E+013  1.000E-008  6.236E+001  9.619E-013
 9.970E+013  1.000E-008  6.236E+001 -9.619E-013
 9.990E+013  1.000E-008  6.236E+001  0.000E+000
 1.001E+014  1.000E-099  1.000E-099  0.000E+000
 1.003E+014  1.000E-099  1.000E-099  0.000E+000
 8.586E-003
