 1.922E+005
     x1b        dens       energ       v1
 1.000E+011  8.507E-011  1.249E+006  0.000E+000
 3.000E+011  8.677E-011  1.255E+006  6.403E+005
 5.000E+011  9.020E-011  1.252E+006  3.538E+005
 7.000E+011  9.491E-011  1.253E+006  7.992E+005
 9.000E+011  9.941E-011  1.253E+006  9.946E+005
 1.100E+012  1.031E-010  1.253E+006  1.272E+006
 1.300E+012  1.047E-010  1.254E+006  1.508E+006
 1.500E+012  1.048E-010  1.254E+006  1.758E+006
 1.700E+012  1.047E-010  1.254E+006  2.010E+006
 1.900E+012  1.043E-010  1.254E+006  2.265E+006
 2.100E+012  1.041E-010  1.255E+006  2.523E+006
 2.300E+012  1.041E-010  1.255E+006  2.771E+006
 2.500E+012  1.043E-010  1.255E+006  3.016E+006
 2.700E+012  1.052E-010  1.256E+006  3.270E+006
 2.900E+012  1.070E-010  1.256E+006  3.526E+006
 3.100E+012  1.103E-010  1.257E+006  3.778E+006
 3.300E+012  1.158E-010  1.257E+006  4.026E+006
 3.500E+012  1.243E-010  1.258E+006  4.279E+006
 3.700E+012  1.370E-010  1.259E+006  4.542E+006
 3.900E+012  1.555E-010  1.260E+006  4.796E+006
 4.100E+012  1.825E-010  1.261E+006  5.048E+006
 4.300E+012  2.211E-010  1.262E+006  5.314E+006
 4.500E+012  2.755E-010  1.264E+006  5.578E+006
 4.700E+012  3.505E-010  1.266E+006  5.844E+006
 4.900E+012  4.506E-010  1.269E+006  6.107E+006
 5.100E+012  5.784E-010  1.273E+006  6.366E+006
 5.300E+012  7.334E-010  1.279E+006  6.624E+006
 5.500E+012  9.124E-010  1.286E+006  6.877E+006
 5.700E+012  1.111E-009  1.295E+006  7.132E+006
 5.900E+012  1.326E-009  1.307E+006  7.388E+006
 6.100E+012  1.557E-009  1.321E+006  7.647E+006
 6.300E+012  1.807E-009  1.337E+006  7.911E+006
 6.500E+012  2.081E-009  1.357E+006  8.179E+006
 6.700E+012  2.390E-009  1.380E+006  8.453E+006
 6.900E+012  2.746E-009  1.407E+006  8.732E+006
 7.100E+012  3.165E-009  1.440E+006  9.027E+006
 7.300E+012  3.665E-009  1.481E+006  9.341E+006
 7.500E+012  4.264E-009  1.528E+006  9.664E+006
 7.700E+012  4.980E-009  1.583E+006  9.986E+006
 7.900E+012  5.833E-009  1.648E+006  1.031E+007
 8.100E+012  6.853E-009  1.729E+006  1.065E+007
 8.300E+012  8.054E-009  1.822E+006  1.101E+007
 8.500E+012  9.475E-009  1.932E+006  1.135E+007
 8.700E+012  1.128E-008  2.093E+006  1.175E+007
 8.900E+012  1.354E-008  2.293E+006  1.229E+007
 9.100E+012  1.620E-008  2.486E+006  1.271E+007
 9.300E+012  2.033E-008  2.900E+006  1.318E+007
 9.500E+012  2.649E-008  3.584E+006  1.442E+007
 9.700E+012  2.853E-008  3.322E+006  1.481E+007
 9.900E+012  2.404E-008  1.790E+006  1.329E+007
 1.010E+013  1.505E-008  3.447E+005  9.167E+006
 1.030E+013  1.094E-008  1.100E+004  3.677E+006
 1.050E+013  1.004E-008  6.590E+001  3.481E+005
 1.070E+013  1.000E-008  6.236E+001  1.133E+003
 1.090E+013  1.000E-008  6.236E+001  3.677E-003
 1.110E+013  1.000E-008  6.236E+001  1.564E-010
 1.130E+013  1.000E-008  6.236E+001  6.829E-013
 1.150E+013  1.000E-008  6.236E+001 -6.829E-013
 1.170E+013  1.000E-008  6.236E+001  0.000E+000
 1.190E+013  1.000E-008  6.236E+001  0.000E+000
 1.210E+013  1.000E-008  6.236E+001  6.829E-013
 1.230E+013  1.000E-008  6.236E+001 -2.461E-033
 1.250E+013  1.000E-008  6.236E+001 -6.829E-013
 1.270E+013  1.000E-008  6.236E+001  0.000E+000
 1.290E+013  1.000E-008  6.236E+001  0.000E+000
 1.310E+013  1.000E-008  6.236E+001  0.000E+000
 1.330E+013  1.000E-008  6.236E+001  0.000E+000
 1.350E+013  1.000E-008  6.236E+001  0.000E+000
 1.370E+013  1.000E-008  6.236E+001  0.000E+000
 1.390E+013  1.000E-008  6.236E+001  2.731E-012
 1.410E+013  1.000E-008  6.236E+001 -2.731E-012
 1.430E+013  1.000E-008  6.236E+001 -1.023E-011
 1.450E+013  1.000E-008  6.236E+001  1.023E-011
 1.470E+013  1.000E-008  6.236E+001  2.049E-012
 1.490E+013  1.000E-008  6.236E+001 -2.049E-012
 1.510E+013  1.000E-008  6.236E+001  0.000E+000
 1.530E+013  1.000E-008  6.236E+001  0.000E+000
 1.550E+013  1.000E-008  6.236E+001  0.000E+000
 1.570E+013  1.000E-008  6.236E+001  0.000E+000
 1.590E+013  1.000E-008  6.236E+001  6.829E-013
 1.610E+013  1.000E-008  6.236E+001 -1.877E-033
 1.630E+013  1.000E-008  6.236E+001 -6.829E-013
 1.650E+013  1.000E-008  6.236E+001 -6.828E-013
 1.670E+013  1.000E-008  6.236E+001  6.828E-013
 1.690E+013  1.000E-008  6.236E+001  3.744E-031
 1.710E+013  1.000E-008  6.236E+001  3.804E-068
 1.730E+013  1.000E-008  6.236E+001  1.802E-142
 1.750E+013  1.000E-008  6.236E+001  1.893E-291
 1.770E+013  1.000E-008  6.236E+001  0.000E+000
 1.790E+013  1.000E-008  6.236E+001  0.000E+000
 1.810E+013  1.000E-008  6.236E+001  0.000E+000
 1.830E+013  1.000E-008  6.236E+001  6.829E-013
 1.850E+013  1.000E-008  6.236E+001 -6.829E-013
 1.870E+013  1.000E-008  6.236E+001  2.731E-012
 1.890E+013  1.000E-008  6.236E+001 -4.097E-012
 1.910E+013  1.000E-008  6.236E+001  2.731E-012
 1.930E+013  1.000E-008  6.236E+001 -1.366E-012
 1.950E+013  1.000E-008  6.236E+001  0.000E+000
 1.970E+013  1.000E-008  6.236E+001  0.000E+000
 1.990E+013  1.000E-008  6.236E+001  0.000E+000
 2.010E+013  1.000E-008  6.236E+001  0.000E+000
 2.030E+013  1.000E-008  6.236E+001  0.000E+000
 2.050E+013  1.000E-008  6.236E+001  0.000E+000
 2.070E+013  1.000E-008  6.236E+001  0.000E+000
 2.090E+013  1.000E-008  6.236E+001  6.829E-013
 2.110E+013  1.000E-008  6.236E+001 -1.430E-033
 2.130E+013  1.000E-008  6.236E+001 -6.829E-013
 2.150E+013  1.000E-008  6.236E+001  0.000E+000
 2.170E+013  1.000E-008  6.236E+001  0.000E+000
 2.190E+013  1.000E-008  6.236E+001  0.000E+000
 2.210E+013  1.000E-008  6.236E+001  0.000E+000
 2.230E+013  1.000E-008  6.236E+001  0.000E+000
 2.250E+013  1.000E-008  6.236E+001  0.000E+000
 2.270E+013  1.000E-008  6.236E+001  6.829E-013
 2.290E+013  1.000E-008  6.236E+001 -1.317E-033
 2.310E+013  1.000E-008  6.236E+001 -6.829E-013
 2.330E+013  1.000E-008  6.236E+001  0.000E+000
 2.350E+013  1.000E-008  6.236E+001  0.000E+000
 2.370E+013  1.000E-008  6.236E+001  6.829E-013
 2.390E+013  1.000E-008  6.236E+001 -6.829E-013
 2.410E+013  1.000E-008  6.236E+001  0.000E+000
 2.430E+013  1.000E-008  6.236E+001  0.000E+000
 2.450E+013  1.000E-008  6.236E+001  0.000E+000
 2.470E+013  1.000E-008  6.236E+001  6.829E-013
 2.490E+013  1.000E-008  6.236E+001 -6.829E-013
 2.510E+013  1.000E-008  6.236E+001  6.829E-013
 2.530E+013  1.000E-008  6.236E+001 -6.829E-013
 2.550E+013  1.000E-008  6.236E+001 -1.280E-286
 2.570E+013  1.000E-008  6.236E+001 -4.685E-140
 2.590E+013  1.000E-008  6.236E+001 -6.134E-067
 2.610E+013  1.000E-008  6.236E+001 -1.503E-030
 2.630E+013  1.000E-008  6.236E+001 -1.366E-012
 2.650E+013  1.000E-008  6.236E+001  1.366E-012
 2.670E+013  1.000E-008  6.236E+001  1.499E-030
 2.690E+013  1.000E-008  6.236E+001  6.097E-067
 2.710E+013  1.000E-008  6.236E+001  6.829E-013
 2.730E+013  1.000E-008  6.236E+001 -6.829E-013
 2.750E+013  1.000E-008  6.236E+001  2.049E-012
 2.770E+013  1.000E-008  6.236E+001 -2.049E-012
 2.790E+013  1.000E-008  6.236E+001  0.000E+000
 2.810E+013  1.000E-008  6.236E+001  0.000E+000
 2.830E+013  1.000E-008  6.236E+001  3.414E-012
 2.850E+013  1.000E-008  6.236E+001 -6.828E-013
 2.870E+013  1.000E-008  6.236E+001 -2.731E-012
 2.890E+013  1.000E-008  6.236E+001 -5.876E-031
 2.910E+013  1.000E-008  6.236E+001  4.779E-012
 2.930E+013  1.000E-008  6.236E+001 -4.779E-012
 2.950E+013  1.000E-008  6.236E+001  0.000E+000
 2.970E+013  1.000E-008  6.236E+001  0.000E+000
 2.990E+013  1.000E-008  6.236E+001  0.000E+000
 3.010E+013  1.000E-008  6.236E+001  6.829E-013
 3.030E+013  1.000E-008  6.236E+001 -6.829E-013
 3.050E+013  1.000E-008  6.236E+001  6.829E-013
 3.070E+013  1.000E-008  6.236E+001 -6.829E-013
 3.090E+013  1.000E-008  6.236E+001  6.829E-013
 3.110E+013  1.000E-008  6.236E+001  6.828E-013
 3.130E+013  1.000E-008  6.236E+001 -1.366E-012
 3.150E+013  1.000E-008  6.236E+001  0.000E+000
 3.170E+013  1.000E-008  6.236E+001  0.000E+000
 3.190E+013  1.000E-008  6.236E+001  0.000E+000
 3.210E+013  1.000E-008  6.236E+001  0.000E+000
 3.230E+013  1.000E-008  6.236E+001  0.000E+000
 3.250E+013  1.000E-008  6.236E+001  0.000E+000
 3.270E+013  1.000E-008  6.236E+001 -1.948E-291
 3.290E+013  1.000E-008  6.236E+001 -1.828E-142
 3.310E+013  1.000E-008  6.236E+001 -3.831E-068
 3.330E+013  1.000E-008  6.236E+001 -3.758E-031
 3.350E+013  1.000E-008  6.236E+001 -6.828E-013
 3.370E+013  1.000E-008  6.236E+001  6.828E-013
 3.390E+013  1.000E-008  6.236E+001  3.749E-031
 3.410E+013  1.000E-008  6.236E+001  3.813E-068
 3.430E+013  1.000E-008  6.236E+001  1.811E-142
 3.450E+013  1.000E-008  6.236E+001  1.366E-012
 3.470E+013  1.000E-008  6.236E+001 -1.366E-012
 3.490E+013  1.000E-008  6.236E+001  0.000E+000
 3.510E+013  1.000E-008  6.236E+001  0.000E+000
 3.530E+013  1.000E-008  6.236E+001  0.000E+000
 3.550E+013  1.000E-008  6.236E+001  0.000E+000
 3.570E+013  1.000E-008  6.236E+001  1.366E-012
 3.590E+013  1.000E-008  6.236E+001 -6.828E-013
 3.610E+013  1.000E-008  6.236E+001 -3.757E-031
 3.630E+013  1.000E-008  6.236E+001 -6.829E-013
 3.650E+013  1.000E-008  6.236E+001 -6.828E-013
 3.670E+013  1.000E-008  6.236E+001  6.828E-013
 3.690E+013  1.000E-008  6.236E+001  6.829E-013
 3.710E+013  1.000E-008  6.236E+001 -6.829E-013
 3.730E+013  1.000E-008  6.236E+001 -4.036E-034
 3.750E+013  1.000E-008  6.236E+001  6.829E-013
 3.770E+013  1.000E-008  6.236E+001 -6.829E-013
 3.790E+013  1.000E-008  6.236E+001  0.000E+000
 3.810E+013  1.000E-008  6.236E+001  0.000E+000
 3.830E+013  1.000E-008  6.236E+001  6.829E-013
 3.850E+013  1.000E-008  6.236E+001 -6.829E-013
 3.870E+013  1.000E-008  6.236E+001 -3.757E-031
 3.890E+013  1.000E-008  6.236E+001 -6.828E-013
 3.910E+013  1.000E-008  6.236E+001 -1.137E-031
 3.930E+013  1.000E-008  6.236E+001  2.049E-012
 3.950E+013  1.000E-008  6.236E+001 -6.828E-013
 3.970E+013  1.000E-008  6.236E+001  2.048E-012
 3.990E+013  1.000E-008  6.236E+001 -2.731E-012
 4.010E+013  1.000E-008  6.236E+001  0.000E+000
 4.030E+013  1.000E-008  6.236E+001  0.000E+000
 4.050E+013  1.000E-008  6.236E+001  0.000E+000
 4.070E+013  1.000E-008  6.236E+001  0.000E+000
 4.090E+013  1.000E-008  6.236E+001  2.502E-011
 4.110E+013  1.000E-008  6.236E+001 -2.502E-011
 4.130E+013  1.000E-008  6.236E+001  1.767E-011
 4.150E+013  1.000E-008  6.236E+001 -1.767E-011
 4.170E+013  1.000E-008  6.236E+001  6.144E-012
 4.190E+013  1.000E-008  6.236E+001 -5.461E-012
 4.210E+013  1.000E-008  6.236E+001 -3.757E-031
 4.230E+013  1.000E-008  6.236E+001 -6.829E-013
 4.250E+013  1.000E-008  6.236E+001  0.000E+000
 4.270E+013  1.000E-008  6.236E+001  0.000E+000
 4.290E+013  1.000E-008  6.236E+001  0.000E+000
 4.310E+013  1.000E-008  6.236E+001  0.000E+000
 4.330E+013  1.000E-008  6.236E+001  0.000E+000
 4.350E+013  1.000E-008  6.236E+001  0.000E+000
 4.370E+013  1.000E-008  6.236E+001  0.000E+000
 4.390E+013  1.000E-008  6.236E+001  0.000E+000
 4.410E+013  1.000E-008  6.236E+001  0.000E+000
 4.430E+013  1.000E-008  6.236E+001  0.000E+000
 4.450E+013  1.000E-008  6.236E+001  0.000E+000
 4.470E+013  1.000E-008  6.236E+001  6.829E-013
 4.490E+013  1.000E-008  6.236E+001 -6.702E-034
 4.510E+013  1.000E-008  6.236E+001 -6.829E-013
 4.530E+013  1.000E-008  6.236E+001 -1.943E-291
 4.550E+013  1.000E-008  6.236E+001 -1.825E-142
 4.570E+013  1.000E-008  6.236E+001 -3.829E-068
 4.590E+013  1.000E-008  6.236E+001 -3.756E-031
 4.610E+013  1.000E-008  6.236E+001 -6.828E-013
 4.630E+013  1.000E-008  6.236E+001  6.828E-013
 4.650E+013  1.000E-008  6.236E+001  6.829E-013
 4.670E+013  1.000E-008  6.236E+001 -6.829E-013
 4.690E+013  1.000E-008  6.236E+001  6.829E-013
 4.710E+013  1.000E-008  6.236E+001 -6.829E-013
 4.730E+013  1.000E-008  6.236E+001  0.000E+000
 4.750E+013  1.000E-008  6.236E+001  0.000E+000
 4.770E+013  1.000E-008  6.236E+001  0.000E+000
 4.790E+013  1.000E-008  6.236E+001  6.829E-013
 4.810E+013  1.000E-008  6.236E+001 -6.829E-013
 4.830E+013  1.000E-008  6.236E+001 -3.115E-034
 4.850E+013  1.000E-008  6.236E+001  6.829E-013
 4.870E+013  1.000E-008  6.236E+001 -6.829E-013
 4.890E+013  1.000E-008  6.236E+001  0.000E+000
 4.910E+013  1.000E-008  6.236E+001  0.000E+000
 4.930E+013  1.000E-008  6.236E+001  0.000E+000
 4.950E+013  1.000E-008  6.236E+001  0.000E+000
 4.970E+013  1.000E-008  6.236E+001  0.000E+000
 4.990E+013  1.000E-008  6.236E+001  1.366E-012
 5.010E+013  1.000E-008  6.236E+001 -2.049E-012
 5.030E+013  1.000E-008  6.236E+001  6.828E-013
 5.050E+013  1.000E-008  6.236E+001  3.750E-031
 5.070E+013  1.000E-008  6.236E+001  3.816E-068
 5.090E+013  1.000E-008  6.236E+001  1.813E-142
 5.110E+013  1.000E-008  6.236E+001  6.829E-013
 5.130E+013  1.000E-008  6.236E+001 -6.829E-013
 5.150E+013  1.000E-008  6.236E+001  0.000E+000
 5.170E+013  1.000E-008  6.236E+001  0.000E+000
 5.190E+013  1.000E-008  6.236E+001 -1.941E-291
 5.210E+013  1.000E-008  6.236E+001 -1.825E-142
 5.230E+013  1.000E-008  6.236E+001 -3.828E-068
 5.250E+013  1.000E-008  6.236E+001 -3.756E-031
 5.270E+013  1.000E-008  6.236E+001 -6.828E-013
 5.290E+013  1.000E-008  6.236E+001  6.828E-013
 5.310E+013  1.000E-008  6.236E+001  3.750E-031
 5.330E+013  1.000E-008  6.236E+001  3.816E-068
 5.350E+013  1.000E-008  6.236E+001  1.366E-012
 5.370E+013  1.000E-008  6.236E+001 -1.366E-012
 5.390E+013  1.000E-008  6.236E+001  4.948E-032
 5.410E+013  1.000E-008  6.236E+001  6.829E-013
 5.430E+013  1.000E-008  6.236E+001  6.828E-013
 5.450E+013  1.000E-008  6.236E+001  6.828E-013
 5.470E+013  1.000E-008  6.236E+001 -2.049E-012
 5.490E+013  1.000E-008  6.236E+001 -3.756E-031
 5.510E+013  1.000E-008  6.236E+001 -6.828E-013
 5.530E+013  1.000E-008  6.236E+001  1.366E-012
 5.550E+013  1.000E-008  6.236E+001 -2.731E-012
 5.570E+013  1.000E-008  6.236E+001  1.366E-012
 5.590E+013  1.000E-008  6.236E+001  6.828E-013
 5.610E+013  1.000E-008  6.236E+001 -6.828E-013
 5.630E+013  1.000E-008  6.236E+001  6.828E-013
 5.650E+013  1.000E-008  6.236E+001 -4.097E-012
 5.670E+013  1.000E-008  6.236E+001  4.097E-012
 5.690E+013  1.000E-008  6.236E+001  4.097E-012
 5.710E+013  1.000E-008  6.236E+001 -4.097E-012
 5.730E+013  1.000E-008  6.236E+001  4.779E-012
 5.750E+013  1.000E-008  6.236E+001 -1.024E-011
 5.770E+013  1.000E-008  6.236E+001 -6.822E-013
 5.790E+013  1.000E-008  6.236E+001  6.144E-012
 5.810E+013  1.000E-008  6.236E+001  3.227E-011
 5.830E+013  1.000E-008  6.236E+001 -3.227E-011
 5.850E+013  1.000E-008  6.236E+001  0.000E+000
 5.870E+013  1.000E-008  6.236E+001  0.000E+000
 5.890E+013  1.000E-008  6.236E+001  0.000E+000
 5.910E+013  1.000E-008  6.236E+001  0.000E+000
 5.930E+013  1.000E-008  6.236E+001  0.000E+000
 5.950E+013  1.000E-008  6.236E+001  0.000E+000
 5.970E+013  1.000E-008  6.236E+001  0.000E+000
 5.990E+013  1.000E-008  6.236E+001  0.000E+000
 6.010E+013  1.000E-008  6.236E+001  0.000E+000
 6.030E+013  1.000E-008  6.236E+001  6.829E-013
 6.050E+013  1.000E-008  6.236E+001 -6.829E-013
 6.070E+013  1.000E-008  6.236E+001  6.829E-013
 6.090E+013  1.000E-008  6.236E+001 -6.829E-013
 6.110E+013  1.000E-008  6.236E+001  0.000E+000
 6.130E+013  1.000E-008  6.236E+001  0.000E+000
 6.150E+013  1.000E-008  6.236E+001  0.000E+000
 6.170E+013  1.000E-008  6.236E+001  6.829E-013
 6.190E+013  1.000E-008  6.236E+001 -6.829E-013
 6.210E+013  1.000E-008  6.236E+001  0.000E+000
 6.230E+013  1.000E-008  6.236E+001  0.000E+000
 6.250E+013  1.000E-008  6.236E+001  0.000E+000
 6.270E+013  1.000E-008  6.236E+001  0.000E+000
 6.290E+013  1.000E-008  6.236E+001  0.000E+000
 6.310E+013  1.000E-008  6.236E+001  0.000E+000
 6.330E+013  1.000E-008  6.236E+001  0.000E+000
 6.350E+013  1.000E-008  6.236E+001  6.829E-013
 6.370E+013  1.000E-008  6.236E+001 -6.829E-013
 6.390E+013  1.000E-008  6.236E+001  0.000E+000
 6.410E+013  1.000E-008  6.236E+001  0.000E+000
 6.430E+013  1.000E-008  6.236E+001  0.000E+000
 6.450E+013  1.000E-008  6.236E+001  0.000E+000
 6.470E+013  1.000E-008  6.236E+001  6.829E-013
 6.490E+013  1.000E-008  6.236E+001 -6.829E-013
 6.510E+013  1.000E-008  6.236E+001  0.000E+000
 6.530E+013  1.000E-008  6.236E+001  0.000E+000
 6.550E+013  1.000E-008  6.236E+001  0.000E+000
 6.570E+013  1.000E-008  6.236E+001  0.000E+000
 6.590E+013  1.000E-008  6.236E+001  6.829E-013
 6.610E+013  1.000E-008  6.236E+001 -6.829E-013
 6.630E+013  1.000E-008  6.236E+001  0.000E+000
 6.650E+013  1.000E-008  6.236E+001  0.000E+000
 6.670E+013  1.000E-008  6.236E+001  0.000E+000
 6.690E+013  1.000E-008  6.236E+001  6.829E-013
 6.710E+013  1.000E-008  6.236E+001 -6.829E-013
 6.730E+013  1.000E-008  6.236E+001  0.000E+000
 6.750E+013  1.000E-008  6.236E+001  0.000E+000
 6.770E+013  1.000E-008  6.236E+001  6.829E-013
 6.790E+013  1.000E-008  6.236E+001 -6.829E-013
 6.810E+013  1.000E-008  6.236E+001  6.829E-013
 6.830E+013  1.000E-008  6.236E+001 -4.403E-034
 6.850E+013  1.000E-008  6.236E+001 -6.829E-013
 6.870E+013  1.000E-008  6.236E+001  0.000E+000
 6.890E+013  1.000E-008  6.236E+001  0.000E+000
 6.910E+013  1.000E-008  6.236E+001  0.000E+000
 6.930E+013  1.000E-008  6.236E+001  6.829E-013
 6.950E+013  1.000E-008  6.236E+001 -6.829E-013
 6.970E+013  1.000E-008  6.236E+001  0.000E+000
 6.990E+013  1.000E-008  6.236E+001  0.000E+000
 7.010E+013  1.000E-008  6.236E+001  0.000E+000
 7.030E+013  1.000E-008  6.236E+001  0.000E+000
 7.050E+013  1.000E-008  6.236E+001  0.000E+000
 7.070E+013  1.000E-008  6.236E+001  0.000E+000
 7.090E+013  1.000E-008  6.236E+001  0.000E+000
 7.110E+013  1.000E-008  6.236E+001  0.000E+000
 7.130E+013  1.000E-008  6.236E+001  0.000E+000
 7.150E+013  1.000E-008  6.236E+001  0.000E+000
 7.170E+013  1.000E-008  6.236E+001  0.000E+000
 7.190E+013  1.000E-008  6.236E+001  6.829E-013
 7.210E+013  1.000E-008  6.236E+001 -6.829E-013
 7.230E+013  1.000E-008  6.236E+001  0.000E+000
 7.250E+013  1.000E-008  6.236E+001  0.000E+000
 7.270E+013  1.000E-008  6.236E+001  1.366E-012
 7.290E+013  1.000E-008  6.236E+001 -1.650E-033
 7.310E+013  1.000E-008  6.236E+001 -1.366E-012
 7.330E+013  1.000E-008  6.236E+001 -3.755E-031
 7.350E+013  1.000E-008  6.236E+001 -6.828E-013
 7.370E+013  1.000E-008  6.236E+001  6.828E-013
 7.390E+013  1.000E-008  6.236E+001  3.751E-031
 7.410E+013  1.000E-008  6.236E+001  3.818E-068
 7.430E+013  1.000E-008  6.236E+001  1.815E-142
 7.450E+013  1.000E-008  6.236E+001  1.921E-291
 7.470E+013  1.000E-008  6.236E+001  0.000E+000
 7.490E+013  1.000E-008  6.236E+001  0.000E+000
 7.510E+013  1.000E-008  6.236E+001  0.000E+000
 7.530E+013  1.000E-008  6.236E+001  0.000E+000
 7.550E+013  1.000E-008  6.236E+001  0.000E+000
 7.570E+013  1.000E-008  6.236E+001  0.000E+000
 7.590E+013  1.000E-008  6.236E+001  0.000E+000
 7.610E+013  1.000E-008  6.236E+001  0.000E+000
 7.630E+013  1.000E-008  6.236E+001  0.000E+000
 7.650E+013  1.000E-008  6.236E+001  0.000E+000
 7.670E+013  1.000E-008  6.236E+001  1.366E-012
 7.690E+013  1.000E-008  6.236E+001 -1.366E-012
 7.710E+013  1.000E-008  6.236E+001  2.049E-012
 7.730E+013  1.000E-008  6.236E+001 -2.049E-012
 7.750E+013  1.000E-008  6.236E+001  8.890E-032
 7.770E+013  1.000E-008  6.236E+001  1.366E-012
 7.790E+013  1.000E-008  6.236E+001 -4.097E-012
 7.810E+013  1.000E-008  6.236E+001  4.097E-012
 7.830E+013  1.000E-008  6.236E+001 -1.366E-012
 7.850E+013  1.000E-008  6.236E+001 -2.698E-068
 7.870E+013  1.000E-008  6.236E+001 -3.153E-031
 7.890E+013  1.000E-008  6.236E+001 -6.828E-013
 7.910E+013  1.000E-008  6.236E+001 -3.414E-012
 7.930E+013  1.000E-008  6.236E+001  2.048E-012
 7.950E+013  1.000E-008  6.236E+001  2.048E-012
 7.970E+013  1.000E-008  6.236E+001 -2.731E-012
 7.990E+013  1.000E-008  6.236E+001  2.731E-012
 8.010E+013  1.000E-008  6.236E+001  6.001E-030
 8.030E+013  1.000E-008  6.236E+001  9.772E-066
 8.050E+013  1.000E-008  6.236E+001  1.189E-137
 8.070E+013  1.000E-008  6.236E+001 -8.761E-275
 8.090E+013  1.000E-008  6.236E+001 -3.877E-134
 8.110E+013  1.000E-008  6.236E+001 -5.582E-064
 8.130E+013  1.000E-008  6.236E+001 -4.536E-029
 8.150E+013  1.000E-008  6.236E+001 -7.507E-012
 8.170E+013  1.000E-008  6.236E+001  9.556E-012
 8.190E+013  1.000E-008  6.236E+001 -2.049E-012
 8.210E+013  1.000E-008  6.236E+001  0.000E+000
 8.230E+013  1.000E-008  6.236E+001  0.000E+000
 8.250E+013  1.000E-008  6.236E+001  0.000E+000
 8.270E+013  1.000E-008  6.236E+001  0.000E+000
 8.290E+013  1.000E-008  6.236E+001  2.731E-012
 8.310E+013  1.000E-008  6.236E+001 -2.731E-012
 8.330E+013  1.000E-008  6.236E+001 -3.645E-031
 8.350E+013  1.000E-008  6.236E+001  4.097E-012
 8.370E+013  1.000E-008  6.236E+001 -3.414E-012
 8.390E+013  1.000E-008  6.236E+001 -3.755E-031
 8.410E+013  1.000E-008  6.236E+001 -6.829E-013
 8.430E+013  1.000E-008  6.236E+001  6.829E-013
 8.450E+013  1.000E-008  6.236E+001 -3.558E-034
 8.470E+013  1.000E-008  6.236E+001 -6.829E-013
 8.490E+013  1.000E-008  6.236E+001 -1.770E-034
 8.510E+013  1.000E-008  6.236E+001  6.829E-013
 8.530E+013  1.000E-008  6.236E+001 -3.524E-034
 8.550E+013  1.000E-008  6.236E+001 -6.829E-013
 8.570E+013  1.000E-008  6.236E+001 -1.754E-034
 8.590E+013  1.000E-008  6.236E+001  6.829E-013
 8.610E+013  1.000E-008  6.236E+001 -6.829E-013
 8.630E+013  1.000E-008  6.236E+001  0.000E+000
 8.650E+013  1.000E-008  6.236E+001  0.000E+000
 8.670E+013  1.000E-008  6.236E+001  0.000E+000
 8.690E+013  1.000E-008  6.236E+001  0.000E+000
 8.710E+013  1.000E-008  6.236E+001  0.000E+000
 8.730E+013  1.000E-008  6.236E+001  0.000E+000
 8.750E+013  1.000E-008  6.236E+001  6.829E-013
 8.770E+013  1.000E-008  6.236E+001 -6.829E-013
 8.790E+013  1.000E-008  6.236E+001 -1.710E-034
 8.810E+013  1.000E-008  6.236E+001  6.829E-013
 8.830E+013  1.000E-008  6.236E+001 -6.829E-013
 8.850E+013  1.000E-008  6.236E+001  6.829E-013
 8.870E+013  1.000E-008  6.236E+001  6.828E-013
 8.890E+013  1.000E-008  6.236E+001 -1.366E-012
 8.910E+013  1.000E-008  6.236E+001  0.000E+000
 8.930E+013  1.000E-008  6.236E+001  0.000E+000
 8.950E+013  1.000E-008  6.236E+001  0.000E+000
 8.970E+013  1.000E-008  6.236E+001  0.000E+000
 8.990E+013  1.000E-008  6.236E+001  0.000E+000
 9.010E+013  1.000E-008  6.236E+001  6.829E-013
 9.030E+013  1.000E-008  6.236E+001 -3.329E-034
 9.050E+013  1.000E-008  6.236E+001 -6.829E-013
 9.070E+013  1.000E-008  6.236E+001  6.829E-013
 9.090E+013  1.000E-008  6.236E+001 -3.307E-034
 9.110E+013  1.000E-008  6.236E+001 -6.829E-013
 9.130E+013  1.000E-008  6.236E+001  0.000E+000
 9.150E+013  1.000E-008  6.236E+001  0.000E+000
 9.170E+013  1.000E-008  6.236E+001  0.000E+000
 9.190E+013  1.000E-008  6.236E+001  0.000E+000
 9.210E+013  1.000E-008  6.236E+001  0.000E+000
 9.230E+013  1.000E-008  6.236E+001  6.829E-013
 9.250E+013  1.000E-008  6.236E+001 -3.249E-034
 9.270E+013  1.000E-008  6.236E+001 -6.829E-013
 9.290E+013  1.000E-008  6.236E+001  0.000E+000
 9.310E+013  1.000E-008  6.236E+001  0.000E+000
 9.330E+013  1.000E-008  6.236E+001  0.000E+000
 9.350E+013  1.000E-008  6.236E+001  0.000E+000
 9.370E+013  1.000E-008  6.236E+001  6.829E-013
 9.390E+013  1.000E-008  6.236E+001 -6.829E-013
 9.410E+013  1.000E-008  6.236E+001  6.829E-013
 9.430E+013  1.000E-008  6.236E+001 -6.829E-013
 9.450E+013  1.000E-008  6.236E+001  0.000E+000
 9.470E+013  1.000E-008  6.236E+001  0.000E+000
 9.490E+013  1.000E-008  6.236E+001  0.000E+000
 9.510E+013  1.000E-008  6.236E+001  0.000E+000
 9.530E+013  1.000E-008  6.236E+001  6.829E-013
 9.550E+013  1.000E-008  6.236E+001 -6.829E-013
 9.570E+013  1.000E-008  6.236E+001 -3.825E-068
 9.590E+013  1.000E-008  6.236E+001 -3.755E-031
 9.610E+013  1.000E-008  6.236E+001 -6.828E-013
 9.630E+013  1.000E-008  6.236E+001  6.828E-013
 9.650E+013  1.000E-008  6.236E+001  3.751E-031
 9.670E+013  1.000E-008  6.236E+001  6.829E-013
 9.690E+013  1.000E-008  6.236E+001 -6.829E-013
 9.710E+013  1.000E-008  6.236E+001  0.000E+000
 9.730E+013  1.000E-008  6.236E+001  0.000E+000
 9.750E+013  1.000E-008  6.236E+001  0.000E+000
 9.770E+013  1.000E-008  6.236E+001  0.000E+000
 9.790E+013  1.000E-008  6.236E+001  0.000E+000
 9.810E+013  1.000E-008  6.236E+001  0.000E+000
 9.830E+013  1.000E-008  6.236E+001  0.000E+000
 9.850E+013  1.000E-008  6.236E+001  0.000E+000
 9.870E+013  1.000E-008  6.236E+001  0.000E+000
 9.890E+013  1.000E-008  6.236E+001  0.000E+000
 9.910E+013  1.000E-008  6.236E+001  0.000E+000
 9.930E+013  1.000E-008  6.236E+001  0.000E+000
 9.950E+013  1.000E-008  6.236E+001  6.829E-013
 9.970E+013  1.000E-008  6.236E+001 -6.829E-013
 9.990E+013  1.000E-008  6.236E+001  0.000E+000
 1.001E+014  1.000E-099  1.000E-099  0.000E+000
 1.003E+014  1.000E-099  1.000E-099  0.000E+000
 6.095E-003
