 3.610E+004
     x1b        dens       energ       v1
 1.000E+011  2.707E-010  8.603E+006  0.000E+000
 3.000E+011  2.853E-010  8.647E+006  4.843E+006
 5.000E+011  3.073E-010  8.644E+006  2.827E+006
 7.000E+011  3.249E-010  8.642E+006  4.865E+006
 9.000E+011  3.328E-010  8.610E+006  6.007E+006
 1.100E+012  3.354E-010  8.663E+006  7.964E+006
 1.300E+012  3.333E-010  8.652E+006  8.854E+006
 1.500E+012  3.305E-010  8.647E+006  1.033E+007
 1.700E+012  3.328E-010  8.716E+006  1.194E+007
 1.900E+012  3.393E-010  8.778E+006  1.308E+007
 2.100E+012  3.541E-010  8.809E+006  1.462E+007
 2.300E+012  3.855E-010  8.887E+006  1.648E+007
 2.500E+012  4.427E-010  8.934E+006  1.748E+007
 2.700E+012  5.437E-010  8.926E+006  1.807E+007
 2.900E+012  7.246E-010  8.992E+006  1.953E+007
 3.100E+012  1.032E-009  9.109E+006  2.054E+007
 3.300E+012  1.505E-009  9.140E+006  2.158E+007
 3.500E+012  2.200E-009  9.378E+006  2.237E+007
 3.700E+012  3.086E-009  9.589E+006  2.346E+007
 3.900E+012  4.312E-009  1.044E+007  2.442E+007
 4.100E+012  6.295E-009  1.276E+007  2.869E+007
 4.300E+012  8.622E-009  1.444E+007  3.241E+007
 4.500E+012  1.171E-008  1.623E+007  3.315E+007
 4.700E+012  1.816E-008  2.225E+007  3.688E+007
 4.900E+012  2.312E-008  2.294E+007  4.051E+007
 5.100E+012  2.120E-008  1.220E+007  3.635E+007
 5.300E+012  1.446E-008  2.283E+006  2.444E+007
 5.500E+012  1.083E-008  5.811E+004  9.366E+006
 5.700E+012  1.003E-008  6.979E+001  7.247E+005
 5.900E+012  1.000E-008  6.236E+001  1.226E+003
 6.100E+012  1.000E-008  6.236E+001  6.086E-004
 6.300E+012  1.000E-008  6.236E+001  1.501E-012
 6.500E+012  1.000E-008  6.236E+001  1.000E-032
 6.700E+012  1.000E-008  6.236E+001 -4.039E-032
 6.900E+012  1.000E-008  6.236E+001 -5.128E-013
 7.100E+012  1.000E-008  6.236E+001 -1.281E-013
 7.300E+012  1.000E-008  6.236E+001  5.252E-012
 7.500E+012  1.000E-008  6.236E+001 -4.483E-012
 7.700E+012  1.000E-008  6.236E+001 -1.282E-013
 7.900E+012  1.000E-008  6.236E+001  1.282E-013
 8.100E+012  1.000E-008  6.236E+001 -1.282E-013
 8.300E+012  1.000E-008  6.236E+001 -2.523E-033
 8.500E+012  1.000E-008  6.236E+001 -1.282E-013
 8.700E+012  1.000E-008  6.236E+001  1.282E-013
 8.900E+012  1.000E-008  6.236E+001  2.500E-033
 9.100E+012  1.000E-008  6.236E+001  3.101E-073
 9.300E+012  1.000E-008  6.236E+001  2.110E-153
 9.500E+012  1.000E-008  6.236E+001  4.249E-314
 9.700E+012  1.000E-008  6.236E+001  0.000E+000
 9.900E+012  1.000E-008  6.236E+001  6.410E-013
 1.010E+013  1.000E-008  6.236E+001 -1.281E-013
 1.030E+013  1.000E-008  6.236E+001 -5.129E-013
 1.050E+013  1.000E-008  6.236E+001  0.000E+000
 1.070E+013  1.000E-008  6.236E+001  0.000E+000
 1.090E+013  1.000E-008  6.236E+001  0.000E+000
 1.110E+013  1.000E-008  6.236E+001  0.000E+000
 1.130E+013  1.000E-008  6.236E+001  1.282E-013
 1.150E+013  1.000E-008  6.236E+001 -1.282E-013
 1.170E+013  1.000E-008  6.236E+001  0.000E+000
 1.190E+013  1.000E-008  6.236E+001  0.000E+000
 1.210E+013  1.000E-008  6.236E+001  1.282E-013
 1.230E+013  1.000E-008  6.236E+001 -1.647E-035
 1.250E+013  1.000E-008  6.236E+001 -1.282E-013
 1.270E+013  1.000E-008  6.236E+001  0.000E+000
 1.290E+013  1.000E-008  6.236E+001  0.000E+000
 1.310E+013  1.000E-008  6.236E+001  0.000E+000
 1.330E+013  1.000E-008  6.236E+001  0.000E+000
 1.350E+013  1.000E-008  6.236E+001  0.000E+000
 1.370E+013  1.000E-008  6.236E+001  0.000E+000
 1.390E+013  1.000E-008  6.236E+001  5.129E-013
 1.410E+013  1.000E-008  6.236E+001 -5.129E-013
 1.430E+013  1.000E-008  6.236E+001 -1.910E-012
 1.450E+013  1.000E-008  6.236E+001  1.910E-012
 1.470E+013  1.000E-008  6.236E+001  3.847E-013
 1.490E+013  1.000E-008  6.236E+001 -3.847E-013
 1.510E+013  1.000E-008  6.236E+001  0.000E+000
 1.530E+013  1.000E-008  6.236E+001  0.000E+000
 1.550E+013  1.000E-008  6.236E+001  0.000E+000
 1.570E+013  1.000E-008  6.236E+001  0.000E+000
 1.590E+013  1.000E-008  6.236E+001  1.282E-013
 1.610E+013  1.000E-008  6.236E+001 -1.256E-035
 1.630E+013  1.000E-008  6.236E+001 -1.282E-013
 1.650E+013  1.000E-008  6.236E+001 -1.282E-013
 1.670E+013  1.000E-008  6.236E+001  1.282E-013
 1.690E+013  1.000E-008  6.236E+001  2.505E-033
 1.710E+013  1.000E-008  6.236E+001  3.115E-073
 1.730E+013  1.000E-008  6.236E+001  2.129E-153
 1.750E+013  1.000E-008  6.236E+001  4.298E-314
 1.770E+013  1.000E-008  6.236E+001  0.000E+000
 1.790E+013  1.000E-008  6.236E+001  0.000E+000
 1.810E+013  1.000E-008  6.236E+001  0.000E+000
 1.830E+013  1.000E-008  6.236E+001  1.282E-013
 1.850E+013  1.000E-008  6.236E+001 -1.282E-013
 1.870E+013  1.000E-008  6.236E+001  5.129E-013
 1.890E+013  1.000E-008  6.236E+001 -7.693E-013
 1.910E+013  1.000E-008  6.236E+001  5.129E-013
 1.930E+013  1.000E-008  6.236E+001 -2.565E-013
 1.950E+013  1.000E-008  6.236E+001  0.000E+000
 1.970E+013  1.000E-008  6.236E+001  0.000E+000
 1.990E+013  1.000E-008  6.236E+001  0.000E+000
 2.010E+013  1.000E-008  6.236E+001  0.000E+000
 2.030E+013  1.000E-008  6.236E+001  0.000E+000
 2.050E+013  1.000E-008  6.236E+001  0.000E+000
 2.070E+013  1.000E-008  6.236E+001  0.000E+000
 2.090E+013  1.000E-008  6.236E+001  1.282E-013
 2.110E+013  1.000E-008  6.236E+001 -9.567E-036
 2.130E+013  1.000E-008  6.236E+001 -1.282E-013
 2.150E+013  1.000E-008  6.236E+001  0.000E+000
 2.170E+013  1.000E-008  6.236E+001  0.000E+000
 2.190E+013  1.000E-008  6.236E+001  0.000E+000
 2.210E+013  1.000E-008  6.236E+001  0.000E+000
 2.230E+013  1.000E-008  6.236E+001  0.000E+000
 2.250E+013  1.000E-008  6.236E+001  0.000E+000
 2.270E+013  1.000E-008  6.236E+001  1.282E-013
 2.290E+013  1.000E-008  6.236E+001 -8.812E-036
 2.310E+013  1.000E-008  6.236E+001 -1.282E-013
 2.330E+013  1.000E-008  6.236E+001  0.000E+000
 2.350E+013  1.000E-008  6.236E+001  0.000E+000
 2.370E+013  1.000E-008  6.236E+001  1.282E-013
 2.390E+013  1.000E-008  6.236E+001 -1.282E-013
 2.410E+013  1.000E-008  6.236E+001  0.000E+000
 2.430E+013  1.000E-008  6.236E+001  0.000E+000
 2.450E+013  1.000E-008  6.236E+001  0.000E+000
 2.470E+013  1.000E-008  6.236E+001  1.282E-013
 2.490E+013  1.000E-008  6.236E+001 -1.282E-013
 2.510E+013  1.000E-008  6.236E+001  1.282E-013
 2.530E+013  1.000E-008  6.236E+001 -1.282E-013
 2.550E+013  1.000E-008  6.236E+001 -2.915E-309
 2.570E+013  1.000E-008  6.236E+001 -5.532E-151
 2.590E+013  1.000E-008  6.236E+001 -5.022E-072
 2.610E+013  1.000E-008  6.236E+001 -1.006E-032
 2.630E+013  1.000E-008  6.236E+001 -2.565E-013
 2.650E+013  1.000E-008  6.236E+001  2.565E-013
 2.670E+013  1.000E-008  6.236E+001  1.003E-032
 2.690E+013  1.000E-008  6.236E+001  4.991E-072
 2.710E+013  1.000E-008  6.236E+001  1.282E-013
 2.730E+013  1.000E-008  6.236E+001 -1.282E-013
 2.750E+013  1.000E-008  6.236E+001  3.847E-013
 2.770E+013  1.000E-008  6.236E+001 -3.847E-013
 2.790E+013  1.000E-008  6.236E+001  0.000E+000
 2.810E+013  1.000E-008  6.236E+001  0.000E+000
 2.830E+013  1.000E-008  6.236E+001  6.410E-013
 2.850E+013  1.000E-008  6.236E+001 -1.281E-013
 2.870E+013  1.000E-008  6.236E+001 -5.129E-013
 2.890E+013  1.000E-008  6.236E+001 -3.924E-033
 2.910E+013  1.000E-008  6.236E+001  8.971E-013
 2.930E+013  1.000E-008  6.236E+001 -8.971E-013
 2.950E+013  1.000E-008  6.236E+001  0.000E+000
 2.970E+013  1.000E-008  6.236E+001  0.000E+000
 2.990E+013  1.000E-008  6.236E+001  0.000E+000
 3.010E+013  1.000E-008  6.236E+001  1.282E-013
 3.030E+013  1.000E-008  6.236E+001 -1.282E-013
 3.050E+013  1.000E-008  6.236E+001  1.282E-013
 3.070E+013  1.000E-008  6.236E+001 -1.282E-013
 3.090E+013  1.000E-008  6.236E+001  1.282E-013
 3.110E+013  1.000E-008  6.236E+001  1.282E-013
 3.130E+013  1.000E-008  6.236E+001 -2.565E-013
 3.150E+013  1.000E-008  6.236E+001  0.000E+000
 3.170E+013  1.000E-008  6.236E+001  0.000E+000
 3.190E+013  1.000E-008  6.236E+001  0.000E+000
 3.210E+013  1.000E-008  6.236E+001  0.000E+000
 3.230E+013  1.000E-008  6.236E+001  0.000E+000
 3.250E+013  1.000E-008  6.236E+001  0.000E+000
 3.270E+013  1.000E-008  6.236E+001 -4.397E-314
 3.290E+013  1.000E-008  6.236E+001 -2.159E-153
 3.310E+013  1.000E-008  6.236E+001 -3.137E-073
 3.330E+013  1.000E-008  6.236E+001 -2.514E-033
 3.350E+013  1.000E-008  6.236E+001 -1.282E-013
 3.370E+013  1.000E-008  6.236E+001  1.282E-013
 3.390E+013  1.000E-008  6.236E+001  2.508E-033
 3.410E+013  1.000E-008  6.236E+001  3.122E-073
 3.430E+013  1.000E-008  6.236E+001  2.139E-153
 3.450E+013  1.000E-008  6.236E+001  2.565E-013
 3.470E+013  1.000E-008  6.236E+001 -2.565E-013
 3.490E+013  1.000E-008  6.236E+001  0.000E+000
 3.510E+013  1.000E-008  6.236E+001  0.000E+000
 3.530E+013  1.000E-008  6.236E+001  0.000E+000
 3.550E+013  1.000E-008  6.236E+001  0.000E+000
 3.570E+013  1.000E-008  6.236E+001  2.565E-013
 3.590E+013  1.000E-008  6.236E+001 -1.282E-013
 3.610E+013  1.000E-008  6.236E+001 -2.514E-033
 3.630E+013  1.000E-008  6.236E+001 -1.282E-013
 3.650E+013  1.000E-008  6.236E+001 -1.282E-013
 3.670E+013  1.000E-008  6.236E+001  1.282E-013
 3.690E+013  1.000E-008  6.236E+001  1.282E-013
 3.710E+013  1.000E-008  6.236E+001 -1.282E-013
 3.730E+013  1.000E-008  6.236E+001 -2.701E-036
 3.750E+013  1.000E-008  6.236E+001  1.282E-013
 3.770E+013  1.000E-008  6.236E+001 -1.282E-013
 3.790E+013  1.000E-008  6.236E+001  0.000E+000
 3.810E+013  1.000E-008  6.236E+001  0.000E+000
 3.830E+013  1.000E-008  6.236E+001  1.282E-013
 3.850E+013  1.000E-008  6.236E+001 -1.282E-013
 3.870E+013  1.000E-008  6.236E+001 -2.514E-033
 3.890E+013  1.000E-008  6.236E+001 -1.282E-013
 3.910E+013  1.000E-008  6.236E+001 -7.611E-034
 3.930E+013  1.000E-008  6.236E+001  3.847E-013
 3.950E+013  1.000E-008  6.236E+001 -1.282E-013
 3.970E+013  1.000E-008  6.236E+001  3.846E-013
 3.990E+013  1.000E-008  6.236E+001 -5.129E-013
 4.010E+013  1.000E-008  6.236E+001  0.000E+000
 4.030E+013  1.000E-008  6.236E+001  0.000E+000
 4.050E+013  1.000E-008  6.236E+001  0.000E+000
 4.070E+013  1.000E-008  6.236E+001  0.000E+000
 4.090E+013  1.000E-008  6.236E+001  4.503E-012
 4.110E+013  1.000E-008  6.236E+001 -4.503E-012
 4.130E+013  1.000E-008  6.236E+001  3.254E-012
 4.150E+013  1.000E-008  6.236E+001 -3.254E-012
 4.170E+013  1.000E-008  6.236E+001  1.153E-012
 4.190E+013  1.000E-008  6.236E+001 -1.025E-012
 4.210E+013  1.000E-008  6.236E+001 -2.514E-033
 4.230E+013  1.000E-008  6.236E+001 -1.282E-013
 4.250E+013  1.000E-008  6.236E+001  0.000E+000
 4.270E+013  1.000E-008  6.236E+001  0.000E+000
 4.290E+013  1.000E-008  6.236E+001  0.000E+000
 4.310E+013  1.000E-008  6.236E+001  0.000E+000
 4.330E+013  1.000E-008  6.236E+001  0.000E+000
 4.350E+013  1.000E-008  6.236E+001  0.000E+000
 4.370E+013  1.000E-008  6.236E+001  0.000E+000
 4.390E+013  1.000E-008  6.236E+001  0.000E+000
 4.410E+013  1.000E-008  6.236E+001  0.000E+000
 4.430E+013  1.000E-008  6.236E+001  0.000E+000
 4.450E+013  1.000E-008  6.236E+001  0.000E+000
 4.470E+013  1.000E-008  6.236E+001  1.282E-013
 4.490E+013  1.000E-008  6.236E+001 -4.485E-036
 4.510E+013  1.000E-008  6.236E+001 -1.282E-013
 4.530E+013  1.000E-008  6.236E+001 -4.397E-314
 4.550E+013  1.000E-008  6.236E+001 -2.156E-153
 4.570E+013  1.000E-008  6.236E+001 -3.135E-073
 4.590E+013  1.000E-008  6.236E+001 -2.513E-033
 4.610E+013  1.000E-008  6.236E+001 -1.282E-013
 4.630E+013  1.000E-008  6.236E+001  1.282E-013
 4.650E+013  1.000E-008  6.236E+001  1.282E-013
 4.670E+013  1.000E-008  6.236E+001 -1.282E-013
 4.690E+013  1.000E-008  6.236E+001  1.282E-013
 4.710E+013  1.000E-008  6.236E+001 -1.282E-013
 4.730E+013  1.000E-008  6.236E+001  0.000E+000
 4.750E+013  1.000E-008  6.236E+001  0.000E+000
 4.770E+013  1.000E-008  6.236E+001  0.000E+000
 4.790E+013  1.000E-008  6.236E+001  1.282E-013
 4.810E+013  1.000E-008  6.236E+001 -1.282E-013
 4.830E+013  1.000E-008  6.236E+001 -2.084E-036
 4.850E+013  1.000E-008  6.236E+001  1.282E-013
 4.870E+013  1.000E-008  6.236E+001 -1.282E-013
 4.890E+013  1.000E-008  6.236E+001  0.000E+000
 4.910E+013  1.000E-008  6.236E+001  0.000E+000
 4.930E+013  1.000E-008  6.236E+001  0.000E+000
 4.950E+013  1.000E-008  6.236E+001  0.000E+000
 4.970E+013  1.000E-008  6.236E+001  0.000E+000
 4.990E+013  1.000E-008  6.236E+001  2.565E-013
 5.010E+013  1.000E-008  6.236E+001 -3.847E-013
 5.030E+013  1.000E-008  6.236E+001  1.282E-013
 5.050E+013  1.000E-008  6.236E+001  2.509E-033
 5.070E+013  1.000E-008  6.236E+001  3.125E-073
 5.090E+013  1.000E-008  6.236E+001  2.142E-153
 5.110E+013  1.000E-008  6.236E+001  1.282E-013
 5.130E+013  1.000E-008  6.236E+001 -1.282E-013
 5.150E+013  1.000E-008  6.236E+001  0.000E+000
 5.170E+013  1.000E-008  6.236E+001  0.000E+000
 5.190E+013  1.000E-008  6.236E+001 -4.397E-314
 5.210E+013  1.000E-008  6.236E+001 -2.156E-153
 5.230E+013  1.000E-008  6.236E+001 -3.135E-073
 5.250E+013  1.000E-008  6.236E+001 -2.513E-033
 5.270E+013  1.000E-008  6.236E+001 -1.282E-013
 5.290E+013  1.000E-008  6.236E+001  1.282E-013
 5.310E+013  1.000E-008  6.236E+001  2.509E-033
 5.330E+013  1.000E-008  6.236E+001  3.125E-073
 5.350E+013  1.000E-008  6.236E+001  2.565E-013
 5.370E+013  1.000E-008  6.236E+001 -2.565E-013
 5.390E+013  1.000E-008  6.236E+001  3.311E-034
 5.410E+013  1.000E-008  6.236E+001  1.282E-013
 5.430E+013  1.000E-008  6.236E+001  1.282E-013
 5.450E+013  1.000E-008  6.236E+001  1.282E-013
 5.470E+013  1.000E-008  6.236E+001 -3.847E-013
 5.490E+013  1.000E-008  6.236E+001 -2.513E-033
 5.510E+013  1.000E-008  6.236E+001 -1.282E-013
 5.530E+013  1.000E-008  6.236E+001  2.565E-013
 5.550E+013  1.000E-008  6.236E+001 -5.129E-013
 5.570E+013  1.000E-008  6.236E+001  2.564E-013
 5.590E+013  1.000E-008  6.236E+001  1.282E-013
 5.610E+013  1.000E-008  6.236E+001 -1.282E-013
 5.630E+013  1.000E-008  6.236E+001  1.282E-013
 5.650E+013  1.000E-008  6.236E+001 -7.690E-013
 5.670E+013  1.000E-008  6.236E+001  7.690E-013
 5.690E+013  1.000E-008  6.236E+001  7.691E-013
 5.710E+013  1.000E-008  6.236E+001 -7.691E-013
 5.730E+013  1.000E-008  6.236E+001  8.971E-013
 5.750E+013  1.000E-008  6.236E+001 -1.922E-012
 5.770E+013  1.000E-008  6.236E+001 -1.276E-013
 5.790E+013  1.000E-008  6.236E+001  1.152E-012
 5.810E+013  1.000E-008  6.236E+001  5.648E-012
 5.830E+013  1.000E-008  6.236E+001 -5.648E-012
 5.850E+013  1.000E-008  6.236E+001  0.000E+000
 5.870E+013  1.000E-008  6.236E+001  0.000E+000
 5.890E+013  1.000E-008  6.236E+001  0.000E+000
 5.910E+013  1.000E-008  6.236E+001  0.000E+000
 5.930E+013  1.000E-008  6.236E+001  0.000E+000
 5.950E+013  1.000E-008  6.236E+001  0.000E+000
 5.970E+013  1.000E-008  6.236E+001  0.000E+000
 5.990E+013  1.000E-008  6.236E+001  0.000E+000
 6.010E+013  1.000E-008  6.236E+001  0.000E+000
 6.030E+013  1.000E-008  6.236E+001  1.282E-013
 6.050E+013  1.000E-008  6.236E+001 -1.282E-013
 6.070E+013  1.000E-008  6.236E+001  1.282E-013
 6.090E+013  1.000E-008  6.236E+001 -1.282E-013
 6.110E+013  1.000E-008  6.236E+001  0.000E+000
 6.130E+013  1.000E-008  6.236E+001  0.000E+000
 6.150E+013  1.000E-008  6.236E+001  0.000E+000
 6.170E+013  1.000E-008  6.236E+001  1.282E-013
 6.190E+013  1.000E-008  6.236E+001 -1.282E-013
 6.210E+013  1.000E-008  6.236E+001  0.000E+000
 6.230E+013  1.000E-008  6.236E+001  0.000E+000
 6.250E+013  1.000E-008  6.236E+001  0.000E+000
 6.270E+013  1.000E-008  6.236E+001  0.000E+000
 6.290E+013  1.000E-008  6.236E+001  0.000E+000
 6.310E+013  1.000E-008  6.236E+001  0.000E+000
 6.330E+013  1.000E-008  6.236E+001  0.000E+000
 6.350E+013  1.000E-008  6.236E+001  1.282E-013
 6.370E+013  1.000E-008  6.236E+001 -1.282E-013
 6.390E+013  1.000E-008  6.236E+001  0.000E+000
 6.410E+013  1.000E-008  6.236E+001  0.000E+000
 6.430E+013  1.000E-008  6.236E+001  0.000E+000
 6.450E+013  1.000E-008  6.236E+001  0.000E+000
 6.470E+013  1.000E-008  6.236E+001  1.282E-013
 6.490E+013  1.000E-008  6.236E+001 -1.282E-013
 6.510E+013  1.000E-008  6.236E+001  0.000E+000
 6.530E+013  1.000E-008  6.236E+001  0.000E+000
 6.550E+013  1.000E-008  6.236E+001  0.000E+000
 6.570E+013  1.000E-008  6.236E+001  0.000E+000
 6.590E+013  1.000E-008  6.236E+001  1.282E-013
 6.610E+013  1.000E-008  6.236E+001 -1.282E-013
 6.630E+013  1.000E-008  6.236E+001  0.000E+000
 6.650E+013  1.000E-008  6.236E+001  0.000E+000
 6.670E+013  1.000E-008  6.236E+001  0.000E+000
 6.690E+013  1.000E-008  6.236E+001  1.282E-013
 6.710E+013  1.000E-008  6.236E+001 -1.282E-013
 6.730E+013  1.000E-008  6.236E+001  0.000E+000
 6.750E+013  1.000E-008  6.236E+001  0.000E+000
 6.770E+013  1.000E-008  6.236E+001  1.282E-013
 6.790E+013  1.000E-008  6.236E+001 -1.282E-013
 6.810E+013  1.000E-008  6.236E+001  1.282E-013
 6.830E+013  1.000E-008  6.236E+001 -2.946E-036
 6.850E+013  1.000E-008  6.236E+001 -1.282E-013
 6.870E+013  1.000E-008  6.236E+001  0.000E+000
 6.890E+013  1.000E-008  6.236E+001  0.000E+000
 6.910E+013  1.000E-008  6.236E+001  0.000E+000
 6.930E+013  1.000E-008  6.236E+001  1.282E-013
 6.950E+013  1.000E-008  6.236E+001 -1.282E-013
 6.970E+013  1.000E-008  6.236E+001  0.000E+000
 6.990E+013  1.000E-008  6.236E+001  0.000E+000
 7.010E+013  1.000E-008  6.236E+001  0.000E+000
 7.030E+013  1.000E-008  6.236E+001  0.000E+000
 7.050E+013  1.000E-008  6.236E+001  0.000E+000
 7.070E+013  1.000E-008  6.236E+001  0.000E+000
 7.090E+013  1.000E-008  6.236E+001  0.000E+000
 7.110E+013  1.000E-008  6.236E+001  0.000E+000
 7.130E+013  1.000E-008  6.236E+001  0.000E+000
 7.150E+013  1.000E-008  6.236E+001  0.000E+000
 7.170E+013  1.000E-008  6.236E+001  0.000E+000
 7.190E+013  1.000E-008  6.236E+001  1.282E-013
 7.210E+013  1.000E-008  6.236E+001 -1.282E-013
 7.230E+013  1.000E-008  6.236E+001  0.000E+000
 7.250E+013  1.000E-008  6.236E+001  0.000E+000
 7.270E+013  1.000E-008  6.236E+001  2.565E-013
 7.290E+013  1.000E-008  6.236E+001 -1.104E-035
 7.310E+013  1.000E-008  6.236E+001 -2.565E-013
 7.330E+013  1.000E-008  6.236E+001 -2.512E-033
 7.350E+013  1.000E-008  6.236E+001 -1.282E-013
 7.370E+013  1.000E-008  6.236E+001  1.282E-013
 7.390E+013  1.000E-008  6.236E+001  2.510E-033
 7.410E+013  1.000E-008  6.236E+001  3.126E-073
 7.430E+013  1.000E-008  6.236E+001  2.144E-153
 7.450E+013  1.000E-008  6.236E+001  4.348E-314
 7.470E+013  1.000E-008  6.236E+001  0.000E+000
 7.490E+013  1.000E-008  6.236E+001  0.000E+000
 7.510E+013  1.000E-008  6.236E+001  0.000E+000
 7.530E+013  1.000E-008  6.236E+001  0.000E+000
 7.550E+013  1.000E-008  6.236E+001  0.000E+000
 7.570E+013  1.000E-008  6.236E+001  0.000E+000
 7.590E+013  1.000E-008  6.236E+001  0.000E+000
 7.610E+013  1.000E-008  6.236E+001  0.000E+000
 7.630E+013  1.000E-008  6.236E+001  0.000E+000
 7.650E+013  1.000E-008  6.236E+001  0.000E+000
 7.670E+013  1.000E-008  6.236E+001  2.565E-013
 7.690E+013  1.000E-008  6.236E+001 -2.565E-013
 7.710E+013  1.000E-008  6.236E+001  3.847E-013
 7.730E+013  1.000E-008  6.236E+001 -3.847E-013
 7.750E+013  1.000E-008  6.236E+001  5.947E-034
 7.770E+013  1.000E-008  6.236E+001  2.565E-013
 7.790E+013  1.000E-008  6.236E+001 -7.693E-013
 7.810E+013  1.000E-008  6.236E+001  7.693E-013
 7.830E+013  1.000E-008  6.236E+001 -2.565E-013
 7.850E+013  1.000E-008  6.236E+001 -2.209E-073
 7.870E+013  1.000E-008  6.236E+001 -2.110E-033
 7.890E+013  1.000E-008  6.236E+001 -1.282E-013
 7.910E+013  1.000E-008  6.236E+001 -6.407E-013
 7.930E+013  1.000E-008  6.236E+001  3.843E-013
 7.950E+013  1.000E-008  6.236E+001  3.846E-013
 7.970E+013  1.000E-008  6.236E+001 -5.128E-013
 7.990E+013  1.000E-008  6.236E+001  5.128E-013
 8.010E+013  1.000E-008  6.236E+001  4.013E-032
 8.030E+013  1.000E-008  6.236E+001  7.991E-071
 8.050E+013  1.000E-008  6.236E+001  1.401E-148
 8.070E+013  1.000E-008  6.236E+001 -1.864E-297
 8.090E+013  1.000E-008  6.236E+001 -4.430E-145
 8.110E+013  1.000E-008  6.236E+001 -4.500E-069
 8.130E+013  1.000E-008  6.236E+001 -3.015E-031
 8.150E+013  1.000E-008  6.236E+001 -1.407E-012
 8.170E+013  1.000E-008  6.236E+001  1.791E-012
 8.190E+013  1.000E-008  6.236E+001 -3.847E-013
 8.210E+013  1.000E-008  6.236E+001  0.000E+000
 8.230E+013  1.000E-008  6.236E+001  0.000E+000
 8.250E+013  1.000E-008  6.236E+001  0.000E+000
 8.270E+013  1.000E-008  6.236E+001  0.000E+000
 8.290E+013  1.000E-008  6.236E+001  5.129E-013
 8.310E+013  1.000E-008  6.236E+001 -5.129E-013
 8.330E+013  1.000E-008  6.236E+001 -2.436E-033
 8.350E+013  1.000E-008  6.236E+001  7.691E-013
 8.370E+013  1.000E-008  6.236E+001 -6.409E-013
 8.390E+013  1.000E-008  6.236E+001 -2.513E-033
 8.410E+013  1.000E-008  6.236E+001 -1.282E-013
 8.430E+013  1.000E-008  6.236E+001  1.282E-013
 8.450E+013  1.000E-008  6.236E+001 -2.381E-036
 8.470E+013  1.000E-008  6.236E+001 -1.282E-013
 8.490E+013  1.000E-008  6.236E+001 -1.185E-036
 8.510E+013  1.000E-008  6.236E+001  1.282E-013
 8.530E+013  1.000E-008  6.236E+001 -2.358E-036
 8.550E+013  1.000E-008  6.236E+001 -1.282E-013
 8.570E+013  1.000E-008  6.236E+001 -1.174E-036
 8.590E+013  1.000E-008  6.236E+001  1.282E-013
 8.610E+013  1.000E-008  6.236E+001 -1.282E-013
 8.630E+013  1.000E-008  6.236E+001  0.000E+000
 8.650E+013  1.000E-008  6.236E+001  0.000E+000
 8.670E+013  1.000E-008  6.236E+001  0.000E+000
 8.690E+013  1.000E-008  6.236E+001  0.000E+000
 8.710E+013  1.000E-008  6.236E+001  0.000E+000
 8.730E+013  1.000E-008  6.236E+001  0.000E+000
 8.750E+013  1.000E-008  6.236E+001  1.282E-013
 8.770E+013  1.000E-008  6.236E+001 -1.282E-013
 8.790E+013  1.000E-008  6.236E+001 -1.144E-036
 8.810E+013  1.000E-008  6.236E+001  1.282E-013
 8.830E+013  1.000E-008  6.236E+001 -1.282E-013
 8.850E+013  1.000E-008  6.236E+001  1.282E-013
 8.870E+013  1.000E-008  6.236E+001  1.282E-013
 8.890E+013  1.000E-008  6.236E+001 -2.565E-013
 8.910E+013  1.000E-008  6.236E+001  0.000E+000
 8.930E+013  1.000E-008  6.236E+001  0.000E+000
 8.950E+013  1.000E-008  6.236E+001  0.000E+000
 8.970E+013  1.000E-008  6.236E+001  0.000E+000
 8.990E+013  1.000E-008  6.236E+001  0.000E+000
 9.010E+013  1.000E-008  6.236E+001  1.282E-013
 9.030E+013  1.000E-008  6.236E+001 -2.227E-036
 9.050E+013  1.000E-008  6.236E+001 -1.282E-013
 9.070E+013  1.000E-008  6.236E+001  1.282E-013
 9.090E+013  1.000E-008  6.236E+001 -2.213E-036
 9.110E+013  1.000E-008  6.236E+001 -1.282E-013
 9.130E+013  1.000E-008  6.236E+001  0.000E+000
 9.150E+013  1.000E-008  6.236E+001  0.000E+000
 9.170E+013  1.000E-008  6.236E+001  0.000E+000
 9.190E+013  1.000E-008  6.236E+001  0.000E+000
 9.210E+013  1.000E-008  6.236E+001  0.000E+000
 9.230E+013  1.000E-008  6.236E+001  1.282E-013
 9.250E+013  1.000E-008  6.236E+001 -2.174E-036
 9.270E+013  1.000E-008  6.236E+001 -1.282E-013
 9.290E+013  1.000E-008  6.236E+001  0.000E+000
 9.310E+013  1.000E-008  6.236E+001  0.000E+000
 9.330E+013  1.000E-008  6.236E+001  0.000E+000
 9.350E+013  1.000E-008  6.236E+001  0.000E+000
 9.370E+013  1.000E-008  6.236E+001  1.282E-013
 9.390E+013  1.000E-008  6.236E+001 -1.282E-013
 9.410E+013  1.000E-008  6.236E+001  1.282E-013
 9.430E+013  1.000E-008  6.236E+001 -1.282E-013
 9.450E+013  1.000E-008  6.236E+001  0.000E+000
 9.470E+013  1.000E-008  6.236E+001  0.000E+000
 9.490E+013  1.000E-008  6.236E+001  0.000E+000
 9.510E+013  1.000E-008  6.236E+001  0.000E+000
 9.530E+013  1.000E-008  6.236E+001  1.282E-013
 9.550E+013  1.000E-008  6.236E+001 -1.282E-013
 9.570E+013  1.000E-008  6.236E+001 -3.132E-073
 9.590E+013  1.000E-008  6.236E+001 -2.512E-033
 9.610E+013  1.000E-008  6.236E+001 -1.282E-013
 9.630E+013  1.000E-008  6.236E+001  1.282E-013
 9.650E+013  1.000E-008  6.236E+001  2.510E-033
 9.670E+013  1.000E-008  6.236E+001  1.282E-013
 9.690E+013  1.000E-008  6.236E+001 -1.282E-013
 9.710E+013  1.000E-008  6.236E+001  0.000E+000
 9.730E+013  1.000E-008  6.236E+001  0.000E+000
 9.750E+013  1.000E-008  6.236E+001  0.000E+000
 9.770E+013  1.000E-008  6.236E+001  0.000E+000
 9.790E+013  1.000E-008  6.236E+001  0.000E+000
 9.810E+013  1.000E-008  6.236E+001  0.000E+000
 9.830E+013  1.000E-008  6.236E+001  0.000E+000
 9.850E+013  1.000E-008  6.236E+001  0.000E+000
 9.870E+013  1.000E-008  6.236E+001  0.000E+000
 9.890E+013  1.000E-008  6.236E+001  0.000E+000
 9.910E+013  1.000E-008  6.236E+001  0.000E+000
 9.930E+013  1.000E-008  6.236E+001  0.000E+000
 9.950E+013  1.000E-008  6.236E+001  1.282E-013
 9.970E+013  1.000E-008  6.236E+001 -1.282E-013
 9.990E+013  1.000E-008  6.236E+001  0.000E+000
 1.001E+014  1.000E-099  1.000E-099  0.000E+000
 1.003E+014  1.000E-099  1.000E-099  0.000E+000
 1.145E-003
