 8.435E+004
     x1b        dens       energ       v1
 1.000E+011  1.524E-010  3.299E+006  0.000E+000
 3.000E+011  1.592E-010  3.380E+006  8.846E+005
 5.000E+011  1.681E-010  3.358E+006  9.367E+005
 7.000E+011  1.787E-010  3.372E+006  1.620E+006
 9.000E+011  1.864E-010  3.373E+006  2.164E+006
 1.100E+012  1.899E-010  3.372E+006  2.739E+006
 1.300E+012  1.898E-010  3.364E+006  3.201E+006
 1.500E+012  1.891E-010  3.361E+006  3.692E+006
 1.700E+012  1.880E-010  3.363E+006  4.219E+006
 1.900E+012  1.880E-010  3.367E+006  4.796E+006
 2.100E+012  1.887E-010  3.366E+006  5.349E+006
 2.300E+012  1.912E-010  3.364E+006  5.834E+006
 2.500E+012  1.970E-010  3.362E+006  6.334E+006
 2.700E+012  2.083E-010  3.365E+006  6.880E+006
 2.900E+012  2.278E-010  3.372E+006  7.499E+006
 3.100E+012  2.593E-010  3.374E+006  8.103E+006
 3.300E+012  3.093E-010  3.373E+006  8.527E+006
 3.500E+012  3.885E-010  3.383E+006  9.159E+006
 3.700E+012  5.092E-010  3.391E+006  9.777E+006
 3.900E+012  6.873E-010  3.403E+006  1.034E+007
 4.100E+012  9.357E-010  3.421E+006  1.093E+007
 4.300E+012  1.258E-009  3.447E+006  1.149E+007
 4.500E+012  1.650E-009  3.485E+006  1.205E+007
 4.700E+012  2.096E-009  3.530E+006  1.259E+007
 4.900E+012  2.597E-009  3.598E+006  1.312E+007
 5.100E+012  3.166E-009  3.702E+006  1.379E+007
 5.300E+012  3.826E-009  3.838E+006  1.450E+007
 5.500E+012  4.653E-009  4.056E+006  1.538E+007
 5.700E+012  5.705E-009  4.332E+006  1.645E+007
 5.900E+012  7.053E-009  4.644E+006  1.740E+007
 6.100E+012  8.847E-009  5.037E+006  1.836E+007
 6.300E+012  1.109E-008  5.417E+006  1.913E+007
 6.500E+012  1.449E-008  6.245E+006  1.983E+007
 6.700E+012  2.112E-008  8.551E+006  2.231E+007
 6.900E+012  2.614E-008  9.369E+006  2.470E+007
 7.100E+012  2.446E-008  5.988E+006  2.313E+007
 7.300E+012  1.650E-008  1.522E+006  1.713E+007
 7.500E+012  1.144E-008  8.249E+004  8.086E+006
 7.700E+012  1.010E-008  1.466E+002  1.167E+006
 7.900E+012  1.000E-008  6.236E+001  8.774E+003
 8.100E+012  1.000E-008  6.236E+001  1.270E-001
 8.300E+012  1.000E-008  6.236E+001  1.978E-009
 8.500E+012  1.000E-008  6.236E+001 -2.996E-013
 8.700E+012  1.000E-008  6.236E+001  2.996E-013
 8.900E+012  1.000E-008  6.236E+001  3.169E-032
 9.100E+012  1.000E-008  6.236E+001  1.185E-070
 9.300E+012  1.000E-008  6.236E+001  7.497E-148
 9.500E+012  1.000E-008  6.236E+001  1.369E-302
 9.700E+012  1.000E-008  6.236E+001  0.000E+000
 9.900E+012  1.000E-008  6.236E+001  1.498E-012
 1.010E+013  1.000E-008  6.236E+001 -2.996E-013
 1.030E+013  1.000E-008  6.236E+001 -1.199E-012
 1.050E+013  1.000E-008  6.236E+001  0.000E+000
 1.070E+013  1.000E-008  6.236E+001  0.000E+000
 1.090E+013  1.000E-008  6.236E+001  0.000E+000
 1.110E+013  1.000E-008  6.236E+001  0.000E+000
 1.130E+013  1.000E-008  6.236E+001  2.997E-013
 1.150E+013  1.000E-008  6.236E+001 -2.997E-013
 1.170E+013  1.000E-008  6.236E+001  0.000E+000
 1.190E+013  1.000E-008  6.236E+001  0.000E+000
 1.210E+013  1.000E-008  6.236E+001  2.997E-013
 1.230E+013  1.000E-008  6.236E+001 -2.088E-034
 1.250E+013  1.000E-008  6.236E+001 -2.997E-013
 1.270E+013  1.000E-008  6.236E+001  0.000E+000
 1.290E+013  1.000E-008  6.236E+001  0.000E+000
 1.310E+013  1.000E-008  6.236E+001  0.000E+000
 1.330E+013  1.000E-008  6.236E+001  0.000E+000
 1.350E+013  1.000E-008  6.236E+001  0.000E+000
 1.370E+013  1.000E-008  6.236E+001  0.000E+000
 1.390E+013  1.000E-008  6.236E+001  1.199E-012
 1.410E+013  1.000E-008  6.236E+001 -1.199E-012
 1.430E+013  1.000E-008  6.236E+001 -4.481E-012
 1.450E+013  1.000E-008  6.236E+001  4.481E-012
 1.470E+013  1.000E-008  6.236E+001  8.989E-013
 1.490E+013  1.000E-008  6.236E+001 -8.989E-013
 1.510E+013  1.000E-008  6.236E+001  0.000E+000
 1.530E+013  1.000E-008  6.236E+001  0.000E+000
 1.550E+013  1.000E-008  6.236E+001  0.000E+000
 1.570E+013  1.000E-008  6.236E+001  0.000E+000
 1.590E+013  1.000E-008  6.236E+001  2.997E-013
 1.610E+013  1.000E-008  6.236E+001 -1.592E-034
 1.630E+013  1.000E-008  6.236E+001 -2.997E-013
 1.650E+013  1.000E-008  6.236E+001 -2.996E-013
 1.670E+013  1.000E-008  6.236E+001  2.996E-013
 1.690E+013  1.000E-008  6.236E+001  3.176E-032
 1.710E+013  1.000E-008  6.236E+001  1.190E-070
 1.730E+013  1.000E-008  6.236E+001  7.562E-148
 1.750E+013  1.000E-008  6.236E+001  1.393E-302
 1.770E+013  1.000E-008  6.236E+001  0.000E+000
 1.790E+013  1.000E-008  6.236E+001  0.000E+000
 1.810E+013  1.000E-008  6.236E+001  0.000E+000
 1.830E+013  1.000E-008  6.236E+001  2.997E-013
 1.850E+013  1.000E-008  6.236E+001 -2.997E-013
 1.870E+013  1.000E-008  6.236E+001  1.199E-012
 1.890E+013  1.000E-008  6.236E+001 -1.798E-012
 1.910E+013  1.000E-008  6.236E+001  1.199E-012
 1.930E+013  1.000E-008  6.236E+001 -5.993E-013
 1.950E+013  1.000E-008  6.236E+001  0.000E+000
 1.970E+013  1.000E-008  6.236E+001  0.000E+000
 1.990E+013  1.000E-008  6.236E+001  0.000E+000
 2.010E+013  1.000E-008  6.236E+001  0.000E+000
 2.030E+013  1.000E-008  6.236E+001  0.000E+000
 2.050E+013  1.000E-008  6.236E+001  0.000E+000
 2.070E+013  1.000E-008  6.236E+001  0.000E+000
 2.090E+013  1.000E-008  6.236E+001  2.997E-013
 2.110E+013  1.000E-008  6.236E+001 -1.213E-034
 2.130E+013  1.000E-008  6.236E+001 -2.997E-013
 2.150E+013  1.000E-008  6.236E+001  0.000E+000
 2.170E+013  1.000E-008  6.236E+001  0.000E+000
 2.190E+013  1.000E-008  6.236E+001  0.000E+000
 2.210E+013  1.000E-008  6.236E+001  0.000E+000
 2.230E+013  1.000E-008  6.236E+001  0.000E+000
 2.250E+013  1.000E-008  6.236E+001  0.000E+000
 2.270E+013  1.000E-008  6.236E+001  2.997E-013
 2.290E+013  1.000E-008  6.236E+001 -1.117E-034
 2.310E+013  1.000E-008  6.236E+001 -2.997E-013
 2.330E+013  1.000E-008  6.236E+001  0.000E+000
 2.350E+013  1.000E-008  6.236E+001  0.000E+000
 2.370E+013  1.000E-008  6.236E+001  2.997E-013
 2.390E+013  1.000E-008  6.236E+001 -2.997E-013
 2.410E+013  1.000E-008  6.236E+001  0.000E+000
 2.430E+013  1.000E-008  6.236E+001  0.000E+000
 2.450E+013  1.000E-008  6.236E+001  0.000E+000
 2.470E+013  1.000E-008  6.236E+001  2.997E-013
 2.490E+013  1.000E-008  6.236E+001 -2.997E-013
 2.510E+013  1.000E-008  6.236E+001  2.997E-013
 2.530E+013  1.000E-008  6.236E+001 -2.997E-013
 2.550E+013  1.000E-008  6.236E+001 -9.414E-298
 2.570E+013  1.000E-008  6.236E+001 -1.966E-145
 2.590E+013  1.000E-008  6.236E+001 -1.919E-069
 2.610E+013  1.000E-008  6.236E+001 -1.275E-031
 2.630E+013  1.000E-008  6.236E+001 -5.993E-013
 2.650E+013  1.000E-008  6.236E+001  5.993E-013
 2.670E+013  1.000E-008  6.236E+001  1.271E-031
 2.690E+013  1.000E-008  6.236E+001  1.907E-069
 2.710E+013  1.000E-008  6.236E+001  2.997E-013
 2.730E+013  1.000E-008  6.236E+001 -2.997E-013
 2.750E+013  1.000E-008  6.236E+001  8.989E-013
 2.770E+013  1.000E-008  6.236E+001 -8.989E-013
 2.790E+013  1.000E-008  6.236E+001  0.000E+000
 2.810E+013  1.000E-008  6.236E+001  0.000E+000
 2.830E+013  1.000E-008  6.236E+001  1.498E-012
 2.850E+013  1.000E-008  6.236E+001 -2.996E-013
 2.870E+013  1.000E-008  6.236E+001 -1.199E-012
 2.890E+013  1.000E-008  6.236E+001 -4.982E-032
 2.910E+013  1.000E-008  6.236E+001  2.097E-012
 2.930E+013  1.000E-008  6.236E+001 -2.097E-012
 2.950E+013  1.000E-008  6.236E+001  0.000E+000
 2.970E+013  1.000E-008  6.236E+001  0.000E+000
 2.990E+013  1.000E-008  6.236E+001  0.000E+000
 3.010E+013  1.000E-008  6.236E+001  2.997E-013
 3.030E+013  1.000E-008  6.236E+001 -2.997E-013
 3.050E+013  1.000E-008  6.236E+001  2.997E-013
 3.070E+013  1.000E-008  6.236E+001 -2.997E-013
 3.090E+013  1.000E-008  6.236E+001  2.997E-013
 3.110E+013  1.000E-008  6.236E+001  2.996E-013
 3.130E+013  1.000E-008  6.236E+001 -5.993E-013
 3.150E+013  1.000E-008  6.236E+001  0.000E+000
 3.170E+013  1.000E-008  6.236E+001  0.000E+000
 3.190E+013  1.000E-008  6.236E+001  0.000E+000
 3.210E+013  1.000E-008  6.236E+001  0.000E+000
 3.230E+013  1.000E-008  6.236E+001  0.000E+000
 3.250E+013  1.000E-008  6.236E+001  0.000E+000
 3.270E+013  1.000E-008  6.236E+001 -1.433E-302
 3.290E+013  1.000E-008  6.236E+001 -7.672E-148
 3.310E+013  1.000E-008  6.236E+001 -1.199E-070
 3.330E+013  1.000E-008  6.236E+001 -3.187E-032
 3.350E+013  1.000E-008  6.236E+001 -2.996E-013
 3.370E+013  1.000E-008  6.236E+001  2.996E-013
 3.390E+013  1.000E-008  6.236E+001  3.180E-032
 3.410E+013  1.000E-008  6.236E+001  1.193E-070
 3.430E+013  1.000E-008  6.236E+001  7.599E-148
 3.450E+013  1.000E-008  6.236E+001  5.993E-013
 3.470E+013  1.000E-008  6.236E+001 -5.993E-013
 3.490E+013  1.000E-008  6.236E+001  0.000E+000
 3.510E+013  1.000E-008  6.236E+001  0.000E+000
 3.530E+013  1.000E-008  6.236E+001  0.000E+000
 3.550E+013  1.000E-008  6.236E+001  0.000E+000
 3.570E+013  1.000E-008  6.236E+001  5.993E-013
 3.590E+013  1.000E-008  6.236E+001 -2.996E-013
 3.610E+013  1.000E-008  6.236E+001 -3.187E-032
 3.630E+013  1.000E-008  6.236E+001 -2.997E-013
 3.650E+013  1.000E-008  6.236E+001 -2.996E-013
 3.670E+013  1.000E-008  6.236E+001  2.996E-013
 3.690E+013  1.000E-008  6.236E+001  2.997E-013
 3.710E+013  1.000E-008  6.236E+001 -2.997E-013
 3.730E+013  1.000E-008  6.236E+001 -3.423E-035
 3.750E+013  1.000E-008  6.236E+001  2.997E-013
 3.770E+013  1.000E-008  6.236E+001 -2.997E-013
 3.790E+013  1.000E-008  6.236E+001  0.000E+000
 3.810E+013  1.000E-008  6.236E+001  0.000E+000
 3.830E+013  1.000E-008  6.236E+001  2.997E-013
 3.850E+013  1.000E-008  6.236E+001 -2.997E-013
 3.870E+013  1.000E-008  6.236E+001 -3.187E-032
 3.890E+013  1.000E-008  6.236E+001 -2.996E-013
 3.910E+013  1.000E-008  6.236E+001 -9.649E-033
 3.930E+013  1.000E-008  6.236E+001  8.989E-013
 3.950E+013  1.000E-008  6.236E+001 -2.996E-013
 3.970E+013  1.000E-008  6.236E+001  8.989E-013
 3.990E+013  1.000E-008  6.236E+001 -1.199E-012
 4.010E+013  1.000E-008  6.236E+001  0.000E+000
 4.030E+013  1.000E-008  6.236E+001  0.000E+000
 4.050E+013  1.000E-008  6.236E+001  0.000E+000
 4.070E+013  1.000E-008  6.236E+001  0.000E+000
 4.090E+013  1.000E-008  6.236E+001  1.085E-011
 4.110E+013  1.000E-008  6.236E+001 -1.085E-011
 4.130E+013  1.000E-008  6.236E+001  7.710E-012
 4.150E+013  1.000E-008  6.236E+001 -7.710E-012
 4.170E+013  1.000E-008  6.236E+001  2.696E-012
 4.190E+013  1.000E-008  6.236E+001 -2.396E-012
 4.210E+013  1.000E-008  6.236E+001 -3.187E-032
 4.230E+013  1.000E-008  6.236E+001 -2.997E-013
 4.250E+013  1.000E-008  6.236E+001  0.000E+000
 4.270E+013  1.000E-008  6.236E+001  0.000E+000
 4.290E+013  1.000E-008  6.236E+001  0.000E+000
 4.310E+013  1.000E-008  6.236E+001  0.000E+000
 4.330E+013  1.000E-008  6.236E+001  0.000E+000
 4.350E+013  1.000E-008  6.236E+001  0.000E+000
 4.370E+013  1.000E-008  6.236E+001  0.000E+000
 4.390E+013  1.000E-008  6.236E+001  0.000E+000
 4.410E+013  1.000E-008  6.236E+001  0.000E+000
 4.430E+013  1.000E-008  6.236E+001  0.000E+000
 4.450E+013  1.000E-008  6.236E+001  0.000E+000
 4.470E+013  1.000E-008  6.236E+001  2.997E-013
 4.490E+013  1.000E-008  6.236E+001 -5.685E-035
 4.510E+013  1.000E-008  6.236E+001 -2.997E-013
 4.530E+013  1.000E-008  6.236E+001 -1.430E-302
 4.550E+013  1.000E-008  6.236E+001 -7.661E-148
 4.570E+013  1.000E-008  6.236E+001 -1.198E-070
 4.590E+013  1.000E-008  6.236E+001 -3.186E-032
 4.610E+013  1.000E-008  6.236E+001 -2.996E-013
 4.630E+013  1.000E-008  6.236E+001  2.996E-013
 4.650E+013  1.000E-008  6.236E+001  2.997E-013
 4.670E+013  1.000E-008  6.236E+001 -2.997E-013
 4.690E+013  1.000E-008  6.236E+001  2.997E-013
 4.710E+013  1.000E-008  6.236E+001 -2.997E-013
 4.730E+013  1.000E-008  6.236E+001  0.000E+000
 4.750E+013  1.000E-008  6.236E+001  0.000E+000
 4.770E+013  1.000E-008  6.236E+001  0.000E+000
 4.790E+013  1.000E-008  6.236E+001  2.997E-013
 4.810E+013  1.000E-008  6.236E+001 -2.997E-013
 4.830E+013  1.000E-008  6.236E+001 -2.642E-035
 4.850E+013  1.000E-008  6.236E+001  2.997E-013
 4.870E+013  1.000E-008  6.236E+001 -2.997E-013
 4.890E+013  1.000E-008  6.236E+001  0.000E+000
 4.910E+013  1.000E-008  6.236E+001  0.000E+000
 4.930E+013  1.000E-008  6.236E+001  0.000E+000
 4.950E+013  1.000E-008  6.236E+001  0.000E+000
 4.970E+013  1.000E-008  6.236E+001  0.000E+000
 4.990E+013  1.000E-008  6.236E+001  5.993E-013
 5.010E+013  1.000E-008  6.236E+001 -8.989E-013
 5.030E+013  1.000E-008  6.236E+001  2.996E-013
 5.050E+013  1.000E-008  6.236E+001  3.181E-032
 5.070E+013  1.000E-008  6.236E+001  1.194E-070
 5.090E+013  1.000E-008  6.236E+001  7.611E-148
 5.110E+013  1.000E-008  6.236E+001  2.997E-013
 5.130E+013  1.000E-008  6.236E+001 -2.997E-013
 5.150E+013  1.000E-008  6.236E+001  0.000E+000
 5.170E+013  1.000E-008  6.236E+001  0.000E+000
 5.190E+013  1.000E-008  6.236E+001 -1.428E-302
 5.210E+013  1.000E-008  6.236E+001 -7.658E-148
 5.230E+013  1.000E-008  6.236E+001 -1.197E-070
 5.250E+013  1.000E-008  6.236E+001 -3.186E-032
 5.270E+013  1.000E-008  6.236E+001 -2.996E-013
 5.290E+013  1.000E-008  6.236E+001  2.996E-013
 5.310E+013  1.000E-008  6.236E+001  3.181E-032
 5.330E+013  1.000E-008  6.236E+001  1.194E-070
 5.350E+013  1.000E-008  6.236E+001  5.993E-013
 5.370E+013  1.000E-008  6.236E+001 -5.993E-013
 5.390E+013  1.000E-008  6.236E+001  4.198E-033
 5.410E+013  1.000E-008  6.236E+001  2.997E-013
 5.430E+013  1.000E-008  6.236E+001  2.996E-013
 5.450E+013  1.000E-008  6.236E+001  2.996E-013
 5.470E+013  1.000E-008  6.236E+001 -8.989E-013
 5.490E+013  1.000E-008  6.236E+001 -3.186E-032
 5.510E+013  1.000E-008  6.236E+001 -2.996E-013
 5.530E+013  1.000E-008  6.236E+001  5.993E-013
 5.550E+013  1.000E-008  6.236E+001 -1.199E-012
 5.570E+013  1.000E-008  6.236E+001  5.992E-013
 5.590E+013  1.000E-008  6.236E+001  2.996E-013
 5.610E+013  1.000E-008  6.236E+001 -2.996E-013
 5.630E+013  1.000E-008  6.236E+001  2.996E-013
 5.650E+013  1.000E-008  6.236E+001 -1.797E-012
 5.670E+013  1.000E-008  6.236E+001  1.797E-012
 5.690E+013  1.000E-008  6.236E+001  1.798E-012
 5.710E+013  1.000E-008  6.236E+001 -1.798E-012
 5.730E+013  1.000E-008  6.236E+001  2.097E-012
 5.750E+013  1.000E-008  6.236E+001 -4.493E-012
 5.770E+013  1.000E-008  6.236E+001 -2.990E-013
 5.790E+013  1.000E-008  6.236E+001  2.695E-012
 5.810E+013  1.000E-008  6.236E+001  1.388E-011
 5.830E+013  1.000E-008  6.236E+001 -1.388E-011
 5.850E+013  1.000E-008  6.236E+001  0.000E+000
 5.870E+013  1.000E-008  6.236E+001  0.000E+000
 5.890E+013  1.000E-008  6.236E+001  0.000E+000
 5.910E+013  1.000E-008  6.236E+001  0.000E+000
 5.930E+013  1.000E-008  6.236E+001  0.000E+000
 5.950E+013  1.000E-008  6.236E+001  0.000E+000
 5.970E+013  1.000E-008  6.236E+001  0.000E+000
 5.990E+013  1.000E-008  6.236E+001  0.000E+000
 6.010E+013  1.000E-008  6.236E+001  0.000E+000
 6.030E+013  1.000E-008  6.236E+001  2.997E-013
 6.050E+013  1.000E-008  6.236E+001 -2.997E-013
 6.070E+013  1.000E-008  6.236E+001  2.997E-013
 6.090E+013  1.000E-008  6.236E+001 -2.997E-013
 6.110E+013  1.000E-008  6.236E+001  0.000E+000
 6.130E+013  1.000E-008  6.236E+001  0.000E+000
 6.150E+013  1.000E-008  6.236E+001  0.000E+000
 6.170E+013  1.000E-008  6.236E+001  2.997E-013
 6.190E+013  1.000E-008  6.236E+001 -2.997E-013
 6.210E+013  1.000E-008  6.236E+001  0.000E+000
 6.230E+013  1.000E-008  6.236E+001  0.000E+000
 6.250E+013  1.000E-008  6.236E+001  0.000E+000
 6.270E+013  1.000E-008  6.236E+001  0.000E+000
 6.290E+013  1.000E-008  6.236E+001  0.000E+000
 6.310E+013  1.000E-008  6.236E+001  0.000E+000
 6.330E+013  1.000E-008  6.236E+001  0.000E+000
 6.350E+013  1.000E-008  6.236E+001  2.997E-013
 6.370E+013  1.000E-008  6.236E+001 -2.997E-013
 6.390E+013  1.000E-008  6.236E+001  0.000E+000
 6.410E+013  1.000E-008  6.236E+001  0.000E+000
 6.430E+013  1.000E-008  6.236E+001  0.000E+000
 6.450E+013  1.000E-008  6.236E+001  0.000E+000
 6.470E+013  1.000E-008  6.236E+001  2.997E-013
 6.490E+013  1.000E-008  6.236E+001 -2.997E-013
 6.510E+013  1.000E-008  6.236E+001  0.000E+000
 6.530E+013  1.000E-008  6.236E+001  0.000E+000
 6.550E+013  1.000E-008  6.236E+001  0.000E+000
 6.570E+013  1.000E-008  6.236E+001  0.000E+000
 6.590E+013  1.000E-008  6.236E+001  2.997E-013
 6.610E+013  1.000E-008  6.236E+001 -2.997E-013
 6.630E+013  1.000E-008  6.236E+001  0.000E+000
 6.650E+013  1.000E-008  6.236E+001  0.000E+000
 6.670E+013  1.000E-008  6.236E+001  0.000E+000
 6.690E+013  1.000E-008  6.236E+001  2.997E-013
 6.710E+013  1.000E-008  6.236E+001 -2.997E-013
 6.730E+013  1.000E-008  6.236E+001  0.000E+000
 6.750E+013  1.000E-008  6.236E+001  0.000E+000
 6.770E+013  1.000E-008  6.236E+001  2.997E-013
 6.790E+013  1.000E-008  6.236E+001 -2.997E-013
 6.810E+013  1.000E-008  6.236E+001  2.997E-013
 6.830E+013  1.000E-008  6.236E+001 -3.735E-035
 6.850E+013  1.000E-008  6.236E+001 -2.997E-013
 6.870E+013  1.000E-008  6.236E+001  0.000E+000
 6.890E+013  1.000E-008  6.236E+001  0.000E+000
 6.910E+013  1.000E-008  6.236E+001  0.000E+000
 6.930E+013  1.000E-008  6.236E+001  2.997E-013
 6.950E+013  1.000E-008  6.236E+001 -2.997E-013
 6.970E+013  1.000E-008  6.236E+001  0.000E+000
 6.990E+013  1.000E-008  6.236E+001  0.000E+000
 7.010E+013  1.000E-008  6.236E+001  0.000E+000
 7.030E+013  1.000E-008  6.236E+001  0.000E+000
 7.050E+013  1.000E-008  6.236E+001  0.000E+000
 7.070E+013  1.000E-008  6.236E+001  0.000E+000
 7.090E+013  1.000E-008  6.236E+001  0.000E+000
 7.110E+013  1.000E-008  6.236E+001  0.000E+000
 7.130E+013  1.000E-008  6.236E+001  0.000E+000
 7.150E+013  1.000E-008  6.236E+001  0.000E+000
 7.170E+013  1.000E-008  6.236E+001  0.000E+000
 7.190E+013  1.000E-008  6.236E+001  2.997E-013
 7.210E+013  1.000E-008  6.236E+001 -2.997E-013
 7.230E+013  1.000E-008  6.236E+001  0.000E+000
 7.250E+013  1.000E-008  6.236E+001  0.000E+000
 7.270E+013  1.000E-008  6.236E+001  5.993E-013
 7.290E+013  1.000E-008  6.236E+001 -1.399E-034
 7.310E+013  1.000E-008  6.236E+001 -5.993E-013
 7.330E+013  1.000E-008  6.236E+001 -3.185E-032
 7.350E+013  1.000E-008  6.236E+001 -2.996E-013
 7.370E+013  1.000E-008  6.236E+001  2.996E-013
 7.390E+013  1.000E-008  6.236E+001  3.182E-032
 7.410E+013  1.000E-008  6.236E+001  1.194E-070
 7.430E+013  1.000E-008  6.236E+001  7.618E-148
 7.450E+013  1.000E-008  6.236E+001  1.414E-302
 7.470E+013  1.000E-008  6.236E+001  0.000E+000
 7.490E+013  1.000E-008  6.236E+001  0.000E+000
 7.510E+013  1.000E-008  6.236E+001  0.000E+000
 7.530E+013  1.000E-008  6.236E+001  0.000E+000
 7.550E+013  1.000E-008  6.236E+001  0.000E+000
 7.570E+013  1.000E-008  6.236E+001  0.000E+000
 7.590E+013  1.000E-008  6.236E+001  0.000E+000
 7.610E+013  1.000E-008  6.236E+001  0.000E+000
 7.630E+013  1.000E-008  6.236E+001  0.000E+000
 7.650E+013  1.000E-008  6.236E+001  0.000E+000
 7.670E+013  1.000E-008  6.236E+001  5.993E-013
 7.690E+013  1.000E-008  6.236E+001 -5.993E-013
 7.710E+013  1.000E-008  6.236E+001  8.989E-013
 7.730E+013  1.000E-008  6.236E+001 -8.989E-013
 7.750E+013  1.000E-008  6.236E+001  7.541E-033
 7.770E+013  1.000E-008  6.236E+001  5.993E-013
 7.790E+013  1.000E-008  6.236E+001 -1.798E-012
 7.810E+013  1.000E-008  6.236E+001  1.798E-012
 7.830E+013  1.000E-008  6.236E+001 -5.993E-013
 7.850E+013  1.000E-008  6.236E+001 -8.439E-071
 7.870E+013  1.000E-008  6.236E+001 -2.675E-032
 7.890E+013  1.000E-008  6.236E+001 -2.996E-013
 7.910E+013  1.000E-008  6.236E+001 -1.498E-012
 7.930E+013  1.000E-008  6.236E+001  8.986E-013
 7.950E+013  1.000E-008  6.236E+001  8.989E-013
 7.970E+013  1.000E-008  6.236E+001 -1.198E-012
 7.990E+013  1.000E-008  6.236E+001  1.198E-012
 8.010E+013  1.000E-008  6.236E+001  5.090E-031
 8.030E+013  1.000E-008  6.236E+001  3.056E-068
 8.050E+013  1.000E-008  6.236E+001  4.986E-143
 8.070E+013  1.000E-008  6.236E+001 -6.316E-286
 8.090E+013  1.000E-008  6.236E+001 -1.611E-139
 8.110E+013  1.000E-008  6.236E+001 -1.738E-066
 8.130E+013  1.000E-008  6.236E+001 -3.841E-030
 8.150E+013  1.000E-008  6.236E+001 -3.292E-012
 8.170E+013  1.000E-008  6.236E+001  4.191E-012
 8.190E+013  1.000E-008  6.236E+001 -8.989E-013
 8.210E+013  1.000E-008  6.236E+001  0.000E+000
 8.230E+013  1.000E-008  6.236E+001  0.000E+000
 8.250E+013  1.000E-008  6.236E+001  0.000E+000
 8.270E+013  1.000E-008  6.236E+001  0.000E+000
 8.290E+013  1.000E-008  6.236E+001  1.199E-012
 8.310E+013  1.000E-008  6.236E+001 -1.199E-012
 8.330E+013  1.000E-008  6.236E+001 -3.091E-032
 8.350E+013  1.000E-008  6.236E+001  1.798E-012
 8.370E+013  1.000E-008  6.236E+001 -1.498E-012
 8.390E+013  1.000E-008  6.236E+001 -3.185E-032
 8.410E+013  1.000E-008  6.236E+001 -2.997E-013
 8.430E+013  1.000E-008  6.236E+001  2.997E-013
 8.450E+013  1.000E-008  6.236E+001 -3.018E-035
 8.470E+013  1.000E-008  6.236E+001 -2.997E-013
 8.490E+013  1.000E-008  6.236E+001 -1.502E-035
 8.510E+013  1.000E-008  6.236E+001  2.997E-013
 8.530E+013  1.000E-008  6.236E+001 -2.990E-035
 8.550E+013  1.000E-008  6.236E+001 -2.997E-013
 8.570E+013  1.000E-008  6.236E+001 -1.488E-035
 8.590E+013  1.000E-008  6.236E+001  2.997E-013
 8.610E+013  1.000E-008  6.236E+001 -2.997E-013
 8.630E+013  1.000E-008  6.236E+001  0.000E+000
 8.650E+013  1.000E-008  6.236E+001  0.000E+000
 8.670E+013  1.000E-008  6.236E+001  0.000E+000
 8.690E+013  1.000E-008  6.236E+001  0.000E+000
 8.710E+013  1.000E-008  6.236E+001  0.000E+000
 8.730E+013  1.000E-008  6.236E+001  0.000E+000
 8.750E+013  1.000E-008  6.236E+001  2.997E-013
 8.770E+013  1.000E-008  6.236E+001 -2.997E-013
 8.790E+013  1.000E-008  6.236E+001 -1.450E-035
 8.810E+013  1.000E-008  6.236E+001  2.997E-013
 8.830E+013  1.000E-008  6.236E+001 -2.997E-013
 8.850E+013  1.000E-008  6.236E+001  2.997E-013
 8.870E+013  1.000E-008  6.236E+001  2.996E-013
 8.890E+013  1.000E-008  6.236E+001 -5.993E-013
 8.910E+013  1.000E-008  6.236E+001  0.000E+000
 8.930E+013  1.000E-008  6.236E+001  0.000E+000
 8.950E+013  1.000E-008  6.236E+001  0.000E+000
 8.970E+013  1.000E-008  6.236E+001  0.000E+000
 8.990E+013  1.000E-008  6.236E+001  0.000E+000
 9.010E+013  1.000E-008  6.236E+001  2.997E-013
 9.030E+013  1.000E-008  6.236E+001 -2.824E-035
 9.050E+013  1.000E-008  6.236E+001 -2.997E-013
 9.070E+013  1.000E-008  6.236E+001  2.997E-013
 9.090E+013  1.000E-008  6.236E+001 -2.805E-035
 9.110E+013  1.000E-008  6.236E+001 -2.997E-013
 9.130E+013  1.000E-008  6.236E+001  0.000E+000
 9.150E+013  1.000E-008  6.236E+001  0.000E+000
 9.170E+013  1.000E-008  6.236E+001  0.000E+000
 9.190E+013  1.000E-008  6.236E+001  0.000E+000
 9.210E+013  1.000E-008  6.236E+001  0.000E+000
 9.230E+013  1.000E-008  6.236E+001  2.997E-013
 9.250E+013  1.000E-008  6.236E+001 -2.757E-035
 9.270E+013  1.000E-008  6.236E+001 -2.997E-013
 9.290E+013  1.000E-008  6.236E+001  0.000E+000
 9.310E+013  1.000E-008  6.236E+001  0.000E+000
 9.330E+013  1.000E-008  6.236E+001  0.000E+000
 9.350E+013  1.000E-008  6.236E+001  0.000E+000
 9.370E+013  1.000E-008  6.236E+001  2.997E-013
 9.390E+013  1.000E-008  6.236E+001 -2.997E-013
 9.410E+013  1.000E-008  6.236E+001  2.997E-013
 9.430E+013  1.000E-008  6.236E+001 -2.997E-013
 9.450E+013  1.000E-008  6.236E+001  0.000E+000
 9.470E+013  1.000E-008  6.236E+001  0.000E+000
 9.490E+013  1.000E-008  6.236E+001  0.000E+000
 9.510E+013  1.000E-008  6.236E+001  0.000E+000
 9.530E+013  1.000E-008  6.236E+001  2.997E-013
 9.550E+013  1.000E-008  6.236E+001 -2.997E-013
 9.570E+013  1.000E-008  6.236E+001 -1.197E-070
 9.590E+013  1.000E-008  6.236E+001 -3.185E-032
 9.610E+013  1.000E-008  6.236E+001 -2.996E-013
 9.630E+013  1.000E-008  6.236E+001  2.996E-013
 9.650E+013  1.000E-008  6.236E+001  3.182E-032
 9.670E+013  1.000E-008  6.236E+001  2.997E-013
 9.690E+013  1.000E-008  6.236E+001 -2.997E-013
 9.710E+013  1.000E-008  6.236E+001  0.000E+000
 9.730E+013  1.000E-008  6.236E+001  0.000E+000
 9.750E+013  1.000E-008  6.236E+001  0.000E+000
 9.770E+013  1.000E-008  6.236E+001  0.000E+000
 9.790E+013  1.000E-008  6.236E+001  0.000E+000
 9.810E+013  1.000E-008  6.236E+001  0.000E+000
 9.830E+013  1.000E-008  6.236E+001  0.000E+000
 9.850E+013  1.000E-008  6.236E+001  0.000E+000
 9.870E+013  1.000E-008  6.236E+001  0.000E+000
 9.890E+013  1.000E-008  6.236E+001  0.000E+000
 9.910E+013  1.000E-008  6.236E+001  0.000E+000
 9.930E+013  1.000E-008  6.236E+001  0.000E+000
 9.950E+013  1.000E-008  6.236E+001  2.997E-013
 9.970E+013  1.000E-008  6.236E+001 -2.997E-013
 9.990E+013  1.000E-008  6.236E+001  0.000E+000
 1.001E+014  1.000E-099  1.000E-099  0.000E+000
 1.003E+014  1.000E-099  1.000E-099  0.000E+000
 2.675E-003
