 1.324E+005
     x1b        dens       energ       v1
 1.000E+011  1.123E-010  1.984E+006  0.000E+000
 3.000E+011  1.142E-010  1.966E+006  5.361E+005
 5.000E+011  1.200E-010  1.972E+006  5.741E+005
 7.000E+011  1.267E-010  1.970E+006  1.152E+006
 9.000E+011  1.327E-010  1.971E+006  1.476E+006
 1.100E+012  1.368E-010  1.972E+006  1.810E+006
 1.300E+012  1.376E-010  1.972E+006  2.165E+006
 1.500E+012  1.376E-010  1.972E+006  2.542E+006
 1.700E+012  1.371E-010  1.973E+006  2.902E+006
 1.900E+012  1.365E-010  1.973E+006  3.253E+006
 2.100E+012  1.365E-010  1.973E+006  3.623E+006
 2.300E+012  1.369E-010  1.974E+006  4.005E+006
 2.500E+012  1.383E-010  1.975E+006  4.367E+006
 2.700E+012  1.414E-010  1.976E+006  4.717E+006
 2.900E+012  1.471E-010  1.977E+006  5.080E+006
 3.100E+012  1.566E-010  1.978E+006  5.448E+006
 3.300E+012  1.718E-010  1.979E+006  5.807E+006
 3.500E+012  1.950E-010  1.981E+006  6.188E+006
 3.700E+012  2.302E-010  1.983E+006  6.579E+006
 3.900E+012  2.825E-010  1.986E+006  6.944E+006
 4.100E+012  3.591E-010  1.989E+006  7.315E+006
 4.300E+012  4.683E-010  1.994E+006  7.720E+006
 4.500E+012  6.172E-010  2.001E+006  8.104E+006
 4.700E+012  8.100E-010  2.011E+006  8.482E+006
 4.900E+012  1.045E-009  2.024E+006  8.865E+006
 5.100E+012  1.316E-009  2.043E+006  9.244E+006
 5.300E+012  1.617E-009  2.066E+006  9.630E+006
 5.500E+012  1.945E-009  2.094E+006  1.001E+007
 5.700E+012  2.303E-009  2.127E+006  1.038E+007
 5.900E+012  2.700E-009  2.167E+006  1.074E+007
 6.100E+012  3.155E-009  2.216E+006  1.113E+007
 6.300E+012  3.693E-009  2.279E+006  1.154E+007
 6.500E+012  4.342E-009  2.353E+006  1.196E+007
 6.700E+012  5.140E-009  2.443E+006  1.238E+007
 6.900E+012  6.137E-009  2.560E+006  1.284E+007
 7.100E+012  7.396E-009  2.714E+006  1.333E+007
 7.300E+012  9.066E-009  2.956E+006  1.396E+007
 7.500E+012  1.123E-008  3.277E+006  1.481E+007
 7.700E+012  1.367E-008  3.546E+006  1.544E+007
 7.900E+012  1.706E-008  4.007E+006  1.586E+007
 8.100E+012  2.315E-008  5.166E+006  1.728E+007
 8.300E+012  2.732E-008  5.466E+006  1.864E+007
 8.500E+012  2.525E-008  3.532E+006  1.747E+007
 8.700E+012  1.680E-008  9.144E+005  1.306E+007
 8.900E+012  1.152E-008  5.260E+004  6.272E+006
 9.100E+012  1.011E-008  1.300E+002  9.582E+005
 9.300E+012  1.000E-008  6.237E+001  8.571E+003
 9.500E+012  1.000E-008  6.236E+001  1.968E-001
 9.700E+012  1.000E-008  6.236E+001  6.431E-009
 9.900E+012  1.000E-008  6.236E+001  2.352E-012
 1.010E+013  1.000E-008  6.236E+001 -4.703E-013
 1.030E+013  1.000E-008  6.236E+001 -1.881E-012
 1.050E+013  1.000E-008  6.236E+001  0.000E+000
 1.070E+013  1.000E-008  6.236E+001  0.000E+000
 1.090E+013  1.000E-008  6.236E+001  0.000E+000
 1.110E+013  1.000E-008  6.236E+001  0.000E+000
 1.130E+013  1.000E-008  6.236E+001  4.704E-013
 1.150E+013  1.000E-008  6.236E+001 -4.704E-013
 1.170E+013  1.000E-008  6.236E+001  0.000E+000
 1.190E+013  1.000E-008  6.236E+001  0.000E+000
 1.210E+013  1.000E-008  6.236E+001  4.704E-013
 1.230E+013  1.000E-008  6.236E+001 -8.055E-034
 1.250E+013  1.000E-008  6.236E+001 -4.704E-013
 1.270E+013  1.000E-008  6.236E+001  0.000E+000
 1.290E+013  1.000E-008  6.236E+001  0.000E+000
 1.310E+013  1.000E-008  6.236E+001  0.000E+000
 1.330E+013  1.000E-008  6.236E+001  0.000E+000
 1.350E+013  1.000E-008  6.236E+001  0.000E+000
 1.370E+013  1.000E-008  6.236E+001  0.000E+000
 1.390E+013  1.000E-008  6.236E+001  1.881E-012
 1.410E+013  1.000E-008  6.236E+001 -1.881E-012
 1.430E+013  1.000E-008  6.236E+001 -7.042E-012
 1.450E+013  1.000E-008  6.236E+001  7.042E-012
 1.470E+013  1.000E-008  6.236E+001  1.411E-012
 1.490E+013  1.000E-008  6.236E+001 -1.411E-012
 1.510E+013  1.000E-008  6.236E+001  0.000E+000
 1.530E+013  1.000E-008  6.236E+001  0.000E+000
 1.550E+013  1.000E-008  6.236E+001  0.000E+000
 1.570E+013  1.000E-008  6.236E+001  0.000E+000
 1.590E+013  1.000E-008  6.236E+001  4.704E-013
 1.610E+013  1.000E-008  6.236E+001 -6.142E-034
 1.630E+013  1.000E-008  6.236E+001 -4.704E-013
 1.650E+013  1.000E-008  6.236E+001 -4.703E-013
 1.670E+013  1.000E-008  6.236E+001  4.703E-013
 1.690E+013  1.000E-008  6.236E+001  1.225E-031
 1.710E+013  1.000E-008  6.236E+001  2.797E-069
 1.730E+013  1.000E-008  6.236E+001  6.650E-145
 1.750E+013  1.000E-008  6.236E+001  1.743E-296
 1.770E+013  1.000E-008  6.236E+001  0.000E+000
 1.790E+013  1.000E-008  6.236E+001  0.000E+000
 1.810E+013  1.000E-008  6.236E+001  0.000E+000
 1.830E+013  1.000E-008  6.236E+001  4.704E-013
 1.850E+013  1.000E-008  6.236E+001 -4.704E-013
 1.870E+013  1.000E-008  6.236E+001  1.881E-012
 1.890E+013  1.000E-008  6.236E+001 -2.822E-012
 1.910E+013  1.000E-008  6.236E+001  1.881E-012
 1.930E+013  1.000E-008  6.236E+001 -9.407E-013
 1.950E+013  1.000E-008  6.236E+001  0.000E+000
 1.970E+013  1.000E-008  6.236E+001  0.000E+000
 1.990E+013  1.000E-008  6.236E+001  0.000E+000
 2.010E+013  1.000E-008  6.236E+001  0.000E+000
 2.030E+013  1.000E-008  6.236E+001  0.000E+000
 2.050E+013  1.000E-008  6.236E+001  0.000E+000
 2.070E+013  1.000E-008  6.236E+001  0.000E+000
 2.090E+013  1.000E-008  6.236E+001  4.704E-013
 2.110E+013  1.000E-008  6.236E+001 -4.680E-034
 2.130E+013  1.000E-008  6.236E+001 -4.704E-013
 2.150E+013  1.000E-008  6.236E+001  0.000E+000
 2.170E+013  1.000E-008  6.236E+001  0.000E+000
 2.190E+013  1.000E-008  6.236E+001  0.000E+000
 2.210E+013  1.000E-008  6.236E+001  0.000E+000
 2.230E+013  1.000E-008  6.236E+001  0.000E+000
 2.250E+013  1.000E-008  6.236E+001  0.000E+000
 2.270E+013  1.000E-008  6.236E+001  4.704E-013
 2.290E+013  1.000E-008  6.236E+001 -4.310E-034
 2.310E+013  1.000E-008  6.236E+001 -4.704E-013
 2.330E+013  1.000E-008  6.236E+001  0.000E+000
 2.350E+013  1.000E-008  6.236E+001  0.000E+000
 2.370E+013  1.000E-008  6.236E+001  4.704E-013
 2.390E+013  1.000E-008  6.236E+001 -4.704E-013
 2.410E+013  1.000E-008  6.236E+001  0.000E+000
 2.430E+013  1.000E-008  6.236E+001  0.000E+000
 2.450E+013  1.000E-008  6.236E+001  0.000E+000
 2.470E+013  1.000E-008  6.236E+001  4.704E-013
 2.490E+013  1.000E-008  6.236E+001 -4.704E-013
 2.510E+013  1.000E-008  6.236E+001  4.704E-013
 2.530E+013  1.000E-008  6.236E+001 -4.704E-013
 2.550E+013  1.000E-008  6.236E+001 -1.178E-291
 2.570E+013  1.000E-008  6.236E+001 -1.729E-142
 2.590E+013  1.000E-008  6.236E+001 -4.510E-068
 2.610E+013  1.000E-008  6.236E+001 -4.921E-031
 2.630E+013  1.000E-008  6.236E+001 -9.407E-013
 2.650E+013  1.000E-008  6.236E+001  9.407E-013
 2.670E+013  1.000E-008  6.236E+001  4.906E-031
 2.690E+013  1.000E-008  6.236E+001  4.482E-068
 2.710E+013  1.000E-008  6.236E+001  4.704E-013
 2.730E+013  1.000E-008  6.236E+001 -4.704E-013
 2.750E+013  1.000E-008  6.236E+001  1.411E-012
 2.770E+013  1.000E-008  6.236E+001 -1.411E-012
 2.790E+013  1.000E-008  6.236E+001  0.000E+000
 2.810E+013  1.000E-008  6.236E+001  0.000E+000
 2.830E+013  1.000E-008  6.236E+001  2.352E-012
 2.850E+013  1.000E-008  6.236E+001 -4.703E-013
 2.870E+013  1.000E-008  6.236E+001 -1.881E-012
 2.890E+013  1.000E-008  6.236E+001 -1.923E-031
 2.910E+013  1.000E-008  6.236E+001  3.292E-012
 2.930E+013  1.000E-008  6.236E+001 -3.292E-012
 2.950E+013  1.000E-008  6.236E+001  0.000E+000
 2.970E+013  1.000E-008  6.236E+001  0.000E+000
 2.990E+013  1.000E-008  6.236E+001  0.000E+000
 3.010E+013  1.000E-008  6.236E+001  4.704E-013
 3.030E+013  1.000E-008  6.236E+001 -4.704E-013
 3.050E+013  1.000E-008  6.236E+001  4.704E-013
 3.070E+013  1.000E-008  6.236E+001 -4.704E-013
 3.090E+013  1.000E-008  6.236E+001  4.704E-013
 3.110E+013  1.000E-008  6.236E+001  4.703E-013
 3.130E+013  1.000E-008  6.236E+001 -9.407E-013
 3.150E+013  1.000E-008  6.236E+001  0.000E+000
 3.170E+013  1.000E-008  6.236E+001  0.000E+000
 3.190E+013  1.000E-008  6.236E+001  0.000E+000
 3.210E+013  1.000E-008  6.236E+001  0.000E+000
 3.230E+013  1.000E-008  6.236E+001  0.000E+000
 3.250E+013  1.000E-008  6.236E+001  0.000E+000
 3.270E+013  1.000E-008  6.236E+001 -1.794E-296
 3.290E+013  1.000E-008  6.236E+001 -6.746E-145
 3.310E+013  1.000E-008  6.236E+001 -2.817E-069
 3.330E+013  1.000E-008  6.236E+001 -1.230E-031
 3.350E+013  1.000E-008  6.236E+001 -4.703E-013
 3.370E+013  1.000E-008  6.236E+001  4.703E-013
 3.390E+013  1.000E-008  6.236E+001  1.227E-031
 3.410E+013  1.000E-008  6.236E+001  2.803E-069
 3.430E+013  1.000E-008  6.236E+001  6.682E-145
 3.450E+013  1.000E-008  6.236E+001  9.407E-013
 3.470E+013  1.000E-008  6.236E+001 -9.407E-013
 3.490E+013  1.000E-008  6.236E+001  0.000E+000
 3.510E+013  1.000E-008  6.236E+001  0.000E+000
 3.530E+013  1.000E-008  6.236E+001  0.000E+000
 3.550E+013  1.000E-008  6.236E+001  0.000E+000
 3.570E+013  1.000E-008  6.236E+001  9.407E-013
 3.590E+013  1.000E-008  6.236E+001 -4.703E-013
 3.610E+013  1.000E-008  6.236E+001 -1.230E-031
 3.630E+013  1.000E-008  6.236E+001 -4.704E-013
 3.650E+013  1.000E-008  6.236E+001 -4.703E-013
 3.670E+013  1.000E-008  6.236E+001  4.703E-013
 3.690E+013  1.000E-008  6.236E+001  4.704E-013
 3.710E+013  1.000E-008  6.236E+001 -4.704E-013
 3.730E+013  1.000E-008  6.236E+001 -1.321E-034
 3.750E+013  1.000E-008  6.236E+001  4.704E-013
 3.770E+013  1.000E-008  6.236E+001 -4.704E-013
 3.790E+013  1.000E-008  6.236E+001  0.000E+000
 3.810E+013  1.000E-008  6.236E+001  0.000E+000
 3.830E+013  1.000E-008  6.236E+001  4.704E-013
 3.850E+013  1.000E-008  6.236E+001 -4.704E-013
 3.870E+013  1.000E-008  6.236E+001 -1.230E-031
 3.890E+013  1.000E-008  6.236E+001 -4.703E-013
 3.910E+013  1.000E-008  6.236E+001 -3.723E-032
 3.930E+013  1.000E-008  6.236E+001  1.411E-012
 3.950E+013  1.000E-008  6.236E+001 -4.703E-013
 3.970E+013  1.000E-008  6.236E+001  1.411E-012
 3.990E+013  1.000E-008  6.236E+001 -1.881E-012
 4.010E+013  1.000E-008  6.236E+001  0.000E+000
 4.030E+013  1.000E-008  6.236E+001  0.000E+000
 4.050E+013  1.000E-008  6.236E+001  0.000E+000
 4.070E+013  1.000E-008  6.236E+001  0.000E+000
 4.090E+013  1.000E-008  6.236E+001  1.716E-011
 4.110E+013  1.000E-008  6.236E+001 -1.716E-011
 4.130E+013  1.000E-008  6.236E+001  1.215E-011
 4.150E+013  1.000E-008  6.236E+001 -1.215E-011
 4.170E+013  1.000E-008  6.236E+001  4.232E-012
 4.190E+013  1.000E-008  6.236E+001 -3.761E-012
 4.210E+013  1.000E-008  6.236E+001 -1.230E-031
 4.230E+013  1.000E-008  6.236E+001 -4.704E-013
 4.250E+013  1.000E-008  6.236E+001  0.000E+000
 4.270E+013  1.000E-008  6.236E+001  0.000E+000
 4.290E+013  1.000E-008  6.236E+001  0.000E+000
 4.310E+013  1.000E-008  6.236E+001  0.000E+000
 4.330E+013  1.000E-008  6.236E+001  0.000E+000
 4.350E+013  1.000E-008  6.236E+001  0.000E+000
 4.370E+013  1.000E-008  6.236E+001  0.000E+000
 4.390E+013  1.000E-008  6.236E+001  0.000E+000
 4.410E+013  1.000E-008  6.236E+001  0.000E+000
 4.430E+013  1.000E-008  6.236E+001  0.000E+000
 4.450E+013  1.000E-008  6.236E+001  0.000E+000
 4.470E+013  1.000E-008  6.236E+001  4.704E-013
 4.490E+013  1.000E-008  6.236E+001 -2.194E-034
 4.510E+013  1.000E-008  6.236E+001 -4.704E-013
 4.530E+013  1.000E-008  6.236E+001 -1.789E-296
 4.550E+013  1.000E-008  6.236E+001 -6.737E-145
 4.570E+013  1.000E-008  6.236E+001 -2.815E-069
 4.590E+013  1.000E-008  6.236E+001 -1.229E-031
 4.610E+013  1.000E-008  6.236E+001 -4.703E-013
 4.630E+013  1.000E-008  6.236E+001  4.703E-013
 4.650E+013  1.000E-008  6.236E+001  4.704E-013
 4.670E+013  1.000E-008  6.236E+001 -4.704E-013
 4.690E+013  1.000E-008  6.236E+001  4.704E-013
 4.710E+013  1.000E-008  6.236E+001 -4.704E-013
 4.730E+013  1.000E-008  6.236E+001  0.000E+000
 4.750E+013  1.000E-008  6.236E+001  0.000E+000
 4.770E+013  1.000E-008  6.236E+001  0.000E+000
 4.790E+013  1.000E-008  6.236E+001  4.704E-013
 4.810E+013  1.000E-008  6.236E+001 -4.704E-013
 4.830E+013  1.000E-008  6.236E+001 -1.019E-034
 4.850E+013  1.000E-008  6.236E+001  4.704E-013
 4.870E+013  1.000E-008  6.236E+001 -4.704E-013
 4.890E+013  1.000E-008  6.236E+001  0.000E+000
 4.910E+013  1.000E-008  6.236E+001  0.000E+000
 4.930E+013  1.000E-008  6.236E+001  0.000E+000
 4.950E+013  1.000E-008  6.236E+001  0.000E+000
 4.970E+013  1.000E-008  6.236E+001  0.000E+000
 4.990E+013  1.000E-008  6.236E+001  9.407E-013
 5.010E+013  1.000E-008  6.236E+001 -1.411E-012
 5.030E+013  1.000E-008  6.236E+001  4.703E-013
 5.050E+013  1.000E-008  6.236E+001  1.227E-031
 5.070E+013  1.000E-008  6.236E+001  2.806E-069
 5.090E+013  1.000E-008  6.236E+001  6.692E-145
 5.110E+013  1.000E-008  6.236E+001  4.704E-013
 5.130E+013  1.000E-008  6.236E+001 -4.704E-013
 5.150E+013  1.000E-008  6.236E+001  0.000E+000
 5.170E+013  1.000E-008  6.236E+001  0.000E+000
 5.190E+013  1.000E-008  6.236E+001 -1.787E-296
 5.210E+013  1.000E-008  6.236E+001 -6.734E-145
 5.230E+013  1.000E-008  6.236E+001 -2.814E-069
 5.250E+013  1.000E-008  6.236E+001 -1.229E-031
 5.270E+013  1.000E-008  6.236E+001 -4.703E-013
 5.290E+013  1.000E-008  6.236E+001  4.703E-013
 5.310E+013  1.000E-008  6.236E+001  1.227E-031
 5.330E+013  1.000E-008  6.236E+001  2.806E-069
 5.350E+013  1.000E-008  6.236E+001  9.407E-013
 5.370E+013  1.000E-008  6.236E+001 -9.407E-013
 5.390E+013  1.000E-008  6.236E+001  1.620E-032
 5.410E+013  1.000E-008  6.236E+001  4.704E-013
 5.430E+013  1.000E-008  6.236E+001  4.703E-013
 5.450E+013  1.000E-008  6.236E+001  4.703E-013
 5.470E+013  1.000E-008  6.236E+001 -1.411E-012
 5.490E+013  1.000E-008  6.236E+001 -1.229E-031
 5.510E+013  1.000E-008  6.236E+001 -4.703E-013
 5.530E+013  1.000E-008  6.236E+001  9.407E-013
 5.550E+013  1.000E-008  6.236E+001 -1.881E-012
 5.570E+013  1.000E-008  6.236E+001  9.406E-013
 5.590E+013  1.000E-008  6.236E+001  4.703E-013
 5.610E+013  1.000E-008  6.236E+001 -4.703E-013
 5.630E+013  1.000E-008  6.236E+001  4.703E-013
 5.650E+013  1.000E-008  6.236E+001 -2.822E-012
 5.670E+013  1.000E-008  6.236E+001  2.822E-012
 5.690E+013  1.000E-008  6.236E+001  2.822E-012
 5.710E+013  1.000E-008  6.236E+001 -2.822E-012
 5.730E+013  1.000E-008  6.236E+001  3.292E-012
 5.750E+013  1.000E-008  6.236E+001 -7.054E-012
 5.770E+013  1.000E-008  6.236E+001 -4.697E-013
 5.790E+013  1.000E-008  6.236E+001  4.231E-012
 5.810E+013  1.000E-008  6.236E+001  2.207E-011
 5.830E+013  1.000E-008  6.236E+001 -2.207E-011
 5.850E+013  1.000E-008  6.236E+001  0.000E+000
 5.870E+013  1.000E-008  6.236E+001  0.000E+000
 5.890E+013  1.000E-008  6.236E+001  0.000E+000
 5.910E+013  1.000E-008  6.236E+001  0.000E+000
 5.930E+013  1.000E-008  6.236E+001  0.000E+000
 5.950E+013  1.000E-008  6.236E+001  0.000E+000
 5.970E+013  1.000E-008  6.236E+001  0.000E+000
 5.990E+013  1.000E-008  6.236E+001  0.000E+000
 6.010E+013  1.000E-008  6.236E+001  0.000E+000
 6.030E+013  1.000E-008  6.236E+001  4.704E-013
 6.050E+013  1.000E-008  6.236E+001 -4.704E-013
 6.070E+013  1.000E-008  6.236E+001  4.704E-013
 6.090E+013  1.000E-008  6.236E+001 -4.704E-013
 6.110E+013  1.000E-008  6.236E+001  0.000E+000
 6.130E+013  1.000E-008  6.236E+001  0.000E+000
 6.150E+013  1.000E-008  6.236E+001  0.000E+000
 6.170E+013  1.000E-008  6.236E+001  4.704E-013
 6.190E+013  1.000E-008  6.236E+001 -4.704E-013
 6.210E+013  1.000E-008  6.236E+001  0.000E+000
 6.230E+013  1.000E-008  6.236E+001  0.000E+000
 6.250E+013  1.000E-008  6.236E+001  0.000E+000
 6.270E+013  1.000E-008  6.236E+001  0.000E+000
 6.290E+013  1.000E-008  6.236E+001  0.000E+000
 6.310E+013  1.000E-008  6.236E+001  0.000E+000
 6.330E+013  1.000E-008  6.236E+001  0.000E+000
 6.350E+013  1.000E-008  6.236E+001  4.704E-013
 6.370E+013  1.000E-008  6.236E+001 -4.704E-013
 6.390E+013  1.000E-008  6.236E+001  0.000E+000
 6.410E+013  1.000E-008  6.236E+001  0.000E+000
 6.430E+013  1.000E-008  6.236E+001  0.000E+000
 6.450E+013  1.000E-008  6.236E+001  0.000E+000
 6.470E+013  1.000E-008  6.236E+001  4.704E-013
 6.490E+013  1.000E-008  6.236E+001 -4.704E-013
 6.510E+013  1.000E-008  6.236E+001  0.000E+000
 6.530E+013  1.000E-008  6.236E+001  0.000E+000
 6.550E+013  1.000E-008  6.236E+001  0.000E+000
 6.570E+013  1.000E-008  6.236E+001  0.000E+000
 6.590E+013  1.000E-008  6.236E+001  4.704E-013
 6.610E+013  1.000E-008  6.236E+001 -4.704E-013
 6.630E+013  1.000E-008  6.236E+001  0.000E+000
 6.650E+013  1.000E-008  6.236E+001  0.000E+000
 6.670E+013  1.000E-008  6.236E+001  0.000E+000
 6.690E+013  1.000E-008  6.236E+001  4.704E-013
 6.710E+013  1.000E-008  6.236E+001 -4.704E-013
 6.730E+013  1.000E-008  6.236E+001  0.000E+000
 6.750E+013  1.000E-008  6.236E+001  0.000E+000
 6.770E+013  1.000E-008  6.236E+001  4.704E-013
 6.790E+013  1.000E-008  6.236E+001 -4.704E-013
 6.810E+013  1.000E-008  6.236E+001  4.704E-013
 6.830E+013  1.000E-008  6.236E+001 -1.441E-034
 6.850E+013  1.000E-008  6.236E+001 -4.704E-013
 6.870E+013  1.000E-008  6.236E+001  0.000E+000
 6.890E+013  1.000E-008  6.236E+001  0.000E+000
 6.910E+013  1.000E-008  6.236E+001  0.000E+000
 6.930E+013  1.000E-008  6.236E+001  4.704E-013
 6.950E+013  1.000E-008  6.236E+001 -4.704E-013
 6.970E+013  1.000E-008  6.236E+001  0.000E+000
 6.990E+013  1.000E-008  6.236E+001  0.000E+000
 7.010E+013  1.000E-008  6.236E+001  0.000E+000
 7.030E+013  1.000E-008  6.236E+001  0.000E+000
 7.050E+013  1.000E-008  6.236E+001  0.000E+000
 7.070E+013  1.000E-008  6.236E+001  0.000E+000
 7.090E+013  1.000E-008  6.236E+001  0.000E+000
 7.110E+013  1.000E-008  6.236E+001  0.000E+000
 7.130E+013  1.000E-008  6.236E+001  0.000E+000
 7.150E+013  1.000E-008  6.236E+001  0.000E+000
 7.170E+013  1.000E-008  6.236E+001  0.000E+000
 7.190E+013  1.000E-008  6.236E+001  4.704E-013
 7.210E+013  1.000E-008  6.236E+001 -4.704E-013
 7.230E+013  1.000E-008  6.236E+001  0.000E+000
 7.250E+013  1.000E-008  6.236E+001  0.000E+000
 7.270E+013  1.000E-008  6.236E+001  9.407E-013
 7.290E+013  1.000E-008  6.236E+001 -5.399E-034
 7.310E+013  1.000E-008  6.236E+001 -9.407E-013
 7.330E+013  1.000E-008  6.236E+001 -1.229E-031
 7.350E+013  1.000E-008  6.236E+001 -4.703E-013
 7.370E+013  1.000E-008  6.236E+001  4.703E-013
 7.390E+013  1.000E-008  6.236E+001  1.228E-031
 7.410E+013  1.000E-008  6.236E+001  2.807E-069
 7.430E+013  1.000E-008  6.236E+001  6.699E-145
 7.450E+013  1.000E-008  6.236E+001  1.769E-296
 7.470E+013  1.000E-008  6.236E+001  0.000E+000
 7.490E+013  1.000E-008  6.236E+001  0.000E+000
 7.510E+013  1.000E-008  6.236E+001  0.000E+000
 7.530E+013  1.000E-008  6.236E+001  0.000E+000
 7.550E+013  1.000E-008  6.236E+001  0.000E+000
 7.570E+013  1.000E-008  6.236E+001  0.000E+000
 7.590E+013  1.000E-008  6.236E+001  0.000E+000
 7.610E+013  1.000E-008  6.236E+001  0.000E+000
 7.630E+013  1.000E-008  6.236E+001  0.000E+000
 7.650E+013  1.000E-008  6.236E+001  0.000E+000
 7.670E+013  1.000E-008  6.236E+001  9.407E-013
 7.690E+013  1.000E-008  6.236E+001 -9.407E-013
 7.710E+013  1.000E-008  6.236E+001  1.411E-012
 7.730E+013  1.000E-008  6.236E+001 -1.411E-012
 7.750E+013  1.000E-008  6.236E+001  2.910E-032
 7.770E+013  1.000E-008  6.236E+001  9.407E-013
 7.790E+013  1.000E-008  6.236E+001 -2.822E-012
 7.810E+013  1.000E-008  6.236E+001  2.822E-012
 7.830E+013  1.000E-008  6.236E+001 -9.407E-013
 7.850E+013  1.000E-008  6.236E+001 -1.983E-069
 7.870E+013  1.000E-008  6.236E+001 -1.032E-031
 7.890E+013  1.000E-008  6.236E+001 -4.703E-013
 7.910E+013  1.000E-008  6.236E+001 -2.351E-012
 7.930E+013  1.000E-008  6.236E+001  1.411E-012
 7.950E+013  1.000E-008  6.236E+001  1.411E-012
 7.970E+013  1.000E-008  6.236E+001 -1.881E-012
 7.990E+013  1.000E-008  6.236E+001  1.881E-012
 8.010E+013  1.000E-008  6.236E+001  1.964E-030
 8.030E+013  1.000E-008  6.236E+001  7.184E-067
 8.050E+013  1.000E-008  6.236E+001  4.387E-140
 8.070E+013  1.000E-008  6.236E+001 -8.008E-280
 8.090E+013  1.000E-008  6.236E+001 -1.426E-136
 8.110E+013  1.000E-008  6.236E+001 -4.097E-065
 8.130E+013  1.000E-008  6.236E+001 -1.484E-029
 8.150E+013  1.000E-008  6.236E+001 -5.170E-012
 8.170E+013  1.000E-008  6.236E+001  6.581E-012
 8.190E+013  1.000E-008  6.236E+001 -1.411E-012
 8.210E+013  1.000E-008  6.236E+001  0.000E+000
 8.230E+013  1.000E-008  6.236E+001  0.000E+000
 8.250E+013  1.000E-008  6.236E+001  0.000E+000
 8.270E+013  1.000E-008  6.236E+001  0.000E+000
 8.290E+013  1.000E-008  6.236E+001  1.881E-012
 8.310E+013  1.000E-008  6.236E+001 -1.881E-012
 8.330E+013  1.000E-008  6.236E+001 -1.193E-031
 8.350E+013  1.000E-008  6.236E+001  2.822E-012
 8.370E+013  1.000E-008  6.236E+001 -2.351E-012
 8.390E+013  1.000E-008  6.236E+001 -1.229E-031
 8.410E+013  1.000E-008  6.236E+001 -4.704E-013
 8.430E+013  1.000E-008  6.236E+001  4.704E-013
 8.450E+013  1.000E-008  6.236E+001 -1.164E-034
 8.470E+013  1.000E-008  6.236E+001 -4.704E-013
 8.490E+013  1.000E-008  6.236E+001 -5.794E-035
 8.510E+013  1.000E-008  6.236E+001  4.704E-013
 8.530E+013  1.000E-008  6.236E+001 -1.153E-034
 8.550E+013  1.000E-008  6.236E+001 -4.704E-013
 8.570E+013  1.000E-008  6.236E+001 -5.740E-035
 8.590E+013  1.000E-008  6.236E+001  4.704E-013
 8.610E+013  1.000E-008  6.236E+001 -4.704E-013
 8.630E+013  1.000E-008  6.236E+001  0.000E+000
 8.650E+013  1.000E-008  6.236E+001  0.000E+000
 8.670E+013  1.000E-008  6.236E+001  0.000E+000
 8.690E+013  1.000E-008  6.236E+001  0.000E+000
 8.710E+013  1.000E-008  6.236E+001  0.000E+000
 8.730E+013  1.000E-008  6.236E+001  0.000E+000
 8.750E+013  1.000E-008  6.236E+001  4.704E-013
 8.770E+013  1.000E-008  6.236E+001 -4.704E-013
 8.790E+013  1.000E-008  6.236E+001 -5.596E-035
 8.810E+013  1.000E-008  6.236E+001  4.704E-013
 8.830E+013  1.000E-008  6.236E+001 -4.704E-013
 8.850E+013  1.000E-008  6.236E+001  4.704E-013
 8.870E+013  1.000E-008  6.236E+001  4.703E-013
 8.890E+013  1.000E-008  6.236E+001 -9.407E-013
 8.910E+013  1.000E-008  6.236E+001  0.000E+000
 8.930E+013  1.000E-008  6.236E+001  0.000E+000
 8.950E+013  1.000E-008  6.236E+001  0.000E+000
 8.970E+013  1.000E-008  6.236E+001  0.000E+000
 8.990E+013  1.000E-008  6.236E+001  0.000E+000
 9.010E+013  1.000E-008  6.236E+001  4.704E-013
 9.030E+013  1.000E-008  6.236E+001 -1.089E-034
 9.050E+013  1.000E-008  6.236E+001 -4.704E-013
 9.070E+013  1.000E-008  6.236E+001  4.704E-013
 9.090E+013  1.000E-008  6.236E+001 -1.082E-034
 9.110E+013  1.000E-008  6.236E+001 -4.704E-013
 9.130E+013  1.000E-008  6.236E+001  0.000E+000
 9.150E+013  1.000E-008  6.236E+001  0.000E+000
 9.170E+013  1.000E-008  6.236E+001  0.000E+000
 9.190E+013  1.000E-008  6.236E+001  0.000E+000
 9.210E+013  1.000E-008  6.236E+001  0.000E+000
 9.230E+013  1.000E-008  6.236E+001  4.704E-013
 9.250E+013  1.000E-008  6.236E+001 -1.064E-034
 9.270E+013  1.000E-008  6.236E+001 -4.704E-013
 9.290E+013  1.000E-008  6.236E+001  0.000E+000
 9.310E+013  1.000E-008  6.236E+001  0.000E+000
 9.330E+013  1.000E-008  6.236E+001  0.000E+000
 9.350E+013  1.000E-008  6.236E+001  0.000E+000
 9.370E+013  1.000E-008  6.236E+001  4.704E-013
 9.390E+013  1.000E-008  6.236E+001 -4.704E-013
 9.410E+013  1.000E-008  6.236E+001  4.704E-013
 9.430E+013  1.000E-008  6.236E+001 -4.704E-013
 9.450E+013  1.000E-008  6.236E+001  0.000E+000
 9.470E+013  1.000E-008  6.236E+001  0.000E+000
 9.490E+013  1.000E-008  6.236E+001  0.000E+000
 9.510E+013  1.000E-008  6.236E+001  0.000E+000
 9.530E+013  1.000E-008  6.236E+001  4.704E-013
 9.550E+013  1.000E-008  6.236E+001 -4.704E-013
 9.570E+013  1.000E-008  6.236E+001 -2.812E-069
 9.590E+013  1.000E-008  6.236E+001 -1.229E-031
 9.610E+013  1.000E-008  6.236E+001 -4.703E-013
 9.630E+013  1.000E-008  6.236E+001  4.703E-013
 9.650E+013  1.000E-008  6.236E+001  1.228E-031
 9.670E+013  1.000E-008  6.236E+001  4.704E-013
 9.690E+013  1.000E-008  6.236E+001 -4.704E-013
 9.710E+013  1.000E-008  6.236E+001  0.000E+000
 9.730E+013  1.000E-008  6.236E+001  0.000E+000
 9.750E+013  1.000E-008  6.236E+001  0.000E+000
 9.770E+013  1.000E-008  6.236E+001  0.000E+000
 9.790E+013  1.000E-008  6.236E+001  0.000E+000
 9.810E+013  1.000E-008  6.236E+001  0.000E+000
 9.830E+013  1.000E-008  6.236E+001  0.000E+000
 9.850E+013  1.000E-008  6.236E+001  0.000E+000
 9.870E+013  1.000E-008  6.236E+001  0.000E+000
 9.890E+013  1.000E-008  6.236E+001  0.000E+000
 9.910E+013  1.000E-008  6.236E+001  0.000E+000
 9.930E+013  1.000E-008  6.236E+001  0.000E+000
 9.950E+013  1.000E-008  6.236E+001  4.704E-013
 9.970E+013  1.000E-008  6.236E+001 -4.704E-013
 9.990E+013  1.000E-008  6.236E+001  0.000E+000
 1.001E+014  1.000E-099  1.000E-099  0.000E+000
 1.003E+014  1.000E-099  1.000E-099  0.000E+000
 4.198E-003
