 1.445E+005
     x1b        dens       energ       v1
 1.000E+011  1.054E-010  1.786E+006  0.000E+000
 3.000E+011  1.069E-010  1.766E+006 -2.431E+005
 5.000E+011  1.123E-010  1.774E+006  7.817E+005
 7.000E+011  1.184E-010  1.771E+006  9.907E+005
 9.000E+011  1.241E-010  1.772E+006  1.409E+006
 1.100E+012  1.280E-010  1.772E+006  1.681E+006
 1.300E+012  1.291E-010  1.773E+006  2.012E+006
 1.500E+012  1.291E-010  1.773E+006  2.361E+006
 1.700E+012  1.287E-010  1.773E+006  2.702E+006
 1.900E+012  1.281E-010  1.774E+006  3.039E+006
 2.100E+012  1.281E-010  1.775E+006  3.370E+006
 2.300E+012  1.283E-010  1.776E+006  3.710E+006
 2.500E+012  1.293E-010  1.776E+006  4.051E+006
 2.700E+012  1.316E-010  1.777E+006  4.381E+006
 2.900E+012  1.361E-010  1.778E+006  4.711E+006
 3.100E+012  1.436E-010  1.779E+006  5.049E+006
 3.300E+012  1.555E-010  1.780E+006  5.387E+006
 3.500E+012  1.739E-010  1.781E+006  5.723E+006
 3.700E+012  2.015E-010  1.783E+006  6.067E+006
 3.900E+012  2.425E-010  1.785E+006  6.415E+006
 4.100E+012  3.024E-010  1.787E+006  6.767E+006
 4.300E+012  3.882E-010  1.791E+006  7.101E+006
 4.500E+012  5.071E-010  1.796E+006  7.466E+006
 4.700E+012  6.640E-010  1.802E+006  7.807E+006
 4.900E+012  8.600E-010  1.811E+006  8.145E+006
 5.100E+012  1.091E-009  1.823E+006  8.481E+006
 5.300E+012  1.352E-009  1.839E+006  8.819E+006
 5.500E+012  1.638E-009  1.861E+006  9.166E+006
 5.700E+012  1.949E-009  1.888E+006  9.528E+006
 5.900E+012  2.290E-009  1.920E+006  9.897E+006
 6.100E+012  2.670E-009  1.957E+006  1.026E+007
 6.300E+012  3.106E-009  2.000E+006  1.061E+007
 6.500E+012  3.622E-009  2.054E+006  1.097E+007
 6.700E+012  4.246E-009  2.120E+006  1.136E+007
 6.900E+012  5.008E-009  2.200E+006  1.176E+007
 7.100E+012  5.949E-009  2.297E+006  1.217E+007
 7.300E+012  7.104E-009  2.417E+006  1.260E+007
 7.500E+012  8.563E-009  2.586E+006  1.306E+007
 7.700E+012  1.050E-008  2.850E+006  1.373E+007
 7.900E+012  1.284E-008  3.133E+006  1.449E+007
 8.100E+012  1.558E-008  3.407E+006  1.493E+007
 8.300E+012  2.024E-008  4.132E+006  1.563E+007
 8.500E+012  2.637E-008  5.058E+006  1.734E+007
 8.700E+012  2.733E-008  4.276E+006  1.740E+007
 8.900E+012  2.145E-008  1.878E+006  1.489E+007
 9.100E+012  1.350E-008  2.597E+005  9.310E+006
 9.300E+012  1.052E-008  3.671E+003  2.934E+006
 9.500E+012  1.001E-008  6.263E+001  1.463E+005
 9.700E+012  1.000E-008  6.236E+001  1.186E+002
 9.900E+012  1.000E-008  6.236E+001  2.896E-005
 1.010E+013  1.000E-008  6.236E+001  3.775E-013
 1.030E+013  1.000E-008  6.236E+001 -2.054E-012
 1.050E+013  1.000E-008  6.236E+001  0.000E+000
 1.070E+013  1.000E-008  6.236E+001  0.000E+000
 1.090E+013  1.000E-008  6.236E+001  0.000E+000
 1.110E+013  1.000E-008  6.236E+001  0.000E+000
 1.130E+013  1.000E-008  6.236E+001  5.134E-013
 1.150E+013  1.000E-008  6.236E+001 -5.134E-013
 1.170E+013  1.000E-008  6.236E+001  0.000E+000
 1.190E+013  1.000E-008  6.236E+001  0.000E+000
 1.210E+013  1.000E-008  6.236E+001  5.134E-013
 1.230E+013  1.000E-008  6.236E+001 -1.047E-033
 1.250E+013  1.000E-008  6.236E+001 -5.134E-013
 1.270E+013  1.000E-008  6.236E+001  0.000E+000
 1.290E+013  1.000E-008  6.236E+001  0.000E+000
 1.310E+013  1.000E-008  6.236E+001  0.000E+000
 1.330E+013  1.000E-008  6.236E+001  0.000E+000
 1.350E+013  1.000E-008  6.236E+001  0.000E+000
 1.370E+013  1.000E-008  6.236E+001  0.000E+000
 1.390E+013  1.000E-008  6.236E+001  2.054E-012
 1.410E+013  1.000E-008  6.236E+001 -2.054E-012
 1.430E+013  1.000E-008  6.236E+001 -7.688E-012
 1.450E+013  1.000E-008  6.236E+001  7.688E-012
 1.470E+013  1.000E-008  6.236E+001  1.540E-012
 1.490E+013  1.000E-008  6.236E+001 -1.540E-012
 1.510E+013  1.000E-008  6.236E+001  0.000E+000
 1.530E+013  1.000E-008  6.236E+001  0.000E+000
 1.550E+013  1.000E-008  6.236E+001  0.000E+000
 1.570E+013  1.000E-008  6.236E+001  0.000E+000
 1.590E+013  1.000E-008  6.236E+001  5.134E-013
 1.610E+013  1.000E-008  6.236E+001 -7.986E-034
 1.630E+013  1.000E-008  6.236E+001 -5.134E-013
 1.650E+013  1.000E-008  6.236E+001 -5.134E-013
 1.670E+013  1.000E-008  6.236E+001  5.134E-013
 1.690E+013  1.000E-008  6.236E+001  1.593E-031
 1.710E+013  1.000E-008  6.236E+001  5.166E-069
 1.730E+013  1.000E-008  6.236E+001  2.483E-144
 1.750E+013  1.000E-008  6.236E+001  2.665E-295
 1.770E+013  1.000E-008  6.236E+001  0.000E+000
 1.790E+013  1.000E-008  6.236E+001  0.000E+000
 1.810E+013  1.000E-008  6.236E+001  0.000E+000
 1.830E+013  1.000E-008  6.236E+001  5.134E-013
 1.850E+013  1.000E-008  6.236E+001 -5.134E-013
 1.870E+013  1.000E-008  6.236E+001  2.054E-012
 1.890E+013  1.000E-008  6.236E+001 -3.081E-012
 1.910E+013  1.000E-008  6.236E+001  2.054E-012
 1.930E+013  1.000E-008  6.236E+001 -1.027E-012
 1.950E+013  1.000E-008  6.236E+001  0.000E+000
 1.970E+013  1.000E-008  6.236E+001  0.000E+000
 1.990E+013  1.000E-008  6.236E+001  0.000E+000
 2.010E+013  1.000E-008  6.236E+001  0.000E+000
 2.030E+013  1.000E-008  6.236E+001  0.000E+000
 2.050E+013  1.000E-008  6.236E+001  0.000E+000
 2.070E+013  1.000E-008  6.236E+001  0.000E+000
 2.090E+013  1.000E-008  6.236E+001  5.134E-013
 2.110E+013  1.000E-008  6.236E+001 -6.085E-034
 2.130E+013  1.000E-008  6.236E+001 -5.134E-013
 2.150E+013  1.000E-008  6.236E+001  0.000E+000
 2.170E+013  1.000E-008  6.236E+001  0.000E+000
 2.190E+013  1.000E-008  6.236E+001  0.000E+000
 2.210E+013  1.000E-008  6.236E+001  0.000E+000
 2.230E+013  1.000E-008  6.236E+001  0.000E+000
 2.250E+013  1.000E-008  6.236E+001  0.000E+000
 2.270E+013  1.000E-008  6.236E+001  5.134E-013
 2.290E+013  1.000E-008  6.236E+001 -5.604E-034
 2.310E+013  1.000E-008  6.236E+001 -5.134E-013
 2.330E+013  1.000E-008  6.236E+001  0.000E+000
 2.350E+013  1.000E-008  6.236E+001  0.000E+000
 2.370E+013  1.000E-008  6.236E+001  5.134E-013
 2.390E+013  1.000E-008  6.236E+001 -5.134E-013
 2.410E+013  1.000E-008  6.236E+001  0.000E+000
 2.430E+013  1.000E-008  6.236E+001  0.000E+000
 2.450E+013  1.000E-008  6.236E+001  0.000E+000
 2.470E+013  1.000E-008  6.236E+001  5.134E-013
 2.490E+013  1.000E-008  6.236E+001 -5.134E-013
 2.510E+013  1.000E-008  6.236E+001  5.134E-013
 2.530E+013  1.000E-008  6.236E+001 -5.134E-013
 2.550E+013  1.000E-008  6.236E+001 -1.802E-290
 2.570E+013  1.000E-008  6.236E+001 -6.455E-142
 2.590E+013  1.000E-008  6.236E+001 -8.331E-068
 2.610E+013  1.000E-008  6.236E+001 -6.398E-031
 2.630E+013  1.000E-008  6.236E+001 -1.027E-012
 2.650E+013  1.000E-008  6.236E+001  1.027E-012
 2.670E+013  1.000E-008  6.236E+001  6.379E-031
 2.690E+013  1.000E-008  6.236E+001  8.280E-068
 2.710E+013  1.000E-008  6.236E+001  5.134E-013
 2.730E+013  1.000E-008  6.236E+001 -5.134E-013
 2.750E+013  1.000E-008  6.236E+001  1.540E-012
 2.770E+013  1.000E-008  6.236E+001 -1.540E-012
 2.790E+013  1.000E-008  6.236E+001  0.000E+000
 2.810E+013  1.000E-008  6.236E+001  0.000E+000
 2.830E+013  1.000E-008  6.236E+001  2.567E-012
 2.850E+013  1.000E-008  6.236E+001 -5.133E-013
 2.870E+013  1.000E-008  6.236E+001 -2.054E-012
 2.890E+013  1.000E-008  6.236E+001 -2.500E-031
 2.910E+013  1.000E-008  6.236E+001  3.594E-012
 2.930E+013  1.000E-008  6.236E+001 -3.594E-012
 2.950E+013  1.000E-008  6.236E+001  0.000E+000
 2.970E+013  1.000E-008  6.236E+001  0.000E+000
 2.990E+013  1.000E-008  6.236E+001  0.000E+000
 3.010E+013  1.000E-008  6.236E+001  5.134E-013
 3.030E+013  1.000E-008  6.236E+001 -5.134E-013
 3.050E+013  1.000E-008  6.236E+001  5.134E-013
 3.070E+013  1.000E-008  6.236E+001 -5.134E-013
 3.090E+013  1.000E-008  6.236E+001  5.134E-013
 3.110E+013  1.000E-008  6.236E+001  5.134E-013
 3.130E+013  1.000E-008  6.236E+001 -1.027E-012
 3.150E+013  1.000E-008  6.236E+001  0.000E+000
 3.170E+013  1.000E-008  6.236E+001  0.000E+000
 3.190E+013  1.000E-008  6.236E+001  0.000E+000
 3.210E+013  1.000E-008  6.236E+001  0.000E+000
 3.230E+013  1.000E-008  6.236E+001  0.000E+000
 3.250E+013  1.000E-008  6.236E+001  0.000E+000
 3.270E+013  1.000E-008  6.236E+001 -2.742E-295
 3.290E+013  1.000E-008  6.236E+001 -2.519E-144
 3.310E+013  1.000E-008  6.236E+001 -5.204E-069
 3.330E+013  1.000E-008  6.236E+001 -1.599E-031
 3.350E+013  1.000E-008  6.236E+001 -5.134E-013
 3.370E+013  1.000E-008  6.236E+001  5.134E-013
 3.390E+013  1.000E-008  6.236E+001  1.595E-031
 3.410E+013  1.000E-008  6.236E+001  5.179E-069
 3.430E+013  1.000E-008  6.236E+001  2.495E-144
 3.450E+013  1.000E-008  6.236E+001  1.027E-012
 3.470E+013  1.000E-008  6.236E+001 -1.027E-012
 3.490E+013  1.000E-008  6.236E+001  0.000E+000
 3.510E+013  1.000E-008  6.236E+001  0.000E+000
 3.530E+013  1.000E-008  6.236E+001  0.000E+000
 3.550E+013  1.000E-008  6.236E+001  0.000E+000
 3.570E+013  1.000E-008  6.236E+001  1.027E-012
 3.590E+013  1.000E-008  6.236E+001 -5.134E-013
 3.610E+013  1.000E-008  6.236E+001 -1.599E-031
 3.630E+013  1.000E-008  6.236E+001 -5.134E-013
 3.650E+013  1.000E-008  6.236E+001 -5.134E-013
 3.670E+013  1.000E-008  6.236E+001  5.134E-013
 3.690E+013  1.000E-008  6.236E+001  5.134E-013
 3.710E+013  1.000E-008  6.236E+001 -5.134E-013
 3.730E+013  1.000E-008  6.236E+001 -1.717E-034
 3.750E+013  1.000E-008  6.236E+001  5.134E-013
 3.770E+013  1.000E-008  6.236E+001 -5.134E-013
 3.790E+013  1.000E-008  6.236E+001  0.000E+000
 3.810E+013  1.000E-008  6.236E+001  0.000E+000
 3.830E+013  1.000E-008  6.236E+001  5.134E-013
 3.850E+013  1.000E-008  6.236E+001 -5.134E-013
 3.870E+013  1.000E-008  6.236E+001 -1.599E-031
 3.890E+013  1.000E-008  6.236E+001 -5.134E-013
 3.910E+013  1.000E-008  6.236E+001 -4.841E-032
 3.930E+013  1.000E-008  6.236E+001  1.540E-012
 3.950E+013  1.000E-008  6.236E+001 -5.134E-013
 3.970E+013  1.000E-008  6.236E+001  1.540E-012
 3.990E+013  1.000E-008  6.236E+001 -2.054E-012
 4.010E+013  1.000E-008  6.236E+001  0.000E+000
 4.030E+013  1.000E-008  6.236E+001  0.000E+000
 4.050E+013  1.000E-008  6.236E+001  0.000E+000
 4.070E+013  1.000E-008  6.236E+001  0.000E+000
 4.090E+013  1.000E-008  6.236E+001  1.876E-011
 4.110E+013  1.000E-008  6.236E+001 -1.876E-011
 4.130E+013  1.000E-008  6.236E+001  1.327E-011
 4.150E+013  1.000E-008  6.236E+001 -1.327E-011
 4.170E+013  1.000E-008  6.236E+001  4.620E-012
 4.190E+013  1.000E-008  6.236E+001 -4.106E-012
 4.210E+013  1.000E-008  6.236E+001 -1.599E-031
 4.230E+013  1.000E-008  6.236E+001 -5.134E-013
 4.250E+013  1.000E-008  6.236E+001  0.000E+000
 4.270E+013  1.000E-008  6.236E+001  0.000E+000
 4.290E+013  1.000E-008  6.236E+001  0.000E+000
 4.310E+013  1.000E-008  6.236E+001  0.000E+000
 4.330E+013  1.000E-008  6.236E+001  0.000E+000
 4.350E+013  1.000E-008  6.236E+001  0.000E+000
 4.370E+013  1.000E-008  6.236E+001  0.000E+000
 4.390E+013  1.000E-008  6.236E+001  0.000E+000
 4.410E+013  1.000E-008  6.236E+001  0.000E+000
 4.430E+013  1.000E-008  6.236E+001  0.000E+000
 4.450E+013  1.000E-008  6.236E+001  0.000E+000
 4.470E+013  1.000E-008  6.236E+001  5.134E-013
 4.490E+013  1.000E-008  6.236E+001 -2.852E-034
 4.510E+013  1.000E-008  6.236E+001 -5.134E-013
 4.530E+013  1.000E-008  6.236E+001 -2.735E-295
 4.550E+013  1.000E-008  6.236E+001 -2.515E-144
 4.570E+013  1.000E-008  6.236E+001 -5.200E-069
 4.590E+013  1.000E-008  6.236E+001 -1.599E-031
 4.610E+013  1.000E-008  6.236E+001 -5.134E-013
 4.630E+013  1.000E-008  6.236E+001  5.134E-013
 4.650E+013  1.000E-008  6.236E+001  5.134E-013
 4.670E+013  1.000E-008  6.236E+001 -5.134E-013
 4.690E+013  1.000E-008  6.236E+001  5.134E-013
 4.710E+013  1.000E-008  6.236E+001 -5.134E-013
 4.730E+013  1.000E-008  6.236E+001  0.000E+000
 4.750E+013  1.000E-008  6.236E+001  0.000E+000
 4.770E+013  1.000E-008  6.236E+001  0.000E+000
 4.790E+013  1.000E-008  6.236E+001  5.134E-013
 4.810E+013  1.000E-008  6.236E+001 -5.134E-013
 4.830E+013  1.000E-008  6.236E+001 -1.326E-034
 4.850E+013  1.000E-008  6.236E+001  5.134E-013
 4.870E+013  1.000E-008  6.236E+001 -5.134E-013
 4.890E+013  1.000E-008  6.236E+001  0.000E+000
 4.910E+013  1.000E-008  6.236E+001  0.000E+000
 4.930E+013  1.000E-008  6.236E+001  0.000E+000
 4.950E+013  1.000E-008  6.236E+001  0.000E+000
 4.970E+013  1.000E-008  6.236E+001  0.000E+000
 4.990E+013  1.000E-008  6.236E+001  1.027E-012
 5.010E+013  1.000E-008  6.236E+001 -1.540E-012
 5.030E+013  1.000E-008  6.236E+001  5.134E-013
 5.050E+013  1.000E-008  6.236E+001  1.596E-031
 5.070E+013  1.000E-008  6.236E+001  5.183E-069
 5.090E+013  1.000E-008  6.236E+001  2.499E-144
 5.110E+013  1.000E-008  6.236E+001  5.134E-013
 5.130E+013  1.000E-008  6.236E+001 -5.134E-013
 5.150E+013  1.000E-008  6.236E+001  0.000E+000
 5.170E+013  1.000E-008  6.236E+001  0.000E+000
 5.190E+013  1.000E-008  6.236E+001 -2.733E-295
 5.210E+013  1.000E-008  6.236E+001 -2.514E-144
 5.230E+013  1.000E-008  6.236E+001 -5.199E-069
 5.250E+013  1.000E-008  6.236E+001 -1.598E-031
 5.270E+013  1.000E-008  6.236E+001 -5.134E-013
 5.290E+013  1.000E-008  6.236E+001  5.134E-013
 5.310E+013  1.000E-008  6.236E+001  1.596E-031
 5.330E+013  1.000E-008  6.236E+001  5.183E-069
 5.350E+013  1.000E-008  6.236E+001  1.027E-012
 5.370E+013  1.000E-008  6.236E+001 -1.027E-012
 5.390E+013  1.000E-008  6.236E+001  2.106E-032
 5.410E+013  1.000E-008  6.236E+001  5.134E-013
 5.430E+013  1.000E-008  6.236E+001  5.134E-013
 5.450E+013  1.000E-008  6.236E+001  5.134E-013
 5.470E+013  1.000E-008  6.236E+001 -1.540E-012
 5.490E+013  1.000E-008  6.236E+001 -1.598E-031
 5.510E+013  1.000E-008  6.236E+001 -5.134E-013
 5.530E+013  1.000E-008  6.236E+001  1.027E-012
 5.550E+013  1.000E-008  6.236E+001 -2.054E-012
 5.570E+013  1.000E-008  6.236E+001  1.027E-012
 5.590E+013  1.000E-008  6.236E+001  5.134E-013
 5.610E+013  1.000E-008  6.236E+001 -5.134E-013
 5.630E+013  1.000E-008  6.236E+001  5.134E-013
 5.650E+013  1.000E-008  6.236E+001 -3.080E-012
 5.670E+013  1.000E-008  6.236E+001  3.080E-012
 5.690E+013  1.000E-008  6.236E+001  3.080E-012
 5.710E+013  1.000E-008  6.236E+001 -3.080E-012
 5.730E+013  1.000E-008  6.236E+001  3.594E-012
 5.750E+013  1.000E-008  6.236E+001 -7.700E-012
 5.770E+013  1.000E-008  6.236E+001 -5.128E-013
 5.790E+013  1.000E-008  6.236E+001  4.619E-012
 5.810E+013  1.000E-008  6.236E+001  2.414E-011
 5.830E+013  1.000E-008  6.236E+001 -2.414E-011
 5.850E+013  1.000E-008  6.236E+001  0.000E+000
 5.870E+013  1.000E-008  6.236E+001  0.000E+000
 5.890E+013  1.000E-008  6.236E+001  0.000E+000
 5.910E+013  1.000E-008  6.236E+001  0.000E+000
 5.930E+013  1.000E-008  6.236E+001  0.000E+000
 5.950E+013  1.000E-008  6.236E+001  0.000E+000
 5.970E+013  1.000E-008  6.236E+001  0.000E+000
 5.990E+013  1.000E-008  6.236E+001  0.000E+000
 6.010E+013  1.000E-008  6.236E+001  0.000E+000
 6.030E+013  1.000E-008  6.236E+001  5.134E-013
 6.050E+013  1.000E-008  6.236E+001 -5.134E-013
 6.070E+013  1.000E-008  6.236E+001  5.134E-013
 6.090E+013  1.000E-008  6.236E+001 -5.134E-013
 6.110E+013  1.000E-008  6.236E+001  0.000E+000
 6.130E+013  1.000E-008  6.236E+001  0.000E+000
 6.150E+013  1.000E-008  6.236E+001  0.000E+000
 6.170E+013  1.000E-008  6.236E+001  5.134E-013
 6.190E+013  1.000E-008  6.236E+001 -5.134E-013
 6.210E+013  1.000E-008  6.236E+001  0.000E+000
 6.230E+013  1.000E-008  6.236E+001  0.000E+000
 6.250E+013  1.000E-008  6.236E+001  0.000E+000
 6.270E+013  1.000E-008  6.236E+001  0.000E+000
 6.290E+013  1.000E-008  6.236E+001  0.000E+000
 6.310E+013  1.000E-008  6.236E+001  0.000E+000
 6.330E+013  1.000E-008  6.236E+001  0.000E+000
 6.350E+013  1.000E-008  6.236E+001  5.134E-013
 6.370E+013  1.000E-008  6.236E+001 -5.134E-013
 6.390E+013  1.000E-008  6.236E+001  0.000E+000
 6.410E+013  1.000E-008  6.236E+001  0.000E+000
 6.430E+013  1.000E-008  6.236E+001  0.000E+000
 6.450E+013  1.000E-008  6.236E+001  0.000E+000
 6.470E+013  1.000E-008  6.236E+001  5.134E-013
 6.490E+013  1.000E-008  6.236E+001 -5.134E-013
 6.510E+013  1.000E-008  6.236E+001  0.000E+000
 6.530E+013  1.000E-008  6.236E+001  0.000E+000
 6.550E+013  1.000E-008  6.236E+001  0.000E+000
 6.570E+013  1.000E-008  6.236E+001  0.000E+000
 6.590E+013  1.000E-008  6.236E+001  5.134E-013
 6.610E+013  1.000E-008  6.236E+001 -5.134E-013
 6.630E+013  1.000E-008  6.236E+001  0.000E+000
 6.650E+013  1.000E-008  6.236E+001  0.000E+000
 6.670E+013  1.000E-008  6.236E+001  0.000E+000
 6.690E+013  1.000E-008  6.236E+001  5.134E-013
 6.710E+013  1.000E-008  6.236E+001 -5.134E-013
 6.730E+013  1.000E-008  6.236E+001  0.000E+000
 6.750E+013  1.000E-008  6.236E+001  0.000E+000
 6.770E+013  1.000E-008  6.236E+001  5.134E-013
 6.790E+013  1.000E-008  6.236E+001 -5.134E-013
 6.810E+013  1.000E-008  6.236E+001  5.134E-013
 6.830E+013  1.000E-008  6.236E+001 -1.874E-034
 6.850E+013  1.000E-008  6.236E+001 -5.134E-013
 6.870E+013  1.000E-008  6.236E+001  0.000E+000
 6.890E+013  1.000E-008  6.236E+001  0.000E+000
 6.910E+013  1.000E-008  6.236E+001  0.000E+000
 6.930E+013  1.000E-008  6.236E+001  5.134E-013
 6.950E+013  1.000E-008  6.236E+001 -5.134E-013
 6.970E+013  1.000E-008  6.236E+001  0.000E+000
 6.990E+013  1.000E-008  6.236E+001  0.000E+000
 7.010E+013  1.000E-008  6.236E+001  0.000E+000
 7.030E+013  1.000E-008  6.236E+001  0.000E+000
 7.050E+013  1.000E-008  6.236E+001  0.000E+000
 7.070E+013  1.000E-008  6.236E+001  0.000E+000
 7.090E+013  1.000E-008  6.236E+001  0.000E+000
 7.110E+013  1.000E-008  6.236E+001  0.000E+000
 7.130E+013  1.000E-008  6.236E+001  0.000E+000
 7.150E+013  1.000E-008  6.236E+001  0.000E+000
 7.170E+013  1.000E-008  6.236E+001  0.000E+000
 7.190E+013  1.000E-008  6.236E+001  5.134E-013
 7.210E+013  1.000E-008  6.236E+001 -5.134E-013
 7.230E+013  1.000E-008  6.236E+001  0.000E+000
 7.250E+013  1.000E-008  6.236E+001  0.000E+000
 7.270E+013  1.000E-008  6.236E+001  1.027E-012
 7.290E+013  1.000E-008  6.236E+001 -7.021E-034
 7.310E+013  1.000E-008  6.236E+001 -1.027E-012
 7.330E+013  1.000E-008  6.236E+001 -1.598E-031
 7.350E+013  1.000E-008  6.236E+001 -5.134E-013
 7.370E+013  1.000E-008  6.236E+001  5.134E-013
 7.390E+013  1.000E-008  6.236E+001  1.596E-031
 7.410E+013  1.000E-008  6.236E+001  5.185E-069
 7.430E+013  1.000E-008  6.236E+001  2.501E-144
 7.450E+013  1.000E-008  6.236E+001  2.704E-295
 7.470E+013  1.000E-008  6.236E+001  0.000E+000
 7.490E+013  1.000E-008  6.236E+001  0.000E+000
 7.510E+013  1.000E-008  6.236E+001  0.000E+000
 7.530E+013  1.000E-008  6.236E+001  0.000E+000
 7.550E+013  1.000E-008  6.236E+001  0.000E+000
 7.570E+013  1.000E-008  6.236E+001  0.000E+000
 7.590E+013  1.000E-008  6.236E+001  0.000E+000
 7.610E+013  1.000E-008  6.236E+001  0.000E+000
 7.630E+013  1.000E-008  6.236E+001  0.000E+000
 7.650E+013  1.000E-008  6.236E+001  0.000E+000
 7.670E+013  1.000E-008  6.236E+001  1.027E-012
 7.690E+013  1.000E-008  6.236E+001 -1.027E-012
 7.710E+013  1.000E-008  6.236E+001  1.540E-012
 7.730E+013  1.000E-008  6.236E+001 -1.540E-012
 7.750E+013  1.000E-008  6.236E+001  3.783E-032
 7.770E+013  1.000E-008  6.236E+001  1.027E-012
 7.790E+013  1.000E-008  6.236E+001 -3.080E-012
 7.810E+013  1.000E-008  6.236E+001  3.080E-012
 7.830E+013  1.000E-008  6.236E+001 -1.027E-012
 7.850E+013  1.000E-008  6.236E+001 -3.664E-069
 7.870E+013  1.000E-008  6.236E+001 -1.342E-031
 7.890E+013  1.000E-008  6.236E+001 -5.134E-013
 7.910E+013  1.000E-008  6.236E+001 -2.567E-012
 7.930E+013  1.000E-008  6.236E+001  1.540E-012
 7.950E+013  1.000E-008  6.236E+001  1.540E-012
 7.970E+013  1.000E-008  6.236E+001 -2.054E-012
 7.990E+013  1.000E-008  6.236E+001  2.054E-012
 8.010E+013  1.000E-008  6.236E+001  2.554E-030
 8.030E+013  1.000E-008  6.236E+001  1.327E-066
 8.050E+013  1.000E-008  6.236E+001  1.638E-139
 8.070E+013  1.000E-008  6.236E+001 -1.227E-278
 8.090E+013  1.000E-008  6.236E+001 -5.329E-136
 8.110E+013  1.000E-008  6.236E+001 -7.572E-065
 8.130E+013  1.000E-008  6.236E+001 -1.930E-029
 8.150E+013  1.000E-008  6.236E+001 -5.644E-012
 8.170E+013  1.000E-008  6.236E+001  7.184E-012
 8.190E+013  1.000E-008  6.236E+001 -1.540E-012
 8.210E+013  1.000E-008  6.236E+001  0.000E+000
 8.230E+013  1.000E-008  6.236E+001  0.000E+000
 8.250E+013  1.000E-008  6.236E+001  0.000E+000
 8.270E+013  1.000E-008  6.236E+001  0.000E+000
 8.290E+013  1.000E-008  6.236E+001  2.054E-012
 8.310E+013  1.000E-008  6.236E+001 -2.054E-012
 8.330E+013  1.000E-008  6.236E+001 -1.551E-031
 8.350E+013  1.000E-008  6.236E+001  3.080E-012
 8.370E+013  1.000E-008  6.236E+001 -2.567E-012
 8.390E+013  1.000E-008  6.236E+001 -1.598E-031
 8.410E+013  1.000E-008  6.236E+001 -5.134E-013
 8.430E+013  1.000E-008  6.236E+001  5.134E-013
 8.450E+013  1.000E-008  6.236E+001 -1.514E-034
 8.470E+013  1.000E-008  6.236E+001 -5.134E-013
 8.490E+013  1.000E-008  6.236E+001 -7.534E-035
 8.510E+013  1.000E-008  6.236E+001  5.134E-013
 8.530E+013  1.000E-008  6.236E+001 -1.500E-034
 8.550E+013  1.000E-008  6.236E+001 -5.134E-013
 8.570E+013  1.000E-008  6.236E+001 -7.464E-035
 8.590E+013  1.000E-008  6.236E+001  5.134E-013
 8.610E+013  1.000E-008  6.236E+001 -5.134E-013
 8.630E+013  1.000E-008  6.236E+001  0.000E+000
 8.650E+013  1.000E-008  6.236E+001  0.000E+000
 8.670E+013  1.000E-008  6.236E+001  0.000E+000
 8.690E+013  1.000E-008  6.236E+001  0.000E+000
 8.710E+013  1.000E-008  6.236E+001  0.000E+000
 8.730E+013  1.000E-008  6.236E+001  0.000E+000
 8.750E+013  1.000E-008  6.236E+001  5.134E-013
 8.770E+013  1.000E-008  6.236E+001 -5.134E-013
 8.790E+013  1.000E-008  6.236E+001 -7.277E-035
 8.810E+013  1.000E-008  6.236E+001  5.134E-013
 8.830E+013  1.000E-008  6.236E+001 -5.134E-013
 8.850E+013  1.000E-008  6.236E+001  5.134E-013
 8.870E+013  1.000E-008  6.236E+001  5.134E-013
 8.890E+013  1.000E-008  6.236E+001 -1.027E-012
 8.910E+013  1.000E-008  6.236E+001  0.000E+000
 8.930E+013  1.000E-008  6.236E+001  0.000E+000
 8.950E+013  1.000E-008  6.236E+001  0.000E+000
 8.970E+013  1.000E-008  6.236E+001  0.000E+000
 8.990E+013  1.000E-008  6.236E+001  0.000E+000
 9.010E+013  1.000E-008  6.236E+001  5.134E-013
 9.030E+013  1.000E-008  6.236E+001 -1.417E-034
 9.050E+013  1.000E-008  6.236E+001 -5.134E-013
 9.070E+013  1.000E-008  6.236E+001  5.134E-013
 9.090E+013  1.000E-008  6.236E+001 -1.407E-034
 9.110E+013  1.000E-008  6.236E+001 -5.134E-013
 9.130E+013  1.000E-008  6.236E+001  0.000E+000
 9.150E+013  1.000E-008  6.236E+001  0.000E+000
 9.170E+013  1.000E-008  6.236E+001  0.000E+000
 9.190E+013  1.000E-008  6.236E+001  0.000E+000
 9.210E+013  1.000E-008  6.236E+001  0.000E+000
 9.230E+013  1.000E-008  6.236E+001  5.134E-013
 9.250E+013  1.000E-008  6.236E+001 -1.383E-034
 9.270E+013  1.000E-008  6.236E+001 -5.134E-013
 9.290E+013  1.000E-008  6.236E+001  0.000E+000
 9.310E+013  1.000E-008  6.236E+001  0.000E+000
 9.330E+013  1.000E-008  6.236E+001  0.000E+000
 9.350E+013  1.000E-008  6.236E+001  0.000E+000
 9.370E+013  1.000E-008  6.236E+001  5.134E-013
 9.390E+013  1.000E-008  6.236E+001 -5.134E-013
 9.410E+013  1.000E-008  6.236E+001  5.134E-013
 9.430E+013  1.000E-008  6.236E+001 -5.134E-013
 9.450E+013  1.000E-008  6.236E+001  0.000E+000
 9.470E+013  1.000E-008  6.236E+001  0.000E+000
 9.490E+013  1.000E-008  6.236E+001  0.000E+000
 9.510E+013  1.000E-008  6.236E+001  0.000E+000
 9.530E+013  1.000E-008  6.236E+001  5.134E-013
 9.550E+013  1.000E-008  6.236E+001 -5.134E-013
 9.570E+013  1.000E-008  6.236E+001 -5.195E-069
 9.590E+013  1.000E-008  6.236E+001 -1.598E-031
 9.610E+013  1.000E-008  6.236E+001 -5.134E-013
 9.630E+013  1.000E-008  6.236E+001  5.134E-013
 9.650E+013  1.000E-008  6.236E+001  1.596E-031
 9.670E+013  1.000E-008  6.236E+001  5.134E-013
 9.690E+013  1.000E-008  6.236E+001 -5.134E-013
 9.710E+013  1.000E-008  6.236E+001  0.000E+000
 9.730E+013  1.000E-008  6.236E+001  0.000E+000
 9.750E+013  1.000E-008  6.236E+001  0.000E+000
 9.770E+013  1.000E-008  6.236E+001  0.000E+000
 9.790E+013  1.000E-008  6.236E+001  0.000E+000
 9.810E+013  1.000E-008  6.236E+001  0.000E+000
 9.830E+013  1.000E-008  6.236E+001  0.000E+000
 9.850E+013  1.000E-008  6.236E+001  0.000E+000
 9.870E+013  1.000E-008  6.236E+001  0.000E+000
 9.890E+013  1.000E-008  6.236E+001  0.000E+000
 9.910E+013  1.000E-008  6.236E+001  0.000E+000
 9.930E+013  1.000E-008  6.236E+001  0.000E+000
 9.950E+013  1.000E-008  6.236E+001  5.134E-013
 9.970E+013  1.000E-008  6.236E+001 -5.134E-013
 9.990E+013  1.000E-008  6.236E+001  0.000E+000
 1.001E+014  1.000E-099  1.000E-099  0.000E+000
 1.003E+014  1.000E-099  1.000E-099  0.000E+000
 4.583E-003
