 1.142E+005
     x1b        dens       energ       v1
 1.000E+011  1.250E-010  2.371E+006  0.000E+000
 3.000E+011  1.271E-010  2.342E+006 -3.076E+005
 5.000E+011  1.341E-010  2.351E+006  1.021E+006
 7.000E+011  1.417E-010  2.346E+006  1.082E+006
 9.000E+011  1.483E-010  2.348E+006  1.648E+006
 1.100E+012  1.523E-010  2.349E+006  2.042E+006
 1.300E+012  1.530E-010  2.350E+006  2.488E+006
 1.500E+012  1.528E-010  2.351E+006  2.921E+006
 1.700E+012  1.521E-010  2.352E+006  3.317E+006
 1.900E+012  1.516E-010  2.352E+006  3.681E+006
 2.100E+012  1.518E-010  2.353E+006  4.109E+006
 2.300E+012  1.526E-010  2.356E+006  4.558E+006
 2.500E+012  1.550E-010  2.358E+006  4.976E+006
 2.700E+012  1.598E-010  2.359E+006  5.410E+006
 2.900E+012  1.684E-010  2.361E+006  5.830E+006
 3.100E+012  1.827E-010  2.363E+006  6.234E+006
 3.300E+012  2.052E-010  2.365E+006  6.668E+006
 3.500E+012  2.400E-010  2.369E+006  7.126E+006
 3.700E+012  2.931E-010  2.374E+006  7.570E+006
 3.900E+012  3.723E-010  2.378E+006  8.031E+006
 4.100E+012  4.878E-010  2.385E+006  8.462E+006
 4.300E+012  6.494E-010  2.396E+006  8.934E+006
 4.500E+012  8.628E-010  2.408E+006  9.368E+006
 4.700E+012  1.127E-009  2.423E+006  9.783E+006
 4.900E+012  1.435E-009  2.443E+006  1.018E+007
 5.100E+012  1.779E-009  2.471E+006  1.057E+007
 5.300E+012  2.156E-009  2.506E+006  1.098E+007
 5.500E+012  2.572E-009  2.552E+006  1.141E+007
 5.700E+012  3.039E-009  2.609E+006  1.187E+007
 5.900E+012  3.579E-009  2.678E+006  1.233E+007
 6.100E+012  4.222E-009  2.762E+006  1.279E+007
 6.300E+012  5.022E-009  2.875E+006  1.329E+007
 6.500E+012  6.050E-009  3.033E+006  1.388E+007
 6.700E+012  7.400E-009  3.256E+006  1.458E+007
 6.900E+012  9.226E-009  3.586E+006  1.545E+007
 7.100E+012  1.146E-008  3.922E+006  1.634E+007
 7.300E+012  1.407E-008  4.233E+006  1.679E+007
 7.500E+012  1.854E-008  5.154E+006  1.755E+007
 7.700E+012  2.516E-008  6.601E+006  1.978E+007
 7.900E+012  2.686E-008  5.834E+006  2.021E+007
 8.100E+012  2.180E-008  2.725E+006  1.756E+007
 8.300E+012  1.381E-008  4.115E+005  1.126E+007
 8.500E+012  1.061E-008  7.058E+003  3.782E+006
 8.700E+012  1.002E-008  6.293E+001  2.190E+005
 8.900E+012  1.000E-008  6.236E+001  2.356E+002
 9.100E+012  1.000E-008  6.236E+001  7.923E-005
 9.300E+012  1.000E-008  6.236E+001  1.488E-012
 9.500E+012  1.000E-008  6.236E+001  1.476E-032
 9.700E+012  1.000E-008  6.236E+001  2.508E-075
 9.900E+012  1.000E-008  6.236E+001  2.028E-012
 1.010E+013  1.000E-008  6.236E+001 -4.056E-013
 1.030E+013  1.000E-008  6.236E+001 -1.623E-012
 1.050E+013  1.000E-008  6.236E+001  0.000E+000
 1.070E+013  1.000E-008  6.236E+001  0.000E+000
 1.090E+013  1.000E-008  6.236E+001  0.000E+000
 1.110E+013  1.000E-008  6.236E+001  0.000E+000
 1.130E+013  1.000E-008  6.236E+001  4.057E-013
 1.150E+013  1.000E-008  6.236E+001 -4.057E-013
 1.170E+013  1.000E-008  6.236E+001  0.000E+000
 1.190E+013  1.000E-008  6.236E+001  0.000E+000
 1.210E+013  1.000E-008  6.236E+001  4.057E-013
 1.230E+013  1.000E-008  6.236E+001 -5.172E-034
 1.250E+013  1.000E-008  6.236E+001 -4.057E-013
 1.270E+013  1.000E-008  6.236E+001  0.000E+000
 1.290E+013  1.000E-008  6.236E+001  0.000E+000
 1.310E+013  1.000E-008  6.236E+001  0.000E+000
 1.330E+013  1.000E-008  6.236E+001  0.000E+000
 1.350E+013  1.000E-008  6.236E+001  0.000E+000
 1.370E+013  1.000E-008  6.236E+001  0.000E+000
 1.390E+013  1.000E-008  6.236E+001  1.623E-012
 1.410E+013  1.000E-008  6.236E+001 -1.623E-012
 1.430E+013  1.000E-008  6.236E+001 -6.072E-012
 1.450E+013  1.000E-008  6.236E+001  6.072E-012
 1.470E+013  1.000E-008  6.236E+001  1.217E-012
 1.490E+013  1.000E-008  6.236E+001 -1.217E-012
 1.510E+013  1.000E-008  6.236E+001  0.000E+000
 1.530E+013  1.000E-008  6.236E+001  0.000E+000
 1.550E+013  1.000E-008  6.236E+001  0.000E+000
 1.570E+013  1.000E-008  6.236E+001  0.000E+000
 1.590E+013  1.000E-008  6.236E+001  4.057E-013
 1.610E+013  1.000E-008  6.236E+001 -3.944E-034
 1.630E+013  1.000E-008  6.236E+001 -4.057E-013
 1.650E+013  1.000E-008  6.236E+001 -4.057E-013
 1.670E+013  1.000E-008  6.236E+001  4.057E-013
 1.690E+013  1.000E-008  6.236E+001  7.868E-032
 1.710E+013  1.000E-008  6.236E+001  9.928E-070
 1.730E+013  1.000E-008  6.236E+001  7.198E-146
 1.750E+013  1.000E-008  6.236E+001  1.745E-298
 1.770E+013  1.000E-008  6.236E+001  0.000E+000
 1.790E+013  1.000E-008  6.236E+001  0.000E+000
 1.810E+013  1.000E-008  6.236E+001  0.000E+000
 1.830E+013  1.000E-008  6.236E+001  4.057E-013
 1.850E+013  1.000E-008  6.236E+001 -4.057E-013
 1.870E+013  1.000E-008  6.236E+001  1.623E-012
 1.890E+013  1.000E-008  6.236E+001 -2.434E-012
 1.910E+013  1.000E-008  6.236E+001  1.623E-012
 1.930E+013  1.000E-008  6.236E+001 -8.114E-013
 1.950E+013  1.000E-008  6.236E+001  0.000E+000
 1.970E+013  1.000E-008  6.236E+001  0.000E+000
 1.990E+013  1.000E-008  6.236E+001  0.000E+000
 2.010E+013  1.000E-008  6.236E+001  0.000E+000
 2.030E+013  1.000E-008  6.236E+001  0.000E+000
 2.050E+013  1.000E-008  6.236E+001  0.000E+000
 2.070E+013  1.000E-008  6.236E+001  0.000E+000
 2.090E+013  1.000E-008  6.236E+001  4.057E-013
 2.110E+013  1.000E-008  6.236E+001 -3.005E-034
 2.130E+013  1.000E-008  6.236E+001 -4.057E-013
 2.150E+013  1.000E-008  6.236E+001  0.000E+000
 2.170E+013  1.000E-008  6.236E+001  0.000E+000
 2.190E+013  1.000E-008  6.236E+001  0.000E+000
 2.210E+013  1.000E-008  6.236E+001  0.000E+000
 2.230E+013  1.000E-008  6.236E+001  0.000E+000
 2.250E+013  1.000E-008  6.236E+001  0.000E+000
 2.270E+013  1.000E-008  6.236E+001  4.057E-013
 2.290E+013  1.000E-008  6.236E+001 -2.768E-034
 2.310E+013  1.000E-008  6.236E+001 -4.057E-013
 2.330E+013  1.000E-008  6.236E+001  0.000E+000
 2.350E+013  1.000E-008  6.236E+001  0.000E+000
 2.370E+013  1.000E-008  6.236E+001  4.057E-013
 2.390E+013  1.000E-008  6.236E+001 -4.057E-013
 2.410E+013  1.000E-008  6.236E+001  0.000E+000
 2.430E+013  1.000E-008  6.236E+001  0.000E+000
 2.450E+013  1.000E-008  6.236E+001  0.000E+000
 2.470E+013  1.000E-008  6.236E+001  4.057E-013
 2.490E+013  1.000E-008  6.236E+001 -4.057E-013
 2.510E+013  1.000E-008  6.236E+001  4.057E-013
 2.530E+013  1.000E-008  6.236E+001 -4.057E-013
 2.550E+013  1.000E-008  6.236E+001 -1.180E-293
 2.570E+013  1.000E-008  6.236E+001 -1.871E-143
 2.590E+013  1.000E-008  6.236E+001 -1.601E-068
 2.610E+013  1.000E-008  6.236E+001 -3.160E-031
 2.630E+013  1.000E-008  6.236E+001 -8.113E-013
 2.650E+013  1.000E-008  6.236E+001  8.113E-013
 2.670E+013  1.000E-008  6.236E+001  3.150E-031
 2.690E+013  1.000E-008  6.236E+001  1.591E-068
 2.710E+013  1.000E-008  6.236E+001  4.057E-013
 2.730E+013  1.000E-008  6.236E+001 -4.057E-013
 2.750E+013  1.000E-008  6.236E+001  1.217E-012
 2.770E+013  1.000E-008  6.236E+001 -1.217E-012
 2.790E+013  1.000E-008  6.236E+001  0.000E+000
 2.810E+013  1.000E-008  6.236E+001  0.000E+000
 2.830E+013  1.000E-008  6.236E+001  2.028E-012
 2.850E+013  1.000E-008  6.236E+001 -4.056E-013
 2.870E+013  1.000E-008  6.236E+001 -1.623E-012
 2.890E+013  1.000E-008  6.236E+001 -1.234E-031
 2.910E+013  1.000E-008  6.236E+001  2.839E-012
 2.930E+013  1.000E-008  6.236E+001 -2.839E-012
 2.950E+013  1.000E-008  6.236E+001  0.000E+000
 2.970E+013  1.000E-008  6.236E+001  0.000E+000
 2.990E+013  1.000E-008  6.236E+001  0.000E+000
 3.010E+013  1.000E-008  6.236E+001  4.057E-013
 3.030E+013  1.000E-008  6.236E+001 -4.057E-013
 3.050E+013  1.000E-008  6.236E+001  4.057E-013
 3.070E+013  1.000E-008  6.236E+001 -4.057E-013
 3.090E+013  1.000E-008  6.236E+001  4.057E-013
 3.110E+013  1.000E-008  6.236E+001  4.057E-013
 3.130E+013  1.000E-008  6.236E+001 -8.114E-013
 3.150E+013  1.000E-008  6.236E+001  0.000E+000
 3.170E+013  1.000E-008  6.236E+001  0.000E+000
 3.190E+013  1.000E-008  6.236E+001  0.000E+000
 3.210E+013  1.000E-008  6.236E+001  0.000E+000
 3.230E+013  1.000E-008  6.236E+001  0.000E+000
 3.250E+013  1.000E-008  6.236E+001  0.000E+000
 3.270E+013  1.000E-008  6.236E+001 -1.796E-298
 3.290E+013  1.000E-008  6.236E+001 -7.302E-146
 3.310E+013  1.000E-008  6.236E+001 -1.000E-069
 3.330E+013  1.000E-008  6.236E+001 -7.897E-032
 3.350E+013  1.000E-008  6.236E+001 -4.057E-013
 3.370E+013  1.000E-008  6.236E+001  4.057E-013
 3.390E+013  1.000E-008  6.236E+001  7.878E-032
 3.410E+013  1.000E-008  6.236E+001  9.952E-070
 3.430E+013  1.000E-008  6.236E+001  7.233E-146
 3.450E+013  1.000E-008  6.236E+001  8.114E-013
 3.470E+013  1.000E-008  6.236E+001 -8.114E-013
 3.490E+013  1.000E-008  6.236E+001  0.000E+000
 3.510E+013  1.000E-008  6.236E+001  0.000E+000
 3.530E+013  1.000E-008  6.236E+001  0.000E+000
 3.550E+013  1.000E-008  6.236E+001  0.000E+000
 3.570E+013  1.000E-008  6.236E+001  8.114E-013
 3.590E+013  1.000E-008  6.236E+001 -4.057E-013
 3.610E+013  1.000E-008  6.236E+001 -7.896E-032
 3.630E+013  1.000E-008  6.236E+001 -4.057E-013
 3.650E+013  1.000E-008  6.236E+001 -4.057E-013
 3.670E+013  1.000E-008  6.236E+001  4.057E-013
 3.690E+013  1.000E-008  6.236E+001  4.057E-013
 3.710E+013  1.000E-008  6.236E+001 -4.057E-013
 3.730E+013  1.000E-008  6.236E+001 -8.481E-035
 3.750E+013  1.000E-008  6.236E+001  4.057E-013
 3.770E+013  1.000E-008  6.236E+001 -4.057E-013
 3.790E+013  1.000E-008  6.236E+001  0.000E+000
 3.810E+013  1.000E-008  6.236E+001  0.000E+000
 3.830E+013  1.000E-008  6.236E+001  4.057E-013
 3.850E+013  1.000E-008  6.236E+001 -4.057E-013
 3.870E+013  1.000E-008  6.236E+001 -7.895E-032
 3.890E+013  1.000E-008  6.236E+001 -4.057E-013
 3.910E+013  1.000E-008  6.236E+001 -2.390E-032
 3.930E+013  1.000E-008  6.236E+001  1.217E-012
 3.950E+013  1.000E-008  6.236E+001 -4.057E-013
 3.970E+013  1.000E-008  6.236E+001  1.217E-012
 3.990E+013  1.000E-008  6.236E+001 -1.623E-012
 4.010E+013  1.000E-008  6.236E+001  0.000E+000
 4.030E+013  1.000E-008  6.236E+001  0.000E+000
 4.050E+013  1.000E-008  6.236E+001  0.000E+000
 4.070E+013  1.000E-008  6.236E+001  0.000E+000
 4.090E+013  1.000E-008  6.236E+001  1.477E-011
 4.110E+013  1.000E-008  6.236E+001 -1.477E-011
 4.130E+013  1.000E-008  6.236E+001  1.047E-011
 4.150E+013  1.000E-008  6.236E+001 -1.047E-011
 4.170E+013  1.000E-008  6.236E+001  3.650E-012
 4.190E+013  1.000E-008  6.236E+001 -3.244E-012
 4.210E+013  1.000E-008  6.236E+001 -7.895E-032
 4.230E+013  1.000E-008  6.236E+001 -4.057E-013
 4.250E+013  1.000E-008  6.236E+001  0.000E+000
 4.270E+013  1.000E-008  6.236E+001  0.000E+000
 4.290E+013  1.000E-008  6.236E+001  0.000E+000
 4.310E+013  1.000E-008  6.236E+001  0.000E+000
 4.330E+013  1.000E-008  6.236E+001  0.000E+000
 4.350E+013  1.000E-008  6.236E+001  0.000E+000
 4.370E+013  1.000E-008  6.236E+001  0.000E+000
 4.390E+013  1.000E-008  6.236E+001  0.000E+000
 4.410E+013  1.000E-008  6.236E+001  0.000E+000
 4.430E+013  1.000E-008  6.236E+001  0.000E+000
 4.450E+013  1.000E-008  6.236E+001  0.000E+000
 4.470E+013  1.000E-008  6.236E+001  4.057E-013
 4.490E+013  1.000E-008  6.236E+001 -1.408E-034
 4.510E+013  1.000E-008  6.236E+001 -4.057E-013
 4.530E+013  1.000E-008  6.236E+001 -1.791E-298
 4.550E+013  1.000E-008  6.236E+001 -7.292E-146
 4.570E+013  1.000E-008  6.236E+001 -9.993E-070
 4.590E+013  1.000E-008  6.236E+001 -7.894E-032
 4.610E+013  1.000E-008  6.236E+001 -4.057E-013
 4.630E+013  1.000E-008  6.236E+001  4.057E-013
 4.650E+013  1.000E-008  6.236E+001  4.057E-013
 4.670E+013  1.000E-008  6.236E+001 -4.057E-013
 4.690E+013  1.000E-008  6.236E+001  4.057E-013
 4.710E+013  1.000E-008  6.236E+001 -4.057E-013
 4.730E+013  1.000E-008  6.236E+001  0.000E+000
 4.750E+013  1.000E-008  6.236E+001  0.000E+000
 4.770E+013  1.000E-008  6.236E+001  0.000E+000
 4.790E+013  1.000E-008  6.236E+001  4.057E-013
 4.810E+013  1.000E-008  6.236E+001 -4.057E-013
 4.830E+013  1.000E-008  6.236E+001 -6.546E-035
 4.850E+013  1.000E-008  6.236E+001  4.057E-013
 4.870E+013  1.000E-008  6.236E+001 -4.057E-013
 4.890E+013  1.000E-008  6.236E+001  0.000E+000
 4.910E+013  1.000E-008  6.236E+001  0.000E+000
 4.930E+013  1.000E-008  6.236E+001  0.000E+000
 4.950E+013  1.000E-008  6.236E+001  0.000E+000
 4.970E+013  1.000E-008  6.236E+001  0.000E+000
 4.990E+013  1.000E-008  6.236E+001  8.114E-013
 5.010E+013  1.000E-008  6.236E+001 -1.217E-012
 5.030E+013  1.000E-008  6.236E+001  4.057E-013
 5.050E+013  1.000E-008  6.236E+001  7.881E-032
 5.070E+013  1.000E-008  6.236E+001  9.960E-070
 5.090E+013  1.000E-008  6.236E+001  7.244E-146
 5.110E+013  1.000E-008  6.236E+001  4.057E-013
 5.130E+013  1.000E-008  6.236E+001 -4.057E-013
 5.150E+013  1.000E-008  6.236E+001  0.000E+000
 5.170E+013  1.000E-008  6.236E+001  0.000E+000
 5.190E+013  1.000E-008  6.236E+001 -1.790E-298
 5.210E+013  1.000E-008  6.236E+001 -7.289E-146
 5.230E+013  1.000E-008  6.236E+001 -9.991E-070
 5.250E+013  1.000E-008  6.236E+001 -7.893E-032
 5.270E+013  1.000E-008  6.236E+001 -4.057E-013
 5.290E+013  1.000E-008  6.236E+001  4.057E-013
 5.310E+013  1.000E-008  6.236E+001  7.881E-032
 5.330E+013  1.000E-008  6.236E+001  9.961E-070
 5.350E+013  1.000E-008  6.236E+001  8.114E-013
 5.370E+013  1.000E-008  6.236E+001 -8.114E-013
 5.390E+013  1.000E-008  6.236E+001  1.040E-032
 5.410E+013  1.000E-008  6.236E+001  4.057E-013
 5.430E+013  1.000E-008  6.236E+001  4.057E-013
 5.450E+013  1.000E-008  6.236E+001  4.057E-013
 5.470E+013  1.000E-008  6.236E+001 -1.217E-012
 5.490E+013  1.000E-008  6.236E+001 -7.893E-032
 5.510E+013  1.000E-008  6.236E+001 -4.057E-013
 5.530E+013  1.000E-008  6.236E+001  8.114E-013
 5.550E+013  1.000E-008  6.236E+001 -1.623E-012
 5.570E+013  1.000E-008  6.236E+001  8.113E-013
 5.590E+013  1.000E-008  6.236E+001  4.057E-013
 5.610E+013  1.000E-008  6.236E+001 -4.057E-013
 5.630E+013  1.000E-008  6.236E+001  4.057E-013
 5.650E+013  1.000E-008  6.236E+001 -2.434E-012
 5.670E+013  1.000E-008  6.236E+001  2.434E-012
 5.690E+013  1.000E-008  6.236E+001  2.434E-012
 5.710E+013  1.000E-008  6.236E+001 -2.434E-012
 5.730E+013  1.000E-008  6.236E+001  2.839E-012
 5.750E+013  1.000E-008  6.236E+001 -6.084E-012
 5.770E+013  1.000E-008  6.236E+001 -4.050E-013
 5.790E+013  1.000E-008  6.236E+001  3.649E-012
 5.810E+013  1.000E-008  6.236E+001  1.897E-011
 5.830E+013  1.000E-008  6.236E+001 -1.897E-011
 5.850E+013  1.000E-008  6.236E+001  0.000E+000
 5.870E+013  1.000E-008  6.236E+001  0.000E+000
 5.890E+013  1.000E-008  6.236E+001  0.000E+000
 5.910E+013  1.000E-008  6.236E+001  0.000E+000
 5.930E+013  1.000E-008  6.236E+001  0.000E+000
 5.950E+013  1.000E-008  6.236E+001  0.000E+000
 5.970E+013  1.000E-008  6.236E+001  0.000E+000
 5.990E+013  1.000E-008  6.236E+001  0.000E+000
 6.010E+013  1.000E-008  6.236E+001  0.000E+000
 6.030E+013  1.000E-008  6.236E+001  4.057E-013
 6.050E+013  1.000E-008  6.236E+001 -4.057E-013
 6.070E+013  1.000E-008  6.236E+001  4.057E-013
 6.090E+013  1.000E-008  6.236E+001 -4.057E-013
 6.110E+013  1.000E-008  6.236E+001  0.000E+000
 6.130E+013  1.000E-008  6.236E+001  0.000E+000
 6.150E+013  1.000E-008  6.236E+001  0.000E+000
 6.170E+013  1.000E-008  6.236E+001  4.057E-013
 6.190E+013  1.000E-008  6.236E+001 -4.057E-013
 6.210E+013  1.000E-008  6.236E+001  0.000E+000
 6.230E+013  1.000E-008  6.236E+001  0.000E+000
 6.250E+013  1.000E-008  6.236E+001  0.000E+000
 6.270E+013  1.000E-008  6.236E+001  0.000E+000
 6.290E+013  1.000E-008  6.236E+001  0.000E+000
 6.310E+013  1.000E-008  6.236E+001  0.000E+000
 6.330E+013  1.000E-008  6.236E+001  0.000E+000
 6.350E+013  1.000E-008  6.236E+001  4.057E-013
 6.370E+013  1.000E-008  6.236E+001 -4.057E-013
 6.390E+013  1.000E-008  6.236E+001  0.000E+000
 6.410E+013  1.000E-008  6.236E+001  0.000E+000
 6.430E+013  1.000E-008  6.236E+001  0.000E+000
 6.450E+013  1.000E-008  6.236E+001  0.000E+000
 6.470E+013  1.000E-008  6.236E+001  4.057E-013
 6.490E+013  1.000E-008  6.236E+001 -4.057E-013
 6.510E+013  1.000E-008  6.236E+001  0.000E+000
 6.530E+013  1.000E-008  6.236E+001  0.000E+000
 6.550E+013  1.000E-008  6.236E+001  0.000E+000
 6.570E+013  1.000E-008  6.236E+001  0.000E+000
 6.590E+013  1.000E-008  6.236E+001  4.057E-013
 6.610E+013  1.000E-008  6.236E+001 -4.057E-013
 6.630E+013  1.000E-008  6.236E+001  0.000E+000
 6.650E+013  1.000E-008  6.236E+001  0.000E+000
 6.670E+013  1.000E-008  6.236E+001  0.000E+000
 6.690E+013  1.000E-008  6.236E+001  4.057E-013
 6.710E+013  1.000E-008  6.236E+001 -4.057E-013
 6.730E+013  1.000E-008  6.236E+001  0.000E+000
 6.750E+013  1.000E-008  6.236E+001  0.000E+000
 6.770E+013  1.000E-008  6.236E+001  4.057E-013
 6.790E+013  1.000E-008  6.236E+001 -4.057E-013
 6.810E+013  1.000E-008  6.236E+001  4.057E-013
 6.830E+013  1.000E-008  6.236E+001 -9.252E-035
 6.850E+013  1.000E-008  6.236E+001 -4.057E-013
 6.870E+013  1.000E-008  6.236E+001  0.000E+000
 6.890E+013  1.000E-008  6.236E+001  0.000E+000
 6.910E+013  1.000E-008  6.236E+001  0.000E+000
 6.930E+013  1.000E-008  6.236E+001  4.057E-013
 6.950E+013  1.000E-008  6.236E+001 -4.057E-013
 6.970E+013  1.000E-008  6.236E+001  0.000E+000
 6.990E+013  1.000E-008  6.236E+001  0.000E+000
 7.010E+013  1.000E-008  6.236E+001  0.000E+000
 7.030E+013  1.000E-008  6.236E+001  0.000E+000
 7.050E+013  1.000E-008  6.236E+001  0.000E+000
 7.070E+013  1.000E-008  6.236E+001  0.000E+000
 7.090E+013  1.000E-008  6.236E+001  0.000E+000
 7.110E+013  1.000E-008  6.236E+001  0.000E+000
 7.130E+013  1.000E-008  6.236E+001  0.000E+000
 7.150E+013  1.000E-008  6.236E+001  0.000E+000
 7.170E+013  1.000E-008  6.236E+001  0.000E+000
 7.190E+013  1.000E-008  6.236E+001  4.057E-013
 7.210E+013  1.000E-008  6.236E+001 -4.057E-013
 7.230E+013  1.000E-008  6.236E+001  0.000E+000
 7.250E+013  1.000E-008  6.236E+001  0.000E+000
 7.270E+013  1.000E-008  6.236E+001  8.114E-013
 7.290E+013  1.000E-008  6.236E+001 -3.467E-034
 7.310E+013  1.000E-008  6.236E+001 -8.114E-013
 7.330E+013  1.000E-008  6.236E+001 -7.891E-032
 7.350E+013  1.000E-008  6.236E+001 -4.057E-013
 7.370E+013  1.000E-008  6.236E+001  4.057E-013
 7.390E+013  1.000E-008  6.236E+001  7.883E-032
 7.410E+013  1.000E-008  6.236E+001  9.965E-070
 7.430E+013  1.000E-008  6.236E+001  7.251E-146
 7.450E+013  1.000E-008  6.236E+001  1.771E-298
 7.470E+013  1.000E-008  6.236E+001  0.000E+000
 7.490E+013  1.000E-008  6.236E+001  0.000E+000
 7.510E+013  1.000E-008  6.236E+001  0.000E+000
 7.530E+013  1.000E-008  6.236E+001  0.000E+000
 7.550E+013  1.000E-008  6.236E+001  0.000E+000
 7.570E+013  1.000E-008  6.236E+001  0.000E+000
 7.590E+013  1.000E-008  6.236E+001  0.000E+000
 7.610E+013  1.000E-008  6.236E+001  0.000E+000
 7.630E+013  1.000E-008  6.236E+001  0.000E+000
 7.650E+013  1.000E-008  6.236E+001  0.000E+000
 7.670E+013  1.000E-008  6.236E+001  8.114E-013
 7.690E+013  1.000E-008  6.236E+001 -8.114E-013
 7.710E+013  1.000E-008  6.236E+001  1.217E-012
 7.730E+013  1.000E-008  6.236E+001 -1.217E-012
 7.750E+013  1.000E-008  6.236E+001  1.868E-032
 7.770E+013  1.000E-008  6.236E+001  8.114E-013
 7.790E+013  1.000E-008  6.236E+001 -2.434E-012
 7.810E+013  1.000E-008  6.236E+001  2.434E-012
 7.830E+013  1.000E-008  6.236E+001 -8.114E-013
 7.850E+013  1.000E-008  6.236E+001 -7.041E-070
 7.870E+013  1.000E-008  6.236E+001 -6.626E-032
 7.890E+013  1.000E-008  6.236E+001 -4.057E-013
 7.910E+013  1.000E-008  6.236E+001 -2.028E-012
 7.930E+013  1.000E-008  6.236E+001  1.217E-012
 7.950E+013  1.000E-008  6.236E+001  1.217E-012
 7.970E+013  1.000E-008  6.236E+001 -1.623E-012
 7.990E+013  1.000E-008  6.236E+001  1.623E-012
 8.010E+013  1.000E-008  6.236E+001  1.261E-030
 8.030E+013  1.000E-008  6.236E+001  2.550E-067
 8.050E+013  1.000E-008  6.236E+001  4.748E-141
 8.070E+013  1.000E-008  6.236E+001 -7.990E-282
 8.090E+013  1.000E-008  6.236E+001 -1.541E-137
 8.110E+013  1.000E-008  6.236E+001 -1.453E-065
 8.130E+013  1.000E-008  6.236E+001 -9.523E-030
 8.150E+013  1.000E-008  6.236E+001 -4.459E-012
 8.170E+013  1.000E-008  6.236E+001  5.676E-012
 8.190E+013  1.000E-008  6.236E+001 -1.217E-012
 8.210E+013  1.000E-008  6.236E+001  0.000E+000
 8.230E+013  1.000E-008  6.236E+001  0.000E+000
 8.250E+013  1.000E-008  6.236E+001  0.000E+000
 8.270E+013  1.000E-008  6.236E+001  0.000E+000
 8.290E+013  1.000E-008  6.236E+001  1.623E-012
 8.310E+013  1.000E-008  6.236E+001 -1.623E-012
 8.330E+013  1.000E-008  6.236E+001 -7.659E-032
 8.350E+013  1.000E-008  6.236E+001  2.434E-012
 8.370E+013  1.000E-008  6.236E+001 -2.028E-012
 8.390E+013  1.000E-008  6.236E+001 -7.891E-032
 8.410E+013  1.000E-008  6.236E+001 -4.057E-013
 8.430E+013  1.000E-008  6.236E+001  4.057E-013
 8.450E+013  1.000E-008  6.236E+001 -7.476E-035
 8.470E+013  1.000E-008  6.236E+001 -4.057E-013
 8.490E+013  1.000E-008  6.236E+001 -3.721E-035
 8.510E+013  1.000E-008  6.236E+001  4.057E-013
 8.530E+013  1.000E-008  6.236E+001 -7.406E-035
 8.550E+013  1.000E-008  6.236E+001 -4.057E-013
 8.570E+013  1.000E-008  6.236E+001 -3.686E-035
 8.590E+013  1.000E-008  6.236E+001  4.057E-013
 8.610E+013  1.000E-008  6.236E+001 -4.057E-013
 8.630E+013  1.000E-008  6.236E+001  0.000E+000
 8.650E+013  1.000E-008  6.236E+001  0.000E+000
 8.670E+013  1.000E-008  6.236E+001  0.000E+000
 8.690E+013  1.000E-008  6.236E+001  0.000E+000
 8.710E+013  1.000E-008  6.236E+001  0.000E+000
 8.730E+013  1.000E-008  6.236E+001  0.000E+000
 8.750E+013  1.000E-008  6.236E+001  4.057E-013
 8.770E+013  1.000E-008  6.236E+001 -4.057E-013
 8.790E+013  1.000E-008  6.236E+001 -3.593E-035
 8.810E+013  1.000E-008  6.236E+001  4.057E-013
 8.830E+013  1.000E-008  6.236E+001 -4.057E-013
 8.850E+013  1.000E-008  6.236E+001  4.057E-013
 8.870E+013  1.000E-008  6.236E+001  4.057E-013
 8.890E+013  1.000E-008  6.236E+001 -8.114E-013
 8.910E+013  1.000E-008  6.236E+001  0.000E+000
 8.930E+013  1.000E-008  6.236E+001  0.000E+000
 8.950E+013  1.000E-008  6.236E+001  0.000E+000
 8.970E+013  1.000E-008  6.236E+001  0.000E+000
 8.990E+013  1.000E-008  6.236E+001  0.000E+000
 9.010E+013  1.000E-008  6.236E+001  4.057E-013
 9.030E+013  1.000E-008  6.236E+001 -6.996E-035
 9.050E+013  1.000E-008  6.236E+001 -4.057E-013
 9.070E+013  1.000E-008  6.236E+001  4.057E-013
 9.090E+013  1.000E-008  6.236E+001 -6.949E-035
 9.110E+013  1.000E-008  6.236E+001 -4.057E-013
 9.130E+013  1.000E-008  6.236E+001  0.000E+000
 9.150E+013  1.000E-008  6.236E+001  0.000E+000
 9.170E+013  1.000E-008  6.236E+001  0.000E+000
 9.190E+013  1.000E-008  6.236E+001  0.000E+000
 9.210E+013  1.000E-008  6.236E+001  0.000E+000
 9.230E+013  1.000E-008  6.236E+001  4.057E-013
 9.250E+013  1.000E-008  6.236E+001 -6.829E-035
 9.270E+013  1.000E-008  6.236E+001 -4.057E-013
 9.290E+013  1.000E-008  6.236E+001  0.000E+000
 9.310E+013  1.000E-008  6.236E+001  0.000E+000
 9.330E+013  1.000E-008  6.236E+001  0.000E+000
 9.350E+013  1.000E-008  6.236E+001  0.000E+000
 9.370E+013  1.000E-008  6.236E+001  4.057E-013
 9.390E+013  1.000E-008  6.236E+001 -4.057E-013
 9.410E+013  1.000E-008  6.236E+001  4.057E-013
 9.430E+013  1.000E-008  6.236E+001 -4.057E-013
 9.450E+013  1.000E-008  6.236E+001  0.000E+000
 9.470E+013  1.000E-008  6.236E+001  0.000E+000
 9.490E+013  1.000E-008  6.236E+001  0.000E+000
 9.510E+013  1.000E-008  6.236E+001  0.000E+000
 9.530E+013  1.000E-008  6.236E+001  4.057E-013
 9.550E+013  1.000E-008  6.236E+001 -4.057E-013
 9.570E+013  1.000E-008  6.236E+001 -9.984E-070
 9.590E+013  1.000E-008  6.236E+001 -7.890E-032
 9.610E+013  1.000E-008  6.236E+001 -4.057E-013
 9.630E+013  1.000E-008  6.236E+001  4.057E-013
 9.650E+013  1.000E-008  6.236E+001  7.884E-032
 9.670E+013  1.000E-008  6.236E+001  4.057E-013
 9.690E+013  1.000E-008  6.236E+001 -4.057E-013
 9.710E+013  1.000E-008  6.236E+001  0.000E+000
 9.730E+013  1.000E-008  6.236E+001  0.000E+000
 9.750E+013  1.000E-008  6.236E+001  0.000E+000
 9.770E+013  1.000E-008  6.236E+001  0.000E+000
 9.790E+013  1.000E-008  6.236E+001  0.000E+000
 9.810E+013  1.000E-008  6.236E+001  0.000E+000
 9.830E+013  1.000E-008  6.236E+001  0.000E+000
 9.850E+013  1.000E-008  6.236E+001  0.000E+000
 9.870E+013  1.000E-008  6.236E+001  0.000E+000
 9.890E+013  1.000E-008  6.236E+001  0.000E+000
 9.910E+013  1.000E-008  6.236E+001  0.000E+000
 9.930E+013  1.000E-008  6.236E+001  0.000E+000
 9.950E+013  1.000E-008  6.236E+001  4.057E-013
 9.970E+013  1.000E-008  6.236E+001 -4.057E-013
 9.990E+013  1.000E-008  6.236E+001  0.000E+000
 1.001E+014  1.000E-099  1.000E-099  0.000E+000
 1.003E+014  1.000E-099  1.000E-099  0.000E+000
 3.621E-003
