 1.206E+005
     x1b        dens       energ       v1
 1.000E+011  1.188E-010  2.179E+006  0.000E+000
 3.000E+011  1.226E-010  2.208E+006  1.028E+006
 5.000E+011  1.285E-010  2.198E+006  5.659E+005
 7.000E+011  1.361E-010  2.203E+006  1.268E+006
 9.000E+011  1.424E-010  2.202E+006  1.564E+006
 1.100E+012  1.465E-010  2.204E+006  1.977E+006
 1.300E+012  1.471E-010  2.203E+006  2.336E+006
 1.500E+012  1.470E-010  2.203E+006  2.739E+006
 1.700E+012  1.464E-010  2.205E+006  3.113E+006
 1.900E+012  1.459E-010  2.205E+006  3.511E+006
 2.100E+012  1.460E-010  2.206E+006  3.940E+006
 2.300E+012  1.467E-010  2.208E+006  4.345E+006
 2.500E+012  1.486E-010  2.209E+006  4.718E+006
 2.700E+012  1.526E-010  2.209E+006  5.098E+006
 2.900E+012  1.601E-010  2.211E+006  5.502E+006
 3.100E+012  1.724E-010  2.213E+006  5.909E+006
 3.300E+012  1.918E-010  2.215E+006  6.329E+006
 3.500E+012  2.218E-010  2.217E+006  6.755E+006
 3.700E+012  2.673E-010  2.221E+006  7.153E+006
 3.900E+012  3.353E-010  2.224E+006  7.571E+006
 4.100E+012  4.348E-010  2.231E+006  8.020E+006
 4.300E+012  5.748E-010  2.238E+006  8.460E+006
 4.500E+012  7.626E-010  2.249E+006  8.881E+006
 4.700E+012  9.994E-010  2.264E+006  9.306E+006
 4.900E+012  1.280E-009  2.282E+006  9.714E+006
 5.100E+012  1.596E-009  2.305E+006  1.010E+007
 5.300E+012  1.943E-009  2.333E+006  1.048E+007
 5.500E+012  2.321E-009  2.369E+006  1.087E+007
 5.700E+012  2.742E-009  2.416E+006  1.128E+007
 5.900E+012  3.223E-009  2.474E+006  1.172E+007
 6.100E+012  3.787E-009  2.545E+006  1.216E+007
 6.300E+012  4.467E-009  2.628E+006  1.261E+007
 6.500E+012  5.317E-009  2.740E+006  1.308E+007
 6.700E+012  6.403E-009  2.892E+006  1.364E+007
 6.900E+012  7.829E-009  3.112E+006  1.428E+007
 7.100E+012  9.747E-009  3.438E+006  1.513E+007
 7.300E+012  1.204E-008  3.755E+006  1.597E+007
 7.500E+012  1.477E-008  4.077E+006  1.639E+007
 7.700E+012  1.959E-008  5.044E+006  1.725E+007
 7.900E+012  2.590E-008  6.254E+006  1.936E+007
 8.100E+012  2.678E-008  5.204E+006  1.940E+007
 8.300E+012  2.080E-008  2.180E+006  1.641E+007
 8.500E+012  1.321E-008  2.785E+005  1.001E+007
 8.700E+012  1.045E-008  3.151E+003  2.961E+006
 8.900E+012  1.001E-008  6.252E+001  1.244E+005
 9.100E+012  1.000E-008  6.236E+001  6.863E+001
 9.300E+012  1.000E-008  6.236E+001  8.702E-006
 9.500E+012  1.000E-008  6.236E+001  2.401E-013
 9.700E+012  1.000E-008  6.236E+001  4.020E-034
 9.900E+012  1.000E-008  6.236E+001  2.142E-012
 1.010E+013  1.000E-008  6.236E+001 -4.284E-013
 1.030E+013  1.000E-008  6.236E+001 -1.714E-012
 1.050E+013  1.000E-008  6.236E+001  0.000E+000
 1.070E+013  1.000E-008  6.236E+001  0.000E+000
 1.090E+013  1.000E-008  6.236E+001  0.000E+000
 1.110E+013  1.000E-008  6.236E+001  0.000E+000
 1.130E+013  1.000E-008  6.236E+001  4.285E-013
 1.150E+013  1.000E-008  6.236E+001 -4.285E-013
 1.170E+013  1.000E-008  6.236E+001  0.000E+000
 1.190E+013  1.000E-008  6.236E+001  0.000E+000
 1.210E+013  1.000E-008  6.236E+001  4.285E-013
 1.230E+013  1.000E-008  6.236E+001 -6.091E-034
 1.250E+013  1.000E-008  6.236E+001 -4.285E-013
 1.270E+013  1.000E-008  6.236E+001  0.000E+000
 1.290E+013  1.000E-008  6.236E+001  0.000E+000
 1.310E+013  1.000E-008  6.236E+001  0.000E+000
 1.330E+013  1.000E-008  6.236E+001  0.000E+000
 1.350E+013  1.000E-008  6.236E+001  0.000E+000
 1.370E+013  1.000E-008  6.236E+001  0.000E+000
 1.390E+013  1.000E-008  6.236E+001  1.714E-012
 1.410E+013  1.000E-008  6.236E+001 -1.714E-012
 1.430E+013  1.000E-008  6.236E+001 -6.413E-012
 1.450E+013  1.000E-008  6.236E+001  6.413E-012
 1.470E+013  1.000E-008  6.236E+001  1.285E-012
 1.490E+013  1.000E-008  6.236E+001 -1.285E-012
 1.510E+013  1.000E-008  6.236E+001  0.000E+000
 1.530E+013  1.000E-008  6.236E+001  0.000E+000
 1.550E+013  1.000E-008  6.236E+001  0.000E+000
 1.570E+013  1.000E-008  6.236E+001  0.000E+000
 1.590E+013  1.000E-008  6.236E+001  4.285E-013
 1.610E+013  1.000E-008  6.236E+001 -4.644E-034
 1.630E+013  1.000E-008  6.236E+001 -4.285E-013
 1.650E+013  1.000E-008  6.236E+001 -4.284E-013
 1.670E+013  1.000E-008  6.236E+001  4.284E-013
 1.690E+013  1.000E-008  6.236E+001  9.266E-032
 1.710E+013  1.000E-008  6.236E+001  1.455E-069
 1.730E+013  1.000E-008  6.236E+001  1.636E-145
 1.750E+013  1.000E-008  6.236E+001  9.551E-298
 1.770E+013  1.000E-008  6.236E+001  0.000E+000
 1.790E+013  1.000E-008  6.236E+001  0.000E+000
 1.810E+013  1.000E-008  6.236E+001  0.000E+000
 1.830E+013  1.000E-008  6.236E+001  4.285E-013
 1.850E+013  1.000E-008  6.236E+001 -4.285E-013
 1.870E+013  1.000E-008  6.236E+001  1.714E-012
 1.890E+013  1.000E-008  6.236E+001 -2.571E-012
 1.910E+013  1.000E-008  6.236E+001  1.714E-012
 1.930E+013  1.000E-008  6.236E+001 -8.569E-013
 1.950E+013  1.000E-008  6.236E+001  0.000E+000
 1.970E+013  1.000E-008  6.236E+001  0.000E+000
 1.990E+013  1.000E-008  6.236E+001  0.000E+000
 2.010E+013  1.000E-008  6.236E+001  0.000E+000
 2.030E+013  1.000E-008  6.236E+001  0.000E+000
 2.050E+013  1.000E-008  6.236E+001  0.000E+000
 2.070E+013  1.000E-008  6.236E+001  0.000E+000
 2.090E+013  1.000E-008  6.236E+001  4.285E-013
 2.110E+013  1.000E-008  6.236E+001 -3.539E-034
 2.130E+013  1.000E-008  6.236E+001 -4.285E-013
 2.150E+013  1.000E-008  6.236E+001  0.000E+000
 2.170E+013  1.000E-008  6.236E+001  0.000E+000
 2.190E+013  1.000E-008  6.236E+001  0.000E+000
 2.210E+013  1.000E-008  6.236E+001  0.000E+000
 2.230E+013  1.000E-008  6.236E+001  0.000E+000
 2.250E+013  1.000E-008  6.236E+001  0.000E+000
 2.270E+013  1.000E-008  6.236E+001  4.285E-013
 2.290E+013  1.000E-008  6.236E+001 -3.259E-034
 2.310E+013  1.000E-008  6.236E+001 -4.285E-013
 2.330E+013  1.000E-008  6.236E+001  0.000E+000
 2.350E+013  1.000E-008  6.236E+001  0.000E+000
 2.370E+013  1.000E-008  6.236E+001  4.285E-013
 2.390E+013  1.000E-008  6.236E+001 -4.285E-013
 2.410E+013  1.000E-008  6.236E+001  0.000E+000
 2.430E+013  1.000E-008  6.236E+001  0.000E+000
 2.450E+013  1.000E-008  6.236E+001  0.000E+000
 2.470E+013  1.000E-008  6.236E+001  4.285E-013
 2.490E+013  1.000E-008  6.236E+001 -4.285E-013
 2.510E+013  1.000E-008  6.236E+001  4.285E-013
 2.530E+013  1.000E-008  6.236E+001 -4.285E-013
 2.550E+013  1.000E-008  6.236E+001 -6.456E-293
 2.570E+013  1.000E-008  6.236E+001 -4.252E-143
 2.590E+013  1.000E-008  6.236E+001 -2.346E-068
 2.610E+013  1.000E-008  6.236E+001 -3.721E-031
 2.630E+013  1.000E-008  6.236E+001 -8.569E-013
 2.650E+013  1.000E-008  6.236E+001  8.569E-013
 2.670E+013  1.000E-008  6.236E+001  3.710E-031
 2.690E+013  1.000E-008  6.236E+001  2.332E-068
 2.710E+013  1.000E-008  6.236E+001  4.285E-013
 2.730E+013  1.000E-008  6.236E+001 -4.285E-013
 2.750E+013  1.000E-008  6.236E+001  1.285E-012
 2.770E+013  1.000E-008  6.236E+001 -1.285E-012
 2.790E+013  1.000E-008  6.236E+001  0.000E+000
 2.810E+013  1.000E-008  6.236E+001  0.000E+000
 2.830E+013  1.000E-008  6.236E+001  2.142E-012
 2.850E+013  1.000E-008  6.236E+001 -4.284E-013
 2.870E+013  1.000E-008  6.236E+001 -1.714E-012
 2.890E+013  1.000E-008  6.236E+001 -1.454E-031
 2.910E+013  1.000E-008  6.236E+001  2.999E-012
 2.930E+013  1.000E-008  6.236E+001 -2.999E-012
 2.950E+013  1.000E-008  6.236E+001  0.000E+000
 2.970E+013  1.000E-008  6.236E+001  0.000E+000
 2.990E+013  1.000E-008  6.236E+001  0.000E+000
 3.010E+013  1.000E-008  6.236E+001  4.285E-013
 3.030E+013  1.000E-008  6.236E+001 -4.285E-013
 3.050E+013  1.000E-008  6.236E+001  4.285E-013
 3.070E+013  1.000E-008  6.236E+001 -4.285E-013
 3.090E+013  1.000E-008  6.236E+001  4.285E-013
 3.110E+013  1.000E-008  6.236E+001  4.284E-013
 3.130E+013  1.000E-008  6.236E+001 -8.569E-013
 3.150E+013  1.000E-008  6.236E+001  0.000E+000
 3.170E+013  1.000E-008  6.236E+001  0.000E+000
 3.190E+013  1.000E-008  6.236E+001  0.000E+000
 3.210E+013  1.000E-008  6.236E+001  0.000E+000
 3.230E+013  1.000E-008  6.236E+001  0.000E+000
 3.250E+013  1.000E-008  6.236E+001  0.000E+000
 3.270E+013  1.000E-008  6.236E+001 -9.828E-298
 3.290E+013  1.000E-008  6.236E+001 -1.659E-145
 3.310E+013  1.000E-008  6.236E+001 -1.466E-069
 3.330E+013  1.000E-008  6.236E+001 -9.299E-032
 3.350E+013  1.000E-008  6.236E+001 -4.284E-013
 3.370E+013  1.000E-008  6.236E+001  4.284E-013
 3.390E+013  1.000E-008  6.236E+001  9.277E-032
 3.410E+013  1.000E-008  6.236E+001  1.459E-069
 3.430E+013  1.000E-008  6.236E+001  1.643E-145
 3.450E+013  1.000E-008  6.236E+001  8.569E-013
 3.470E+013  1.000E-008  6.236E+001 -8.569E-013
 3.490E+013  1.000E-008  6.236E+001  0.000E+000
 3.510E+013  1.000E-008  6.236E+001  0.000E+000
 3.530E+013  1.000E-008  6.236E+001  0.000E+000
 3.550E+013  1.000E-008  6.236E+001  0.000E+000
 3.570E+013  1.000E-008  6.236E+001  8.569E-013
 3.590E+013  1.000E-008  6.236E+001 -4.284E-013
 3.610E+013  1.000E-008  6.236E+001 -9.299E-032
 3.630E+013  1.000E-008  6.236E+001 -4.285E-013
 3.650E+013  1.000E-008  6.236E+001 -4.284E-013
 3.670E+013  1.000E-008  6.236E+001  4.284E-013
 3.690E+013  1.000E-008  6.236E+001  4.285E-013
 3.710E+013  1.000E-008  6.236E+001 -4.285E-013
 3.730E+013  1.000E-008  6.236E+001 -9.988E-035
 3.750E+013  1.000E-008  6.236E+001  4.285E-013
 3.770E+013  1.000E-008  6.236E+001 -4.285E-013
 3.790E+013  1.000E-008  6.236E+001  0.000E+000
 3.810E+013  1.000E-008  6.236E+001  0.000E+000
 3.830E+013  1.000E-008  6.236E+001  4.285E-013
 3.850E+013  1.000E-008  6.236E+001 -4.285E-013
 3.870E+013  1.000E-008  6.236E+001 -9.298E-032
 3.890E+013  1.000E-008  6.236E+001 -4.284E-013
 3.910E+013  1.000E-008  6.236E+001 -2.815E-032
 3.930E+013  1.000E-008  6.236E+001  1.285E-012
 3.950E+013  1.000E-008  6.236E+001 -4.284E-013
 3.970E+013  1.000E-008  6.236E+001  1.285E-012
 3.990E+013  1.000E-008  6.236E+001 -1.714E-012
 4.010E+013  1.000E-008  6.236E+001  0.000E+000
 4.030E+013  1.000E-008  6.236E+001  0.000E+000
 4.050E+013  1.000E-008  6.236E+001  0.000E+000
 4.070E+013  1.000E-008  6.236E+001  0.000E+000
 4.090E+013  1.000E-008  6.236E+001  1.561E-011
 4.110E+013  1.000E-008  6.236E+001 -1.561E-011
 4.130E+013  1.000E-008  6.236E+001  1.106E-011
 4.150E+013  1.000E-008  6.236E+001 -1.106E-011
 4.170E+013  1.000E-008  6.236E+001  3.855E-012
 4.190E+013  1.000E-008  6.236E+001 -3.426E-012
 4.210E+013  1.000E-008  6.236E+001 -9.297E-032
 4.230E+013  1.000E-008  6.236E+001 -4.285E-013
 4.250E+013  1.000E-008  6.236E+001  0.000E+000
 4.270E+013  1.000E-008  6.236E+001  0.000E+000
 4.290E+013  1.000E-008  6.236E+001  0.000E+000
 4.310E+013  1.000E-008  6.236E+001  0.000E+000
 4.330E+013  1.000E-008  6.236E+001  0.000E+000
 4.350E+013  1.000E-008  6.236E+001  0.000E+000
 4.370E+013  1.000E-008  6.236E+001  0.000E+000
 4.390E+013  1.000E-008  6.236E+001  0.000E+000
 4.410E+013  1.000E-008  6.236E+001  0.000E+000
 4.430E+013  1.000E-008  6.236E+001  0.000E+000
 4.450E+013  1.000E-008  6.236E+001  0.000E+000
 4.470E+013  1.000E-008  6.236E+001  4.285E-013
 4.490E+013  1.000E-008  6.236E+001 -1.659E-034
 4.510E+013  1.000E-008  6.236E+001 -4.285E-013
 4.530E+013  1.000E-008  6.236E+001 -9.802E-298
 4.550E+013  1.000E-008  6.236E+001 -1.657E-145
 4.570E+013  1.000E-008  6.236E+001 -1.465E-069
 4.590E+013  1.000E-008  6.236E+001 -9.296E-032
 4.610E+013  1.000E-008  6.236E+001 -4.284E-013
 4.630E+013  1.000E-008  6.236E+001  4.284E-013
 4.650E+013  1.000E-008  6.236E+001  4.285E-013
 4.670E+013  1.000E-008  6.236E+001 -4.285E-013
 4.690E+013  1.000E-008  6.236E+001  4.285E-013
 4.710E+013  1.000E-008  6.236E+001 -4.285E-013
 4.730E+013  1.000E-008  6.236E+001  0.000E+000
 4.750E+013  1.000E-008  6.236E+001  0.000E+000
 4.770E+013  1.000E-008  6.236E+001  0.000E+000
 4.790E+013  1.000E-008  6.236E+001  4.285E-013
 4.810E+013  1.000E-008  6.236E+001 -4.285E-013
 4.830E+013  1.000E-008  6.236E+001 -7.708E-035
 4.850E+013  1.000E-008  6.236E+001  4.285E-013
 4.870E+013  1.000E-008  6.236E+001 -4.285E-013
 4.890E+013  1.000E-008  6.236E+001  0.000E+000
 4.910E+013  1.000E-008  6.236E+001  0.000E+000
 4.930E+013  1.000E-008  6.236E+001  0.000E+000
 4.950E+013  1.000E-008  6.236E+001  0.000E+000
 4.970E+013  1.000E-008  6.236E+001  0.000E+000
 4.990E+013  1.000E-008  6.236E+001  8.569E-013
 5.010E+013  1.000E-008  6.236E+001 -1.285E-012
 5.030E+013  1.000E-008  6.236E+001  4.284E-013
 5.050E+013  1.000E-008  6.236E+001  9.281E-032
 5.070E+013  1.000E-008  6.236E+001  1.460E-069
 5.090E+013  1.000E-008  6.236E+001  1.646E-145
 5.110E+013  1.000E-008  6.236E+001  4.285E-013
 5.130E+013  1.000E-008  6.236E+001 -4.285E-013
 5.150E+013  1.000E-008  6.236E+001  0.000E+000
 5.170E+013  1.000E-008  6.236E+001  0.000E+000
 5.190E+013  1.000E-008  6.236E+001 -9.794E-298
 5.210E+013  1.000E-008  6.236E+001 -1.656E-145
 5.230E+013  1.000E-008  6.236E+001 -1.464E-069
 5.250E+013  1.000E-008  6.236E+001 -9.295E-032
 5.270E+013  1.000E-008  6.236E+001 -4.284E-013
 5.290E+013  1.000E-008  6.236E+001  4.284E-013
 5.310E+013  1.000E-008  6.236E+001  9.281E-032
 5.330E+013  1.000E-008  6.236E+001  1.460E-069
 5.350E+013  1.000E-008  6.236E+001  8.569E-013
 5.370E+013  1.000E-008  6.236E+001 -8.569E-013
 5.390E+013  1.000E-008  6.236E+001  1.225E-032
 5.410E+013  1.000E-008  6.236E+001  4.285E-013
 5.430E+013  1.000E-008  6.236E+001  4.284E-013
 5.450E+013  1.000E-008  6.236E+001  4.284E-013
 5.470E+013  1.000E-008  6.236E+001 -1.285E-012
 5.490E+013  1.000E-008  6.236E+001 -9.295E-032
 5.510E+013  1.000E-008  6.236E+001 -4.284E-013
 5.530E+013  1.000E-008  6.236E+001  8.569E-013
 5.550E+013  1.000E-008  6.236E+001 -1.714E-012
 5.570E+013  1.000E-008  6.236E+001  8.568E-013
 5.590E+013  1.000E-008  6.236E+001  4.284E-013
 5.610E+013  1.000E-008  6.236E+001 -4.284E-013
 5.630E+013  1.000E-008  6.236E+001  4.284E-013
 5.650E+013  1.000E-008  6.236E+001 -2.570E-012
 5.670E+013  1.000E-008  6.236E+001  2.570E-012
 5.690E+013  1.000E-008  6.236E+001  2.570E-012
 5.710E+013  1.000E-008  6.236E+001 -2.570E-012
 5.730E+013  1.000E-008  6.236E+001  2.999E-012
 5.750E+013  1.000E-008  6.236E+001 -6.425E-012
 5.770E+013  1.000E-008  6.236E+001 -4.278E-013
 5.790E+013  1.000E-008  6.236E+001  3.854E-012
 5.810E+013  1.000E-008  6.236E+001  2.006E-011
 5.830E+013  1.000E-008  6.236E+001 -2.006E-011
 5.850E+013  1.000E-008  6.236E+001  0.000E+000
 5.870E+013  1.000E-008  6.236E+001  0.000E+000
 5.890E+013  1.000E-008  6.236E+001  0.000E+000
 5.910E+013  1.000E-008  6.236E+001  0.000E+000
 5.930E+013  1.000E-008  6.236E+001  0.000E+000
 5.950E+013  1.000E-008  6.236E+001  0.000E+000
 5.970E+013  1.000E-008  6.236E+001  0.000E+000
 5.990E+013  1.000E-008  6.236E+001  0.000E+000
 6.010E+013  1.000E-008  6.236E+001  0.000E+000
 6.030E+013  1.000E-008  6.236E+001  4.285E-013
 6.050E+013  1.000E-008  6.236E+001 -4.285E-013
 6.070E+013  1.000E-008  6.236E+001  4.285E-013
 6.090E+013  1.000E-008  6.236E+001 -4.285E-013
 6.110E+013  1.000E-008  6.236E+001  0.000E+000
 6.130E+013  1.000E-008  6.236E+001  0.000E+000
 6.150E+013  1.000E-008  6.236E+001  0.000E+000
 6.170E+013  1.000E-008  6.236E+001  4.285E-013
 6.190E+013  1.000E-008  6.236E+001 -4.285E-013
 6.210E+013  1.000E-008  6.236E+001  0.000E+000
 6.230E+013  1.000E-008  6.236E+001  0.000E+000
 6.250E+013  1.000E-008  6.236E+001  0.000E+000
 6.270E+013  1.000E-008  6.236E+001  0.000E+000
 6.290E+013  1.000E-008  6.236E+001  0.000E+000
 6.310E+013  1.000E-008  6.236E+001  0.000E+000
 6.330E+013  1.000E-008  6.236E+001  0.000E+000
 6.350E+013  1.000E-008  6.236E+001  4.285E-013
 6.370E+013  1.000E-008  6.236E+001 -4.285E-013
 6.390E+013  1.000E-008  6.236E+001  0.000E+000
 6.410E+013  1.000E-008  6.236E+001  0.000E+000
 6.430E+013  1.000E-008  6.236E+001  0.000E+000
 6.450E+013  1.000E-008  6.236E+001  0.000E+000
 6.470E+013  1.000E-008  6.236E+001  4.285E-013
 6.490E+013  1.000E-008  6.236E+001 -4.285E-013
 6.510E+013  1.000E-008  6.236E+001  0.000E+000
 6.530E+013  1.000E-008  6.236E+001  0.000E+000
 6.550E+013  1.000E-008  6.236E+001  0.000E+000
 6.570E+013  1.000E-008  6.236E+001  0.000E+000
 6.590E+013  1.000E-008  6.236E+001  4.285E-013
 6.610E+013  1.000E-008  6.236E+001 -4.285E-013
 6.630E+013  1.000E-008  6.236E+001  0.000E+000
 6.650E+013  1.000E-008  6.236E+001  0.000E+000
 6.670E+013  1.000E-008  6.236E+001  0.000E+000
 6.690E+013  1.000E-008  6.236E+001  4.285E-013
 6.710E+013  1.000E-008  6.236E+001 -4.285E-013
 6.730E+013  1.000E-008  6.236E+001  0.000E+000
 6.750E+013  1.000E-008  6.236E+001  0.000E+000
 6.770E+013  1.000E-008  6.236E+001  4.285E-013
 6.790E+013  1.000E-008  6.236E+001 -4.285E-013
 6.810E+013  1.000E-008  6.236E+001  4.285E-013
 6.830E+013  1.000E-008  6.236E+001 -1.090E-034
 6.850E+013  1.000E-008  6.236E+001 -4.285E-013
 6.870E+013  1.000E-008  6.236E+001  0.000E+000
 6.890E+013  1.000E-008  6.236E+001  0.000E+000
 6.910E+013  1.000E-008  6.236E+001  0.000E+000
 6.930E+013  1.000E-008  6.236E+001  4.285E-013
 6.950E+013  1.000E-008  6.236E+001 -4.285E-013
 6.970E+013  1.000E-008  6.236E+001  0.000E+000
 6.990E+013  1.000E-008  6.236E+001  0.000E+000
 7.010E+013  1.000E-008  6.236E+001  0.000E+000
 7.030E+013  1.000E-008  6.236E+001  0.000E+000
 7.050E+013  1.000E-008  6.236E+001  0.000E+000
 7.070E+013  1.000E-008  6.236E+001  0.000E+000
 7.090E+013  1.000E-008  6.236E+001  0.000E+000
 7.110E+013  1.000E-008  6.236E+001  0.000E+000
 7.130E+013  1.000E-008  6.236E+001  0.000E+000
 7.150E+013  1.000E-008  6.236E+001  0.000E+000
 7.170E+013  1.000E-008  6.236E+001  0.000E+000
 7.190E+013  1.000E-008  6.236E+001  4.285E-013
 7.210E+013  1.000E-008  6.236E+001 -4.285E-013
 7.230E+013  1.000E-008  6.236E+001  0.000E+000
 7.250E+013  1.000E-008  6.236E+001  0.000E+000
 7.270E+013  1.000E-008  6.236E+001  8.569E-013
 7.290E+013  1.000E-008  6.236E+001 -4.083E-034
 7.310E+013  1.000E-008  6.236E+001 -8.569E-013
 7.330E+013  1.000E-008  6.236E+001 -9.293E-032
 7.350E+013  1.000E-008  6.236E+001 -4.284E-013
 7.370E+013  1.000E-008  6.236E+001  4.284E-013
 7.390E+013  1.000E-008  6.236E+001  9.283E-032
 7.410E+013  1.000E-008  6.236E+001  1.460E-069
 7.430E+013  1.000E-008  6.236E+001  1.648E-145
 7.450E+013  1.000E-008  6.236E+001  9.692E-298
 7.470E+013  1.000E-008  6.236E+001  0.000E+000
 7.490E+013  1.000E-008  6.236E+001  0.000E+000
 7.510E+013  1.000E-008  6.236E+001  0.000E+000
 7.530E+013  1.000E-008  6.236E+001  0.000E+000
 7.550E+013  1.000E-008  6.236E+001  0.000E+000
 7.570E+013  1.000E-008  6.236E+001  0.000E+000
 7.590E+013  1.000E-008  6.236E+001  0.000E+000
 7.610E+013  1.000E-008  6.236E+001  0.000E+000
 7.630E+013  1.000E-008  6.236E+001  0.000E+000
 7.650E+013  1.000E-008  6.236E+001  0.000E+000
 7.670E+013  1.000E-008  6.236E+001  8.569E-013
 7.690E+013  1.000E-008  6.236E+001 -8.569E-013
 7.710E+013  1.000E-008  6.236E+001  1.285E-012
 7.730E+013  1.000E-008  6.236E+001 -1.285E-012
 7.750E+013  1.000E-008  6.236E+001  2.200E-032
 7.770E+013  1.000E-008  6.236E+001  8.569E-013
 7.790E+013  1.000E-008  6.236E+001 -2.571E-012
 7.810E+013  1.000E-008  6.236E+001  2.571E-012
 7.830E+013  1.000E-008  6.236E+001 -8.569E-013
 7.850E+013  1.000E-008  6.236E+001 -1.032E-069
 7.870E+013  1.000E-008  6.236E+001 -7.803E-032
 7.890E+013  1.000E-008  6.236E+001 -4.284E-013
 7.910E+013  1.000E-008  6.236E+001 -2.142E-012
 7.930E+013  1.000E-008  6.236E+001  1.285E-012
 7.950E+013  1.000E-008  6.236E+001  1.285E-012
 7.970E+013  1.000E-008  6.236E+001 -1.714E-012
 7.990E+013  1.000E-008  6.236E+001  1.714E-012
 8.010E+013  1.000E-008  6.236E+001  1.485E-030
 8.030E+013  1.000E-008  6.236E+001  3.737E-067
 8.050E+013  1.000E-008  6.236E+001  1.079E-140
 8.070E+013  1.000E-008  6.236E+001 -4.378E-281
 8.090E+013  1.000E-008  6.236E+001 -3.503E-137
 8.110E+013  1.000E-008  6.236E+001 -2.131E-065
 8.130E+013  1.000E-008  6.236E+001 -1.122E-029
 8.150E+013  1.000E-008  6.236E+001 -4.709E-012
 8.170E+013  1.000E-008  6.236E+001  5.994E-012
 8.190E+013  1.000E-008  6.236E+001 -1.285E-012
 8.210E+013  1.000E-008  6.236E+001  0.000E+000
 8.230E+013  1.000E-008  6.236E+001  0.000E+000
 8.250E+013  1.000E-008  6.236E+001  0.000E+000
 8.270E+013  1.000E-008  6.236E+001  0.000E+000
 8.290E+013  1.000E-008  6.236E+001  1.714E-012
 8.310E+013  1.000E-008  6.236E+001 -1.714E-012
 8.330E+013  1.000E-008  6.236E+001 -9.019E-032
 8.350E+013  1.000E-008  6.236E+001  2.570E-012
 8.370E+013  1.000E-008  6.236E+001 -2.142E-012
 8.390E+013  1.000E-008  6.236E+001 -9.293E-032
 8.410E+013  1.000E-008  6.236E+001 -4.285E-013
 8.430E+013  1.000E-008  6.236E+001  4.285E-013
 8.450E+013  1.000E-008  6.236E+001 -8.804E-035
 8.470E+013  1.000E-008  6.236E+001 -4.285E-013
 8.490E+013  1.000E-008  6.236E+001 -4.381E-035
 8.510E+013  1.000E-008  6.236E+001  4.285E-013
 8.530E+013  1.000E-008  6.236E+001 -8.722E-035
 8.550E+013  1.000E-008  6.236E+001 -4.285E-013
 8.570E+013  1.000E-008  6.236E+001 -4.340E-035
 8.590E+013  1.000E-008  6.236E+001  4.285E-013
 8.610E+013  1.000E-008  6.236E+001 -4.285E-013
 8.630E+013  1.000E-008  6.236E+001  0.000E+000
 8.650E+013  1.000E-008  6.236E+001  0.000E+000
 8.670E+013  1.000E-008  6.236E+001  0.000E+000
 8.690E+013  1.000E-008  6.236E+001  0.000E+000
 8.710E+013  1.000E-008  6.236E+001  0.000E+000
 8.730E+013  1.000E-008  6.236E+001  0.000E+000
 8.750E+013  1.000E-008  6.236E+001  4.285E-013
 8.770E+013  1.000E-008  6.236E+001 -4.285E-013
 8.790E+013  1.000E-008  6.236E+001 -4.232E-035
 8.810E+013  1.000E-008  6.236E+001  4.285E-013
 8.830E+013  1.000E-008  6.236E+001 -4.285E-013
 8.850E+013  1.000E-008  6.236E+001  4.285E-013
 8.870E+013  1.000E-008  6.236E+001  4.284E-013
 8.890E+013  1.000E-008  6.236E+001 -8.569E-013
 8.910E+013  1.000E-008  6.236E+001  0.000E+000
 8.930E+013  1.000E-008  6.236E+001  0.000E+000
 8.950E+013  1.000E-008  6.236E+001  0.000E+000
 8.970E+013  1.000E-008  6.236E+001  0.000E+000
 8.990E+013  1.000E-008  6.236E+001  0.000E+000
 9.010E+013  1.000E-008  6.236E+001  4.285E-013
 9.030E+013  1.000E-008  6.236E+001 -8.238E-035
 9.050E+013  1.000E-008  6.236E+001 -4.285E-013
 9.070E+013  1.000E-008  6.236E+001  4.285E-013
 9.090E+013  1.000E-008  6.236E+001 -8.184E-035
 9.110E+013  1.000E-008  6.236E+001 -4.285E-013
 9.130E+013  1.000E-008  6.236E+001  0.000E+000
 9.150E+013  1.000E-008  6.236E+001  0.000E+000
 9.170E+013  1.000E-008  6.236E+001  0.000E+000
 9.190E+013  1.000E-008  6.236E+001  0.000E+000
 9.210E+013  1.000E-008  6.236E+001  0.000E+000
 9.230E+013  1.000E-008  6.236E+001  4.285E-013
 9.250E+013  1.000E-008  6.236E+001 -8.042E-035
 9.270E+013  1.000E-008  6.236E+001 -4.285E-013
 9.290E+013  1.000E-008  6.236E+001  0.000E+000
 9.310E+013  1.000E-008  6.236E+001  0.000E+000
 9.330E+013  1.000E-008  6.236E+001  0.000E+000
 9.350E+013  1.000E-008  6.236E+001  0.000E+000
 9.370E+013  1.000E-008  6.236E+001  4.285E-013
 9.390E+013  1.000E-008  6.236E+001 -4.285E-013
 9.410E+013  1.000E-008  6.236E+001  4.285E-013
 9.430E+013  1.000E-008  6.236E+001 -4.285E-013
 9.450E+013  1.000E-008  6.236E+001  0.000E+000
 9.470E+013  1.000E-008  6.236E+001  0.000E+000
 9.490E+013  1.000E-008  6.236E+001  0.000E+000
 9.510E+013  1.000E-008  6.236E+001  0.000E+000
 9.530E+013  1.000E-008  6.236E+001  4.285E-013
 9.550E+013  1.000E-008  6.236E+001 -4.285E-013
 9.570E+013  1.000E-008  6.236E+001 -1.463E-069
 9.590E+013  1.000E-008  6.236E+001 -9.292E-032
 9.610E+013  1.000E-008  6.236E+001 -4.284E-013
 9.630E+013  1.000E-008  6.236E+001  4.284E-013
 9.650E+013  1.000E-008  6.236E+001  9.284E-032
 9.670E+013  1.000E-008  6.236E+001  4.285E-013
 9.690E+013  1.000E-008  6.236E+001 -4.285E-013
 9.710E+013  1.000E-008  6.236E+001  0.000E+000
 9.730E+013  1.000E-008  6.236E+001  0.000E+000
 9.750E+013  1.000E-008  6.236E+001  0.000E+000
 9.770E+013  1.000E-008  6.236E+001  0.000E+000
 9.790E+013  1.000E-008  6.236E+001  0.000E+000
 9.810E+013  1.000E-008  6.236E+001  0.000E+000
 9.830E+013  1.000E-008  6.236E+001  0.000E+000
 9.850E+013  1.000E-008  6.236E+001  0.000E+000
 9.870E+013  1.000E-008  6.236E+001  0.000E+000
 9.890E+013  1.000E-008  6.236E+001  0.000E+000
 9.910E+013  1.000E-008  6.236E+001  0.000E+000
 9.930E+013  1.000E-008  6.236E+001  0.000E+000
 9.950E+013  1.000E-008  6.236E+001  4.285E-013
 9.970E+013  1.000E-008  6.236E+001 -4.285E-013
 9.990E+013  1.000E-008  6.236E+001  0.000E+000
 1.001E+014  1.000E-099  1.000E-099  0.000E+000
 1.003E+014  1.000E-099  1.000E-099  0.000E+000
 3.824E-003
