 5.431E+004
     x1b        dens       energ       v1
 1.000E+011  2.004E-010  5.212E+006  0.000E+000
 3.000E+011  2.135E-010  5.429E+006  2.693E+006
 5.000E+011  2.272E-010  5.387E+006  2.776E+006
 7.000E+011  2.411E-010  5.395E+006  2.239E+006
 9.000E+011  2.498E-010  5.395E+006  2.466E+006
 1.100E+012  2.525E-010  5.404E+006  3.793E+006
 1.300E+012  2.517E-010  5.391E+006  4.727E+006
 1.500E+012  2.501E-010  5.398E+006  5.393E+006
 1.700E+012  2.496E-010  5.410E+006  6.062E+006
 1.900E+012  2.505E-010  5.410E+006  6.803E+006
 2.100E+012  2.542E-010  5.408E+006  7.582E+006
 2.300E+012  2.639E-010  5.417E+006  8.499E+006
 2.500E+012  2.829E-010  5.436E+006  9.360E+006
 2.700E+012  3.163E-010  5.447E+006  1.010E+007
 2.900E+012  3.737E-010  5.469E+006  1.105E+007
 3.100E+012  4.703E-010  5.504E+006  1.210E+007
 3.300E+012  6.282E-010  5.550E+006  1.307E+007
 3.500E+012  8.784E-010  5.625E+006  1.411E+007
 3.700E+012  1.247E-009  5.707E+006  1.516E+007
 3.900E+012  1.759E-009  5.864E+006  1.613E+007
 4.100E+012  2.411E-009  6.075E+006  1.738E+007
 4.300E+012  3.200E-009  6.355E+006  1.850E+007
 4.500E+012  4.111E-009  6.649E+006  1.972E+007
 4.700E+012  5.114E-009  6.858E+006  2.033E+007
 4.900E+012  6.490E-009  7.431E+006  2.115E+007
 5.100E+012  8.508E-009  8.440E+006  2.324E+007
 5.300E+012  1.132E-008  9.633E+006  2.512E+007
 5.500E+012  1.686E-008  1.281E+007  2.785E+007
 5.700E+012  2.378E-008  1.582E+007  3.195E+007
 5.900E+012  2.434E-008  1.155E+007  3.111E+007
 6.100E+012  1.820E-008  3.824E+006  2.451E+007
 6.300E+012  1.214E-008  3.295E+005  1.321E+007
 6.500E+012  1.022E-008  1.182E+003  2.785E+006
 6.700E+012  1.000E-008  6.238E+001  4.825E+004
 6.900E+012  1.000E-008  6.236E+001  3.619E+000
 7.100E+012  1.000E-008  6.236E+001  4.638E-008
 7.300E+012  1.000E-008  6.236E+001  8.034E-012
 7.500E+012  1.000E-008  6.236E+001 -6.876E-012
 7.700E+012  1.000E-008  6.236E+001 -1.929E-013
 7.900E+012  1.000E-008  6.236E+001  1.929E-013
 8.100E+012  1.000E-008  6.236E+001 -1.929E-013
 8.300E+012  1.000E-008  6.236E+001 -8.564E-033
 8.500E+012  1.000E-008  6.236E+001 -1.929E-013
 8.700E+012  1.000E-008  6.236E+001  1.929E-013
 8.900E+012  1.000E-008  6.236E+001  8.484E-033
 9.100E+012  1.000E-008  6.236E+001  5.424E-072
 9.300E+012  1.000E-008  6.236E+001  9.926E-151
 9.500E+012  1.000E-008  6.236E+001  1.483E-308
 9.700E+012  1.000E-008  6.236E+001  0.000E+000
 9.900E+012  1.000E-008  6.236E+001  9.645E-013
 1.010E+013  1.000E-008  6.236E+001 -1.928E-013
 1.030E+013  1.000E-008  6.236E+001 -7.716E-013
 1.050E+013  1.000E-008  6.236E+001  0.000E+000
 1.070E+013  1.000E-008  6.236E+001  0.000E+000
 1.090E+013  1.000E-008  6.236E+001  0.000E+000
 1.110E+013  1.000E-008  6.236E+001  0.000E+000
 1.130E+013  1.000E-008  6.236E+001  1.929E-013
 1.150E+013  1.000E-008  6.236E+001 -1.929E-013
 1.170E+013  1.000E-008  6.236E+001  0.000E+000
 1.190E+013  1.000E-008  6.236E+001  0.000E+000
 1.210E+013  1.000E-008  6.236E+001  1.929E-013
 1.230E+013  1.000E-008  6.236E+001 -5.589E-035
 1.250E+013  1.000E-008  6.236E+001 -1.929E-013
 1.270E+013  1.000E-008  6.236E+001  0.000E+000
 1.290E+013  1.000E-008  6.236E+001  0.000E+000
 1.310E+013  1.000E-008  6.236E+001  0.000E+000
 1.330E+013  1.000E-008  6.236E+001  0.000E+000
 1.350E+013  1.000E-008  6.236E+001  0.000E+000
 1.370E+013  1.000E-008  6.236E+001  0.000E+000
 1.390E+013  1.000E-008  6.236E+001  7.716E-013
 1.410E+013  1.000E-008  6.236E+001 -7.716E-013
 1.430E+013  1.000E-008  6.236E+001 -2.880E-012
 1.450E+013  1.000E-008  6.236E+001  2.880E-012
 1.470E+013  1.000E-008  6.236E+001  5.788E-013
 1.490E+013  1.000E-008  6.236E+001 -5.788E-013
 1.510E+013  1.000E-008  6.236E+001  0.000E+000
 1.530E+013  1.000E-008  6.236E+001  0.000E+000
 1.550E+013  1.000E-008  6.236E+001  0.000E+000
 1.570E+013  1.000E-008  6.236E+001  0.000E+000
 1.590E+013  1.000E-008  6.236E+001  1.929E-013
 1.610E+013  1.000E-008  6.236E+001 -4.262E-035
 1.630E+013  1.000E-008  6.236E+001 -1.929E-013
 1.650E+013  1.000E-008  6.236E+001 -1.929E-013
 1.670E+013  1.000E-008  6.236E+001  1.929E-013
 1.690E+013  1.000E-008  6.236E+001  8.502E-033
 1.710E+013  1.000E-008  6.236E+001  5.447E-072
 1.730E+013  1.000E-008  6.236E+001  1.001E-150
 1.750E+013  1.000E-008  6.236E+001  1.509E-308
 1.770E+013  1.000E-008  6.236E+001  0.000E+000
 1.790E+013  1.000E-008  6.236E+001  0.000E+000
 1.810E+013  1.000E-008  6.236E+001  0.000E+000
 1.830E+013  1.000E-008  6.236E+001  1.929E-013
 1.850E+013  1.000E-008  6.236E+001 -1.929E-013
 1.870E+013  1.000E-008  6.236E+001  7.716E-013
 1.890E+013  1.000E-008  6.236E+001 -1.157E-012
 1.910E+013  1.000E-008  6.236E+001  7.717E-013
 1.930E+013  1.000E-008  6.236E+001 -3.859E-013
 1.950E+013  1.000E-008  6.236E+001  0.000E+000
 1.970E+013  1.000E-008  6.236E+001  0.000E+000
 1.990E+013  1.000E-008  6.236E+001  0.000E+000
 2.010E+013  1.000E-008  6.236E+001  0.000E+000
 2.030E+013  1.000E-008  6.236E+001  0.000E+000
 2.050E+013  1.000E-008  6.236E+001  0.000E+000
 2.070E+013  1.000E-008  6.236E+001  0.000E+000
 2.090E+013  1.000E-008  6.236E+001  1.929E-013
 2.110E+013  1.000E-008  6.236E+001 -3.247E-035
 2.130E+013  1.000E-008  6.236E+001 -1.929E-013
 2.150E+013  1.000E-008  6.236E+001  0.000E+000
 2.170E+013  1.000E-008  6.236E+001  0.000E+000
 2.190E+013  1.000E-008  6.236E+001  0.000E+000
 2.210E+013  1.000E-008  6.236E+001  0.000E+000
 2.230E+013  1.000E-008  6.236E+001  0.000E+000
 2.250E+013  1.000E-008  6.236E+001  0.000E+000
 2.270E+013  1.000E-008  6.236E+001  1.929E-013
 2.290E+013  1.000E-008  6.236E+001 -2.991E-035
 2.310E+013  1.000E-008  6.236E+001 -1.929E-013
 2.330E+013  1.000E-008  6.236E+001  0.000E+000
 2.350E+013  1.000E-008  6.236E+001  0.000E+000
 2.370E+013  1.000E-008  6.236E+001  1.929E-013
 2.390E+013  1.000E-008  6.236E+001 -1.929E-013
 2.410E+013  1.000E-008  6.236E+001  0.000E+000
 2.430E+013  1.000E-008  6.236E+001  0.000E+000
 2.450E+013  1.000E-008  6.236E+001  0.000E+000
 2.470E+013  1.000E-008  6.236E+001  1.929E-013
 2.490E+013  1.000E-008  6.236E+001 -1.929E-013
 2.510E+013  1.000E-008  6.236E+001  1.929E-013
 2.530E+013  1.000E-008  6.236E+001 -1.929E-013
 2.550E+013  1.000E-008  6.236E+001 -1.019E-303
 2.570E+013  1.000E-008  6.236E+001 -2.603E-148
 2.590E+013  1.000E-008  6.236E+001 -8.783E-071
 2.610E+013  1.000E-008  6.236E+001 -3.414E-032
 2.630E+013  1.000E-008  6.236E+001 -3.858E-013
 2.650E+013  1.000E-008  6.236E+001  3.858E-013
 2.670E+013  1.000E-008  6.236E+001  3.403E-032
 2.690E+013  1.000E-008  6.236E+001  8.730E-071
 2.710E+013  1.000E-008  6.236E+001  1.929E-013
 2.730E+013  1.000E-008  6.236E+001 -1.929E-013
 2.750E+013  1.000E-008  6.236E+001  5.788E-013
 2.770E+013  1.000E-008  6.236E+001 -5.788E-013
 2.790E+013  1.000E-008  6.236E+001  0.000E+000
 2.810E+013  1.000E-008  6.236E+001  0.000E+000
 2.830E+013  1.000E-008  6.236E+001  9.645E-013
 2.850E+013  1.000E-008  6.236E+001 -1.928E-013
 2.870E+013  1.000E-008  6.236E+001 -7.716E-013
 2.890E+013  1.000E-008  6.236E+001 -1.333E-032
 2.910E+013  1.000E-008  6.236E+001  1.350E-012
 2.930E+013  1.000E-008  6.236E+001 -1.350E-012
 2.950E+013  1.000E-008  6.236E+001  0.000E+000
 2.970E+013  1.000E-008  6.236E+001  0.000E+000
 2.990E+013  1.000E-008  6.236E+001  0.000E+000
 3.010E+013  1.000E-008  6.236E+001  1.929E-013
 3.030E+013  1.000E-008  6.236E+001 -1.929E-013
 3.050E+013  1.000E-008  6.236E+001  1.929E-013
 3.070E+013  1.000E-008  6.236E+001 -1.929E-013
 3.090E+013  1.000E-008  6.236E+001  1.929E-013
 3.110E+013  1.000E-008  6.236E+001  1.929E-013
 3.130E+013  1.000E-008  6.236E+001 -3.859E-013
 3.150E+013  1.000E-008  6.236E+001  0.000E+000
 3.170E+013  1.000E-008  6.236E+001  0.000E+000
 3.190E+013  1.000E-008  6.236E+001  0.000E+000
 3.210E+013  1.000E-008  6.236E+001  0.000E+000
 3.230E+013  1.000E-008  6.236E+001  0.000E+000
 3.250E+013  1.000E-008  6.236E+001  0.000E+000
 3.270E+013  1.000E-008  6.236E+001 -1.553E-308
 3.290E+013  1.000E-008  6.236E+001 -1.016E-150
 3.310E+013  1.000E-008  6.236E+001 -5.487E-072
 3.330E+013  1.000E-008  6.236E+001 -8.532E-033
 3.350E+013  1.000E-008  6.236E+001 -1.929E-013
 3.370E+013  1.000E-008  6.236E+001  1.929E-013
 3.390E+013  1.000E-008  6.236E+001  8.512E-033
 3.410E+013  1.000E-008  6.236E+001  5.461E-072
 3.430E+013  1.000E-008  6.236E+001  1.006E-150
 3.450E+013  1.000E-008  6.236E+001  3.859E-013
 3.470E+013  1.000E-008  6.236E+001 -3.859E-013
 3.490E+013  1.000E-008  6.236E+001  0.000E+000
 3.510E+013  1.000E-008  6.236E+001  0.000E+000
 3.530E+013  1.000E-008  6.236E+001  0.000E+000
 3.550E+013  1.000E-008  6.236E+001  0.000E+000
 3.570E+013  1.000E-008  6.236E+001  3.859E-013
 3.590E+013  1.000E-008  6.236E+001 -1.929E-013
 3.610E+013  1.000E-008  6.236E+001 -8.533E-033
 3.630E+013  1.000E-008  6.236E+001 -1.929E-013
 3.650E+013  1.000E-008  6.236E+001 -1.929E-013
 3.670E+013  1.000E-008  6.236E+001  1.929E-013
 3.690E+013  1.000E-008  6.236E+001  1.929E-013
 3.710E+013  1.000E-008  6.236E+001 -1.929E-013
 3.730E+013  1.000E-008  6.236E+001 -9.165E-036
 3.750E+013  1.000E-008  6.236E+001  1.929E-013
 3.770E+013  1.000E-008  6.236E+001 -1.929E-013
 3.790E+013  1.000E-008  6.236E+001  0.000E+000
 3.810E+013  1.000E-008  6.236E+001  0.000E+000
 3.830E+013  1.000E-008  6.236E+001  1.929E-013
 3.850E+013  1.000E-008  6.236E+001 -1.929E-013
 3.870E+013  1.000E-008  6.236E+001 -8.531E-033
 3.890E+013  1.000E-008  6.236E+001 -1.929E-013
 3.910E+013  1.000E-008  6.236E+001 -2.583E-033
 3.930E+013  1.000E-008  6.236E+001  5.788E-013
 3.950E+013  1.000E-008  6.236E+001 -1.929E-013
 3.970E+013  1.000E-008  6.236E+001  5.787E-013
 3.990E+013  1.000E-008  6.236E+001 -7.716E-013
 4.010E+013  1.000E-008  6.236E+001  0.000E+000
 4.030E+013  1.000E-008  6.236E+001  0.000E+000
 4.050E+013  1.000E-008  6.236E+001  0.000E+000
 4.070E+013  1.000E-008  6.236E+001  0.000E+000
 4.090E+013  1.000E-008  6.236E+001  6.897E-012
 4.110E+013  1.000E-008  6.236E+001 -6.897E-012
 4.130E+013  1.000E-008  6.236E+001  4.936E-012
 4.150E+013  1.000E-008  6.236E+001 -4.936E-012
 4.170E+013  1.000E-008  6.236E+001  1.735E-012
 4.190E+013  1.000E-008  6.236E+001 -1.542E-012
 4.210E+013  1.000E-008  6.236E+001 -8.531E-033
 4.230E+013  1.000E-008  6.236E+001 -1.929E-013
 4.250E+013  1.000E-008  6.236E+001  0.000E+000
 4.270E+013  1.000E-008  6.236E+001  0.000E+000
 4.290E+013  1.000E-008  6.236E+001  0.000E+000
 4.310E+013  1.000E-008  6.236E+001  0.000E+000
 4.330E+013  1.000E-008  6.236E+001  0.000E+000
 4.350E+013  1.000E-008  6.236E+001  0.000E+000
 4.370E+013  1.000E-008  6.236E+001  0.000E+000
 4.390E+013  1.000E-008  6.236E+001  0.000E+000
 4.410E+013  1.000E-008  6.236E+001  0.000E+000
 4.430E+013  1.000E-008  6.236E+001  0.000E+000
 4.450E+013  1.000E-008  6.236E+001  0.000E+000
 4.470E+013  1.000E-008  6.236E+001  1.929E-013
 4.490E+013  1.000E-008  6.236E+001 -1.522E-035
 4.510E+013  1.000E-008  6.236E+001 -1.929E-013
 4.530E+013  1.000E-008  6.236E+001 -1.549E-308
 4.550E+013  1.000E-008  6.236E+001 -1.014E-150
 4.570E+013  1.000E-008  6.236E+001 -5.483E-072
 4.590E+013  1.000E-008  6.236E+001 -8.530E-033
 4.610E+013  1.000E-008  6.236E+001 -1.929E-013
 4.630E+013  1.000E-008  6.236E+001  1.929E-013
 4.650E+013  1.000E-008  6.236E+001  1.929E-013
 4.670E+013  1.000E-008  6.236E+001 -1.929E-013
 4.690E+013  1.000E-008  6.236E+001  1.929E-013
 4.710E+013  1.000E-008  6.236E+001 -1.929E-013
 4.730E+013  1.000E-008  6.236E+001  0.000E+000
 4.750E+013  1.000E-008  6.236E+001  0.000E+000
 4.770E+013  1.000E-008  6.236E+001  0.000E+000
 4.790E+013  1.000E-008  6.236E+001  1.929E-013
 4.810E+013  1.000E-008  6.236E+001 -1.929E-013
 4.830E+013  1.000E-008  6.236E+001 -7.073E-036
 4.850E+013  1.000E-008  6.236E+001  1.929E-013
 4.870E+013  1.000E-008  6.236E+001 -1.929E-013
 4.890E+013  1.000E-008  6.236E+001  0.000E+000
 4.910E+013  1.000E-008  6.236E+001  0.000E+000
 4.930E+013  1.000E-008  6.236E+001  0.000E+000
 4.950E+013  1.000E-008  6.236E+001  0.000E+000
 4.970E+013  1.000E-008  6.236E+001  0.000E+000
 4.990E+013  1.000E-008  6.236E+001  3.859E-013
 5.010E+013  1.000E-008  6.236E+001 -5.788E-013
 5.030E+013  1.000E-008  6.236E+001  1.929E-013
 5.050E+013  1.000E-008  6.236E+001  8.515E-033
 5.070E+013  1.000E-008  6.236E+001  5.465E-072
 5.090E+013  1.000E-008  6.236E+001  1.008E-150
 5.110E+013  1.000E-008  6.236E+001  1.929E-013
 5.130E+013  1.000E-008  6.236E+001 -1.929E-013
 5.150E+013  1.000E-008  6.236E+001  0.000E+000
 5.170E+013  1.000E-008  6.236E+001  0.000E+000
 5.190E+013  1.000E-008  6.236E+001 -1.547E-308
 5.210E+013  1.000E-008  6.236E+001 -1.014E-150
 5.230E+013  1.000E-008  6.236E+001 -5.482E-072
 5.250E+013  1.000E-008  6.236E+001 -8.529E-033
 5.270E+013  1.000E-008  6.236E+001 -1.929E-013
 5.290E+013  1.000E-008  6.236E+001  1.929E-013
 5.310E+013  1.000E-008  6.236E+001  8.516E-033
 5.330E+013  1.000E-008  6.236E+001  5.465E-072
 5.350E+013  1.000E-008  6.236E+001  3.859E-013
 5.370E+013  1.000E-008  6.236E+001 -3.859E-013
 5.390E+013  1.000E-008  6.236E+001  1.124E-033
 5.410E+013  1.000E-008  6.236E+001  1.929E-013
 5.430E+013  1.000E-008  6.236E+001  1.929E-013
 5.450E+013  1.000E-008  6.236E+001  1.929E-013
 5.470E+013  1.000E-008  6.236E+001 -5.788E-013
 5.490E+013  1.000E-008  6.236E+001 -8.528E-033
 5.510E+013  1.000E-008  6.236E+001 -1.929E-013
 5.530E+013  1.000E-008  6.236E+001  3.859E-013
 5.550E+013  1.000E-008  6.236E+001 -7.717E-013
 5.570E+013  1.000E-008  6.236E+001  3.858E-013
 5.590E+013  1.000E-008  6.236E+001  1.929E-013
 5.610E+013  1.000E-008  6.236E+001 -1.929E-013
 5.630E+013  1.000E-008  6.236E+001  1.929E-013
 5.650E+013  1.000E-008  6.236E+001 -1.157E-012
 5.670E+013  1.000E-008  6.236E+001  1.157E-012
 5.690E+013  1.000E-008  6.236E+001  1.157E-012
 5.710E+013  1.000E-008  6.236E+001 -1.157E-012
 5.730E+013  1.000E-008  6.236E+001  1.350E-012
 5.750E+013  1.000E-008  6.236E+001 -2.892E-012
 5.770E+013  1.000E-008  6.236E+001 -1.923E-013
 5.790E+013  1.000E-008  6.236E+001  1.735E-012
 5.810E+013  1.000E-008  6.236E+001  8.754E-012
 5.830E+013  1.000E-008  6.236E+001 -8.754E-012
 5.850E+013  1.000E-008  6.236E+001  0.000E+000
 5.870E+013  1.000E-008  6.236E+001  0.000E+000
 5.890E+013  1.000E-008  6.236E+001  0.000E+000
 5.910E+013  1.000E-008  6.236E+001  0.000E+000
 5.930E+013  1.000E-008  6.236E+001  0.000E+000
 5.950E+013  1.000E-008  6.236E+001  0.000E+000
 5.970E+013  1.000E-008  6.236E+001  0.000E+000
 5.990E+013  1.000E-008  6.236E+001  0.000E+000
 6.010E+013  1.000E-008  6.236E+001  0.000E+000
 6.030E+013  1.000E-008  6.236E+001  1.929E-013
 6.050E+013  1.000E-008  6.236E+001 -1.929E-013
 6.070E+013  1.000E-008  6.236E+001  1.929E-013
 6.090E+013  1.000E-008  6.236E+001 -1.929E-013
 6.110E+013  1.000E-008  6.236E+001  0.000E+000
 6.130E+013  1.000E-008  6.236E+001  0.000E+000
 6.150E+013  1.000E-008  6.236E+001  0.000E+000
 6.170E+013  1.000E-008  6.236E+001  1.929E-013
 6.190E+013  1.000E-008  6.236E+001 -1.929E-013
 6.210E+013  1.000E-008  6.236E+001  0.000E+000
 6.230E+013  1.000E-008  6.236E+001  0.000E+000
 6.250E+013  1.000E-008  6.236E+001  0.000E+000
 6.270E+013  1.000E-008  6.236E+001  0.000E+000
 6.290E+013  1.000E-008  6.236E+001  0.000E+000
 6.310E+013  1.000E-008  6.236E+001  0.000E+000
 6.330E+013  1.000E-008  6.236E+001  0.000E+000
 6.350E+013  1.000E-008  6.236E+001  1.929E-013
 6.370E+013  1.000E-008  6.236E+001 -1.929E-013
 6.390E+013  1.000E-008  6.236E+001  0.000E+000
 6.410E+013  1.000E-008  6.236E+001  0.000E+000
 6.430E+013  1.000E-008  6.236E+001  0.000E+000
 6.450E+013  1.000E-008  6.236E+001  0.000E+000
 6.470E+013  1.000E-008  6.236E+001  1.929E-013
 6.490E+013  1.000E-008  6.236E+001 -1.929E-013
 6.510E+013  1.000E-008  6.236E+001  0.000E+000
 6.530E+013  1.000E-008  6.236E+001  0.000E+000
 6.550E+013  1.000E-008  6.236E+001  0.000E+000
 6.570E+013  1.000E-008  6.236E+001  0.000E+000
 6.590E+013  1.000E-008  6.236E+001  1.929E-013
 6.610E+013  1.000E-008  6.236E+001 -1.929E-013
 6.630E+013  1.000E-008  6.236E+001  0.000E+000
 6.650E+013  1.000E-008  6.236E+001  0.000E+000
 6.670E+013  1.000E-008  6.236E+001  0.000E+000
 6.690E+013  1.000E-008  6.236E+001  1.929E-013
 6.710E+013  1.000E-008  6.236E+001 -1.929E-013
 6.730E+013  1.000E-008  6.236E+001  0.000E+000
 6.750E+013  1.000E-008  6.236E+001  0.000E+000
 6.770E+013  1.000E-008  6.236E+001  1.929E-013
 6.790E+013  1.000E-008  6.236E+001 -1.929E-013
 6.810E+013  1.000E-008  6.236E+001  1.929E-013
 6.830E+013  1.000E-008  6.236E+001 -9.998E-036
 6.850E+013  1.000E-008  6.236E+001 -1.929E-013
 6.870E+013  1.000E-008  6.236E+001  0.000E+000
 6.890E+013  1.000E-008  6.236E+001  0.000E+000
 6.910E+013  1.000E-008  6.236E+001  0.000E+000
 6.930E+013  1.000E-008  6.236E+001  1.929E-013
 6.950E+013  1.000E-008  6.236E+001 -1.929E-013
 6.970E+013  1.000E-008  6.236E+001  0.000E+000
 6.990E+013  1.000E-008  6.236E+001  0.000E+000
 7.010E+013  1.000E-008  6.236E+001  0.000E+000
 7.030E+013  1.000E-008  6.236E+001  0.000E+000
 7.050E+013  1.000E-008  6.236E+001  0.000E+000
 7.070E+013  1.000E-008  6.236E+001  0.000E+000
 7.090E+013  1.000E-008  6.236E+001  0.000E+000
 7.110E+013  1.000E-008  6.236E+001  0.000E+000
 7.130E+013  1.000E-008  6.236E+001  0.000E+000
 7.150E+013  1.000E-008  6.236E+001  0.000E+000
 7.170E+013  1.000E-008  6.236E+001  0.000E+000
 7.190E+013  1.000E-008  6.236E+001  1.929E-013
 7.210E+013  1.000E-008  6.236E+001 -1.929E-013
 7.230E+013  1.000E-008  6.236E+001  0.000E+000
 7.250E+013  1.000E-008  6.236E+001  0.000E+000
 7.270E+013  1.000E-008  6.236E+001  3.859E-013
 7.290E+013  1.000E-008  6.236E+001 -3.746E-035
 7.310E+013  1.000E-008  6.236E+001 -3.859E-013
 7.330E+013  1.000E-008  6.236E+001 -8.527E-033
 7.350E+013  1.000E-008  6.236E+001 -1.929E-013
 7.370E+013  1.000E-008  6.236E+001  1.929E-013
 7.390E+013  1.000E-008  6.236E+001  8.518E-033
 7.410E+013  1.000E-008  6.236E+001  5.468E-072
 7.430E+013  1.000E-008  6.236E+001  1.009E-150
 7.450E+013  1.000E-008  6.236E+001  1.531E-308
 7.470E+013  1.000E-008  6.236E+001  0.000E+000
 7.490E+013  1.000E-008  6.236E+001  0.000E+000
 7.510E+013  1.000E-008  6.236E+001  0.000E+000
 7.530E+013  1.000E-008  6.236E+001  0.000E+000
 7.550E+013  1.000E-008  6.236E+001  0.000E+000
 7.570E+013  1.000E-008  6.236E+001  0.000E+000
 7.590E+013  1.000E-008  6.236E+001  0.000E+000
 7.610E+013  1.000E-008  6.236E+001  0.000E+000
 7.630E+013  1.000E-008  6.236E+001  0.000E+000
 7.650E+013  1.000E-008  6.236E+001  0.000E+000
 7.670E+013  1.000E-008  6.236E+001  3.859E-013
 7.690E+013  1.000E-008  6.236E+001 -3.859E-013
 7.710E+013  1.000E-008  6.236E+001  5.788E-013
 7.730E+013  1.000E-008  6.236E+001 -5.788E-013
 7.750E+013  1.000E-008  6.236E+001  2.019E-033
 7.770E+013  1.000E-008  6.236E+001  3.859E-013
 7.790E+013  1.000E-008  6.236E+001 -1.157E-012
 7.810E+013  1.000E-008  6.236E+001  1.157E-012
 7.830E+013  1.000E-008  6.236E+001 -3.859E-013
 7.850E+013  1.000E-008  6.236E+001 -3.863E-072
 7.870E+013  1.000E-008  6.236E+001 -7.160E-033
 7.890E+013  1.000E-008  6.236E+001 -1.929E-013
 7.910E+013  1.000E-008  6.236E+001 -9.642E-013
 7.930E+013  1.000E-008  6.236E+001  5.784E-013
 7.950E+013  1.000E-008  6.236E+001  5.787E-013
 7.970E+013  1.000E-008  6.236E+001 -7.716E-013
 7.990E+013  1.000E-008  6.236E+001  7.716E-013
 8.010E+013  1.000E-008  6.236E+001  1.362E-031
 8.030E+013  1.000E-008  6.236E+001  1.398E-069
 8.050E+013  1.000E-008  6.236E+001  6.596E-146
 8.070E+013  1.000E-008  6.236E+001 -6.703E-292
 8.090E+013  1.000E-008  6.236E+001 -2.113E-142
 8.110E+013  1.000E-008  6.236E+001 -7.921E-068
 8.130E+013  1.000E-008  6.236E+001 -1.026E-030
 8.150E+013  1.000E-008  6.236E+001 -2.118E-012
 8.170E+013  1.000E-008  6.236E+001  2.697E-012
 8.190E+013  1.000E-008  6.236E+001 -5.788E-013
 8.210E+013  1.000E-008  6.236E+001  0.000E+000
 8.230E+013  1.000E-008  6.236E+001  0.000E+000
 8.250E+013  1.000E-008  6.236E+001  0.000E+000
 8.270E+013  1.000E-008  6.236E+001  0.000E+000
 8.290E+013  1.000E-008  6.236E+001  7.716E-013
 8.310E+013  1.000E-008  6.236E+001 -7.716E-013
 8.330E+013  1.000E-008  6.236E+001 -8.271E-033
 8.350E+013  1.000E-008  6.236E+001  1.157E-012
 8.370E+013  1.000E-008  6.236E+001 -9.643E-013
 8.390E+013  1.000E-008  6.236E+001 -8.527E-033
 8.410E+013  1.000E-008  6.236E+001 -1.929E-013
 8.430E+013  1.000E-008  6.236E+001  1.929E-013
 8.450E+013  1.000E-008  6.236E+001 -8.079E-036
 8.470E+013  1.000E-008  6.236E+001 -1.929E-013
 8.490E+013  1.000E-008  6.236E+001 -4.020E-036
 8.510E+013  1.000E-008  6.236E+001  1.929E-013
 8.530E+013  1.000E-008  6.236E+001 -8.003E-036
 8.550E+013  1.000E-008  6.236E+001 -1.929E-013
 8.570E+013  1.000E-008  6.236E+001 -3.983E-036
 8.590E+013  1.000E-008  6.236E+001  1.929E-013
 8.610E+013  1.000E-008  6.236E+001 -1.929E-013
 8.630E+013  1.000E-008  6.236E+001  0.000E+000
 8.650E+013  1.000E-008  6.236E+001  0.000E+000
 8.670E+013  1.000E-008  6.236E+001  0.000E+000
 8.690E+013  1.000E-008  6.236E+001  0.000E+000
 8.710E+013  1.000E-008  6.236E+001  0.000E+000
 8.730E+013  1.000E-008  6.236E+001  0.000E+000
 8.750E+013  1.000E-008  6.236E+001  1.929E-013
 8.770E+013  1.000E-008  6.236E+001 -1.929E-013
 8.790E+013  1.000E-008  6.236E+001 -3.883E-036
 8.810E+013  1.000E-008  6.236E+001  1.929E-013
 8.830E+013  1.000E-008  6.236E+001 -1.929E-013
 8.850E+013  1.000E-008  6.236E+001  1.929E-013
 8.870E+013  1.000E-008  6.236E+001  1.929E-013
 8.890E+013  1.000E-008  6.236E+001 -3.859E-013
 8.910E+013  1.000E-008  6.236E+001  0.000E+000
 8.930E+013  1.000E-008  6.236E+001  0.000E+000
 8.950E+013  1.000E-008  6.236E+001  0.000E+000
 8.970E+013  1.000E-008  6.236E+001  0.000E+000
 8.990E+013  1.000E-008  6.236E+001  0.000E+000
 9.010E+013  1.000E-008  6.236E+001  1.929E-013
 9.030E+013  1.000E-008  6.236E+001 -7.560E-036
 9.050E+013  1.000E-008  6.236E+001 -1.929E-013
 9.070E+013  1.000E-008  6.236E+001  1.929E-013
 9.090E+013  1.000E-008  6.236E+001 -7.510E-036
 9.110E+013  1.000E-008  6.236E+001 -1.929E-013
 9.130E+013  1.000E-008  6.236E+001  0.000E+000
 9.150E+013  1.000E-008  6.236E+001  0.000E+000
 9.170E+013  1.000E-008  6.236E+001  0.000E+000
 9.190E+013  1.000E-008  6.236E+001  0.000E+000
 9.210E+013  1.000E-008  6.236E+001  0.000E+000
 9.230E+013  1.000E-008  6.236E+001  1.929E-013
 9.250E+013  1.000E-008  6.236E+001 -7.380E-036
 9.270E+013  1.000E-008  6.236E+001 -1.929E-013
 9.290E+013  1.000E-008  6.236E+001  0.000E+000
 9.310E+013  1.000E-008  6.236E+001  0.000E+000
 9.330E+013  1.000E-008  6.236E+001  0.000E+000
 9.350E+013  1.000E-008  6.236E+001  0.000E+000
 9.370E+013  1.000E-008  6.236E+001  1.929E-013
 9.390E+013  1.000E-008  6.236E+001 -1.929E-013
 9.410E+013  1.000E-008  6.236E+001  1.929E-013
 9.430E+013  1.000E-008  6.236E+001 -1.929E-013
 9.450E+013  1.000E-008  6.236E+001  0.000E+000
 9.470E+013  1.000E-008  6.236E+001  0.000E+000
 9.490E+013  1.000E-008  6.236E+001  0.000E+000
 9.510E+013  1.000E-008  6.236E+001  0.000E+000
 9.530E+013  1.000E-008  6.236E+001  1.929E-013
 9.550E+013  1.000E-008  6.236E+001 -1.929E-013
 9.570E+013  1.000E-008  6.236E+001 -5.478E-072
 9.590E+013  1.000E-008  6.236E+001 -8.526E-033
 9.610E+013  1.000E-008  6.236E+001 -1.929E-013
 9.630E+013  1.000E-008  6.236E+001  1.929E-013
 9.650E+013  1.000E-008  6.236E+001  8.519E-033
 9.670E+013  1.000E-008  6.236E+001  1.929E-013
 9.690E+013  1.000E-008  6.236E+001 -1.929E-013
 9.710E+013  1.000E-008  6.236E+001  0.000E+000
 9.730E+013  1.000E-008  6.236E+001  0.000E+000
 9.750E+013  1.000E-008  6.236E+001  0.000E+000
 9.770E+013  1.000E-008  6.236E+001  0.000E+000
 9.790E+013  1.000E-008  6.236E+001  0.000E+000
 9.810E+013  1.000E-008  6.236E+001  0.000E+000
 9.830E+013  1.000E-008  6.236E+001  0.000E+000
 9.850E+013  1.000E-008  6.236E+001  0.000E+000
 9.870E+013  1.000E-008  6.236E+001  0.000E+000
 9.890E+013  1.000E-008  6.236E+001  0.000E+000
 9.910E+013  1.000E-008  6.236E+001  0.000E+000
 9.930E+013  1.000E-008  6.236E+001  0.000E+000
 9.950E+013  1.000E-008  6.236E+001  1.929E-013
 9.970E+013  1.000E-008  6.236E+001 -1.929E-013
 9.990E+013  1.000E-008  6.236E+001  0.000E+000
 1.001E+014  1.000E-099  1.000E-099  0.000E+000
 1.003E+014  1.000E-099  1.000E-099  0.000E+000
 1.722E-003
