 2.041E+005
     x1b        dens       energ       v1
 1.000E+011  8.176E-011  1.169E+006  0.000E+000
 3.000E+011  8.284E-011  1.163E+006 -9.934E+004
 5.000E+011  8.624E-011  1.166E+006  6.301E+005
 7.000E+011  9.059E-011  1.165E+006  6.713E+005
 9.000E+011  9.491E-011  1.165E+006  9.556E+005
 1.100E+012  9.849E-011  1.165E+006  1.164E+006
 1.300E+012  1.002E-010  1.166E+006  1.417E+006
 1.500E+012  1.004E-010  1.166E+006  1.656E+006
 1.700E+012  1.003E-010  1.166E+006  1.893E+006
 1.900E+012  9.994E-011  1.166E+006  2.122E+006
 2.100E+012  9.961E-011  1.167E+006  2.358E+006
 2.300E+012  9.963E-011  1.167E+006  2.597E+006
 2.500E+012  9.982E-011  1.167E+006  2.835E+006
 2.700E+012  1.005E-010  1.168E+006  3.071E+006
 2.900E+012  1.020E-010  1.168E+006  3.303E+006
 3.100E+012  1.048E-010  1.168E+006  3.539E+006
 3.300E+012  1.094E-010  1.169E+006  3.780E+006
 3.500E+012  1.166E-010  1.170E+006  4.020E+006
 3.700E+012  1.274E-010  1.170E+006  4.255E+006
 3.900E+012  1.432E-010  1.171E+006  4.491E+006
 4.100E+012  1.660E-010  1.172E+006  4.740E+006
 4.300E+012  1.986E-010  1.173E+006  4.979E+006
 4.500E+012  2.446E-010  1.174E+006  5.227E+006
 4.700E+012  3.083E-010  1.176E+006  5.476E+006
 4.900E+012  3.939E-010  1.179E+006  5.721E+006
 5.100E+012  5.047E-010  1.182E+006  5.965E+006
 5.300E+012  6.412E-010  1.186E+006  6.207E+006
 5.500E+012  8.015E-010  1.192E+006  6.445E+006
 5.700E+012  9.815E-010  1.199E+006  6.683E+006
 5.900E+012  1.178E-009  1.208E+006  6.924E+006
 6.100E+012  1.388E-009  1.220E+006  7.168E+006
 6.300E+012  1.614E-009  1.233E+006  7.417E+006
 6.500E+012  1.860E-009  1.249E+006  7.671E+006
 6.700E+012  2.133E-009  1.268E+006  7.929E+006
 6.900E+012  2.443E-009  1.289E+006  8.193E+006
 7.100E+012  2.801E-009  1.315E+006  8.461E+006
 7.300E+012  3.223E-009  1.345E+006  8.737E+006
 7.500E+012  3.727E-009  1.383E+006  9.031E+006
 7.700E+012  4.330E-009  1.428E+006  9.341E+006
 7.900E+012  5.046E-009  1.480E+006  9.657E+006
 8.100E+012  5.893E-009  1.541E+006  9.971E+006
 8.300E+012  6.897E-009  1.615E+006  1.030E+007
 8.500E+012  8.078E-009  1.703E+006  1.065E+007
 8.700E+012  9.462E-009  1.803E+006  1.098E+007
 8.900E+012  1.119E-008  1.941E+006  1.134E+007
 9.100E+012  1.338E-008  2.123E+006  1.182E+007
 9.300E+012  1.595E-008  2.297E+006  1.224E+007
 9.500E+012  1.969E-008  2.618E+006  1.263E+007
 9.700E+012  2.576E-008  3.261E+006  1.369E+007
 9.900E+012  2.880E-008  3.238E+006  1.435E+007
 1.010E+013  2.562E-008  1.990E+006  1.326E+007
 1.030E+013  1.644E-008  4.779E+005  9.734E+006
 1.050E+013  1.137E-008  2.438E+004  4.495E+006
 1.070E+013  1.009E-008  8.663E+001  6.230E+005
 1.090E+013  1.000E-008  6.236E+001  4.665E+003
 1.110E+013  1.000E-008  6.236E+001  8.107E-002
 1.130E+013  1.000E-008  6.236E+001  4.633E-009
 1.150E+013  1.000E-008  6.236E+001 -7.253E-013
 1.170E+013  1.000E-008  6.236E+001  0.000E+000
 1.190E+013  1.000E-008  6.236E+001  0.000E+000
 1.210E+013  1.000E-008  6.236E+001  7.253E-013
 1.230E+013  1.000E-008  6.236E+001 -2.948E-033
 1.250E+013  1.000E-008  6.236E+001 -7.253E-013
 1.270E+013  1.000E-008  6.236E+001  0.000E+000
 1.290E+013  1.000E-008  6.236E+001  0.000E+000
 1.310E+013  1.000E-008  6.236E+001  0.000E+000
 1.330E+013  1.000E-008  6.236E+001  0.000E+000
 1.350E+013  1.000E-008  6.236E+001  0.000E+000
 1.370E+013  1.000E-008  6.236E+001  0.000E+000
 1.390E+013  1.000E-008  6.236E+001  2.901E-012
 1.410E+013  1.000E-008  6.236E+001 -2.901E-012
 1.430E+013  1.000E-008  6.236E+001 -1.087E-011
 1.450E+013  1.000E-008  6.236E+001  1.087E-011
 1.470E+013  1.000E-008  6.236E+001  2.176E-012
 1.490E+013  1.000E-008  6.236E+001 -2.176E-012
 1.510E+013  1.000E-008  6.236E+001  0.000E+000
 1.530E+013  1.000E-008  6.236E+001  0.000E+000
 1.550E+013  1.000E-008  6.236E+001  0.000E+000
 1.570E+013  1.000E-008  6.236E+001  0.000E+000
 1.590E+013  1.000E-008  6.236E+001  7.253E-013
 1.610E+013  1.000E-008  6.236E+001 -2.248E-033
 1.630E+013  1.000E-008  6.236E+001 -7.253E-013
 1.650E+013  1.000E-008  6.236E+001 -7.253E-013
 1.670E+013  1.000E-008  6.236E+001  7.253E-013
 1.690E+013  1.000E-008  6.236E+001  4.485E-031
 1.710E+013  1.000E-008  6.236E+001  5.801E-068
 1.730E+013  1.000E-008  6.236E+001  4.456E-142
 1.750E+013  1.000E-008  6.236E+001  1.233E-290
 1.770E+013  1.000E-008  6.236E+001  0.000E+000
 1.790E+013  1.000E-008  6.236E+001  0.000E+000
 1.810E+013  1.000E-008  6.236E+001  0.000E+000
 1.830E+013  1.000E-008  6.236E+001  7.253E-013
 1.850E+013  1.000E-008  6.236E+001 -7.253E-013
 1.870E+013  1.000E-008  6.236E+001  2.901E-012
 1.890E+013  1.000E-008  6.236E+001 -4.352E-012
 1.910E+013  1.000E-008  6.236E+001  2.901E-012
 1.930E+013  1.000E-008  6.236E+001 -1.451E-012
 1.950E+013  1.000E-008  6.236E+001  0.000E+000
 1.970E+013  1.000E-008  6.236E+001  0.000E+000
 1.990E+013  1.000E-008  6.236E+001  0.000E+000
 2.010E+013  1.000E-008  6.236E+001  0.000E+000
 2.030E+013  1.000E-008  6.236E+001  0.000E+000
 2.050E+013  1.000E-008  6.236E+001  0.000E+000
 2.070E+013  1.000E-008  6.236E+001  0.000E+000
 2.090E+013  1.000E-008  6.236E+001  7.253E-013
 2.110E+013  1.000E-008  6.236E+001 -1.713E-033
 2.130E+013  1.000E-008  6.236E+001 -7.253E-013
 2.150E+013  1.000E-008  6.236E+001  0.000E+000
 2.170E+013  1.000E-008  6.236E+001  0.000E+000
 2.190E+013  1.000E-008  6.236E+001  0.000E+000
 2.210E+013  1.000E-008  6.236E+001  0.000E+000
 2.230E+013  1.000E-008  6.236E+001  0.000E+000
 2.250E+013  1.000E-008  6.236E+001  0.000E+000
 2.270E+013  1.000E-008  6.236E+001  7.253E-013
 2.290E+013  1.000E-008  6.236E+001 -1.578E-033
 2.310E+013  1.000E-008  6.236E+001 -7.253E-013
 2.330E+013  1.000E-008  6.236E+001  0.000E+000
 2.350E+013  1.000E-008  6.236E+001  0.000E+000
 2.370E+013  1.000E-008  6.236E+001  7.253E-013
 2.390E+013  1.000E-008  6.236E+001 -7.253E-013
 2.410E+013  1.000E-008  6.236E+001  0.000E+000
 2.430E+013  1.000E-008  6.236E+001  0.000E+000
 2.450E+013  1.000E-008  6.236E+001  0.000E+000
 2.470E+013  1.000E-008  6.236E+001  7.253E-013
 2.490E+013  1.000E-008  6.236E+001 -7.253E-013
 2.510E+013  1.000E-008  6.236E+001  7.253E-013
 2.530E+013  1.000E-008  6.236E+001 -7.253E-013
 2.550E+013  1.000E-008  6.236E+001 -8.334E-286
 2.570E+013  1.000E-008  6.236E+001 -1.159E-139
 2.590E+013  1.000E-008  6.236E+001 -9.354E-067
 2.610E+013  1.000E-008  6.236E+001 -1.801E-030
 2.630E+013  1.000E-008  6.236E+001 -1.451E-012
 2.650E+013  1.000E-008  6.236E+001  1.451E-012
 2.670E+013  1.000E-008  6.236E+001  1.796E-030
 2.690E+013  1.000E-008  6.236E+001  9.297E-067
 2.710E+013  1.000E-008  6.236E+001  7.253E-013
 2.730E+013  1.000E-008  6.236E+001 -7.253E-013
 2.750E+013  1.000E-008  6.236E+001  2.176E-012
 2.770E+013  1.000E-008  6.236E+001 -2.176E-012
 2.790E+013  1.000E-008  6.236E+001  0.000E+000
 2.810E+013  1.000E-008  6.236E+001  0.000E+000
 2.830E+013  1.000E-008  6.236E+001  3.626E-012
 2.850E+013  1.000E-008  6.236E+001 -7.252E-013
 2.870E+013  1.000E-008  6.236E+001 -2.901E-012
 2.890E+013  1.000E-008  6.236E+001 -7.039E-031
 2.910E+013  1.000E-008  6.236E+001  5.076E-012
 2.930E+013  1.000E-008  6.236E+001 -5.076E-012
 2.950E+013  1.000E-008  6.236E+001  0.000E+000
 2.970E+013  1.000E-008  6.236E+001  0.000E+000
 2.990E+013  1.000E-008  6.236E+001  0.000E+000
 3.010E+013  1.000E-008  6.236E+001  7.253E-013
 3.030E+013  1.000E-008  6.236E+001 -7.253E-013
 3.050E+013  1.000E-008  6.236E+001  7.253E-013
 3.070E+013  1.000E-008  6.236E+001 -7.253E-013
 3.090E+013  1.000E-008  6.236E+001  7.253E-013
 3.110E+013  1.000E-008  6.236E+001  7.253E-013
 3.130E+013  1.000E-008  6.236E+001 -1.451E-012
 3.150E+013  1.000E-008  6.236E+001  0.000E+000
 3.170E+013  1.000E-008  6.236E+001  0.000E+000
 3.190E+013  1.000E-008  6.236E+001  0.000E+000
 3.210E+013  1.000E-008  6.236E+001  0.000E+000
 3.230E+013  1.000E-008  6.236E+001  0.000E+000
 3.250E+013  1.000E-008  6.236E+001  0.000E+000
 3.270E+013  1.000E-008  6.236E+001 -1.269E-290
 3.290E+013  1.000E-008  6.236E+001 -4.520E-142
 3.310E+013  1.000E-008  6.236E+001 -5.843E-068
 3.330E+013  1.000E-008  6.236E+001 -4.501E-031
 3.350E+013  1.000E-008  6.236E+001 -7.253E-013
 3.370E+013  1.000E-008  6.236E+001  7.253E-013
 3.390E+013  1.000E-008  6.236E+001  4.490E-031
 3.410E+013  1.000E-008  6.236E+001  5.815E-068
 3.430E+013  1.000E-008  6.236E+001  4.477E-142
 3.450E+013  1.000E-008  6.236E+001  1.451E-012
 3.470E+013  1.000E-008  6.236E+001 -1.451E-012
 3.490E+013  1.000E-008  6.236E+001  0.000E+000
 3.510E+013  1.000E-008  6.236E+001  0.000E+000
 3.530E+013  1.000E-008  6.236E+001  0.000E+000
 3.550E+013  1.000E-008  6.236E+001  0.000E+000
 3.570E+013  1.000E-008  6.236E+001  1.451E-012
 3.590E+013  1.000E-008  6.236E+001 -7.253E-013
 3.610E+013  1.000E-008  6.236E+001 -4.501E-031
 3.630E+013  1.000E-008  6.236E+001 -7.253E-013
 3.650E+013  1.000E-008  6.236E+001 -7.253E-013
 3.670E+013  1.000E-008  6.236E+001  7.253E-013
 3.690E+013  1.000E-008  6.236E+001  7.253E-013
 3.710E+013  1.000E-008  6.236E+001 -7.253E-013
 3.730E+013  1.000E-008  6.236E+001 -4.834E-034
 3.750E+013  1.000E-008  6.236E+001  7.253E-013
 3.770E+013  1.000E-008  6.236E+001 -7.253E-013
 3.790E+013  1.000E-008  6.236E+001  0.000E+000
 3.810E+013  1.000E-008  6.236E+001  0.000E+000
 3.830E+013  1.000E-008  6.236E+001  7.253E-013
 3.850E+013  1.000E-008  6.236E+001 -7.253E-013
 3.870E+013  1.000E-008  6.236E+001 -4.500E-031
 3.890E+013  1.000E-008  6.236E+001 -7.253E-013
 3.910E+013  1.000E-008  6.236E+001 -1.363E-031
 3.930E+013  1.000E-008  6.236E+001  2.176E-012
 3.950E+013  1.000E-008  6.236E+001 -7.253E-013
 3.970E+013  1.000E-008  6.236E+001  2.176E-012
 3.990E+013  1.000E-008  6.236E+001 -2.901E-012
 4.010E+013  1.000E-008  6.236E+001  0.000E+000
 4.030E+013  1.000E-008  6.236E+001  0.000E+000
 4.050E+013  1.000E-008  6.236E+001  0.000E+000
 4.070E+013  1.000E-008  6.236E+001  0.000E+000
 4.090E+013  1.000E-008  6.236E+001  2.659E-011
 4.110E+013  1.000E-008  6.236E+001 -2.659E-011
 4.130E+013  1.000E-008  6.236E+001  1.878E-011
 4.150E+013  1.000E-008  6.236E+001 -1.878E-011
 4.170E+013  1.000E-008  6.236E+001  6.526E-012
 4.190E+013  1.000E-008  6.236E+001 -5.801E-012
 4.210E+013  1.000E-008  6.236E+001 -4.500E-031
 4.230E+013  1.000E-008  6.236E+001 -7.253E-013
 4.250E+013  1.000E-008  6.236E+001  0.000E+000
 4.270E+013  1.000E-008  6.236E+001  0.000E+000
 4.290E+013  1.000E-008  6.236E+001  0.000E+000
 4.310E+013  1.000E-008  6.236E+001  0.000E+000
 4.330E+013  1.000E-008  6.236E+001  0.000E+000
 4.350E+013  1.000E-008  6.236E+001  0.000E+000
 4.370E+013  1.000E-008  6.236E+001  0.000E+000
 4.390E+013  1.000E-008  6.236E+001  0.000E+000
 4.410E+013  1.000E-008  6.236E+001  0.000E+000
 4.430E+013  1.000E-008  6.236E+001  0.000E+000
 4.450E+013  1.000E-008  6.236E+001  0.000E+000
 4.470E+013  1.000E-008  6.236E+001  7.253E-013
 4.490E+013  1.000E-008  6.236E+001 -8.028E-034
 4.510E+013  1.000E-008  6.236E+001 -7.253E-013
 4.530E+013  1.000E-008  6.236E+001 -1.265E-290
 4.550E+013  1.000E-008  6.236E+001 -4.514E-142
 4.570E+013  1.000E-008  6.236E+001 -5.839E-068
 4.590E+013  1.000E-008  6.236E+001 -4.500E-031
 4.610E+013  1.000E-008  6.236E+001 -7.253E-013
 4.630E+013  1.000E-008  6.236E+001  7.253E-013
 4.650E+013  1.000E-008  6.236E+001  7.253E-013
 4.670E+013  1.000E-008  6.236E+001 -7.253E-013
 4.690E+013  1.000E-008  6.236E+001  7.253E-013
 4.710E+013  1.000E-008  6.236E+001 -7.253E-013
 4.730E+013  1.000E-008  6.236E+001  0.000E+000
 4.750E+013  1.000E-008  6.236E+001  0.000E+000
 4.770E+013  1.000E-008  6.236E+001  0.000E+000
 4.790E+013  1.000E-008  6.236E+001  7.253E-013
 4.810E+013  1.000E-008  6.236E+001 -7.253E-013
 4.830E+013  1.000E-008  6.236E+001 -3.731E-034
 4.850E+013  1.000E-008  6.236E+001  7.253E-013
 4.870E+013  1.000E-008  6.236E+001 -7.253E-013
 4.890E+013  1.000E-008  6.236E+001  0.000E+000
 4.910E+013  1.000E-008  6.236E+001  0.000E+000
 4.930E+013  1.000E-008  6.236E+001  0.000E+000
 4.950E+013  1.000E-008  6.236E+001  0.000E+000
 4.970E+013  1.000E-008  6.236E+001  0.000E+000
 4.990E+013  1.000E-008  6.236E+001  1.451E-012
 5.010E+013  1.000E-008  6.236E+001 -2.176E-012
 5.030E+013  1.000E-008  6.236E+001  7.253E-013
 5.050E+013  1.000E-008  6.236E+001  4.492E-031
 5.070E+013  1.000E-008  6.236E+001  5.819E-068
 5.090E+013  1.000E-008  6.236E+001  4.484E-142
 5.110E+013  1.000E-008  6.236E+001  7.253E-013
 5.130E+013  1.000E-008  6.236E+001 -7.253E-013
 5.150E+013  1.000E-008  6.236E+001  0.000E+000
 5.170E+013  1.000E-008  6.236E+001  0.000E+000
 5.190E+013  1.000E-008  6.236E+001 -1.264E-290
 5.210E+013  1.000E-008  6.236E+001 -4.512E-142
 5.230E+013  1.000E-008  6.236E+001 -5.837E-068
 5.250E+013  1.000E-008  6.236E+001 -4.499E-031
 5.270E+013  1.000E-008  6.236E+001 -7.253E-013
 5.290E+013  1.000E-008  6.236E+001  7.253E-013
 5.310E+013  1.000E-008  6.236E+001  4.492E-031
 5.330E+013  1.000E-008  6.236E+001  5.820E-068
 5.350E+013  1.000E-008  6.236E+001  1.451E-012
 5.370E+013  1.000E-008  6.236E+001 -1.451E-012
 5.390E+013  1.000E-008  6.236E+001  5.928E-032
 5.410E+013  1.000E-008  6.236E+001  7.253E-013
 5.430E+013  1.000E-008  6.236E+001  7.253E-013
 5.450E+013  1.000E-008  6.236E+001  7.252E-013
 5.470E+013  1.000E-008  6.236E+001 -2.176E-012
 5.490E+013  1.000E-008  6.236E+001 -4.499E-031
 5.510E+013  1.000E-008  6.236E+001 -7.253E-013
 5.530E+013  1.000E-008  6.236E+001  1.451E-012
 5.550E+013  1.000E-008  6.236E+001 -2.901E-012
 5.570E+013  1.000E-008  6.236E+001  1.450E-012
 5.590E+013  1.000E-008  6.236E+001  7.253E-013
 5.610E+013  1.000E-008  6.236E+001 -7.253E-013
 5.630E+013  1.000E-008  6.236E+001  7.253E-013
 5.650E+013  1.000E-008  6.236E+001 -4.351E-012
 5.670E+013  1.000E-008  6.236E+001  4.351E-012
 5.690E+013  1.000E-008  6.236E+001  4.351E-012
 5.710E+013  1.000E-008  6.236E+001 -4.351E-012
 5.730E+013  1.000E-008  6.236E+001  5.076E-012
 5.750E+013  1.000E-008  6.236E+001 -1.088E-011
 5.770E+013  1.000E-008  6.236E+001 -7.246E-013
 5.790E+013  1.000E-008  6.236E+001  6.526E-012
 5.810E+013  1.000E-008  6.236E+001  3.431E-011
 5.830E+013  1.000E-008  6.236E+001 -3.431E-011
 5.850E+013  1.000E-008  6.236E+001  0.000E+000
 5.870E+013  1.000E-008  6.236E+001  0.000E+000
 5.890E+013  1.000E-008  6.236E+001  0.000E+000
 5.910E+013  1.000E-008  6.236E+001  0.000E+000
 5.930E+013  1.000E-008  6.236E+001  0.000E+000
 5.950E+013  1.000E-008  6.236E+001  0.000E+000
 5.970E+013  1.000E-008  6.236E+001  0.000E+000
 5.990E+013  1.000E-008  6.236E+001  0.000E+000
 6.010E+013  1.000E-008  6.236E+001  0.000E+000
 6.030E+013  1.000E-008  6.236E+001  7.253E-013
 6.050E+013  1.000E-008  6.236E+001 -7.253E-013
 6.070E+013  1.000E-008  6.236E+001  7.253E-013
 6.090E+013  1.000E-008  6.236E+001 -7.253E-013
 6.110E+013  1.000E-008  6.236E+001  0.000E+000
 6.130E+013  1.000E-008  6.236E+001  0.000E+000
 6.150E+013  1.000E-008  6.236E+001  0.000E+000
 6.170E+013  1.000E-008  6.236E+001  7.253E-013
 6.190E+013  1.000E-008  6.236E+001 -7.253E-013
 6.210E+013  1.000E-008  6.236E+001  0.000E+000
 6.230E+013  1.000E-008  6.236E+001  0.000E+000
 6.250E+013  1.000E-008  6.236E+001  0.000E+000
 6.270E+013  1.000E-008  6.236E+001  0.000E+000
 6.290E+013  1.000E-008  6.236E+001  0.000E+000
 6.310E+013  1.000E-008  6.236E+001  0.000E+000
 6.330E+013  1.000E-008  6.236E+001  0.000E+000
 6.350E+013  1.000E-008  6.236E+001  7.253E-013
 6.370E+013  1.000E-008  6.236E+001 -7.253E-013
 6.390E+013  1.000E-008  6.236E+001  0.000E+000
 6.410E+013  1.000E-008  6.236E+001  0.000E+000
 6.430E+013  1.000E-008  6.236E+001  0.000E+000
 6.450E+013  1.000E-008  6.236E+001  0.000E+000
 6.470E+013  1.000E-008  6.236E+001  7.253E-013
 6.490E+013  1.000E-008  6.236E+001 -7.253E-013
 6.510E+013  1.000E-008  6.236E+001  0.000E+000
 6.530E+013  1.000E-008  6.236E+001  0.000E+000
 6.550E+013  1.000E-008  6.236E+001  0.000E+000
 6.570E+013  1.000E-008  6.236E+001  0.000E+000
 6.590E+013  1.000E-008  6.236E+001  7.253E-013
 6.610E+013  1.000E-008  6.236E+001 -7.253E-013
 6.630E+013  1.000E-008  6.236E+001  0.000E+000
 6.650E+013  1.000E-008  6.236E+001  0.000E+000
 6.670E+013  1.000E-008  6.236E+001  0.000E+000
 6.690E+013  1.000E-008  6.236E+001  7.253E-013
 6.710E+013  1.000E-008  6.236E+001 -7.253E-013
 6.730E+013  1.000E-008  6.236E+001  0.000E+000
 6.750E+013  1.000E-008  6.236E+001  0.000E+000
 6.770E+013  1.000E-008  6.236E+001  7.253E-013
 6.790E+013  1.000E-008  6.236E+001 -7.253E-013
 6.810E+013  1.000E-008  6.236E+001  7.253E-013
 6.830E+013  1.000E-008  6.236E+001 -5.274E-034
 6.850E+013  1.000E-008  6.236E+001 -7.253E-013
 6.870E+013  1.000E-008  6.236E+001  0.000E+000
 6.890E+013  1.000E-008  6.236E+001  0.000E+000
 6.910E+013  1.000E-008  6.236E+001  0.000E+000
 6.930E+013  1.000E-008  6.236E+001  7.253E-013
 6.950E+013  1.000E-008  6.236E+001 -7.253E-013
 6.970E+013  1.000E-008  6.236E+001  0.000E+000
 6.990E+013  1.000E-008  6.236E+001  0.000E+000
 7.010E+013  1.000E-008  6.236E+001  0.000E+000
 7.030E+013  1.000E-008  6.236E+001  0.000E+000
 7.050E+013  1.000E-008  6.236E+001  0.000E+000
 7.070E+013  1.000E-008  6.236E+001  0.000E+000
 7.090E+013  1.000E-008  6.236E+001  0.000E+000
 7.110E+013  1.000E-008  6.236E+001  0.000E+000
 7.130E+013  1.000E-008  6.236E+001  0.000E+000
 7.150E+013  1.000E-008  6.236E+001  0.000E+000
 7.170E+013  1.000E-008  6.236E+001  0.000E+000
 7.190E+013  1.000E-008  6.236E+001  7.253E-013
 7.210E+013  1.000E-008  6.236E+001 -7.253E-013
 7.230E+013  1.000E-008  6.236E+001  0.000E+000
 7.250E+013  1.000E-008  6.236E+001  0.000E+000
 7.270E+013  1.000E-008  6.236E+001  1.451E-012
 7.290E+013  1.000E-008  6.236E+001 -1.976E-033
 7.310E+013  1.000E-008  6.236E+001 -1.451E-012
 7.330E+013  1.000E-008  6.236E+001 -4.498E-031
 7.350E+013  1.000E-008  6.236E+001 -7.253E-013
 7.370E+013  1.000E-008  6.236E+001  7.253E-013
 7.390E+013  1.000E-008  6.236E+001  4.493E-031
 7.410E+013  1.000E-008  6.236E+001  5.822E-068
 7.430E+013  1.000E-008  6.236E+001  4.488E-142
 7.450E+013  1.000E-008  6.236E+001  1.251E-290
 7.470E+013  1.000E-008  6.236E+001  0.000E+000
 7.490E+013  1.000E-008  6.236E+001  0.000E+000
 7.510E+013  1.000E-008  6.236E+001  0.000E+000
 7.530E+013  1.000E-008  6.236E+001  0.000E+000
 7.550E+013  1.000E-008  6.236E+001  0.000E+000
 7.570E+013  1.000E-008  6.236E+001  0.000E+000
 7.590E+013  1.000E-008  6.236E+001  0.000E+000
 7.610E+013  1.000E-008  6.236E+001  0.000E+000
 7.630E+013  1.000E-008  6.236E+001  0.000E+000
 7.650E+013  1.000E-008  6.236E+001  0.000E+000
 7.670E+013  1.000E-008  6.236E+001  1.451E-012
 7.690E+013  1.000E-008  6.236E+001 -1.451E-012
 7.710E+013  1.000E-008  6.236E+001  2.176E-012
 7.730E+013  1.000E-008  6.236E+001 -2.176E-012
 7.750E+013  1.000E-008  6.236E+001  1.065E-031
 7.770E+013  1.000E-008  6.236E+001  1.451E-012
 7.790E+013  1.000E-008  6.236E+001 -4.351E-012
 7.810E+013  1.000E-008  6.236E+001  4.351E-012
 7.830E+013  1.000E-008  6.236E+001 -1.451E-012
 7.850E+013  1.000E-008  6.236E+001 -4.114E-068
 7.870E+013  1.000E-008  6.236E+001 -3.777E-031
 7.890E+013  1.000E-008  6.236E+001 -7.253E-013
 7.910E+013  1.000E-008  6.236E+001 -3.626E-012
 7.930E+013  1.000E-008  6.236E+001  2.175E-012
 7.950E+013  1.000E-008  6.236E+001  2.176E-012
 7.970E+013  1.000E-008  6.236E+001 -2.901E-012
 7.990E+013  1.000E-008  6.236E+001  2.901E-012
 8.010E+013  1.000E-008  6.236E+001  7.189E-030
 8.030E+013  1.000E-008  6.236E+001  1.490E-065
 8.050E+013  1.000E-008  6.236E+001  2.940E-137
 8.070E+013  1.000E-008  6.236E+001 -5.710E-274
 8.090E+013  1.000E-008  6.236E+001 -9.592E-134
 8.110E+013  1.000E-008  6.236E+001 -8.513E-064
 8.130E+013  1.000E-008  6.236E+001 -5.435E-029
 8.150E+013  1.000E-008  6.236E+001 -7.974E-012
 8.170E+013  1.000E-008  6.236E+001  1.015E-011
 8.190E+013  1.000E-008  6.236E+001 -2.176E-012
 8.210E+013  1.000E-008  6.236E+001  0.000E+000
 8.230E+013  1.000E-008  6.236E+001  0.000E+000
 8.250E+013  1.000E-008  6.236E+001  0.000E+000
 8.270E+013  1.000E-008  6.236E+001  0.000E+000
 8.290E+013  1.000E-008  6.236E+001  2.901E-012
 8.310E+013  1.000E-008  6.236E+001 -2.901E-012
 8.330E+013  1.000E-008  6.236E+001 -4.367E-031
 8.350E+013  1.000E-008  6.236E+001  4.351E-012
 8.370E+013  1.000E-008  6.236E+001 -3.626E-012
 8.390E+013  1.000E-008  6.236E+001 -4.498E-031
 8.410E+013  1.000E-008  6.236E+001 -7.253E-013
 8.430E+013  1.000E-008  6.236E+001  7.253E-013
 8.450E+013  1.000E-008  6.236E+001 -4.262E-034
 8.470E+013  1.000E-008  6.236E+001 -7.253E-013
 8.490E+013  1.000E-008  6.236E+001 -2.121E-034
 8.510E+013  1.000E-008  6.236E+001  7.253E-013
 8.530E+013  1.000E-008  6.236E+001 -4.222E-034
 8.550E+013  1.000E-008  6.236E+001 -7.253E-013
 8.570E+013  1.000E-008  6.236E+001 -2.101E-034
 8.590E+013  1.000E-008  6.236E+001  7.253E-013
 8.610E+013  1.000E-008  6.236E+001 -7.253E-013
 8.630E+013  1.000E-008  6.236E+001  0.000E+000
 8.650E+013  1.000E-008  6.236E+001  0.000E+000
 8.670E+013  1.000E-008  6.236E+001  0.000E+000
 8.690E+013  1.000E-008  6.236E+001  0.000E+000
 8.710E+013  1.000E-008  6.236E+001  0.000E+000
 8.730E+013  1.000E-008  6.236E+001  0.000E+000
 8.750E+013  1.000E-008  6.236E+001  7.253E-013
 8.770E+013  1.000E-008  6.236E+001 -7.253E-013
 8.790E+013  1.000E-008  6.236E+001 -2.048E-034
 8.810E+013  1.000E-008  6.236E+001  7.253E-013
 8.830E+013  1.000E-008  6.236E+001 -7.253E-013
 8.850E+013  1.000E-008  6.236E+001  7.253E-013
 8.870E+013  1.000E-008  6.236E+001  7.253E-013
 8.890E+013  1.000E-008  6.236E+001 -1.451E-012
 8.910E+013  1.000E-008  6.236E+001  0.000E+000
 8.930E+013  1.000E-008  6.236E+001  0.000E+000
 8.950E+013  1.000E-008  6.236E+001  0.000E+000
 8.970E+013  1.000E-008  6.236E+001  0.000E+000
 8.990E+013  1.000E-008  6.236E+001  0.000E+000
 9.010E+013  1.000E-008  6.236E+001  7.253E-013
 9.030E+013  1.000E-008  6.236E+001 -3.988E-034
 9.050E+013  1.000E-008  6.236E+001 -7.253E-013
 9.070E+013  1.000E-008  6.236E+001  7.253E-013
 9.090E+013  1.000E-008  6.236E+001 -3.961E-034
 9.110E+013  1.000E-008  6.236E+001 -7.253E-013
 9.130E+013  1.000E-008  6.236E+001  0.000E+000
 9.150E+013  1.000E-008  6.236E+001  0.000E+000
 9.170E+013  1.000E-008  6.236E+001  0.000E+000
 9.190E+013  1.000E-008  6.236E+001  0.000E+000
 9.210E+013  1.000E-008  6.236E+001  0.000E+000
 9.230E+013  1.000E-008  6.236E+001  7.253E-013
 9.250E+013  1.000E-008  6.236E+001 -3.893E-034
 9.270E+013  1.000E-008  6.236E+001 -7.253E-013
 9.290E+013  1.000E-008  6.236E+001  0.000E+000
 9.310E+013  1.000E-008  6.236E+001  0.000E+000
 9.330E+013  1.000E-008  6.236E+001  0.000E+000
 9.350E+013  1.000E-008  6.236E+001  0.000E+000
 9.370E+013  1.000E-008  6.236E+001  7.253E-013
 9.390E+013  1.000E-008  6.236E+001 -7.253E-013
 9.410E+013  1.000E-008  6.236E+001  7.253E-013
 9.430E+013  1.000E-008  6.236E+001 -7.253E-013
 9.450E+013  1.000E-008  6.236E+001  0.000E+000
 9.470E+013  1.000E-008  6.236E+001  0.000E+000
 9.490E+013  1.000E-008  6.236E+001  0.000E+000
 9.510E+013  1.000E-008  6.236E+001  0.000E+000
 9.530E+013  1.000E-008  6.236E+001  7.253E-013
 9.550E+013  1.000E-008  6.236E+001 -7.253E-013
 9.570E+013  1.000E-008  6.236E+001 -5.833E-068
 9.590E+013  1.000E-008  6.236E+001 -4.498E-031
 9.610E+013  1.000E-008  6.236E+001 -7.253E-013
 9.630E+013  1.000E-008  6.236E+001  7.253E-013
 9.650E+013  1.000E-008  6.236E+001  4.494E-031
 9.670E+013  1.000E-008  6.236E+001  7.253E-013
 9.690E+013  1.000E-008  6.236E+001 -7.253E-013
 9.710E+013  1.000E-008  6.236E+001  0.000E+000
 9.730E+013  1.000E-008  6.236E+001  0.000E+000
 9.750E+013  1.000E-008  6.236E+001  0.000E+000
 9.770E+013  1.000E-008  6.236E+001  0.000E+000
 9.790E+013  1.000E-008  6.236E+001  0.000E+000
 9.810E+013  1.000E-008  6.236E+001  0.000E+000
 9.830E+013  1.000E-008  6.236E+001  0.000E+000
 9.850E+013  1.000E-008  6.236E+001  0.000E+000
 9.870E+013  1.000E-008  6.236E+001  0.000E+000
 9.890E+013  1.000E-008  6.236E+001  0.000E+000
 9.910E+013  1.000E-008  6.236E+001  0.000E+000
 9.930E+013  1.000E-008  6.236E+001  0.000E+000
 9.950E+013  1.000E-008  6.236E+001  7.253E-013
 9.970E+013  1.000E-008  6.236E+001 -7.253E-013
 9.990E+013  1.000E-008  6.236E+001  0.000E+000
 1.001E+014  1.000E-099  1.000E-099  0.000E+000
 1.003E+014  1.000E-099  1.000E-099  0.000E+000
 6.473E-003
