 3.008E+004
     x1b        dens       energ       v1
 1.000E+011  3.079E-010  1.066E+007  0.000E+000
 3.000E+011  3.327E-010  1.105E+007  4.225E+006
 5.000E+011  3.553E-010  1.084E+007  1.995E+006
 7.000E+011  3.782E-010  1.101E+007  5.569E+006
 9.000E+011  3.879E-010  1.107E+007  7.226E+006
 1.100E+012  3.894E-010  1.110E+007  8.998E+006
 1.300E+012  3.863E-010  1.112E+007  1.102E+007
 1.500E+012  3.831E-010  1.108E+007  1.209E+007
 1.700E+012  3.829E-010  1.095E+007  1.279E+007
 1.900E+012  3.936E-010  1.097E+007  1.447E+007
 2.100E+012  4.189E-010  1.102E+007  1.592E+007
 2.300E+012  4.652E-010  1.092E+007  1.743E+007
 2.500E+012  5.579E-010  1.096E+007  1.878E+007
 2.700E+012  7.249E-010  1.095E+007  1.950E+007
 2.900E+012  1.015E-009  1.094E+007  2.149E+007
 3.100E+012  1.508E-009  1.118E+007  2.240E+007
 3.300E+012  2.258E-009  1.151E+007  2.518E+007
 3.500E+012  3.381E-009  1.243E+007  2.664E+007
 3.700E+012  5.304E-009  1.534E+007  3.237E+007
 3.900E+012  7.461E-009  1.689E+007  3.649E+007
 4.100E+012  9.962E-009  1.793E+007  3.590E+007
 4.300E+012  1.549E-008  2.454E+007  3.840E+007
 4.500E+012  2.195E-008  2.954E+007  4.483E+007
 4.700E+012  2.173E-008  1.860E+007  4.231E+007
 4.900E+012  1.567E-008  4.524E+006  3.067E+007
 5.100E+012  1.126E-008  2.048E+005  1.385E+007
 5.300E+012  1.008E-008  1.730E+002  1.700E+006
 5.500E+012  1.000E-008  6.236E+001  7.834E+003
 5.700E+012  1.000E-008  6.236E+001  3.026E-002
 5.900E+012  1.000E-008  6.236E+001  7.695E-011
 6.100E+012  1.000E-008  6.236E+001  2.435E-029
 6.300E+012  1.000E-008  6.236E+001  3.051E-071
 6.500E+012  1.000E-008  6.236E+001 -2.256E-071
 6.700E+012  1.000E-008  6.236E+001 -2.341E-032
 6.900E+012  1.000E-008  6.236E+001 -4.273E-013
 7.100E+012  1.000E-008  6.236E+001 -1.067E-013
 7.300E+012  1.000E-008  6.236E+001  4.333E-012
 7.500E+012  1.000E-008  6.236E+001 -3.692E-012
 7.700E+012  1.000E-008  6.236E+001 -1.069E-013
 7.900E+012  1.000E-008  6.236E+001  1.069E-013
 8.100E+012  1.000E-008  6.236E+001 -1.069E-013
 8.300E+012  1.000E-008  6.236E+001 -1.463E-033
 8.500E+012  1.000E-008  6.236E+001 -1.069E-013
 8.700E+012  1.000E-008  6.236E+001  1.069E-013
 8.900E+012  1.000E-008  6.236E+001  1.449E-033
 9.100E+012  1.000E-008  6.236E+001  8.645E-074
 9.300E+012  1.000E-008  6.236E+001  1.351E-154
 9.500E+012  1.000E-008  6.236E+001  0.000E+000
 9.700E+012  1.000E-008  6.236E+001  0.000E+000
 9.900E+012  1.000E-008  6.236E+001  5.341E-013
 1.010E+013  1.000E-008  6.236E+001 -1.068E-013
 1.030E+013  1.000E-008  6.236E+001 -4.274E-013
 1.050E+013  1.000E-008  6.236E+001  0.000E+000
 1.070E+013  1.000E-008  6.236E+001  0.000E+000
 1.090E+013  1.000E-008  6.236E+001  0.000E+000
 1.110E+013  1.000E-008  6.236E+001  0.000E+000
 1.130E+013  1.000E-008  6.236E+001  1.069E-013
 1.150E+013  1.000E-008  6.236E+001 -1.069E-013
 1.170E+013  1.000E-008  6.236E+001  0.000E+000
 1.190E+013  1.000E-008  6.236E+001  0.000E+000
 1.210E+013  1.000E-008  6.236E+001  1.069E-013
 1.230E+013  1.000E-008  6.236E+001 -9.547E-036
 1.250E+013  1.000E-008  6.236E+001 -1.069E-013
 1.270E+013  1.000E-008  6.236E+001  0.000E+000
 1.290E+013  1.000E-008  6.236E+001  0.000E+000
 1.310E+013  1.000E-008  6.236E+001  0.000E+000
 1.330E+013  1.000E-008  6.236E+001  0.000E+000
 1.350E+013  1.000E-008  6.236E+001  0.000E+000
 1.370E+013  1.000E-008  6.236E+001  0.000E+000
 1.390E+013  1.000E-008  6.236E+001  4.274E-013
 1.410E+013  1.000E-008  6.236E+001 -4.274E-013
 1.430E+013  1.000E-008  6.236E+001 -1.589E-012
 1.450E+013  1.000E-008  6.236E+001  1.589E-012
 1.470E+013  1.000E-008  6.236E+001  3.206E-013
 1.490E+013  1.000E-008  6.236E+001 -3.206E-013
 1.510E+013  1.000E-008  6.236E+001  0.000E+000
 1.530E+013  1.000E-008  6.236E+001  0.000E+000
 1.550E+013  1.000E-008  6.236E+001  0.000E+000
 1.570E+013  1.000E-008  6.236E+001  0.000E+000
 1.590E+013  1.000E-008  6.236E+001  1.069E-013
 1.610E+013  1.000E-008  6.236E+001 -7.280E-036
 1.630E+013  1.000E-008  6.236E+001 -1.069E-013
 1.650E+013  1.000E-008  6.236E+001 -1.069E-013
 1.670E+013  1.000E-008  6.236E+001  1.069E-013
 1.690E+013  1.000E-008  6.236E+001  1.452E-033
 1.710E+013  1.000E-008  6.236E+001  8.682E-074
 1.730E+013  1.000E-008  6.236E+001  1.363E-154
 1.750E+013  1.000E-008  6.236E+001  0.000E+000
 1.770E+013  1.000E-008  6.236E+001  0.000E+000
 1.790E+013  1.000E-008  6.236E+001  0.000E+000
 1.810E+013  1.000E-008  6.236E+001  0.000E+000
 1.830E+013  1.000E-008  6.236E+001  1.069E-013
 1.850E+013  1.000E-008  6.236E+001 -1.069E-013
 1.870E+013  1.000E-008  6.236E+001  4.274E-013
 1.890E+013  1.000E-008  6.236E+001 -6.411E-013
 1.910E+013  1.000E-008  6.236E+001  4.274E-013
 1.930E+013  1.000E-008  6.236E+001 -2.137E-013
 1.950E+013  1.000E-008  6.236E+001  0.000E+000
 1.970E+013  1.000E-008  6.236E+001  0.000E+000
 1.990E+013  1.000E-008  6.236E+001  0.000E+000
 2.010E+013  1.000E-008  6.236E+001  0.000E+000
 2.030E+013  1.000E-008  6.236E+001  0.000E+000
 2.050E+013  1.000E-008  6.236E+001  0.000E+000
 2.070E+013  1.000E-008  6.236E+001  0.000E+000
 2.090E+013  1.000E-008  6.236E+001  1.069E-013
 2.110E+013  1.000E-008  6.236E+001 -5.546E-036
 2.130E+013  1.000E-008  6.236E+001 -1.069E-013
 2.150E+013  1.000E-008  6.236E+001  0.000E+000
 2.170E+013  1.000E-008  6.236E+001  0.000E+000
 2.190E+013  1.000E-008  6.236E+001  0.000E+000
 2.210E+013  1.000E-008  6.236E+001  0.000E+000
 2.230E+013  1.000E-008  6.236E+001  0.000E+000
 2.250E+013  1.000E-008  6.236E+001  0.000E+000
 2.270E+013  1.000E-008  6.236E+001  1.069E-013
 2.290E+013  1.000E-008  6.236E+001 -5.109E-036
 2.310E+013  1.000E-008  6.236E+001 -1.069E-013
 2.330E+013  1.000E-008  6.236E+001  0.000E+000
 2.350E+013  1.000E-008  6.236E+001  0.000E+000
 2.370E+013  1.000E-008  6.236E+001  1.069E-013
 2.390E+013  1.000E-008  6.236E+001 -1.069E-013
 2.410E+013  1.000E-008  6.236E+001  0.000E+000
 2.430E+013  1.000E-008  6.236E+001  0.000E+000
 2.450E+013  1.000E-008  6.236E+001  0.000E+000
 2.470E+013  1.000E-008  6.236E+001  1.069E-013
 2.490E+013  1.000E-008  6.236E+001 -1.069E-013
 2.510E+013  1.000E-008  6.236E+001  1.069E-013
 2.530E+013  1.000E-008  6.236E+001 -1.069E-013
 2.550E+013  1.000E-008  6.236E+001 -9.711E-312
 2.570E+013  1.000E-008  6.236E+001 -3.541E-152
 2.590E+013  1.000E-008  6.236E+001 -1.400E-072
 2.610E+013  1.000E-008  6.236E+001 -5.830E-033
 2.630E+013  1.000E-008  6.236E+001 -2.137E-013
 2.650E+013  1.000E-008  6.236E+001  2.137E-013
 2.670E+013  1.000E-008  6.236E+001  5.813E-033
 2.690E+013  1.000E-008  6.236E+001  1.391E-072
 2.710E+013  1.000E-008  6.236E+001  1.069E-013
 2.730E+013  1.000E-008  6.236E+001 -1.069E-013
 2.750E+013  1.000E-008  6.236E+001  3.206E-013
 2.770E+013  1.000E-008  6.236E+001 -3.206E-013
 2.790E+013  1.000E-008  6.236E+001  0.000E+000
 2.810E+013  1.000E-008  6.236E+001  0.000E+000
 2.830E+013  1.000E-008  6.236E+001  5.341E-013
 2.850E+013  1.000E-008  6.236E+001 -1.068E-013
 2.870E+013  1.000E-008  6.236E+001 -4.274E-013
 2.890E+013  1.000E-008  6.236E+001 -2.274E-033
 2.910E+013  1.000E-008  6.236E+001  7.475E-013
 2.930E+013  1.000E-008  6.236E+001 -7.475E-013
 2.950E+013  1.000E-008  6.236E+001  0.000E+000
 2.970E+013  1.000E-008  6.236E+001  0.000E+000
 2.990E+013  1.000E-008  6.236E+001  0.000E+000
 3.010E+013  1.000E-008  6.236E+001  1.069E-013
 3.030E+013  1.000E-008  6.236E+001 -1.069E-013
 3.050E+013  1.000E-008  6.236E+001  1.069E-013
 3.070E+013  1.000E-008  6.236E+001 -1.069E-013
 3.090E+013  1.000E-008  6.236E+001  1.069E-013
 3.110E+013  1.000E-008  6.236E+001  1.069E-013
 3.130E+013  1.000E-008  6.236E+001 -2.137E-013
 3.150E+013  1.000E-008  6.236E+001  0.000E+000
 3.170E+013  1.000E-008  6.236E+001  0.000E+000
 3.190E+013  1.000E-008  6.236E+001  0.000E+000
 3.210E+013  1.000E-008  6.236E+001  0.000E+000
 3.230E+013  1.000E-008  6.236E+001  0.000E+000
 3.250E+013  1.000E-008  6.236E+001  0.000E+000
 3.270E+013  1.000E-008  6.236E+001  0.000E+000
 3.290E+013  1.000E-008  6.236E+001 -1.382E-154
 3.310E+013  1.000E-008  6.236E+001 -8.745E-074
 3.330E+013  1.000E-008  6.236E+001 -1.457E-033
 3.350E+013  1.000E-008  6.236E+001 -1.069E-013
 3.370E+013  1.000E-008  6.236E+001  1.069E-013
 3.390E+013  1.000E-008  6.236E+001  1.454E-033
 3.410E+013  1.000E-008  6.236E+001  8.703E-074
 3.430E+013  1.000E-008  6.236E+001  1.369E-154
 3.450E+013  1.000E-008  6.236E+001  2.137E-013
 3.470E+013  1.000E-008  6.236E+001 -2.137E-013
 3.490E+013  1.000E-008  6.236E+001  0.000E+000
 3.510E+013  1.000E-008  6.236E+001  0.000E+000
 3.530E+013  1.000E-008  6.236E+001  0.000E+000
 3.550E+013  1.000E-008  6.236E+001  0.000E+000
 3.570E+013  1.000E-008  6.236E+001  2.137E-013
 3.590E+013  1.000E-008  6.236E+001 -1.069E-013
 3.610E+013  1.000E-008  6.236E+001 -1.458E-033
 3.630E+013  1.000E-008  6.236E+001 -1.069E-013
 3.650E+013  1.000E-008  6.236E+001 -1.069E-013
 3.670E+013  1.000E-008  6.236E+001  1.069E-013
 3.690E+013  1.000E-008  6.236E+001  1.069E-013
 3.710E+013  1.000E-008  6.236E+001 -1.069E-013
 3.730E+013  1.000E-008  6.236E+001 -1.566E-036
 3.750E+013  1.000E-008  6.236E+001  1.069E-013
 3.770E+013  1.000E-008  6.236E+001 -1.069E-013
 3.790E+013  1.000E-008  6.236E+001  0.000E+000
 3.810E+013  1.000E-008  6.236E+001  0.000E+000
 3.830E+013  1.000E-008  6.236E+001  1.069E-013
 3.850E+013  1.000E-008  6.236E+001 -1.069E-013
 3.870E+013  1.000E-008  6.236E+001 -1.457E-033
 3.890E+013  1.000E-008  6.236E+001 -1.069E-013
 3.910E+013  1.000E-008  6.236E+001 -4.412E-034
 3.930E+013  1.000E-008  6.236E+001  3.206E-013
 3.950E+013  1.000E-008  6.236E+001 -1.069E-013
 3.970E+013  1.000E-008  6.236E+001  3.205E-013
 3.990E+013  1.000E-008  6.236E+001 -4.274E-013
 4.010E+013  1.000E-008  6.236E+001  0.000E+000
 4.030E+013  1.000E-008  6.236E+001  0.000E+000
 4.050E+013  1.000E-008  6.236E+001  0.000E+000
 4.070E+013  1.000E-008  6.236E+001  0.000E+000
 4.090E+013  1.000E-008  6.236E+001  3.712E-012
 4.110E+013  1.000E-008  6.236E+001 -3.712E-012
 4.130E+013  1.000E-008  6.236E+001  2.698E-012
 4.150E+013  1.000E-008  6.236E+001 -2.698E-012
 4.170E+013  1.000E-008  6.236E+001  9.604E-013
 4.190E+013  1.000E-008  6.236E+001 -8.536E-013
 4.210E+013  1.000E-008  6.236E+001 -1.457E-033
 4.230E+013  1.000E-008  6.236E+001 -1.069E-013
 4.250E+013  1.000E-008  6.236E+001  0.000E+000
 4.270E+013  1.000E-008  6.236E+001  0.000E+000
 4.290E+013  1.000E-008  6.236E+001  0.000E+000
 4.310E+013  1.000E-008  6.236E+001  0.000E+000
 4.330E+013  1.000E-008  6.236E+001  0.000E+000
 4.350E+013  1.000E-008  6.236E+001  0.000E+000
 4.370E+013  1.000E-008  6.236E+001  0.000E+000
 4.390E+013  1.000E-008  6.236E+001  0.000E+000
 4.410E+013  1.000E-008  6.236E+001  0.000E+000
 4.430E+013  1.000E-008  6.236E+001  0.000E+000
 4.450E+013  1.000E-008  6.236E+001  0.000E+000
 4.470E+013  1.000E-008  6.236E+001  1.069E-013
 4.490E+013  1.000E-008  6.236E+001 -2.600E-036
 4.510E+013  1.000E-008  6.236E+001 -1.069E-013
 4.530E+013  1.000E-008  6.236E+001  0.000E+000
 4.550E+013  1.000E-008  6.236E+001 -1.380E-154
 4.570E+013  1.000E-008  6.236E+001 -8.739E-074
 4.590E+013  1.000E-008  6.236E+001 -1.457E-033
 4.610E+013  1.000E-008  6.236E+001 -1.069E-013
 4.630E+013  1.000E-008  6.236E+001  1.069E-013
 4.650E+013  1.000E-008  6.236E+001  1.069E-013
 4.670E+013  1.000E-008  6.236E+001 -1.069E-013
 4.690E+013  1.000E-008  6.236E+001  1.069E-013
 4.710E+013  1.000E-008  6.236E+001 -1.069E-013
 4.730E+013  1.000E-008  6.236E+001  0.000E+000
 4.750E+013  1.000E-008  6.236E+001  0.000E+000
 4.770E+013  1.000E-008  6.236E+001  0.000E+000
 4.790E+013  1.000E-008  6.236E+001  1.069E-013
 4.810E+013  1.000E-008  6.236E+001 -1.069E-013
 4.830E+013  1.000E-008  6.236E+001 -1.208E-036
 4.850E+013  1.000E-008  6.236E+001  1.069E-013
 4.870E+013  1.000E-008  6.236E+001 -1.069E-013
 4.890E+013  1.000E-008  6.236E+001  0.000E+000
 4.910E+013  1.000E-008  6.236E+001  0.000E+000
 4.930E+013  1.000E-008  6.236E+001  0.000E+000
 4.950E+013  1.000E-008  6.236E+001  0.000E+000
 4.970E+013  1.000E-008  6.236E+001  0.000E+000
 4.990E+013  1.000E-008  6.236E+001  2.137E-013
 5.010E+013  1.000E-008  6.236E+001 -3.206E-013
 5.030E+013  1.000E-008  6.236E+001  1.069E-013
 5.050E+013  1.000E-008  6.236E+001  1.454E-033
 5.070E+013  1.000E-008  6.236E+001  8.710E-074
 5.090E+013  1.000E-008  6.236E+001  1.371E-154
 5.110E+013  1.000E-008  6.236E+001  1.069E-013
 5.130E+013  1.000E-008  6.236E+001 -1.069E-013
 5.150E+013  1.000E-008  6.236E+001  0.000E+000
 5.170E+013  1.000E-008  6.236E+001  0.000E+000
 5.190E+013  1.000E-008  6.236E+001  0.000E+000
 5.210E+013  1.000E-008  6.236E+001 -1.380E-154
 5.230E+013  1.000E-008  6.236E+001 -8.737E-074
 5.250E+013  1.000E-008  6.236E+001 -1.457E-033
 5.270E+013  1.000E-008  6.236E+001 -1.069E-013
 5.290E+013  1.000E-008  6.236E+001  1.069E-013
 5.310E+013  1.000E-008  6.236E+001  1.454E-033
 5.330E+013  1.000E-008  6.236E+001  8.711E-074
 5.350E+013  1.000E-008  6.236E+001  2.137E-013
 5.370E+013  1.000E-008  6.236E+001 -2.137E-013
 5.390E+013  1.000E-008  6.236E+001  1.919E-034
 5.410E+013  1.000E-008  6.236E+001  1.069E-013
 5.430E+013  1.000E-008  6.236E+001  1.069E-013
 5.450E+013  1.000E-008  6.236E+001  1.068E-013
 5.470E+013  1.000E-008  6.236E+001 -3.206E-013
 5.490E+013  1.000E-008  6.236E+001 -1.457E-033
 5.510E+013  1.000E-008  6.236E+001 -1.069E-013
 5.530E+013  1.000E-008  6.236E+001  2.137E-013
 5.550E+013  1.000E-008  6.236E+001 -4.274E-013
 5.570E+013  1.000E-008  6.236E+001  2.137E-013
 5.590E+013  1.000E-008  6.236E+001  1.069E-013
 5.610E+013  1.000E-008  6.236E+001 -1.069E-013
 5.630E+013  1.000E-008  6.236E+001  1.069E-013
 5.650E+013  1.000E-008  6.236E+001 -6.407E-013
 5.670E+013  1.000E-008  6.236E+001  6.407E-013
 5.690E+013  1.000E-008  6.236E+001  6.409E-013
 5.710E+013  1.000E-008  6.236E+001 -6.409E-013
 5.730E+013  1.000E-008  6.236E+001  7.475E-013
 5.750E+013  1.000E-008  6.236E+001 -1.601E-012
 5.770E+013  1.000E-008  6.236E+001 -1.062E-013
 5.790E+013  1.000E-008  6.236E+001  9.600E-013
 5.810E+013  1.000E-008  6.236E+001  4.622E-012
 5.830E+013  1.000E-008  6.236E+001 -4.622E-012
 5.850E+013  1.000E-008  6.236E+001  0.000E+000
 5.870E+013  1.000E-008  6.236E+001  0.000E+000
 5.890E+013  1.000E-008  6.236E+001  0.000E+000
 5.910E+013  1.000E-008  6.236E+001  0.000E+000
 5.930E+013  1.000E-008  6.236E+001  0.000E+000
 5.950E+013  1.000E-008  6.236E+001  0.000E+000
 5.970E+013  1.000E-008  6.236E+001  0.000E+000
 5.990E+013  1.000E-008  6.236E+001  0.000E+000
 6.010E+013  1.000E-008  6.236E+001  0.000E+000
 6.030E+013  1.000E-008  6.236E+001  1.069E-013
 6.050E+013  1.000E-008  6.236E+001 -1.069E-013
 6.070E+013  1.000E-008  6.236E+001  1.069E-013
 6.090E+013  1.000E-008  6.236E+001 -1.069E-013
 6.110E+013  1.000E-008  6.236E+001  0.000E+000
 6.130E+013  1.000E-008  6.236E+001  0.000E+000
 6.150E+013  1.000E-008  6.236E+001  0.000E+000
 6.170E+013  1.000E-008  6.236E+001  1.069E-013
 6.190E+013  1.000E-008  6.236E+001 -1.069E-013
 6.210E+013  1.000E-008  6.236E+001  0.000E+000
 6.230E+013  1.000E-008  6.236E+001  0.000E+000
 6.250E+013  1.000E-008  6.236E+001  0.000E+000
 6.270E+013  1.000E-008  6.236E+001  0.000E+000
 6.290E+013  1.000E-008  6.236E+001  0.000E+000
 6.310E+013  1.000E-008  6.236E+001  0.000E+000
 6.330E+013  1.000E-008  6.236E+001  0.000E+000
 6.350E+013  1.000E-008  6.236E+001  1.069E-013
 6.370E+013  1.000E-008  6.236E+001 -1.069E-013
 6.390E+013  1.000E-008  6.236E+001  0.000E+000
 6.410E+013  1.000E-008  6.236E+001  0.000E+000
 6.430E+013  1.000E-008  6.236E+001  0.000E+000
 6.450E+013  1.000E-008  6.236E+001  0.000E+000
 6.470E+013  1.000E-008  6.236E+001  1.069E-013
 6.490E+013  1.000E-008  6.236E+001 -1.069E-013
 6.510E+013  1.000E-008  6.236E+001  0.000E+000
 6.530E+013  1.000E-008  6.236E+001  0.000E+000
 6.550E+013  1.000E-008  6.236E+001  0.000E+000
 6.570E+013  1.000E-008  6.236E+001  0.000E+000
 6.590E+013  1.000E-008  6.236E+001  1.069E-013
 6.610E+013  1.000E-008  6.236E+001 -1.069E-013
 6.630E+013  1.000E-008  6.236E+001  0.000E+000
 6.650E+013  1.000E-008  6.236E+001  0.000E+000
 6.670E+013  1.000E-008  6.236E+001  0.000E+000
 6.690E+013  1.000E-008  6.236E+001  1.069E-013
 6.710E+013  1.000E-008  6.236E+001 -1.069E-013
 6.730E+013  1.000E-008  6.236E+001  0.000E+000
 6.750E+013  1.000E-008  6.236E+001  0.000E+000
 6.770E+013  1.000E-008  6.236E+001  1.069E-013
 6.790E+013  1.000E-008  6.236E+001 -1.069E-013
 6.810E+013  1.000E-008  6.236E+001  1.069E-013
 6.830E+013  1.000E-008  6.236E+001 -1.708E-036
 6.850E+013  1.000E-008  6.236E+001 -1.069E-013
 6.870E+013  1.000E-008  6.236E+001  0.000E+000
 6.890E+013  1.000E-008  6.236E+001  0.000E+000
 6.910E+013  1.000E-008  6.236E+001  0.000E+000
 6.930E+013  1.000E-008  6.236E+001  1.069E-013
 6.950E+013  1.000E-008  6.236E+001 -1.069E-013
 6.970E+013  1.000E-008  6.236E+001  0.000E+000
 6.990E+013  1.000E-008  6.236E+001  0.000E+000
 7.010E+013  1.000E-008  6.236E+001  0.000E+000
 7.030E+013  1.000E-008  6.236E+001  0.000E+000
 7.050E+013  1.000E-008  6.236E+001  0.000E+000
 7.070E+013  1.000E-008  6.236E+001  0.000E+000
 7.090E+013  1.000E-008  6.236E+001  0.000E+000
 7.110E+013  1.000E-008  6.236E+001  0.000E+000
 7.130E+013  1.000E-008  6.236E+001  0.000E+000
 7.150E+013  1.000E-008  6.236E+001  0.000E+000
 7.170E+013  1.000E-008  6.236E+001  0.000E+000
 7.190E+013  1.000E-008  6.236E+001  1.069E-013
 7.210E+013  1.000E-008  6.236E+001 -1.069E-013
 7.230E+013  1.000E-008  6.236E+001  0.000E+000
 7.250E+013  1.000E-008  6.236E+001  0.000E+000
 7.270E+013  1.000E-008  6.236E+001  2.137E-013
 7.290E+013  1.000E-008  6.236E+001 -6.399E-036
 7.310E+013  1.000E-008  6.236E+001 -2.137E-013
 7.330E+013  1.000E-008  6.236E+001 -1.456E-033
 7.350E+013  1.000E-008  6.236E+001 -1.069E-013
 7.370E+013  1.000E-008  6.236E+001  1.069E-013
 7.390E+013  1.000E-008  6.236E+001  1.455E-033
 7.410E+013  1.000E-008  6.236E+001  8.714E-074
 7.430E+013  1.000E-008  6.236E+001  1.373E-154
 7.450E+013  1.000E-008  6.236E+001  0.000E+000
 7.470E+013  1.000E-008  6.236E+001  0.000E+000
 7.490E+013  1.000E-008  6.236E+001  0.000E+000
 7.510E+013  1.000E-008  6.236E+001  0.000E+000
 7.530E+013  1.000E-008  6.236E+001  0.000E+000
 7.550E+013  1.000E-008  6.236E+001  0.000E+000
 7.570E+013  1.000E-008  6.236E+001  0.000E+000
 7.590E+013  1.000E-008  6.236E+001  0.000E+000
 7.610E+013  1.000E-008  6.236E+001  0.000E+000
 7.630E+013  1.000E-008  6.236E+001  0.000E+000
 7.650E+013  1.000E-008  6.236E+001  0.000E+000
 7.670E+013  1.000E-008  6.236E+001  2.137E-013
 7.690E+013  1.000E-008  6.236E+001 -2.137E-013
 7.710E+013  1.000E-008  6.236E+001  3.206E-013
 7.730E+013  1.000E-008  6.236E+001 -3.206E-013
 7.750E+013  1.000E-008  6.236E+001  3.447E-034
 7.770E+013  1.000E-008  6.236E+001  2.137E-013
 7.790E+013  1.000E-008  6.236E+001 -6.410E-013
 7.810E+013  1.000E-008  6.236E+001  6.410E-013
 7.830E+013  1.000E-008  6.236E+001 -2.137E-013
 7.850E+013  1.000E-008  6.236E+001 -6.158E-074
 7.870E+013  1.000E-008  6.236E+001 -1.223E-033
 7.890E+013  1.000E-008  6.236E+001 -1.069E-013
 7.910E+013  1.000E-008  6.236E+001 -5.339E-013
 7.930E+013  1.000E-008  6.236E+001  3.202E-013
 7.950E+013  1.000E-008  6.236E+001  3.205E-013
 7.970E+013  1.000E-008  6.236E+001 -4.273E-013
 7.990E+013  1.000E-008  6.236E+001  4.273E-013
 8.010E+013  1.000E-008  6.236E+001  2.326E-032
 8.030E+013  1.000E-008  6.236E+001  2.227E-071
 8.050E+013  1.000E-008  6.236E+001  8.961E-150
 8.070E+013  1.000E-008  6.236E+001 -6.102E-300
 8.090E+013  1.000E-008  6.236E+001 -2.812E-146
 8.110E+013  1.000E-008  6.236E+001 -1.250E-069
 8.130E+013  1.000E-008  6.236E+001 -1.745E-031
 8.150E+013  1.000E-008  6.236E+001 -1.172E-012
 8.170E+013  1.000E-008  6.236E+001  1.492E-012
 8.190E+013  1.000E-008  6.236E+001 -3.206E-013
 8.210E+013  1.000E-008  6.236E+001  0.000E+000
 8.230E+013  1.000E-008  6.236E+001  0.000E+000
 8.250E+013  1.000E-008  6.236E+001  0.000E+000
 8.270E+013  1.000E-008  6.236E+001  0.000E+000
 8.290E+013  1.000E-008  6.236E+001  4.274E-013
 8.310E+013  1.000E-008  6.236E+001 -4.274E-013
 8.330E+013  1.000E-008  6.236E+001 -1.411E-033
 8.350E+013  1.000E-008  6.236E+001  6.409E-013
 8.370E+013  1.000E-008  6.236E+001 -5.340E-013
 8.390E+013  1.000E-008  6.236E+001 -1.457E-033
 8.410E+013  1.000E-008  6.236E+001 -1.069E-013
 8.430E+013  1.000E-008  6.236E+001  1.069E-013
 8.450E+013  1.000E-008  6.236E+001 -1.380E-036
 8.470E+013  1.000E-008  6.236E+001 -1.069E-013
 8.490E+013  1.000E-008  6.236E+001 -6.868E-037
 8.510E+013  1.000E-008  6.236E+001  1.069E-013
 8.530E+013  1.000E-008  6.236E+001 -1.367E-036
 8.550E+013  1.000E-008  6.236E+001 -1.069E-013
 8.570E+013  1.000E-008  6.236E+001 -6.803E-037
 8.590E+013  1.000E-008  6.236E+001  1.069E-013
 8.610E+013  1.000E-008  6.236E+001 -1.069E-013
 8.630E+013  1.000E-008  6.236E+001  0.000E+000
 8.650E+013  1.000E-008  6.236E+001  0.000E+000
 8.670E+013  1.000E-008  6.236E+001  0.000E+000
 8.690E+013  1.000E-008  6.236E+001  0.000E+000
 8.710E+013  1.000E-008  6.236E+001  0.000E+000
 8.730E+013  1.000E-008  6.236E+001  0.000E+000
 8.750E+013  1.000E-008  6.236E+001  1.069E-013
 8.770E+013  1.000E-008  6.236E+001 -1.069E-013
 8.790E+013  1.000E-008  6.236E+001 -6.633E-037
 8.810E+013  1.000E-008  6.236E+001  1.069E-013
 8.830E+013  1.000E-008  6.236E+001 -1.069E-013
 8.850E+013  1.000E-008  6.236E+001  1.069E-013
 8.870E+013  1.000E-008  6.236E+001  1.069E-013
 8.890E+013  1.000E-008  6.236E+001 -2.137E-013
 8.910E+013  1.000E-008  6.236E+001  0.000E+000
 8.930E+013  1.000E-008  6.236E+001  0.000E+000
 8.950E+013  1.000E-008  6.236E+001  0.000E+000
 8.970E+013  1.000E-008  6.236E+001  0.000E+000
 8.990E+013  1.000E-008  6.236E+001  0.000E+000
 9.010E+013  1.000E-008  6.236E+001  1.069E-013
 9.030E+013  1.000E-008  6.236E+001 -1.291E-036
 9.050E+013  1.000E-008  6.236E+001 -1.069E-013
 9.070E+013  1.000E-008  6.236E+001  1.069E-013
 9.090E+013  1.000E-008  6.236E+001 -1.283E-036
 9.110E+013  1.000E-008  6.236E+001 -1.069E-013
 9.130E+013  1.000E-008  6.236E+001  0.000E+000
 9.150E+013  1.000E-008  6.236E+001  0.000E+000
 9.170E+013  1.000E-008  6.236E+001  0.000E+000
 9.190E+013  1.000E-008  6.236E+001  0.000E+000
 9.210E+013  1.000E-008  6.236E+001  0.000E+000
 9.230E+013  1.000E-008  6.236E+001  1.069E-013
 9.250E+013  1.000E-008  6.236E+001 -1.261E-036
 9.270E+013  1.000E-008  6.236E+001 -1.069E-013
 9.290E+013  1.000E-008  6.236E+001  0.000E+000
 9.310E+013  1.000E-008  6.236E+001  0.000E+000
 9.330E+013  1.000E-008  6.236E+001  0.000E+000
 9.350E+013  1.000E-008  6.236E+001  0.000E+000
 9.370E+013  1.000E-008  6.236E+001  1.069E-013
 9.390E+013  1.000E-008  6.236E+001 -1.069E-013
 9.410E+013  1.000E-008  6.236E+001  1.069E-013
 9.430E+013  1.000E-008  6.236E+001 -1.069E-013
 9.450E+013  1.000E-008  6.236E+001  0.000E+000
 9.470E+013  1.000E-008  6.236E+001  0.000E+000
 9.490E+013  1.000E-008  6.236E+001  0.000E+000
 9.510E+013  1.000E-008  6.236E+001  0.000E+000
 9.530E+013  1.000E-008  6.236E+001  1.069E-013
 9.550E+013  1.000E-008  6.236E+001 -1.069E-013
 9.570E+013  1.000E-008  6.236E+001 -8.731E-074
 9.590E+013  1.000E-008  6.236E+001 -1.456E-033
 9.610E+013  1.000E-008  6.236E+001 -1.069E-013
 9.630E+013  1.000E-008  6.236E+001  1.069E-013
 9.650E+013  1.000E-008  6.236E+001  1.455E-033
 9.670E+013  1.000E-008  6.236E+001  1.069E-013
 9.690E+013  1.000E-008  6.236E+001 -1.069E-013
 9.710E+013  1.000E-008  6.236E+001  0.000E+000
 9.730E+013  1.000E-008  6.236E+001  0.000E+000
 9.750E+013  1.000E-008  6.236E+001  0.000E+000
 9.770E+013  1.000E-008  6.236E+001  0.000E+000
 9.790E+013  1.000E-008  6.236E+001  0.000E+000
 9.810E+013  1.000E-008  6.236E+001  0.000E+000
 9.830E+013  1.000E-008  6.236E+001  0.000E+000
 9.850E+013  1.000E-008  6.236E+001  0.000E+000
 9.870E+013  1.000E-008  6.236E+001  0.000E+000
 9.890E+013  1.000E-008  6.236E+001  0.000E+000
 9.910E+013  1.000E-008  6.236E+001  0.000E+000
 9.930E+013  1.000E-008  6.236E+001  0.000E+000
 9.950E+013  1.000E-008  6.236E+001  1.069E-013
 9.970E+013  1.000E-008  6.236E+001 -1.069E-013
 9.990E+013  1.000E-008  6.236E+001  0.000E+000
 1.001E+014  1.000E-099  1.000E-099  0.000E+000
 1.003E+014  1.000E-099  1.000E-099  0.000E+000
 9.539E-004
