 2.643E+005
     x1b        dens       energ       v1
 1.000E+011  6.809E-011  8.620E+005  0.000E+000
 3.000E+011  6.872E-011  8.557E+005  8.333E+004
 5.000E+011  7.122E-011  8.581E+005  3.986E+005
 7.000E+011  7.452E-011  8.572E+005  5.188E+005
 9.000E+011  7.799E-011  8.576E+005  7.122E+005
 1.100E+012  8.110E-011  8.575E+005  8.883E+005
 1.300E+012  8.306E-011  8.577E+005  1.066E+006
 1.500E+012  8.346E-011  8.577E+005  1.241E+006
 1.700E+012  8.345E-011  8.578E+005  1.421E+006
 1.900E+012  8.330E-011  8.580E+005  1.601E+006
 2.100E+012  8.299E-011  8.581E+005  1.777E+006
 2.300E+012  8.286E-011  8.583E+005  1.953E+006
 2.500E+012  8.290E-011  8.584E+005  2.133E+006
 2.700E+012  8.311E-011  8.586E+005  2.312E+006
 2.900E+012  8.371E-011  8.588E+005  2.489E+006
 3.100E+012  8.496E-011  8.590E+005  2.669E+006
 3.300E+012  8.719E-011  8.592E+005  2.848E+006
 3.500E+012  9.077E-011  8.595E+005  3.025E+006
 3.700E+012  9.620E-011  8.597E+005  3.204E+006
 3.900E+012  1.042E-010  8.601E+005  3.386E+006
 4.100E+012  1.156E-010  8.604E+005  3.568E+006
 4.300E+012  1.317E-010  8.609E+005  3.749E+006
 4.500E+012  1.544E-010  8.614E+005  3.932E+006
 4.700E+012  1.858E-010  8.621E+005  4.120E+006
 4.900E+012  2.288E-010  8.629E+005  4.306E+006
 5.100E+012  2.863E-010  8.640E+005  4.493E+006
 5.300E+012  3.612E-010  8.654E+005  4.679E+006
 5.500E+012  4.549E-010  8.673E+005  4.864E+006
 5.700E+012  5.671E-010  8.697E+005  5.047E+006
 5.900E+012  6.957E-010  8.728E+005  5.228E+006
 6.100E+012  8.379E-010  8.768E+005  5.411E+006
 6.300E+012  9.908E-010  8.816E+005  5.595E+006
 6.500E+012  1.153E-009  8.875E+005  5.783E+006
 6.700E+012  1.326E-009  8.945E+005  5.974E+006
 6.900E+012  1.513E-009  9.027E+005  6.170E+006
 7.100E+012  1.716E-009  9.124E+005  6.370E+006
 7.300E+012  1.943E-009  9.237E+005  6.575E+006
 7.500E+012  2.201E-009  9.369E+005  6.786E+006
 7.700E+012  2.498E-009  9.524E+005  7.003E+006
 7.900E+012  2.844E-009  9.705E+005  7.227E+006
 8.100E+012  3.248E-009  9.917E+005  7.457E+006
 8.300E+012  3.720E-009  1.017E+006  7.694E+006
 8.500E+012  4.269E-009  1.045E+006  7.935E+006
 8.700E+012  4.904E-009  1.079E+006  8.180E+006
 8.900E+012  5.639E-009  1.120E+006  8.439E+006
 9.100E+012  6.488E-009  1.169E+006  8.711E+006
 9.300E+012  7.476E-009  1.226E+006  8.993E+006
 9.500E+012  8.637E-009  1.295E+006  9.291E+006
 9.700E+012  1.000E-008  1.371E+006  9.588E+006
 9.900E+012  1.166E-008  1.465E+006  9.879E+006
 1.010E+013  1.376E-008  1.587E+006  1.023E+007
 1.030E+013  1.622E-008  1.710E+006  1.057E+007
 1.050E+013  1.936E-008  1.871E+006  1.081E+007
 1.070E+013  2.464E-008  2.269E+006  1.140E+007
 1.090E+013  2.928E-008  2.514E+006  1.225E+007
 1.110E+013  2.847E-008  1.934E+006  1.192E+007
 1.130E+013  2.021E-008  7.125E+005  9.775E+006
 1.150E+013  1.275E-008  7.752E+004  5.689E+006
 1.170E+013  1.034E-008  6.561E+002  1.483E+006
 1.190E+013  1.001E-008  6.242E+001  4.794E+004
 1.210E+013  1.000E-008  6.236E+001  1.707E+001
 1.230E+013  1.000E-008  6.236E+001  3.098E-006
 1.250E+013  1.000E-008  6.236E+001 -6.372E-013
 1.270E+013  1.000E-008  6.236E+001  0.000E+000
 1.290E+013  1.000E-008  6.236E+001  0.000E+000
 1.310E+013  1.000E-008  6.236E+001  0.000E+000
 1.330E+013  1.000E-008  6.236E+001  0.000E+000
 1.350E+013  1.000E-008  6.236E+001  0.000E+000
 1.370E+013  1.000E-008  6.236E+001  0.000E+000
 1.390E+013  1.000E-008  6.236E+001  3.755E-012
 1.410E+013  1.000E-008  6.236E+001 -3.755E-012
 1.430E+013  1.000E-008  6.236E+001 -1.407E-011
 1.450E+013  1.000E-008  6.236E+001  1.407E-011
 1.470E+013  1.000E-008  6.236E+001  2.817E-012
 1.490E+013  1.000E-008  6.236E+001 -2.817E-012
 1.510E+013  1.000E-008  6.236E+001  0.000E+000
 1.530E+013  1.000E-008  6.236E+001  0.000E+000
 1.550E+013  1.000E-008  6.236E+001  0.000E+000
 1.570E+013  1.000E-008  6.236E+001  0.000E+000
 1.590E+013  1.000E-008  6.236E+001  9.389E-013
 1.610E+013  1.000E-008  6.236E+001 -4.873E-033
 1.630E+013  1.000E-008  6.236E+001 -9.389E-013
 1.650E+013  1.000E-008  6.236E+001 -9.389E-013
 1.670E+013  1.000E-008  6.236E+001  9.389E-013
 1.690E+013  1.000E-008  6.236E+001  9.722E-031
 1.710E+013  1.000E-008  6.236E+001  3.535E-067
 1.730E+013  1.000E-008  6.236E+001  2.152E-140
 1.750E+013  1.000E-008  6.236E+001  3.761E-287
 1.770E+013  1.000E-008  6.236E+001  0.000E+000
 1.790E+013  1.000E-008  6.236E+001  0.000E+000
 1.810E+013  1.000E-008  6.236E+001  0.000E+000
 1.830E+013  1.000E-008  6.236E+001  9.389E-013
 1.850E+013  1.000E-008  6.236E+001 -9.389E-013
 1.870E+013  1.000E-008  6.236E+001  3.755E-012
 1.890E+013  1.000E-008  6.236E+001 -5.633E-012
 1.910E+013  1.000E-008  6.236E+001  3.755E-012
 1.930E+013  1.000E-008  6.236E+001 -1.878E-012
 1.950E+013  1.000E-008  6.236E+001  0.000E+000
 1.970E+013  1.000E-008  6.236E+001  0.000E+000
 1.990E+013  1.000E-008  6.236E+001  0.000E+000
 2.010E+013  1.000E-008  6.236E+001  0.000E+000
 2.030E+013  1.000E-008  6.236E+001  0.000E+000
 2.050E+013  1.000E-008  6.236E+001  0.000E+000
 2.070E+013  1.000E-008  6.236E+001  0.000E+000
 2.090E+013  1.000E-008  6.236E+001  9.389E-013
 2.110E+013  1.000E-008  6.236E+001 -3.713E-033
 2.130E+013  1.000E-008  6.236E+001 -9.389E-013
 2.150E+013  1.000E-008  6.236E+001  0.000E+000
 2.170E+013  1.000E-008  6.236E+001  0.000E+000
 2.190E+013  1.000E-008  6.236E+001  0.000E+000
 2.210E+013  1.000E-008  6.236E+001  0.000E+000
 2.230E+013  1.000E-008  6.236E+001  0.000E+000
 2.250E+013  1.000E-008  6.236E+001  0.000E+000
 2.270E+013  1.000E-008  6.236E+001  9.389E-013
 2.290E+013  1.000E-008  6.236E+001 -3.419E-033
 2.310E+013  1.000E-008  6.236E+001 -9.389E-013
 2.330E+013  1.000E-008  6.236E+001  0.000E+000
 2.350E+013  1.000E-008  6.236E+001  0.000E+000
 2.370E+013  1.000E-008  6.236E+001  9.389E-013
 2.390E+013  1.000E-008  6.236E+001 -9.389E-013
 2.410E+013  1.000E-008  6.236E+001  0.000E+000
 2.430E+013  1.000E-008  6.236E+001  0.000E+000
 2.450E+013  1.000E-008  6.236E+001  0.000E+000
 2.470E+013  1.000E-008  6.236E+001  9.389E-013
 2.490E+013  1.000E-008  6.236E+001 -9.389E-013
 2.510E+013  1.000E-008  6.236E+001  9.389E-013
 2.530E+013  1.000E-008  6.236E+001 -9.389E-013
 2.550E+013  1.000E-008  6.236E+001 -2.543E-282
 2.570E+013  1.000E-008  6.236E+001 -5.596E-138
 2.590E+013  1.000E-008  6.236E+001 -5.700E-066
 2.610E+013  1.000E-008  6.236E+001 -3.904E-030
 2.630E+013  1.000E-008  6.236E+001 -1.878E-012
 2.650E+013  1.000E-008  6.236E+001  1.878E-012
 2.670E+013  1.000E-008  6.236E+001  3.892E-030
 2.690E+013  1.000E-008  6.236E+001  5.666E-066
 2.710E+013  1.000E-008  6.236E+001  9.389E-013
 2.730E+013  1.000E-008  6.236E+001 -9.389E-013
 2.750E+013  1.000E-008  6.236E+001  2.817E-012
 2.770E+013  1.000E-008  6.236E+001 -2.817E-012
 2.790E+013  1.000E-008  6.236E+001  0.000E+000
 2.810E+013  1.000E-008  6.236E+001  0.000E+000
 2.830E+013  1.000E-008  6.236E+001  4.694E-012
 2.850E+013  1.000E-008  6.236E+001 -9.388E-013
 2.870E+013  1.000E-008  6.236E+001 -3.755E-012
 2.890E+013  1.000E-008  6.236E+001 -1.526E-030
 2.910E+013  1.000E-008  6.236E+001  6.572E-012
 2.930E+013  1.000E-008  6.236E+001 -6.572E-012
 2.950E+013  1.000E-008  6.236E+001  0.000E+000
 2.970E+013  1.000E-008  6.236E+001  0.000E+000
 2.990E+013  1.000E-008  6.236E+001  0.000E+000
 3.010E+013  1.000E-008  6.236E+001  9.389E-013
 3.030E+013  1.000E-008  6.236E+001 -9.389E-013
 3.050E+013  1.000E-008  6.236E+001  9.389E-013
 3.070E+013  1.000E-008  6.236E+001 -9.389E-013
 3.090E+013  1.000E-008  6.236E+001  9.389E-013
 3.110E+013  1.000E-008  6.236E+001  9.389E-013
 3.130E+013  1.000E-008  6.236E+001 -1.878E-012
 3.150E+013  1.000E-008  6.236E+001  0.000E+000
 3.170E+013  1.000E-008  6.236E+001  0.000E+000
 3.190E+013  1.000E-008  6.236E+001  0.000E+000
 3.210E+013  1.000E-008  6.236E+001  0.000E+000
 3.230E+013  1.000E-008  6.236E+001  0.000E+000
 3.250E+013  1.000E-008  6.236E+001  0.000E+000
 3.270E+013  1.000E-008  6.236E+001 -3.871E-287
 3.290E+013  1.000E-008  6.236E+001 -2.183E-140
 3.310E+013  1.000E-008  6.236E+001 -3.561E-067
 3.330E+013  1.000E-008  6.236E+001 -9.757E-031
 3.350E+013  1.000E-008  6.236E+001 -9.389E-013
 3.370E+013  1.000E-008  6.236E+001  9.389E-013
 3.390E+013  1.000E-008  6.236E+001  9.734E-031
 3.410E+013  1.000E-008  6.236E+001  3.544E-067
 3.430E+013  1.000E-008  6.236E+001  2.163E-140
 3.450E+013  1.000E-008  6.236E+001  1.878E-012
 3.470E+013  1.000E-008  6.236E+001 -1.878E-012
 3.490E+013  1.000E-008  6.236E+001  0.000E+000
 3.510E+013  1.000E-008  6.236E+001  0.000E+000
 3.530E+013  1.000E-008  6.236E+001  0.000E+000
 3.550E+013  1.000E-008  6.236E+001  0.000E+000
 3.570E+013  1.000E-008  6.236E+001  1.878E-012
 3.590E+013  1.000E-008  6.236E+001 -9.389E-013
 3.610E+013  1.000E-008  6.236E+001 -9.756E-031
 3.630E+013  1.000E-008  6.236E+001 -9.389E-013
 3.650E+013  1.000E-008  6.236E+001 -9.389E-013
 3.670E+013  1.000E-008  6.236E+001  9.389E-013
 3.690E+013  1.000E-008  6.236E+001  9.389E-013
 3.710E+013  1.000E-008  6.236E+001 -9.389E-013
 3.730E+013  1.000E-008  6.236E+001 -1.048E-033
 3.750E+013  1.000E-008  6.236E+001  9.389E-013
 3.770E+013  1.000E-008  6.236E+001 -9.389E-013
 3.790E+013  1.000E-008  6.236E+001  0.000E+000
 3.810E+013  1.000E-008  6.236E+001  0.000E+000
 3.830E+013  1.000E-008  6.236E+001  9.389E-013
 3.850E+013  1.000E-008  6.236E+001 -9.389E-013
 3.870E+013  1.000E-008  6.236E+001 -9.755E-031
 3.890E+013  1.000E-008  6.236E+001 -9.389E-013
 3.910E+013  1.000E-008  6.236E+001 -2.954E-031
 3.930E+013  1.000E-008  6.236E+001  2.817E-012
 3.950E+013  1.000E-008  6.236E+001 -9.389E-013
 3.970E+013  1.000E-008  6.236E+001  2.817E-012
 3.990E+013  1.000E-008  6.236E+001 -3.755E-012
 4.010E+013  1.000E-008  6.236E+001  0.000E+000
 4.030E+013  1.000E-008  6.236E+001  0.000E+000
 4.050E+013  1.000E-008  6.236E+001  0.000E+000
 4.070E+013  1.000E-008  6.236E+001  0.000E+000
 4.090E+013  1.000E-008  6.236E+001  3.450E-011
 4.110E+013  1.000E-008  6.236E+001 -3.450E-011
 4.130E+013  1.000E-008  6.236E+001  2.433E-011
 4.150E+013  1.000E-008  6.236E+001 -2.433E-011
 4.170E+013  1.000E-008  6.236E+001  8.449E-012
 4.190E+013  1.000E-008  6.236E+001 -7.510E-012
 4.210E+013  1.000E-008  6.236E+001 -9.755E-031
 4.230E+013  1.000E-008  6.236E+001 -9.389E-013
 4.250E+013  1.000E-008  6.236E+001  0.000E+000
 4.270E+013  1.000E-008  6.236E+001  0.000E+000
 4.290E+013  1.000E-008  6.236E+001  0.000E+000
 4.310E+013  1.000E-008  6.236E+001  0.000E+000
 4.330E+013  1.000E-008  6.236E+001  0.000E+000
 4.350E+013  1.000E-008  6.236E+001  0.000E+000
 4.370E+013  1.000E-008  6.236E+001  0.000E+000
 4.390E+013  1.000E-008  6.236E+001  0.000E+000
 4.410E+013  1.000E-008  6.236E+001  0.000E+000
 4.430E+013  1.000E-008  6.236E+001  0.000E+000
 4.450E+013  1.000E-008  6.236E+001  0.000E+000
 4.470E+013  1.000E-008  6.236E+001  9.389E-013
 4.490E+013  1.000E-008  6.236E+001 -1.740E-033
 4.510E+013  1.000E-008  6.236E+001 -9.389E-013
 4.530E+013  1.000E-008  6.236E+001 -3.860E-287
 4.550E+013  1.000E-008  6.236E+001 -2.180E-140
 4.570E+013  1.000E-008  6.236E+001 -3.558E-067
 4.590E+013  1.000E-008  6.236E+001 -9.754E-031
 4.610E+013  1.000E-008  6.236E+001 -9.389E-013
 4.630E+013  1.000E-008  6.236E+001  9.389E-013
 4.650E+013  1.000E-008  6.236E+001  9.389E-013
 4.670E+013  1.000E-008  6.236E+001 -9.389E-013
 4.690E+013  1.000E-008  6.236E+001  9.389E-013
 4.710E+013  1.000E-008  6.236E+001 -9.389E-013
 4.730E+013  1.000E-008  6.236E+001  0.000E+000
 4.750E+013  1.000E-008  6.236E+001  0.000E+000
 4.770E+013  1.000E-008  6.236E+001  0.000E+000
 4.790E+013  1.000E-008  6.236E+001  9.389E-013
 4.810E+013  1.000E-008  6.236E+001 -9.389E-013
 4.830E+013  1.000E-008  6.236E+001 -8.087E-034
 4.850E+013  1.000E-008  6.236E+001  9.389E-013
 4.870E+013  1.000E-008  6.236E+001 -9.389E-013
 4.890E+013  1.000E-008  6.236E+001  0.000E+000
 4.910E+013  1.000E-008  6.236E+001  0.000E+000
 4.930E+013  1.000E-008  6.236E+001  0.000E+000
 4.950E+013  1.000E-008  6.236E+001  0.000E+000
 4.970E+013  1.000E-008  6.236E+001  0.000E+000
 4.990E+013  1.000E-008  6.236E+001  1.878E-012
 5.010E+013  1.000E-008  6.236E+001 -2.817E-012
 5.030E+013  1.000E-008  6.236E+001  9.389E-013
 5.050E+013  1.000E-008  6.236E+001  9.737E-031
 5.070E+013  1.000E-008  6.236E+001  3.546E-067
 5.090E+013  1.000E-008  6.236E+001  2.166E-140
 5.110E+013  1.000E-008  6.236E+001  9.389E-013
 5.130E+013  1.000E-008  6.236E+001 -9.389E-013
 5.150E+013  1.000E-008  6.236E+001  0.000E+000
 5.170E+013  1.000E-008  6.236E+001  0.000E+000
 5.190E+013  1.000E-008  6.236E+001 -3.857E-287
 5.210E+013  1.000E-008  6.236E+001 -2.179E-140
 5.230E+013  1.000E-008  6.236E+001 -3.557E-067
 5.250E+013  1.000E-008  6.236E+001 -9.753E-031
 5.270E+013  1.000E-008  6.236E+001 -9.389E-013
 5.290E+013  1.000E-008  6.236E+001  9.389E-013
 5.310E+013  1.000E-008  6.236E+001  9.738E-031
 5.330E+013  1.000E-008  6.236E+001  3.547E-067
 5.350E+013  1.000E-008  6.236E+001  1.878E-012
 5.370E+013  1.000E-008  6.236E+001 -1.878E-012
 5.390E+013  1.000E-008  6.236E+001  1.285E-031
 5.410E+013  1.000E-008  6.236E+001  9.389E-013
 5.430E+013  1.000E-008  6.236E+001  9.389E-013
 5.450E+013  1.000E-008  6.236E+001  9.388E-013
 5.470E+013  1.000E-008  6.236E+001 -2.817E-012
 5.490E+013  1.000E-008  6.236E+001 -9.752E-031
 5.510E+013  1.000E-008  6.236E+001 -9.389E-013
 5.530E+013  1.000E-008  6.236E+001  1.878E-012
 5.550E+013  1.000E-008  6.236E+001 -3.755E-012
 5.570E+013  1.000E-008  6.236E+001  1.878E-012
 5.590E+013  1.000E-008  6.236E+001  9.389E-013
 5.610E+013  1.000E-008  6.236E+001 -9.389E-013
 5.630E+013  1.000E-008  6.236E+001  9.389E-013
 5.650E+013  1.000E-008  6.236E+001 -5.633E-012
 5.670E+013  1.000E-008  6.236E+001  5.633E-012
 5.690E+013  1.000E-008  6.236E+001  5.633E-012
 5.710E+013  1.000E-008  6.236E+001 -5.633E-012
 5.730E+013  1.000E-008  6.236E+001  6.572E-012
 5.750E+013  1.000E-008  6.236E+001 -1.408E-011
 5.770E+013  1.000E-008  6.236E+001 -9.382E-013
 5.790E+013  1.000E-008  6.236E+001  8.448E-012
 5.810E+013  1.000E-008  6.236E+001  4.456E-011
 5.830E+013  1.000E-008  6.236E+001 -4.456E-011
 5.850E+013  1.000E-008  6.236E+001  0.000E+000
 5.870E+013  1.000E-008  6.236E+001  0.000E+000
 5.890E+013  1.000E-008  6.236E+001  0.000E+000
 5.910E+013  1.000E-008  6.236E+001  0.000E+000
 5.930E+013  1.000E-008  6.236E+001  0.000E+000
 5.950E+013  1.000E-008  6.236E+001  0.000E+000
 5.970E+013  1.000E-008  6.236E+001  0.000E+000
 5.990E+013  1.000E-008  6.236E+001  0.000E+000
 6.010E+013  1.000E-008  6.236E+001  0.000E+000
 6.030E+013  1.000E-008  6.236E+001  9.389E-013
 6.050E+013  1.000E-008  6.236E+001 -9.389E-013
 6.070E+013  1.000E-008  6.236E+001  9.389E-013
 6.090E+013  1.000E-008  6.236E+001 -9.389E-013
 6.110E+013  1.000E-008  6.236E+001  0.000E+000
 6.130E+013  1.000E-008  6.236E+001  0.000E+000
 6.150E+013  1.000E-008  6.236E+001  0.000E+000
 6.170E+013  1.000E-008  6.236E+001  9.389E-013
 6.190E+013  1.000E-008  6.236E+001 -9.389E-013
 6.210E+013  1.000E-008  6.236E+001  0.000E+000
 6.230E+013  1.000E-008  6.236E+001  0.000E+000
 6.250E+013  1.000E-008  6.236E+001  0.000E+000
 6.270E+013  1.000E-008  6.236E+001  0.000E+000
 6.290E+013  1.000E-008  6.236E+001  0.000E+000
 6.310E+013  1.000E-008  6.236E+001  0.000E+000
 6.330E+013  1.000E-008  6.236E+001  0.000E+000
 6.350E+013  1.000E-008  6.236E+001  9.389E-013
 6.370E+013  1.000E-008  6.236E+001 -9.389E-013
 6.390E+013  1.000E-008  6.236E+001  0.000E+000
 6.410E+013  1.000E-008  6.236E+001  0.000E+000
 6.430E+013  1.000E-008  6.236E+001  0.000E+000
 6.450E+013  1.000E-008  6.236E+001  0.000E+000
 6.470E+013  1.000E-008  6.236E+001  9.389E-013
 6.490E+013  1.000E-008  6.236E+001 -9.389E-013
 6.510E+013  1.000E-008  6.236E+001  0.000E+000
 6.530E+013  1.000E-008  6.236E+001  0.000E+000
 6.550E+013  1.000E-008  6.236E+001  0.000E+000
 6.570E+013  1.000E-008  6.236E+001  0.000E+000
 6.590E+013  1.000E-008  6.236E+001  9.389E-013
 6.610E+013  1.000E-008  6.236E+001 -9.389E-013
 6.630E+013  1.000E-008  6.236E+001  0.000E+000
 6.650E+013  1.000E-008  6.236E+001  0.000E+000
 6.670E+013  1.000E-008  6.236E+001  0.000E+000
 6.690E+013  1.000E-008  6.236E+001  9.389E-013
 6.710E+013  1.000E-008  6.236E+001 -9.389E-013
 6.730E+013  1.000E-008  6.236E+001  0.000E+000
 6.750E+013  1.000E-008  6.236E+001  0.000E+000
 6.770E+013  1.000E-008  6.236E+001  9.389E-013
 6.790E+013  1.000E-008  6.236E+001 -9.389E-013
 6.810E+013  1.000E-008  6.236E+001  9.389E-013
 6.830E+013  1.000E-008  6.236E+001 -1.143E-033
 6.850E+013  1.000E-008  6.236E+001 -9.389E-013
 6.870E+013  1.000E-008  6.236E+001  0.000E+000
 6.890E+013  1.000E-008  6.236E+001  0.000E+000
 6.910E+013  1.000E-008  6.236E+001  0.000E+000
 6.930E+013  1.000E-008  6.236E+001  9.389E-013
 6.950E+013  1.000E-008  6.236E+001 -9.389E-013
 6.970E+013  1.000E-008  6.236E+001  0.000E+000
 6.990E+013  1.000E-008  6.236E+001  0.000E+000
 7.010E+013  1.000E-008  6.236E+001  0.000E+000
 7.030E+013  1.000E-008  6.236E+001  0.000E+000
 7.050E+013  1.000E-008  6.236E+001  0.000E+000
 7.070E+013  1.000E-008  6.236E+001  0.000E+000
 7.090E+013  1.000E-008  6.236E+001  0.000E+000
 7.110E+013  1.000E-008  6.236E+001  0.000E+000
 7.130E+013  1.000E-008  6.236E+001  0.000E+000
 7.150E+013  1.000E-008  6.236E+001  0.000E+000
 7.170E+013  1.000E-008  6.236E+001  0.000E+000
 7.190E+013  1.000E-008  6.236E+001  9.389E-013
 7.210E+013  1.000E-008  6.236E+001 -9.389E-013
 7.230E+013  1.000E-008  6.236E+001  0.000E+000
 7.250E+013  1.000E-008  6.236E+001  0.000E+000
 7.270E+013  1.000E-008  6.236E+001  1.878E-012
 7.290E+013  1.000E-008  6.236E+001 -4.284E-033
 7.310E+013  1.000E-008  6.236E+001 -1.878E-012
 7.330E+013  1.000E-008  6.236E+001 -9.750E-031
 7.350E+013  1.000E-008  6.236E+001 -9.389E-013
 7.370E+013  1.000E-008  6.236E+001  9.389E-013
 7.390E+013  1.000E-008  6.236E+001  9.740E-031
 7.410E+013  1.000E-008  6.236E+001  3.548E-067
 7.430E+013  1.000E-008  6.236E+001  2.168E-140
 7.450E+013  1.000E-008  6.236E+001  3.817E-287
 7.470E+013  1.000E-008  6.236E+001  0.000E+000
 7.490E+013  1.000E-008  6.236E+001  0.000E+000
 7.510E+013  1.000E-008  6.236E+001  0.000E+000
 7.530E+013  1.000E-008  6.236E+001  0.000E+000
 7.550E+013  1.000E-008  6.236E+001  0.000E+000
 7.570E+013  1.000E-008  6.236E+001  0.000E+000
 7.590E+013  1.000E-008  6.236E+001  0.000E+000
 7.610E+013  1.000E-008  6.236E+001  0.000E+000
 7.630E+013  1.000E-008  6.236E+001  0.000E+000
 7.650E+013  1.000E-008  6.236E+001  0.000E+000
 7.670E+013  1.000E-008  6.236E+001  1.878E-012
 7.690E+013  1.000E-008  6.236E+001 -1.878E-012
 7.710E+013  1.000E-008  6.236E+001  2.817E-012
 7.730E+013  1.000E-008  6.236E+001 -2.817E-012
 7.750E+013  1.000E-008  6.236E+001  2.309E-031
 7.770E+013  1.000E-008  6.236E+001  1.878E-012
 7.790E+013  1.000E-008  6.236E+001 -5.633E-012
 7.810E+013  1.000E-008  6.236E+001  5.633E-012
 7.830E+013  1.000E-008  6.236E+001 -1.878E-012
 7.850E+013  1.000E-008  6.236E+001 -2.507E-067
 7.870E+013  1.000E-008  6.236E+001 -8.187E-031
 7.890E+013  1.000E-008  6.236E+001 -9.389E-013
 7.910E+013  1.000E-008  6.236E+001 -4.694E-012
 7.930E+013  1.000E-008  6.236E+001  2.816E-012
 7.950E+013  1.000E-008  6.236E+001  2.817E-012
 7.970E+013  1.000E-008  6.236E+001 -3.755E-012
 7.990E+013  1.000E-008  6.236E+001  3.755E-012
 8.010E+013  1.000E-008  6.236E+001  1.558E-029
 8.030E+013  1.000E-008  6.236E+001  9.082E-065
 8.050E+013  1.000E-008  6.236E+001  1.420E-135
 8.070E+013  1.000E-008  6.236E+001 -1.748E-270
 8.090E+013  1.000E-008  6.236E+001 -4.641E-132
 8.110E+013  1.000E-008  6.236E+001 -5.192E-063
 8.130E+013  1.000E-008  6.236E+001 -1.178E-028
 8.150E+013  1.000E-008  6.236E+001 -1.032E-011
 8.170E+013  1.000E-008  6.236E+001  1.314E-011
 8.190E+013  1.000E-008  6.236E+001 -2.817E-012
 8.210E+013  1.000E-008  6.236E+001  0.000E+000
 8.230E+013  1.000E-008  6.236E+001  0.000E+000
 8.250E+013  1.000E-008  6.236E+001  0.000E+000
 8.270E+013  1.000E-008  6.236E+001  0.000E+000
 8.290E+013  1.000E-008  6.236E+001  3.755E-012
 8.310E+013  1.000E-008  6.236E+001 -3.755E-012
 8.330E+013  1.000E-008  6.236E+001 -9.466E-031
 8.350E+013  1.000E-008  6.236E+001  5.633E-012
 8.370E+013  1.000E-008  6.236E+001 -4.694E-012
 8.390E+013  1.000E-008  6.236E+001 -9.750E-031
 8.410E+013  1.000E-008  6.236E+001 -9.389E-013
 8.430E+013  1.000E-008  6.236E+001  9.389E-013
 8.450E+013  1.000E-008  6.236E+001 -9.237E-034
 8.470E+013  1.000E-008  6.236E+001 -9.389E-013
 8.490E+013  1.000E-008  6.236E+001 -4.597E-034
 8.510E+013  1.000E-008  6.236E+001  9.389E-013
 8.530E+013  1.000E-008  6.236E+001 -9.151E-034
 8.550E+013  1.000E-008  6.236E+001 -9.389E-013
 8.570E+013  1.000E-008  6.236E+001 -4.554E-034
 8.590E+013  1.000E-008  6.236E+001  9.389E-013
 8.610E+013  1.000E-008  6.236E+001 -9.389E-013
 8.630E+013  1.000E-008  6.236E+001  0.000E+000
 8.650E+013  1.000E-008  6.236E+001  0.000E+000
 8.670E+013  1.000E-008  6.236E+001  0.000E+000
 8.690E+013  1.000E-008  6.236E+001  0.000E+000
 8.710E+013  1.000E-008  6.236E+001  0.000E+000
 8.730E+013  1.000E-008  6.236E+001  0.000E+000
 8.750E+013  1.000E-008  6.236E+001  9.389E-013
 8.770E+013  1.000E-008  6.236E+001 -9.389E-013
 8.790E+013  1.000E-008  6.236E+001 -4.440E-034
 8.810E+013  1.000E-008  6.236E+001  9.389E-013
 8.830E+013  1.000E-008  6.236E+001 -9.389E-013
 8.850E+013  1.000E-008  6.236E+001  9.389E-013
 8.870E+013  1.000E-008  6.236E+001  9.389E-013
 8.890E+013  1.000E-008  6.236E+001 -1.878E-012
 8.910E+013  1.000E-008  6.236E+001  0.000E+000
 8.930E+013  1.000E-008  6.236E+001  0.000E+000
 8.950E+013  1.000E-008  6.236E+001  0.000E+000
 8.970E+013  1.000E-008  6.236E+001  0.000E+000
 8.990E+013  1.000E-008  6.236E+001  0.000E+000
 9.010E+013  1.000E-008  6.236E+001  9.389E-013
 9.030E+013  1.000E-008  6.236E+001 -8.643E-034
 9.050E+013  1.000E-008  6.236E+001 -9.389E-013
 9.070E+013  1.000E-008  6.236E+001  9.389E-013
 9.090E+013  1.000E-008  6.236E+001 -8.586E-034
 9.110E+013  1.000E-008  6.236E+001 -9.389E-013
 9.130E+013  1.000E-008  6.236E+001  0.000E+000
 9.150E+013  1.000E-008  6.236E+001  0.000E+000
 9.170E+013  1.000E-008  6.236E+001  0.000E+000
 9.190E+013  1.000E-008  6.236E+001  0.000E+000
 9.210E+013  1.000E-008  6.236E+001  0.000E+000
 9.230E+013  1.000E-008  6.236E+001  9.389E-013
 9.250E+013  1.000E-008  6.236E+001 -8.438E-034
 9.270E+013  1.000E-008  6.236E+001 -9.389E-013
 9.290E+013  1.000E-008  6.236E+001  0.000E+000
 9.310E+013  1.000E-008  6.236E+001  0.000E+000
 9.330E+013  1.000E-008  6.236E+001  0.000E+000
 9.350E+013  1.000E-008  6.236E+001  0.000E+000
 9.370E+013  1.000E-008  6.236E+001  9.389E-013
 9.390E+013  1.000E-008  6.236E+001 -9.389E-013
 9.410E+013  1.000E-008  6.236E+001  9.389E-013
 9.430E+013  1.000E-008  6.236E+001 -9.389E-013
 9.450E+013  1.000E-008  6.236E+001  0.000E+000
 9.470E+013  1.000E-008  6.236E+001  0.000E+000
 9.490E+013  1.000E-008  6.236E+001  0.000E+000
 9.510E+013  1.000E-008  6.236E+001  0.000E+000
 9.530E+013  1.000E-008  6.236E+001  9.389E-013
 9.550E+013  1.000E-008  6.236E+001 -9.389E-013
 9.570E+013  1.000E-008  6.236E+001 -3.555E-067
 9.590E+013  1.000E-008  6.236E+001 -9.749E-031
 9.610E+013  1.000E-008  6.236E+001 -9.389E-013
 9.630E+013  1.000E-008  6.236E+001  9.389E-013
 9.650E+013  1.000E-008  6.236E+001  9.741E-031
 9.670E+013  1.000E-008  6.236E+001  9.389E-013
 9.690E+013  1.000E-008  6.236E+001 -9.389E-013
 9.710E+013  1.000E-008  6.236E+001  0.000E+000
 9.730E+013  1.000E-008  6.236E+001  0.000E+000
 9.750E+013  1.000E-008  6.236E+001  0.000E+000
 9.770E+013  1.000E-008  6.236E+001  0.000E+000
 9.790E+013  1.000E-008  6.236E+001  0.000E+000
 9.810E+013  1.000E-008  6.236E+001  0.000E+000
 9.830E+013  1.000E-008  6.236E+001  0.000E+000
 9.850E+013  1.000E-008  6.236E+001  0.000E+000
 9.870E+013  1.000E-008  6.236E+001  0.000E+000
 9.890E+013  1.000E-008  6.236E+001  0.000E+000
 9.910E+013  1.000E-008  6.236E+001  0.000E+000
 9.930E+013  1.000E-008  6.236E+001  0.000E+000
 9.950E+013  1.000E-008  6.236E+001  9.389E-013
 9.970E+013  1.000E-008  6.236E+001 -9.389E-013
 9.990E+013  1.000E-008  6.236E+001  0.000E+000
 1.001E+014  1.000E-099  1.000E-099  0.000E+000
 1.003E+014  1.000E-099  1.000E-099  0.000E+000
 8.380E-003
