 6.001E+003
     x1b        dens       energ       v1
 1.000E+011  3.800E-011  3.262E+009  0.000E+000
 3.000E+011  3.835E-011  3.271E+009  7.459E+006
 5.000E+011  3.917E-011  3.267E+009  1.610E+007
 7.000E+011  4.052E-011  3.269E+009  2.368E+007
 9.000E+011  4.211E-011  3.268E+009  3.178E+007
 1.100E+012  4.374E-011  3.269E+009  3.963E+007
 1.300E+012  4.526E-011  3.269E+009  4.761E+007
 1.500E+012  4.636E-011  3.269E+009  5.553E+007
 1.700E+012  4.674E-011  3.269E+009  6.345E+007
 1.900E+012  4.676E-011  3.269E+009  7.138E+007
 2.100E+012  4.674E-011  3.269E+009  7.931E+007
 2.300E+012  4.667E-011  3.269E+009  8.725E+007
 2.500E+012  4.653E-011  3.269E+009  9.518E+007
 2.700E+012  4.646E-011  3.270E+009  1.031E+008
 2.900E+012  4.646E-011  3.270E+009  1.110E+008
 3.100E+012  4.650E-011  3.270E+009  1.190E+008
 3.300E+012  4.662E-011  3.270E+009  1.269E+008
 3.500E+012  4.690E-011  3.270E+009  1.349E+008
 3.700E+012  4.741E-011  3.271E+009  1.428E+008
 3.900E+012  4.826E-011  3.271E+009  1.507E+008
 4.100E+012  4.956E-011  3.271E+009  1.587E+008
 4.300E+012  5.143E-011  3.272E+009  1.666E+008
 4.500E+012  5.406E-011  3.272E+009  1.746E+008
 4.700E+012  5.764E-011  3.272E+009  1.826E+008
 4.900E+012  6.246E-011  3.273E+009  1.906E+008
 5.100E+012  6.889E-011  3.273E+009  1.986E+008
 5.300E+012  7.738E-011  3.274E+009  2.067E+008
 5.500E+012  8.854E-011  3.274E+009  2.148E+008
 5.700E+012  1.031E-010  3.275E+009  2.229E+008
 5.900E+012  1.219E-010  3.276E+009  2.310E+008
 6.100E+012  1.460E-010  3.277E+009  2.392E+008
 6.300E+012  1.762E-010  3.279E+009  2.473E+008
 6.500E+012  2.133E-010  3.281E+009  2.554E+008
 6.700E+012  2.575E-010  3.283E+009  2.634E+008
 6.900E+012  3.088E-010  3.286E+009  2.714E+008
 7.100E+012  3.663E-010  3.290E+009  2.793E+008
 7.300E+012  4.290E-010  3.294E+009  2.872E+008
 7.500E+012  4.959E-010  3.299E+009  2.951E+008
 7.700E+012  5.661E-010  3.305E+009  3.030E+008
 7.900E+012  6.393E-010  3.312E+009  3.110E+008
 8.100E+012  7.156E-010  3.320E+009  3.190E+008
 8.300E+012  7.955E-010  3.329E+009  3.271E+008
 8.500E+012  8.802E-010  3.340E+009  3.352E+008
 8.700E+012  9.708E-010  3.352E+009  3.434E+008
 8.900E+012  1.069E-009  3.365E+009  3.516E+008
 9.100E+012  1.177E-009  3.380E+009  3.600E+008
 9.300E+012  1.296E-009  3.398E+009  3.684E+008
 9.500E+012  1.428E-009  3.417E+009  3.768E+008
 9.700E+012  1.575E-009  3.439E+009  3.854E+008
 9.900E+012  1.740E-009  3.463E+009  3.941E+008
 1.010E+013  1.922E-009  3.491E+009  4.028E+008
 1.030E+013  2.125E-009  3.523E+009  4.117E+008
 1.050E+013  2.347E-009  3.558E+009  4.207E+008
 1.070E+013  2.591E-009  3.599E+009  4.298E+008
 1.090E+013  2.857E-009  3.644E+009  4.391E+008
 1.110E+013  3.147E-009  3.696E+009  4.486E+008
 1.130E+013  3.462E-009  3.754E+009  4.583E+008
 1.150E+013  3.806E-009  3.820E+009  4.683E+008
 1.170E+013  4.184E-009  3.894E+009  4.786E+008
 1.190E+013  4.603E-009  3.978E+009  4.893E+008
 1.210E+013  5.069E-009  4.073E+009  5.002E+008
 1.230E+013  5.593E-009  4.182E+009  5.116E+008
 1.250E+013  6.186E-009  4.305E+009  5.235E+008
 1.270E+013  6.860E-009  4.447E+009  5.358E+008
 1.290E+013  7.631E-009  4.609E+009  5.487E+008
 1.310E+013  8.516E-009  4.795E+009  5.622E+008
 1.330E+013  9.532E-009  5.010E+009  5.762E+008
 1.350E+013  1.071E-008  5.259E+009  5.909E+008
 1.370E+013  1.207E-008  5.548E+009  6.063E+008
 1.390E+013  1.364E-008  5.873E+009  6.220E+008
 1.410E+013  1.549E-008  6.260E+009  6.379E+008
 1.430E+013  1.772E-008  6.737E+009  6.561E+008
 1.450E+013  2.022E-008  7.211E+009  6.738E+008
 1.470E+013  2.316E-008  7.759E+009  6.864E+008
 1.490E+013  2.765E-008  8.940E+009  7.107E+008
 1.510E+013  3.165E-008  9.786E+009  7.495E+008
 1.530E+013  3.112E-008  8.182E+009  7.387E+008
 1.550E+013  2.306E-008  3.693E+009  6.368E+008
 1.570E+013  1.395E-008  5.583E+008  4.114E+008
 1.590E+013  1.063E-008  1.056E+007  1.398E+008
 1.610E+013  1.002E-008  1.020E+003  8.968E+006
 1.630E+013  1.000E-008  6.236E+001  1.415E+004
 1.650E+013  1.000E-008  6.236E+001  1.198E-002
 1.670E+013  1.000E-008  6.236E+001  1.907E-013
 1.690E+013  1.000E-008  6.236E+001  1.535E-035
 1.710E+013  1.000E-008  6.236E+001  1.099E-078
 1.730E+013  1.000E-008  6.236E+001  4.788E-165
 1.750E+013  1.000E-008  6.236E+001  0.000E+000
 1.770E+013  1.000E-008  6.236E+001  0.000E+000
 1.790E+013  1.000E-008  6.236E+001  0.000E+000
 1.810E+013  1.000E-008  6.236E+001  0.000E+000
 1.830E+013  1.000E-008  6.236E+001  2.132E-014
 1.850E+013  1.000E-008  6.236E+001 -2.132E-014
 1.870E+013  1.000E-008  6.236E+001  8.528E-014
 1.890E+013  1.000E-008  6.236E+001 -1.279E-013
 1.910E+013  1.000E-008  6.236E+001  8.528E-014
 1.930E+013  1.000E-008  6.236E+001 -4.264E-014
 1.950E+013  1.000E-008  6.236E+001  0.000E+000
 1.970E+013  1.000E-008  6.236E+001  0.000E+000
 1.990E+013  1.000E-008  6.236E+001  0.000E+000
 2.010E+013  1.000E-008  6.236E+001  0.000E+000
 2.030E+013  1.000E-008  6.236E+001  0.000E+000
 2.050E+013  1.000E-008  6.236E+001  0.000E+000
 2.070E+013  1.000E-008  6.236E+001  0.000E+000
 2.090E+013  1.000E-008  6.236E+001  2.132E-014
 2.110E+013  1.000E-008  6.236E+001 -4.339E-038
 2.130E+013  1.000E-008  6.236E+001 -2.132E-014
 2.150E+013  1.000E-008  6.236E+001  0.000E+000
 2.170E+013  1.000E-008  6.236E+001  0.000E+000
 2.190E+013  1.000E-008  6.236E+001  0.000E+000
 2.210E+013  1.000E-008  6.236E+001  0.000E+000
 2.230E+013  1.000E-008  6.236E+001  0.000E+000
 2.250E+013  1.000E-008  6.236E+001  0.000E+000
 2.270E+013  1.000E-008  6.236E+001  2.132E-014
 2.290E+013  1.000E-008  6.236E+001 -3.997E-038
 2.310E+013  1.000E-008  6.236E+001 -2.132E-014
 2.330E+013  1.000E-008  6.236E+001  0.000E+000
 2.350E+013  1.000E-008  6.236E+001  0.000E+000
 2.370E+013  1.000E-008  6.236E+001  2.132E-014
 2.390E+013  1.000E-008  6.236E+001 -2.132E-014
 2.410E+013  1.000E-008  6.236E+001  0.000E+000
 2.430E+013  1.000E-008  6.236E+001  0.000E+000
 2.450E+013  1.000E-008  6.236E+001  0.000E+000
 2.470E+013  1.000E-008  6.236E+001  2.132E-014
 2.490E+013  1.000E-008  6.236E+001 -2.132E-014
 2.510E+013  1.000E-008  6.236E+001  2.132E-014
 2.530E+013  1.000E-008  6.236E+001 -2.132E-014
 2.550E+013  1.000E-008  6.236E+001  0.000E+000
 2.570E+013  1.000E-008  6.236E+001 -1.247E-162
 2.590E+013  1.000E-008  6.236E+001 -1.776E-077
 2.610E+013  1.000E-008  6.236E+001 -4.563E-035
 2.630E+013  1.000E-008  6.236E+001 -4.264E-014
 2.650E+013  1.000E-008  6.236E+001  4.264E-014
 2.670E+013  1.000E-008  6.236E+001  4.549E-035
 2.690E+013  1.000E-008  6.236E+001  1.765E-077
 2.710E+013  1.000E-008  6.236E+001  2.132E-014
 2.730E+013  1.000E-008  6.236E+001 -2.132E-014
 2.750E+013  1.000E-008  6.236E+001  6.396E-014
 2.770E+013  1.000E-008  6.236E+001 -6.396E-014
 2.790E+013  1.000E-008  6.236E+001  0.000E+000
 2.810E+013  1.000E-008  6.236E+001  0.000E+000
 2.830E+013  1.000E-008  6.236E+001  1.066E-013
 2.850E+013  1.000E-008  6.236E+001 -2.132E-014
 2.870E+013  1.000E-008  6.236E+001 -8.528E-014
 2.890E+013  1.000E-008  6.236E+001 -1.784E-035
 2.910E+013  1.000E-008  6.236E+001  1.492E-013
 2.930E+013  1.000E-008  6.236E+001 -1.492E-013
 2.950E+013  1.000E-008  6.236E+001  0.000E+000
 2.970E+013  1.000E-008  6.236E+001  0.000E+000
 2.990E+013  1.000E-008  6.236E+001  0.000E+000
 3.010E+013  1.000E-008  6.236E+001  2.132E-014
 3.030E+013  1.000E-008  6.236E+001 -2.132E-014
 3.050E+013  1.000E-008  6.236E+001  2.132E-014
 3.070E+013  1.000E-008  6.236E+001 -2.132E-014
 3.090E+013  1.000E-008  6.236E+001  2.132E-014
 3.110E+013  1.000E-008  6.236E+001  2.132E-014
 3.130E+013  1.000E-008  6.236E+001 -4.264E-014
 3.150E+013  1.000E-008  6.236E+001  0.000E+000
 3.170E+013  1.000E-008  6.236E+001  0.000E+000
 3.190E+013  1.000E-008  6.236E+001  0.000E+000
 3.210E+013  1.000E-008  6.236E+001  0.000E+000
 3.230E+013  1.000E-008  6.236E+001  0.000E+000
 3.250E+013  1.000E-008  6.236E+001  0.000E+000
 3.270E+013  1.000E-008  6.236E+001  0.000E+000
 3.290E+013  1.000E-008  6.236E+001 -4.863E-165
 3.310E+013  1.000E-008  6.236E+001 -1.109E-078
 3.330E+013  1.000E-008  6.236E+001 -1.140E-035
 3.350E+013  1.000E-008  6.236E+001 -2.132E-014
 3.370E+013  1.000E-008  6.236E+001  2.132E-014
 3.390E+013  1.000E-008  6.236E+001  1.138E-035
 3.410E+013  1.000E-008  6.236E+001  1.104E-078
 3.430E+013  1.000E-008  6.236E+001  4.817E-165
 3.450E+013  1.000E-008  6.236E+001  4.264E-014
 3.470E+013  1.000E-008  6.236E+001 -4.264E-014
 3.490E+013  1.000E-008  6.236E+001  0.000E+000
 3.510E+013  1.000E-008  6.236E+001  0.000E+000
 3.530E+013  1.000E-008  6.236E+001  0.000E+000
 3.550E+013  1.000E-008  6.236E+001  0.000E+000
 3.570E+013  1.000E-008  6.236E+001  4.264E-014
 3.590E+013  1.000E-008  6.236E+001 -2.132E-014
 3.610E+013  1.000E-008  6.236E+001 -1.140E-035
 3.630E+013  1.000E-008  6.236E+001 -2.132E-014
 3.650E+013  1.000E-008  6.236E+001 -2.132E-014
 3.670E+013  1.000E-008  6.236E+001  2.132E-014
 3.690E+013  1.000E-008  6.236E+001  2.132E-014
 3.710E+013  1.000E-008  6.236E+001 -2.132E-014
 3.730E+013  1.000E-008  6.236E+001 -1.225E-038
 3.750E+013  1.000E-008  6.236E+001  2.132E-014
 3.770E+013  1.000E-008  6.236E+001 -2.132E-014
 3.790E+013  1.000E-008  6.236E+001  0.000E+000
 3.810E+013  1.000E-008  6.236E+001  0.000E+000
 3.830E+013  1.000E-008  6.236E+001  2.132E-014
 3.850E+013  1.000E-008  6.236E+001 -2.132E-014
 3.870E+013  1.000E-008  6.236E+001 -1.140E-035
 3.890E+013  1.000E-008  6.236E+001 -2.132E-014
 3.910E+013  1.000E-008  6.236E+001 -3.452E-036
 3.930E+013  1.000E-008  6.236E+001  6.396E-014
 3.950E+013  1.000E-008  6.236E+001 -2.132E-014
 3.970E+013  1.000E-008  6.236E+001  6.396E-014
 3.990E+013  1.000E-008  6.236E+001 -8.528E-014
 4.010E+013  1.000E-008  6.236E+001  0.000E+000
 4.030E+013  1.000E-008  6.236E+001  0.000E+000
 4.050E+013  1.000E-008  6.236E+001  0.000E+000
 4.070E+013  1.000E-008  6.236E+001  0.000E+000
 4.090E+013  1.000E-008  6.236E+001  7.864E-013
 4.110E+013  1.000E-008  6.236E+001 -7.864E-013
 4.130E+013  1.000E-008  6.236E+001  5.535E-013
 4.150E+013  1.000E-008  6.236E+001 -5.535E-013
 4.170E+013  1.000E-008  6.236E+001  1.919E-013
 4.190E+013  1.000E-008  6.236E+001 -1.705E-013
 4.210E+013  1.000E-008  6.236E+001 -1.140E-035
 4.230E+013  1.000E-008  6.236E+001 -2.132E-014
 4.250E+013  1.000E-008  6.236E+001  0.000E+000
 4.270E+013  1.000E-008  6.236E+001  0.000E+000
 4.290E+013  1.000E-008  6.236E+001  0.000E+000
 4.310E+013  1.000E-008  6.236E+001  0.000E+000
 4.330E+013  1.000E-008  6.236E+001  0.000E+000
 4.350E+013  1.000E-008  6.236E+001  0.000E+000
 4.370E+013  1.000E-008  6.236E+001  0.000E+000
 4.390E+013  1.000E-008  6.236E+001  0.000E+000
 4.410E+013  1.000E-008  6.236E+001  0.000E+000
 4.430E+013  1.000E-008  6.236E+001  0.000E+000
 4.450E+013  1.000E-008  6.236E+001  0.000E+000
 4.470E+013  1.000E-008  6.236E+001  2.132E-014
 4.490E+013  1.000E-008  6.236E+001 -2.034E-038
 4.510E+013  1.000E-008  6.236E+001 -2.132E-014
 4.530E+013  1.000E-008  6.236E+001  0.000E+000
 4.550E+013  1.000E-008  6.236E+001 -4.857E-165
 4.570E+013  1.000E-008  6.236E+001 -1.109E-078
 4.590E+013  1.000E-008  6.236E+001 -1.140E-035
 4.610E+013  1.000E-008  6.236E+001 -2.132E-014
 4.630E+013  1.000E-008  6.236E+001  2.132E-014
 4.650E+013  1.000E-008  6.236E+001  2.132E-014
 4.670E+013  1.000E-008  6.236E+001 -2.132E-014
 4.690E+013  1.000E-008  6.236E+001  2.132E-014
 4.710E+013  1.000E-008  6.236E+001 -2.132E-014
 4.730E+013  1.000E-008  6.236E+001  0.000E+000
 4.750E+013  1.000E-008  6.236E+001  0.000E+000
 4.770E+013  1.000E-008  6.236E+001  0.000E+000
 4.790E+013  1.000E-008  6.236E+001  2.132E-014
 4.810E+013  1.000E-008  6.236E+001 -2.132E-014
 4.830E+013  1.000E-008  6.236E+001 -9.453E-039
 4.850E+013  1.000E-008  6.236E+001  2.132E-014
 4.870E+013  1.000E-008  6.236E+001 -2.132E-014
 4.890E+013  1.000E-008  6.236E+001  0.000E+000
 4.910E+013  1.000E-008  6.236E+001  0.000E+000
 4.930E+013  1.000E-008  6.236E+001  0.000E+000
 4.950E+013  1.000E-008  6.236E+001  0.000E+000
 4.970E+013  1.000E-008  6.236E+001  0.000E+000
 4.990E+013  1.000E-008  6.236E+001  4.264E-014
 5.010E+013  1.000E-008  6.236E+001 -6.396E-014
 5.030E+013  1.000E-008  6.236E+001  2.132E-014
 5.050E+013  1.000E-008  6.236E+001  1.138E-035
 5.070E+013  1.000E-008  6.236E+001  1.105E-078
 5.090E+013  1.000E-008  6.236E+001  4.825E-165
 5.110E+013  1.000E-008  6.236E+001  2.132E-014
 5.130E+013  1.000E-008  6.236E+001 -2.132E-014
 5.150E+013  1.000E-008  6.236E+001  0.000E+000
 5.170E+013  1.000E-008  6.236E+001  0.000E+000
 5.190E+013  1.000E-008  6.236E+001  0.000E+000
 5.210E+013  1.000E-008  6.236E+001 -4.855E-165
 5.230E+013  1.000E-008  6.236E+001 -1.108E-078
 5.250E+013  1.000E-008  6.236E+001 -1.140E-035
 5.270E+013  1.000E-008  6.236E+001 -2.132E-014
 5.290E+013  1.000E-008  6.236E+001  2.132E-014
 5.310E+013  1.000E-008  6.236E+001  1.138E-035
 5.330E+013  1.000E-008  6.236E+001  1.105E-078
 5.350E+013  1.000E-008  6.236E+001  4.264E-014
 5.370E+013  1.000E-008  6.236E+001 -4.264E-014
 5.390E+013  1.000E-008  6.236E+001  1.502E-036
 5.410E+013  1.000E-008  6.236E+001  2.132E-014
 5.430E+013  1.000E-008  6.236E+001  2.132E-014
 5.450E+013  1.000E-008  6.236E+001  2.132E-014
 5.470E+013  1.000E-008  6.236E+001 -6.396E-014
 5.490E+013  1.000E-008  6.236E+001 -1.140E-035
 5.510E+013  1.000E-008  6.236E+001 -2.132E-014
 5.530E+013  1.000E-008  6.236E+001  4.264E-014
 5.550E+013  1.000E-008  6.236E+001 -8.528E-014
 5.570E+013  1.000E-008  6.236E+001  4.264E-014
 5.590E+013  1.000E-008  6.236E+001  2.132E-014
 5.610E+013  1.000E-008  6.236E+001 -2.132E-014
 5.630E+013  1.000E-008  6.236E+001  2.132E-014
 5.650E+013  1.000E-008  6.236E+001 -1.279E-013
 5.670E+013  1.000E-008  6.236E+001  1.279E-013
 5.690E+013  1.000E-008  6.236E+001  1.279E-013
 5.710E+013  1.000E-008  6.236E+001 -1.279E-013
 5.730E+013  1.000E-008  6.236E+001  1.492E-013
 5.750E+013  1.000E-008  6.236E+001 -3.198E-013
 5.770E+013  1.000E-008  6.236E+001 -2.131E-014
 5.790E+013  1.000E-008  6.236E+001  1.919E-013
 5.810E+013  1.000E-008  6.236E+001  1.018E-012
 5.830E+013  1.000E-008  6.236E+001 -1.018E-012
 5.850E+013  1.000E-008  6.236E+001  0.000E+000
 5.870E+013  1.000E-008  6.236E+001  0.000E+000
 5.890E+013  1.000E-008  6.236E+001  0.000E+000
 5.910E+013  1.000E-008  6.236E+001  0.000E+000
 5.930E+013  1.000E-008  6.236E+001  0.000E+000
 5.950E+013  1.000E-008  6.236E+001  0.000E+000
 5.970E+013  1.000E-008  6.236E+001  0.000E+000
 5.990E+013  1.000E-008  6.236E+001  0.000E+000
 6.010E+013  1.000E-008  6.236E+001  0.000E+000
 6.030E+013  1.000E-008  6.236E+001  2.132E-014
 6.050E+013  1.000E-008  6.236E+001 -2.132E-014
 6.070E+013  1.000E-008  6.236E+001  2.132E-014
 6.090E+013  1.000E-008  6.236E+001 -2.132E-014
 6.110E+013  1.000E-008  6.236E+001  0.000E+000
 6.130E+013  1.000E-008  6.236E+001  0.000E+000
 6.150E+013  1.000E-008  6.236E+001  0.000E+000
 6.170E+013  1.000E-008  6.236E+001  2.132E-014
 6.190E+013  1.000E-008  6.236E+001 -2.132E-014
 6.210E+013  1.000E-008  6.236E+001  0.000E+000
 6.230E+013  1.000E-008  6.236E+001  0.000E+000
 6.250E+013  1.000E-008  6.236E+001  0.000E+000
 6.270E+013  1.000E-008  6.236E+001  0.000E+000
 6.290E+013  1.000E-008  6.236E+001  0.000E+000
 6.310E+013  1.000E-008  6.236E+001  0.000E+000
 6.330E+013  1.000E-008  6.236E+001  0.000E+000
 6.350E+013  1.000E-008  6.236E+001  2.132E-014
 6.370E+013  1.000E-008  6.236E+001 -2.132E-014
 6.390E+013  1.000E-008  6.236E+001  0.000E+000
 6.410E+013  1.000E-008  6.236E+001  0.000E+000
 6.430E+013  1.000E-008  6.236E+001  0.000E+000
 6.450E+013  1.000E-008  6.236E+001  0.000E+000
 6.470E+013  1.000E-008  6.236E+001  2.132E-014
 6.490E+013  1.000E-008  6.236E+001 -2.132E-014
 6.510E+013  1.000E-008  6.236E+001  0.000E+000
 6.530E+013  1.000E-008  6.236E+001  0.000E+000
 6.550E+013  1.000E-008  6.236E+001  0.000E+000
 6.570E+013  1.000E-008  6.236E+001  0.000E+000
 6.590E+013  1.000E-008  6.236E+001  2.132E-014
 6.610E+013  1.000E-008  6.236E+001 -2.132E-014
 6.630E+013  1.000E-008  6.236E+001  0.000E+000
 6.650E+013  1.000E-008  6.236E+001  0.000E+000
 6.670E+013  1.000E-008  6.236E+001  0.000E+000
 6.690E+013  1.000E-008  6.236E+001  2.132E-014
 6.710E+013  1.000E-008  6.236E+001 -2.132E-014
 6.730E+013  1.000E-008  6.236E+001  0.000E+000
 6.750E+013  1.000E-008  6.236E+001  0.000E+000
 6.770E+013  1.000E-008  6.236E+001  2.132E-014
 6.790E+013  1.000E-008  6.236E+001 -2.132E-014
 6.810E+013  1.000E-008  6.236E+001  2.132E-014
 6.830E+013  1.000E-008  6.236E+001 -1.336E-038
 6.850E+013  1.000E-008  6.236E+001 -2.132E-014
 6.870E+013  1.000E-008  6.236E+001  0.000E+000
 6.890E+013  1.000E-008  6.236E+001  0.000E+000
 6.910E+013  1.000E-008  6.236E+001  0.000E+000
 6.930E+013  1.000E-008  6.236E+001  2.132E-014
 6.950E+013  1.000E-008  6.236E+001 -2.132E-014
 6.970E+013  1.000E-008  6.236E+001  0.000E+000
 6.990E+013  1.000E-008  6.236E+001  0.000E+000
 7.010E+013  1.000E-008  6.236E+001  0.000E+000
 7.030E+013  1.000E-008  6.236E+001  0.000E+000
 7.050E+013  1.000E-008  6.236E+001  0.000E+000
 7.070E+013  1.000E-008  6.236E+001  0.000E+000
 7.090E+013  1.000E-008  6.236E+001  0.000E+000
 7.110E+013  1.000E-008  6.236E+001  0.000E+000
 7.130E+013  1.000E-008  6.236E+001  0.000E+000
 7.150E+013  1.000E-008  6.236E+001  0.000E+000
 7.170E+013  1.000E-008  6.236E+001  0.000E+000
 7.190E+013  1.000E-008  6.236E+001  2.132E-014
 7.210E+013  1.000E-008  6.236E+001 -2.132E-014
 7.230E+013  1.000E-008  6.236E+001  0.000E+000
 7.250E+013  1.000E-008  6.236E+001  0.000E+000
 7.270E+013  1.000E-008  6.236E+001  4.264E-014
 7.290E+013  1.000E-008  6.236E+001 -5.007E-038
 7.310E+013  1.000E-008  6.236E+001 -4.264E-014
 7.330E+013  1.000E-008  6.236E+001 -1.140E-035
 7.350E+013  1.000E-008  6.236E+001 -2.132E-014
 7.370E+013  1.000E-008  6.236E+001  2.132E-014
 7.390E+013  1.000E-008  6.236E+001  1.138E-035
 7.410E+013  1.000E-008  6.236E+001  1.106E-078
 7.430E+013  1.000E-008  6.236E+001  4.830E-165
 7.450E+013  1.000E-008  6.236E+001  0.000E+000
 7.470E+013  1.000E-008  6.236E+001  0.000E+000
 7.490E+013  1.000E-008  6.236E+001  0.000E+000
 7.510E+013  1.000E-008  6.236E+001  0.000E+000
 7.530E+013  1.000E-008  6.236E+001  0.000E+000
 7.550E+013  1.000E-008  6.236E+001  0.000E+000
 7.570E+013  1.000E-008  6.236E+001  0.000E+000
 7.590E+013  1.000E-008  6.236E+001  0.000E+000
 7.610E+013  1.000E-008  6.236E+001  0.000E+000
 7.630E+013  1.000E-008  6.236E+001  0.000E+000
 7.650E+013  1.000E-008  6.236E+001  0.000E+000
 7.670E+013  1.000E-008  6.236E+001  4.264E-014
 7.690E+013  1.000E-008  6.236E+001 -4.264E-014
 7.710E+013  1.000E-008  6.236E+001  6.396E-014
 7.730E+013  1.000E-008  6.236E+001 -6.396E-014
 7.750E+013  1.000E-008  6.236E+001  2.698E-036
 7.770E+013  1.000E-008  6.236E+001  4.264E-014
 7.790E+013  1.000E-008  6.236E+001 -1.279E-013
 7.810E+013  1.000E-008  6.236E+001  1.279E-013
 7.830E+013  1.000E-008  6.236E+001 -4.264E-014
 7.850E+013  1.000E-008  6.236E+001 -7.811E-079
 7.870E+013  1.000E-008  6.236E+001 -9.570E-036
 7.890E+013  1.000E-008  6.236E+001 -2.132E-014
 7.910E+013  1.000E-008  6.236E+001 -1.066E-013
 7.930E+013  1.000E-008  6.236E+001  6.396E-014
 7.950E+013  1.000E-008  6.236E+001  6.396E-014
 7.970E+013  1.000E-008  6.236E+001 -8.528E-014
 7.990E+013  1.000E-008  6.236E+001  8.528E-014
 8.010E+013  1.000E-008  6.236E+001  1.822E-034
 8.030E+013  1.000E-008  6.236E+001  2.830E-076
 8.050E+013  1.000E-008  6.236E+001  3.165E-160
 8.070E+013  1.000E-008  6.236E+001  0.000E+000
 8.090E+013  1.000E-008  6.236E+001 -1.037E-156
 8.110E+013  1.000E-008  6.236E+001 -1.620E-074
 8.130E+013  1.000E-008  6.236E+001 -1.378E-033
 8.150E+013  1.000E-008  6.236E+001 -2.345E-013
 8.170E+013  1.000E-008  6.236E+001  2.984E-013
 8.190E+013  1.000E-008  6.236E+001 -6.396E-014
 8.210E+013  1.000E-008  6.236E+001  0.000E+000
 8.230E+013  1.000E-008  6.236E+001  0.000E+000
 8.250E+013  1.000E-008  6.236E+001  0.000E+000
 8.270E+013  1.000E-008  6.236E+001  0.000E+000
 8.290E+013  1.000E-008  6.236E+001  8.528E-014
 8.310E+013  1.000E-008  6.236E+001 -8.528E-014
 8.330E+013  1.000E-008  6.236E+001 -1.107E-035
 8.350E+013  1.000E-008  6.236E+001  1.279E-013
 8.370E+013  1.000E-008  6.236E+001 -1.066E-013
 8.390E+013  1.000E-008  6.236E+001 -1.140E-035
 8.410E+013  1.000E-008  6.236E+001 -2.132E-014
 8.430E+013  1.000E-008  6.236E+001  2.132E-014
 8.450E+013  1.000E-008  6.236E+001 -1.080E-038
 8.470E+013  1.000E-008  6.236E+001 -2.132E-014
 8.490E+013  1.000E-008  6.236E+001 -5.373E-039
 8.510E+013  1.000E-008  6.236E+001  2.132E-014
 8.530E+013  1.000E-008  6.236E+001 -1.070E-038
 8.550E+013  1.000E-008  6.236E+001 -2.132E-014
 8.570E+013  1.000E-008  6.236E+001 -5.323E-039
 8.590E+013  1.000E-008  6.236E+001  2.132E-014
 8.610E+013  1.000E-008  6.236E+001 -2.132E-014
 8.630E+013  1.000E-008  6.236E+001  0.000E+000
 8.650E+013  1.000E-008  6.236E+001  0.000E+000
 8.670E+013  1.000E-008  6.236E+001  0.000E+000
 8.690E+013  1.000E-008  6.236E+001  0.000E+000
 8.710E+013  1.000E-008  6.236E+001  0.000E+000
 8.730E+013  1.000E-008  6.236E+001  0.000E+000
 8.750E+013  1.000E-008  6.236E+001  2.132E-014
 8.770E+013  1.000E-008  6.236E+001 -2.132E-014
 8.790E+013  1.000E-008  6.236E+001 -5.190E-039
 8.810E+013  1.000E-008  6.236E+001  2.132E-014
 8.830E+013  1.000E-008  6.236E+001 -2.132E-014
 8.850E+013  1.000E-008  6.236E+001  2.132E-014
 8.870E+013  1.000E-008  6.236E+001  2.132E-014
 8.890E+013  1.000E-008  6.236E+001 -4.264E-014
 8.910E+013  1.000E-008  6.236E+001  0.000E+000
 8.930E+013  1.000E-008  6.236E+001  0.000E+000
 8.950E+013  1.000E-008  6.236E+001  0.000E+000
 8.970E+013  1.000E-008  6.236E+001  0.000E+000
 8.990E+013  1.000E-008  6.236E+001  0.000E+000
 9.010E+013  1.000E-008  6.236E+001  2.132E-014
 9.030E+013  1.000E-008  6.236E+001 -1.010E-038
 9.050E+013  1.000E-008  6.236E+001 -2.132E-014
 9.070E+013  1.000E-008  6.236E+001  2.132E-014
 9.090E+013  1.000E-008  6.236E+001 -1.004E-038
 9.110E+013  1.000E-008  6.236E+001 -2.132E-014
 9.130E+013  1.000E-008  6.236E+001  0.000E+000
 9.150E+013  1.000E-008  6.236E+001  0.000E+000
 9.170E+013  1.000E-008  6.236E+001  0.000E+000
 9.190E+013  1.000E-008  6.236E+001  0.000E+000
 9.210E+013  1.000E-008  6.236E+001  0.000E+000
 9.230E+013  1.000E-008  6.236E+001  2.132E-014
 9.250E+013  1.000E-008  6.236E+001 -9.862E-039
 9.270E+013  1.000E-008  6.236E+001 -2.132E-014
 9.290E+013  1.000E-008  6.236E+001  0.000E+000
 9.310E+013  1.000E-008  6.236E+001  0.000E+000
 9.330E+013  1.000E-008  6.236E+001  0.000E+000
 9.350E+013  1.000E-008  6.236E+001  0.000E+000
 9.370E+013  1.000E-008  6.236E+001  2.132E-014
 9.390E+013  1.000E-008  6.236E+001 -2.132E-014
 9.410E+013  1.000E-008  6.236E+001  2.132E-014
 9.430E+013  1.000E-008  6.236E+001 -2.132E-014
 9.450E+013  1.000E-008  6.236E+001  0.000E+000
 9.470E+013  1.000E-008  6.236E+001  0.000E+000
 9.490E+013  1.000E-008  6.236E+001  0.000E+000
 9.510E+013  1.000E-008  6.236E+001  0.000E+000
 9.530E+013  1.000E-008  6.236E+001  2.132E-014
 9.550E+013  1.000E-008  6.236E+001 -2.132E-014
 9.570E+013  1.000E-008  6.236E+001 -1.108E-078
 9.590E+013  1.000E-008  6.236E+001 -1.140E-035
 9.610E+013  1.000E-008  6.236E+001 -2.132E-014
 9.630E+013  1.000E-008  6.236E+001  2.132E-014
 9.650E+013  1.000E-008  6.236E+001  1.139E-035
 9.670E+013  1.000E-008  6.236E+001  2.132E-014
 9.690E+013  1.000E-008  6.236E+001 -2.132E-014
 9.710E+013  1.000E-008  6.236E+001  0.000E+000
 9.730E+013  1.000E-008  6.236E+001  0.000E+000
 9.750E+013  1.000E-008  6.236E+001  0.000E+000
 9.770E+013  1.000E-008  6.236E+001  0.000E+000
 9.790E+013  1.000E-008  6.236E+001  0.000E+000
 9.810E+013  1.000E-008  6.236E+001  0.000E+000
 9.830E+013  1.000E-008  6.236E+001  0.000E+000
 9.850E+013  1.000E-008  6.236E+001  0.000E+000
 9.870E+013  1.000E-008  6.236E+001  0.000E+000
 9.890E+013  1.000E-008  6.236E+001  0.000E+000
 9.910E+013  1.000E-008  6.236E+001  0.000E+000
 9.930E+013  1.000E-008  6.236E+001  0.000E+000
 9.950E+013  1.000E-008  6.236E+001  2.132E-014
 9.970E+013  1.000E-008  6.236E+001 -2.132E-014
 9.990E+013  1.000E-008  6.236E+001  0.000E+000
 1.001E+014  1.000E-099  1.000E-099  0.000E+000
 1.003E+014  1.000E-099  1.000E-099  0.000E+000
 1.903E-004
