 5.400E+004
     x1b        dens       energ       v1
 1.000E+011  7.847E-012  2.355E+008  0.000E+000
 3.000E+011  7.859E-012  2.354E+008  5.523E+005
 5.000E+011  7.901E-012  2.354E+008  1.912E+006
 7.000E+011  7.981E-012  2.354E+008  2.611E+006
 9.000E+011  8.103E-012  2.354E+008  3.591E+006
 1.100E+012  8.261E-012  2.354E+008  4.440E+006
 1.300E+012  8.443E-012  2.354E+008  5.350E+006
 1.500E+012  8.639E-012  2.354E+008  6.232E+006
 1.700E+012  8.843E-012  2.354E+008  7.126E+006
 1.900E+012  9.047E-012  2.354E+008  8.016E+006
 2.100E+012  9.245E-012  2.354E+008  8.907E+006
 2.300E+012  9.424E-012  2.354E+008  9.797E+006
 2.500E+012  9.558E-012  2.354E+008  1.069E+007
 2.700E+012  9.625E-012  2.354E+008  1.158E+007
 2.900E+012  9.640E-012  2.354E+008  1.247E+007
 3.100E+012  9.641E-012  2.354E+008  1.336E+007
 3.300E+012  9.640E-012  2.354E+008  1.425E+007
 3.500E+012  9.638E-012  2.354E+008  1.514E+007
 3.700E+012  9.632E-012  2.354E+008  1.603E+007
 3.900E+012  9.622E-012  2.354E+008  1.692E+007
 4.100E+012  9.607E-012  2.354E+008  1.781E+007
 4.300E+012  9.593E-012  2.354E+008  1.870E+007
 4.500E+012  9.587E-012  2.355E+008  1.959E+007
 4.700E+012  9.587E-012  2.355E+008  2.048E+007
 4.900E+012  9.588E-012  2.355E+008  2.137E+007
 5.100E+012  9.591E-012  2.355E+008  2.227E+007
 5.300E+012  9.598E-012  2.355E+008  2.316E+007
 5.500E+012  9.613E-012  2.355E+008  2.405E+007
 5.700E+012  9.637E-012  2.355E+008  2.494E+007
 5.900E+012  9.674E-012  2.355E+008  2.583E+007
 6.100E+012  9.727E-012  2.355E+008  2.672E+007
 6.300E+012  9.801E-012  2.355E+008  2.761E+007
 6.500E+012  9.899E-012  2.355E+008  2.850E+007
 6.700E+012  1.003E-011  2.355E+008  2.939E+007
 6.900E+012  1.019E-011  2.355E+008  3.028E+007
 7.100E+012  1.039E-011  2.355E+008  3.117E+007
 7.300E+012  1.064E-011  2.355E+008  3.207E+007
 7.500E+012  1.094E-011  2.355E+008  3.296E+007
 7.700E+012  1.130E-011  2.355E+008  3.385E+007
 7.900E+012  1.174E-011  2.355E+008  3.474E+007
 8.100E+012  1.226E-011  2.355E+008  3.563E+007
 8.300E+012  1.288E-011  2.355E+008  3.653E+007
 8.500E+012  1.360E-011  2.355E+008  3.742E+007
 8.700E+012  1.446E-011  2.355E+008  3.832E+007
 8.900E+012  1.547E-011  2.355E+008  3.921E+007
 9.100E+012  1.666E-011  2.355E+008  4.011E+007
 9.300E+012  1.805E-011  2.355E+008  4.101E+007
 9.500E+012  1.967E-011  2.355E+008  4.190E+007
 9.700E+012  2.157E-011  2.355E+008  4.280E+007
 9.900E+012  2.377E-011  2.355E+008  4.370E+007
 1.010E+013  2.632E-011  2.355E+008  4.460E+007
 1.030E+013  2.926E-011  2.355E+008  4.550E+007
 1.050E+013  3.263E-011  2.355E+008  4.640E+007
 1.070E+013  3.647E-011  2.355E+008  4.729E+007
 1.090E+013  4.081E-011  2.355E+008  4.819E+007
 1.110E+013  4.567E-011  2.355E+008  4.908E+007
 1.130E+013  5.105E-011  2.355E+008  4.997E+007
 1.150E+013  5.696E-011  2.356E+008  5.086E+007
 1.170E+013  6.336E-011  2.356E+008  5.175E+007
 1.190E+013  7.022E-011  2.356E+008  5.264E+007
 1.210E+013  7.750E-011  2.356E+008  5.353E+007
 1.230E+013  8.513E-011  2.356E+008  5.441E+007
 1.250E+013  9.308E-011  2.356E+008  5.530E+007
 1.270E+013  1.013E-010  2.357E+008  5.619E+007
 1.290E+013  1.097E-010  2.357E+008  5.707E+007
 1.310E+013  1.183E-010  2.357E+008  5.796E+007
 1.330E+013  1.271E-010  2.357E+008  5.885E+007
 1.350E+013  1.360E-010  2.358E+008  5.974E+007
 1.370E+013  1.452E-010  2.358E+008  6.063E+007
 1.390E+013  1.545E-010  2.359E+008  6.152E+007
 1.410E+013  1.642E-010  2.359E+008  6.241E+007
 1.430E+013  1.740E-010  2.359E+008  6.330E+007
 1.450E+013  1.843E-010  2.360E+008  6.419E+007
 1.470E+013  1.949E-010  2.360E+008  6.509E+007
 1.490E+013  2.060E-010  2.361E+008  6.598E+007
 1.510E+013  2.175E-010  2.362E+008  6.688E+007
 1.530E+013  2.297E-010  2.362E+008  6.777E+007
 1.550E+013  2.425E-010  2.363E+008  6.867E+007
 1.570E+013  2.560E-010  2.364E+008  6.957E+007
 1.590E+013  2.703E-010  2.364E+008  7.047E+007
 1.610E+013  2.855E-010  2.365E+008  7.137E+007
 1.630E+013  3.015E-010  2.366E+008  7.227E+007
 1.650E+013  3.185E-010  2.367E+008  7.317E+007
 1.670E+013  3.364E-010  2.368E+008  7.407E+007
 1.690E+013  3.554E-010  2.369E+008  7.497E+007
 1.710E+013  3.755E-010  2.370E+008  7.587E+007
 1.730E+013  3.966E-010  2.372E+008  7.677E+007
 1.750E+013  4.188E-010  2.373E+008  7.768E+007
 1.770E+013  4.421E-010  2.374E+008  7.858E+007
 1.790E+013  4.664E-010  2.376E+008  7.949E+007
 1.810E+013  4.918E-010  2.377E+008  8.039E+007
 1.830E+013  5.182E-010  2.379E+008  8.130E+007
 1.850E+013  5.457E-010  2.381E+008  8.221E+007
 1.870E+013  5.741E-010  2.383E+008  8.312E+007
 1.890E+013  6.036E-010  2.385E+008  8.403E+007
 1.910E+013  6.341E-010  2.387E+008  8.495E+007
 1.930E+013  6.656E-010  2.390E+008  8.586E+007
 1.950E+013  6.982E-010  2.392E+008  8.678E+007
 1.970E+013  7.320E-010  2.395E+008  8.770E+007
 1.990E+013  7.669E-010  2.397E+008  8.862E+007
 2.010E+013  8.032E-010  2.400E+008  8.954E+007
 2.030E+013  8.408E-010  2.404E+008  9.047E+007
 2.050E+013  8.800E-010  2.407E+008  9.140E+007
 2.070E+013  9.208E-010  2.410E+008  9.233E+007
 2.090E+013  9.633E-010  2.414E+008  9.326E+007
 2.110E+013  1.008E-009  2.418E+008  9.420E+007
 2.130E+013  1.054E-009  2.422E+008  9.514E+007
 2.150E+013  1.103E-009  2.426E+008  9.608E+007
 2.170E+013  1.153E-009  2.431E+008  9.703E+007
 2.190E+013  1.206E-009  2.436E+008  9.798E+007
 2.210E+013  1.262E-009  2.441E+008  9.893E+007
 2.230E+013  1.320E-009  2.447E+008  9.989E+007
 2.250E+013  1.380E-009  2.452E+008  1.008E+008
 2.270E+013  1.444E-009  2.458E+008  1.018E+008
 2.290E+013  1.510E-009  2.465E+008  1.028E+008
 2.310E+013  1.578E-009  2.472E+008  1.038E+008
 2.330E+013  1.650E-009  2.479E+008  1.047E+008
 2.350E+013  1.724E-009  2.486E+008  1.057E+008
 2.370E+013  1.802E-009  2.494E+008  1.067E+008
 2.390E+013  1.883E-009  2.503E+008  1.077E+008
 2.410E+013  1.967E-009  2.512E+008  1.087E+008
 2.430E+013  2.054E-009  2.521E+008  1.097E+008
 2.450E+013  2.145E-009  2.531E+008  1.107E+008
 2.470E+013  2.239E-009  2.542E+008  1.118E+008
 2.490E+013  2.337E-009  2.553E+008  1.128E+008
 2.510E+013  2.439E-009  2.564E+008  1.138E+008
 2.530E+013  2.546E-009  2.576E+008  1.149E+008
 2.550E+013  2.656E-009  2.589E+008  1.159E+008
 2.570E+013  2.771E-009  2.603E+008  1.170E+008
 2.590E+013  2.891E-009  2.617E+008  1.181E+008
 2.610E+013  3.016E-009  2.633E+008  1.191E+008
 2.630E+013  3.147E-009  2.649E+008  1.202E+008
 2.650E+013  3.282E-009  2.665E+008  1.213E+008
 2.670E+013  3.423E-009  2.683E+008  1.224E+008
 2.690E+013  3.571E-009  2.702E+008  1.236E+008
 2.710E+013  3.724E-009  2.722E+008  1.247E+008
 2.730E+013  3.884E-009  2.742E+008  1.259E+008
 2.750E+013  4.051E-009  2.764E+008  1.270E+008
 2.770E+013  4.225E-009  2.788E+008  1.282E+008
 2.790E+013  4.407E-009  2.812E+008  1.294E+008
 2.810E+013  4.597E-009  2.838E+008  1.306E+008
 2.830E+013  4.796E-009  2.865E+008  1.318E+008
 2.850E+013  5.004E-009  2.893E+008  1.330E+008
 2.870E+013  5.222E-009  2.924E+008  1.343E+008
 2.890E+013  5.451E-009  2.955E+008  1.356E+008
 2.910E+013  5.691E-009  2.989E+008  1.369E+008
 2.930E+013  5.943E-009  3.025E+008  1.382E+008
 2.950E+013  6.209E-009  3.062E+008  1.395E+008
 2.970E+013  6.488E-009  3.102E+008  1.408E+008
 2.990E+013  6.783E-009  3.144E+008  1.422E+008
 3.010E+013  7.093E-009  3.188E+008  1.436E+008
 3.030E+013  7.421E-009  3.235E+008  1.450E+008
 3.050E+013  7.767E-009  3.285E+008  1.464E+008
 3.070E+013  8.133E-009  3.337E+008  1.479E+008
 3.090E+013  8.520E-009  3.393E+008  1.493E+008
 3.110E+013  8.929E-009  3.452E+008  1.508E+008
 3.130E+013  9.363E-009  3.515E+008  1.523E+008
 3.150E+013  9.823E-009  3.581E+008  1.539E+008
 3.170E+013  1.031E-008  3.651E+008  1.555E+008
 3.190E+013  1.083E-008  3.726E+008  1.571E+008
 3.210E+013  1.138E-008  3.806E+008  1.587E+008
 3.230E+013  1.197E-008  3.890E+008  1.603E+008
 3.250E+013  1.259E-008  3.980E+008  1.620E+008
 3.270E+013  1.326E-008  4.076E+008  1.637E+008
 3.290E+013  1.396E-008  4.177E+008  1.654E+008
 3.310E+013  1.472E-008  4.286E+008  1.672E+008
 3.330E+013  1.553E-008  4.401E+008  1.690E+008
 3.350E+013  1.640E-008  4.524E+008  1.708E+008
 3.370E+013  1.733E-008  4.656E+008  1.726E+008
 3.390E+013  1.833E-008  4.796E+008  1.745E+008
 3.410E+013  1.940E-008  4.946E+008  1.764E+008
 3.430E+013  2.056E-008  5.107E+008  1.783E+008
 3.450E+013  2.180E-008  5.279E+008  1.803E+008
 3.470E+013  2.315E-008  5.463E+008  1.823E+008
 3.490E+013  2.459E-008  5.658E+008  1.843E+008
 3.510E+013  2.617E-008  5.872E+008  1.863E+008
 3.530E+013  2.790E-008  6.110E+008  1.884E+008
 3.550E+013  2.971E-008  6.338E+008  1.906E+008
 3.570E+013  3.162E-008  6.574E+008  1.921E+008
 3.590E+013  3.420E-008  7.008E+008  1.947E+008
 3.610E+013  3.650E-008  7.369E+008  1.994E+008
 3.630E+013  3.620E-008  6.825E+008  1.988E+008
 3.650E+013  2.934E-008  4.243E+008  1.839E+008
 3.670E+013  1.751E-008  1.094E+008  1.396E+008
 3.690E+013  1.165E-008  6.979E+006  6.851E+007
 3.710E+013  1.013E-008  1.492E+004  1.163E+007
 3.730E+013  1.000E-008  6.238E+001  1.583E+005
 3.750E+013  1.000E-008  6.236E+001  1.219E+001
 3.770E+013  1.000E-008  6.236E+001  3.469E-008
 3.790E+013  1.000E-008  6.236E+001  1.127E-025
 3.810E+013  1.000E-008  6.236E+001  2.720E-061
 3.830E+013  1.000E-008  6.236E+001  1.919E-013
 3.850E+013  1.000E-008  6.236E+001 -1.919E-013
 3.870E+013  1.000E-008  6.236E+001 -8.295E-033
 3.890E+013  1.000E-008  6.236E+001 -1.919E-013
 3.910E+013  1.000E-008  6.236E+001 -2.511E-033
 3.930E+013  1.000E-008  6.236E+001  5.756E-013
 3.950E+013  1.000E-008  6.236E+001 -1.919E-013
 3.970E+013  1.000E-008  6.236E+001  5.756E-013
 3.990E+013  1.000E-008  6.236E+001 -7.674E-013
 4.010E+013  1.000E-008  6.236E+001  0.000E+000
 4.030E+013  1.000E-008  6.236E+001  0.000E+000
 4.050E+013  1.000E-008  6.236E+001  0.000E+000
 4.070E+013  1.000E-008  6.236E+001  0.000E+000
 4.090E+013  1.000E-008  6.236E+001  7.096E-012
 4.110E+013  1.000E-008  6.236E+001 -7.096E-012
 4.130E+013  1.000E-008  6.236E+001  4.988E-012
 4.150E+013  1.000E-008  6.236E+001 -4.988E-012
 4.170E+013  1.000E-008  6.236E+001  1.727E-012
 4.190E+013  1.000E-008  6.236E+001 -1.535E-012
 4.210E+013  1.000E-008  6.236E+001 -8.294E-033
 4.230E+013  1.000E-008  6.236E+001 -1.919E-013
 4.250E+013  1.000E-008  6.236E+001  0.000E+000
 4.270E+013  1.000E-008  6.236E+001  0.000E+000
 4.290E+013  1.000E-008  6.236E+001  0.000E+000
 4.310E+013  1.000E-008  6.236E+001  0.000E+000
 4.330E+013  1.000E-008  6.236E+001  0.000E+000
 4.350E+013  1.000E-008  6.236E+001  0.000E+000
 4.370E+013  1.000E-008  6.236E+001  0.000E+000
 4.390E+013  1.000E-008  6.236E+001  0.000E+000
 4.410E+013  1.000E-008  6.236E+001  0.000E+000
 4.430E+013  1.000E-008  6.236E+001  0.000E+000
 4.450E+013  1.000E-008  6.236E+001  0.000E+000
 4.470E+013  1.000E-008  6.236E+001  1.919E-013
 4.490E+013  1.000E-008  6.236E+001 -1.480E-035
 4.510E+013  1.000E-008  6.236E+001 -1.919E-013
 4.530E+013  1.000E-008  6.236E+001 -1.767E-308
 4.550E+013  1.000E-008  6.236E+001 -1.010E-150
 4.570E+013  1.000E-008  6.236E+001 -5.302E-072
 4.590E+013  1.000E-008  6.236E+001 -8.294E-033
 4.610E+013  1.000E-008  6.236E+001 -1.919E-013
 4.630E+013  1.000E-008  6.236E+001  1.919E-013
 4.650E+013  1.000E-008  6.236E+001  1.919E-013
 4.670E+013  1.000E-008  6.236E+001 -1.919E-013
 4.690E+013  1.000E-008  6.236E+001  1.919E-013
 4.710E+013  1.000E-008  6.236E+001 -1.919E-013
 4.730E+013  1.000E-008  6.236E+001  0.000E+000
 4.750E+013  1.000E-008  6.236E+001  0.000E+000
 4.770E+013  1.000E-008  6.236E+001  0.000E+000
 4.790E+013  1.000E-008  6.236E+001  1.919E-013
 4.810E+013  1.000E-008  6.236E+001 -1.919E-013
 4.830E+013  1.000E-008  6.236E+001 -6.877E-036
 4.850E+013  1.000E-008  6.236E+001  1.919E-013
 4.870E+013  1.000E-008  6.236E+001 -1.919E-013
 4.890E+013  1.000E-008  6.236E+001  0.000E+000
 4.910E+013  1.000E-008  6.236E+001  0.000E+000
 4.930E+013  1.000E-008  6.236E+001  0.000E+000
 4.950E+013  1.000E-008  6.236E+001  0.000E+000
 4.970E+013  1.000E-008  6.236E+001  0.000E+000
 4.990E+013  1.000E-008  6.236E+001  3.837E-013
 5.010E+013  1.000E-008  6.236E+001 -5.756E-013
 5.030E+013  1.000E-008  6.236E+001  1.919E-013
 5.050E+013  1.000E-008  6.236E+001  8.280E-033
 5.070E+013  1.000E-008  6.236E+001  5.284E-072
 5.090E+013  1.000E-008  6.236E+001  1.003E-150
 5.110E+013  1.000E-008  6.236E+001  1.919E-013
 5.130E+013  1.000E-008  6.236E+001 -1.919E-013
 5.150E+013  1.000E-008  6.236E+001  0.000E+000
 5.170E+013  1.000E-008  6.236E+001  0.000E+000
 5.190E+013  1.000E-008  6.236E+001 -1.765E-308
 5.210E+013  1.000E-008  6.236E+001 -1.009E-150
 5.230E+013  1.000E-008  6.236E+001 -5.301E-072
 5.250E+013  1.000E-008  6.236E+001 -8.293E-033
 5.270E+013  1.000E-008  6.236E+001 -1.919E-013
 5.290E+013  1.000E-008  6.236E+001  1.919E-013
 5.310E+013  1.000E-008  6.236E+001  8.280E-033
 5.330E+013  1.000E-008  6.236E+001  5.284E-072
 5.350E+013  1.000E-008  6.236E+001  3.837E-013
 5.370E+013  1.000E-008  6.236E+001 -3.837E-013
 5.390E+013  1.000E-008  6.236E+001  1.093E-033
 5.410E+013  1.000E-008  6.236E+001  1.919E-013
 5.430E+013  1.000E-008  6.236E+001  1.919E-013
 5.450E+013  1.000E-008  6.236E+001  1.919E-013
 5.470E+013  1.000E-008  6.236E+001 -5.756E-013
 5.490E+013  1.000E-008  6.236E+001 -8.293E-033
 5.510E+013  1.000E-008  6.236E+001 -1.919E-013
 5.530E+013  1.000E-008  6.236E+001  3.837E-013
 5.550E+013  1.000E-008  6.236E+001 -7.674E-013
 5.570E+013  1.000E-008  6.236E+001  3.837E-013
 5.590E+013  1.000E-008  6.236E+001  1.919E-013
 5.610E+013  1.000E-008  6.236E+001 -1.919E-013
 5.630E+013  1.000E-008  6.236E+001  1.919E-013
 5.650E+013  1.000E-008  6.236E+001 -1.151E-012
 5.670E+013  1.000E-008  6.236E+001  1.151E-012
 5.690E+013  1.000E-008  6.236E+001  1.151E-012
 5.710E+013  1.000E-008  6.236E+001 -1.151E-012
 5.730E+013  1.000E-008  6.236E+001  1.343E-012
 5.750E+013  1.000E-008  6.236E+001 -2.878E-012
 5.770E+013  1.000E-008  6.236E+001 -1.919E-013
 5.790E+013  1.000E-008  6.236E+001  1.727E-012
 5.810E+013  1.000E-008  6.236E+001  9.204E-012
 5.830E+013  1.000E-008  6.236E+001 -9.204E-012
 5.850E+013  1.000E-008  6.236E+001  0.000E+000
 5.870E+013  1.000E-008  6.236E+001  0.000E+000
 5.890E+013  1.000E-008  6.236E+001  0.000E+000
 5.910E+013  1.000E-008  6.236E+001  0.000E+000
 5.930E+013  1.000E-008  6.236E+001  0.000E+000
 5.950E+013  1.000E-008  6.236E+001  0.000E+000
 5.970E+013  1.000E-008  6.236E+001  0.000E+000
 5.990E+013  1.000E-008  6.236E+001  0.000E+000
 6.010E+013  1.000E-008  6.236E+001  0.000E+000
 6.030E+013  1.000E-008  6.236E+001  1.919E-013
 6.050E+013  1.000E-008  6.236E+001 -1.919E-013
 6.070E+013  1.000E-008  6.236E+001  1.919E-013
 6.090E+013  1.000E-008  6.236E+001 -1.919E-013
 6.110E+013  1.000E-008  6.236E+001  0.000E+000
 6.130E+013  1.000E-008  6.236E+001  0.000E+000
 6.150E+013  1.000E-008  6.236E+001  0.000E+000
 6.170E+013  1.000E-008  6.236E+001  1.919E-013
 6.190E+013  1.000E-008  6.236E+001 -1.919E-013
 6.210E+013  1.000E-008  6.236E+001  0.000E+000
 6.230E+013  1.000E-008  6.236E+001  0.000E+000
 6.250E+013  1.000E-008  6.236E+001  0.000E+000
 6.270E+013  1.000E-008  6.236E+001  0.000E+000
 6.290E+013  1.000E-008  6.236E+001  0.000E+000
 6.310E+013  1.000E-008  6.236E+001  0.000E+000
 6.330E+013  1.000E-008  6.236E+001  0.000E+000
 6.350E+013  1.000E-008  6.236E+001  1.919E-013
 6.370E+013  1.000E-008  6.236E+001 -1.919E-013
 6.390E+013  1.000E-008  6.236E+001  0.000E+000
 6.410E+013  1.000E-008  6.236E+001  0.000E+000
 6.430E+013  1.000E-008  6.236E+001  0.000E+000
 6.450E+013  1.000E-008  6.236E+001  0.000E+000
 6.470E+013  1.000E-008  6.236E+001  1.919E-013
 6.490E+013  1.000E-008  6.236E+001 -1.919E-013
 6.510E+013  1.000E-008  6.236E+001  0.000E+000
 6.530E+013  1.000E-008  6.236E+001  0.000E+000
 6.550E+013  1.000E-008  6.236E+001  0.000E+000
 6.570E+013  1.000E-008  6.236E+001  0.000E+000
 6.590E+013  1.000E-008  6.236E+001  1.919E-013
 6.610E+013  1.000E-008  6.236E+001 -1.919E-013
 6.630E+013  1.000E-008  6.236E+001  0.000E+000
 6.650E+013  1.000E-008  6.236E+001  0.000E+000
 6.670E+013  1.000E-008  6.236E+001  0.000E+000
 6.690E+013  1.000E-008  6.236E+001  1.919E-013
 6.710E+013  1.000E-008  6.236E+001 -1.919E-013
 6.730E+013  1.000E-008  6.236E+001  0.000E+000
 6.750E+013  1.000E-008  6.236E+001  0.000E+000
 6.770E+013  1.000E-008  6.236E+001  1.919E-013
 6.790E+013  1.000E-008  6.236E+001 -1.919E-013
 6.810E+013  1.000E-008  6.236E+001  1.919E-013
 6.830E+013  1.000E-008  6.236E+001 -9.720E-036
 6.850E+013  1.000E-008  6.236E+001 -1.919E-013
 6.870E+013  1.000E-008  6.236E+001  0.000E+000
 6.890E+013  1.000E-008  6.236E+001  0.000E+000
 6.910E+013  1.000E-008  6.236E+001  0.000E+000
 6.930E+013  1.000E-008  6.236E+001  1.919E-013
 6.950E+013  1.000E-008  6.236E+001 -1.919E-013
 6.970E+013  1.000E-008  6.236E+001  0.000E+000
 6.990E+013  1.000E-008  6.236E+001  0.000E+000
 7.010E+013  1.000E-008  6.236E+001  0.000E+000
 7.030E+013  1.000E-008  6.236E+001  0.000E+000
 7.050E+013  1.000E-008  6.236E+001  0.000E+000
 7.070E+013  1.000E-008  6.236E+001  0.000E+000
 7.090E+013  1.000E-008  6.236E+001  0.000E+000
 7.110E+013  1.000E-008  6.236E+001  0.000E+000
 7.130E+013  1.000E-008  6.236E+001  0.000E+000
 7.150E+013  1.000E-008  6.236E+001  0.000E+000
 7.170E+013  1.000E-008  6.236E+001  0.000E+000
 7.190E+013  1.000E-008  6.236E+001  1.919E-013
 7.210E+013  1.000E-008  6.236E+001 -1.919E-013
 7.230E+013  1.000E-008  6.236E+001  0.000E+000
 7.250E+013  1.000E-008  6.236E+001  0.000E+000
 7.270E+013  1.000E-008  6.236E+001  3.837E-013
 7.290E+013  1.000E-008  6.236E+001 -3.642E-035
 7.310E+013  1.000E-008  6.236E+001 -3.837E-013
 7.330E+013  1.000E-008  6.236E+001 -8.291E-033
 7.350E+013  1.000E-008  6.236E+001 -1.919E-013
 7.370E+013  1.000E-008  6.236E+001  1.919E-013
 7.390E+013  1.000E-008  6.236E+001  8.282E-033
 7.410E+013  1.000E-008  6.236E+001  5.287E-072
 7.430E+013  1.000E-008  6.236E+001  1.004E-150
 7.450E+013  1.000E-008  6.236E+001  1.747E-308
 7.470E+013  1.000E-008  6.236E+001  0.000E+000
 7.490E+013  1.000E-008  6.236E+001  0.000E+000
 7.510E+013  1.000E-008  6.236E+001  0.000E+000
 7.530E+013  1.000E-008  6.236E+001  0.000E+000
 7.550E+013  1.000E-008  6.236E+001  0.000E+000
 7.570E+013  1.000E-008  6.236E+001  0.000E+000
 7.590E+013  1.000E-008  6.236E+001  0.000E+000
 7.610E+013  1.000E-008  6.236E+001  0.000E+000
 7.630E+013  1.000E-008  6.236E+001  0.000E+000
 7.650E+013  1.000E-008  6.236E+001  0.000E+000
 7.670E+013  1.000E-008  6.236E+001  3.837E-013
 7.690E+013  1.000E-008  6.236E+001 -3.837E-013
 7.710E+013  1.000E-008  6.236E+001  5.756E-013
 7.730E+013  1.000E-008  6.236E+001 -5.756E-013
 7.750E+013  1.000E-008  6.236E+001  1.963E-033
 7.770E+013  1.000E-008  6.236E+001  3.837E-013
 7.790E+013  1.000E-008  6.236E+001 -1.151E-012
 7.810E+013  1.000E-008  6.236E+001  1.151E-012
 7.830E+013  1.000E-008  6.236E+001 -3.837E-013
 7.850E+013  1.000E-008  6.236E+001 -3.735E-072
 7.870E+013  1.000E-008  6.236E+001 -6.962E-033
 7.890E+013  1.000E-008  6.236E+001 -1.919E-013
 7.910E+013  1.000E-008  6.236E+001 -9.593E-013
 7.930E+013  1.000E-008  6.236E+001  5.756E-013
 7.950E+013  1.000E-008  6.236E+001  5.756E-013
 7.970E+013  1.000E-008  6.236E+001 -7.674E-013
 7.990E+013  1.000E-008  6.236E+001  7.674E-013
 8.010E+013  1.000E-008  6.236E+001  1.325E-031
 8.030E+013  1.000E-008  6.236E+001  1.353E-069
 8.050E+013  1.000E-008  6.236E+001  6.580E-146
 8.070E+013  1.000E-008  6.236E+001 -8.088E-292
 8.090E+013  1.000E-008  6.236E+001 -2.160E-142
 8.110E+013  1.000E-008  6.236E+001 -7.755E-068
 8.130E+013  1.000E-008  6.236E+001 -1.003E-030
 8.150E+013  1.000E-008  6.236E+001 -2.110E-012
 8.170E+013  1.000E-008  6.236E+001  2.686E-012
 8.190E+013  1.000E-008  6.236E+001 -5.756E-013
 8.210E+013  1.000E-008  6.236E+001  0.000E+000
 8.230E+013  1.000E-008  6.236E+001  0.000E+000
 8.250E+013  1.000E-008  6.236E+001  0.000E+000
 8.270E+013  1.000E-008  6.236E+001  0.000E+000
 8.290E+013  1.000E-008  6.236E+001  7.674E-013
 8.310E+013  1.000E-008  6.236E+001 -7.674E-013
 8.330E+013  1.000E-008  6.236E+001 -8.051E-033
 8.350E+013  1.000E-008  6.236E+001  1.151E-012
 8.370E+013  1.000E-008  6.236E+001 -9.593E-013
 8.390E+013  1.000E-008  6.236E+001 -8.291E-033
 8.410E+013  1.000E-008  6.236E+001 -1.919E-013
 8.430E+013  1.000E-008  6.236E+001  1.919E-013
 8.450E+013  1.000E-008  6.236E+001 -7.855E-036
 8.470E+013  1.000E-008  6.236E+001 -1.919E-013
 8.490E+013  1.000E-008  6.236E+001 -3.909E-036
 8.510E+013  1.000E-008  6.236E+001  1.919E-013
 8.530E+013  1.000E-008  6.236E+001 -7.781E-036
 8.550E+013  1.000E-008  6.236E+001 -1.919E-013
 8.570E+013  1.000E-008  6.236E+001 -3.872E-036
 8.590E+013  1.000E-008  6.236E+001  1.919E-013
 8.610E+013  1.000E-008  6.236E+001 -1.919E-013
 8.630E+013  1.000E-008  6.236E+001  0.000E+000
 8.650E+013  1.000E-008  6.236E+001  0.000E+000
 8.670E+013  1.000E-008  6.236E+001  0.000E+000
 8.690E+013  1.000E-008  6.236E+001  0.000E+000
 8.710E+013  1.000E-008  6.236E+001  0.000E+000
 8.730E+013  1.000E-008  6.236E+001  0.000E+000
 8.750E+013  1.000E-008  6.236E+001  1.919E-013
 8.770E+013  1.000E-008  6.236E+001 -1.919E-013
 8.790E+013  1.000E-008  6.236E+001 -3.775E-036
 8.810E+013  1.000E-008  6.236E+001  1.919E-013
 8.830E+013  1.000E-008  6.236E+001 -1.919E-013
 8.850E+013  1.000E-008  6.236E+001  1.919E-013
 8.870E+013  1.000E-008  6.236E+001  1.919E-013
 8.890E+013  1.000E-008  6.236E+001 -3.837E-013
 8.910E+013  1.000E-008  6.236E+001  0.000E+000
 8.930E+013  1.000E-008  6.236E+001  0.000E+000
 8.950E+013  1.000E-008  6.236E+001  0.000E+000
 8.970E+013  1.000E-008  6.236E+001  0.000E+000
 8.990E+013  1.000E-008  6.236E+001  0.000E+000
 9.010E+013  1.000E-008  6.236E+001  1.919E-013
 9.030E+013  1.000E-008  6.236E+001 -7.350E-036
 9.050E+013  1.000E-008  6.236E+001 -1.919E-013
 9.070E+013  1.000E-008  6.236E+001  1.919E-013
 9.090E+013  1.000E-008  6.236E+001 -7.301E-036
 9.110E+013  1.000E-008  6.236E+001 -1.919E-013
 9.130E+013  1.000E-008  6.236E+001  0.000E+000
 9.150E+013  1.000E-008  6.236E+001  0.000E+000
 9.170E+013  1.000E-008  6.236E+001  0.000E+000
 9.190E+013  1.000E-008  6.236E+001  0.000E+000
 9.210E+013  1.000E-008  6.236E+001  0.000E+000
 9.230E+013  1.000E-008  6.236E+001  1.919E-013
 9.250E+013  1.000E-008  6.236E+001 -7.175E-036
 9.270E+013  1.000E-008  6.236E+001 -1.919E-013
 9.290E+013  1.000E-008  6.236E+001  0.000E+000
 9.310E+013  1.000E-008  6.236E+001  0.000E+000
 9.330E+013  1.000E-008  6.236E+001  0.000E+000
 9.350E+013  1.000E-008  6.236E+001  0.000E+000
 9.370E+013  1.000E-008  6.236E+001  1.919E-013
 9.390E+013  1.000E-008  6.236E+001 -1.919E-013
 9.410E+013  1.000E-008  6.236E+001  1.919E-013
 9.430E+013  1.000E-008  6.236E+001 -1.919E-013
 9.450E+013  1.000E-008  6.236E+001  0.000E+000
 9.470E+013  1.000E-008  6.236E+001  0.000E+000
 9.490E+013  1.000E-008  6.236E+001  0.000E+000
 9.510E+013  1.000E-008  6.236E+001  0.000E+000
 9.530E+013  1.000E-008  6.236E+001  1.919E-013
 9.550E+013  1.000E-008  6.236E+001 -1.919E-013
 9.570E+013  1.000E-008  6.236E+001 -5.297E-072
 9.590E+013  1.000E-008  6.236E+001 -8.290E-033
 9.610E+013  1.000E-008  6.236E+001 -1.919E-013
 9.630E+013  1.000E-008  6.236E+001  1.919E-013
 9.650E+013  1.000E-008  6.236E+001  8.283E-033
 9.670E+013  1.000E-008  6.236E+001  1.919E-013
 9.690E+013  1.000E-008  6.236E+001 -1.919E-013
 9.710E+013  1.000E-008  6.236E+001  0.000E+000
 9.730E+013  1.000E-008  6.236E+001  0.000E+000
 9.750E+013  1.000E-008  6.236E+001  0.000E+000
 9.770E+013  1.000E-008  6.236E+001  0.000E+000
 9.790E+013  1.000E-008  6.236E+001  0.000E+000
 9.810E+013  1.000E-008  6.236E+001  0.000E+000
 9.830E+013  1.000E-008  6.236E+001  0.000E+000
 9.850E+013  1.000E-008  6.236E+001  0.000E+000
 9.870E+013  1.000E-008  6.236E+001  0.000E+000
 9.890E+013  1.000E-008  6.236E+001  0.000E+000
 9.910E+013  1.000E-008  6.236E+001  0.000E+000
 9.930E+013  1.000E-008  6.236E+001  0.000E+000
 9.950E+013  1.000E-008  6.236E+001  1.919E-013
 9.970E+013  1.000E-008  6.236E+001 -1.919E-013
 9.990E+013  1.000E-008  6.236E+001  0.000E+000
 1.001E+014  1.000E-099  1.000E-099  0.000E+000
 1.003E+014  1.000E-099  1.000E-099  0.000E+000
 1.712E-003
