 1.620E+005
     x1b        dens       energ       v1
 1.000E+011  3.544E-012  6.260E+007  0.000E+000
 3.000E+011  3.547E-012  6.260E+007  3.455E+005
 5.000E+011  3.555E-012  6.260E+007  5.777E+005
 7.000E+011  3.573E-012  6.260E+007  9.035E+005
 9.000E+011  3.601E-012  6.260E+007  1.188E+006
 1.100E+012  3.641E-012  6.260E+007  1.493E+006
 1.300E+012  3.691E-012  6.260E+007  1.788E+006
 1.500E+012  3.749E-012  6.260E+007  2.088E+006
 1.700E+012  3.813E-012  6.260E+007  2.385E+006
 1.900E+012  3.881E-012  6.260E+007  2.684E+006
 2.100E+012  3.951E-012  6.260E+007  2.982E+006
 2.300E+012  4.022E-012  6.260E+007  3.280E+006
 2.500E+012  4.093E-012  6.260E+007  3.578E+006
 2.700E+012  4.162E-012  6.260E+007  3.877E+006
 2.900E+012  4.228E-012  6.260E+007  4.175E+006
 3.100E+012  4.284E-012  6.260E+007  4.473E+006
 3.300E+012  4.326E-012  6.260E+007  4.771E+006
 3.500E+012  4.348E-012  6.260E+007  5.069E+006
 3.700E+012  4.354E-012  6.260E+007  5.367E+006
 3.900E+012  4.354E-012  6.260E+007  5.666E+006
 4.100E+012  4.354E-012  6.260E+007  5.964E+006
 4.300E+012  4.354E-012  6.260E+007  6.262E+006
 4.500E+012  4.353E-012  6.260E+007  6.560E+006
 4.700E+012  4.352E-012  6.260E+007  6.858E+006
 4.900E+012  4.349E-012  6.260E+007  7.157E+006
 5.100E+012  4.345E-012  6.260E+007  7.455E+006
 5.300E+012  4.340E-012  6.260E+007  7.753E+006
 5.500E+012  4.335E-012  6.260E+007  8.051E+006
 5.700E+012  4.332E-012  6.260E+007  8.349E+006
 5.900E+012  4.331E-012  6.260E+007  8.647E+006
 6.100E+012  4.331E-012  6.260E+007  8.946E+006
 6.300E+012  4.331E-012  6.260E+007  9.244E+006
 6.500E+012  4.331E-012  6.260E+007  9.542E+006
 6.700E+012  4.333E-012  6.260E+007  9.840E+006
 6.900E+012  4.336E-012  6.260E+007  1.014E+007
 7.100E+012  4.340E-012  6.260E+007  1.044E+007
 7.300E+012  4.347E-012  6.260E+007  1.073E+007
 7.500E+012  4.357E-012  6.260E+007  1.103E+007
 7.700E+012  4.371E-012  6.260E+007  1.133E+007
 7.900E+012  4.389E-012  6.260E+007  1.163E+007
 8.100E+012  4.412E-012  6.260E+007  1.193E+007
 8.300E+012  4.441E-012  6.260E+007  1.223E+007
 8.500E+012  4.477E-012  6.260E+007  1.252E+007
 8.700E+012  4.521E-012  6.260E+007  1.282E+007
 8.900E+012  4.574E-012  6.260E+007  1.312E+007
 9.100E+012  4.637E-012  6.260E+007  1.342E+007
 9.300E+012  4.711E-012  6.260E+007  1.372E+007
 9.500E+012  4.798E-012  6.260E+007  1.402E+007
 9.700E+012  4.899E-012  6.260E+007  1.431E+007
 9.900E+012  5.016E-012  6.260E+007  1.461E+007
 1.010E+013  5.150E-012  6.260E+007  1.491E+007
 1.030E+013  5.304E-012  6.260E+007  1.521E+007
 1.050E+013  5.481E-012  6.260E+007  1.551E+007
 1.070E+013  5.682E-012  6.260E+007  1.581E+007
 1.090E+013  5.910E-012  6.260E+007  1.611E+007
 1.110E+013  6.170E-012  6.260E+007  1.640E+007
 1.130E+013  6.465E-012  6.260E+007  1.670E+007
 1.150E+013  6.798E-012  6.260E+007  1.700E+007
 1.170E+013  7.176E-012  6.261E+007  1.730E+007
 1.190E+013  7.602E-012  6.261E+007  1.760E+007
 1.210E+013  8.084E-012  6.261E+007  1.790E+007
 1.230E+013  8.626E-012  6.261E+007  1.820E+007
 1.250E+013  9.237E-012  6.261E+007  1.850E+007
 1.270E+013  9.924E-012  6.261E+007  1.880E+007
 1.290E+013  1.069E-011  6.261E+007  1.910E+007
 1.310E+013  1.156E-011  6.261E+007  1.940E+007
 1.330E+013  1.252E-011  6.261E+007  1.970E+007
 1.350E+013  1.359E-011  6.261E+007  2.000E+007
 1.370E+013  1.478E-011  6.261E+007  2.030E+007
 1.390E+013  1.609E-011  6.261E+007  2.060E+007
 1.410E+013  1.754E-011  6.261E+007  2.090E+007
 1.430E+013  1.912E-011  6.261E+007  2.120E+007
 1.450E+013  2.084E-011  6.261E+007  2.149E+007
 1.470E+013  2.271E-011  6.261E+007  2.179E+007
 1.490E+013  2.471E-011  6.261E+007  2.209E+007
 1.510E+013  2.685E-011  6.261E+007  2.239E+007
 1.530E+013  2.912E-011  6.261E+007  2.269E+007
 1.550E+013  3.151E-011  6.261E+007  2.298E+007
 1.570E+013  3.401E-011  6.262E+007  2.328E+007
 1.590E+013  3.661E-011  6.262E+007  2.358E+007
 1.610E+013  3.931E-011  6.262E+007  2.388E+007
 1.630E+013  4.208E-011  6.262E+007  2.417E+007
 1.650E+013  4.491E-011  6.262E+007  2.447E+007
 1.670E+013  4.781E-011  6.262E+007  2.477E+007
 1.690E+013  5.076E-011  6.262E+007  2.506E+007
 1.710E+013  5.376E-011  6.263E+007  2.536E+007
 1.730E+013  5.680E-011  6.263E+007  2.566E+007
 1.750E+013  5.989E-011  6.263E+007  2.596E+007
 1.770E+013  6.302E-011  6.263E+007  2.625E+007
 1.790E+013  6.621E-011  6.263E+007  2.655E+007
 1.810E+013  6.945E-011  6.264E+007  2.685E+007
 1.830E+013  7.275E-011  6.264E+007  2.715E+007
 1.850E+013  7.613E-011  6.264E+007  2.745E+007
 1.870E+013  7.958E-011  6.265E+007  2.774E+007
 1.890E+013  8.313E-011  6.265E+007  2.804E+007
 1.910E+013  8.677E-011  6.265E+007  2.834E+007
 1.930E+013  9.054E-011  6.266E+007  2.864E+007
 1.950E+013  9.442E-011  6.266E+007  2.894E+007
 1.970E+013  9.845E-011  6.266E+007  2.924E+007
 1.990E+013  1.026E-010  6.267E+007  2.954E+007
 2.010E+013  1.070E-010  6.267E+007  2.984E+007
 2.030E+013  1.115E-010  6.268E+007  3.013E+007
 2.050E+013  1.162E-010  6.268E+007  3.043E+007
 2.070E+013  1.211E-010  6.269E+007  3.073E+007
 2.090E+013  1.263E-010  6.269E+007  3.103E+007
 2.110E+013  1.317E-010  6.270E+007  3.133E+007
 2.130E+013  1.373E-010  6.270E+007  3.163E+007
 2.150E+013  1.431E-010  6.271E+007  3.193E+007
 2.170E+013  1.493E-010  6.272E+007  3.223E+007
 2.190E+013  1.556E-010  6.272E+007  3.253E+007
 2.210E+013  1.623E-010  6.273E+007  3.283E+007
 2.230E+013  1.692E-010  6.274E+007  3.313E+007
 2.250E+013  1.764E-010  6.275E+007  3.343E+007
 2.270E+013  1.839E-010  6.275E+007  3.373E+007
 2.290E+013  1.917E-010  6.276E+007  3.403E+007
 2.310E+013  1.998E-010  6.277E+007  3.433E+007
 2.330E+013  2.081E-010  6.278E+007  3.462E+007
 2.350E+013  2.167E-010  6.279E+007  3.492E+007
 2.370E+013  2.256E-010  6.280E+007  3.522E+007
 2.390E+013  2.347E-010  6.282E+007  3.552E+007
 2.410E+013  2.441E-010  6.283E+007  3.582E+007
 2.430E+013  2.537E-010  6.284E+007  3.613E+007
 2.450E+013  2.636E-010  6.285E+007  3.643E+007
 2.470E+013  2.738E-010  6.287E+007  3.673E+007
 2.490E+013  2.842E-010  6.288E+007  3.703E+007
 2.510E+013  2.949E-010  6.290E+007  3.733E+007
 2.530E+013  3.058E-010  6.291E+007  3.763E+007
 2.550E+013  3.170E-010  6.293E+007  3.793E+007
 2.570E+013  3.285E-010  6.295E+007  3.823E+007
 2.590E+013  3.404E-010  6.296E+007  3.853E+007
 2.610E+013  3.525E-010  6.298E+007  3.883E+007
 2.630E+013  3.649E-010  6.300E+007  3.914E+007
 2.650E+013  3.777E-010  6.302E+007  3.944E+007
 2.670E+013  3.909E-010  6.305E+007  3.974E+007
 2.690E+013  4.045E-010  6.307E+007  4.004E+007
 2.710E+013  4.184E-010  6.309E+007  4.034E+007
 2.730E+013  4.329E-010  6.312E+007  4.065E+007
 2.750E+013  4.477E-010  6.314E+007  4.095E+007
 2.770E+013  4.631E-010  6.317E+007  4.125E+007
 2.790E+013  4.789E-010  6.319E+007  4.156E+007
 2.810E+013  4.953E-010  6.322E+007  4.186E+007
 2.830E+013  5.122E-010  6.325E+007  4.217E+007
 2.850E+013  5.297E-010  6.328E+007  4.247E+007
 2.870E+013  5.477E-010  6.332E+007  4.278E+007
 2.890E+013  5.663E-010  6.335E+007  4.308E+007
 2.910E+013  5.855E-010  6.338E+007  4.339E+007
 2.930E+013  6.053E-010  6.342E+007  4.369E+007
 2.950E+013  6.257E-010  6.346E+007  4.400E+007
 2.970E+013  6.468E-010  6.350E+007  4.430E+007
 2.990E+013  6.685E-010  6.354E+007  4.461E+007
 3.010E+013  6.908E-010  6.358E+007  4.492E+007
 3.030E+013  7.138E-010  6.363E+007  4.523E+007
 3.050E+013  7.374E-010  6.367E+007  4.553E+007
 3.070E+013  7.617E-010  6.372E+007  4.584E+007
 3.090E+013  7.866E-010  6.377E+007  4.615E+007
 3.110E+013  8.122E-010  6.383E+007  4.646E+007
 3.130E+013  8.385E-010  6.388E+007  4.677E+007
 3.150E+013  8.655E-010  6.394E+007  4.708E+007
 3.170E+013  8.932E-010  6.399E+007  4.739E+007
 3.190E+013  9.216E-010  6.406E+007  4.770E+007
 3.210E+013  9.508E-010  6.412E+007  4.802E+007
 3.230E+013  9.807E-010  6.418E+007  4.833E+007
 3.250E+013  1.011E-009  6.425E+007  4.864E+007
 3.270E+013  1.043E-009  6.432E+007  4.896E+007
 3.290E+013  1.075E-009  6.440E+007  4.927E+007
 3.310E+013  1.108E-009  6.447E+007  4.958E+007
 3.330E+013  1.142E-009  6.455E+007  4.990E+007
 3.350E+013  1.177E-009  6.464E+007  5.022E+007
 3.370E+013  1.213E-009  6.472E+007  5.054E+007
 3.390E+013  1.250E-009  6.481E+007  5.085E+007
 3.410E+013  1.287E-009  6.490E+007  5.117E+007
 3.430E+013  1.326E-009  6.500E+007  5.149E+007
 3.450E+013  1.366E-009  6.509E+007  5.181E+007
 3.470E+013  1.406E-009  6.520E+007  5.214E+007
 3.490E+013  1.448E-009  6.530E+007  5.246E+007
 3.510E+013  1.490E-009  6.541E+007  5.278E+007
 3.530E+013  1.534E-009  6.553E+007  5.311E+007
 3.550E+013  1.579E-009  6.564E+007  5.343E+007
 3.570E+013  1.624E-009  6.577E+007  5.376E+007
 3.590E+013  1.671E-009  6.589E+007  5.409E+007
 3.610E+013  1.719E-009  6.602E+007  5.442E+007
 3.630E+013  1.769E-009  6.616E+007  5.475E+007
 3.650E+013  1.819E-009  6.630E+007  5.508E+007
 3.670E+013  1.871E-009  6.644E+007  5.541E+007
 3.690E+013  1.924E-009  6.660E+007  5.574E+007
 3.710E+013  1.978E-009  6.675E+007  5.608E+007
 3.730E+013  2.034E-009  6.691E+007  5.642E+007
 3.750E+013  2.091E-009  6.708E+007  5.675E+007
 3.770E+013  2.150E-009  6.725E+007  5.709E+007
 3.790E+013  2.210E-009  6.743E+007  5.744E+007
 3.810E+013  2.272E-009  6.762E+007  5.778E+007
 3.830E+013  2.336E-009  6.781E+007  5.812E+007
 3.850E+013  2.401E-009  6.800E+007  5.847E+007
 3.870E+013  2.468E-009  6.821E+007  5.882E+007
 3.890E+013  2.537E-009  6.842E+007  5.917E+007
 3.910E+013  2.607E-009  6.864E+007  5.952E+007
 3.930E+013  2.680E-009  6.887E+007  5.987E+007
 3.950E+013  2.755E-009  6.910E+007  6.023E+007
 3.970E+013  2.832E-009  6.934E+007  6.058E+007
 3.990E+013  2.911E-009  6.960E+007  6.094E+007
 4.010E+013  2.992E-009  6.986E+007  6.130E+007
 4.030E+013  3.075E-009  7.012E+007  6.167E+007
 4.050E+013  3.161E-009  7.040E+007  6.203E+007
 4.070E+013  3.250E-009  7.069E+007  6.240E+007
 4.090E+013  3.340E-009  7.099E+007  6.277E+007
 4.110E+013  3.434E-009  7.130E+007  6.314E+007
 4.130E+013  3.530E-009  7.162E+007  6.352E+007
 4.150E+013  3.629E-009  7.195E+007  6.389E+007
 4.170E+013  3.731E-009  7.229E+007  6.427E+007
 4.190E+013  3.835E-009  7.264E+007  6.466E+007
 4.210E+013  3.943E-009  7.301E+007  6.504E+007
 4.230E+013  4.054E-009  7.339E+007  6.543E+007
 4.250E+013  4.168E-009  7.378E+007  6.582E+007
 4.270E+013  4.286E-009  7.419E+007  6.622E+007
 4.290E+013  4.407E-009  7.461E+007  6.661E+007
 4.310E+013  4.531E-009  7.505E+007  6.701E+007
 4.330E+013  4.660E-009  7.550E+007  6.742E+007
 4.350E+013  4.792E-009  7.597E+007  6.782E+007
 4.370E+013  4.928E-009  7.645E+007  6.823E+007
 4.390E+013  5.068E-009  7.695E+007  6.865E+007
 4.410E+013  5.213E-009  7.747E+007  6.907E+007
 4.430E+013  5.362E-009  7.801E+007  6.949E+007
 4.450E+013  5.516E-009  7.857E+007  6.991E+007
 4.470E+013  5.674E-009  7.914E+007  7.034E+007
 4.490E+013  5.838E-009  7.974E+007  7.077E+007
 4.510E+013  6.007E-009  8.036E+007  7.121E+007
 4.530E+013  6.181E-009  8.101E+007  7.165E+007
 4.550E+013  6.361E-009  8.167E+007  7.209E+007
 4.570E+013  6.547E-009  8.236E+007  7.254E+007
 4.590E+013  6.739E-009  8.308E+007  7.299E+007
 4.610E+013  6.938E-009  8.382E+007  7.345E+007
 4.630E+013  7.143E-009  8.459E+007  7.391E+007
 4.650E+013  7.356E-009  8.539E+007  7.437E+007
 4.670E+013  7.576E-009  8.622E+007  7.485E+007
 4.690E+013  7.804E-009  8.707E+007  7.532E+007
 4.710E+013  8.040E-009  8.797E+007  7.580E+007
 4.730E+013  8.285E-009  8.889E+007  7.629E+007
 4.750E+013  8.539E-009  8.985E+007  7.677E+007
 4.770E+013  8.802E-009  9.085E+007  7.727E+007
 4.790E+013  9.075E-009  9.188E+007  7.777E+007
 4.810E+013  9.358E-009  9.296E+007  7.827E+007
 4.830E+013  9.652E-009  9.408E+007  7.879E+007
 4.850E+013  9.958E-009  9.524E+007  7.930E+007
 4.870E+013  1.028E-008  9.644E+007  7.982E+007
 4.890E+013  1.061E-008  9.770E+007  8.035E+007
 4.910E+013  1.095E-008  9.900E+007  8.088E+007
 4.930E+013  1.131E-008  1.004E+008  8.142E+007
 4.950E+013  1.168E-008  1.018E+008  8.196E+007
 4.970E+013  1.206E-008  1.032E+008  8.251E+007
 4.990E+013  1.247E-008  1.048E+008  8.307E+007
 5.010E+013  1.289E-008  1.064E+008  8.363E+007
 5.030E+013  1.333E-008  1.080E+008  8.420E+007
 5.050E+013  1.378E-008  1.097E+008  8.477E+007
 5.070E+013  1.426E-008  1.115E+008  8.535E+007
 5.090E+013  1.476E-008  1.134E+008  8.594E+007
 5.110E+013  1.528E-008  1.154E+008  8.653E+007
 5.130E+013  1.583E-008  1.174E+008  8.713E+007
 5.150E+013  1.640E-008  1.195E+008  8.773E+007
 5.170E+013  1.699E-008  1.217E+008  8.834E+007
 5.190E+013  1.761E-008  1.241E+008  8.896E+007
 5.210E+013  1.827E-008  1.265E+008  8.958E+007
 5.230E+013  1.895E-008  1.290E+008  9.021E+007
 5.250E+013  1.967E-008  1.316E+008  9.085E+007
 5.270E+013  2.043E-008  1.344E+008  9.149E+007
 5.290E+013  2.122E-008  1.373E+008  9.214E+007
 5.310E+013  2.205E-008  1.403E+008  9.280E+007
 5.330E+013  2.292E-008  1.434E+008  9.346E+007
 5.350E+013  2.384E-008  1.467E+008  9.412E+007
 5.370E+013  2.481E-008  1.502E+008  9.480E+007
 5.390E+013  2.583E-008  1.538E+008  9.548E+007
 5.410E+013  2.690E-008  1.576E+008  9.616E+007
 5.430E+013  2.803E-008  1.616E+008  9.686E+007
 5.450E+013  2.923E-008  1.657E+008  9.755E+007
 5.470E+013  3.049E-008  1.701E+008  9.824E+007
 5.490E+013  3.184E-008  1.749E+008  9.898E+007
 5.510E+013  3.322E-008  1.794E+008  9.972E+007
 5.530E+013  3.463E-008  1.839E+008  1.003E+008
 5.550E+013  3.644E-008  1.915E+008  1.010E+008
 5.570E+013  3.817E-008  1.991E+008  1.027E+008
 5.590E+013  3.810E-008  1.910E+008  1.027E+008
 5.610E+013  3.270E-008  1.369E+008  9.771E+007
 5.630E+013  2.033E-008  4.603E+007  7.943E+007
 5.650E+013  1.261E-008  4.697E+006  4.536E+007
 5.670E+013  1.031E-008  3.504E+004  1.134E+007
 5.690E+013  1.000E-008  6.289E+001  3.744E+005
 5.710E+013  1.000E-008  6.236E+001  1.763E+002
 5.730E+013  1.000E-008  6.236E+001  1.739E-005
 5.750E+013  1.000E-008  6.236E+001 -8.624E-012
 5.770E+013  1.000E-008  6.236E+001 -5.755E-013
 5.790E+013  1.000E-008  6.236E+001  5.180E-012
 5.810E+013  1.000E-008  6.236E+001  2.762E-011
 5.830E+013  1.000E-008  6.236E+001 -2.762E-011
 5.850E+013  1.000E-008  6.236E+001  0.000E+000
 5.870E+013  1.000E-008  6.236E+001  0.000E+000
 5.890E+013  1.000E-008  6.236E+001  0.000E+000
 5.910E+013  1.000E-008  6.236E+001  0.000E+000
 5.930E+013  1.000E-008  6.236E+001  0.000E+000
 5.950E+013  1.000E-008  6.236E+001  0.000E+000
 5.970E+013  1.000E-008  6.236E+001  0.000E+000
 5.990E+013  1.000E-008  6.236E+001  0.000E+000
 6.010E+013  1.000E-008  6.236E+001  0.000E+000
 6.030E+013  1.000E-008  6.236E+001  5.755E-013
 6.050E+013  1.000E-008  6.236E+001 -5.755E-013
 6.070E+013  1.000E-008  6.236E+001  5.755E-013
 6.090E+013  1.000E-008  6.236E+001 -5.755E-013
 6.110E+013  1.000E-008  6.236E+001  0.000E+000
 6.130E+013  1.000E-008  6.236E+001  0.000E+000
 6.150E+013  1.000E-008  6.236E+001  0.000E+000
 6.170E+013  1.000E-008  6.236E+001  5.755E-013
 6.190E+013  1.000E-008  6.236E+001 -5.755E-013
 6.210E+013  1.000E-008  6.236E+001  0.000E+000
 6.230E+013  1.000E-008  6.236E+001  0.000E+000
 6.250E+013  1.000E-008  6.236E+001  0.000E+000
 6.270E+013  1.000E-008  6.236E+001  0.000E+000
 6.290E+013  1.000E-008  6.236E+001  0.000E+000
 6.310E+013  1.000E-008  6.236E+001  0.000E+000
 6.330E+013  1.000E-008  6.236E+001  0.000E+000
 6.350E+013  1.000E-008  6.236E+001  5.755E-013
 6.370E+013  1.000E-008  6.236E+001 -5.755E-013
 6.390E+013  1.000E-008  6.236E+001  0.000E+000
 6.410E+013  1.000E-008  6.236E+001  0.000E+000
 6.430E+013  1.000E-008  6.236E+001  0.000E+000
 6.450E+013  1.000E-008  6.236E+001  0.000E+000
 6.470E+013  1.000E-008  6.236E+001  5.755E-013
 6.490E+013  1.000E-008  6.236E+001 -5.755E-013
 6.510E+013  1.000E-008  6.236E+001  0.000E+000
 6.530E+013  1.000E-008  6.236E+001  0.000E+000
 6.550E+013  1.000E-008  6.236E+001  0.000E+000
 6.570E+013  1.000E-008  6.236E+001  0.000E+000
 6.590E+013  1.000E-008  6.236E+001  5.755E-013
 6.610E+013  1.000E-008  6.236E+001 -5.755E-013
 6.630E+013  1.000E-008  6.236E+001  0.000E+000
 6.650E+013  1.000E-008  6.236E+001  0.000E+000
 6.670E+013  1.000E-008  6.236E+001  0.000E+000
 6.690E+013  1.000E-008  6.236E+001  5.755E-013
 6.710E+013  1.000E-008  6.236E+001 -5.755E-013
 6.730E+013  1.000E-008  6.236E+001  0.000E+000
 6.750E+013  1.000E-008  6.236E+001  0.000E+000
 6.770E+013  1.000E-008  6.236E+001  5.755E-013
 6.790E+013  1.000E-008  6.236E+001 -5.755E-013
 6.810E+013  1.000E-008  6.236E+001  5.755E-013
 6.830E+013  1.000E-008  6.236E+001 -2.623E-034
 6.850E+013  1.000E-008  6.236E+001 -5.755E-013
 6.870E+013  1.000E-008  6.236E+001  0.000E+000
 6.890E+013  1.000E-008  6.236E+001  0.000E+000
 6.910E+013  1.000E-008  6.236E+001  0.000E+000
 6.930E+013  1.000E-008  6.236E+001  5.755E-013
 6.950E+013  1.000E-008  6.236E+001 -5.755E-013
 6.970E+013  1.000E-008  6.236E+001  0.000E+000
 6.990E+013  1.000E-008  6.236E+001  0.000E+000
 7.010E+013  1.000E-008  6.236E+001  0.000E+000
 7.030E+013  1.000E-008  6.236E+001  0.000E+000
 7.050E+013  1.000E-008  6.236E+001  0.000E+000
 7.070E+013  1.000E-008  6.236E+001  0.000E+000
 7.090E+013  1.000E-008  6.236E+001  0.000E+000
 7.110E+013  1.000E-008  6.236E+001  0.000E+000
 7.130E+013  1.000E-008  6.236E+001  0.000E+000
 7.150E+013  1.000E-008  6.236E+001  0.000E+000
 7.170E+013  1.000E-008  6.236E+001  0.000E+000
 7.190E+013  1.000E-008  6.236E+001  5.755E-013
 7.210E+013  1.000E-008  6.236E+001 -5.755E-013
 7.230E+013  1.000E-008  6.236E+001  0.000E+000
 7.250E+013  1.000E-008  6.236E+001  0.000E+000
 7.270E+013  1.000E-008  6.236E+001  1.151E-012
 7.290E+013  1.000E-008  6.236E+001 -9.830E-034
 7.310E+013  1.000E-008  6.236E+001 -1.151E-012
 7.330E+013  1.000E-008  6.236E+001 -2.238E-031
 7.350E+013  1.000E-008  6.236E+001 -5.755E-013
 7.370E+013  1.000E-008  6.236E+001  5.755E-013
 7.390E+013  1.000E-008  6.236E+001  2.235E-031
 7.410E+013  1.000E-008  6.236E+001  1.156E-068
 7.430E+013  1.000E-008  6.236E+001  1.441E-143
 7.450E+013  1.000E-008  6.236E+001  1.083E-293
 7.470E+013  1.000E-008  6.236E+001  0.000E+000
 7.490E+013  1.000E-008  6.236E+001  0.000E+000
 7.510E+013  1.000E-008  6.236E+001  0.000E+000
 7.530E+013  1.000E-008  6.236E+001  0.000E+000
 7.550E+013  1.000E-008  6.236E+001  0.000E+000
 7.570E+013  1.000E-008  6.236E+001  0.000E+000
 7.590E+013  1.000E-008  6.236E+001  0.000E+000
 7.610E+013  1.000E-008  6.236E+001  0.000E+000
 7.630E+013  1.000E-008  6.236E+001  0.000E+000
 7.650E+013  1.000E-008  6.236E+001  0.000E+000
 7.670E+013  1.000E-008  6.236E+001  1.151E-012
 7.690E+013  1.000E-008  6.236E+001 -1.151E-012
 7.710E+013  1.000E-008  6.236E+001  1.727E-012
 7.730E+013  1.000E-008  6.236E+001 -1.727E-012
 7.750E+013  1.000E-008  6.236E+001  5.298E-032
 7.770E+013  1.000E-008  6.236E+001  1.151E-012
 7.790E+013  1.000E-008  6.236E+001 -3.453E-012
 7.810E+013  1.000E-008  6.236E+001  3.453E-012
 7.830E+013  1.000E-008  6.236E+001 -1.151E-012
 7.850E+013  1.000E-008  6.236E+001 -8.166E-069
 7.870E+013  1.000E-008  6.236E+001 -1.879E-031
 7.890E+013  1.000E-008  6.236E+001 -5.755E-013
 7.910E+013  1.000E-008  6.236E+001 -2.878E-012
 7.930E+013  1.000E-008  6.236E+001  1.727E-012
 7.950E+013  1.000E-008  6.236E+001  1.727E-012
 7.970E+013  1.000E-008  6.236E+001 -2.302E-012
 7.990E+013  1.000E-008  6.236E+001  2.302E-012
 8.010E+013  1.000E-008  6.236E+001  3.576E-030
 8.030E+013  1.000E-008  6.236E+001  2.959E-066
 8.050E+013  1.000E-008  6.236E+001  9.446E-139
 8.070E+013  1.000E-008  6.236E+001 -5.016E-277
 8.090E+013  1.000E-008  6.236E+001 -3.102E-135
 8.110E+013  1.000E-008  6.236E+001 -1.696E-064
 8.130E+013  1.000E-008  6.236E+001 -2.707E-029
 8.150E+013  1.000E-008  6.236E+001 -6.331E-012
 8.170E+013  1.000E-008  6.236E+001  8.058E-012
 8.190E+013  1.000E-008  6.236E+001 -1.727E-012
 8.210E+013  1.000E-008  6.236E+001  0.000E+000
 8.230E+013  1.000E-008  6.236E+001  0.000E+000
 8.250E+013  1.000E-008  6.236E+001  0.000E+000
 8.270E+013  1.000E-008  6.236E+001  0.000E+000
 8.290E+013  1.000E-008  6.236E+001  2.302E-012
 8.310E+013  1.000E-008  6.236E+001 -2.302E-012
 8.330E+013  1.000E-008  6.236E+001 -2.173E-031
 8.350E+013  1.000E-008  6.236E+001  3.453E-012
 8.370E+013  1.000E-008  6.236E+001 -2.878E-012
 8.390E+013  1.000E-008  6.236E+001 -2.237E-031
 8.410E+013  1.000E-008  6.236E+001 -5.755E-013
 8.430E+013  1.000E-008  6.236E+001  5.755E-013
 8.450E+013  1.000E-008  6.236E+001 -2.120E-034
 8.470E+013  1.000E-008  6.236E+001 -5.755E-013
 8.490E+013  1.000E-008  6.236E+001 -1.055E-034
 8.510E+013  1.000E-008  6.236E+001  5.755E-013
 8.530E+013  1.000E-008  6.236E+001 -2.100E-034
 8.550E+013  1.000E-008  6.236E+001 -5.755E-013
 8.570E+013  1.000E-008  6.236E+001 -1.045E-034
 8.590E+013  1.000E-008  6.236E+001  5.755E-013
 8.610E+013  1.000E-008  6.236E+001 -5.755E-013
 8.630E+013  1.000E-008  6.236E+001  0.000E+000
 8.650E+013  1.000E-008  6.236E+001  0.000E+000
 8.670E+013  1.000E-008  6.236E+001  0.000E+000
 8.690E+013  1.000E-008  6.236E+001  0.000E+000
 8.710E+013  1.000E-008  6.236E+001  0.000E+000
 8.730E+013  1.000E-008  6.236E+001  0.000E+000
 8.750E+013  1.000E-008  6.236E+001  5.755E-013
 8.770E+013  1.000E-008  6.236E+001 -5.755E-013
 8.790E+013  1.000E-008  6.236E+001 -1.019E-034
 8.810E+013  1.000E-008  6.236E+001  5.755E-013
 8.830E+013  1.000E-008  6.236E+001 -5.755E-013
 8.850E+013  1.000E-008  6.236E+001  5.755E-013
 8.870E+013  1.000E-008  6.236E+001  5.755E-013
 8.890E+013  1.000E-008  6.236E+001 -1.151E-012
 8.910E+013  1.000E-008  6.236E+001  0.000E+000
 8.930E+013  1.000E-008  6.236E+001  0.000E+000
 8.950E+013  1.000E-008  6.236E+001  0.000E+000
 8.970E+013  1.000E-008  6.236E+001  0.000E+000
 8.990E+013  1.000E-008  6.236E+001  0.000E+000
 9.010E+013  1.000E-008  6.236E+001  5.755E-013
 9.030E+013  1.000E-008  6.236E+001 -1.983E-034
 9.050E+013  1.000E-008  6.236E+001 -5.755E-013
 9.070E+013  1.000E-008  6.236E+001  5.755E-013
 9.090E+013  1.000E-008  6.236E+001 -1.970E-034
 9.110E+013  1.000E-008  6.236E+001 -5.755E-013
 9.130E+013  1.000E-008  6.236E+001  0.000E+000
 9.150E+013  1.000E-008  6.236E+001  0.000E+000
 9.170E+013  1.000E-008  6.236E+001  0.000E+000
 9.190E+013  1.000E-008  6.236E+001  0.000E+000
 9.210E+013  1.000E-008  6.236E+001  0.000E+000
 9.230E+013  1.000E-008  6.236E+001  5.755E-013
 9.250E+013  1.000E-008  6.236E+001 -1.936E-034
 9.270E+013  1.000E-008  6.236E+001 -5.755E-013
 9.290E+013  1.000E-008  6.236E+001  0.000E+000
 9.310E+013  1.000E-008  6.236E+001  0.000E+000
 9.330E+013  1.000E-008  6.236E+001  0.000E+000
 9.350E+013  1.000E-008  6.236E+001  0.000E+000
 9.370E+013  1.000E-008  6.236E+001  5.755E-013
 9.390E+013  1.000E-008  6.236E+001 -5.755E-013
 9.410E+013  1.000E-008  6.236E+001  5.755E-013
 9.430E+013  1.000E-008  6.236E+001 -5.755E-013
 9.450E+013  1.000E-008  6.236E+001  0.000E+000
 9.470E+013  1.000E-008  6.236E+001  0.000E+000
 9.490E+013  1.000E-008  6.236E+001  0.000E+000
 9.510E+013  1.000E-008  6.236E+001  0.000E+000
 9.530E+013  1.000E-008  6.236E+001  5.755E-013
 9.550E+013  1.000E-008  6.236E+001 -5.755E-013
 9.570E+013  1.000E-008  6.236E+001 -1.158E-068
 9.590E+013  1.000E-008  6.236E+001 -2.237E-031
 9.610E+013  1.000E-008  6.236E+001 -5.755E-013
 9.630E+013  1.000E-008  6.236E+001  5.755E-013
 9.650E+013  1.000E-008  6.236E+001  2.235E-031
 9.670E+013  1.000E-008  6.236E+001  5.755E-013
 9.690E+013  1.000E-008  6.236E+001 -5.755E-013
 9.710E+013  1.000E-008  6.236E+001  0.000E+000
 9.730E+013  1.000E-008  6.236E+001  0.000E+000
 9.750E+013  1.000E-008  6.236E+001  0.000E+000
 9.770E+013  1.000E-008  6.236E+001  0.000E+000
 9.790E+013  1.000E-008  6.236E+001  0.000E+000
 9.810E+013  1.000E-008  6.236E+001  0.000E+000
 9.830E+013  1.000E-008  6.236E+001  0.000E+000
 9.850E+013  1.000E-008  6.236E+001  0.000E+000
 9.870E+013  1.000E-008  6.236E+001  0.000E+000
 9.890E+013  1.000E-008  6.236E+001  0.000E+000
 9.910E+013  1.000E-008  6.236E+001  0.000E+000
 9.930E+013  1.000E-008  6.236E+001  0.000E+000
 9.950E+013  1.000E-008  6.236E+001  5.755E-013
 9.970E+013  1.000E-008  6.236E+001 -5.755E-013
 9.990E+013  1.000E-008  6.236E+001  0.000E+000
 1.001E+014  1.000E-099  1.000E-099  0.000E+000
 1.003E+014  1.000E-099  1.000E-099  0.000E+000
 5.137E-003
