 1.740E+005
     x1b        dens       energ       v1
 1.000E+011  3.365E-012  5.742E+007  0.000E+000
 3.000E+011  3.367E-012  5.742E+007  3.135E+005
 5.000E+011  3.375E-012  5.742E+007  5.412E+005
 7.000E+011  3.391E-012  5.742E+007  8.397E+005
 9.000E+011  3.417E-012  5.742E+007  1.107E+006
 1.100E+012  3.453E-012  5.742E+007  1.390E+006
 1.300E+012  3.498E-012  5.742E+007  1.665E+006
 1.500E+012  3.552E-012  5.742E+007  1.944E+006
 1.700E+012  3.611E-012  5.742E+007  2.221E+006
 1.900E+012  3.674E-012  5.742E+007  2.499E+006
 2.100E+012  3.739E-012  5.742E+007  2.777E+006
 2.300E+012  3.805E-012  5.742E+007  3.054E+006
 2.500E+012  3.872E-012  5.742E+007  3.332E+006
 2.700E+012  3.937E-012  5.742E+007  3.610E+006
 2.900E+012  3.999E-012  5.742E+007  3.887E+006
 3.100E+012  4.055E-012  5.742E+007  4.165E+006
 3.300E+012  4.098E-012  5.742E+007  4.443E+006
 3.500E+012  4.124E-012  5.742E+007  4.720E+006
 3.700E+012  4.133E-012  5.742E+007  4.998E+006
 3.900E+012  4.134E-012  5.742E+007  5.275E+006
 4.100E+012  4.134E-012  5.742E+007  5.553E+006
 4.300E+012  4.134E-012  5.742E+007  5.831E+006
 4.500E+012  4.133E-012  5.742E+007  6.108E+006
 4.700E+012  4.132E-012  5.742E+007  6.386E+006
 4.900E+012  4.130E-012  5.742E+007  6.664E+006
 5.100E+012  4.127E-012  5.742E+007  6.941E+006
 5.300E+012  4.123E-012  5.742E+007  7.219E+006
 5.500E+012  4.118E-012  5.742E+007  7.497E+006
 5.700E+012  4.114E-012  5.742E+007  7.774E+006
 5.900E+012  4.112E-012  5.742E+007  8.052E+006
 6.100E+012  4.112E-012  5.742E+007  8.330E+006
 6.300E+012  4.112E-012  5.742E+007  8.607E+006
 6.500E+012  4.112E-012  5.742E+007  8.885E+006
 6.700E+012  4.113E-012  5.742E+007  9.163E+006
 6.900E+012  4.115E-012  5.742E+007  9.440E+006
 7.100E+012  4.118E-012  5.742E+007  9.718E+006
 7.300E+012  4.123E-012  5.742E+007  9.996E+006
 7.500E+012  4.130E-012  5.742E+007  1.027E+007
 7.700E+012  4.141E-012  5.742E+007  1.055E+007
 7.900E+012  4.155E-012  5.742E+007  1.083E+007
 8.100E+012  4.173E-012  5.742E+007  1.111E+007
 8.300E+012  4.196E-012  5.742E+007  1.138E+007
 8.500E+012  4.225E-012  5.742E+007  1.166E+007
 8.700E+012  4.261E-012  5.742E+007  1.194E+007
 8.900E+012  4.304E-012  5.742E+007  1.222E+007
 9.100E+012  4.355E-012  5.742E+007  1.249E+007
 9.300E+012  4.416E-012  5.742E+007  1.277E+007
 9.500E+012  4.488E-012  5.742E+007  1.305E+007
 9.700E+012  4.571E-012  5.742E+007  1.333E+007
 9.900E+012  4.667E-012  5.742E+007  1.361E+007
 1.010E+013  4.779E-012  5.742E+007  1.388E+007
 1.030E+013  4.906E-012  5.742E+007  1.416E+007
 1.050E+013  5.052E-012  5.742E+007  1.444E+007
 1.070E+013  5.218E-012  5.742E+007  1.472E+007
 1.090E+013  5.408E-012  5.742E+007  1.500E+007
 1.110E+013  5.623E-012  5.742E+007  1.527E+007
 1.130E+013  5.866E-012  5.742E+007  1.555E+007
 1.150E+013  6.142E-012  5.742E+007  1.583E+007
 1.170E+013  6.453E-012  5.742E+007  1.611E+007
 1.190E+013  6.805E-012  5.742E+007  1.639E+007
 1.210E+013  7.202E-012  5.742E+007  1.667E+007
 1.230E+013  7.648E-012  5.742E+007  1.695E+007
 1.250E+013  8.151E-012  5.742E+007  1.722E+007
 1.270E+013  8.715E-012  5.742E+007  1.750E+007
 1.290E+013  9.349E-012  5.742E+007  1.778E+007
 1.310E+013  1.006E-011  5.742E+007  1.806E+007
 1.330E+013  1.085E-011  5.742E+007  1.834E+007
 1.350E+013  1.173E-011  5.742E+007  1.862E+007
 1.370E+013  1.272E-011  5.742E+007  1.890E+007
 1.390E+013  1.381E-011  5.742E+007  1.918E+007
 1.410E+013  1.501E-011  5.742E+007  1.946E+007
 1.430E+013  1.633E-011  5.742E+007  1.973E+007
 1.450E+013  1.778E-011  5.742E+007  2.001E+007
 1.470E+013  1.935E-011  5.742E+007  2.029E+007
 1.490E+013  2.105E-011  5.742E+007  2.057E+007
 1.510E+013  2.288E-011  5.743E+007  2.085E+007
 1.530E+013  2.484E-011  5.743E+007  2.112E+007
 1.550E+013  2.692E-011  5.743E+007  2.140E+007
 1.570E+013  2.911E-011  5.743E+007  2.168E+007
 1.590E+013  3.141E-011  5.743E+007  2.196E+007
 1.610E+013  3.381E-011  5.743E+007  2.223E+007
 1.630E+013  3.629E-011  5.743E+007  2.251E+007
 1.650E+013  3.885E-011  5.743E+007  2.279E+007
 1.670E+013  4.147E-011  5.743E+007  2.306E+007
 1.690E+013  4.415E-011  5.743E+007  2.334E+007
 1.710E+013  4.688E-011  5.744E+007  2.362E+007
 1.730E+013  4.966E-011  5.744E+007  2.389E+007
 1.750E+013  5.248E-011  5.744E+007  2.417E+007
 1.770E+013  5.534E-011  5.744E+007  2.445E+007
 1.790E+013  5.824E-011  5.744E+007  2.472E+007
 1.810E+013  6.119E-011  5.744E+007  2.500E+007
 1.830E+013  6.418E-011  5.745E+007  2.528E+007
 1.850E+013  6.723E-011  5.745E+007  2.556E+007
 1.870E+013  7.034E-011  5.745E+007  2.583E+007
 1.890E+013  7.351E-011  5.745E+007  2.611E+007
 1.910E+013  7.676E-011  5.746E+007  2.639E+007
 1.930E+013  8.011E-011  5.746E+007  2.667E+007
 1.950E+013  8.354E-011  5.746E+007  2.694E+007
 1.970E+013  8.709E-011  5.746E+007  2.722E+007
 1.990E+013  9.076E-011  5.747E+007  2.750E+007
 2.010E+013  9.455E-011  5.747E+007  2.778E+007
 2.030E+013  9.850E-011  5.747E+007  2.806E+007
 2.050E+013  1.026E-010  5.748E+007  2.833E+007
 2.070E+013  1.069E-010  5.748E+007  2.861E+007
 2.090E+013  1.113E-010  5.749E+007  2.889E+007
 2.110E+013  1.159E-010  5.749E+007  2.917E+007
 2.130E+013  1.208E-010  5.749E+007  2.945E+007
 2.150E+013  1.258E-010  5.750E+007  2.973E+007
 2.170E+013  1.311E-010  5.750E+007  3.001E+007
 2.190E+013  1.366E-010  5.751E+007  3.028E+007
 2.210E+013  1.423E-010  5.752E+007  3.056E+007
 2.230E+013  1.483E-010  5.752E+007  3.084E+007
 2.250E+013  1.545E-010  5.753E+007  3.112E+007
 2.270E+013  1.610E-010  5.753E+007  3.140E+007
 2.290E+013  1.678E-010  5.754E+007  3.168E+007
 2.310E+013  1.748E-010  5.755E+007  3.196E+007
 2.330E+013  1.820E-010  5.756E+007  3.224E+007
 2.350E+013  1.895E-010  5.756E+007  3.251E+007
 2.370E+013  1.973E-010  5.757E+007  3.279E+007
 2.390E+013  2.053E-010  5.758E+007  3.307E+007
 2.410E+013  2.136E-010  5.759E+007  3.335E+007
 2.430E+013  2.221E-010  5.760E+007  3.363E+007
 2.450E+013  2.308E-010  5.761E+007  3.391E+007
 2.470E+013  2.398E-010  5.762E+007  3.419E+007
 2.490E+013  2.490E-010  5.763E+007  3.447E+007
 2.510E+013  2.584E-010  5.764E+007  3.475E+007
 2.530E+013  2.681E-010  5.765E+007  3.503E+007
 2.550E+013  2.780E-010  5.767E+007  3.531E+007
 2.570E+013  2.881E-010  5.768E+007  3.559E+007
 2.590E+013  2.986E-010  5.769E+007  3.587E+007
 2.610E+013  3.092E-010  5.771E+007  3.615E+007
 2.630E+013  3.202E-010  5.772E+007  3.643E+007
 2.650E+013  3.314E-010  5.774E+007  3.671E+007
 2.670E+013  3.429E-010  5.775E+007  3.699E+007
 2.690E+013  3.547E-010  5.777E+007  3.727E+007
 2.710E+013  3.669E-010  5.779E+007  3.755E+007
 2.730E+013  3.794E-010  5.781E+007  3.783E+007
 2.750E+013  3.923E-010  5.783E+007  3.811E+007
 2.770E+013  4.056E-010  5.785E+007  3.840E+007
 2.790E+013  4.193E-010  5.787E+007  3.868E+007
 2.810E+013  4.334E-010  5.789E+007  3.896E+007
 2.830E+013  4.480E-010  5.791E+007  3.924E+007
 2.850E+013  4.630E-010  5.794E+007  3.953E+007
 2.870E+013  4.785E-010  5.796E+007  3.981E+007
 2.890E+013  4.946E-010  5.799E+007  4.009E+007
 2.910E+013  5.111E-010  5.801E+007  4.037E+007
 2.930E+013  5.282E-010  5.804E+007  4.066E+007
 2.950E+013  5.458E-010  5.807E+007  4.094E+007
 2.970E+013  5.639E-010  5.810E+007  4.123E+007
 2.990E+013  5.826E-010  5.813E+007  4.151E+007
 3.010E+013  6.019E-010  5.816E+007  4.179E+007
 3.030E+013  6.217E-010  5.819E+007  4.208E+007
 3.050E+013  6.422E-010  5.823E+007  4.236E+007
 3.070E+013  6.632E-010  5.827E+007  4.265E+007
 3.090E+013  6.848E-010  5.830E+007  4.294E+007
 3.110E+013  7.069E-010  5.834E+007  4.322E+007
 3.130E+013  7.297E-010  5.838E+007  4.351E+007
 3.150E+013  7.531E-010  5.843E+007  4.380E+007
 3.170E+013  7.771E-010  5.847E+007  4.408E+007
 3.190E+013  8.018E-010  5.852E+007  4.437E+007
 3.210E+013  8.271E-010  5.856E+007  4.466E+007
 3.230E+013  8.530E-010  5.861E+007  4.495E+007
 3.250E+013  8.796E-010  5.867E+007  4.524E+007
 3.270E+013  9.069E-010  5.872E+007  4.553E+007
 3.290E+013  9.348E-010  5.877E+007  4.582E+007
 3.310E+013  9.635E-010  5.883E+007  4.611E+007
 3.330E+013  9.929E-010  5.889E+007  4.640E+007
 3.350E+013  1.023E-009  5.895E+007  4.669E+007
 3.370E+013  1.054E-009  5.902E+007  4.698E+007
 3.390E+013  1.086E-009  5.908E+007  4.728E+007
 3.410E+013  1.118E-009  5.915E+007  4.757E+007
 3.430E+013  1.151E-009  5.922E+007  4.786E+007
 3.450E+013  1.185E-009  5.930E+007  4.816E+007
 3.470E+013  1.220E-009  5.937E+007  4.846E+007
 3.490E+013  1.256E-009  5.945E+007  4.875E+007
 3.510E+013  1.293E-009  5.954E+007  4.905E+007
 3.530E+013  1.331E-009  5.962E+007  4.935E+007
 3.550E+013  1.369E-009  5.971E+007  4.965E+007
 3.570E+013  1.408E-009  5.980E+007  4.995E+007
 3.590E+013  1.449E-009  5.989E+007  5.025E+007
 3.610E+013  1.490E-009  5.999E+007  5.055E+007
 3.630E+013  1.533E-009  6.009E+007  5.085E+007
 3.650E+013  1.576E-009  6.020E+007  5.115E+007
 3.670E+013  1.620E-009  6.031E+007  5.146E+007
 3.690E+013  1.666E-009  6.042E+007  5.176E+007
 3.710E+013  1.712E-009  6.054E+007  5.207E+007
 3.730E+013  1.760E-009  6.066E+007  5.238E+007
 3.750E+013  1.809E-009  6.078E+007  5.268E+007
 3.770E+013  1.859E-009  6.091E+007  5.299E+007
 3.790E+013  1.910E-009  6.104E+007  5.330E+007
 3.810E+013  1.962E-009  6.118E+007  5.362E+007
 3.830E+013  2.016E-009  6.132E+007  5.393E+007
 3.850E+013  2.071E-009  6.147E+007  5.424E+007
 3.870E+013  2.128E-009  6.162E+007  5.456E+007
 3.890E+013  2.186E-009  6.178E+007  5.488E+007
 3.910E+013  2.246E-009  6.194E+007  5.519E+007
 3.930E+013  2.307E-009  6.211E+007  5.551E+007
 3.950E+013  2.370E-009  6.228E+007  5.584E+007
 3.970E+013  2.434E-009  6.246E+007  5.616E+007
 3.990E+013  2.500E-009  6.265E+007  5.648E+007
 4.010E+013  2.568E-009  6.284E+007  5.681E+007
 4.030E+013  2.638E-009  6.304E+007  5.714E+007
 4.050E+013  2.709E-009  6.324E+007  5.747E+007
 4.070E+013  2.783E-009  6.345E+007  5.780E+007
 4.090E+013  2.859E-009  6.367E+007  5.813E+007
 4.110E+013  2.936E-009  6.390E+007  5.847E+007
 4.130E+013  3.016E-009  6.413E+007  5.880E+007
 4.150E+013  3.098E-009  6.438E+007  5.914E+007
 4.170E+013  3.182E-009  6.463E+007  5.948E+007
 4.190E+013  3.269E-009  6.488E+007  5.983E+007
 4.210E+013  3.358E-009  6.515E+007  6.017E+007
 4.230E+013  3.449E-009  6.543E+007  6.052E+007
 4.250E+013  3.543E-009  6.572E+007  6.087E+007
 4.270E+013  3.640E-009  6.601E+007  6.122E+007
 4.290E+013  3.739E-009  6.632E+007  6.157E+007
 4.310E+013  3.841E-009  6.663E+007  6.193E+007
 4.330E+013  3.946E-009  6.696E+007  6.229E+007
 4.350E+013  4.054E-009  6.730E+007  6.265E+007
 4.370E+013  4.165E-009  6.765E+007  6.301E+007
 4.390E+013  4.279E-009  6.801E+007  6.338E+007
 4.410E+013  4.396E-009  6.839E+007  6.375E+007
 4.430E+013  4.517E-009  6.877E+007  6.412E+007
 4.450E+013  4.641E-009  6.917E+007  6.450E+007
 4.470E+013  4.769E-009  6.959E+007  6.488E+007
 4.490E+013  4.900E-009  7.002E+007  6.526E+007
 4.510E+013  5.036E-009  7.046E+007  6.564E+007
 4.530E+013  5.175E-009  7.092E+007  6.603E+007
 4.550E+013  5.319E-009  7.139E+007  6.642E+007
 4.570E+013  5.467E-009  7.189E+007  6.681E+007
 4.590E+013  5.619E-009  7.240E+007  6.721E+007
 4.610E+013  5.776E-009  7.292E+007  6.761E+007
 4.630E+013  5.939E-009  7.347E+007  6.802E+007
 4.650E+013  6.106E-009  7.403E+007  6.843E+007
 4.670E+013  6.278E-009  7.462E+007  6.884E+007
 4.690E+013  6.456E-009  7.522E+007  6.925E+007
 4.710E+013  6.640E-009  7.585E+007  6.967E+007
 4.730E+013  6.830E-009  7.650E+007  7.010E+007
 4.750E+013  7.026E-009  7.717E+007  7.052E+007
 4.770E+013  7.229E-009  7.787E+007  7.095E+007
 4.790E+013  7.439E-009  7.859E+007  7.139E+007
 4.810E+013  7.655E-009  7.934E+007  7.183E+007
 4.830E+013  7.880E-009  8.011E+007  7.227E+007
 4.850E+013  8.112E-009  8.092E+007  7.272E+007
 4.870E+013  8.353E-009  8.175E+007  7.317E+007
 4.890E+013  8.602E-009  8.261E+007  7.363E+007
 4.910E+013  8.860E-009  8.351E+007  7.409E+007
 4.930E+013  9.127E-009  8.444E+007  7.456E+007
 4.950E+013  9.404E-009  8.541E+007  7.503E+007
 4.970E+013  9.692E-009  8.641E+007  7.551E+007
 4.990E+013  9.991E-009  8.745E+007  7.599E+007
 5.010E+013  1.030E-008  8.853E+007  7.647E+007
 5.030E+013  1.062E-008  8.965E+007  7.697E+007
 5.050E+013  1.096E-008  9.081E+007  7.746E+007
 5.070E+013  1.130E-008  9.202E+007  7.796E+007
 5.090E+013  1.167E-008  9.328E+007  7.847E+007
 5.110E+013  1.204E-008  9.459E+007  7.898E+007
 5.130E+013  1.243E-008  9.595E+007  7.950E+007
 5.150E+013  1.284E-008  9.736E+007  8.002E+007
 5.170E+013  1.326E-008  9.883E+007  8.055E+007
 5.190E+013  1.371E-008  1.004E+008  8.108E+007
 5.210E+013  1.417E-008  1.019E+008  8.162E+007
 5.230E+013  1.465E-008  1.036E+008  8.216E+007
 5.250E+013  1.515E-008  1.053E+008  8.271E+007
 5.270E+013  1.567E-008  1.071E+008  8.327E+007
 5.290E+013  1.622E-008  1.090E+008  8.383E+007
 5.310E+013  1.679E-008  1.109E+008  8.440E+007
 5.330E+013  1.738E-008  1.130E+008  8.497E+007
 5.350E+013  1.801E-008  1.151E+008  8.555E+007
 5.370E+013  1.866E-008  1.173E+008  8.613E+007
 5.390E+013  1.934E-008  1.196E+008  8.672E+007
 5.410E+013  2.006E-008  1.220E+008  8.731E+007
 5.430E+013  2.081E-008  1.245E+008  8.791E+007
 5.450E+013  2.160E-008  1.271E+008  8.852E+007
 5.470E+013  2.243E-008  1.299E+008  8.913E+007
 5.490E+013  2.330E-008  1.327E+008  8.975E+007
 5.510E+013  2.421E-008  1.357E+008  9.037E+007
 5.530E+013  2.517E-008  1.389E+008  9.100E+007
 5.550E+013  2.618E-008  1.421E+008  9.164E+007
 5.570E+013  2.724E-008  1.456E+008  9.228E+007
 5.590E+013  2.836E-008  1.492E+008  9.292E+007
 5.610E+013  2.953E-008  1.529E+008  9.357E+007
 5.630E+013  3.077E-008  1.568E+008  9.422E+007
 5.650E+013  3.210E-008  1.611E+008  9.491E+007
 5.670E+013  3.346E-008  1.652E+008  9.559E+007
 5.690E+013  3.484E-008  1.692E+008  9.610E+007
 5.710E+013  3.662E-008  1.762E+008  9.684E+007
 5.730E+013  3.829E-008  1.828E+008  9.836E+007
 5.750E+013  3.817E-008  1.751E+008  9.837E+007
 5.770E+013  3.263E-008  1.249E+008  9.346E+007
 5.790E+013  2.022E-008  4.159E+007  7.582E+007
 5.810E+013  1.257E-008  4.183E+006  4.309E+007
 5.830E+013  1.030E-008  3.010E+004  1.065E+007
 5.850E+013  1.000E-008  6.279E+001  3.427E+005
 5.870E+013  1.000E-008  6.236E+001  1.534E+002
 5.890E+013  1.000E-008  6.236E+001  1.379E-005
 5.910E+013  1.000E-008  6.236E+001  9.039E-015
 5.930E+013  1.000E-008  6.236E+001  3.181E-038
 5.950E+013  1.000E-008  6.236E+001  4.554E-086
 5.970E+013  1.000E-008  6.236E+001  9.288E-183
 5.990E+013  1.000E-008  6.236E+001  0.000E+000
 6.010E+013  1.000E-008  6.236E+001  0.000E+000
 6.030E+013  1.000E-008  6.236E+001  6.182E-013
 6.050E+013  1.000E-008  6.236E+001 -6.182E-013
 6.070E+013  1.000E-008  6.236E+001  6.182E-013
 6.090E+013  1.000E-008  6.236E+001 -6.182E-013
 6.110E+013  1.000E-008  6.236E+001  0.000E+000
 6.130E+013  1.000E-008  6.236E+001  0.000E+000
 6.150E+013  1.000E-008  6.236E+001  0.000E+000
 6.170E+013  1.000E-008  6.236E+001  6.182E-013
 6.190E+013  1.000E-008  6.236E+001 -6.182E-013
 6.210E+013  1.000E-008  6.236E+001  0.000E+000
 6.230E+013  1.000E-008  6.236E+001  0.000E+000
 6.250E+013  1.000E-008  6.236E+001  0.000E+000
 6.270E+013  1.000E-008  6.236E+001  0.000E+000
 6.290E+013  1.000E-008  6.236E+001  0.000E+000
 6.310E+013  1.000E-008  6.236E+001  0.000E+000
 6.330E+013  1.000E-008  6.236E+001  0.000E+000
 6.350E+013  1.000E-008  6.236E+001  6.182E-013
 6.370E+013  1.000E-008  6.236E+001 -6.182E-013
 6.390E+013  1.000E-008  6.236E+001  0.000E+000
 6.410E+013  1.000E-008  6.236E+001  0.000E+000
 6.430E+013  1.000E-008  6.236E+001  0.000E+000
 6.450E+013  1.000E-008  6.236E+001  0.000E+000
 6.470E+013  1.000E-008  6.236E+001  6.182E-013
 6.490E+013  1.000E-008  6.236E+001 -6.182E-013
 6.510E+013  1.000E-008  6.236E+001  0.000E+000
 6.530E+013  1.000E-008  6.236E+001  0.000E+000
 6.550E+013  1.000E-008  6.236E+001  0.000E+000
 6.570E+013  1.000E-008  6.236E+001  0.000E+000
 6.590E+013  1.000E-008  6.236E+001  6.182E-013
 6.610E+013  1.000E-008  6.236E+001 -6.182E-013
 6.630E+013  1.000E-008  6.236E+001  0.000E+000
 6.650E+013  1.000E-008  6.236E+001  0.000E+000
 6.670E+013  1.000E-008  6.236E+001  0.000E+000
 6.690E+013  1.000E-008  6.236E+001  6.182E-013
 6.710E+013  1.000E-008  6.236E+001 -6.182E-013
 6.730E+013  1.000E-008  6.236E+001  0.000E+000
 6.750E+013  1.000E-008  6.236E+001  0.000E+000
 6.770E+013  1.000E-008  6.236E+001  6.182E-013
 6.790E+013  1.000E-008  6.236E+001 -6.182E-013
 6.810E+013  1.000E-008  6.236E+001  6.182E-013
 6.830E+013  1.000E-008  6.236E+001 -3.252E-034
 6.850E+013  1.000E-008  6.236E+001 -6.182E-013
 6.870E+013  1.000E-008  6.236E+001  0.000E+000
 6.890E+013  1.000E-008  6.236E+001  0.000E+000
 6.910E+013  1.000E-008  6.236E+001  0.000E+000
 6.930E+013  1.000E-008  6.236E+001  6.182E-013
 6.950E+013  1.000E-008  6.236E+001 -6.182E-013
 6.970E+013  1.000E-008  6.236E+001  0.000E+000
 6.990E+013  1.000E-008  6.236E+001  0.000E+000
 7.010E+013  1.000E-008  6.236E+001  0.000E+000
 7.030E+013  1.000E-008  6.236E+001  0.000E+000
 7.050E+013  1.000E-008  6.236E+001  0.000E+000
 7.070E+013  1.000E-008  6.236E+001  0.000E+000
 7.090E+013  1.000E-008  6.236E+001  0.000E+000
 7.110E+013  1.000E-008  6.236E+001  0.000E+000
 7.130E+013  1.000E-008  6.236E+001  0.000E+000
 7.150E+013  1.000E-008  6.236E+001  0.000E+000
 7.170E+013  1.000E-008  6.236E+001  0.000E+000
 7.190E+013  1.000E-008  6.236E+001  6.182E-013
 7.210E+013  1.000E-008  6.236E+001 -6.182E-013
 7.230E+013  1.000E-008  6.236E+001  0.000E+000
 7.250E+013  1.000E-008  6.236E+001  0.000E+000
 7.270E+013  1.000E-008  6.236E+001  1.236E-012
 7.290E+013  1.000E-008  6.236E+001 -1.218E-033
 7.310E+013  1.000E-008  6.236E+001 -1.236E-012
 7.330E+013  1.000E-008  6.236E+001 -2.774E-031
 7.350E+013  1.000E-008  6.236E+001 -6.182E-013
 7.370E+013  1.000E-008  6.236E+001  6.182E-013
 7.390E+013  1.000E-008  6.236E+001  2.770E-031
 7.410E+013  1.000E-008  6.236E+001  1.907E-068
 7.430E+013  1.000E-008  6.236E+001  4.217E-143
 7.450E+013  1.000E-008  6.236E+001  9.960E-293
 7.470E+013  1.000E-008  6.236E+001  0.000E+000
 7.490E+013  1.000E-008  6.236E+001  0.000E+000
 7.510E+013  1.000E-008  6.236E+001  0.000E+000
 7.530E+013  1.000E-008  6.236E+001  0.000E+000
 7.550E+013  1.000E-008  6.236E+001  0.000E+000
 7.570E+013  1.000E-008  6.236E+001  0.000E+000
 7.590E+013  1.000E-008  6.236E+001  0.000E+000
 7.610E+013  1.000E-008  6.236E+001  0.000E+000
 7.630E+013  1.000E-008  6.236E+001  0.000E+000
 7.650E+013  1.000E-008  6.236E+001  0.000E+000
 7.670E+013  1.000E-008  6.236E+001  1.236E-012
 7.690E+013  1.000E-008  6.236E+001 -1.236E-012
 7.710E+013  1.000E-008  6.236E+001  1.855E-012
 7.730E+013  1.000E-008  6.236E+001 -1.855E-012
 7.750E+013  1.000E-008  6.236E+001  6.567E-032
 7.770E+013  1.000E-008  6.236E+001  1.236E-012
 7.790E+013  1.000E-008  6.236E+001 -3.709E-012
 7.810E+013  1.000E-008  6.236E+001  3.709E-012
 7.830E+013  1.000E-008  6.236E+001 -1.236E-012
 7.850E+013  1.000E-008  6.236E+001 -1.348E-068
 7.870E+013  1.000E-008  6.236E+001 -2.329E-031
 7.890E+013  1.000E-008  6.236E+001 -6.182E-013
 7.910E+013  1.000E-008  6.236E+001 -3.091E-012
 7.930E+013  1.000E-008  6.236E+001  1.855E-012
 7.950E+013  1.000E-008  6.236E+001  1.855E-012
 7.970E+013  1.000E-008  6.236E+001 -2.473E-012
 7.990E+013  1.000E-008  6.236E+001  2.473E-012
 8.010E+013  1.000E-008  6.236E+001  4.433E-030
 8.030E+013  1.000E-008  6.236E+001  4.883E-066
 8.050E+013  1.000E-008  6.236E+001  2.764E-138
 8.070E+013  1.000E-008  6.236E+001 -4.614E-276
 8.090E+013  1.000E-008  6.236E+001 -9.076E-135
 8.110E+013  1.000E-008  6.236E+001 -2.798E-064
 8.130E+013  1.000E-008  6.236E+001 -3.356E-029
 8.150E+013  1.000E-008  6.236E+001 -6.801E-012
 8.170E+013  1.000E-008  6.236E+001  8.655E-012
 8.190E+013  1.000E-008  6.236E+001 -1.855E-012
 8.210E+013  1.000E-008  6.236E+001  0.000E+000
 8.230E+013  1.000E-008  6.236E+001  0.000E+000
 8.250E+013  1.000E-008  6.236E+001  0.000E+000
 8.270E+013  1.000E-008  6.236E+001  0.000E+000
 8.290E+013  1.000E-008  6.236E+001  2.473E-012
 8.310E+013  1.000E-008  6.236E+001 -2.473E-012
 8.330E+013  1.000E-008  6.236E+001 -2.693E-031
 8.350E+013  1.000E-008  6.236E+001  3.709E-012
 8.370E+013  1.000E-008  6.236E+001 -3.091E-012
 8.390E+013  1.000E-008  6.236E+001 -2.773E-031
 8.410E+013  1.000E-008  6.236E+001 -6.182E-013
 8.430E+013  1.000E-008  6.236E+001  6.182E-013
 8.450E+013  1.000E-008  6.236E+001 -2.627E-034
 8.470E+013  1.000E-008  6.236E+001 -6.182E-013
 8.490E+013  1.000E-008  6.236E+001 -1.308E-034
 8.510E+013  1.000E-008  6.236E+001  6.182E-013
 8.530E+013  1.000E-008  6.236E+001 -2.603E-034
 8.550E+013  1.000E-008  6.236E+001 -6.182E-013
 8.570E+013  1.000E-008  6.236E+001 -1.295E-034
 8.590E+013  1.000E-008  6.236E+001  6.182E-013
 8.610E+013  1.000E-008  6.236E+001 -6.182E-013
 8.630E+013  1.000E-008  6.236E+001  0.000E+000
 8.650E+013  1.000E-008  6.236E+001  0.000E+000
 8.670E+013  1.000E-008  6.236E+001  0.000E+000
 8.690E+013  1.000E-008  6.236E+001  0.000E+000
 8.710E+013  1.000E-008  6.236E+001  0.000E+000
 8.730E+013  1.000E-008  6.236E+001  0.000E+000
 8.750E+013  1.000E-008  6.236E+001  6.182E-013
 8.770E+013  1.000E-008  6.236E+001 -6.182E-013
 8.790E+013  1.000E-008  6.236E+001 -1.263E-034
 8.810E+013  1.000E-008  6.236E+001  6.182E-013
 8.830E+013  1.000E-008  6.236E+001 -6.182E-013
 8.850E+013  1.000E-008  6.236E+001  6.182E-013
 8.870E+013  1.000E-008  6.236E+001  6.182E-013
 8.890E+013  1.000E-008  6.236E+001 -1.236E-012
 8.910E+013  1.000E-008  6.236E+001  0.000E+000
 8.930E+013  1.000E-008  6.236E+001  0.000E+000
 8.950E+013  1.000E-008  6.236E+001  0.000E+000
 8.970E+013  1.000E-008  6.236E+001  0.000E+000
 8.990E+013  1.000E-008  6.236E+001  0.000E+000
 9.010E+013  1.000E-008  6.236E+001  6.182E-013
 9.030E+013  1.000E-008  6.236E+001 -2.459E-034
 9.050E+013  1.000E-008  6.236E+001 -6.182E-013
 9.070E+013  1.000E-008  6.236E+001  6.182E-013
 9.090E+013  1.000E-008  6.236E+001 -2.442E-034
 9.110E+013  1.000E-008  6.236E+001 -6.182E-013
 9.130E+013  1.000E-008  6.236E+001  0.000E+000
 9.150E+013  1.000E-008  6.236E+001  0.000E+000
 9.170E+013  1.000E-008  6.236E+001  0.000E+000
 9.190E+013  1.000E-008  6.236E+001  0.000E+000
 9.210E+013  1.000E-008  6.236E+001  0.000E+000
 9.230E+013  1.000E-008  6.236E+001  6.182E-013
 9.250E+013  1.000E-008  6.236E+001 -2.400E-034
 9.270E+013  1.000E-008  6.236E+001 -6.182E-013
 9.290E+013  1.000E-008  6.236E+001  0.000E+000
 9.310E+013  1.000E-008  6.236E+001  0.000E+000
 9.330E+013  1.000E-008  6.236E+001  0.000E+000
 9.350E+013  1.000E-008  6.236E+001  0.000E+000
 9.370E+013  1.000E-008  6.236E+001  6.182E-013
 9.390E+013  1.000E-008  6.236E+001 -6.182E-013
 9.410E+013  1.000E-008  6.236E+001  6.182E-013
 9.430E+013  1.000E-008  6.236E+001 -6.182E-013
 9.450E+013  1.000E-008  6.236E+001  0.000E+000
 9.470E+013  1.000E-008  6.236E+001  0.000E+000
 9.490E+013  1.000E-008  6.236E+001  0.000E+000
 9.510E+013  1.000E-008  6.236E+001  0.000E+000
 9.530E+013  1.000E-008  6.236E+001  6.182E-013
 9.550E+013  1.000E-008  6.236E+001 -6.182E-013
 9.570E+013  1.000E-008  6.236E+001 -1.911E-068
 9.590E+013  1.000E-008  6.236E+001 -2.773E-031
 9.610E+013  1.000E-008  6.236E+001 -6.182E-013
 9.630E+013  1.000E-008  6.236E+001  6.182E-013
 9.650E+013  1.000E-008  6.236E+001  2.771E-031
 9.670E+013  1.000E-008  6.236E+001  6.182E-013
 9.690E+013  1.000E-008  6.236E+001 -6.182E-013
 9.710E+013  1.000E-008  6.236E+001  0.000E+000
 9.730E+013  1.000E-008  6.236E+001  0.000E+000
 9.750E+013  1.000E-008  6.236E+001  0.000E+000
 9.770E+013  1.000E-008  6.236E+001  0.000E+000
 9.790E+013  1.000E-008  6.236E+001  0.000E+000
 9.810E+013  1.000E-008  6.236E+001  0.000E+000
 9.830E+013  1.000E-008  6.236E+001  0.000E+000
 9.850E+013  1.000E-008  6.236E+001  0.000E+000
 9.870E+013  1.000E-008  6.236E+001  0.000E+000
 9.890E+013  1.000E-008  6.236E+001  0.000E+000
 9.910E+013  1.000E-008  6.236E+001  0.000E+000
 9.930E+013  1.000E-008  6.236E+001  0.000E+000
 9.950E+013  1.000E-008  6.236E+001  6.182E-013
 9.970E+013  1.000E-008  6.236E+001 -6.182E-013
 9.990E+013  1.000E-008  6.236E+001  0.000E+000
 1.001E+014  1.000E-099  1.000E-099  0.000E+000
 1.003E+014  1.000E-099  1.000E-099  0.000E+000
 5.518E-003
