 7.201E+004
     x1b        dens       energ       v1
 1.000E+011  6.375E-012  1.665E+008  0.000E+000
 3.000E+011  6.383E-012  1.665E+008  6.176E+005
 5.000E+011  6.411E-012  1.665E+008  1.358E+006
 7.000E+011  6.465E-012  1.665E+008  1.999E+006
 9.000E+011  6.549E-012  1.665E+008  2.682E+006
 1.100E+012  6.660E-012  1.665E+008  3.345E+006
 1.300E+012  6.791E-012  1.665E+008  4.017E+006
 1.500E+012  6.936E-012  1.665E+008  4.685E+006
 1.700E+012  7.088E-012  1.665E+008  5.355E+006
 1.900E+012  7.243E-012  1.665E+008  6.024E+006
 2.100E+012  7.398E-012  1.665E+008  6.694E+006
 2.300E+012  7.546E-012  1.665E+008  7.363E+006
 2.500E+012  7.677E-012  1.665E+008  8.032E+006
 2.700E+012  7.774E-012  1.665E+008  8.701E+006
 2.900E+012  7.821E-012  1.665E+008  9.371E+006
 3.100E+012  7.831E-012  1.665E+008  1.004E+007
 3.300E+012  7.832E-012  1.665E+008  1.071E+007
 3.500E+012  7.832E-012  1.665E+008  1.138E+007
 3.700E+012  7.830E-012  1.665E+008  1.205E+007
 3.900E+012  7.827E-012  1.665E+008  1.272E+007
 4.100E+012  7.820E-012  1.665E+008  1.339E+007
 4.300E+012  7.810E-012  1.665E+008  1.406E+007
 4.500E+012  7.799E-012  1.665E+008  1.473E+007
 4.700E+012  7.791E-012  1.665E+008  1.539E+007
 4.900E+012  7.789E-012  1.665E+008  1.606E+007
 5.100E+012  7.789E-012  1.665E+008  1.673E+007
 5.300E+012  7.790E-012  1.665E+008  1.740E+007
 5.500E+012  7.793E-012  1.665E+008  1.807E+007
 5.700E+012  7.799E-012  1.665E+008  1.874E+007
 5.900E+012  7.810E-012  1.665E+008  1.941E+007
 6.100E+012  7.828E-012  1.665E+008  2.008E+007
 6.300E+012  7.855E-012  1.665E+008  2.075E+007
 6.500E+012  7.894E-012  1.665E+008  2.142E+007
 6.700E+012  7.946E-012  1.665E+008  2.209E+007
 6.900E+012  8.015E-012  1.665E+008  2.276E+007
 7.100E+012  8.104E-012  1.665E+008  2.343E+007
 7.300E+012  8.215E-012  1.665E+008  2.410E+007
 7.500E+012  8.353E-012  1.665E+008  2.477E+007
 7.700E+012  8.522E-012  1.665E+008  2.544E+007
 7.900E+012  8.725E-012  1.665E+008  2.611E+007
 8.100E+012  8.968E-012  1.665E+008  2.678E+007
 8.300E+012  9.257E-012  1.665E+008  2.745E+007
 8.500E+012  9.598E-012  1.665E+008  2.812E+007
 8.700E+012  1.000E-011  1.665E+008  2.879E+007
 8.900E+012  1.047E-011  1.665E+008  2.946E+007
 9.100E+012  1.102E-011  1.665E+008  3.013E+007
 9.300E+012  1.166E-011  1.665E+008  3.080E+007
 9.500E+012  1.241E-011  1.666E+008  3.148E+007
 9.700E+012  1.328E-011  1.666E+008  3.215E+007
 9.900E+012  1.428E-011  1.666E+008  3.282E+007
 1.010E+013  1.545E-011  1.666E+008  3.350E+007
 1.030E+013  1.679E-011  1.666E+008  3.417E+007
 1.050E+013  1.834E-011  1.666E+008  3.485E+007
 1.070E+013  2.013E-011  1.666E+008  3.552E+007
 1.090E+013  2.217E-011  1.666E+008  3.619E+007
 1.110E+013  2.449E-011  1.666E+008  3.687E+007
 1.130E+013  2.713E-011  1.666E+008  3.754E+007
 1.150E+013  3.011E-011  1.666E+008  3.822E+007
 1.170E+013  3.344E-011  1.666E+008  3.889E+007
 1.190E+013  3.713E-011  1.666E+008  3.956E+007
 1.210E+013  4.121E-011  1.666E+008  4.023E+007
 1.230E+013  4.565E-011  1.666E+008  4.090E+007
 1.250E+013  5.044E-011  1.666E+008  4.157E+007
 1.270E+013  5.557E-011  1.666E+008  4.223E+007
 1.290E+013  6.100E-011  1.666E+008  4.290E+007
 1.310E+013  6.670E-011  1.666E+008  4.357E+007
 1.330E+013  7.264E-011  1.666E+008  4.423E+007
 1.350E+013  7.877E-011  1.666E+008  4.490E+007
 1.370E+013  8.506E-011  1.667E+008  4.557E+007
 1.390E+013  9.150E-011  1.667E+008  4.623E+007
 1.410E+013  9.807E-011  1.667E+008  4.690E+007
 1.430E+013  1.048E-010  1.667E+008  4.757E+007
 1.450E+013  1.116E-010  1.667E+008  4.824E+007
 1.470E+013  1.185E-010  1.667E+008  4.890E+007
 1.490E+013  1.256E-010  1.667E+008  4.957E+007
 1.510E+013  1.329E-010  1.668E+008  5.024E+007
 1.530E+013  1.403E-010  1.668E+008  5.091E+007
 1.550E+013  1.480E-010  1.668E+008  5.158E+007
 1.570E+013  1.560E-010  1.668E+008  5.226E+007
 1.590E+013  1.643E-010  1.669E+008  5.293E+007
 1.610E+013  1.729E-010  1.669E+008  5.360E+007
 1.630E+013  1.819E-010  1.669E+008  5.427E+007
 1.650E+013  1.914E-010  1.670E+008  5.494E+007
 1.670E+013  2.013E-010  1.670E+008  5.562E+007
 1.690E+013  2.117E-010  1.670E+008  5.629E+007
 1.710E+013  2.227E-010  1.671E+008  5.696E+007
 1.730E+013  2.343E-010  1.671E+008  5.764E+007
 1.750E+013  2.465E-010  1.671E+008  5.831E+007
 1.770E+013  2.595E-010  1.672E+008  5.899E+007
 1.790E+013  2.731E-010  1.672E+008  5.966E+007
 1.810E+013  2.874E-010  1.673E+008  6.034E+007
 1.830E+013  3.025E-010  1.674E+008  6.101E+007
 1.850E+013  3.183E-010  1.674E+008  6.169E+007
 1.870E+013  3.349E-010  1.675E+008  6.237E+007
 1.890E+013  3.522E-010  1.675E+008  6.304E+007
 1.910E+013  3.703E-010  1.676E+008  6.372E+007
 1.930E+013  3.891E-010  1.677E+008  6.440E+007
 1.950E+013  4.086E-010  1.678E+008  6.508E+007
 1.970E+013  4.289E-010  1.679E+008  6.576E+007
 1.990E+013  4.498E-010  1.680E+008  6.644E+007
 2.010E+013  4.715E-010  1.681E+008  6.712E+007
 2.030E+013  4.939E-010  1.682E+008  6.780E+007
 2.050E+013  5.170E-010  1.683E+008  6.848E+007
 2.070E+013  5.408E-010  1.684E+008  6.916E+007
 2.090E+013  5.653E-010  1.685E+008  6.985E+007
 2.110E+013  5.906E-010  1.686E+008  7.053E+007
 2.130E+013  6.168E-010  1.688E+008  7.122E+007
 2.150E+013  6.438E-010  1.689E+008  7.190E+007
 2.170E+013  6.718E-010  1.691E+008  7.259E+007
 2.190E+013  7.008E-010  1.692E+008  7.328E+007
 2.210E+013  7.309E-010  1.694E+008  7.397E+007
 2.230E+013  7.622E-010  1.696E+008  7.466E+007
 2.250E+013  7.947E-010  1.697E+008  7.536E+007
 2.270E+013  8.284E-010  1.699E+008  7.605E+007
 2.290E+013  8.636E-010  1.701E+008  7.675E+007
 2.310E+013  9.003E-010  1.704E+008  7.745E+007
 2.330E+013  9.385E-010  1.706E+008  7.815E+007
 2.350E+013  9.782E-010  1.708E+008  7.885E+007
 2.370E+013  1.020E-009  1.711E+008  7.955E+007
 2.390E+013  1.063E-009  1.713E+008  8.026E+007
 2.410E+013  1.108E-009  1.716E+008  8.096E+007
 2.430E+013  1.154E-009  1.719E+008  8.167E+007
 2.450E+013  1.203E-009  1.722E+008  8.238E+007
 2.470E+013  1.253E-009  1.725E+008  8.310E+007
 2.490E+013  1.305E-009  1.729E+008  8.381E+007
 2.510E+013  1.359E-009  1.732E+008  8.453E+007
 2.530E+013  1.415E-009  1.736E+008  8.526E+007
 2.550E+013  1.473E-009  1.740E+008  8.598E+007
 2.570E+013  1.534E-009  1.744E+008  8.671E+007
 2.590E+013  1.596E-009  1.749E+008  8.744E+007
 2.610E+013  1.660E-009  1.753E+008  8.817E+007
 2.630E+013  1.727E-009  1.758E+008  8.891E+007
 2.650E+013  1.796E-009  1.763E+008  8.965E+007
 2.670E+013  1.868E-009  1.768E+008  9.040E+007
 2.690E+013  1.942E-009  1.774E+008  9.115E+007
 2.710E+013  2.019E-009  1.780E+008  9.190E+007
 2.730E+013  2.098E-009  1.786E+008  9.266E+007
 2.750E+013  2.181E-009  1.792E+008  9.342E+007
 2.770E+013  2.266E-009  1.799E+008  9.419E+007
 2.790E+013  2.354E-009  1.806E+008  9.496E+007
 2.810E+013  2.446E-009  1.813E+008  9.574E+007
 2.830E+013  2.540E-009  1.821E+008  9.652E+007
 2.850E+013  2.638E-009  1.829E+008  9.731E+007
 2.870E+013  2.740E-009  1.837E+008  9.810E+007
 2.890E+013  2.845E-009  1.846E+008  9.890E+007
 2.910E+013  2.954E-009  1.856E+008  9.971E+007
 2.930E+013  3.067E-009  1.865E+008  1.005E+008
 2.950E+013  3.185E-009  1.876E+008  1.013E+008
 2.970E+013  3.306E-009  1.886E+008  1.022E+008
 2.990E+013  3.432E-009  1.898E+008  1.030E+008
 3.010E+013  3.562E-009  1.909E+008  1.038E+008
 3.030E+013  3.698E-009  1.922E+008  1.047E+008
 3.050E+013  3.839E-009  1.935E+008  1.056E+008
 3.070E+013  3.985E-009  1.948E+008  1.064E+008
 3.090E+013  4.138E-009  1.962E+008  1.073E+008
 3.110E+013  4.296E-009  1.977E+008  1.082E+008
 3.130E+013  4.461E-009  1.993E+008  1.091E+008
 3.150E+013  4.633E-009  2.009E+008  1.100E+008
 3.170E+013  4.812E-009  2.026E+008  1.109E+008
 3.190E+013  4.999E-009  2.044E+008  1.118E+008
 3.210E+013  5.195E-009  2.063E+008  1.128E+008
 3.230E+013  5.399E-009  2.083E+008  1.137E+008
 3.250E+013  5.612E-009  2.104E+008  1.147E+008
 3.270E+013  5.835E-009  2.126E+008  1.156E+008
 3.290E+013  6.068E-009  2.149E+008  1.166E+008
 3.310E+013  6.312E-009  2.173E+008  1.176E+008
 3.330E+013  6.568E-009  2.198E+008  1.186E+008
 3.350E+013  6.836E-009  2.225E+008  1.196E+008
 3.370E+013  7.116E-009  2.253E+008  1.207E+008
 3.390E+013  7.411E-009  2.283E+008  1.217E+008
 3.410E+013  7.719E-009  2.314E+008  1.228E+008
 3.430E+013  8.044E-009  2.346E+008  1.239E+008
 3.450E+013  8.384E-009  2.381E+008  1.250E+008
 3.470E+013  8.742E-009  2.417E+008  1.261E+008
 3.490E+013  9.118E-009  2.455E+008  1.272E+008
 3.510E+013  9.514E-009  2.495E+008  1.284E+008
 3.530E+013  9.932E-009  2.538E+008  1.295E+008
 3.550E+013  1.037E-008  2.583E+008  1.307E+008
 3.570E+013  1.083E-008  2.630E+008  1.319E+008
 3.590E+013  1.132E-008  2.680E+008  1.331E+008
 3.610E+013  1.184E-008  2.732E+008  1.343E+008
 3.630E+013  1.239E-008  2.788E+008  1.356E+008
 3.650E+013  1.297E-008  2.847E+008  1.369E+008
 3.670E+013  1.358E-008  2.909E+008  1.382E+008
 3.690E+013  1.423E-008  2.975E+008  1.395E+008
 3.710E+013  1.492E-008  3.044E+008  1.408E+008
 3.730E+013  1.565E-008  3.118E+008  1.421E+008
 3.750E+013  1.643E-008  3.196E+008  1.435E+008
 3.770E+013  1.726E-008  3.279E+008  1.449E+008
 3.790E+013  1.814E-008  3.367E+008  1.463E+008
 3.810E+013  1.908E-008  3.460E+008  1.477E+008
 3.830E+013  2.009E-008  3.559E+008  1.491E+008
 3.850E+013  2.116E-008  3.664E+008  1.506E+008
 3.870E+013  2.232E-008  3.776E+008  1.521E+008
 3.890E+013  2.355E-008  3.895E+008  1.536E+008
 3.910E+013  2.487E-008  4.021E+008  1.551E+008
 3.930E+013  2.629E-008  4.154E+008  1.566E+008
 3.950E+013  2.783E-008  4.301E+008  1.582E+008
 3.970E+013  2.949E-008  4.460E+008  1.598E+008
 3.990E+013  3.118E-008  4.605E+008  1.613E+008
 4.010E+013  3.306E-008  4.778E+008  1.625E+008
 4.030E+013  3.559E-008  5.090E+008  1.650E+008
 4.050E+013  3.718E-008  5.221E+008  1.681E+008
 4.070E+013  3.591E-008  4.605E+008  1.659E+008
 4.090E+013  2.692E-008  2.467E+008  1.491E+008
 4.110E+013  1.572E-008  5.056E+007  1.061E+008
 4.130E+013  1.110E-008  2.044E+006  4.506E+007
 4.150E+013  1.006E-008  1.439E+003  5.293E+006
 4.170E+013  1.000E-008  6.236E+001  3.291E+004
 4.190E+013  1.000E-008  6.236E+001  5.349E-001
 4.210E+013  1.000E-008  6.236E+001  3.223E-010
 4.230E+013  1.000E-008  6.236E+001 -2.558E-013
 4.250E+013  1.000E-008  6.236E+001  0.000E+000
 4.270E+013  1.000E-008  6.236E+001  0.000E+000
 4.290E+013  1.000E-008  6.236E+001  0.000E+000
 4.310E+013  1.000E-008  6.236E+001  0.000E+000
 4.330E+013  1.000E-008  6.236E+001  0.000E+000
 4.350E+013  1.000E-008  6.236E+001  0.000E+000
 4.370E+013  1.000E-008  6.236E+001  0.000E+000
 4.390E+013  1.000E-008  6.236E+001  0.000E+000
 4.410E+013  1.000E-008  6.236E+001  0.000E+000
 4.430E+013  1.000E-008  6.236E+001  0.000E+000
 4.450E+013  1.000E-008  6.236E+001  0.000E+000
 4.470E+013  1.000E-008  6.236E+001  2.558E-013
 4.490E+013  1.000E-008  6.236E+001 -3.507E-035
 4.510E+013  1.000E-008  6.236E+001 -2.558E-013
 4.530E+013  1.000E-008  6.236E+001 -1.322E-304
 4.550E+013  1.000E-008  6.236E+001 -7.560E-149
 4.570E+013  1.000E-008  6.236E+001 -3.972E-071
 4.590E+013  1.000E-008  6.236E+001 -1.966E-032
 4.610E+013  1.000E-008  6.236E+001 -2.558E-013
 4.630E+013  1.000E-008  6.236E+001  2.558E-013
 4.650E+013  1.000E-008  6.236E+001  2.558E-013
 4.670E+013  1.000E-008  6.236E+001 -2.558E-013
 4.690E+013  1.000E-008  6.236E+001  2.558E-013
 4.710E+013  1.000E-008  6.236E+001 -2.558E-013
 4.730E+013  1.000E-008  6.236E+001  0.000E+000
 4.750E+013  1.000E-008  6.236E+001  0.000E+000
 4.770E+013  1.000E-008  6.236E+001  0.000E+000
 4.790E+013  1.000E-008  6.236E+001  2.558E-013
 4.810E+013  1.000E-008  6.236E+001 -2.558E-013
 4.830E+013  1.000E-008  6.236E+001 -1.630E-035
 4.850E+013  1.000E-008  6.236E+001  2.558E-013
 4.870E+013  1.000E-008  6.236E+001 -2.558E-013
 4.890E+013  1.000E-008  6.236E+001  0.000E+000
 4.910E+013  1.000E-008  6.236E+001  0.000E+000
 4.930E+013  1.000E-008  6.236E+001  0.000E+000
 4.950E+013  1.000E-008  6.236E+001  0.000E+000
 4.970E+013  1.000E-008  6.236E+001  0.000E+000
 4.990E+013  1.000E-008  6.236E+001  5.116E-013
 5.010E+013  1.000E-008  6.236E+001 -7.675E-013
 5.030E+013  1.000E-008  6.236E+001  2.558E-013
 5.050E+013  1.000E-008  6.236E+001  1.963E-032
 5.070E+013  1.000E-008  6.236E+001  3.959E-071
 5.090E+013  1.000E-008  6.236E+001  7.510E-149
 5.110E+013  1.000E-008  6.236E+001  2.558E-013
 5.130E+013  1.000E-008  6.236E+001 -2.558E-013
 5.150E+013  1.000E-008  6.236E+001  0.000E+000
 5.170E+013  1.000E-008  6.236E+001  0.000E+000
 5.190E+013  1.000E-008  6.236E+001 -1.321E-304
 5.210E+013  1.000E-008  6.236E+001 -7.556E-149
 5.230E+013  1.000E-008  6.236E+001 -3.971E-071
 5.250E+013  1.000E-008  6.236E+001 -1.966E-032
 5.270E+013  1.000E-008  6.236E+001 -2.558E-013
 5.290E+013  1.000E-008  6.236E+001  2.558E-013
 5.310E+013  1.000E-008  6.236E+001  1.963E-032
 5.330E+013  1.000E-008  6.236E+001  3.959E-071
 5.350E+013  1.000E-008  6.236E+001  5.116E-013
 5.370E+013  1.000E-008  6.236E+001 -5.116E-013
 5.390E+013  1.000E-008  6.236E+001  2.590E-033
 5.410E+013  1.000E-008  6.236E+001  2.558E-013
 5.430E+013  1.000E-008  6.236E+001  2.558E-013
 5.450E+013  1.000E-008  6.236E+001  2.558E-013
 5.470E+013  1.000E-008  6.236E+001 -7.675E-013
 5.490E+013  1.000E-008  6.236E+001 -1.966E-032
 5.510E+013  1.000E-008  6.236E+001 -2.558E-013
 5.530E+013  1.000E-008  6.236E+001  5.116E-013
 5.550E+013  1.000E-008  6.236E+001 -1.023E-012
 5.570E+013  1.000E-008  6.236E+001  5.116E-013
 5.590E+013  1.000E-008  6.236E+001  2.558E-013
 5.610E+013  1.000E-008  6.236E+001 -2.558E-013
 5.630E+013  1.000E-008  6.236E+001  2.558E-013
 5.650E+013  1.000E-008  6.236E+001 -1.535E-012
 5.670E+013  1.000E-008  6.236E+001  1.535E-012
 5.690E+013  1.000E-008  6.236E+001  1.535E-012
 5.710E+013  1.000E-008  6.236E+001 -1.535E-012
 5.730E+013  1.000E-008  6.236E+001  1.791E-012
 5.750E+013  1.000E-008  6.236E+001 -3.837E-012
 5.770E+013  1.000E-008  6.236E+001 -2.558E-013
 5.790E+013  1.000E-008  6.236E+001  2.302E-012
 5.810E+013  1.000E-008  6.236E+001  1.227E-011
 5.830E+013  1.000E-008  6.236E+001 -1.227E-011
 5.850E+013  1.000E-008  6.236E+001  0.000E+000
 5.870E+013  1.000E-008  6.236E+001  0.000E+000
 5.890E+013  1.000E-008  6.236E+001  0.000E+000
 5.910E+013  1.000E-008  6.236E+001  0.000E+000
 5.930E+013  1.000E-008  6.236E+001  0.000E+000
 5.950E+013  1.000E-008  6.236E+001  0.000E+000
 5.970E+013  1.000E-008  6.236E+001  0.000E+000
 5.990E+013  1.000E-008  6.236E+001  0.000E+000
 6.010E+013  1.000E-008  6.236E+001  0.000E+000
 6.030E+013  1.000E-008  6.236E+001  2.558E-013
 6.050E+013  1.000E-008  6.236E+001 -2.558E-013
 6.070E+013  1.000E-008  6.236E+001  2.558E-013
 6.090E+013  1.000E-008  6.236E+001 -2.558E-013
 6.110E+013  1.000E-008  6.236E+001  0.000E+000
 6.130E+013  1.000E-008  6.236E+001  0.000E+000
 6.150E+013  1.000E-008  6.236E+001  0.000E+000
 6.170E+013  1.000E-008  6.236E+001  2.558E-013
 6.190E+013  1.000E-008  6.236E+001 -2.558E-013
 6.210E+013  1.000E-008  6.236E+001  0.000E+000
 6.230E+013  1.000E-008  6.236E+001  0.000E+000
 6.250E+013  1.000E-008  6.236E+001  0.000E+000
 6.270E+013  1.000E-008  6.236E+001  0.000E+000
 6.290E+013  1.000E-008  6.236E+001  0.000E+000
 6.310E+013  1.000E-008  6.236E+001  0.000E+000
 6.330E+013  1.000E-008  6.236E+001  0.000E+000
 6.350E+013  1.000E-008  6.236E+001  2.558E-013
 6.370E+013  1.000E-008  6.236E+001 -2.558E-013
 6.390E+013  1.000E-008  6.236E+001  0.000E+000
 6.410E+013  1.000E-008  6.236E+001  0.000E+000
 6.430E+013  1.000E-008  6.236E+001  0.000E+000
 6.450E+013  1.000E-008  6.236E+001  0.000E+000
 6.470E+013  1.000E-008  6.236E+001  2.558E-013
 6.490E+013  1.000E-008  6.236E+001 -2.558E-013
 6.510E+013  1.000E-008  6.236E+001  0.000E+000
 6.530E+013  1.000E-008  6.236E+001  0.000E+000
 6.550E+013  1.000E-008  6.236E+001  0.000E+000
 6.570E+013  1.000E-008  6.236E+001  0.000E+000
 6.590E+013  1.000E-008  6.236E+001  2.558E-013
 6.610E+013  1.000E-008  6.236E+001 -2.558E-013
 6.630E+013  1.000E-008  6.236E+001  0.000E+000
 6.650E+013  1.000E-008  6.236E+001  0.000E+000
 6.670E+013  1.000E-008  6.236E+001  0.000E+000
 6.690E+013  1.000E-008  6.236E+001  2.558E-013
 6.710E+013  1.000E-008  6.236E+001 -2.558E-013
 6.730E+013  1.000E-008  6.236E+001  0.000E+000
 6.750E+013  1.000E-008  6.236E+001  0.000E+000
 6.770E+013  1.000E-008  6.236E+001  2.558E-013
 6.790E+013  1.000E-008  6.236E+001 -2.558E-013
 6.810E+013  1.000E-008  6.236E+001  2.558E-013
 6.830E+013  1.000E-008  6.236E+001 -2.304E-035
 6.850E+013  1.000E-008  6.236E+001 -2.558E-013
 6.870E+013  1.000E-008  6.236E+001  0.000E+000
 6.890E+013  1.000E-008  6.236E+001  0.000E+000
 6.910E+013  1.000E-008  6.236E+001  0.000E+000
 6.930E+013  1.000E-008  6.236E+001  2.558E-013
 6.950E+013  1.000E-008  6.236E+001 -2.558E-013
 6.970E+013  1.000E-008  6.236E+001  0.000E+000
 6.990E+013  1.000E-008  6.236E+001  0.000E+000
 7.010E+013  1.000E-008  6.236E+001  0.000E+000
 7.030E+013  1.000E-008  6.236E+001  0.000E+000
 7.050E+013  1.000E-008  6.236E+001  0.000E+000
 7.070E+013  1.000E-008  6.236E+001  0.000E+000
 7.090E+013  1.000E-008  6.236E+001  0.000E+000
 7.110E+013  1.000E-008  6.236E+001  0.000E+000
 7.130E+013  1.000E-008  6.236E+001  0.000E+000
 7.150E+013  1.000E-008  6.236E+001  0.000E+000
 7.170E+013  1.000E-008  6.236E+001  0.000E+000
 7.190E+013  1.000E-008  6.236E+001  2.558E-013
 7.210E+013  1.000E-008  6.236E+001 -2.558E-013
 7.230E+013  1.000E-008  6.236E+001  0.000E+000
 7.250E+013  1.000E-008  6.236E+001  0.000E+000
 7.270E+013  1.000E-008  6.236E+001  5.116E-013
 7.290E+013  1.000E-008  6.236E+001 -8.634E-035
 7.310E+013  1.000E-008  6.236E+001 -5.116E-013
 7.330E+013  1.000E-008  6.236E+001 -1.965E-032
 7.350E+013  1.000E-008  6.236E+001 -2.558E-013
 7.370E+013  1.000E-008  6.236E+001  2.558E-013
 7.390E+013  1.000E-008  6.236E+001  1.963E-032
 7.410E+013  1.000E-008  6.236E+001  3.961E-071
 7.430E+013  1.000E-008  6.236E+001  7.517E-149
 7.450E+013  1.000E-008  6.236E+001  1.307E-304
 7.470E+013  1.000E-008  6.236E+001  0.000E+000
 7.490E+013  1.000E-008  6.236E+001  0.000E+000
 7.510E+013  1.000E-008  6.236E+001  0.000E+000
 7.530E+013  1.000E-008  6.236E+001  0.000E+000
 7.550E+013  1.000E-008  6.236E+001  0.000E+000
 7.570E+013  1.000E-008  6.236E+001  0.000E+000
 7.590E+013  1.000E-008  6.236E+001  0.000E+000
 7.610E+013  1.000E-008  6.236E+001  0.000E+000
 7.630E+013  1.000E-008  6.236E+001  0.000E+000
 7.650E+013  1.000E-008  6.236E+001  0.000E+000
 7.670E+013  1.000E-008  6.236E+001  5.116E-013
 7.690E+013  1.000E-008  6.236E+001 -5.116E-013
 7.710E+013  1.000E-008  6.236E+001  7.675E-013
 7.730E+013  1.000E-008  6.236E+001 -7.675E-013
 7.750E+013  1.000E-008  6.236E+001  4.653E-033
 7.770E+013  1.000E-008  6.236E+001  5.116E-013
 7.790E+013  1.000E-008  6.236E+001 -1.535E-012
 7.810E+013  1.000E-008  6.236E+001  1.535E-012
 7.830E+013  1.000E-008  6.236E+001 -5.116E-013
 7.850E+013  1.000E-008  6.236E+001 -2.799E-071
 7.870E+013  1.000E-008  6.236E+001 -1.650E-032
 7.890E+013  1.000E-008  6.236E+001 -2.558E-013
 7.910E+013  1.000E-008  6.236E+001 -1.279E-012
 7.930E+013  1.000E-008  6.236E+001  7.674E-013
 7.950E+013  1.000E-008  6.236E+001  7.675E-013
 7.970E+013  1.000E-008  6.236E+001 -1.023E-012
 7.990E+013  1.000E-008  6.236E+001  1.023E-012
 8.010E+013  1.000E-008  6.236E+001  3.141E-031
 8.030E+013  1.000E-008  6.236E+001  1.014E-068
 8.050E+013  1.000E-008  6.236E+001  4.927E-144
 8.070E+013  1.000E-008  6.236E+001 -6.054E-288
 8.090E+013  1.000E-008  6.236E+001 -1.618E-140
 8.110E+013  1.000E-008  6.236E+001 -5.811E-067
 8.130E+013  1.000E-008  6.236E+001 -2.378E-030
 8.150E+013  1.000E-008  6.236E+001 -2.814E-012
 8.170E+013  1.000E-008  6.236E+001  3.581E-012
 8.190E+013  1.000E-008  6.236E+001 -7.675E-013
 8.210E+013  1.000E-008  6.236E+001  0.000E+000
 8.230E+013  1.000E-008  6.236E+001  0.000E+000
 8.250E+013  1.000E-008  6.236E+001  0.000E+000
 8.270E+013  1.000E-008  6.236E+001  0.000E+000
 8.290E+013  1.000E-008  6.236E+001  1.023E-012
 8.310E+013  1.000E-008  6.236E+001 -1.023E-012
 8.330E+013  1.000E-008  6.236E+001 -1.908E-032
 8.350E+013  1.000E-008  6.236E+001  1.535E-012
 8.370E+013  1.000E-008  6.236E+001 -1.279E-012
 8.390E+013  1.000E-008  6.236E+001 -1.965E-032
 8.410E+013  1.000E-008  6.236E+001 -2.558E-013
 8.430E+013  1.000E-008  6.236E+001  2.558E-013
 8.450E+013  1.000E-008  6.236E+001 -1.862E-035
 8.470E+013  1.000E-008  6.236E+001 -2.558E-013
 8.490E+013  1.000E-008  6.236E+001 -9.265E-036
 8.510E+013  1.000E-008  6.236E+001  2.558E-013
 8.530E+013  1.000E-008  6.236E+001 -1.844E-035
 8.550E+013  1.000E-008  6.236E+001 -2.558E-013
 8.570E+013  1.000E-008  6.236E+001 -9.178E-036
 8.590E+013  1.000E-008  6.236E+001  2.558E-013
 8.610E+013  1.000E-008  6.236E+001 -2.558E-013
 8.630E+013  1.000E-008  6.236E+001  0.000E+000
 8.650E+013  1.000E-008  6.236E+001  0.000E+000
 8.670E+013  1.000E-008  6.236E+001  0.000E+000
 8.690E+013  1.000E-008  6.236E+001  0.000E+000
 8.710E+013  1.000E-008  6.236E+001  0.000E+000
 8.730E+013  1.000E-008  6.236E+001  0.000E+000
 8.750E+013  1.000E-008  6.236E+001  2.558E-013
 8.770E+013  1.000E-008  6.236E+001 -2.558E-013
 8.790E+013  1.000E-008  6.236E+001 -8.948E-036
 8.810E+013  1.000E-008  6.236E+001  2.558E-013
 8.830E+013  1.000E-008  6.236E+001 -2.558E-013
 8.850E+013  1.000E-008  6.236E+001  2.558E-013
 8.870E+013  1.000E-008  6.236E+001  2.558E-013
 8.890E+013  1.000E-008  6.236E+001 -5.116E-013
 8.910E+013  1.000E-008  6.236E+001  0.000E+000
 8.930E+013  1.000E-008  6.236E+001  0.000E+000
 8.950E+013  1.000E-008  6.236E+001  0.000E+000
 8.970E+013  1.000E-008  6.236E+001  0.000E+000
 8.990E+013  1.000E-008  6.236E+001  0.000E+000
 9.010E+013  1.000E-008  6.236E+001  2.558E-013
 9.030E+013  1.000E-008  6.236E+001 -1.742E-035
 9.050E+013  1.000E-008  6.236E+001 -2.558E-013
 9.070E+013  1.000E-008  6.236E+001  2.558E-013
 9.090E+013  1.000E-008  6.236E+001 -1.731E-035
 9.110E+013  1.000E-008  6.236E+001 -2.558E-013
 9.130E+013  1.000E-008  6.236E+001  0.000E+000
 9.150E+013  1.000E-008  6.236E+001  0.000E+000
 9.170E+013  1.000E-008  6.236E+001  0.000E+000
 9.190E+013  1.000E-008  6.236E+001  0.000E+000
 9.210E+013  1.000E-008  6.236E+001  0.000E+000
 9.230E+013  1.000E-008  6.236E+001  2.558E-013
 9.250E+013  1.000E-008  6.236E+001 -1.701E-035
 9.270E+013  1.000E-008  6.236E+001 -2.558E-013
 9.290E+013  1.000E-008  6.236E+001  0.000E+000
 9.310E+013  1.000E-008  6.236E+001  0.000E+000
 9.330E+013  1.000E-008  6.236E+001  0.000E+000
 9.350E+013  1.000E-008  6.236E+001  0.000E+000
 9.370E+013  1.000E-008  6.236E+001  2.558E-013
 9.390E+013  1.000E-008  6.236E+001 -2.558E-013
 9.410E+013  1.000E-008  6.236E+001  2.558E-013
 9.430E+013  1.000E-008  6.236E+001 -2.558E-013
 9.450E+013  1.000E-008  6.236E+001  0.000E+000
 9.470E+013  1.000E-008  6.236E+001  0.000E+000
 9.490E+013  1.000E-008  6.236E+001  0.000E+000
 9.510E+013  1.000E-008  6.236E+001  0.000E+000
 9.530E+013  1.000E-008  6.236E+001  2.558E-013
 9.550E+013  1.000E-008  6.236E+001 -2.558E-013
 9.570E+013  1.000E-008  6.236E+001 -3.969E-071
 9.590E+013  1.000E-008  6.236E+001 -1.965E-032
 9.610E+013  1.000E-008  6.236E+001 -2.558E-013
 9.630E+013  1.000E-008  6.236E+001  2.558E-013
 9.650E+013  1.000E-008  6.236E+001  1.963E-032
 9.670E+013  1.000E-008  6.236E+001  2.558E-013
 9.690E+013  1.000E-008  6.236E+001 -2.558E-013
 9.710E+013  1.000E-008  6.236E+001  0.000E+000
 9.730E+013  1.000E-008  6.236E+001  0.000E+000
 9.750E+013  1.000E-008  6.236E+001  0.000E+000
 9.770E+013  1.000E-008  6.236E+001  0.000E+000
 9.790E+013  1.000E-008  6.236E+001  0.000E+000
 9.810E+013  1.000E-008  6.236E+001  0.000E+000
 9.830E+013  1.000E-008  6.236E+001  0.000E+000
 9.850E+013  1.000E-008  6.236E+001  0.000E+000
 9.870E+013  1.000E-008  6.236E+001  0.000E+000
 9.890E+013  1.000E-008  6.236E+001  0.000E+000
 9.910E+013  1.000E-008  6.236E+001  0.000E+000
 9.930E+013  1.000E-008  6.236E+001  0.000E+000
 9.950E+013  1.000E-008  6.236E+001  2.558E-013
 9.970E+013  1.000E-008  6.236E+001 -2.558E-013
 9.990E+013  1.000E-008  6.236E+001  0.000E+000
 1.001E+014  1.000E-099  1.000E-099  0.000E+000
 1.003E+014  1.000E-099  1.000E-099  0.000E+000
 2.283E-003
