 2.400E+004
     x1b        dens       energ       v1
 1.000E+011  1.408E-011  6.236E+008  0.000E+000
 3.000E+011  1.412E-011  6.235E+008  8.550E+005
 5.000E+011  1.425E-011  6.235E+008  4.443E+006
 7.000E+011  1.448E-011  6.235E+008  5.810E+006
 9.000E+011  1.482E-011  6.235E+008  8.098E+006
 1.100E+012  1.522E-011  6.235E+008  9.971E+006
 1.300E+012  1.565E-011  6.235E+008  1.203E+007
 1.500E+012  1.610E-011  6.235E+008  1.401E+007
 1.700E+012  1.653E-011  6.235E+008  1.602E+007
 1.900E+012  1.692E-011  6.236E+008  1.802E+007
 2.100E+012  1.718E-011  6.236E+008  2.002E+007
 2.300E+012  1.728E-011  6.236E+008  2.202E+007
 2.500E+012  1.730E-011  6.236E+008  2.403E+007
 2.700E+012  1.730E-011  6.236E+008  2.603E+007
 2.900E+012  1.729E-011  6.236E+008  2.803E+007
 3.100E+012  1.728E-011  6.236E+008  3.003E+007
 3.300E+012  1.725E-011  6.236E+008  3.203E+007
 3.500E+012  1.721E-011  6.236E+008  3.404E+007
 3.700E+012  1.720E-011  6.236E+008  3.604E+007
 3.900E+012  1.720E-011  6.236E+008  3.804E+007
 4.100E+012  1.720E-011  6.236E+008  4.004E+007
 4.300E+012  1.721E-011  6.236E+008  4.205E+007
 4.500E+012  1.724E-011  6.236E+008  4.405E+007
 4.700E+012  1.729E-011  6.236E+008  4.605E+007
 4.900E+012  1.737E-011  6.236E+008  4.805E+007
 5.100E+012  1.751E-011  6.236E+008  5.006E+007
 5.300E+012  1.770E-011  6.237E+008  5.206E+007
 5.500E+012  1.796E-011  6.237E+008  5.406E+007
 5.700E+012  1.832E-011  6.237E+008  5.607E+007
 5.900E+012  1.878E-011  6.237E+008  5.807E+007
 6.100E+012  1.938E-011  6.237E+008  6.007E+007
 6.300E+012  2.012E-011  6.237E+008  6.208E+007
 6.500E+012  2.106E-011  6.237E+008  6.409E+007
 6.700E+012  2.221E-011  6.237E+008  6.610E+007
 6.900E+012  2.364E-011  6.237E+008  6.811E+007
 7.100E+012  2.538E-011  6.238E+008  7.013E+007
 7.300E+012  2.750E-011  6.238E+008  7.215E+007
 7.500E+012  3.008E-011  6.238E+008  7.417E+007
 7.700E+012  3.322E-011  6.238E+008  7.619E+007
 7.900E+012  3.700E-011  6.238E+008  7.822E+007
 8.100E+012  4.156E-011  6.239E+008  8.025E+007
 8.300E+012  4.701E-011  6.239E+008  8.228E+007
 8.500E+012  5.350E-011  6.240E+008  8.431E+007
 8.700E+012  6.114E-011  6.240E+008  8.633E+007
 8.900E+012  7.006E-011  6.241E+008  8.835E+007
 9.100E+012  8.033E-011  6.241E+008  9.037E+007
 9.300E+012  9.198E-011  6.242E+008  9.238E+007
 9.500E+012  1.050E-010  6.243E+008  9.438E+007
 9.700E+012  1.193E-010  6.244E+008  9.638E+007
 9.900E+012  1.348E-010  6.245E+008  9.837E+007
 1.010E+013  1.512E-010  6.246E+008  1.004E+008
 1.030E+013  1.685E-010  6.248E+008  1.023E+008
 1.050E+013  1.865E-010  6.250E+008  1.043E+008
 1.070E+013  2.050E-010  6.252E+008  1.063E+008
 1.090E+013  2.240E-010  6.254E+008  1.083E+008
 1.110E+013  2.435E-010  6.256E+008  1.103E+008
 1.130E+013  2.636E-010  6.259E+008  1.123E+008
 1.150E+013  2.842E-010  6.262E+008  1.143E+008
 1.170E+013  3.055E-010  6.265E+008  1.164E+008
 1.190E+013  3.277E-010  6.269E+008  1.184E+008
 1.210E+013  3.509E-010  6.273E+008  1.204E+008
 1.230E+013  3.754E-010  6.277E+008  1.224E+008
 1.250E+013  4.013E-010  6.282E+008  1.244E+008
 1.270E+013  4.289E-010  6.287E+008  1.265E+008
 1.290E+013  4.584E-010  6.292E+008  1.285E+008
 1.310E+013  4.899E-010  6.298E+008  1.306E+008
 1.330E+013  5.238E-010  6.305E+008  1.326E+008
 1.350E+013  5.602E-010  6.312E+008  1.347E+008
 1.370E+013  5.992E-010  6.319E+008  1.367E+008
 1.390E+013  6.411E-010  6.327E+008  1.388E+008
 1.410E+013  6.858E-010  6.336E+008  1.408E+008
 1.430E+013  7.335E-010  6.346E+008  1.429E+008
 1.450E+013  7.842E-010  6.357E+008  1.450E+008
 1.470E+013  8.379E-010  6.368E+008  1.471E+008
 1.490E+013  8.946E-010  6.380E+008  1.492E+008
 1.510E+013  9.542E-010  6.394E+008  1.513E+008
 1.530E+013  1.017E-009  6.408E+008  1.534E+008
 1.550E+013  1.082E-009  6.424E+008  1.555E+008
 1.570E+013  1.151E-009  6.441E+008  1.576E+008
 1.590E+013  1.222E-009  6.459E+008  1.597E+008
 1.610E+013  1.297E-009  6.479E+008  1.619E+008
 1.630E+013  1.375E-009  6.500E+008  1.640E+008
 1.650E+013  1.457E-009  6.523E+008  1.662E+008
 1.670E+013  1.544E-009  6.547E+008  1.684E+008
 1.690E+013  1.635E-009  6.573E+008  1.706E+008
 1.710E+013  1.732E-009  6.601E+008  1.728E+008
 1.730E+013  1.834E-009  6.631E+008  1.750E+008
 1.750E+013  1.942E-009  6.664E+008  1.773E+008
 1.770E+013  2.057E-009  6.698E+008  1.795E+008
 1.790E+013  2.179E-009  6.736E+008  1.818E+008
 1.810E+013  2.309E-009  6.776E+008  1.841E+008
 1.830E+013  2.446E-009  6.819E+008  1.865E+008
 1.850E+013  2.593E-009  6.865E+008  1.888E+008
 1.870E+013  2.749E-009  6.914E+008  1.912E+008
 1.890E+013  2.914E-009  6.968E+008  1.936E+008
 1.910E+013  3.089E-009  7.025E+008  1.961E+008
 1.930E+013  3.274E-009  7.087E+008  1.985E+008
 1.950E+013  3.471E-009  7.153E+008  2.010E+008
 1.970E+013  3.680E-009  7.224E+008  2.036E+008
 1.990E+013  3.901E-009  7.300E+008  2.061E+008
 2.010E+013  4.136E-009  7.382E+008  2.087E+008
 2.030E+013  4.386E-009  7.471E+008  2.114E+008
 2.050E+013  4.652E-009  7.566E+008  2.141E+008
 2.070E+013  4.934E-009  7.668E+008  2.168E+008
 2.090E+013  5.236E-009  7.778E+008  2.196E+008
 2.110E+013  5.558E-009  7.897E+008  2.224E+008
 2.130E+013  5.901E-009  8.024E+008  2.253E+008
 2.150E+013  6.269E-009  8.162E+008  2.283E+008
 2.170E+013  6.662E-009  8.310E+008  2.313E+008
 2.190E+013  7.084E-009  8.471E+008  2.343E+008
 2.210E+013  7.536E-009  8.644E+008  2.375E+008
 2.230E+013  8.021E-009  8.831E+008  2.407E+008
 2.250E+013  8.544E-009  9.034E+008  2.439E+008
 2.270E+013  9.108E-009  9.254E+008  2.473E+008
 2.290E+013  9.717E-009  9.491E+008  2.507E+008
 2.310E+013  1.038E-008  9.750E+008  2.542E+008
 2.330E+013  1.109E-008  1.003E+009  2.578E+008
 2.350E+013  1.187E-008  1.033E+009  2.615E+008
 2.370E+013  1.272E-008  1.067E+009  2.653E+008
 2.390E+013  1.366E-008  1.103E+009  2.691E+008
 2.410E+013  1.468E-008  1.142E+009  2.731E+008
 2.430E+013  1.580E-008  1.185E+009  2.771E+008
 2.450E+013  1.703E-008  1.232E+009  2.812E+008
 2.470E+013  1.840E-008  1.284E+009  2.854E+008
 2.490E+013  1.991E-008  1.339E+009  2.897E+008
 2.510E+013  2.158E-008  1.401E+009  2.940E+008
 2.530E+013  2.346E-008  1.471E+009  2.985E+008
 2.550E+013  2.554E-008  1.546E+009  3.034E+008
 2.570E+013  2.771E-008  1.616E+009  3.073E+008
 2.590E+013  3.044E-008  1.726E+009  3.112E+008
 2.610E+013  3.396E-008  1.895E+009  3.207E+008
 2.630E+013  3.516E-008  1.868E+009  3.260E+008
 2.650E+013  3.167E-008  1.384E+009  3.118E+008
 2.670E+013  2.051E-008  4.832E+008  2.548E+008
 2.690E+013  1.270E-008  5.103E+007  1.473E+008
 2.710E+013  1.033E-008  4.011E+005  3.782E+007
 2.730E+013  1.001E-008  6.798E+001  1.284E+006
 2.750E+013  1.000E-008  6.236E+001  5.988E+002
 2.770E+013  1.000E-008  6.236E+001  5.048E-005
 2.790E+013  1.000E-008  6.236E+001  3.014E-015
 2.810E+013  1.000E-008  6.236E+001  1.538E-039
 2.830E+013  1.000E-008  6.236E+001  4.263E-013
 2.850E+013  1.000E-008  6.236E+001 -8.527E-014
 2.870E+013  1.000E-008  6.236E+001 -3.411E-013
 2.890E+013  1.000E-008  6.236E+001 -1.140E-033
 2.910E+013  1.000E-008  6.236E+001  5.969E-013
 2.930E+013  1.000E-008  6.236E+001 -5.969E-013
 2.950E+013  1.000E-008  6.236E+001  0.000E+000
 2.970E+013  1.000E-008  6.236E+001  0.000E+000
 2.990E+013  1.000E-008  6.236E+001  0.000E+000
 3.010E+013  1.000E-008  6.236E+001  8.527E-014
 3.030E+013  1.000E-008  6.236E+001 -8.527E-014
 3.050E+013  1.000E-008  6.236E+001  8.527E-014
 3.070E+013  1.000E-008  6.236E+001 -8.527E-014
 3.090E+013  1.000E-008  6.236E+001  8.527E-014
 3.110E+013  1.000E-008  6.236E+001  8.527E-014
 3.130E+013  1.000E-008  6.236E+001 -1.705E-013
 3.150E+013  1.000E-008  6.236E+001  0.000E+000
 3.170E+013  1.000E-008  6.236E+001  0.000E+000
 3.190E+013  1.000E-008  6.236E+001  0.000E+000
 3.210E+013  1.000E-008  6.236E+001  0.000E+000
 3.230E+013  1.000E-008  6.236E+001  0.000E+000
 3.250E+013  1.000E-008  6.236E+001  0.000E+000
 3.270E+013  1.000E-008  6.236E+001  0.000E+000
 3.290E+013  1.000E-008  6.236E+001 -5.257E-156
 3.310E+013  1.000E-008  6.236E+001 -1.817E-074
 3.330E+013  1.000E-008  6.236E+001 -7.285E-034
 3.350E+013  1.000E-008  6.236E+001 -8.527E-014
 3.370E+013  1.000E-008  6.236E+001  8.527E-014
 3.390E+013  1.000E-008  6.236E+001  7.268E-034
 3.410E+013  1.000E-008  6.236E+001  1.808E-074
 3.430E+013  1.000E-008  6.236E+001  5.207E-156
 3.450E+013  1.000E-008  6.236E+001  1.705E-013
 3.470E+013  1.000E-008  6.236E+001 -1.705E-013
 3.490E+013  1.000E-008  6.236E+001  0.000E+000
 3.510E+013  1.000E-008  6.236E+001  0.000E+000
 3.530E+013  1.000E-008  6.236E+001  0.000E+000
 3.550E+013  1.000E-008  6.236E+001  0.000E+000
 3.570E+013  1.000E-008  6.236E+001  1.705E-013
 3.590E+013  1.000E-008  6.236E+001 -8.527E-014
 3.610E+013  1.000E-008  6.236E+001 -7.285E-034
 3.630E+013  1.000E-008  6.236E+001 -8.527E-014
 3.650E+013  1.000E-008  6.236E+001 -8.527E-014
 3.670E+013  1.000E-008  6.236E+001  8.527E-014
 3.690E+013  1.000E-008  6.236E+001  8.527E-014
 3.710E+013  1.000E-008  6.236E+001 -8.527E-014
 3.730E+013  1.000E-008  6.236E+001 -7.824E-037
 3.750E+013  1.000E-008  6.236E+001  8.527E-014
 3.770E+013  1.000E-008  6.236E+001 -8.527E-014
 3.790E+013  1.000E-008  6.236E+001  0.000E+000
 3.810E+013  1.000E-008  6.236E+001  0.000E+000
 3.830E+013  1.000E-008  6.236E+001  8.527E-014
 3.850E+013  1.000E-008  6.236E+001 -8.527E-014
 3.870E+013  1.000E-008  6.236E+001 -7.284E-034
 3.890E+013  1.000E-008  6.236E+001 -8.527E-014
 3.910E+013  1.000E-008  6.236E+001 -2.205E-034
 3.930E+013  1.000E-008  6.236E+001  2.558E-013
 3.950E+013  1.000E-008  6.236E+001 -8.527E-014
 3.970E+013  1.000E-008  6.236E+001  2.558E-013
 3.990E+013  1.000E-008  6.236E+001 -3.411E-013
 4.010E+013  1.000E-008  6.236E+001  0.000E+000
 4.030E+013  1.000E-008  6.236E+001  0.000E+000
 4.050E+013  1.000E-008  6.236E+001  0.000E+000
 4.070E+013  1.000E-008  6.236E+001  0.000E+000
 4.090E+013  1.000E-008  6.236E+001  3.153E-012
 4.110E+013  1.000E-008  6.236E+001 -3.153E-012
 4.130E+013  1.000E-008  6.236E+001  2.216E-012
 4.150E+013  1.000E-008  6.236E+001 -2.216E-012
 4.170E+013  1.000E-008  6.236E+001  7.674E-013
 4.190E+013  1.000E-008  6.236E+001 -6.821E-013
 4.210E+013  1.000E-008  6.236E+001 -7.284E-034
 4.230E+013  1.000E-008  6.236E+001 -8.527E-014
 4.250E+013  1.000E-008  6.236E+001  0.000E+000
 4.270E+013  1.000E-008  6.236E+001  0.000E+000
 4.290E+013  1.000E-008  6.236E+001  0.000E+000
 4.310E+013  1.000E-008  6.236E+001  0.000E+000
 4.330E+013  1.000E-008  6.236E+001  0.000E+000
 4.350E+013  1.000E-008  6.236E+001  0.000E+000
 4.370E+013  1.000E-008  6.236E+001  0.000E+000
 4.390E+013  1.000E-008  6.236E+001  0.000E+000
 4.410E+013  1.000E-008  6.236E+001  0.000E+000
 4.430E+013  1.000E-008  6.236E+001  0.000E+000
 4.450E+013  1.000E-008  6.236E+001  0.000E+000
 4.470E+013  1.000E-008  6.236E+001  8.527E-014
 4.490E+013  1.000E-008  6.236E+001 -1.299E-036
 4.510E+013  1.000E-008  6.236E+001 -8.527E-014
 4.530E+013  1.000E-008  6.236E+001  0.000E+000
 4.550E+013  1.000E-008  6.236E+001 -5.250E-156
 4.570E+013  1.000E-008  6.236E+001 -1.815E-074
 4.590E+013  1.000E-008  6.236E+001 -7.283E-034
 4.610E+013  1.000E-008  6.236E+001 -8.527E-014
 4.630E+013  1.000E-008  6.236E+001  8.527E-014
 4.650E+013  1.000E-008  6.236E+001  8.527E-014
 4.670E+013  1.000E-008  6.236E+001 -8.527E-014
 4.690E+013  1.000E-008  6.236E+001  8.527E-014
 4.710E+013  1.000E-008  6.236E+001 -8.527E-014
 4.730E+013  1.000E-008  6.236E+001  0.000E+000
 4.750E+013  1.000E-008  6.236E+001  0.000E+000
 4.770E+013  1.000E-008  6.236E+001  0.000E+000
 4.790E+013  1.000E-008  6.236E+001  8.527E-014
 4.810E+013  1.000E-008  6.236E+001 -8.527E-014
 4.830E+013  1.000E-008  6.236E+001 -6.039E-037
 4.850E+013  1.000E-008  6.236E+001  8.527E-014
 4.870E+013  1.000E-008  6.236E+001 -8.527E-014
 4.890E+013  1.000E-008  6.236E+001  0.000E+000
 4.910E+013  1.000E-008  6.236E+001  0.000E+000
 4.930E+013  1.000E-008  6.236E+001  0.000E+000
 4.950E+013  1.000E-008  6.236E+001  0.000E+000
 4.970E+013  1.000E-008  6.236E+001  0.000E+000
 4.990E+013  1.000E-008  6.236E+001  1.705E-013
 5.010E+013  1.000E-008  6.236E+001 -2.558E-013
 5.030E+013  1.000E-008  6.236E+001  8.527E-014
 5.050E+013  1.000E-008  6.236E+001  7.271E-034
 5.070E+013  1.000E-008  6.236E+001  1.809E-074
 5.090E+013  1.000E-008  6.236E+001  5.215E-156
 5.110E+013  1.000E-008  6.236E+001  8.527E-014
 5.130E+013  1.000E-008  6.236E+001 -8.527E-014
 5.150E+013  1.000E-008  6.236E+001  0.000E+000
 5.170E+013  1.000E-008  6.236E+001  0.000E+000
 5.190E+013  1.000E-008  6.236E+001  0.000E+000
 5.210E+013  1.000E-008  6.236E+001 -5.248E-156
 5.230E+013  1.000E-008  6.236E+001 -1.815E-074
 5.250E+013  1.000E-008  6.236E+001 -7.282E-034
 5.270E+013  1.000E-008  6.236E+001 -8.527E-014
 5.290E+013  1.000E-008  6.236E+001  8.527E-014
 5.310E+013  1.000E-008  6.236E+001  7.271E-034
 5.330E+013  1.000E-008  6.236E+001  1.810E-074
 5.350E+013  1.000E-008  6.236E+001  1.705E-013
 5.370E+013  1.000E-008  6.236E+001 -1.705E-013
 5.390E+013  1.000E-008  6.236E+001  9.594E-035
 5.410E+013  1.000E-008  6.236E+001  8.527E-014
 5.430E+013  1.000E-008  6.236E+001  8.527E-014
 5.450E+013  1.000E-008  6.236E+001  8.527E-014
 5.470E+013  1.000E-008  6.236E+001 -2.558E-013
 5.490E+013  1.000E-008  6.236E+001 -7.282E-034
 5.510E+013  1.000E-008  6.236E+001 -8.527E-014
 5.530E+013  1.000E-008  6.236E+001  1.705E-013
 5.550E+013  1.000E-008  6.236E+001 -3.411E-013
 5.570E+013  1.000E-008  6.236E+001  1.705E-013
 5.590E+013  1.000E-008  6.236E+001  8.527E-014
 5.610E+013  1.000E-008  6.236E+001 -8.527E-014
 5.630E+013  1.000E-008  6.236E+001  8.527E-014
 5.650E+013  1.000E-008  6.236E+001 -5.116E-013
 5.670E+013  1.000E-008  6.236E+001  5.116E-013
 5.690E+013  1.000E-008  6.236E+001  5.116E-013
 5.710E+013  1.000E-008  6.236E+001 -5.116E-013
 5.730E+013  1.000E-008  6.236E+001  5.969E-013
 5.750E+013  1.000E-008  6.236E+001 -1.279E-012
 5.770E+013  1.000E-008  6.236E+001 -8.526E-014
 5.790E+013  1.000E-008  6.236E+001  7.674E-013
 5.810E+013  1.000E-008  6.236E+001  4.088E-012
 5.830E+013  1.000E-008  6.236E+001 -4.088E-012
 5.850E+013  1.000E-008  6.236E+001  0.000E+000
 5.870E+013  1.000E-008  6.236E+001  0.000E+000
 5.890E+013  1.000E-008  6.236E+001  0.000E+000
 5.910E+013  1.000E-008  6.236E+001  0.000E+000
 5.930E+013  1.000E-008  6.236E+001  0.000E+000
 5.950E+013  1.000E-008  6.236E+001  0.000E+000
 5.970E+013  1.000E-008  6.236E+001  0.000E+000
 5.990E+013  1.000E-008  6.236E+001  0.000E+000
 6.010E+013  1.000E-008  6.236E+001  0.000E+000
 6.030E+013  1.000E-008  6.236E+001  8.527E-014
 6.050E+013  1.000E-008  6.236E+001 -8.527E-014
 6.070E+013  1.000E-008  6.236E+001  8.527E-014
 6.090E+013  1.000E-008  6.236E+001 -8.527E-014
 6.110E+013  1.000E-008  6.236E+001  0.000E+000
 6.130E+013  1.000E-008  6.236E+001  0.000E+000
 6.150E+013  1.000E-008  6.236E+001  0.000E+000
 6.170E+013  1.000E-008  6.236E+001  8.527E-014
 6.190E+013  1.000E-008  6.236E+001 -8.527E-014
 6.210E+013  1.000E-008  6.236E+001  0.000E+000
 6.230E+013  1.000E-008  6.236E+001  0.000E+000
 6.250E+013  1.000E-008  6.236E+001  0.000E+000
 6.270E+013  1.000E-008  6.236E+001  0.000E+000
 6.290E+013  1.000E-008  6.236E+001  0.000E+000
 6.310E+013  1.000E-008  6.236E+001  0.000E+000
 6.330E+013  1.000E-008  6.236E+001  0.000E+000
 6.350E+013  1.000E-008  6.236E+001  8.527E-014
 6.370E+013  1.000E-008  6.236E+001 -8.527E-014
 6.390E+013  1.000E-008  6.236E+001  0.000E+000
 6.410E+013  1.000E-008  6.236E+001  0.000E+000
 6.430E+013  1.000E-008  6.236E+001  0.000E+000
 6.450E+013  1.000E-008  6.236E+001  0.000E+000
 6.470E+013  1.000E-008  6.236E+001  8.527E-014
 6.490E+013  1.000E-008  6.236E+001 -8.527E-014
 6.510E+013  1.000E-008  6.236E+001  0.000E+000
 6.530E+013  1.000E-008  6.236E+001  0.000E+000
 6.550E+013  1.000E-008  6.236E+001  0.000E+000
 6.570E+013  1.000E-008  6.236E+001  0.000E+000
 6.590E+013  1.000E-008  6.236E+001  8.527E-014
 6.610E+013  1.000E-008  6.236E+001 -8.527E-014
 6.630E+013  1.000E-008  6.236E+001  0.000E+000
 6.650E+013  1.000E-008  6.236E+001  0.000E+000
 6.670E+013  1.000E-008  6.236E+001  0.000E+000
 6.690E+013  1.000E-008  6.236E+001  8.527E-014
 6.710E+013  1.000E-008  6.236E+001 -8.527E-014
 6.730E+013  1.000E-008  6.236E+001  0.000E+000
 6.750E+013  1.000E-008  6.236E+001  0.000E+000
 6.770E+013  1.000E-008  6.236E+001  8.527E-014
 6.790E+013  1.000E-008  6.236E+001 -8.527E-014
 6.810E+013  1.000E-008  6.236E+001  8.527E-014
 6.830E+013  1.000E-008  6.236E+001 -8.536E-037
 6.850E+013  1.000E-008  6.236E+001 -8.527E-014
 6.870E+013  1.000E-008  6.236E+001  0.000E+000
 6.890E+013  1.000E-008  6.236E+001  0.000E+000
 6.910E+013  1.000E-008  6.236E+001  0.000E+000
 6.930E+013  1.000E-008  6.236E+001  8.527E-014
 6.950E+013  1.000E-008  6.236E+001 -8.527E-014
 6.970E+013  1.000E-008  6.236E+001  0.000E+000
 6.990E+013  1.000E-008  6.236E+001  0.000E+000
 7.010E+013  1.000E-008  6.236E+001  0.000E+000
 7.030E+013  1.000E-008  6.236E+001  0.000E+000
 7.050E+013  1.000E-008  6.236E+001  0.000E+000
 7.070E+013  1.000E-008  6.236E+001  0.000E+000
 7.090E+013  1.000E-008  6.236E+001  0.000E+000
 7.110E+013  1.000E-008  6.236E+001  0.000E+000
 7.130E+013  1.000E-008  6.236E+001  0.000E+000
 7.150E+013  1.000E-008  6.236E+001  0.000E+000
 7.170E+013  1.000E-008  6.236E+001  0.000E+000
 7.190E+013  1.000E-008  6.236E+001  8.527E-014
 7.210E+013  1.000E-008  6.236E+001 -8.527E-014
 7.230E+013  1.000E-008  6.236E+001  0.000E+000
 7.250E+013  1.000E-008  6.236E+001  0.000E+000
 7.270E+013  1.000E-008  6.236E+001  1.705E-013
 7.290E+013  1.000E-008  6.236E+001 -3.199E-036
 7.310E+013  1.000E-008  6.236E+001 -1.705E-013
 7.330E+013  1.000E-008  6.236E+001 -7.281E-034
 7.350E+013  1.000E-008  6.236E+001 -8.527E-014
 7.370E+013  1.000E-008  6.236E+001  8.527E-014
 7.390E+013  1.000E-008  6.236E+001  7.273E-034
 7.410E+013  1.000E-008  6.236E+001  1.810E-074
 7.430E+013  1.000E-008  6.236E+001  5.221E-156
 7.450E+013  1.000E-008  6.236E+001  0.000E+000
 7.470E+013  1.000E-008  6.236E+001  0.000E+000
 7.490E+013  1.000E-008  6.236E+001  0.000E+000
 7.510E+013  1.000E-008  6.236E+001  0.000E+000
 7.530E+013  1.000E-008  6.236E+001  0.000E+000
 7.550E+013  1.000E-008  6.236E+001  0.000E+000
 7.570E+013  1.000E-008  6.236E+001  0.000E+000
 7.590E+013  1.000E-008  6.236E+001  0.000E+000
 7.610E+013  1.000E-008  6.236E+001  0.000E+000
 7.630E+013  1.000E-008  6.236E+001  0.000E+000
 7.650E+013  1.000E-008  6.236E+001  0.000E+000
 7.670E+013  1.000E-008  6.236E+001  1.705E-013
 7.690E+013  1.000E-008  6.236E+001 -1.705E-013
 7.710E+013  1.000E-008  6.236E+001  2.558E-013
 7.730E+013  1.000E-008  6.236E+001 -2.558E-013
 7.750E+013  1.000E-008  6.236E+001  1.724E-034
 7.770E+013  1.000E-008  6.236E+001  1.705E-013
 7.790E+013  1.000E-008  6.236E+001 -5.116E-013
 7.810E+013  1.000E-008  6.236E+001  5.116E-013
 7.830E+013  1.000E-008  6.236E+001 -1.705E-013
 7.850E+013  1.000E-008  6.236E+001 -1.279E-074
 7.870E+013  1.000E-008  6.236E+001 -6.113E-034
 7.890E+013  1.000E-008  6.236E+001 -8.527E-014
 7.910E+013  1.000E-008  6.236E+001 -4.263E-013
 7.930E+013  1.000E-008  6.236E+001  2.558E-013
 7.950E+013  1.000E-008  6.236E+001  2.558E-013
 7.970E+013  1.000E-008  6.236E+001 -3.411E-013
 7.990E+013  1.000E-008  6.236E+001  3.411E-013
 8.010E+013  1.000E-008  6.236E+001  1.164E-032
 8.030E+013  1.000E-008  6.236E+001  4.635E-072
 8.050E+013  1.000E-008  6.236E+001  3.422E-151
 8.070E+013  1.000E-008  6.236E+001 -9.674E-303
 8.090E+013  1.000E-008  6.236E+001 -1.123E-147
 8.110E+013  1.000E-008  6.236E+001 -2.655E-070
 8.130E+013  1.000E-008  6.236E+001 -8.808E-032
 8.150E+013  1.000E-008  6.236E+001 -9.379E-013
 8.170E+013  1.000E-008  6.236E+001  1.194E-012
 8.190E+013  1.000E-008  6.236E+001 -2.558E-013
 8.210E+013  1.000E-008  6.236E+001  0.000E+000
 8.230E+013  1.000E-008  6.236E+001  0.000E+000
 8.250E+013  1.000E-008  6.236E+001  0.000E+000
 8.270E+013  1.000E-008  6.236E+001  0.000E+000
 8.290E+013  1.000E-008  6.236E+001  3.411E-013
 8.310E+013  1.000E-008  6.236E+001 -3.411E-013
 8.330E+013  1.000E-008  6.236E+001 -7.069E-034
 8.350E+013  1.000E-008  6.236E+001  5.116E-013
 8.370E+013  1.000E-008  6.236E+001 -4.263E-013
 8.390E+013  1.000E-008  6.236E+001 -7.280E-034
 8.410E+013  1.000E-008  6.236E+001 -8.527E-014
 8.430E+013  1.000E-008  6.236E+001  8.527E-014
 8.450E+013  1.000E-008  6.236E+001 -6.897E-037
 8.470E+013  1.000E-008  6.236E+001 -8.527E-014
 8.490E+013  1.000E-008  6.236E+001 -3.432E-037
 8.510E+013  1.000E-008  6.236E+001  8.527E-014
 8.530E+013  1.000E-008  6.236E+001 -6.833E-037
 8.550E+013  1.000E-008  6.236E+001 -8.527E-014
 8.570E+013  1.000E-008  6.236E+001 -3.400E-037
 8.590E+013  1.000E-008  6.236E+001  8.527E-014
 8.610E+013  1.000E-008  6.236E+001 -8.527E-014
 8.630E+013  1.000E-008  6.236E+001  0.000E+000
 8.650E+013  1.000E-008  6.236E+001  0.000E+000
 8.670E+013  1.000E-008  6.236E+001  0.000E+000
 8.690E+013  1.000E-008  6.236E+001  0.000E+000
 8.710E+013  1.000E-008  6.236E+001  0.000E+000
 8.730E+013  1.000E-008  6.236E+001  0.000E+000
 8.750E+013  1.000E-008  6.236E+001  8.527E-014
 8.770E+013  1.000E-008  6.236E+001 -8.527E-014
 8.790E+013  1.000E-008  6.236E+001 -3.315E-037
 8.810E+013  1.000E-008  6.236E+001  8.527E-014
 8.830E+013  1.000E-008  6.236E+001 -8.527E-014
 8.850E+013  1.000E-008  6.236E+001  8.527E-014
 8.870E+013  1.000E-008  6.236E+001  8.527E-014
 8.890E+013  1.000E-008  6.236E+001 -1.705E-013
 8.910E+013  1.000E-008  6.236E+001  0.000E+000
 8.930E+013  1.000E-008  6.236E+001  0.000E+000
 8.950E+013  1.000E-008  6.236E+001  0.000E+000
 8.970E+013  1.000E-008  6.236E+001  0.000E+000
 8.990E+013  1.000E-008  6.236E+001  0.000E+000
 9.010E+013  1.000E-008  6.236E+001  8.527E-014
 9.030E+013  1.000E-008  6.236E+001 -6.454E-037
 9.050E+013  1.000E-008  6.236E+001 -8.527E-014
 9.070E+013  1.000E-008  6.236E+001  8.527E-014
 9.090E+013  1.000E-008  6.236E+001 -6.411E-037
 9.110E+013  1.000E-008  6.236E+001 -8.527E-014
 9.130E+013  1.000E-008  6.236E+001  0.000E+000
 9.150E+013  1.000E-008  6.236E+001  0.000E+000
 9.170E+013  1.000E-008  6.236E+001  0.000E+000
 9.190E+013  1.000E-008  6.236E+001  0.000E+000
 9.210E+013  1.000E-008  6.236E+001  0.000E+000
 9.230E+013  1.000E-008  6.236E+001  8.527E-014
 9.250E+013  1.000E-008  6.236E+001 -6.300E-037
 9.270E+013  1.000E-008  6.236E+001 -8.527E-014
 9.290E+013  1.000E-008  6.236E+001  0.000E+000
 9.310E+013  1.000E-008  6.236E+001  0.000E+000
 9.330E+013  1.000E-008  6.236E+001  0.000E+000
 9.350E+013  1.000E-008  6.236E+001  0.000E+000
 9.370E+013  1.000E-008  6.236E+001  8.527E-014
 9.390E+013  1.000E-008  6.236E+001 -8.527E-014
 9.410E+013  1.000E-008  6.236E+001  8.527E-014
 9.430E+013  1.000E-008  6.236E+001 -8.527E-014
 9.450E+013  1.000E-008  6.236E+001  0.000E+000
 9.470E+013  1.000E-008  6.236E+001  0.000E+000
 9.490E+013  1.000E-008  6.236E+001  0.000E+000
 9.510E+013  1.000E-008  6.236E+001  0.000E+000
 9.530E+013  1.000E-008  6.236E+001  8.527E-014
 9.550E+013  1.000E-008  6.236E+001 -8.527E-014
 9.570E+013  1.000E-008  6.236E+001 -1.814E-074
 9.590E+013  1.000E-008  6.236E+001 -7.280E-034
 9.610E+013  1.000E-008  6.236E+001 -8.527E-014
 9.630E+013  1.000E-008  6.236E+001  8.527E-014
 9.650E+013  1.000E-008  6.236E+001  7.274E-034
 9.670E+013  1.000E-008  6.236E+001  8.527E-014
 9.690E+013  1.000E-008  6.236E+001 -8.527E-014
 9.710E+013  1.000E-008  6.236E+001  0.000E+000
 9.730E+013  1.000E-008  6.236E+001  0.000E+000
 9.750E+013  1.000E-008  6.236E+001  0.000E+000
 9.770E+013  1.000E-008  6.236E+001  0.000E+000
 9.790E+013  1.000E-008  6.236E+001  0.000E+000
 9.810E+013  1.000E-008  6.236E+001  0.000E+000
 9.830E+013  1.000E-008  6.236E+001  0.000E+000
 9.850E+013  1.000E-008  6.236E+001  0.000E+000
 9.870E+013  1.000E-008  6.236E+001  0.000E+000
 9.890E+013  1.000E-008  6.236E+001  0.000E+000
 9.910E+013  1.000E-008  6.236E+001  0.000E+000
 9.930E+013  1.000E-008  6.236E+001  0.000E+000
 9.950E+013  1.000E-008  6.236E+001  8.527E-014
 9.970E+013  1.000E-008  6.236E+001 -8.527E-014
 9.990E+013  1.000E-008  6.236E+001  0.000E+000
 1.001E+014  1.000E-099  1.000E-099  0.000E+000
 1.003E+014  1.000E-099  1.000E-099  0.000E+000
 7.611E-004
