 7.802E+004
     x1b        dens       energ       v1
 1.000E+011  6.016E-012  1.512E+008  0.000E+000
 3.000E+011  6.023E-012  1.512E+008  7.385E+005
 5.000E+011  6.048E-012  1.512E+008  1.189E+006
 7.000E+011  6.096E-012  1.512E+008  1.877E+006
 9.000E+011  6.172E-012  1.512E+008  2.462E+006
 1.100E+012  6.272E-012  1.512E+008  3.096E+006
 1.300E+012  6.392E-012  1.512E+008  3.706E+006
 1.500E+012  6.525E-012  1.512E+008  4.328E+006
 1.700E+012  6.665E-012  1.512E+008  4.945E+006
 1.900E+012  6.808E-012  1.512E+008  5.564E+006
 2.100E+012  6.952E-012  1.512E+008  6.182E+006
 2.300E+012  7.091E-012  1.512E+008  6.800E+006
 2.500E+012  7.217E-012  1.512E+008  7.418E+006
 2.700E+012  7.317E-012  1.512E+008  8.036E+006
 2.900E+012  7.373E-012  1.512E+008  8.654E+006
 3.100E+012  7.389E-012  1.512E+008  9.272E+006
 3.300E+012  7.391E-012  1.512E+008  9.890E+006
 3.500E+012  7.390E-012  1.512E+008  1.051E+007
 3.700E+012  7.390E-012  1.512E+008  1.113E+007
 3.900E+012  7.387E-012  1.512E+008  1.174E+007
 4.100E+012  7.382E-012  1.512E+008  1.236E+007
 4.300E+012  7.374E-012  1.512E+008  1.298E+007
 4.500E+012  7.364E-012  1.512E+008  1.360E+007
 4.700E+012  7.354E-012  1.512E+008  1.422E+007
 4.900E+012  7.350E-012  1.512E+008  1.484E+007
 5.100E+012  7.350E-012  1.512E+008  1.545E+007
 5.300E+012  7.350E-012  1.512E+008  1.607E+007
 5.500E+012  7.352E-012  1.512E+008  1.669E+007
 5.700E+012  7.356E-012  1.512E+008  1.731E+007
 5.900E+012  7.363E-012  1.512E+008  1.793E+007
 6.100E+012  7.376E-012  1.512E+008  1.854E+007
 6.300E+012  7.396E-012  1.512E+008  1.916E+007
 6.500E+012  7.425E-012  1.512E+008  1.978E+007
 6.700E+012  7.465E-012  1.512E+008  2.040E+007
 6.900E+012  7.519E-012  1.512E+008  2.102E+007
 7.100E+012  7.588E-012  1.512E+008  2.163E+007
 7.300E+012  7.677E-012  1.512E+008  2.225E+007
 7.500E+012  7.787E-012  1.512E+008  2.287E+007
 7.700E+012  7.921E-012  1.512E+008  2.349E+007
 7.900E+012  8.085E-012  1.512E+008  2.411E+007
 8.100E+012  8.281E-012  1.512E+008  2.473E+007
 8.300E+012  8.515E-012  1.512E+008  2.535E+007
 8.500E+012  8.791E-012  1.512E+008  2.597E+007
 8.700E+012  9.116E-012  1.512E+008  2.658E+007
 8.900E+012  9.498E-012  1.512E+008  2.720E+007
 9.100E+012  9.943E-012  1.512E+008  2.782E+007
 9.300E+012  1.046E-011  1.512E+008  2.844E+007
 9.500E+012  1.106E-011  1.512E+008  2.907E+007
 9.700E+012  1.176E-011  1.512E+008  2.969E+007
 9.900E+012  1.257E-011  1.512E+008  3.031E+007
 1.010E+013  1.351E-011  1.512E+008  3.093E+007
 1.030E+013  1.459E-011  1.512E+008  3.155E+007
 1.050E+013  1.584E-011  1.512E+008  3.217E+007
 1.070E+013  1.727E-011  1.512E+008  3.280E+007
 1.090E+013  1.891E-011  1.512E+008  3.342E+007
 1.110E+013  2.078E-011  1.512E+008  3.404E+007
 1.130E+013  2.292E-011  1.512E+008  3.466E+007
 1.150E+013  2.533E-011  1.512E+008  3.529E+007
 1.170E+013  2.805E-011  1.512E+008  3.591E+007
 1.190E+013  3.108E-011  1.512E+008  3.653E+007
 1.210E+013  3.446E-011  1.512E+008  3.715E+007
 1.230E+013  3.817E-011  1.512E+008  3.777E+007
 1.250E+013  4.221E-011  1.512E+008  3.839E+007
 1.270E+013  4.659E-011  1.512E+008  3.900E+007
 1.290E+013  5.127E-011  1.512E+008  3.962E+007
 1.310E+013  5.623E-011  1.513E+008  4.024E+007
 1.330E+013  6.144E-011  1.513E+008  4.085E+007
 1.350E+013  6.688E-011  1.513E+008  4.147E+007
 1.370E+013  7.250E-011  1.513E+008  4.208E+007
 1.390E+013  7.828E-011  1.513E+008  4.270E+007
 1.410E+013  8.420E-011  1.513E+008  4.331E+007
 1.430E+013  9.023E-011  1.513E+008  4.393E+007
 1.450E+013  9.638E-011  1.513E+008  4.454E+007
 1.470E+013  1.026E-010  1.513E+008  4.516E+007
 1.490E+013  1.090E-010  1.513E+008  4.578E+007
 1.510E+013  1.155E-010  1.514E+008  4.640E+007
 1.530E+013  1.222E-010  1.514E+008  4.701E+007
 1.550E+013  1.290E-010  1.514E+008  4.763E+007
 1.570E+013  1.360E-010  1.514E+008  4.825E+007
 1.590E+013  1.432E-010  1.514E+008  4.887E+007
 1.610E+013  1.507E-010  1.515E+008  4.949E+007
 1.630E+013  1.585E-010  1.515E+008  5.011E+007
 1.650E+013  1.667E-010  1.515E+008  5.073E+007
 1.670E+013  1.752E-010  1.515E+008  5.135E+007
 1.690E+013  1.841E-010  1.516E+008  5.197E+007
 1.710E+013  1.934E-010  1.516E+008  5.259E+007
 1.730E+013  2.032E-010  1.516E+008  5.321E+007
 1.750E+013  2.136E-010  1.516E+008  5.383E+007
 1.770E+013  2.245E-010  1.517E+008  5.446E+007
 1.790E+013  2.360E-010  1.517E+008  5.508E+007
 1.810E+013  2.481E-010  1.518E+008  5.570E+007
 1.830E+013  2.609E-010  1.518E+008  5.632E+007
 1.850E+013  2.743E-010  1.518E+008  5.695E+007
 1.870E+013  2.884E-010  1.519E+008  5.757E+007
 1.890E+013  3.031E-010  1.519E+008  5.819E+007
 1.910E+013  3.186E-010  1.520E+008  5.882E+007
 1.930E+013  3.347E-010  1.520E+008  5.944E+007
 1.950E+013  3.515E-010  1.521E+008  6.007E+007
 1.970E+013  3.690E-010  1.522E+008  6.069E+007
 1.990E+013  3.872E-010  1.522E+008  6.132E+007
 2.010E+013  4.059E-010  1.523E+008  6.195E+007
 2.030E+013  4.254E-010  1.524E+008  6.257E+007
 2.050E+013  4.454E-010  1.525E+008  6.320E+007
 2.070E+013  4.661E-010  1.525E+008  6.383E+007
 2.090E+013  4.874E-010  1.526E+008  6.446E+007
 2.110E+013  5.094E-010  1.527E+008  6.509E+007
 2.130E+013  5.321E-010  1.528E+008  6.572E+007
 2.150E+013  5.555E-010  1.529E+008  6.635E+007
 2.170E+013  5.796E-010  1.530E+008  6.698E+007
 2.190E+013  6.045E-010  1.532E+008  6.761E+007
 2.210E+013  6.302E-010  1.533E+008  6.825E+007
 2.230E+013  6.569E-010  1.534E+008  6.888E+007
 2.250E+013  6.845E-010  1.536E+008  6.952E+007
 2.270E+013  7.131E-010  1.537E+008  7.015E+007
 2.290E+013  7.429E-010  1.538E+008  7.079E+007
 2.310E+013  7.738E-010  1.540E+008  7.143E+007
 2.330E+013  8.060E-010  1.542E+008  7.207E+007
 2.350E+013  8.394E-010  1.543E+008  7.271E+007
 2.370E+013  8.743E-010  1.545E+008  7.336E+007
 2.390E+013  9.105E-010  1.547E+008  7.400E+007
 2.410E+013  9.482E-010  1.549E+008  7.465E+007
 2.430E+013  9.874E-010  1.551E+008  7.530E+007
 2.450E+013  1.028E-009  1.554E+008  7.595E+007
 2.470E+013  1.071E-009  1.556E+008  7.660E+007
 2.490E+013  1.115E-009  1.558E+008  7.725E+007
 2.510E+013  1.160E-009  1.561E+008  7.791E+007
 2.530E+013  1.207E-009  1.564E+008  7.857E+007
 2.550E+013  1.256E-009  1.567E+008  7.922E+007
 2.570E+013  1.307E-009  1.570E+008  7.989E+007
 2.590E+013  1.360E-009  1.573E+008  8.055E+007
 2.610E+013  1.414E-009  1.576E+008  8.122E+007
 2.630E+013  1.470E-009  1.579E+008  8.189E+007
 2.650E+013  1.528E-009  1.583E+008  8.256E+007
 2.670E+013  1.589E-009  1.587E+008  8.323E+007
 2.690E+013  1.651E-009  1.591E+008  8.391E+007
 2.710E+013  1.715E-009  1.595E+008  8.459E+007
 2.730E+013  1.782E-009  1.599E+008  8.527E+007
 2.750E+013  1.850E-009  1.604E+008  8.596E+007
 2.770E+013  1.921E-009  1.609E+008  8.665E+007
 2.790E+013  1.995E-009  1.614E+008  8.734E+007
 2.810E+013  2.071E-009  1.619E+008  8.804E+007
 2.830E+013  2.150E-009  1.625E+008  8.874E+007
 2.850E+013  2.231E-009  1.630E+008  8.945E+007
 2.870E+013  2.316E-009  1.636E+008  9.016E+007
 2.890E+013  2.403E-009  1.643E+008  9.088E+007
 2.910E+013  2.493E-009  1.649E+008  9.160E+007
 2.930E+013  2.586E-009  1.656E+008  9.232E+007
 2.950E+013  2.683E-009  1.664E+008  9.305E+007
 2.970E+013  2.782E-009  1.671E+008  9.379E+007
 2.990E+013  2.886E-009  1.679E+008  9.453E+007
 3.010E+013  2.992E-009  1.688E+008  9.527E+007
 3.030E+013  3.103E-009  1.696E+008  9.602E+007
 3.050E+013  3.218E-009  1.705E+008  9.678E+007
 3.070E+013  3.336E-009  1.715E+008  9.755E+007
 3.090E+013  3.459E-009  1.725E+008  9.832E+007
 3.110E+013  3.586E-009  1.735E+008  9.910E+007
 3.130E+013  3.719E-009  1.746E+008  9.988E+007
 3.150E+013  3.856E-009  1.758E+008  1.007E+008
 3.170E+013  3.998E-009  1.770E+008  1.015E+008
 3.190E+013  4.147E-009  1.782E+008  1.023E+008
 3.210E+013  4.301E-009  1.795E+008  1.031E+008
 3.230E+013  4.461E-009  1.809E+008  1.039E+008
 3.250E+013  4.628E-009  1.824E+008  1.048E+008
 3.270E+013  4.802E-009  1.839E+008  1.056E+008
 3.290E+013  4.983E-009  1.854E+008  1.065E+008
 3.310E+013  5.172E-009  1.871E+008  1.073E+008
 3.330E+013  5.369E-009  1.888E+008  1.082E+008
 3.350E+013  5.574E-009  1.906E+008  1.091E+008
 3.370E+013  5.789E-009  1.925E+008  1.100E+008
 3.390E+013  6.013E-009  1.945E+008  1.109E+008
 3.410E+013  6.247E-009  1.966E+008  1.118E+008
 3.430E+013  6.492E-009  1.988E+008  1.127E+008
 3.450E+013  6.748E-009  2.011E+008  1.137E+008
 3.470E+013  7.016E-009  2.036E+008  1.146E+008
 3.490E+013  7.297E-009  2.061E+008  1.156E+008
 3.510E+013  7.590E-009  2.088E+008  1.165E+008
 3.530E+013  7.898E-009  2.116E+008  1.175E+008
 3.550E+013  8.220E-009  2.145E+008  1.185E+008
 3.570E+013  8.558E-009  2.176E+008  1.196E+008
 3.590E+013  8.913E-009  2.209E+008  1.206E+008
 3.610E+013  9.286E-009  2.243E+008  1.216E+008
 3.630E+013  9.678E-009  2.280E+008  1.227E+008
 3.650E+013  1.009E-008  2.318E+008  1.238E+008
 3.670E+013  1.052E-008  2.358E+008  1.249E+008
 3.690E+013  1.098E-008  2.400E+008  1.260E+008
 3.710E+013  1.146E-008  2.444E+008  1.271E+008
 3.730E+013  1.197E-008  2.491E+008  1.282E+008
 3.750E+013  1.250E-008  2.541E+008  1.294E+008
 3.770E+013  1.307E-008  2.593E+008  1.306E+008
 3.790E+013  1.367E-008  2.648E+008  1.318E+008
 3.810E+013  1.430E-008  2.706E+008  1.330E+008
 3.830E+013  1.497E-008  2.768E+008  1.342E+008
 3.850E+013  1.569E-008  2.833E+008  1.354E+008
 3.870E+013  1.644E-008  2.901E+008  1.367E+008
 3.890E+013  1.724E-008  2.974E+008  1.380E+008
 3.910E+013  1.810E-008  3.051E+008  1.393E+008
 3.930E+013  1.901E-008  3.133E+008  1.406E+008
 3.950E+013  1.998E-008  3.219E+008  1.419E+008
 3.970E+013  2.101E-008  3.311E+008  1.433E+008
 3.990E+013  2.212E-008  3.408E+008  1.446E+008
 4.010E+013  2.330E-008  3.512E+008  1.460E+008
 4.030E+013  2.456E-008  3.622E+008  1.474E+008
 4.050E+013  2.591E-008  3.738E+008  1.488E+008
 4.070E+013  2.736E-008  3.862E+008  1.502E+008
 4.090E+013  2.894E-008  3.999E+008  1.517E+008
 4.110E+013  3.060E-008  4.137E+008  1.532E+008
 4.130E+013  3.229E-008  4.265E+008  1.544E+008
 4.150E+013  3.442E-008  4.477E+008  1.558E+008
 4.170E+013  3.682E-008  4.743E+008  1.590E+008
 4.190E+013  3.719E-008  4.606E+008  1.600E+008
 4.210E+013  3.287E-008  3.421E+008  1.531E+008
 4.230E+013  2.095E-008  1.217E+008  1.260E+008
 4.250E+013  1.285E-008  1.350E+007  7.396E+007
 4.270E+013  1.036E-008  1.237E+005  1.978E+007
 4.290E+013  1.001E-008  6.503E+001  7.555E+005
 4.310E+013  1.000E-008  6.236E+001  4.680E+002
 4.330E+013  1.000E-008  6.236E+001  7.591E-005
 4.350E+013  1.000E-008  6.236E+001  2.104E-014
 4.370E+013  1.000E-008  6.236E+001  1.312E-037
 4.390E+013  1.000E-008  6.236E+001  4.871E-085
 4.410E+013  1.000E-008  6.236E+001  6.272E-181
 4.430E+013  1.000E-008  6.236E+001  0.000E+000
 4.450E+013  1.000E-008  6.236E+001  0.000E+000
 4.470E+013  1.000E-008  6.236E+001  2.772E-013
 4.490E+013  1.000E-008  6.236E+001 -4.461E-035
 4.510E+013  1.000E-008  6.236E+001 -2.772E-013
 4.530E+013  1.000E-008  6.236E+001 -1.589E-303
 4.550E+013  1.000E-008  6.236E+001 -2.518E-148
 4.570E+013  1.000E-008  6.236E+001 -6.963E-071
 4.590E+013  1.000E-008  6.236E+001 -2.500E-032
 4.610E+013  1.000E-008  6.236E+001 -2.772E-013
 4.630E+013  1.000E-008  6.236E+001  2.772E-013
 4.650E+013  1.000E-008  6.236E+001  2.772E-013
 4.670E+013  1.000E-008  6.236E+001 -2.772E-013
 4.690E+013  1.000E-008  6.236E+001  2.772E-013
 4.710E+013  1.000E-008  6.236E+001 -2.772E-013
 4.730E+013  1.000E-008  6.236E+001  0.000E+000
 4.750E+013  1.000E-008  6.236E+001  0.000E+000
 4.770E+013  1.000E-008  6.236E+001  0.000E+000
 4.790E+013  1.000E-008  6.236E+001  2.772E-013
 4.810E+013  1.000E-008  6.236E+001 -2.772E-013
 4.830E+013  1.000E-008  6.236E+001 -2.073E-035
 4.850E+013  1.000E-008  6.236E+001  2.772E-013
 4.870E+013  1.000E-008  6.236E+001 -2.772E-013
 4.890E+013  1.000E-008  6.236E+001  0.000E+000
 4.910E+013  1.000E-008  6.236E+001  0.000E+000
 4.930E+013  1.000E-008  6.236E+001  0.000E+000
 4.950E+013  1.000E-008  6.236E+001  0.000E+000
 4.970E+013  1.000E-008  6.236E+001  0.000E+000
 4.990E+013  1.000E-008  6.236E+001  5.544E-013
 5.010E+013  1.000E-008  6.236E+001 -8.315E-013
 5.030E+013  1.000E-008  6.236E+001  2.772E-013
 5.050E+013  1.000E-008  6.236E+001  2.496E-032
 5.070E+013  1.000E-008  6.236E+001  6.940E-071
 5.090E+013  1.000E-008  6.236E+001  2.501E-148
 5.110E+013  1.000E-008  6.236E+001  2.772E-013
 5.130E+013  1.000E-008  6.236E+001 -2.772E-013
 5.150E+013  1.000E-008  6.236E+001  0.000E+000
 5.170E+013  1.000E-008  6.236E+001  0.000E+000
 5.190E+013  1.000E-008  6.236E+001 -1.588E-303
 5.210E+013  1.000E-008  6.236E+001 -2.516E-148
 5.230E+013  1.000E-008  6.236E+001 -6.962E-071
 5.250E+013  1.000E-008  6.236E+001 -2.500E-032
 5.270E+013  1.000E-008  6.236E+001 -2.772E-013
 5.290E+013  1.000E-008  6.236E+001  2.772E-013
 5.310E+013  1.000E-008  6.236E+001  2.496E-032
 5.330E+013  1.000E-008  6.236E+001  6.941E-071
 5.350E+013  1.000E-008  6.236E+001  5.544E-013
 5.370E+013  1.000E-008  6.236E+001 -5.544E-013
 5.390E+013  1.000E-008  6.236E+001  3.294E-033
 5.410E+013  1.000E-008  6.236E+001  2.772E-013
 5.430E+013  1.000E-008  6.236E+001  2.772E-013
 5.450E+013  1.000E-008  6.236E+001  2.772E-013
 5.470E+013  1.000E-008  6.236E+001 -8.315E-013
 5.490E+013  1.000E-008  6.236E+001 -2.500E-032
 5.510E+013  1.000E-008  6.236E+001 -2.772E-013
 5.530E+013  1.000E-008  6.236E+001  5.544E-013
 5.550E+013  1.000E-008  6.236E+001 -1.109E-012
 5.570E+013  1.000E-008  6.236E+001  5.544E-013
 5.590E+013  1.000E-008  6.236E+001  2.772E-013
 5.610E+013  1.000E-008  6.236E+001 -2.772E-013
 5.630E+013  1.000E-008  6.236E+001  2.772E-013
 5.650E+013  1.000E-008  6.236E+001 -1.663E-012
 5.670E+013  1.000E-008  6.236E+001  1.663E-012
 5.690E+013  1.000E-008  6.236E+001  1.663E-012
 5.710E+013  1.000E-008  6.236E+001 -1.663E-012
 5.730E+013  1.000E-008  6.236E+001  1.940E-012
 5.750E+013  1.000E-008  6.236E+001 -4.158E-012
 5.770E+013  1.000E-008  6.236E+001 -2.772E-013
 5.790E+013  1.000E-008  6.236E+001  2.495E-012
 5.810E+013  1.000E-008  6.236E+001  1.330E-011
 5.830E+013  1.000E-008  6.236E+001 -1.330E-011
 5.850E+013  1.000E-008  6.236E+001  0.000E+000
 5.870E+013  1.000E-008  6.236E+001  0.000E+000
 5.890E+013  1.000E-008  6.236E+001  0.000E+000
 5.910E+013  1.000E-008  6.236E+001  0.000E+000
 5.930E+013  1.000E-008  6.236E+001  0.000E+000
 5.950E+013  1.000E-008  6.236E+001  0.000E+000
 5.970E+013  1.000E-008  6.236E+001  0.000E+000
 5.990E+013  1.000E-008  6.236E+001  0.000E+000
 6.010E+013  1.000E-008  6.236E+001  0.000E+000
 6.030E+013  1.000E-008  6.236E+001  2.772E-013
 6.050E+013  1.000E-008  6.236E+001 -2.772E-013
 6.070E+013  1.000E-008  6.236E+001  2.772E-013
 6.090E+013  1.000E-008  6.236E+001 -2.772E-013
 6.110E+013  1.000E-008  6.236E+001  0.000E+000
 6.130E+013  1.000E-008  6.236E+001  0.000E+000
 6.150E+013  1.000E-008  6.236E+001  0.000E+000
 6.170E+013  1.000E-008  6.236E+001  2.772E-013
 6.190E+013  1.000E-008  6.236E+001 -2.772E-013
 6.210E+013  1.000E-008  6.236E+001  0.000E+000
 6.230E+013  1.000E-008  6.236E+001  0.000E+000
 6.250E+013  1.000E-008  6.236E+001  0.000E+000
 6.270E+013  1.000E-008  6.236E+001  0.000E+000
 6.290E+013  1.000E-008  6.236E+001  0.000E+000
 6.310E+013  1.000E-008  6.236E+001  0.000E+000
 6.330E+013  1.000E-008  6.236E+001  0.000E+000
 6.350E+013  1.000E-008  6.236E+001  2.772E-013
 6.370E+013  1.000E-008  6.236E+001 -2.772E-013
 6.390E+013  1.000E-008  6.236E+001  0.000E+000
 6.410E+013  1.000E-008  6.236E+001  0.000E+000
 6.430E+013  1.000E-008  6.236E+001  0.000E+000
 6.450E+013  1.000E-008  6.236E+001  0.000E+000
 6.470E+013  1.000E-008  6.236E+001  2.772E-013
 6.490E+013  1.000E-008  6.236E+001 -2.772E-013
 6.510E+013  1.000E-008  6.236E+001  0.000E+000
 6.530E+013  1.000E-008  6.236E+001  0.000E+000
 6.550E+013  1.000E-008  6.236E+001  0.000E+000
 6.570E+013  1.000E-008  6.236E+001  0.000E+000
 6.590E+013  1.000E-008  6.236E+001  2.772E-013
 6.610E+013  1.000E-008  6.236E+001 -2.772E-013
 6.630E+013  1.000E-008  6.236E+001  0.000E+000
 6.650E+013  1.000E-008  6.236E+001  0.000E+000
 6.670E+013  1.000E-008  6.236E+001  0.000E+000
 6.690E+013  1.000E-008  6.236E+001  2.772E-013
 6.710E+013  1.000E-008  6.236E+001 -2.772E-013
 6.730E+013  1.000E-008  6.236E+001  0.000E+000
 6.750E+013  1.000E-008  6.236E+001  0.000E+000
 6.770E+013  1.000E-008  6.236E+001  2.772E-013
 6.790E+013  1.000E-008  6.236E+001 -2.772E-013
 6.810E+013  1.000E-008  6.236E+001  2.772E-013
 6.830E+013  1.000E-008  6.236E+001 -2.931E-035
 6.850E+013  1.000E-008  6.236E+001 -2.772E-013
 6.870E+013  1.000E-008  6.236E+001  0.000E+000
 6.890E+013  1.000E-008  6.236E+001  0.000E+000
 6.910E+013  1.000E-008  6.236E+001  0.000E+000
 6.930E+013  1.000E-008  6.236E+001  2.772E-013
 6.950E+013  1.000E-008  6.236E+001 -2.772E-013
 6.970E+013  1.000E-008  6.236E+001  0.000E+000
 6.990E+013  1.000E-008  6.236E+001  0.000E+000
 7.010E+013  1.000E-008  6.236E+001  0.000E+000
 7.030E+013  1.000E-008  6.236E+001  0.000E+000
 7.050E+013  1.000E-008  6.236E+001  0.000E+000
 7.070E+013  1.000E-008  6.236E+001  0.000E+000
 7.090E+013  1.000E-008  6.236E+001  0.000E+000
 7.110E+013  1.000E-008  6.236E+001  0.000E+000
 7.130E+013  1.000E-008  6.236E+001  0.000E+000
 7.150E+013  1.000E-008  6.236E+001  0.000E+000
 7.170E+013  1.000E-008  6.236E+001  0.000E+000
 7.190E+013  1.000E-008  6.236E+001  2.772E-013
 7.210E+013  1.000E-008  6.236E+001 -2.772E-013
 7.230E+013  1.000E-008  6.236E+001  0.000E+000
 7.250E+013  1.000E-008  6.236E+001  0.000E+000
 7.270E+013  1.000E-008  6.236E+001  5.544E-013
 7.290E+013  1.000E-008  6.236E+001 -1.098E-034
 7.310E+013  1.000E-008  6.236E+001 -5.544E-013
 7.330E+013  1.000E-008  6.236E+001 -2.500E-032
 7.350E+013  1.000E-008  6.236E+001 -2.772E-013
 7.370E+013  1.000E-008  6.236E+001  2.772E-013
 7.390E+013  1.000E-008  6.236E+001  2.497E-032
 7.410E+013  1.000E-008  6.236E+001  6.944E-071
 7.430E+013  1.000E-008  6.236E+001  2.503E-148
 7.450E+013  1.000E-008  6.236E+001  1.571E-303
 7.470E+013  1.000E-008  6.236E+001  0.000E+000
 7.490E+013  1.000E-008  6.236E+001  0.000E+000
 7.510E+013  1.000E-008  6.236E+001  0.000E+000
 7.530E+013  1.000E-008  6.236E+001  0.000E+000
 7.550E+013  1.000E-008  6.236E+001  0.000E+000
 7.570E+013  1.000E-008  6.236E+001  0.000E+000
 7.590E+013  1.000E-008  6.236E+001  0.000E+000
 7.610E+013  1.000E-008  6.236E+001  0.000E+000
 7.630E+013  1.000E-008  6.236E+001  0.000E+000
 7.650E+013  1.000E-008  6.236E+001  0.000E+000
 7.670E+013  1.000E-008  6.236E+001  5.544E-013
 7.690E+013  1.000E-008  6.236E+001 -5.544E-013
 7.710E+013  1.000E-008  6.236E+001  8.315E-013
 7.730E+013  1.000E-008  6.236E+001 -8.315E-013
 7.750E+013  1.000E-008  6.236E+001  5.918E-033
 7.770E+013  1.000E-008  6.236E+001  5.544E-013
 7.790E+013  1.000E-008  6.236E+001 -1.663E-012
 7.810E+013  1.000E-008  6.236E+001  1.663E-012
 7.830E+013  1.000E-008  6.236E+001 -5.544E-013
 7.850E+013  1.000E-008  6.236E+001 -4.906E-071
 7.870E+013  1.000E-008  6.236E+001 -2.099E-032
 7.890E+013  1.000E-008  6.236E+001 -2.772E-013
 7.910E+013  1.000E-008  6.236E+001 -1.386E-012
 7.930E+013  1.000E-008  6.236E+001  8.315E-013
 7.950E+013  1.000E-008  6.236E+001  8.315E-013
 7.970E+013  1.000E-008  6.236E+001 -1.109E-012
 7.990E+013  1.000E-008  6.236E+001  1.109E-012
 8.010E+013  1.000E-008  6.236E+001  3.995E-031
 8.030E+013  1.000E-008  6.236E+001  1.778E-068
 8.050E+013  1.000E-008  6.236E+001  1.641E-143
 8.070E+013  1.000E-008  6.236E+001 -7.277E-287
 8.090E+013  1.000E-008  6.236E+001 -5.387E-140
 8.110E+013  1.000E-008  6.236E+001 -1.019E-066
 8.130E+013  1.000E-008  6.236E+001 -3.024E-030
 8.150E+013  1.000E-008  6.236E+001 -3.049E-012
 8.170E+013  1.000E-008  6.236E+001  3.880E-012
 8.190E+013  1.000E-008  6.236E+001 -8.315E-013
 8.210E+013  1.000E-008  6.236E+001  0.000E+000
 8.230E+013  1.000E-008  6.236E+001  0.000E+000
 8.250E+013  1.000E-008  6.236E+001  0.000E+000
 8.270E+013  1.000E-008  6.236E+001  0.000E+000
 8.290E+013  1.000E-008  6.236E+001  1.109E-012
 8.310E+013  1.000E-008  6.236E+001 -1.109E-012
 8.330E+013  1.000E-008  6.236E+001 -2.427E-032
 8.350E+013  1.000E-008  6.236E+001  1.663E-012
 8.370E+013  1.000E-008  6.236E+001 -1.386E-012
 8.390E+013  1.000E-008  6.236E+001 -2.499E-032
 8.410E+013  1.000E-008  6.236E+001 -2.772E-013
 8.430E+013  1.000E-008  6.236E+001  2.772E-013
 8.450E+013  1.000E-008  6.236E+001 -2.368E-035
 8.470E+013  1.000E-008  6.236E+001 -2.772E-013
 8.490E+013  1.000E-008  6.236E+001 -1.178E-035
 8.510E+013  1.000E-008  6.236E+001  2.772E-013
 8.530E+013  1.000E-008  6.236E+001 -2.346E-035
 8.550E+013  1.000E-008  6.236E+001 -2.772E-013
 8.570E+013  1.000E-008  6.236E+001 -1.167E-035
 8.590E+013  1.000E-008  6.236E+001  2.772E-013
 8.610E+013  1.000E-008  6.236E+001 -2.772E-013
 8.630E+013  1.000E-008  6.236E+001  0.000E+000
 8.650E+013  1.000E-008  6.236E+001  0.000E+000
 8.670E+013  1.000E-008  6.236E+001  0.000E+000
 8.690E+013  1.000E-008  6.236E+001  0.000E+000
 8.710E+013  1.000E-008  6.236E+001  0.000E+000
 8.730E+013  1.000E-008  6.236E+001  0.000E+000
 8.750E+013  1.000E-008  6.236E+001  2.772E-013
 8.770E+013  1.000E-008  6.236E+001 -2.772E-013
 8.790E+013  1.000E-008  6.236E+001 -1.138E-035
 8.810E+013  1.000E-008  6.236E+001  2.772E-013
 8.830E+013  1.000E-008  6.236E+001 -2.772E-013
 8.850E+013  1.000E-008  6.236E+001  2.772E-013
 8.870E+013  1.000E-008  6.236E+001  2.772E-013
 8.890E+013  1.000E-008  6.236E+001 -5.544E-013
 8.910E+013  1.000E-008  6.236E+001  0.000E+000
 8.930E+013  1.000E-008  6.236E+001  0.000E+000
 8.950E+013  1.000E-008  6.236E+001  0.000E+000
 8.970E+013  1.000E-008  6.236E+001  0.000E+000
 8.990E+013  1.000E-008  6.236E+001  0.000E+000
 9.010E+013  1.000E-008  6.236E+001  2.772E-013
 9.030E+013  1.000E-008  6.236E+001 -2.216E-035
 9.050E+013  1.000E-008  6.236E+001 -2.772E-013
 9.070E+013  1.000E-008  6.236E+001  2.772E-013
 9.090E+013  1.000E-008  6.236E+001 -2.201E-035
 9.110E+013  1.000E-008  6.236E+001 -2.772E-013
 9.130E+013  1.000E-008  6.236E+001  0.000E+000
 9.150E+013  1.000E-008  6.236E+001  0.000E+000
 9.170E+013  1.000E-008  6.236E+001  0.000E+000
 9.190E+013  1.000E-008  6.236E+001  0.000E+000
 9.210E+013  1.000E-008  6.236E+001  0.000E+000
 9.230E+013  1.000E-008  6.236E+001  2.772E-013
 9.250E+013  1.000E-008  6.236E+001 -2.163E-035
 9.270E+013  1.000E-008  6.236E+001 -2.772E-013
 9.290E+013  1.000E-008  6.236E+001  0.000E+000
 9.310E+013  1.000E-008  6.236E+001  0.000E+000
 9.330E+013  1.000E-008  6.236E+001  0.000E+000
 9.350E+013  1.000E-008  6.236E+001  0.000E+000
 9.370E+013  1.000E-008  6.236E+001  2.772E-013
 9.390E+013  1.000E-008  6.236E+001 -2.772E-013
 9.410E+013  1.000E-008  6.236E+001  2.772E-013
 9.430E+013  1.000E-008  6.236E+001 -2.772E-013
 9.450E+013  1.000E-008  6.236E+001  0.000E+000
 9.470E+013  1.000E-008  6.236E+001  0.000E+000
 9.490E+013  1.000E-008  6.236E+001  0.000E+000
 9.510E+013  1.000E-008  6.236E+001  0.000E+000
 9.530E+013  1.000E-008  6.236E+001  2.772E-013
 9.550E+013  1.000E-008  6.236E+001 -2.772E-013
 9.570E+013  1.000E-008  6.236E+001 -6.957E-071
 9.590E+013  1.000E-008  6.236E+001 -2.499E-032
 9.610E+013  1.000E-008  6.236E+001 -2.772E-013
 9.630E+013  1.000E-008  6.236E+001  2.772E-013
 9.650E+013  1.000E-008  6.236E+001  2.497E-032
 9.670E+013  1.000E-008  6.236E+001  2.772E-013
 9.690E+013  1.000E-008  6.236E+001 -2.772E-013
 9.710E+013  1.000E-008  6.236E+001  0.000E+000
 9.730E+013  1.000E-008  6.236E+001  0.000E+000
 9.750E+013  1.000E-008  6.236E+001  0.000E+000
 9.770E+013  1.000E-008  6.236E+001  0.000E+000
 9.790E+013  1.000E-008  6.236E+001  0.000E+000
 9.810E+013  1.000E-008  6.236E+001  0.000E+000
 9.830E+013  1.000E-008  6.236E+001  0.000E+000
 9.850E+013  1.000E-008  6.236E+001  0.000E+000
 9.870E+013  1.000E-008  6.236E+001  0.000E+000
 9.890E+013  1.000E-008  6.236E+001  0.000E+000
 9.910E+013  1.000E-008  6.236E+001  0.000E+000
 9.930E+013  1.000E-008  6.236E+001  0.000E+000
 9.950E+013  1.000E-008  6.236E+001  2.772E-013
 9.970E+013  1.000E-008  6.236E+001 -2.772E-013
 9.990E+013  1.000E-008  6.236E+001  0.000E+000
 1.001E+014  1.000E-099  1.000E-099  0.000E+000
 1.003E+014  1.000E-099  1.000E-099  0.000E+000
 2.474E-003
