 1.440E+005
     x1b        dens       energ       v1
 1.000E+011  3.859E-012  7.216E+007  0.000E+000
 3.000E+011  3.863E-012  7.216E+007  3.045E+005
 5.000E+011  3.873E-012  7.216E+007  6.829E+005
 7.000E+011  3.894E-012  7.216E+007  1.000E+006
 9.000E+011  3.927E-012  7.216E+007  1.344E+006
 1.100E+012  3.973E-012  7.216E+007  1.675E+006
 1.300E+012  4.031E-012  7.216E+007  2.013E+006
 1.500E+012  4.097E-012  7.216E+007  2.347E+006
 1.700E+012  4.170E-012  7.216E+007  2.683E+006
 1.900E+012  4.247E-012  7.216E+007  3.018E+006
 2.100E+012  4.326E-012  7.216E+007  3.354E+006
 2.300E+012  4.406E-012  7.216E+007  3.689E+006
 2.500E+012  4.485E-012  7.216E+007  4.024E+006
 2.700E+012  4.561E-012  7.216E+007  4.360E+006
 2.900E+012  4.631E-012  7.216E+007  4.695E+006
 3.100E+012  4.688E-012  7.216E+007  5.030E+006
 3.300E+012  4.725E-012  7.216E+007  5.366E+006
 3.500E+012  4.739E-012  7.216E+007  5.701E+006
 3.700E+012  4.742E-012  7.216E+007  6.036E+006
 3.900E+012  4.742E-012  7.216E+007  6.372E+006
 4.100E+012  4.742E-012  7.216E+007  6.707E+006
 4.300E+012  4.741E-012  7.216E+007  7.043E+006
 4.500E+012  4.740E-012  7.216E+007  7.378E+006
 4.700E+012  4.737E-012  7.216E+007  7.713E+006
 4.900E+012  4.733E-012  7.216E+007  8.049E+006
 5.100E+012  4.728E-012  7.216E+007  8.384E+006
 5.300E+012  4.722E-012  7.216E+007  8.719E+006
 5.500E+012  4.718E-012  7.216E+007  9.055E+006
 5.700E+012  4.716E-012  7.216E+007  9.390E+006
 5.900E+012  4.716E-012  7.216E+007  9.725E+006
 6.100E+012  4.716E-012  7.216E+007  1.006E+007
 6.300E+012  4.717E-012  7.216E+007  1.040E+007
 6.500E+012  4.718E-012  7.216E+007  1.073E+007
 6.700E+012  4.721E-012  7.216E+007  1.107E+007
 6.900E+012  4.727E-012  7.216E+007  1.140E+007
 7.100E+012  4.734E-012  7.216E+007  1.174E+007
 7.300E+012  4.746E-012  7.216E+007  1.207E+007
 7.500E+012  4.761E-012  7.216E+007  1.241E+007
 7.700E+012  4.782E-012  7.216E+007  1.274E+007
 7.900E+012  4.809E-012  7.216E+007  1.308E+007
 8.100E+012  4.842E-012  7.216E+007  1.341E+007
 8.300E+012  4.885E-012  7.216E+007  1.375E+007
 8.500E+012  4.936E-012  7.216E+007  1.409E+007
 8.700E+012  4.998E-012  7.216E+007  1.442E+007
 8.900E+012  5.072E-012  7.216E+007  1.476E+007
 9.100E+012  5.159E-012  7.217E+007  1.509E+007
 9.300E+012  5.261E-012  7.217E+007  1.543E+007
 9.500E+012  5.380E-012  7.217E+007  1.576E+007
 9.700E+012  5.518E-012  7.217E+007  1.610E+007
 9.900E+012  5.678E-012  7.217E+007  1.643E+007
 1.010E+013  5.861E-012  7.217E+007  1.677E+007
 1.030E+013  6.071E-012  7.217E+007  1.711E+007
 1.050E+013  6.312E-012  7.217E+007  1.744E+007
 1.070E+013  6.586E-012  7.217E+007  1.778E+007
 1.090E+013  6.898E-012  7.217E+007  1.811E+007
 1.110E+013  7.253E-012  7.217E+007  1.845E+007
 1.130E+013  7.657E-012  7.217E+007  1.879E+007
 1.150E+013  8.115E-012  7.217E+007  1.912E+007
 1.170E+013  8.633E-012  7.217E+007  1.946E+007
 1.190E+013  9.220E-012  7.217E+007  1.980E+007
 1.210E+013  9.884E-012  7.217E+007  2.014E+007
 1.230E+013  1.063E-011  7.217E+007  2.047E+007
 1.250E+013  1.148E-011  7.217E+007  2.081E+007
 1.270E+013  1.242E-011  7.217E+007  2.115E+007
 1.290E+013  1.348E-011  7.217E+007  2.148E+007
 1.310E+013  1.467E-011  7.217E+007  2.182E+007
 1.330E+013  1.599E-011  7.217E+007  2.216E+007
 1.350E+013  1.745E-011  7.217E+007  2.250E+007
 1.370E+013  1.907E-011  7.217E+007  2.283E+007
 1.390E+013  2.084E-011  7.217E+007  2.317E+007
 1.410E+013  2.277E-011  7.217E+007  2.350E+007
 1.430E+013  2.486E-011  7.217E+007  2.384E+007
 1.450E+013  2.712E-011  7.218E+007  2.417E+007
 1.470E+013  2.953E-011  7.218E+007  2.451E+007
 1.490E+013  3.209E-011  7.218E+007  2.484E+007
 1.510E+013  3.479E-011  7.218E+007  2.518E+007
 1.530E+013  3.762E-011  7.218E+007  2.551E+007
 1.550E+013  4.056E-011  7.218E+007  2.585E+007
 1.570E+013  4.360E-011  7.218E+007  2.618E+007
 1.590E+013  4.672E-011  7.219E+007  2.652E+007
 1.610E+013  4.993E-011  7.219E+007  2.685E+007
 1.630E+013  5.319E-011  7.219E+007  2.718E+007
 1.650E+013  5.652E-011  7.219E+007  2.752E+007
 1.670E+013  5.990E-011  7.219E+007  2.785E+007
 1.690E+013  6.333E-011  7.220E+007  2.819E+007
 1.710E+013  6.681E-011  7.220E+007  2.852E+007
 1.730E+013  7.035E-011  7.220E+007  2.886E+007
 1.750E+013  7.395E-011  7.221E+007  2.919E+007
 1.770E+013  7.761E-011  7.221E+007  2.953E+007
 1.790E+013  8.136E-011  7.221E+007  2.986E+007
 1.810E+013  8.519E-011  7.222E+007  3.020E+007
 1.830E+013  8.912E-011  7.222E+007  3.053E+007
 1.850E+013  9.317E-011  7.223E+007  3.087E+007
 1.870E+013  9.735E-011  7.223E+007  3.120E+007
 1.890E+013  1.017E-010  7.224E+007  3.154E+007
 1.910E+013  1.061E-010  7.224E+007  3.188E+007
 1.930E+013  1.108E-010  7.225E+007  3.221E+007
 1.950E+013  1.156E-010  7.225E+007  3.255E+007
 1.970E+013  1.207E-010  7.226E+007  3.288E+007
 1.990E+013  1.259E-010  7.227E+007  3.322E+007
 2.010E+013  1.314E-010  7.227E+007  3.356E+007
 2.030E+013  1.371E-010  7.228E+007  3.389E+007
 2.050E+013  1.431E-010  7.229E+007  3.423E+007
 2.070E+013  1.494E-010  7.229E+007  3.457E+007
 2.090E+013  1.560E-010  7.230E+007  3.490E+007
 2.110E+013  1.629E-010  7.231E+007  3.524E+007
 2.130E+013  1.700E-010  7.232E+007  3.558E+007
 2.150E+013  1.775E-010  7.233E+007  3.591E+007
 2.170E+013  1.853E-010  7.234E+007  3.625E+007
 2.190E+013  1.935E-010  7.235E+007  3.659E+007
 2.210E+013  2.019E-010  7.236E+007  3.693E+007
 2.230E+013  2.107E-010  7.238E+007  3.726E+007
 2.250E+013  2.198E-010  7.239E+007  3.760E+007
 2.270E+013  2.292E-010  7.240E+007  3.794E+007
 2.290E+013  2.390E-010  7.242E+007  3.827E+007
 2.310E+013  2.490E-010  7.243E+007  3.861E+007
 2.330E+013  2.593E-010  7.245E+007  3.895E+007
 2.350E+013  2.700E-010  7.246E+007  3.929E+007
 2.370E+013  2.809E-010  7.248E+007  3.963E+007
 2.390E+013  2.922E-010  7.250E+007  3.996E+007
 2.410E+013  3.037E-010  7.252E+007  4.030E+007
 2.430E+013  3.155E-010  7.254E+007  4.064E+007
 2.450E+013  3.276E-010  7.256E+007  4.098E+007
 2.470E+013  3.401E-010  7.258E+007  4.132E+007
 2.490E+013  3.528E-010  7.260E+007  4.166E+007
 2.510E+013  3.660E-010  7.263E+007  4.200E+007
 2.530E+013  3.794E-010  7.265E+007  4.234E+007
 2.550E+013  3.933E-010  7.268E+007  4.268E+007
 2.570E+013  4.075E-010  7.270E+007  4.302E+007
 2.590E+013  4.222E-010  7.273E+007  4.336E+007
 2.610E+013  4.373E-010  7.276E+007  4.370E+007
 2.630E+013  4.529E-010  7.279E+007  4.404E+007
 2.650E+013  4.690E-010  7.283E+007  4.438E+007
 2.670E+013  4.856E-010  7.286E+007  4.472E+007
 2.690E+013  5.028E-010  7.290E+007  4.506E+007
 2.710E+013  5.205E-010  7.293E+007  4.541E+007
 2.730E+013  5.389E-010  7.297E+007  4.575E+007
 2.750E+013  5.578E-010  7.301E+007  4.609E+007
 2.770E+013  5.774E-010  7.305E+007  4.644E+007
 2.790E+013  5.977E-010  7.310E+007  4.678E+007
 2.810E+013  6.186E-010  7.314E+007  4.712E+007
 2.830E+013  6.403E-010  7.319E+007  4.747E+007
 2.850E+013  6.626E-010  7.324E+007  4.781E+007
 2.870E+013  6.857E-010  7.329E+007  4.816E+007
 2.890E+013  7.095E-010  7.334E+007  4.850E+007
 2.910E+013  7.340E-010  7.340E+007  4.885E+007
 2.930E+013  7.593E-010  7.346E+007  4.920E+007
 2.950E+013  7.853E-010  7.352E+007  4.954E+007
 2.970E+013  8.121E-010  7.358E+007  4.989E+007
 2.990E+013  8.396E-010  7.365E+007  5.024E+007
 3.010E+013  8.679E-010  7.371E+007  5.059E+007
 3.030E+013  8.971E-010  7.378E+007  5.094E+007
 3.050E+013  9.270E-010  7.386E+007  5.129E+007
 3.070E+013  9.577E-010  7.394E+007  5.164E+007
 3.090E+013  9.893E-010  7.402E+007  5.199E+007
 3.110E+013  1.022E-009  7.410E+007  5.235E+007
 3.130E+013  1.055E-009  7.419E+007  5.270E+007
 3.150E+013  1.089E-009  7.428E+007  5.305E+007
 3.170E+013  1.124E-009  7.437E+007  5.341E+007
 3.190E+013  1.161E-009  7.447E+007  5.376E+007
 3.210E+013  1.198E-009  7.457E+007  5.412E+007
 3.230E+013  1.236E-009  7.468E+007  5.448E+007
 3.250E+013  1.275E-009  7.479E+007  5.484E+007
 3.270E+013  1.315E-009  7.490E+007  5.520E+007
 3.290E+013  1.356E-009  7.502E+007  5.556E+007
 3.310E+013  1.398E-009  7.514E+007  5.592E+007
 3.330E+013  1.442E-009  7.527E+007  5.628E+007
 3.350E+013  1.487E-009  7.540E+007  5.665E+007
 3.370E+013  1.532E-009  7.554E+007  5.701E+007
 3.390E+013  1.579E-009  7.568E+007  5.738E+007
 3.410E+013  1.627E-009  7.583E+007  5.775E+007
 3.430E+013  1.677E-009  7.598E+007  5.811E+007
 3.450E+013  1.727E-009  7.614E+007  5.848E+007
 3.470E+013  1.779E-009  7.630E+007  5.886E+007
 3.490E+013  1.833E-009  7.647E+007  5.923E+007
 3.510E+013  1.888E-009  7.665E+007  5.960E+007
 3.530E+013  1.944E-009  7.684E+007  5.998E+007
 3.550E+013  2.001E-009  7.703E+007  6.036E+007
 3.570E+013  2.060E-009  7.722E+007  6.074E+007
 3.590E+013  2.121E-009  7.743E+007  6.112E+007
 3.610E+013  2.183E-009  7.764E+007  6.150E+007
 3.630E+013  2.247E-009  7.786E+007  6.189E+007
 3.650E+013  2.313E-009  7.809E+007  6.227E+007
 3.670E+013  2.381E-009  7.833E+007  6.266E+007
 3.690E+013  2.450E-009  7.857E+007  6.305E+007
 3.710E+013  2.522E-009  7.882E+007  6.344E+007
 3.730E+013  2.595E-009  7.909E+007  6.384E+007
 3.750E+013  2.671E-009  7.936E+007  6.424E+007
 3.770E+013  2.748E-009  7.964E+007  6.463E+007
 3.790E+013  2.828E-009  7.994E+007  6.504E+007
 3.810E+013  2.911E-009  8.024E+007  6.544E+007
 3.830E+013  2.995E-009  8.055E+007  6.585E+007
 3.850E+013  3.083E-009  8.088E+007  6.625E+007
 3.870E+013  3.173E-009  8.122E+007  6.667E+007
 3.890E+013  3.265E-009  8.157E+007  6.708E+007
 3.910E+013  3.361E-009  8.193E+007  6.750E+007
 3.930E+013  3.459E-009  8.231E+007  6.792E+007
 3.950E+013  3.560E-009  8.270E+007  6.834E+007
 3.970E+013  3.664E-009  8.310E+007  6.876E+007
 3.990E+013  3.772E-009  8.352E+007  6.919E+007
 4.010E+013  3.883E-009  8.395E+007  6.962E+007
 4.030E+013  3.997E-009  8.440E+007  7.006E+007
 4.050E+013  4.115E-009  8.487E+007  7.050E+007
 4.070E+013  4.236E-009  8.535E+007  7.094E+007
 4.090E+013  4.362E-009  8.585E+007  7.139E+007
 4.110E+013  4.491E-009  8.637E+007  7.183E+007
 4.130E+013  4.624E-009  8.691E+007  7.229E+007
 4.150E+013  4.761E-009  8.747E+007  7.274E+007
 4.170E+013  4.903E-009  8.806E+007  7.320E+007
 4.190E+013  5.050E-009  8.866E+007  7.367E+007
 4.210E+013  5.201E-009  8.928E+007  7.414E+007
 4.230E+013  5.357E-009  8.993E+007  7.461E+007
 4.250E+013  5.518E-009  9.060E+007  7.509E+007
 4.270E+013  5.684E-009  9.130E+007  7.557E+007
 4.290E+013  5.857E-009  9.203E+007  7.605E+007
 4.310E+013  6.034E-009  9.278E+007  7.655E+007
 4.330E+013  6.218E-009  9.356E+007  7.704E+007
 4.350E+013  6.408E-009  9.437E+007  7.754E+007
 4.370E+013  6.605E-009  9.521E+007  7.805E+007
 4.390E+013  6.809E-009  9.609E+007  7.856E+007
 4.410E+013  7.020E-009  9.700E+007  7.907E+007
 4.430E+013  7.238E-009  9.794E+007  7.959E+007
 4.450E+013  7.465E-009  9.892E+007  8.012E+007
 4.470E+013  7.699E-009  9.994E+007  8.065E+007
 4.490E+013  7.943E-009  1.010E+008  8.119E+007
 4.510E+013  8.195E-009  1.021E+008  8.173E+007
 4.530E+013  8.458E-009  1.032E+008  8.228E+007
 4.550E+013  8.730E-009  1.044E+008  8.283E+007
 4.570E+013  9.013E-009  1.057E+008  8.339E+007
 4.590E+013  9.307E-009  1.070E+008  8.396E+007
 4.610E+013  9.614E-009  1.083E+008  8.454E+007
 4.630E+013  9.932E-009  1.097E+008  8.511E+007
 4.650E+013  1.026E-008  1.112E+008  8.570E+007
 4.670E+013  1.061E-008  1.127E+008  8.629E+007
 4.690E+013  1.097E-008  1.143E+008  8.689E+007
 4.710E+013  1.134E-008  1.159E+008  8.750E+007
 4.730E+013  1.174E-008  1.176E+008  8.811E+007
 4.750E+013  1.214E-008  1.194E+008  8.873E+007
 4.770E+013  1.257E-008  1.213E+008  8.936E+007
 4.790E+013  1.302E-008  1.232E+008  8.999E+007
 4.810E+013  1.348E-008  1.252E+008  9.063E+007
 4.830E+013  1.397E-008  1.274E+008  9.128E+007
 4.850E+013  1.448E-008  1.296E+008  9.194E+007
 4.870E+013  1.501E-008  1.319E+008  9.260E+007
 4.890E+013  1.557E-008  1.343E+008  9.327E+007
 4.910E+013  1.615E-008  1.368E+008  9.395E+007
 4.930E+013  1.677E-008  1.394E+008  9.463E+007
 4.950E+013  1.741E-008  1.422E+008  9.532E+007
 4.970E+013  1.808E-008  1.451E+008  9.602E+007
 4.990E+013  1.879E-008  1.481E+008  9.673E+007
 5.010E+013  1.954E-008  1.513E+008  9.744E+007
 5.030E+013  2.032E-008  1.546E+008  9.817E+007
 5.050E+013  2.115E-008  1.580E+008  9.889E+007
 5.070E+013  2.201E-008  1.617E+008  9.963E+007
 5.090E+013  2.293E-008  1.655E+008  1.004E+008
 5.110E+013  2.389E-008  1.695E+008  1.011E+008
 5.130E+013  2.491E-008  1.736E+008  1.019E+008
 5.150E+013  2.598E-008  1.780E+008  1.026E+008
 5.170E+013  2.712E-008  1.827E+008  1.034E+008
 5.190E+013  2.832E-008  1.875E+008  1.042E+008
 5.210E+013  2.958E-008  1.926E+008  1.050E+008
 5.230E+013  3.094E-008  1.981E+008  1.058E+008
 5.250E+013  3.237E-008  2.038E+008  1.066E+008
 5.270E+013  3.379E-008  2.088E+008  1.073E+008
 5.290E+013  3.546E-008  2.162E+008  1.080E+008
 5.310E+013  3.753E-008  2.272E+008  1.096E+008
 5.330E+013  3.822E-008  2.262E+008  1.106E+008
 5.350E+013  3.549E-008  1.875E+008  1.079E+008
 5.370E+013  2.452E-008  8.560E+007  9.396E+007
 5.390E+013  1.437E-008  1.393E+007  6.237E+007
 5.410E+013  1.073E-008  3.365E+005  2.250E+007
 5.430E+013  1.003E-008  1.292E+002  1.773E+006
 5.450E+013  1.000E-008  6.236E+001  4.869E+003
 5.470E+013  1.000E-008  6.236E+001  1.587E-002
 5.490E+013  1.000E-008  6.236E+001  1.440E-011
 5.510E+013  1.000E-008  6.236E+001 -5.116E-013
 5.530E+013  1.000E-008  6.236E+001  1.023E-012
 5.550E+013  1.000E-008  6.236E+001 -2.047E-012
 5.570E+013  1.000E-008  6.236E+001  1.023E-012
 5.590E+013  1.000E-008  6.236E+001  5.116E-013
 5.610E+013  1.000E-008  6.236E+001 -5.116E-013
 5.630E+013  1.000E-008  6.236E+001  5.116E-013
 5.650E+013  1.000E-008  6.236E+001 -3.070E-012
 5.670E+013  1.000E-008  6.236E+001  3.070E-012
 5.690E+013  1.000E-008  6.236E+001  3.070E-012
 5.710E+013  1.000E-008  6.236E+001 -3.070E-012
 5.730E+013  1.000E-008  6.236E+001  3.581E-012
 5.750E+013  1.000E-008  6.236E+001 -7.674E-012
 5.770E+013  1.000E-008  6.236E+001 -5.116E-013
 5.790E+013  1.000E-008  6.236E+001  4.605E-012
 5.810E+013  1.000E-008  6.236E+001  2.455E-011
 5.830E+013  1.000E-008  6.236E+001 -2.455E-011
 5.850E+013  1.000E-008  6.236E+001  0.000E+000
 5.870E+013  1.000E-008  6.236E+001  0.000E+000
 5.890E+013  1.000E-008  6.236E+001  0.000E+000
 5.910E+013  1.000E-008  6.236E+001  0.000E+000
 5.930E+013  1.000E-008  6.236E+001  0.000E+000
 5.950E+013  1.000E-008  6.236E+001  0.000E+000
 5.970E+013  1.000E-008  6.236E+001  0.000E+000
 5.990E+013  1.000E-008  6.236E+001  0.000E+000
 6.010E+013  1.000E-008  6.236E+001  0.000E+000
 6.030E+013  1.000E-008  6.236E+001  5.116E-013
 6.050E+013  1.000E-008  6.236E+001 -5.116E-013
 6.070E+013  1.000E-008  6.236E+001  5.116E-013
 6.090E+013  1.000E-008  6.236E+001 -5.116E-013
 6.110E+013  1.000E-008  6.236E+001  0.000E+000
 6.130E+013  1.000E-008  6.236E+001  0.000E+000
 6.150E+013  1.000E-008  6.236E+001  0.000E+000
 6.170E+013  1.000E-008  6.236E+001  5.116E-013
 6.190E+013  1.000E-008  6.236E+001 -5.116E-013
 6.210E+013  1.000E-008  6.236E+001  0.000E+000
 6.230E+013  1.000E-008  6.236E+001  0.000E+000
 6.250E+013  1.000E-008  6.236E+001  0.000E+000
 6.270E+013  1.000E-008  6.236E+001  0.000E+000
 6.290E+013  1.000E-008  6.236E+001  0.000E+000
 6.310E+013  1.000E-008  6.236E+001  0.000E+000
 6.330E+013  1.000E-008  6.236E+001  0.000E+000
 6.350E+013  1.000E-008  6.236E+001  5.116E-013
 6.370E+013  1.000E-008  6.236E+001 -5.116E-013
 6.390E+013  1.000E-008  6.236E+001  0.000E+000
 6.410E+013  1.000E-008  6.236E+001  0.000E+000
 6.430E+013  1.000E-008  6.236E+001  0.000E+000
 6.450E+013  1.000E-008  6.236E+001  0.000E+000
 6.470E+013  1.000E-008  6.236E+001  5.116E-013
 6.490E+013  1.000E-008  6.236E+001 -5.116E-013
 6.510E+013  1.000E-008  6.236E+001  0.000E+000
 6.530E+013  1.000E-008  6.236E+001  0.000E+000
 6.550E+013  1.000E-008  6.236E+001  0.000E+000
 6.570E+013  1.000E-008  6.236E+001  0.000E+000
 6.590E+013  1.000E-008  6.236E+001  5.116E-013
 6.610E+013  1.000E-008  6.236E+001 -5.116E-013
 6.630E+013  1.000E-008  6.236E+001  0.000E+000
 6.650E+013  1.000E-008  6.236E+001  0.000E+000
 6.670E+013  1.000E-008  6.236E+001  0.000E+000
 6.690E+013  1.000E-008  6.236E+001  5.116E-013
 6.710E+013  1.000E-008  6.236E+001 -5.116E-013
 6.730E+013  1.000E-008  6.236E+001  0.000E+000
 6.750E+013  1.000E-008  6.236E+001  0.000E+000
 6.770E+013  1.000E-008  6.236E+001  5.116E-013
 6.790E+013  1.000E-008  6.236E+001 -5.116E-013
 6.810E+013  1.000E-008  6.236E+001  5.116E-013
 6.830E+013  1.000E-008  6.236E+001 -1.843E-034
 6.850E+013  1.000E-008  6.236E+001 -5.116E-013
 6.870E+013  1.000E-008  6.236E+001  0.000E+000
 6.890E+013  1.000E-008  6.236E+001  0.000E+000
 6.910E+013  1.000E-008  6.236E+001  0.000E+000
 6.930E+013  1.000E-008  6.236E+001  5.116E-013
 6.950E+013  1.000E-008  6.236E+001 -5.116E-013
 6.970E+013  1.000E-008  6.236E+001  0.000E+000
 6.990E+013  1.000E-008  6.236E+001  0.000E+000
 7.010E+013  1.000E-008  6.236E+001  0.000E+000
 7.030E+013  1.000E-008  6.236E+001  0.000E+000
 7.050E+013  1.000E-008  6.236E+001  0.000E+000
 7.070E+013  1.000E-008  6.236E+001  0.000E+000
 7.090E+013  1.000E-008  6.236E+001  0.000E+000
 7.110E+013  1.000E-008  6.236E+001  0.000E+000
 7.130E+013  1.000E-008  6.236E+001  0.000E+000
 7.150E+013  1.000E-008  6.236E+001  0.000E+000
 7.170E+013  1.000E-008  6.236E+001  0.000E+000
 7.190E+013  1.000E-008  6.236E+001  5.116E-013
 7.210E+013  1.000E-008  6.236E+001 -5.116E-013
 7.230E+013  1.000E-008  6.236E+001  0.000E+000
 7.250E+013  1.000E-008  6.236E+001  0.000E+000
 7.270E+013  1.000E-008  6.236E+001  1.023E-012
 7.290E+013  1.000E-008  6.236E+001 -6.906E-034
 7.310E+013  1.000E-008  6.236E+001 -1.023E-012
 7.330E+013  1.000E-008  6.236E+001 -1.572E-031
 7.350E+013  1.000E-008  6.236E+001 -5.116E-013
 7.370E+013  1.000E-008  6.236E+001  5.116E-013
 7.390E+013  1.000E-008  6.236E+001  1.570E-031
 7.410E+013  1.000E-008  6.236E+001  5.070E-069
 7.430E+013  1.000E-008  6.236E+001  2.465E-144
 7.450E+013  1.000E-008  6.236E+001  2.816E-295
 7.470E+013  1.000E-008  6.236E+001  0.000E+000
 7.490E+013  1.000E-008  6.236E+001  0.000E+000
 7.510E+013  1.000E-008  6.236E+001  0.000E+000
 7.530E+013  1.000E-008  6.236E+001  0.000E+000
 7.550E+013  1.000E-008  6.236E+001  0.000E+000
 7.570E+013  1.000E-008  6.236E+001  0.000E+000
 7.590E+013  1.000E-008  6.236E+001  0.000E+000
 7.610E+013  1.000E-008  6.236E+001  0.000E+000
 7.630E+013  1.000E-008  6.236E+001  0.000E+000
 7.650E+013  1.000E-008  6.236E+001  0.000E+000
 7.670E+013  1.000E-008  6.236E+001  1.023E-012
 7.690E+013  1.000E-008  6.236E+001 -1.023E-012
 7.710E+013  1.000E-008  6.236E+001  1.535E-012
 7.730E+013  1.000E-008  6.236E+001 -1.535E-012
 7.750E+013  1.000E-008  6.236E+001  3.722E-032
 7.770E+013  1.000E-008  6.236E+001  1.023E-012
 7.790E+013  1.000E-008  6.236E+001 -3.070E-012
 7.810E+013  1.000E-008  6.236E+001  3.070E-012
 7.830E+013  1.000E-008  6.236E+001 -1.023E-012
 7.850E+013  1.000E-008  6.236E+001 -3.582E-069
 7.870E+013  1.000E-008  6.236E+001 -1.320E-031
 7.890E+013  1.000E-008  6.236E+001 -5.116E-013
 7.910E+013  1.000E-008  6.236E+001 -2.558E-012
 7.930E+013  1.000E-008  6.236E+001  1.535E-012
 7.950E+013  1.000E-008  6.236E+001  1.535E-012
 7.970E+013  1.000E-008  6.236E+001 -2.047E-012
 7.990E+013  1.000E-008  6.236E+001  2.047E-012
 8.010E+013  1.000E-008  6.236E+001  2.512E-030
 8.030E+013  1.000E-008  6.236E+001  1.298E-066
 8.050E+013  1.000E-008  6.236E+001  1.616E-139
 8.070E+013  1.000E-008  6.236E+001 -1.305E-278
 8.090E+013  1.000E-008  6.236E+001 -5.306E-136
 8.110E+013  1.000E-008  6.236E+001 -7.438E-065
 8.130E+013  1.000E-008  6.236E+001 -1.902E-029
 8.150E+013  1.000E-008  6.236E+001 -5.628E-012
 8.170E+013  1.000E-008  6.236E+001  7.163E-012
 8.190E+013  1.000E-008  6.236E+001 -1.535E-012
 8.210E+013  1.000E-008  6.236E+001  0.000E+000
 8.230E+013  1.000E-008  6.236E+001  0.000E+000
 8.250E+013  1.000E-008  6.236E+001  0.000E+000
 8.270E+013  1.000E-008  6.236E+001  0.000E+000
 8.290E+013  1.000E-008  6.236E+001  2.047E-012
 8.310E+013  1.000E-008  6.236E+001 -2.047E-012
 8.330E+013  1.000E-008  6.236E+001 -1.526E-031
 8.350E+013  1.000E-008  6.236E+001  3.070E-012
 8.370E+013  1.000E-008  6.236E+001 -2.558E-012
 8.390E+013  1.000E-008  6.236E+001 -1.572E-031
 8.410E+013  1.000E-008  6.236E+001 -5.116E-013
 8.430E+013  1.000E-008  6.236E+001  5.116E-013
 8.450E+013  1.000E-008  6.236E+001 -1.489E-034
 8.470E+013  1.000E-008  6.236E+001 -5.116E-013
 8.490E+013  1.000E-008  6.236E+001 -7.411E-035
 8.510E+013  1.000E-008  6.236E+001  5.116E-013
 8.530E+013  1.000E-008  6.236E+001 -1.475E-034
 8.550E+013  1.000E-008  6.236E+001 -5.116E-013
 8.570E+013  1.000E-008  6.236E+001 -7.341E-035
 8.590E+013  1.000E-008  6.236E+001  5.116E-013
 8.610E+013  1.000E-008  6.236E+001 -5.116E-013
 8.630E+013  1.000E-008  6.236E+001  0.000E+000
 8.650E+013  1.000E-008  6.236E+001  0.000E+000
 8.670E+013  1.000E-008  6.236E+001  0.000E+000
 8.690E+013  1.000E-008  6.236E+001  0.000E+000
 8.710E+013  1.000E-008  6.236E+001  0.000E+000
 8.730E+013  1.000E-008  6.236E+001  0.000E+000
 8.750E+013  1.000E-008  6.236E+001  5.116E-013
 8.770E+013  1.000E-008  6.236E+001 -5.116E-013
 8.790E+013  1.000E-008  6.236E+001 -7.157E-035
 8.810E+013  1.000E-008  6.236E+001  5.116E-013
 8.830E+013  1.000E-008  6.236E+001 -5.116E-013
 8.850E+013  1.000E-008  6.236E+001  5.116E-013
 8.870E+013  1.000E-008  6.236E+001  5.116E-013
 8.890E+013  1.000E-008  6.236E+001 -1.023E-012
 8.910E+013  1.000E-008  6.236E+001  0.000E+000
 8.930E+013  1.000E-008  6.236E+001  0.000E+000
 8.950E+013  1.000E-008  6.236E+001  0.000E+000
 8.970E+013  1.000E-008  6.236E+001  0.000E+000
 8.990E+013  1.000E-008  6.236E+001  0.000E+000
 9.010E+013  1.000E-008  6.236E+001  5.116E-013
 9.030E+013  1.000E-008  6.236E+001 -1.393E-034
 9.050E+013  1.000E-008  6.236E+001 -5.116E-013
 9.070E+013  1.000E-008  6.236E+001  5.116E-013
 9.090E+013  1.000E-008  6.236E+001 -1.384E-034
 9.110E+013  1.000E-008  6.236E+001 -5.116E-013
 9.130E+013  1.000E-008  6.236E+001  0.000E+000
 9.150E+013  1.000E-008  6.236E+001  0.000E+000
 9.170E+013  1.000E-008  6.236E+001  0.000E+000
 9.190E+013  1.000E-008  6.236E+001  0.000E+000
 9.210E+013  1.000E-008  6.236E+001  0.000E+000
 9.230E+013  1.000E-008  6.236E+001  5.116E-013
 9.250E+013  1.000E-008  6.236E+001 -1.360E-034
 9.270E+013  1.000E-008  6.236E+001 -5.116E-013
 9.290E+013  1.000E-008  6.236E+001  0.000E+000
 9.310E+013  1.000E-008  6.236E+001  0.000E+000
 9.330E+013  1.000E-008  6.236E+001  0.000E+000
 9.350E+013  1.000E-008  6.236E+001  0.000E+000
 9.370E+013  1.000E-008  6.236E+001  5.116E-013
 9.390E+013  1.000E-008  6.236E+001 -5.116E-013
 9.410E+013  1.000E-008  6.236E+001  5.116E-013
 9.430E+013  1.000E-008  6.236E+001 -5.116E-013
 9.450E+013  1.000E-008  6.236E+001  0.000E+000
 9.470E+013  1.000E-008  6.236E+001  0.000E+000
 9.490E+013  1.000E-008  6.236E+001  0.000E+000
 9.510E+013  1.000E-008  6.236E+001  0.000E+000
 9.530E+013  1.000E-008  6.236E+001  5.116E-013
 9.550E+013  1.000E-008  6.236E+001 -5.116E-013
 9.570E+013  1.000E-008  6.236E+001 -5.080E-069
 9.590E+013  1.000E-008  6.236E+001 -1.572E-031
 9.610E+013  1.000E-008  6.236E+001 -5.116E-013
 9.630E+013  1.000E-008  6.236E+001  5.116E-013
 9.650E+013  1.000E-008  6.236E+001  1.570E-031
 9.670E+013  1.000E-008  6.236E+001  5.116E-013
 9.690E+013  1.000E-008  6.236E+001 -5.116E-013
 9.710E+013  1.000E-008  6.236E+001  0.000E+000
 9.730E+013  1.000E-008  6.236E+001  0.000E+000
 9.750E+013  1.000E-008  6.236E+001  0.000E+000
 9.770E+013  1.000E-008  6.236E+001  0.000E+000
 9.790E+013  1.000E-008  6.236E+001  0.000E+000
 9.810E+013  1.000E-008  6.236E+001  0.000E+000
 9.830E+013  1.000E-008  6.236E+001  0.000E+000
 9.850E+013  1.000E-008  6.236E+001  0.000E+000
 9.870E+013  1.000E-008  6.236E+001  0.000E+000
 9.890E+013  1.000E-008  6.236E+001  0.000E+000
 9.910E+013  1.000E-008  6.236E+001  0.000E+000
 9.930E+013  1.000E-008  6.236E+001  0.000E+000
 9.950E+013  1.000E-008  6.236E+001  5.116E-013
 9.970E+013  1.000E-008  6.236E+001 -5.116E-013
 9.990E+013  1.000E-008  6.236E+001  0.000E+000
 1.001E+014  1.000E-099  1.000E-099  0.000E+000
 1.003E+014  1.000E-099  1.000E-099  0.000E+000
 4.567E-003
