 2.220E+005
     x1b        dens       energ       v1
 1.000E+011  2.820E-012  4.278E+007  0.000E+000
 3.000E+011  2.822E-012  4.278E+007  2.359E+005
 5.000E+011  2.827E-012  4.278E+007  4.284E+005
 7.000E+011  2.839E-012  4.278E+007  6.568E+005
 9.000E+011  2.857E-012  4.278E+007  8.693E+005
 1.100E+012  2.883E-012  4.278E+007  1.090E+006
 1.300E+012  2.917E-012  4.278E+007  1.306E+006
 1.500E+012  2.957E-012  4.278E+007  1.525E+006
 1.700E+012  3.001E-012  4.278E+007  1.742E+006
 1.900E+012  3.050E-012  4.278E+007  1.960E+006
 2.100E+012  3.100E-012  4.278E+007  2.178E+006
 2.300E+012  3.152E-012  4.278E+007  2.396E+006
 2.500E+012  3.205E-012  4.278E+007  2.613E+006
 2.700E+012  3.257E-012  4.278E+007  2.831E+006
 2.900E+012  3.309E-012  4.278E+007  3.049E+006
 3.100E+012  3.357E-012  4.278E+007  3.267E+006
 3.300E+012  3.401E-012  4.278E+007  3.485E+006
 3.500E+012  3.435E-012  4.278E+007  3.702E+006
 3.700E+012  3.456E-012  4.278E+007  3.920E+006
 3.900E+012  3.464E-012  4.278E+007  4.138E+006
 4.100E+012  3.465E-012  4.278E+007  4.356E+006
 4.300E+012  3.465E-012  4.278E+007  4.573E+006
 4.500E+012  3.465E-012  4.278E+007  4.791E+006
 4.700E+012  3.464E-012  4.278E+007  5.009E+006
 4.900E+012  3.464E-012  4.278E+007  5.227E+006
 5.100E+012  3.462E-012  4.278E+007  5.444E+006
 5.300E+012  3.461E-012  4.278E+007  5.662E+006
 5.500E+012  3.458E-012  4.278E+007  5.880E+006
 5.700E+012  3.454E-012  4.278E+007  6.098E+006
 5.900E+012  3.450E-012  4.278E+007  6.316E+006
 6.100E+012  3.447E-012  4.278E+007  6.533E+006
 6.300E+012  3.446E-012  4.278E+007  6.751E+006
 6.500E+012  3.446E-012  4.278E+007  6.969E+006
 6.700E+012  3.446E-012  4.278E+007  7.187E+006
 6.900E+012  3.446E-012  4.278E+007  7.404E+006
 7.100E+012  3.447E-012  4.278E+007  7.622E+006
 7.300E+012  3.449E-012  4.278E+007  7.840E+006
 7.500E+012  3.451E-012  4.278E+007  8.058E+006
 7.700E+012  3.455E-012  4.278E+007  8.276E+006
 7.900E+012  3.460E-012  4.278E+007  8.493E+006
 8.100E+012  3.468E-012  4.278E+007  8.711E+006
 8.300E+012  3.478E-012  4.278E+007  8.929E+006
 8.500E+012  3.491E-012  4.278E+007  9.147E+006
 8.700E+012  3.507E-012  4.278E+007  9.364E+006
 8.900E+012  3.528E-012  4.278E+007  9.582E+006
 9.100E+012  3.553E-012  4.278E+007  9.800E+006
 9.300E+012  3.583E-012  4.278E+007  1.002E+007
 9.500E+012  3.619E-012  4.278E+007  1.024E+007
 9.700E+012  3.661E-012  4.278E+007  1.045E+007
 9.900E+012  3.711E-012  4.278E+007  1.067E+007
 1.010E+013  3.769E-012  4.278E+007  1.089E+007
 1.030E+013  3.835E-012  4.278E+007  1.111E+007
 1.050E+013  3.912E-012  4.278E+007  1.133E+007
 1.070E+013  3.999E-012  4.278E+007  1.154E+007
 1.090E+013  4.099E-012  4.278E+007  1.176E+007
 1.110E+013  4.212E-012  4.278E+007  1.198E+007
 1.130E+013  4.340E-012  4.278E+007  1.220E+007
 1.150E+013  4.484E-012  4.278E+007  1.242E+007
 1.170E+013  4.648E-012  4.278E+007  1.263E+007
 1.190E+013  4.831E-012  4.278E+007  1.285E+007
 1.210E+013  5.038E-012  4.278E+007  1.307E+007
 1.230E+013  5.269E-012  4.278E+007  1.329E+007
 1.250E+013  5.529E-012  4.278E+007  1.351E+007
 1.270E+013  5.821E-012  4.278E+007  1.373E+007
 1.290E+013  6.147E-012  4.278E+007  1.394E+007
 1.310E+013  6.512E-012  4.278E+007  1.416E+007
 1.330E+013  6.919E-012  4.278E+007  1.438E+007
 1.350E+013  7.374E-012  4.278E+007  1.460E+007
 1.370E+013  7.880E-012  4.278E+007  1.482E+007
 1.390E+013  8.444E-012  4.278E+007  1.504E+007
 1.410E+013  9.069E-012  4.278E+007  1.526E+007
 1.430E+013  9.763E-012  4.278E+007  1.547E+007
 1.450E+013  1.053E-011  4.278E+007  1.569E+007
 1.470E+013  1.137E-011  4.278E+007  1.591E+007
 1.490E+013  1.230E-011  4.278E+007  1.613E+007
 1.510E+013  1.332E-011  4.278E+007  1.635E+007
 1.530E+013  1.443E-011  4.278E+007  1.657E+007
 1.550E+013  1.563E-011  4.278E+007  1.679E+007
 1.570E+013  1.693E-011  4.278E+007  1.700E+007
 1.590E+013  1.832E-011  4.278E+007  1.722E+007
 1.610E+013  1.981E-011  4.278E+007  1.744E+007
 1.630E+013  2.139E-011  4.278E+007  1.766E+007
 1.650E+013  2.306E-011  4.278E+007  1.787E+007
 1.670E+013  2.482E-011  4.278E+007  1.809E+007
 1.690E+013  2.665E-011  4.278E+007  1.831E+007
 1.710E+013  2.856E-011  4.278E+007  1.853E+007
 1.730E+013  3.052E-011  4.279E+007  1.874E+007
 1.750E+013  3.255E-011  4.279E+007  1.896E+007
 1.770E+013  3.462E-011  4.279E+007  1.918E+007
 1.790E+013  3.673E-011  4.279E+007  1.939E+007
 1.810E+013  3.889E-011  4.279E+007  1.961E+007
 1.830E+013  4.108E-011  4.279E+007  1.983E+007
 1.850E+013  4.329E-011  4.279E+007  2.005E+007
 1.870E+013  4.554E-011  4.279E+007  2.026E+007
 1.890E+013  4.782E-011  4.279E+007  2.048E+007
 1.910E+013  5.014E-011  4.279E+007  2.070E+007
 1.930E+013  5.248E-011  4.279E+007  2.092E+007
 1.950E+013  5.487E-011  4.279E+007  2.113E+007
 1.970E+013  5.729E-011  4.280E+007  2.135E+007
 1.990E+013  5.976E-011  4.280E+007  2.157E+007
 2.010E+013  6.229E-011  4.280E+007  2.179E+007
 2.030E+013  6.488E-011  4.280E+007  2.200E+007
 2.050E+013  6.753E-011  4.280E+007  2.222E+007
 2.070E+013  7.025E-011  4.280E+007  2.244E+007
 2.090E+013  7.306E-011  4.281E+007  2.266E+007
 2.110E+013  7.595E-011  4.281E+007  2.288E+007
 2.130E+013  7.894E-011  4.281E+007  2.309E+007
 2.150E+013  8.204E-011  4.281E+007  2.331E+007
 2.170E+013  8.526E-011  4.281E+007  2.353E+007
 2.190E+013  8.859E-011  4.281E+007  2.375E+007
 2.210E+013  9.206E-011  4.282E+007  2.397E+007
 2.230E+013  9.566E-011  4.282E+007  2.418E+007
 2.250E+013  9.941E-011  4.282E+007  2.440E+007
 2.270E+013  1.033E-010  4.282E+007  2.462E+007
 2.290E+013  1.074E-010  4.283E+007  2.484E+007
 2.310E+013  1.116E-010  4.283E+007  2.506E+007
 2.330E+013  1.160E-010  4.283E+007  2.528E+007
 2.350E+013  1.206E-010  4.284E+007  2.549E+007
 2.370E+013  1.254E-010  4.284E+007  2.571E+007
 2.390E+013  1.304E-010  4.284E+007  2.593E+007
 2.410E+013  1.355E-010  4.285E+007  2.615E+007
 2.430E+013  1.408E-010  4.285E+007  2.637E+007
 2.450E+013  1.464E-010  4.285E+007  2.659E+007
 2.470E+013  1.521E-010  4.286E+007  2.681E+007
 2.490E+013  1.580E-010  4.286E+007  2.702E+007
 2.510E+013  1.641E-010  4.287E+007  2.724E+007
 2.530E+013  1.704E-010  4.287E+007  2.746E+007
 2.550E+013  1.768E-010  4.288E+007  2.768E+007
 2.570E+013  1.835E-010  4.288E+007  2.790E+007
 2.590E+013  1.903E-010  4.289E+007  2.812E+007
 2.610E+013  1.973E-010  4.289E+007  2.834E+007
 2.630E+013  2.045E-010  4.290E+007  2.855E+007
 2.650E+013  2.118E-010  4.290E+007  2.877E+007
 2.670E+013  2.194E-010  4.291E+007  2.899E+007
 2.690E+013  2.270E-010  4.292E+007  2.921E+007
 2.710E+013  2.349E-010  4.292E+007  2.943E+007
 2.730E+013  2.430E-010  4.293E+007  2.965E+007
 2.750E+013  2.512E-010  4.294E+007  2.987E+007
 2.770E+013  2.596E-010  4.295E+007  3.009E+007
 2.790E+013  2.683E-010  4.295E+007  3.031E+007
 2.810E+013  2.771E-010  4.296E+007  3.053E+007
 2.830E+013  2.862E-010  4.297E+007  3.075E+007
 2.850E+013  2.955E-010  4.298E+007  3.097E+007
 2.870E+013  3.050E-010  4.299E+007  3.119E+007
 2.890E+013  3.148E-010  4.300E+007  3.141E+007
 2.910E+013  3.249E-010  4.301E+007  3.163E+007
 2.930E+013  3.352E-010  4.302E+007  3.185E+007
 2.950E+013  3.459E-010  4.303E+007  3.207E+007
 2.970E+013  3.568E-010  4.304E+007  3.229E+007
 2.990E+013  3.681E-010  4.306E+007  3.251E+007
 3.010E+013  3.797E-010  4.307E+007  3.273E+007
 3.030E+013  3.917E-010  4.308E+007  3.295E+007
 3.050E+013  4.040E-010  4.310E+007  3.317E+007
 3.070E+013  4.167E-010  4.311E+007  3.339E+007
 3.090E+013  4.298E-010  4.312E+007  3.361E+007
 3.110E+013  4.433E-010  4.314E+007  3.383E+007
 3.130E+013  4.572E-010  4.316E+007  3.406E+007
 3.150E+013  4.714E-010  4.317E+007  3.428E+007
 3.170E+013  4.861E-010  4.319E+007  3.450E+007
 3.190E+013  5.012E-010  4.321E+007  3.472E+007
 3.210E+013  5.167E-010  4.322E+007  3.494E+007
 3.230E+013  5.327E-010  4.324E+007  3.517E+007
 3.250E+013  5.490E-010  4.326E+007  3.539E+007
 3.270E+013  5.658E-010  4.328E+007  3.561E+007
 3.290E+013  5.830E-010  4.330E+007  3.583E+007
 3.310E+013  6.007E-010  4.333E+007  3.606E+007
 3.330E+013  6.188E-010  4.335E+007  3.628E+007
 3.350E+013  6.374E-010  4.337E+007  3.650E+007
 3.370E+013  6.564E-010  4.340E+007  3.673E+007
 3.390E+013  6.759E-010  4.342E+007  3.695E+007
 3.410E+013  6.958E-010  4.345E+007  3.718E+007
 3.430E+013  7.162E-010  4.347E+007  3.740E+007
 3.450E+013  7.371E-010  4.350E+007  3.762E+007
 3.470E+013  7.585E-010  4.353E+007  3.785E+007
 3.490E+013  7.804E-010  4.356E+007  3.808E+007
 3.510E+013  8.027E-010  4.359E+007  3.830E+007
 3.530E+013  8.257E-010  4.363E+007  3.853E+007
 3.550E+013  8.491E-010  4.366E+007  3.875E+007
 3.570E+013  8.731E-010  4.369E+007  3.898E+007
 3.590E+013  8.977E-010  4.373E+007  3.921E+007
 3.610E+013  9.228E-010  4.377E+007  3.943E+007
 3.630E+013  9.485E-010  4.380E+007  3.966E+007
 3.650E+013  9.748E-010  4.384E+007  3.989E+007
 3.670E+013  1.002E-009  4.388E+007  4.012E+007
 3.690E+013  1.029E-009  4.393E+007  4.035E+007
 3.710E+013  1.057E-009  4.397E+007  4.058E+007
 3.730E+013  1.086E-009  4.401E+007  4.081E+007
 3.750E+013  1.116E-009  4.406E+007  4.104E+007
 3.770E+013  1.146E-009  4.411E+007  4.127E+007
 3.790E+013  1.176E-009  4.416E+007  4.150E+007
 3.810E+013  1.208E-009  4.421E+007  4.173E+007
 3.830E+013  1.240E-009  4.426E+007  4.196E+007
 3.850E+013  1.273E-009  4.432E+007  4.220E+007
 3.870E+013  1.306E-009  4.437E+007  4.243E+007
 3.890E+013  1.340E-009  4.443E+007  4.266E+007
 3.910E+013  1.375E-009  4.449E+007  4.290E+007
 3.930E+013  1.411E-009  4.455E+007  4.313E+007
 3.950E+013  1.447E-009  4.462E+007  4.337E+007
 3.970E+013  1.485E-009  4.468E+007  4.360E+007
 3.990E+013  1.523E-009  4.475E+007  4.384E+007
 4.010E+013  1.562E-009  4.482E+007  4.408E+007
 4.030E+013  1.602E-009  4.490E+007  4.432E+007
 4.050E+013  1.642E-009  4.497E+007  4.455E+007
 4.070E+013  1.684E-009  4.505E+007  4.479E+007
 4.090E+013  1.727E-009  4.513E+007  4.503E+007
 4.110E+013  1.770E-009  4.521E+007  4.528E+007
 4.130E+013  1.815E-009  4.529E+007  4.552E+007
 4.150E+013  1.860E-009  4.538E+007  4.576E+007
 4.170E+013  1.907E-009  4.547E+007  4.600E+007
 4.190E+013  1.955E-009  4.556E+007  4.625E+007
 4.210E+013  2.004E-009  4.566E+007  4.649E+007
 4.230E+013  2.054E-009  4.576E+007  4.674E+007
 4.250E+013  2.105E-009  4.586E+007  4.699E+007
 4.270E+013  2.158E-009  4.596E+007  4.723E+007
 4.290E+013  2.212E-009  4.607E+007  4.748E+007
 4.310E+013  2.267E-009  4.618E+007  4.773E+007
 4.330E+013  2.323E-009  4.630E+007  4.798E+007
 4.350E+013  2.381E-009  4.642E+007  4.824E+007
 4.370E+013  2.440E-009  4.654E+007  4.849E+007
 4.390E+013  2.501E-009  4.666E+007  4.874E+007
 4.410E+013  2.563E-009  4.679E+007  4.900E+007
 4.430E+013  2.627E-009  4.693E+007  4.926E+007
 4.450E+013  2.692E-009  4.706E+007  4.951E+007
 4.470E+013  2.759E-009  4.721E+007  4.977E+007
 4.490E+013  2.827E-009  4.735E+007  5.003E+007
 4.510E+013  2.897E-009  4.750E+007  5.030E+007
 4.530E+013  2.969E-009  4.766E+007  5.056E+007
 4.550E+013  3.042E-009  4.782E+007  5.082E+007
 4.570E+013  3.118E-009  4.798E+007  5.109E+007
 4.590E+013  3.195E-009  4.815E+007  5.136E+007
 4.610E+013  3.274E-009  4.833E+007  5.162E+007
 4.630E+013  3.355E-009  4.851E+007  5.189E+007
 4.650E+013  3.438E-009  4.870E+007  5.217E+007
 4.670E+013  3.523E-009  4.889E+007  5.244E+007
 4.690E+013  3.610E-009  4.909E+007  5.272E+007
 4.710E+013  3.699E-009  4.929E+007  5.299E+007
 4.730E+013  3.791E-009  4.950E+007  5.327E+007
 4.750E+013  3.884E-009  4.972E+007  5.355E+007
 4.770E+013  3.981E-009  4.994E+007  5.383E+007
 4.790E+013  4.079E-009  5.017E+007  5.412E+007
 4.810E+013  4.180E-009  5.041E+007  5.440E+007
 4.830E+013  4.284E-009  5.066E+007  5.469E+007
 4.850E+013  4.390E-009  5.091E+007  5.498E+007
 4.870E+013  4.499E-009  5.117E+007  5.527E+007
 4.890E+013  4.611E-009  5.144E+007  5.556E+007
 4.910E+013  4.726E-009  5.172E+007  5.586E+007
 4.930E+013  4.844E-009  5.200E+007  5.616E+007
 4.950E+013  4.965E-009  5.230E+007  5.646E+007
 4.970E+013  5.090E-009  5.260E+007  5.676E+007
 4.990E+013  5.217E-009  5.292E+007  5.707E+007
 5.010E+013  5.349E-009  5.324E+007  5.737E+007
 5.030E+013  5.484E-009  5.358E+007  5.768E+007
 5.050E+013  5.622E-009  5.392E+007  5.799E+007
 5.070E+013  5.765E-009  5.428E+007  5.831E+007
 5.090E+013  5.912E-009  5.464E+007  5.862E+007
 5.110E+013  6.063E-009  5.502E+007  5.894E+007
 5.130E+013  6.218E-009  5.541E+007  5.927E+007
 5.150E+013  6.378E-009  5.582E+007  5.959E+007
 5.170E+013  6.543E-009  5.624E+007  5.992E+007
 5.190E+013  6.712E-009  5.667E+007  6.025E+007
 5.210E+013  6.887E-009  5.711E+007  6.058E+007
 5.230E+013  7.067E-009  5.757E+007  6.092E+007
 5.250E+013  7.252E-009  5.804E+007  6.126E+007
 5.270E+013  7.444E-009  5.853E+007  6.160E+007
 5.290E+013  7.641E-009  5.904E+007  6.194E+007
 5.310E+013  7.844E-009  5.956E+007  6.229E+007
 5.330E+013  8.054E-009  6.010E+007  6.264E+007
 5.350E+013  8.271E-009  6.066E+007  6.300E+007
 5.370E+013  8.494E-009  6.124E+007  6.335E+007
 5.390E+013  8.725E-009  6.183E+007  6.371E+007
 5.410E+013  8.964E-009  6.245E+007  6.408E+007
 5.430E+013  9.210E-009  6.309E+007  6.445E+007
 5.450E+013  9.465E-009  6.374E+007  6.482E+007
 5.470E+013  9.728E-009  6.443E+007  6.519E+007
 5.490E+013  1.000E-008  6.513E+007  6.557E+007
 5.510E+013  1.028E-008  6.586E+007  6.595E+007
 5.530E+013  1.057E-008  6.662E+007  6.633E+007
 5.550E+013  1.087E-008  6.740E+007  6.672E+007
 5.570E+013  1.119E-008  6.821E+007  6.711E+007
 5.590E+013  1.151E-008  6.905E+007  6.751E+007
 5.610E+013  1.185E-008  6.991E+007  6.791E+007
 5.630E+013  1.219E-008  7.081E+007  6.831E+007
 5.650E+013  1.255E-008  7.174E+007  6.872E+007
 5.670E+013  1.293E-008  7.271E+007  6.913E+007
 5.690E+013  1.331E-008  7.371E+007  6.954E+007
 5.710E+013  1.372E-008  7.474E+007  6.996E+007
 5.730E+013  1.413E-008  7.582E+007  7.039E+007
 5.750E+013  1.457E-008  7.693E+007  7.081E+007
 5.770E+013  1.502E-008  7.809E+007  7.124E+007
 5.790E+013  1.549E-008  7.929E+007  7.168E+007
 5.810E+013  1.598E-008  8.053E+007  7.211E+007
 5.830E+013  1.649E-008  8.183E+007  7.256E+007
 5.850E+013  1.701E-008  8.317E+007  7.300E+007
 5.870E+013  1.756E-008  8.456E+007  7.345E+007
 5.890E+013  1.814E-008  8.601E+007  7.391E+007
 5.910E+013  1.874E-008  8.751E+007  7.436E+007
 5.930E+013  1.936E-008  8.907E+007  7.483E+007
 5.950E+013  2.001E-008  9.070E+007  7.529E+007
 5.970E+013  2.069E-008  9.238E+007  7.576E+007
 5.990E+013  2.140E-008  9.414E+007  7.624E+007
 6.010E+013  2.214E-008  9.597E+007  7.671E+007
 6.030E+013  2.292E-008  9.787E+007  7.720E+007
 6.050E+013  2.373E-008  9.985E+007  7.768E+007
 6.070E+013  2.457E-008  1.019E+008  7.817E+007
 6.090E+013  2.546E-008  1.041E+008  7.867E+007
 6.110E+013  2.639E-008  1.063E+008  7.916E+007
 6.130E+013  2.736E-008  1.086E+008  7.966E+007
 6.150E+013  2.838E-008  1.111E+008  8.017E+007
 6.170E+013  2.945E-008  1.136E+008  8.068E+007
 6.190E+013  3.057E-008  1.162E+008  8.119E+007
 6.210E+013  3.175E-008  1.190E+008  8.170E+007
 6.230E+013  3.300E-008  1.220E+008  8.225E+007
 6.250E+013  3.427E-008  1.248E+008  8.278E+007
 6.270E+013  3.557E-008  1.276E+008  8.317E+007
 6.290E+013  3.726E-008  1.327E+008  8.381E+007
 6.310E+013  3.868E-008  1.367E+008  8.499E+007
 6.330E+013  3.832E-008  1.297E+008  8.481E+007
 6.350E+013  3.204E-008  8.921E+007  8.005E+007
 6.370E+013  1.952E-008  2.793E+007  6.398E+007
 6.390E+013  1.232E-008  2.541E+006  3.518E+007
 6.410E+013  1.025E-008  1.414E+004  8.010E+006
 6.430E+013  1.000E-008  6.250E+001  2.145E+005
 6.450E+013  1.000E-008  6.236E+001  6.675E+001
 6.470E+013  1.000E-008  6.236E+001  3.065E-006
 6.490E+013  1.000E-008  6.236E+001 -7.875E-013
 6.510E+013  1.000E-008  6.236E+001  0.000E+000
 6.530E+013  1.000E-008  6.236E+001  0.000E+000
 6.550E+013  1.000E-008  6.236E+001  0.000E+000
 6.570E+013  1.000E-008  6.236E+001  0.000E+000
 6.590E+013  1.000E-008  6.236E+001  7.888E-013
 6.610E+013  1.000E-008  6.236E+001 -7.888E-013
 6.630E+013  1.000E-008  6.236E+001  0.000E+000
 6.650E+013  1.000E-008  6.236E+001  0.000E+000
 6.670E+013  1.000E-008  6.236E+001  0.000E+000
 6.690E+013  1.000E-008  6.236E+001  7.888E-013
 6.710E+013  1.000E-008  6.236E+001 -7.888E-013
 6.730E+013  1.000E-008  6.236E+001  0.000E+000
 6.750E+013  1.000E-008  6.236E+001  0.000E+000
 6.770E+013  1.000E-008  6.236E+001  7.888E-013
 6.790E+013  1.000E-008  6.236E+001 -7.888E-013
 6.810E+013  1.000E-008  6.236E+001  7.888E-013
 6.830E+013  1.000E-008  6.236E+001 -6.752E-034
 6.850E+013  1.000E-008  6.236E+001 -7.888E-013
 6.870E+013  1.000E-008  6.236E+001  0.000E+000
 6.890E+013  1.000E-008  6.236E+001  0.000E+000
 6.910E+013  1.000E-008  6.236E+001  0.000E+000
 6.930E+013  1.000E-008  6.236E+001  7.888E-013
 6.950E+013  1.000E-008  6.236E+001 -7.888E-013
 6.970E+013  1.000E-008  6.236E+001  0.000E+000
 6.990E+013  1.000E-008  6.236E+001  0.000E+000
 7.010E+013  1.000E-008  6.236E+001  0.000E+000
 7.030E+013  1.000E-008  6.236E+001  0.000E+000
 7.050E+013  1.000E-008  6.236E+001  0.000E+000
 7.070E+013  1.000E-008  6.236E+001  0.000E+000
 7.090E+013  1.000E-008  6.236E+001  0.000E+000
 7.110E+013  1.000E-008  6.236E+001  0.000E+000
 7.130E+013  1.000E-008  6.236E+001  0.000E+000
 7.150E+013  1.000E-008  6.236E+001  0.000E+000
 7.170E+013  1.000E-008  6.236E+001  0.000E+000
 7.190E+013  1.000E-008  6.236E+001  7.888E-013
 7.210E+013  1.000E-008  6.236E+001 -7.888E-013
 7.230E+013  1.000E-008  6.236E+001  0.000E+000
 7.250E+013  1.000E-008  6.236E+001  0.000E+000
 7.270E+013  1.000E-008  6.236E+001  1.578E-012
 7.290E+013  1.000E-008  6.236E+001 -2.530E-033
 7.310E+013  1.000E-008  6.236E+001 -1.578E-012
 7.330E+013  1.000E-008  6.236E+001 -5.759E-031
 7.350E+013  1.000E-008  6.236E+001 -7.888E-013
 7.370E+013  1.000E-008  6.236E+001  7.888E-013
 7.390E+013  1.000E-008  6.236E+001  5.753E-031
 7.410E+013  1.000E-008  6.236E+001  1.049E-067
 7.430E+013  1.000E-008  6.236E+001  1.629E-141
 7.450E+013  1.000E-008  6.236E+001  1.897E-289
 7.470E+013  1.000E-008  6.236E+001  0.000E+000
 7.490E+013  1.000E-008  6.236E+001  0.000E+000
 7.510E+013  1.000E-008  6.236E+001  0.000E+000
 7.530E+013  1.000E-008  6.236E+001  0.000E+000
 7.550E+013  1.000E-008  6.236E+001  0.000E+000
 7.570E+013  1.000E-008  6.236E+001  0.000E+000
 7.590E+013  1.000E-008  6.236E+001  0.000E+000
 7.610E+013  1.000E-008  6.236E+001  0.000E+000
 7.630E+013  1.000E-008  6.236E+001  0.000E+000
 7.650E+013  1.000E-008  6.236E+001  0.000E+000
 7.670E+013  1.000E-008  6.236E+001  1.578E-012
 7.690E+013  1.000E-008  6.236E+001 -1.578E-012
 7.710E+013  1.000E-008  6.236E+001  2.366E-012
 7.730E+013  1.000E-008  6.236E+001 -2.366E-012
 7.750E+013  1.000E-008  6.236E+001  1.364E-031
 7.770E+013  1.000E-008  6.236E+001  1.578E-012
 7.790E+013  1.000E-008  6.236E+001 -4.733E-012
 7.810E+013  1.000E-008  6.236E+001  4.733E-012
 7.830E+013  1.000E-008  6.236E+001 -1.578E-012
 7.850E+013  1.000E-008  6.236E+001 -7.415E-068
 7.870E+013  1.000E-008  6.236E+001 -4.836E-031
 7.890E+013  1.000E-008  6.236E+001 -7.888E-013
 7.910E+013  1.000E-008  6.236E+001 -3.944E-012
 7.930E+013  1.000E-008  6.236E+001  2.366E-012
 7.950E+013  1.000E-008  6.236E+001  2.366E-012
 7.970E+013  1.000E-008  6.236E+001 -3.155E-012
 7.990E+013  1.000E-008  6.236E+001  3.155E-012
 8.010E+013  1.000E-008  6.236E+001  9.205E-030
 8.030E+013  1.000E-008  6.236E+001  2.687E-065
 8.050E+013  1.000E-008  6.236E+001  1.068E-136
 8.070E+013  1.000E-008  6.236E+001 -8.786E-273
 8.090E+013  1.000E-008  6.236E+001 -3.506E-133
 8.110E+013  1.000E-008  6.236E+001 -1.540E-063
 8.130E+013  1.000E-008  6.236E+001 -6.968E-029
 8.150E+013  1.000E-008  6.236E+001 -8.676E-012
 8.170E+013  1.000E-008  6.236E+001  1.104E-011
 8.190E+013  1.000E-008  6.236E+001 -2.366E-012
 8.210E+013  1.000E-008  6.236E+001  0.000E+000
 8.230E+013  1.000E-008  6.236E+001  0.000E+000
 8.250E+013  1.000E-008  6.236E+001  0.000E+000
 8.270E+013  1.000E-008  6.236E+001  0.000E+000
 8.290E+013  1.000E-008  6.236E+001  3.155E-012
 8.310E+013  1.000E-008  6.236E+001 -3.155E-012
 8.330E+013  1.000E-008  6.236E+001 -5.592E-031
 8.350E+013  1.000E-008  6.236E+001  4.733E-012
 8.370E+013  1.000E-008  6.236E+001 -3.944E-012
 8.390E+013  1.000E-008  6.236E+001 -5.759E-031
 8.410E+013  1.000E-008  6.236E+001 -7.888E-013
 8.430E+013  1.000E-008  6.236E+001  7.888E-013
 8.450E+013  1.000E-008  6.236E+001 -5.456E-034
 8.470E+013  1.000E-008  6.236E+001 -7.888E-013
 8.490E+013  1.000E-008  6.236E+001 -2.715E-034
 8.510E+013  1.000E-008  6.236E+001  7.888E-013
 8.530E+013  1.000E-008  6.236E+001 -5.405E-034
 8.550E+013  1.000E-008  6.236E+001 -7.888E-013
 8.570E+013  1.000E-008  6.236E+001 -2.690E-034
 8.590E+013  1.000E-008  6.236E+001  7.888E-013
 8.610E+013  1.000E-008  6.236E+001 -7.888E-013
 8.630E+013  1.000E-008  6.236E+001  0.000E+000
 8.650E+013  1.000E-008  6.236E+001  0.000E+000
 8.670E+013  1.000E-008  6.236E+001  0.000E+000
 8.690E+013  1.000E-008  6.236E+001  0.000E+000
 8.710E+013  1.000E-008  6.236E+001  0.000E+000
 8.730E+013  1.000E-008  6.236E+001  0.000E+000
 8.750E+013  1.000E-008  6.236E+001  7.888E-013
 8.770E+013  1.000E-008  6.236E+001 -7.888E-013
 8.790E+013  1.000E-008  6.236E+001 -2.622E-034
 8.810E+013  1.000E-008  6.236E+001  7.888E-013
 8.830E+013  1.000E-008  6.236E+001 -7.888E-013
 8.850E+013  1.000E-008  6.236E+001  7.888E-013
 8.870E+013  1.000E-008  6.236E+001  7.888E-013
 8.890E+013  1.000E-008  6.236E+001 -1.578E-012
 8.910E+013  1.000E-008  6.236E+001  0.000E+000
 8.930E+013  1.000E-008  6.236E+001  0.000E+000
 8.950E+013  1.000E-008  6.236E+001  0.000E+000
 8.970E+013  1.000E-008  6.236E+001  0.000E+000
 8.990E+013  1.000E-008  6.236E+001  0.000E+000
 9.010E+013  1.000E-008  6.236E+001  7.888E-013
 9.030E+013  1.000E-008  6.236E+001 -5.105E-034
 9.050E+013  1.000E-008  6.236E+001 -7.888E-013
 9.070E+013  1.000E-008  6.236E+001  7.888E-013
 9.090E+013  1.000E-008  6.236E+001 -5.072E-034
 9.110E+013  1.000E-008  6.236E+001 -7.888E-013
 9.130E+013  1.000E-008  6.236E+001  0.000E+000
 9.150E+013  1.000E-008  6.236E+001  0.000E+000
 9.170E+013  1.000E-008  6.236E+001  0.000E+000
 9.190E+013  1.000E-008  6.236E+001  0.000E+000
 9.210E+013  1.000E-008  6.236E+001  0.000E+000
 9.230E+013  1.000E-008  6.236E+001  7.888E-013
 9.250E+013  1.000E-008  6.236E+001 -4.984E-034
 9.270E+013  1.000E-008  6.236E+001 -7.888E-013
 9.290E+013  1.000E-008  6.236E+001  0.000E+000
 9.310E+013  1.000E-008  6.236E+001  0.000E+000
 9.330E+013  1.000E-008  6.236E+001  0.000E+000
 9.350E+013  1.000E-008  6.236E+001  0.000E+000
 9.370E+013  1.000E-008  6.236E+001  7.888E-013
 9.390E+013  1.000E-008  6.236E+001 -7.888E-013
 9.410E+013  1.000E-008  6.236E+001  7.888E-013
 9.430E+013  1.000E-008  6.236E+001 -7.888E-013
 9.450E+013  1.000E-008  6.236E+001  0.000E+000
 9.470E+013  1.000E-008  6.236E+001  0.000E+000
 9.490E+013  1.000E-008  6.236E+001  0.000E+000
 9.510E+013  1.000E-008  6.236E+001  0.000E+000
 9.530E+013  1.000E-008  6.236E+001  7.888E-013
 9.550E+013  1.000E-008  6.236E+001 -7.888E-013
 9.570E+013  1.000E-008  6.236E+001 -1.051E-067
 9.590E+013  1.000E-008  6.236E+001 -5.759E-031
 9.610E+013  1.000E-008  6.236E+001 -7.888E-013
 9.630E+013  1.000E-008  6.236E+001  7.888E-013
 9.650E+013  1.000E-008  6.236E+001  5.754E-031
 9.670E+013  1.000E-008  6.236E+001  7.888E-013
 9.690E+013  1.000E-008  6.236E+001 -7.888E-013
 9.710E+013  1.000E-008  6.236E+001  0.000E+000
 9.730E+013  1.000E-008  6.236E+001  0.000E+000
 9.750E+013  1.000E-008  6.236E+001  0.000E+000
 9.770E+013  1.000E-008  6.236E+001  0.000E+000
 9.790E+013  1.000E-008  6.236E+001  0.000E+000
 9.810E+013  1.000E-008  6.236E+001  0.000E+000
 9.830E+013  1.000E-008  6.236E+001  0.000E+000
 9.850E+013  1.000E-008  6.236E+001  0.000E+000
 9.870E+013  1.000E-008  6.236E+001  0.000E+000
 9.890E+013  1.000E-008  6.236E+001  0.000E+000
 9.910E+013  1.000E-008  6.236E+001  0.000E+000
 9.930E+013  1.000E-008  6.236E+001  0.000E+000
 9.950E+013  1.000E-008  6.236E+001  7.888E-013
 9.970E+013  1.000E-008  6.236E+001 -7.888E-013
 9.990E+013  1.000E-008  6.236E+001  0.000E+000
 1.001E+014  1.000E-099  1.000E-099  0.000E+000
 1.003E+014  1.000E-099  1.000E-099  0.000E+000
 7.040E-003
