 6.601E+004
     x1b        dens       energ       v1
 1.000E+011  6.789E-012  1.850E+008  0.000E+000
 3.000E+011  6.798E-012  1.849E+008  5.085E+005
 5.000E+011  6.829E-012  1.849E+008  1.546E+006
 7.000E+011  6.890E-012  1.849E+008  2.150E+006
 9.000E+011  6.984E-012  1.849E+008  2.939E+006
 1.100E+012  7.108E-012  1.849E+008  3.640E+006
 1.300E+012  7.253E-012  1.849E+008  4.383E+006
 1.500E+012  7.412E-012  1.849E+008  5.107E+006
 1.700E+012  7.578E-012  1.849E+008  5.840E+006
 1.900E+012  7.747E-012  1.849E+008  6.568E+006
 2.100E+012  7.914E-012  1.849E+008  7.299E+006
 2.300E+012  8.072E-012  1.849E+008  8.028E+006
 2.500E+012  8.207E-012  1.849E+008  8.758E+006
 2.700E+012  8.298E-012  1.849E+008  9.488E+006
 2.900E+012  8.335E-012  1.849E+008  1.022E+007
 3.100E+012  8.340E-012  1.849E+008  1.095E+007
 3.300E+012  8.340E-012  1.849E+008  1.168E+007
 3.500E+012  8.340E-012  1.849E+008  1.241E+007
 3.700E+012  8.337E-012  1.849E+008  1.314E+007
 3.900E+012  8.332E-012  1.849E+008  1.387E+007
 4.100E+012  8.323E-012  1.849E+008  1.460E+007
 4.300E+012  8.312E-012  1.849E+008  1.533E+007
 4.500E+012  8.300E-012  1.849E+008  1.606E+007
 4.700E+012  8.295E-012  1.849E+008  1.679E+007
 4.900E+012  8.294E-012  1.849E+008  1.752E+007
 5.100E+012  8.295E-012  1.849E+008  1.825E+007
 5.300E+012  8.297E-012  1.849E+008  1.898E+007
 5.500E+012  8.302E-012  1.849E+008  1.971E+007
 5.700E+012  8.311E-012  1.849E+008  2.044E+007
 5.900E+012  8.328E-012  1.849E+008  2.117E+007
 6.100E+012  8.354E-012  1.849E+008  2.189E+007
 6.300E+012  8.391E-012  1.849E+008  2.262E+007
 6.500E+012  8.443E-012  1.849E+008  2.335E+007
 6.700E+012  8.512E-012  1.849E+008  2.408E+007
 6.900E+012  8.602E-012  1.849E+008  2.481E+007
 7.100E+012  8.717E-012  1.849E+008  2.554E+007
 7.300E+012  8.859E-012  1.849E+008  2.628E+007
 7.500E+012  9.035E-012  1.849E+008  2.701E+007
 7.700E+012  9.248E-012  1.849E+008  2.774E+007
 7.900E+012  9.505E-012  1.849E+008  2.847E+007
 8.100E+012  9.811E-012  1.850E+008  2.920E+007
 8.300E+012  1.017E-011  1.850E+008  2.993E+007
 8.500E+012  1.060E-011  1.850E+008  3.066E+007
 8.700E+012  1.111E-011  1.850E+008  3.139E+007
 8.900E+012  1.170E-011  1.850E+008  3.213E+007
 9.100E+012  1.239E-011  1.850E+008  3.286E+007
 9.300E+012  1.320E-011  1.850E+008  3.359E+007
 9.500E+012  1.415E-011  1.850E+008  3.433E+007
 9.700E+012  1.524E-011  1.850E+008  3.506E+007
 9.900E+012  1.652E-011  1.850E+008  3.580E+007
 1.010E+013  1.799E-011  1.850E+008  3.653E+007
 1.030E+013  1.970E-011  1.850E+008  3.727E+007
 1.050E+013  2.167E-011  1.850E+008  3.800E+007
 1.070E+013  2.392E-011  1.850E+008  3.874E+007
 1.090E+013  2.650E-011  1.850E+008  3.947E+007
 1.110E+013  2.943E-011  1.850E+008  4.021E+007
 1.130E+013  3.274E-011  1.850E+008  4.094E+007
 1.150E+013  3.644E-011  1.850E+008  4.167E+007
 1.170E+013  4.056E-011  1.850E+008  4.241E+007
 1.190E+013  4.509E-011  1.850E+008  4.314E+007
 1.210E+013  5.003E-011  1.850E+008  4.387E+007
 1.230E+013  5.535E-011  1.850E+008  4.459E+007
 1.250E+013  6.104E-011  1.850E+008  4.532E+007
 1.270E+013  6.705E-011  1.850E+008  4.605E+007
 1.290E+013  7.334E-011  1.850E+008  4.677E+007
 1.310E+013  7.987E-011  1.851E+008  4.750E+007
 1.330E+013  8.661E-011  1.851E+008  4.823E+007
 1.350E+013  9.353E-011  1.851E+008  4.895E+007
 1.370E+013  1.006E-010  1.851E+008  4.968E+007
 1.390E+013  1.078E-010  1.851E+008  5.041E+007
 1.410E+013  1.151E-010  1.851E+008  5.114E+007
 1.430E+013  1.226E-010  1.852E+008  5.186E+007
 1.450E+013  1.303E-010  1.852E+008  5.259E+007
 1.470E+013  1.381E-010  1.852E+008  5.332E+007
 1.490E+013  1.461E-010  1.852E+008  5.405E+007
 1.510E+013  1.544E-010  1.853E+008  5.479E+007
 1.530E+013  1.629E-010  1.853E+008  5.552E+007
 1.550E+013  1.718E-010  1.853E+008  5.625E+007
 1.570E+013  1.810E-010  1.854E+008  5.698E+007
 1.590E+013  1.907E-010  1.854E+008  5.771E+007
 1.610E+013  2.008E-010  1.854E+008  5.845E+007
 1.630E+013  2.115E-010  1.855E+008  5.918E+007
 1.650E+013  2.227E-010  1.855E+008  5.992E+007
 1.670E+013  2.345E-010  1.856E+008  6.065E+007
 1.690E+013  2.470E-010  1.856E+008  6.139E+007
 1.710E+013  2.601E-010  1.857E+008  6.212E+007
 1.730E+013  2.740E-010  1.857E+008  6.286E+007
 1.750E+013  2.887E-010  1.858E+008  6.359E+007
 1.770E+013  3.042E-010  1.859E+008  6.433E+007
 1.790E+013  3.205E-010  1.859E+008  6.507E+007
 1.810E+013  3.377E-010  1.860E+008  6.580E+007
 1.830E+013  3.557E-010  1.861E+008  6.654E+007
 1.850E+013  3.745E-010  1.862E+008  6.728E+007
 1.870E+013  3.942E-010  1.863E+008  6.802E+007
 1.890E+013  4.146E-010  1.864E+008  6.876E+007
 1.910E+013  4.359E-010  1.865E+008  6.950E+007
 1.930E+013  4.580E-010  1.866E+008  7.024E+007
 1.950E+013  4.809E-010  1.867E+008  7.098E+007
 1.970E+013  5.046E-010  1.868E+008  7.173E+007
 1.990E+013  5.290E-010  1.869E+008  7.247E+007
 2.010E+013  5.542E-010  1.871E+008  7.322E+007
 2.030E+013  5.803E-010  1.872E+008  7.396E+007
 2.050E+013  6.072E-010  1.874E+008  7.471E+007
 2.070E+013  6.350E-010  1.875E+008  7.546E+007
 2.090E+013  6.637E-010  1.877E+008  7.621E+007
 2.110E+013  6.934E-010  1.879E+008  7.696E+007
 2.130E+013  7.242E-010  1.881E+008  7.771E+007
 2.150E+013  7.561E-010  1.883E+008  7.847E+007
 2.170E+013  7.893E-010  1.885E+008  7.922E+007
 2.190E+013  8.238E-010  1.887E+008  7.998E+007
 2.210E+013  8.598E-010  1.889E+008  8.074E+007
 2.230E+013  8.972E-010  1.892E+008  8.150E+007
 2.250E+013  9.362E-010  1.894E+008  8.226E+007
 2.270E+013  9.769E-010  1.897E+008  8.303E+007
 2.290E+013  1.019E-009  1.900E+008  8.380E+007
 2.310E+013  1.064E-009  1.903E+008  8.457E+007
 2.330E+013  1.110E-009  1.906E+008  8.534E+007
 2.350E+013  1.158E-009  1.909E+008  8.611E+007
 2.370E+013  1.208E-009  1.913E+008  8.689E+007
 2.390E+013  1.260E-009  1.917E+008  8.767E+007
 2.410E+013  1.314E-009  1.921E+008  8.845E+007
 2.430E+013  1.370E-009  1.925E+008  8.924E+007
 2.450E+013  1.429E-009  1.929E+008  9.002E+007
 2.470E+013  1.489E-009  1.934E+008  9.082E+007
 2.490E+013  1.552E-009  1.939E+008  9.161E+007
 2.510E+013  1.617E-009  1.944E+008  9.241E+007
 2.530E+013  1.685E-009  1.949E+008  9.321E+007
 2.550E+013  1.755E-009  1.955E+008  9.402E+007
 2.570E+013  1.828E-009  1.960E+008  9.483E+007
 2.590E+013  1.903E-009  1.967E+008  9.564E+007
 2.610E+013  1.981E-009  1.973E+008  9.646E+007
 2.630E+013  2.062E-009  1.980E+008  9.729E+007
 2.650E+013  2.146E-009  1.987E+008  9.812E+007
 2.670E+013  2.233E-009  1.995E+008  9.895E+007
 2.690E+013  2.323E-009  2.003E+008  9.979E+007
 2.710E+013  2.417E-009  2.011E+008  1.006E+008
 2.730E+013  2.514E-009  2.020E+008  1.015E+008
 2.750E+013  2.615E-009  2.029E+008  1.024E+008
 2.770E+013  2.719E-009  2.039E+008  1.032E+008
 2.790E+013  2.828E-009  2.049E+008  1.041E+008
 2.810E+013  2.940E-009  2.059E+008  1.050E+008
 2.830E+013  3.057E-009  2.071E+008  1.059E+008
 2.850E+013  3.178E-009  2.082E+008  1.067E+008
 2.870E+013  3.304E-009  2.095E+008  1.076E+008
 2.890E+013  3.434E-009  2.108E+008  1.086E+008
 2.910E+013  3.570E-009  2.121E+008  1.095E+008
 2.930E+013  3.711E-009  2.135E+008  1.104E+008
 2.950E+013  3.857E-009  2.150E+008  1.113E+008
 2.970E+013  4.009E-009  2.166E+008  1.123E+008
 2.990E+013  4.168E-009  2.183E+008  1.133E+008
 3.010E+013  4.333E-009  2.200E+008  1.142E+008
 3.030E+013  4.506E-009  2.218E+008  1.152E+008
 3.050E+013  4.685E-009  2.237E+008  1.162E+008
 3.070E+013  4.873E-009  2.257E+008  1.172E+008
 3.090E+013  5.069E-009  2.278E+008  1.182E+008
 3.110E+013  5.274E-009  2.300E+008  1.192E+008
 3.130E+013  5.488E-009  2.324E+008  1.203E+008
 3.150E+013  5.713E-009  2.348E+008  1.213E+008
 3.170E+013  5.948E-009  2.374E+008  1.224E+008
 3.190E+013  6.194E-009  2.401E+008  1.235E+008
 3.210E+013  6.453E-009  2.430E+008  1.246E+008
 3.230E+013  6.724E-009  2.460E+008  1.257E+008
 3.250E+013  7.008E-009  2.491E+008  1.268E+008
 3.270E+013  7.307E-009  2.525E+008  1.279E+008
 3.290E+013  7.622E-009  2.560E+008  1.291E+008
 3.310E+013  7.952E-009  2.597E+008  1.303E+008
 3.330E+013  8.300E-009  2.636E+008  1.315E+008
 3.350E+013  8.666E-009  2.677E+008  1.327E+008
 3.370E+013  9.052E-009  2.721E+008  1.339E+008
 3.390E+013  9.459E-009  2.767E+008  1.352E+008
 3.410E+013  9.888E-009  2.815E+008  1.364E+008
 3.430E+013  1.034E-008  2.866E+008  1.377E+008
 3.450E+013  1.082E-008  2.921E+008  1.390E+008
 3.470E+013  1.133E-008  2.978E+008  1.403E+008
 3.490E+013  1.186E-008  3.039E+008  1.417E+008
 3.510E+013  1.243E-008  3.103E+008  1.431E+008
 3.530E+013  1.303E-008  3.171E+008  1.444E+008
 3.550E+013  1.367E-008  3.243E+008  1.458E+008
 3.570E+013  1.435E-008  3.319E+008  1.473E+008
 3.590E+013  1.507E-008  3.400E+008  1.487E+008
 3.610E+013  1.584E-008  3.486E+008  1.502E+008
 3.630E+013  1.666E-008  3.578E+008  1.517E+008
 3.650E+013  1.754E-008  3.674E+008  1.532E+008
 3.670E+013  1.847E-008  3.777E+008  1.547E+008
 3.690E+013  1.947E-008  3.887E+008  1.563E+008
 3.710E+013  2.054E-008  4.004E+008  1.579E+008
 3.730E+013  2.169E-008  4.128E+008  1.595E+008
 3.750E+013  2.292E-008  4.260E+008  1.611E+008
 3.770E+013  2.424E-008  4.401E+008  1.628E+008
 3.790E+013  2.566E-008  4.550E+008  1.644E+008
 3.810E+013  2.720E-008  4.713E+008  1.661E+008
 3.830E+013  2.888E-008  4.892E+008  1.679E+008
 3.850E+013  3.060E-008  5.061E+008  1.696E+008
 3.870E+013  3.246E-008  5.243E+008  1.709E+008
 3.890E+013  3.496E-008  5.578E+008  1.731E+008
 3.910E+013  3.694E-008  5.805E+008  1.769E+008
 3.930E+013  3.632E-008  5.304E+008  1.758E+008
 3.950E+013  2.871E-008  3.161E+008  1.613E+008
 3.970E+013  1.696E-008  7.638E+007  1.203E+008
 3.990E+013  1.147E-008  4.314E+006  5.679E+007
 4.010E+013  1.011E-008  6.811E+003  8.732E+006
 4.030E+013  1.000E-008  6.237E+001  9.631E+004
 4.050E+013  1.000E-008  6.236E+001  4.904E+000
 4.070E+013  1.000E-008  6.236E+001  7.837E-009
 4.090E+013  1.000E-008  6.236E+001  8.674E-012
 4.110E+013  1.000E-008  6.236E+001 -8.674E-012
 4.130E+013  1.000E-008  6.236E+001  6.096E-012
 4.150E+013  1.000E-008  6.236E+001 -6.096E-012
 4.170E+013  1.000E-008  6.236E+001  2.110E-012
 4.190E+013  1.000E-008  6.236E+001 -1.876E-012
 4.210E+013  1.000E-008  6.236E+001 -1.514E-032
 4.230E+013  1.000E-008  6.236E+001 -2.345E-013
 4.250E+013  1.000E-008  6.236E+001  0.000E+000
 4.270E+013  1.000E-008  6.236E+001  0.000E+000
 4.290E+013  1.000E-008  6.236E+001  0.000E+000
 4.310E+013  1.000E-008  6.236E+001  0.000E+000
 4.330E+013  1.000E-008  6.236E+001  0.000E+000
 4.350E+013  1.000E-008  6.236E+001  0.000E+000
 4.370E+013  1.000E-008  6.236E+001  0.000E+000
 4.390E+013  1.000E-008  6.236E+001  0.000E+000
 4.410E+013  1.000E-008  6.236E+001  0.000E+000
 4.430E+013  1.000E-008  6.236E+001  0.000E+000
 4.450E+013  1.000E-008  6.236E+001  0.000E+000
 4.470E+013  1.000E-008  6.236E+001  2.345E-013
 4.490E+013  1.000E-008  6.236E+001 -2.702E-035
 4.510E+013  1.000E-008  6.236E+001 -2.345E-013
 4.530E+013  1.000E-008  6.236E+001 -8.902E-306
 4.550E+013  1.000E-008  6.236E+001 -2.049E-149
 4.570E+013  1.000E-008  6.236E+001 -2.160E-071
 4.590E+013  1.000E-008  6.236E+001 -1.514E-032
 4.610E+013  1.000E-008  6.236E+001 -2.345E-013
 4.630E+013  1.000E-008  6.236E+001  2.345E-013
 4.650E+013  1.000E-008  6.236E+001  2.345E-013
 4.670E+013  1.000E-008  6.236E+001 -2.345E-013
 4.690E+013  1.000E-008  6.236E+001  2.345E-013
 4.710E+013  1.000E-008  6.236E+001 -2.345E-013
 4.730E+013  1.000E-008  6.236E+001  0.000E+000
 4.750E+013  1.000E-008  6.236E+001  0.000E+000
 4.770E+013  1.000E-008  6.236E+001  0.000E+000
 4.790E+013  1.000E-008  6.236E+001  2.345E-013
 4.810E+013  1.000E-008  6.236E+001 -2.345E-013
 4.830E+013  1.000E-008  6.236E+001 -1.256E-035
 4.850E+013  1.000E-008  6.236E+001  2.345E-013
 4.870E+013  1.000E-008  6.236E+001 -2.345E-013
 4.890E+013  1.000E-008  6.236E+001  0.000E+000
 4.910E+013  1.000E-008  6.236E+001  0.000E+000
 4.930E+013  1.000E-008  6.236E+001  0.000E+000
 4.950E+013  1.000E-008  6.236E+001  0.000E+000
 4.970E+013  1.000E-008  6.236E+001  0.000E+000
 4.990E+013  1.000E-008  6.236E+001  4.690E-013
 5.010E+013  1.000E-008  6.236E+001 -7.035E-013
 5.030E+013  1.000E-008  6.236E+001  2.345E-013
 5.050E+013  1.000E-008  6.236E+001  1.512E-032
 5.070E+013  1.000E-008  6.236E+001  2.153E-071
 5.090E+013  1.000E-008  6.236E+001  2.036E-149
 5.110E+013  1.000E-008  6.236E+001  2.345E-013
 5.130E+013  1.000E-008  6.236E+001 -2.345E-013
 5.150E+013  1.000E-008  6.236E+001  0.000E+000
 5.170E+013  1.000E-008  6.236E+001  0.000E+000
 5.190E+013  1.000E-008  6.236E+001 -8.894E-306
 5.210E+013  1.000E-008  6.236E+001 -2.048E-149
 5.230E+013  1.000E-008  6.236E+001 -2.160E-071
 5.250E+013  1.000E-008  6.236E+001 -1.514E-032
 5.270E+013  1.000E-008  6.236E+001 -2.345E-013
 5.290E+013  1.000E-008  6.236E+001  2.345E-013
 5.310E+013  1.000E-008  6.236E+001  1.512E-032
 5.330E+013  1.000E-008  6.236E+001  2.153E-071
 5.350E+013  1.000E-008  6.236E+001  4.690E-013
 5.370E+013  1.000E-008  6.236E+001 -4.690E-013
 5.390E+013  1.000E-008  6.236E+001  1.995E-033
 5.410E+013  1.000E-008  6.236E+001  2.345E-013
 5.430E+013  1.000E-008  6.236E+001  2.345E-013
 5.450E+013  1.000E-008  6.236E+001  2.345E-013
 5.470E+013  1.000E-008  6.236E+001 -7.035E-013
 5.490E+013  1.000E-008  6.236E+001 -1.514E-032
 5.510E+013  1.000E-008  6.236E+001 -2.345E-013
 5.530E+013  1.000E-008  6.236E+001  4.690E-013
 5.550E+013  1.000E-008  6.236E+001 -9.380E-013
 5.570E+013  1.000E-008  6.236E+001  4.690E-013
 5.590E+013  1.000E-008  6.236E+001  2.345E-013
 5.610E+013  1.000E-008  6.236E+001 -2.345E-013
 5.630E+013  1.000E-008  6.236E+001  2.345E-013
 5.650E+013  1.000E-008  6.236E+001 -1.407E-012
 5.670E+013  1.000E-008  6.236E+001  1.407E-012
 5.690E+013  1.000E-008  6.236E+001  1.407E-012
 5.710E+013  1.000E-008  6.236E+001 -1.407E-012
 5.730E+013  1.000E-008  6.236E+001  1.641E-012
 5.750E+013  1.000E-008  6.236E+001 -3.517E-012
 5.770E+013  1.000E-008  6.236E+001 -2.345E-013
 5.790E+013  1.000E-008  6.236E+001  2.110E-012
 5.810E+013  1.000E-008  6.236E+001  1.125E-011
 5.830E+013  1.000E-008  6.236E+001 -1.125E-011
 5.850E+013  1.000E-008  6.236E+001  0.000E+000
 5.870E+013  1.000E-008  6.236E+001  0.000E+000
 5.890E+013  1.000E-008  6.236E+001  0.000E+000
 5.910E+013  1.000E-008  6.236E+001  0.000E+000
 5.930E+013  1.000E-008  6.236E+001  0.000E+000
 5.950E+013  1.000E-008  6.236E+001  0.000E+000
 5.970E+013  1.000E-008  6.236E+001  0.000E+000
 5.990E+013  1.000E-008  6.236E+001  0.000E+000
 6.010E+013  1.000E-008  6.236E+001  0.000E+000
 6.030E+013  1.000E-008  6.236E+001  2.345E-013
 6.050E+013  1.000E-008  6.236E+001 -2.345E-013
 6.070E+013  1.000E-008  6.236E+001  2.345E-013
 6.090E+013  1.000E-008  6.236E+001 -2.345E-013
 6.110E+013  1.000E-008  6.236E+001  0.000E+000
 6.130E+013  1.000E-008  6.236E+001  0.000E+000
 6.150E+013  1.000E-008  6.236E+001  0.000E+000
 6.170E+013  1.000E-008  6.236E+001  2.345E-013
 6.190E+013  1.000E-008  6.236E+001 -2.345E-013
 6.210E+013  1.000E-008  6.236E+001  0.000E+000
 6.230E+013  1.000E-008  6.236E+001  0.000E+000
 6.250E+013  1.000E-008  6.236E+001  0.000E+000
 6.270E+013  1.000E-008  6.236E+001  0.000E+000
 6.290E+013  1.000E-008  6.236E+001  0.000E+000
 6.310E+013  1.000E-008  6.236E+001  0.000E+000
 6.330E+013  1.000E-008  6.236E+001  0.000E+000
 6.350E+013  1.000E-008  6.236E+001  2.345E-013
 6.370E+013  1.000E-008  6.236E+001 -2.345E-013
 6.390E+013  1.000E-008  6.236E+001  0.000E+000
 6.410E+013  1.000E-008  6.236E+001  0.000E+000
 6.430E+013  1.000E-008  6.236E+001  0.000E+000
 6.450E+013  1.000E-008  6.236E+001  0.000E+000
 6.470E+013  1.000E-008  6.236E+001  2.345E-013
 6.490E+013  1.000E-008  6.236E+001 -2.345E-013
 6.510E+013  1.000E-008  6.236E+001  0.000E+000
 6.530E+013  1.000E-008  6.236E+001  0.000E+000
 6.550E+013  1.000E-008  6.236E+001  0.000E+000
 6.570E+013  1.000E-008  6.236E+001  0.000E+000
 6.590E+013  1.000E-008  6.236E+001  2.345E-013
 6.610E+013  1.000E-008  6.236E+001 -2.345E-013
 6.630E+013  1.000E-008  6.236E+001  0.000E+000
 6.650E+013  1.000E-008  6.236E+001  0.000E+000
 6.670E+013  1.000E-008  6.236E+001  0.000E+000
 6.690E+013  1.000E-008  6.236E+001  2.345E-013
 6.710E+013  1.000E-008  6.236E+001 -2.345E-013
 6.730E+013  1.000E-008  6.236E+001  0.000E+000
 6.750E+013  1.000E-008  6.236E+001  0.000E+000
 6.770E+013  1.000E-008  6.236E+001  2.345E-013
 6.790E+013  1.000E-008  6.236E+001 -2.345E-013
 6.810E+013  1.000E-008  6.236E+001  2.345E-013
 6.830E+013  1.000E-008  6.236E+001 -1.775E-035
 6.850E+013  1.000E-008  6.236E+001 -2.345E-013
 6.870E+013  1.000E-008  6.236E+001  0.000E+000
 6.890E+013  1.000E-008  6.236E+001  0.000E+000
 6.910E+013  1.000E-008  6.236E+001  0.000E+000
 6.930E+013  1.000E-008  6.236E+001  2.345E-013
 6.950E+013  1.000E-008  6.236E+001 -2.345E-013
 6.970E+013  1.000E-008  6.236E+001  0.000E+000
 6.990E+013  1.000E-008  6.236E+001  0.000E+000
 7.010E+013  1.000E-008  6.236E+001  0.000E+000
 7.030E+013  1.000E-008  6.236E+001  0.000E+000
 7.050E+013  1.000E-008  6.236E+001  0.000E+000
 7.070E+013  1.000E-008  6.236E+001  0.000E+000
 7.090E+013  1.000E-008  6.236E+001  0.000E+000
 7.110E+013  1.000E-008  6.236E+001  0.000E+000
 7.130E+013  1.000E-008  6.236E+001  0.000E+000
 7.150E+013  1.000E-008  6.236E+001  0.000E+000
 7.170E+013  1.000E-008  6.236E+001  0.000E+000
 7.190E+013  1.000E-008  6.236E+001  2.345E-013
 7.210E+013  1.000E-008  6.236E+001 -2.345E-013
 7.230E+013  1.000E-008  6.236E+001  0.000E+000
 7.250E+013  1.000E-008  6.236E+001  0.000E+000
 7.270E+013  1.000E-008  6.236E+001  4.690E-013
 7.290E+013  1.000E-008  6.236E+001 -6.650E-035
 7.310E+013  1.000E-008  6.236E+001 -4.690E-013
 7.330E+013  1.000E-008  6.236E+001 -1.514E-032
 7.350E+013  1.000E-008  6.236E+001 -2.345E-013
 7.370E+013  1.000E-008  6.236E+001  2.345E-013
 7.390E+013  1.000E-008  6.236E+001  1.512E-032
 7.410E+013  1.000E-008  6.236E+001  2.154E-071
 7.430E+013  1.000E-008  6.236E+001  2.038E-149
 7.450E+013  1.000E-008  6.236E+001  8.802E-306
 7.470E+013  1.000E-008  6.236E+001  0.000E+000
 7.490E+013  1.000E-008  6.236E+001  0.000E+000
 7.510E+013  1.000E-008  6.236E+001  0.000E+000
 7.530E+013  1.000E-008  6.236E+001  0.000E+000
 7.550E+013  1.000E-008  6.236E+001  0.000E+000
 7.570E+013  1.000E-008  6.236E+001  0.000E+000
 7.590E+013  1.000E-008  6.236E+001  0.000E+000
 7.610E+013  1.000E-008  6.236E+001  0.000E+000
 7.630E+013  1.000E-008  6.236E+001  0.000E+000
 7.650E+013  1.000E-008  6.236E+001  0.000E+000
 7.670E+013  1.000E-008  6.236E+001  4.690E-013
 7.690E+013  1.000E-008  6.236E+001 -4.690E-013
 7.710E+013  1.000E-008  6.236E+001  7.035E-013
 7.730E+013  1.000E-008  6.236E+001 -7.035E-013
 7.750E+013  1.000E-008  6.236E+001  3.584E-033
 7.770E+013  1.000E-008  6.236E+001  4.690E-013
 7.790E+013  1.000E-008  6.236E+001 -1.407E-012
 7.810E+013  1.000E-008  6.236E+001  1.407E-012
 7.830E+013  1.000E-008  6.236E+001 -4.690E-013
 7.850E+013  1.000E-008  6.236E+001 -1.522E-071
 7.870E+013  1.000E-008  6.236E+001 -1.271E-032
 7.890E+013  1.000E-008  6.236E+001 -2.345E-013
 7.910E+013  1.000E-008  6.236E+001 -1.172E-012
 7.930E+013  1.000E-008  6.236E+001  7.035E-013
 7.950E+013  1.000E-008  6.236E+001  7.035E-013
 7.970E+013  1.000E-008  6.236E+001 -9.380E-013
 7.990E+013  1.000E-008  6.236E+001  9.380E-013
 8.010E+013  1.000E-008  6.236E+001  2.419E-031
 8.030E+013  1.000E-008  6.236E+001  5.515E-069
 8.050E+013  1.000E-008  6.236E+001  1.336E-144
 8.070E+013  1.000E-008  6.236E+001 -4.076E-289
 8.090E+013  1.000E-008  6.236E+001 -4.385E-141
 8.110E+013  1.000E-008  6.236E+001 -3.160E-067
 8.130E+013  1.000E-008  6.236E+001 -1.831E-030
 8.150E+013  1.000E-008  6.236E+001 -2.579E-012
 8.170E+013  1.000E-008  6.236E+001  3.283E-012
 8.190E+013  1.000E-008  6.236E+001 -7.035E-013
 8.210E+013  1.000E-008  6.236E+001  0.000E+000
 8.230E+013  1.000E-008  6.236E+001  0.000E+000
 8.250E+013  1.000E-008  6.236E+001  0.000E+000
 8.270E+013  1.000E-008  6.236E+001  0.000E+000
 8.290E+013  1.000E-008  6.236E+001  9.380E-013
 8.310E+013  1.000E-008  6.236E+001 -9.380E-013
 8.330E+013  1.000E-008  6.236E+001 -1.470E-032
 8.350E+013  1.000E-008  6.236E+001  1.407E-012
 8.370E+013  1.000E-008  6.236E+001 -1.172E-012
 8.390E+013  1.000E-008  6.236E+001 -1.514E-032
 8.410E+013  1.000E-008  6.236E+001 -2.345E-013
 8.430E+013  1.000E-008  6.236E+001  2.345E-013
 8.450E+013  1.000E-008  6.236E+001 -1.434E-035
 8.470E+013  1.000E-008  6.236E+001 -2.345E-013
 8.490E+013  1.000E-008  6.236E+001 -7.136E-036
 8.510E+013  1.000E-008  6.236E+001  2.345E-013
 8.530E+013  1.000E-008  6.236E+001 -1.421E-035
 8.550E+013  1.000E-008  6.236E+001 -2.345E-013
 8.570E+013  1.000E-008  6.236E+001 -7.070E-036
 8.590E+013  1.000E-008  6.236E+001  2.345E-013
 8.610E+013  1.000E-008  6.236E+001 -2.345E-013
 8.630E+013  1.000E-008  6.236E+001  0.000E+000
 8.650E+013  1.000E-008  6.236E+001  0.000E+000
 8.670E+013  1.000E-008  6.236E+001  0.000E+000
 8.690E+013  1.000E-008  6.236E+001  0.000E+000
 8.710E+013  1.000E-008  6.236E+001  0.000E+000
 8.730E+013  1.000E-008  6.236E+001  0.000E+000
 8.750E+013  1.000E-008  6.236E+001  2.345E-013
 8.770E+013  1.000E-008  6.236E+001 -2.345E-013
 8.790E+013  1.000E-008  6.236E+001 -6.892E-036
 8.810E+013  1.000E-008  6.236E+001  2.345E-013
 8.830E+013  1.000E-008  6.236E+001 -2.345E-013
 8.850E+013  1.000E-008  6.236E+001  2.345E-013
 8.870E+013  1.000E-008  6.236E+001  2.345E-013
 8.890E+013  1.000E-008  6.236E+001 -4.690E-013
 8.910E+013  1.000E-008  6.236E+001  0.000E+000
 8.930E+013  1.000E-008  6.236E+001  0.000E+000
 8.950E+013  1.000E-008  6.236E+001  0.000E+000
 8.970E+013  1.000E-008  6.236E+001  0.000E+000
 8.990E+013  1.000E-008  6.236E+001  0.000E+000
 9.010E+013  1.000E-008  6.236E+001  2.345E-013
 9.030E+013  1.000E-008  6.236E+001 -1.342E-035
 9.050E+013  1.000E-008  6.236E+001 -2.345E-013
 9.070E+013  1.000E-008  6.236E+001  2.345E-013
 9.090E+013  1.000E-008  6.236E+001 -1.333E-035
 9.110E+013  1.000E-008  6.236E+001 -2.345E-013
 9.130E+013  1.000E-008  6.236E+001  0.000E+000
 9.150E+013  1.000E-008  6.236E+001  0.000E+000
 9.170E+013  1.000E-008  6.236E+001  0.000E+000
 9.190E+013  1.000E-008  6.236E+001  0.000E+000
 9.210E+013  1.000E-008  6.236E+001  0.000E+000
 9.230E+013  1.000E-008  6.236E+001  2.345E-013
 9.250E+013  1.000E-008  6.236E+001 -1.310E-035
 9.270E+013  1.000E-008  6.236E+001 -2.345E-013
 9.290E+013  1.000E-008  6.236E+001  0.000E+000
 9.310E+013  1.000E-008  6.236E+001  0.000E+000
 9.330E+013  1.000E-008  6.236E+001  0.000E+000
 9.350E+013  1.000E-008  6.236E+001  0.000E+000
 9.370E+013  1.000E-008  6.236E+001  2.345E-013
 9.390E+013  1.000E-008  6.236E+001 -2.345E-013
 9.410E+013  1.000E-008  6.236E+001  2.345E-013
 9.430E+013  1.000E-008  6.236E+001 -2.345E-013
 9.450E+013  1.000E-008  6.236E+001  0.000E+000
 9.470E+013  1.000E-008  6.236E+001  0.000E+000
 9.490E+013  1.000E-008  6.236E+001  0.000E+000
 9.510E+013  1.000E-008  6.236E+001  0.000E+000
 9.530E+013  1.000E-008  6.236E+001  2.345E-013
 9.550E+013  1.000E-008  6.236E+001 -2.345E-013
 9.570E+013  1.000E-008  6.236E+001 -2.158E-071
 9.590E+013  1.000E-008  6.236E+001 -1.514E-032
 9.610E+013  1.000E-008  6.236E+001 -2.345E-013
 9.630E+013  1.000E-008  6.236E+001  2.345E-013
 9.650E+013  1.000E-008  6.236E+001  1.512E-032
 9.670E+013  1.000E-008  6.236E+001  2.345E-013
 9.690E+013  1.000E-008  6.236E+001 -2.345E-013
 9.710E+013  1.000E-008  6.236E+001  0.000E+000
 9.730E+013  1.000E-008  6.236E+001  0.000E+000
 9.750E+013  1.000E-008  6.236E+001  0.000E+000
 9.770E+013  1.000E-008  6.236E+001  0.000E+000
 9.790E+013  1.000E-008  6.236E+001  0.000E+000
 9.810E+013  1.000E-008  6.236E+001  0.000E+000
 9.830E+013  1.000E-008  6.236E+001  0.000E+000
 9.850E+013  1.000E-008  6.236E+001  0.000E+000
 9.870E+013  1.000E-008  6.236E+001  0.000E+000
 9.890E+013  1.000E-008  6.236E+001  0.000E+000
 9.910E+013  1.000E-008  6.236E+001  0.000E+000
 9.930E+013  1.000E-008  6.236E+001  0.000E+000
 9.950E+013  1.000E-008  6.236E+001  2.345E-013
 9.970E+013  1.000E-008  6.236E+001 -2.345E-013
 9.990E+013  1.000E-008  6.236E+001  0.000E+000
 1.001E+014  1.000E-099  1.000E-099  0.000E+000
 1.003E+014  1.000E-099  1.000E-099  0.000E+000
 2.093E-003
