 9.001E+004
     x1b        dens       energ       v1
 1.000E+011  5.424E-012  1.272E+008  0.000E+000
 3.000E+011  5.430E-012  1.272E+008  6.896E+005
 5.000E+011  5.450E-012  1.272E+008  1.012E+006
 7.000E+011  5.490E-012  1.272E+008  1.636E+006
 9.000E+011  5.553E-012  1.272E+008  2.130E+006
 1.100E+012  5.637E-012  1.272E+008  2.687E+006
 1.300E+012  5.738E-012  1.272E+008  3.213E+006
 1.500E+012  5.852E-012  1.272E+008  3.754E+006
 1.700E+012  5.972E-012  1.272E+008  4.288E+006
 1.900E+012  6.097E-012  1.272E+008  4.825E+006
 2.100E+012  6.222E-012  1.272E+008  5.360E+006
 2.300E+012  6.345E-012  1.272E+008  5.897E+006
 2.500E+012  6.462E-012  1.272E+008  6.433E+006
 2.700E+012  6.561E-012  1.272E+008  6.969E+006
 2.900E+012  6.629E-012  1.272E+008  7.505E+006
 3.100E+012  6.658E-012  1.272E+008  8.040E+006
 3.300E+012  6.664E-012  1.272E+008  8.576E+006
 3.500E+012  6.664E-012  1.272E+008  9.112E+006
 3.700E+012  6.664E-012  1.272E+008  9.648E+006
 3.900E+012  6.662E-012  1.272E+008  1.018E+007
 4.100E+012  6.660E-012  1.272E+008  1.072E+007
 4.300E+012  6.655E-012  1.272E+008  1.126E+007
 4.500E+012  6.647E-012  1.272E+008  1.179E+007
 4.700E+012  6.638E-012  1.272E+008  1.233E+007
 4.900E+012  6.630E-012  1.272E+008  1.286E+007
 5.100E+012  6.628E-012  1.272E+008  1.340E+007
 5.300E+012  6.627E-012  1.272E+008  1.394E+007
 5.500E+012  6.628E-012  1.272E+008  1.447E+007
 5.700E+012  6.629E-012  1.272E+008  1.501E+007
 5.900E+012  6.633E-012  1.272E+008  1.554E+007
 6.100E+012  6.639E-012  1.272E+008  1.608E+007
 6.300E+012  6.650E-012  1.272E+008  1.662E+007
 6.500E+012  6.667E-012  1.272E+008  1.715E+007
 6.700E+012  6.691E-012  1.272E+008  1.769E+007
 6.900E+012  6.725E-012  1.272E+008  1.823E+007
 7.100E+012  6.769E-012  1.272E+008  1.876E+007
 7.300E+012  6.826E-012  1.272E+008  1.930E+007
 7.500E+012  6.899E-012  1.272E+008  1.983E+007
 7.700E+012  6.989E-012  1.272E+008  2.037E+007
 7.900E+012  7.099E-012  1.272E+008  2.091E+007
 8.100E+012  7.232E-012  1.272E+008  2.144E+007
 8.300E+012  7.391E-012  1.272E+008  2.198E+007
 8.500E+012  7.580E-012  1.272E+008  2.252E+007
 8.700E+012  7.803E-012  1.272E+008  2.305E+007
 8.900E+012  8.065E-012  1.272E+008  2.359E+007
 9.100E+012  8.370E-012  1.272E+008  2.413E+007
 9.300E+012  8.726E-012  1.272E+008  2.466E+007
 9.500E+012  9.138E-012  1.272E+008  2.520E+007
 9.700E+012  9.616E-012  1.272E+008  2.574E+007
 9.900E+012  1.017E-011  1.273E+008  2.628E+007
 1.010E+013  1.081E-011  1.273E+008  2.682E+007
 1.030E+013  1.154E-011  1.273E+008  2.735E+007
 1.050E+013  1.238E-011  1.273E+008  2.789E+007
 1.070E+013  1.335E-011  1.273E+008  2.843E+007
 1.090E+013  1.446E-011  1.273E+008  2.897E+007
 1.110E+013  1.573E-011  1.273E+008  2.951E+007
 1.130E+013  1.718E-011  1.273E+008  3.005E+007
 1.150E+013  1.882E-011  1.273E+008  3.059E+007
 1.170E+013  2.069E-011  1.273E+008  3.113E+007
 1.190E+013  2.279E-011  1.273E+008  3.167E+007
 1.210E+013  2.514E-011  1.273E+008  3.221E+007
 1.230E+013  2.777E-011  1.273E+008  3.275E+007
 1.250E+013  3.068E-011  1.273E+008  3.329E+007
 1.270E+013  3.387E-011  1.273E+008  3.382E+007
 1.290E+013  3.734E-011  1.273E+008  3.436E+007
 1.310E+013  4.109E-011  1.273E+008  3.489E+007
 1.330E+013  4.511E-011  1.273E+008  3.543E+007
 1.350E+013  4.937E-011  1.273E+008  3.596E+007
 1.370E+013  5.385E-011  1.273E+008  3.650E+007
 1.390E+013  5.852E-011  1.273E+008  3.703E+007
 1.410E+013  6.336E-011  1.273E+008  3.756E+007
 1.430E+013  6.834E-011  1.273E+008  3.810E+007
 1.450E+013  7.345E-011  1.273E+008  3.863E+007
 1.470E+013  7.866E-011  1.273E+008  3.917E+007
 1.490E+013  8.397E-011  1.273E+008  3.970E+007
 1.510E+013  8.937E-011  1.273E+008  4.023E+007
 1.530E+013  9.486E-011  1.273E+008  4.077E+007
 1.550E+013  1.005E-010  1.274E+008  4.131E+007
 1.570E+013  1.062E-010  1.274E+008  4.184E+007
 1.590E+013  1.120E-010  1.274E+008  4.238E+007
 1.610E+013  1.180E-010  1.274E+008  4.291E+007
 1.630E+013  1.241E-010  1.274E+008  4.345E+007
 1.650E+013  1.305E-010  1.274E+008  4.399E+007
 1.670E+013  1.371E-010  1.274E+008  4.452E+007
 1.690E+013  1.439E-010  1.275E+008  4.506E+007
 1.710E+013  1.510E-010  1.275E+008  4.560E+007
 1.730E+013  1.584E-010  1.275E+008  4.614E+007
 1.750E+013  1.662E-010  1.275E+008  4.668E+007
 1.770E+013  1.743E-010  1.275E+008  4.721E+007
 1.790E+013  1.829E-010  1.275E+008  4.775E+007
 1.810E+013  1.919E-010  1.276E+008  4.829E+007
 1.830E+013  2.013E-010  1.276E+008  4.883E+007
 1.850E+013  2.113E-010  1.276E+008  4.937E+007
 1.870E+013  2.217E-010  1.276E+008  4.991E+007
 1.890E+013  2.327E-010  1.277E+008  5.045E+007
 1.910E+013  2.442E-010  1.277E+008  5.099E+007
 1.930E+013  2.563E-010  1.277E+008  5.153E+007
 1.950E+013  2.690E-010  1.278E+008  5.207E+007
 1.970E+013  2.823E-010  1.278E+008  5.261E+007
 1.990E+013  2.961E-010  1.278E+008  5.315E+007
 2.010E+013  3.105E-010  1.279E+008  5.369E+007
 2.030E+013  3.254E-010  1.279E+008  5.423E+007
 2.050E+013  3.410E-010  1.280E+008  5.478E+007
 2.070E+013  3.570E-010  1.280E+008  5.532E+007
 2.090E+013  3.736E-010  1.281E+008  5.586E+007
 2.110E+013  3.907E-010  1.281E+008  5.640E+007
 2.130E+013  4.084E-010  1.282E+008  5.695E+007
 2.150E+013  4.266E-010  1.283E+008  5.749E+007
 2.170E+013  4.453E-010  1.283E+008  5.803E+007
 2.190E+013  4.646E-010  1.284E+008  5.858E+007
 2.210E+013  4.844E-010  1.285E+008  5.912E+007
 2.230E+013  5.048E-010  1.285E+008  5.967E+007
 2.250E+013  5.259E-010  1.286E+008  6.022E+007
 2.270E+013  5.476E-010  1.287E+008  6.076E+007
 2.290E+013  5.701E-010  1.288E+008  6.131E+007
 2.310E+013  5.933E-010  1.289E+008  6.186E+007
 2.330E+013  6.173E-010  1.290E+008  6.241E+007
 2.350E+013  6.422E-010  1.291E+008  6.296E+007
 2.370E+013  6.680E-010  1.292E+008  6.351E+007
 2.390E+013  6.947E-010  1.293E+008  6.406E+007
 2.410E+013  7.225E-010  1.294E+008  6.462E+007
 2.430E+013  7.514E-010  1.295E+008  6.517E+007
 2.450E+013  7.813E-010  1.296E+008  6.573E+007
 2.470E+013  8.125E-010  1.298E+008  6.628E+007
 2.490E+013  8.448E-010  1.299E+008  6.684E+007
 2.510E+013  8.784E-010  1.301E+008  6.740E+007
 2.530E+013  9.133E-010  1.302E+008  6.796E+007
 2.550E+013  9.495E-010  1.304E+008  6.852E+007
 2.570E+013  9.870E-010  1.305E+008  6.908E+007
 2.590E+013  1.026E-009  1.307E+008  6.964E+007
 2.610E+013  1.066E-009  1.309E+008  7.021E+007
 2.630E+013  1.108E-009  1.311E+008  7.077E+007
 2.650E+013  1.151E-009  1.313E+008  7.134E+007
 2.670E+013  1.195E-009  1.315E+008  7.191E+007
 2.690E+013  1.241E-009  1.317E+008  7.248E+007
 2.710E+013  1.289E-009  1.320E+008  7.306E+007
 2.730E+013  1.338E-009  1.322E+008  7.363E+007
 2.750E+013  1.388E-009  1.325E+008  7.421E+007
 2.770E+013  1.440E-009  1.328E+008  7.479E+007
 2.790E+013  1.494E-009  1.330E+008  7.537E+007
 2.810E+013  1.550E-009  1.333E+008  7.595E+007
 2.830E+013  1.607E-009  1.336E+008  7.654E+007
 2.850E+013  1.667E-009  1.340E+008  7.713E+007
 2.870E+013  1.728E-009  1.343E+008  7.772E+007
 2.890E+013  1.791E-009  1.346E+008  7.831E+007
 2.910E+013  1.856E-009  1.350E+008  7.891E+007
 2.930E+013  1.924E-009  1.354E+008  7.951E+007
 2.950E+013  1.993E-009  1.358E+008  8.011E+007
 2.970E+013  2.065E-009  1.362E+008  8.071E+007
 2.990E+013  2.139E-009  1.367E+008  8.132E+007
 3.010E+013  2.215E-009  1.371E+008  8.193E+007
 3.030E+013  2.294E-009  1.376E+008  8.255E+007
 3.050E+013  2.376E-009  1.381E+008  8.317E+007
 3.070E+013  2.460E-009  1.386E+008  8.379E+007
 3.090E+013  2.546E-009  1.392E+008  8.442E+007
 3.110E+013  2.636E-009  1.397E+008  8.505E+007
 3.130E+013  2.728E-009  1.403E+008  8.568E+007
 3.150E+013  2.824E-009  1.409E+008  8.632E+007
 3.170E+013  2.922E-009  1.416E+008  8.696E+007
 3.190E+013  3.024E-009  1.422E+008  8.761E+007
 3.210E+013  3.129E-009  1.429E+008  8.827E+007
 3.230E+013  3.238E-009  1.437E+008  8.892E+007
 3.250E+013  3.351E-009  1.444E+008  8.959E+007
 3.270E+013  3.468E-009  1.452E+008  9.026E+007
 3.290E+013  3.588E-009  1.461E+008  9.093E+007
 3.310E+013  3.714E-009  1.469E+008  9.161E+007
 3.330E+013  3.843E-009  1.478E+008  9.230E+007
 3.350E+013  3.978E-009  1.488E+008  9.299E+007
 3.370E+013  4.118E-009  1.498E+008  9.369E+007
 3.390E+013  4.263E-009  1.508E+008  9.440E+007
 3.410E+013  4.413E-009  1.519E+008  9.511E+007
 3.430E+013  4.570E-009  1.530E+008  9.583E+007
 3.450E+013  4.732E-009  1.542E+008  9.656E+007
 3.470E+013  4.901E-009  1.554E+008  9.729E+007
 3.490E+013  5.077E-009  1.567E+008  9.804E+007
 3.510E+013  5.260E-009  1.581E+008  9.879E+007
 3.530E+013  5.450E-009  1.595E+008  9.955E+007
 3.550E+013  5.648E-009  1.609E+008  1.003E+008
 3.570E+013  5.855E-009  1.625E+008  1.011E+008
 3.590E+013  6.070E-009  1.641E+008  1.019E+008
 3.610E+013  6.294E-009  1.658E+008  1.027E+008
 3.630E+013  6.527E-009  1.675E+008  1.035E+008
 3.650E+013  6.770E-009  1.694E+008  1.043E+008
 3.670E+013  7.024E-009  1.713E+008  1.051E+008
 3.690E+013  7.289E-009  1.733E+008  1.059E+008
 3.710E+013  7.566E-009  1.754E+008  1.068E+008
 3.730E+013  7.855E-009  1.776E+008  1.077E+008
 3.750E+013  8.157E-009  1.800E+008  1.085E+008
 3.770E+013  8.473E-009  1.824E+008  1.094E+008
 3.790E+013  8.804E-009  1.849E+008  1.103E+008
 3.810E+013  9.150E-009  1.876E+008  1.112E+008
 3.830E+013  9.512E-009  1.904E+008  1.121E+008
 3.850E+013  9.893E-009  1.934E+008  1.130E+008
 3.870E+013  1.029E-008  1.965E+008  1.140E+008
 3.890E+013  1.071E-008  1.997E+008  1.149E+008
 3.910E+013  1.115E-008  2.032E+008  1.159E+008
 3.930E+013  1.161E-008  2.068E+008  1.169E+008
 3.950E+013  1.210E-008  2.105E+008  1.179E+008
 3.970E+013  1.261E-008  2.145E+008  1.189E+008
 3.990E+013  1.315E-008  2.187E+008  1.199E+008
 4.010E+013  1.372E-008  2.231E+008  1.209E+008
 4.030E+013  1.432E-008  2.277E+008  1.220E+008
 4.050E+013  1.495E-008  2.326E+008  1.230E+008
 4.070E+013  1.563E-008  2.377E+008  1.241E+008
 4.090E+013  1.634E-008  2.432E+008  1.252E+008
 4.110E+013  1.709E-008  2.489E+008  1.263E+008
 4.130E+013  1.789E-008  2.549E+008  1.274E+008
 4.150E+013  1.873E-008  2.613E+008  1.285E+008
 4.170E+013  1.963E-008  2.681E+008  1.297E+008
 4.190E+013  2.058E-008  2.752E+008  1.309E+008
 4.210E+013  2.160E-008  2.827E+008  1.320E+008
 4.230E+013  2.268E-008  2.907E+008  1.332E+008
 4.250E+013  2.383E-008  2.992E+008  1.344E+008
 4.270E+013  2.506E-008  3.081E+008  1.356E+008
 4.290E+013  2.637E-008  3.175E+008  1.369E+008
 4.310E+013  2.776E-008  3.275E+008  1.381E+008
 4.330E+013  2.928E-008  3.386E+008  1.394E+008
 4.350E+013  3.088E-008  3.499E+008  1.407E+008
 4.370E+013  3.250E-008  3.602E+008  1.418E+008
 4.390E+013  3.445E-008  3.757E+008  1.429E+008
 4.410E+013  3.683E-008  3.983E+008  1.455E+008
 4.430E+013  3.752E-008  3.938E+008  1.469E+008
 4.450E+013  3.429E-008  3.134E+008  1.423E+008
 4.470E+013  2.293E-008  1.293E+008  1.212E+008
 4.490E+013  1.365E-008  1.800E+007  7.655E+007
 4.510E+013  1.055E-008  2.958E+005  2.453E+007
 4.530E+013  1.002E-008  8.594E+001  1.442E+006
 4.550E+013  1.000E-008  6.236E+001  2.148E+003
 4.570E+013  1.000E-008  6.236E+001  2.025E-003
 4.590E+013  1.000E-008  6.236E+001  8.682E-013
 4.610E+013  1.000E-008  6.236E+001 -3.198E-013
 4.630E+013  1.000E-008  6.236E+001  3.198E-013
 4.650E+013  1.000E-008  6.236E+001  3.198E-013
 4.670E+013  1.000E-008  6.236E+001 -3.198E-013
 4.690E+013  1.000E-008  6.236E+001  3.198E-013
 4.710E+013  1.000E-008  6.236E+001 -3.198E-013
 4.730E+013  1.000E-008  6.236E+001  0.000E+000
 4.750E+013  1.000E-008  6.236E+001  0.000E+000
 4.770E+013  1.000E-008  6.236E+001  0.000E+000
 4.790E+013  1.000E-008  6.236E+001  3.198E-013
 4.810E+013  1.000E-008  6.236E+001 -3.198E-013
 4.830E+013  1.000E-008  6.236E+001 -3.184E-035
 4.850E+013  1.000E-008  6.236E+001  3.198E-013
 4.870E+013  1.000E-008  6.236E+001 -3.198E-013
 4.890E+013  1.000E-008  6.236E+001  0.000E+000
 4.910E+013  1.000E-008  6.236E+001  0.000E+000
 4.930E+013  1.000E-008  6.236E+001  0.000E+000
 4.950E+013  1.000E-008  6.236E+001  0.000E+000
 4.970E+013  1.000E-008  6.236E+001  0.000E+000
 4.990E+013  1.000E-008  6.236E+001  6.396E-013
 5.010E+013  1.000E-008  6.236E+001 -9.594E-013
 5.030E+013  1.000E-008  6.236E+001  3.198E-013
 5.050E+013  1.000E-008  6.236E+001  3.834E-032
 5.070E+013  1.000E-008  6.236E+001  1.889E-070
 5.090E+013  1.000E-008  6.236E+001  2.137E-147
 5.110E+013  1.000E-008  6.236E+001  3.198E-013
 5.130E+013  1.000E-008  6.236E+001 -3.198E-013
 5.150E+013  1.000E-008  6.236E+001  0.000E+000
 5.170E+013  1.000E-008  6.236E+001  0.000E+000
 5.190E+013  1.000E-008  6.236E+001 -1.338E-301
 5.210E+013  1.000E-008  6.236E+001 -2.150E-147
 5.230E+013  1.000E-008  6.236E+001 -1.895E-070
 5.250E+013  1.000E-008  6.236E+001 -3.840E-032
 5.270E+013  1.000E-008  6.236E+001 -3.198E-013
 5.290E+013  1.000E-008  6.236E+001  3.198E-013
 5.310E+013  1.000E-008  6.236E+001  3.834E-032
 5.330E+013  1.000E-008  6.236E+001  1.889E-070
 5.350E+013  1.000E-008  6.236E+001  6.396E-013
 5.370E+013  1.000E-008  6.236E+001 -6.396E-013
 5.390E+013  1.000E-008  6.236E+001  5.059E-033
 5.410E+013  1.000E-008  6.236E+001  3.198E-013
 5.430E+013  1.000E-008  6.236E+001  3.198E-013
 5.450E+013  1.000E-008  6.236E+001  3.198E-013
 5.470E+013  1.000E-008  6.236E+001 -9.594E-013
 5.490E+013  1.000E-008  6.236E+001 -3.839E-032
 5.510E+013  1.000E-008  6.236E+001 -3.198E-013
 5.530E+013  1.000E-008  6.236E+001  6.396E-013
 5.550E+013  1.000E-008  6.236E+001 -1.279E-012
 5.570E+013  1.000E-008  6.236E+001  6.396E-013
 5.590E+013  1.000E-008  6.236E+001  3.198E-013
 5.610E+013  1.000E-008  6.236E+001 -3.198E-013
 5.630E+013  1.000E-008  6.236E+001  3.198E-013
 5.650E+013  1.000E-008  6.236E+001 -1.919E-012
 5.670E+013  1.000E-008  6.236E+001  1.919E-012
 5.690E+013  1.000E-008  6.236E+001  1.919E-012
 5.710E+013  1.000E-008  6.236E+001 -1.919E-012
 5.730E+013  1.000E-008  6.236E+001  2.239E-012
 5.750E+013  1.000E-008  6.236E+001 -4.797E-012
 5.770E+013  1.000E-008  6.236E+001 -3.198E-013
 5.790E+013  1.000E-008  6.236E+001  2.878E-012
 5.810E+013  1.000E-008  6.236E+001  1.534E-011
 5.830E+013  1.000E-008  6.236E+001 -1.534E-011
 5.850E+013  1.000E-008  6.236E+001  0.000E+000
 5.870E+013  1.000E-008  6.236E+001  0.000E+000
 5.890E+013  1.000E-008  6.236E+001  0.000E+000
 5.910E+013  1.000E-008  6.236E+001  0.000E+000
 5.930E+013  1.000E-008  6.236E+001  0.000E+000
 5.950E+013  1.000E-008  6.236E+001  0.000E+000
 5.970E+013  1.000E-008  6.236E+001  0.000E+000
 5.990E+013  1.000E-008  6.236E+001  0.000E+000
 6.010E+013  1.000E-008  6.236E+001  0.000E+000
 6.030E+013  1.000E-008  6.236E+001  3.198E-013
 6.050E+013  1.000E-008  6.236E+001 -3.198E-013
 6.070E+013  1.000E-008  6.236E+001  3.198E-013
 6.090E+013  1.000E-008  6.236E+001 -3.198E-013
 6.110E+013  1.000E-008  6.236E+001  0.000E+000
 6.130E+013  1.000E-008  6.236E+001  0.000E+000
 6.150E+013  1.000E-008  6.236E+001  0.000E+000
 6.170E+013  1.000E-008  6.236E+001  3.198E-013
 6.190E+013  1.000E-008  6.236E+001 -3.198E-013
 6.210E+013  1.000E-008  6.236E+001  0.000E+000
 6.230E+013  1.000E-008  6.236E+001  0.000E+000
 6.250E+013  1.000E-008  6.236E+001  0.000E+000
 6.270E+013  1.000E-008  6.236E+001  0.000E+000
 6.290E+013  1.000E-008  6.236E+001  0.000E+000
 6.310E+013  1.000E-008  6.236E+001  0.000E+000
 6.330E+013  1.000E-008  6.236E+001  0.000E+000
 6.350E+013  1.000E-008  6.236E+001  3.198E-013
 6.370E+013  1.000E-008  6.236E+001 -3.198E-013
 6.390E+013  1.000E-008  6.236E+001  0.000E+000
 6.410E+013  1.000E-008  6.236E+001  0.000E+000
 6.430E+013  1.000E-008  6.236E+001  0.000E+000
 6.450E+013  1.000E-008  6.236E+001  0.000E+000
 6.470E+013  1.000E-008  6.236E+001  3.198E-013
 6.490E+013  1.000E-008  6.236E+001 -3.198E-013
 6.510E+013  1.000E-008  6.236E+001  0.000E+000
 6.530E+013  1.000E-008  6.236E+001  0.000E+000
 6.550E+013  1.000E-008  6.236E+001  0.000E+000
 6.570E+013  1.000E-008  6.236E+001  0.000E+000
 6.590E+013  1.000E-008  6.236E+001  3.198E-013
 6.610E+013  1.000E-008  6.236E+001 -3.198E-013
 6.630E+013  1.000E-008  6.236E+001  0.000E+000
 6.650E+013  1.000E-008  6.236E+001  0.000E+000
 6.670E+013  1.000E-008  6.236E+001  0.000E+000
 6.690E+013  1.000E-008  6.236E+001  3.198E-013
 6.710E+013  1.000E-008  6.236E+001 -3.198E-013
 6.730E+013  1.000E-008  6.236E+001  0.000E+000
 6.750E+013  1.000E-008  6.236E+001  0.000E+000
 6.770E+013  1.000E-008  6.236E+001  3.198E-013
 6.790E+013  1.000E-008  6.236E+001 -3.198E-013
 6.810E+013  1.000E-008  6.236E+001  3.198E-013
 6.830E+013  1.000E-008  6.236E+001 -4.501E-035
 6.850E+013  1.000E-008  6.236E+001 -3.198E-013
 6.870E+013  1.000E-008  6.236E+001  0.000E+000
 6.890E+013  1.000E-008  6.236E+001  0.000E+000
 6.910E+013  1.000E-008  6.236E+001  0.000E+000
 6.930E+013  1.000E-008  6.236E+001  3.198E-013
 6.950E+013  1.000E-008  6.236E+001 -3.198E-013
 6.970E+013  1.000E-008  6.236E+001  0.000E+000
 6.990E+013  1.000E-008  6.236E+001  0.000E+000
 7.010E+013  1.000E-008  6.236E+001  0.000E+000
 7.030E+013  1.000E-008  6.236E+001  0.000E+000
 7.050E+013  1.000E-008  6.236E+001  0.000E+000
 7.070E+013  1.000E-008  6.236E+001  0.000E+000
 7.090E+013  1.000E-008  6.236E+001  0.000E+000
 7.110E+013  1.000E-008  6.236E+001  0.000E+000
 7.130E+013  1.000E-008  6.236E+001  0.000E+000
 7.150E+013  1.000E-008  6.236E+001  0.000E+000
 7.170E+013  1.000E-008  6.236E+001  0.000E+000
 7.190E+013  1.000E-008  6.236E+001  3.198E-013
 7.210E+013  1.000E-008  6.236E+001 -3.198E-013
 7.230E+013  1.000E-008  6.236E+001  0.000E+000
 7.250E+013  1.000E-008  6.236E+001  0.000E+000
 7.270E+013  1.000E-008  6.236E+001  6.396E-013
 7.290E+013  1.000E-008  6.236E+001 -1.686E-034
 7.310E+013  1.000E-008  6.236E+001 -6.396E-013
 7.330E+013  1.000E-008  6.236E+001 -3.839E-032
 7.350E+013  1.000E-008  6.236E+001 -3.198E-013
 7.370E+013  1.000E-008  6.236E+001  3.198E-013
 7.390E+013  1.000E-008  6.236E+001  3.835E-032
 7.410E+013  1.000E-008  6.236E+001  1.890E-070
 7.430E+013  1.000E-008  6.236E+001  2.139E-147
 7.450E+013  1.000E-008  6.236E+001  1.324E-301
 7.470E+013  1.000E-008  6.236E+001  0.000E+000
 7.490E+013  1.000E-008  6.236E+001  0.000E+000
 7.510E+013  1.000E-008  6.236E+001  0.000E+000
 7.530E+013  1.000E-008  6.236E+001  0.000E+000
 7.550E+013  1.000E-008  6.236E+001  0.000E+000
 7.570E+013  1.000E-008  6.236E+001  0.000E+000
 7.590E+013  1.000E-008  6.236E+001  0.000E+000
 7.610E+013  1.000E-008  6.236E+001  0.000E+000
 7.630E+013  1.000E-008  6.236E+001  0.000E+000
 7.650E+013  1.000E-008  6.236E+001  0.000E+000
 7.670E+013  1.000E-008  6.236E+001  6.396E-013
 7.690E+013  1.000E-008  6.236E+001 -6.396E-013
 7.710E+013  1.000E-008  6.236E+001  9.594E-013
 7.730E+013  1.000E-008  6.236E+001 -9.594E-013
 7.750E+013  1.000E-008  6.236E+001  9.089E-033
 7.770E+013  1.000E-008  6.236E+001  6.396E-013
 7.790E+013  1.000E-008  6.236E+001 -1.919E-012
 7.810E+013  1.000E-008  6.236E+001  1.919E-012
 7.830E+013  1.000E-008  6.236E+001 -6.396E-013
 7.850E+013  1.000E-008  6.236E+001 -1.335E-070
 7.870E+013  1.000E-008  6.236E+001 -3.223E-032
 7.890E+013  1.000E-008  6.236E+001 -3.198E-013
 7.910E+013  1.000E-008  6.236E+001 -1.599E-012
 7.930E+013  1.000E-008  6.236E+001  9.594E-013
 7.950E+013  1.000E-008  6.236E+001  9.594E-013
 7.970E+013  1.000E-008  6.236E+001 -1.279E-012
 7.990E+013  1.000E-008  6.236E+001  1.279E-012
 8.010E+013  1.000E-008  6.236E+001  6.136E-031
 8.030E+013  1.000E-008  6.236E+001  4.838E-068
 8.050E+013  1.000E-008  6.236E+001  1.402E-142
 8.070E+013  1.000E-008  6.236E+001 -6.133E-285
 8.090E+013  1.000E-008  6.236E+001 -4.604E-139
 8.110E+013  1.000E-008  6.236E+001 -2.772E-066
 8.130E+013  1.000E-008  6.236E+001 -4.645E-030
 8.150E+013  1.000E-008  6.236E+001 -3.518E-012
 8.170E+013  1.000E-008  6.236E+001  4.477E-012
 8.190E+013  1.000E-008  6.236E+001 -9.594E-013
 8.210E+013  1.000E-008  6.236E+001  0.000E+000
 8.230E+013  1.000E-008  6.236E+001  0.000E+000
 8.250E+013  1.000E-008  6.236E+001  0.000E+000
 8.270E+013  1.000E-008  6.236E+001  0.000E+000
 8.290E+013  1.000E-008  6.236E+001  1.279E-012
 8.310E+013  1.000E-008  6.236E+001 -1.279E-012
 8.330E+013  1.000E-008  6.236E+001 -3.727E-032
 8.350E+013  1.000E-008  6.236E+001  1.919E-012
 8.370E+013  1.000E-008  6.236E+001 -1.599E-012
 8.390E+013  1.000E-008  6.236E+001 -3.839E-032
 8.410E+013  1.000E-008  6.236E+001 -3.198E-013
 8.430E+013  1.000E-008  6.236E+001  3.198E-013
 8.450E+013  1.000E-008  6.236E+001 -3.637E-035
 8.470E+013  1.000E-008  6.236E+001 -3.198E-013
 8.490E+013  1.000E-008  6.236E+001 -1.810E-035
 8.510E+013  1.000E-008  6.236E+001  3.198E-013
 8.530E+013  1.000E-008  6.236E+001 -3.603E-035
 8.550E+013  1.000E-008  6.236E+001 -3.198E-013
 8.570E+013  1.000E-008  6.236E+001 -1.793E-035
 8.590E+013  1.000E-008  6.236E+001  3.198E-013
 8.610E+013  1.000E-008  6.236E+001 -3.198E-013
 8.630E+013  1.000E-008  6.236E+001  0.000E+000
 8.650E+013  1.000E-008  6.236E+001  0.000E+000
 8.670E+013  1.000E-008  6.236E+001  0.000E+000
 8.690E+013  1.000E-008  6.236E+001  0.000E+000
 8.710E+013  1.000E-008  6.236E+001  0.000E+000
 8.730E+013  1.000E-008  6.236E+001  0.000E+000
 8.750E+013  1.000E-008  6.236E+001  3.198E-013
 8.770E+013  1.000E-008  6.236E+001 -3.198E-013
 8.790E+013  1.000E-008  6.236E+001 -1.748E-035
 8.810E+013  1.000E-008  6.236E+001  3.198E-013
 8.830E+013  1.000E-008  6.236E+001 -3.198E-013
 8.850E+013  1.000E-008  6.236E+001  3.198E-013
 8.870E+013  1.000E-008  6.236E+001  3.198E-013
 8.890E+013  1.000E-008  6.236E+001 -6.396E-013
 8.910E+013  1.000E-008  6.236E+001  0.000E+000
 8.930E+013  1.000E-008  6.236E+001  0.000E+000
 8.950E+013  1.000E-008  6.236E+001  0.000E+000
 8.970E+013  1.000E-008  6.236E+001  0.000E+000
 8.990E+013  1.000E-008  6.236E+001  0.000E+000
 9.010E+013  1.000E-008  6.236E+001  3.198E-013
 9.030E+013  1.000E-008  6.236E+001 -3.403E-035
 9.050E+013  1.000E-008  6.236E+001 -3.198E-013
 9.070E+013  1.000E-008  6.236E+001  3.198E-013
 9.090E+013  1.000E-008  6.236E+001 -3.380E-035
 9.110E+013  1.000E-008  6.236E+001 -3.198E-013
 9.130E+013  1.000E-008  6.236E+001  0.000E+000
 9.150E+013  1.000E-008  6.236E+001  0.000E+000
 9.170E+013  1.000E-008  6.236E+001  0.000E+000
 9.190E+013  1.000E-008  6.236E+001  0.000E+000
 9.210E+013  1.000E-008  6.236E+001  0.000E+000
 9.230E+013  1.000E-008  6.236E+001  3.198E-013
 9.250E+013  1.000E-008  6.236E+001 -3.322E-035
 9.270E+013  1.000E-008  6.236E+001 -3.198E-013
 9.290E+013  1.000E-008  6.236E+001  0.000E+000
 9.310E+013  1.000E-008  6.236E+001  0.000E+000
 9.330E+013  1.000E-008  6.236E+001  0.000E+000
 9.350E+013  1.000E-008  6.236E+001  0.000E+000
 9.370E+013  1.000E-008  6.236E+001  3.198E-013
 9.390E+013  1.000E-008  6.236E+001 -3.198E-013
 9.410E+013  1.000E-008  6.236E+001  3.198E-013
 9.430E+013  1.000E-008  6.236E+001 -3.198E-013
 9.450E+013  1.000E-008  6.236E+001  0.000E+000
 9.470E+013  1.000E-008  6.236E+001  0.000E+000
 9.490E+013  1.000E-008  6.236E+001  0.000E+000
 9.510E+013  1.000E-008  6.236E+001  0.000E+000
 9.530E+013  1.000E-008  6.236E+001  3.198E-013
 9.550E+013  1.000E-008  6.236E+001 -3.198E-013
 9.570E+013  1.000E-008  6.236E+001 -1.893E-070
 9.590E+013  1.000E-008  6.236E+001 -3.838E-032
 9.610E+013  1.000E-008  6.236E+001 -3.198E-013
 9.630E+013  1.000E-008  6.236E+001  3.198E-013
 9.650E+013  1.000E-008  6.236E+001  3.835E-032
 9.670E+013  1.000E-008  6.236E+001  3.198E-013
 9.690E+013  1.000E-008  6.236E+001 -3.198E-013
 9.710E+013  1.000E-008  6.236E+001  0.000E+000
 9.730E+013  1.000E-008  6.236E+001  0.000E+000
 9.750E+013  1.000E-008  6.236E+001  0.000E+000
 9.770E+013  1.000E-008  6.236E+001  0.000E+000
 9.790E+013  1.000E-008  6.236E+001  0.000E+000
 9.810E+013  1.000E-008  6.236E+001  0.000E+000
 9.830E+013  1.000E-008  6.236E+001  0.000E+000
 9.850E+013  1.000E-008  6.236E+001  0.000E+000
 9.870E+013  1.000E-008  6.236E+001  0.000E+000
 9.890E+013  1.000E-008  6.236E+001  0.000E+000
 9.910E+013  1.000E-008  6.236E+001  0.000E+000
 9.930E+013  1.000E-008  6.236E+001  0.000E+000
 9.950E+013  1.000E-008  6.236E+001  3.198E-013
 9.970E+013  1.000E-008  6.236E+001 -3.198E-013
 9.990E+013  1.000E-008  6.236E+001  0.000E+000
 1.001E+014  1.000E-099  1.000E-099  0.000E+000
 1.003E+014  1.000E-099  1.000E-099  0.000E+000
 2.854E-003
