 1.860E+005
     x1b        dens       energ       v1
 1.000E+011  3.206E-012  5.298E+007  0.000E+000
 3.000E+011  3.208E-012  5.298E+007  2.407E+005
 5.000E+011  3.215E-012  5.298E+007  5.271E+005
 7.000E+011  3.230E-012  5.298E+007  7.758E+005
 9.000E+011  3.254E-012  5.298E+007  1.041E+006
 1.100E+012  3.287E-012  5.298E+007  1.298E+006
 1.300E+012  3.328E-012  5.298E+007  1.559E+006
 1.500E+012  3.378E-012  5.298E+007  1.818E+006
 1.700E+012  3.432E-012  5.298E+007  2.078E+006
 1.900E+012  3.491E-012  5.298E+007  2.338E+006
 2.100E+012  3.552E-012  5.298E+007  2.598E+006
 2.300E+012  3.614E-012  5.298E+007  2.858E+006
 2.500E+012  3.676E-012  5.298E+007  3.118E+006
 2.700E+012  3.738E-012  5.298E+007  3.377E+006
 2.900E+012  3.797E-012  5.298E+007  3.637E+006
 3.100E+012  3.851E-012  5.298E+007  3.897E+006
 3.300E+012  3.895E-012  5.298E+007  4.157E+006
 3.500E+012  3.924E-012  5.298E+007  4.416E+006
 3.700E+012  3.937E-012  5.298E+007  4.676E+006
 3.900E+012  3.939E-012  5.298E+007  4.936E+006
 4.100E+012  3.939E-012  5.298E+007  5.196E+006
 4.300E+012  3.939E-012  5.298E+007  5.456E+006
 4.500E+012  3.939E-012  5.298E+007  5.715E+006
 4.700E+012  3.938E-012  5.298E+007  5.975E+006
 4.900E+012  3.936E-012  5.298E+007  6.235E+006
 5.100E+012  3.934E-012  5.298E+007  6.495E+006
 5.300E+012  3.930E-012  5.298E+007  6.755E+006
 5.500E+012  3.926E-012  5.298E+007  7.014E+006
 5.700E+012  3.922E-012  5.298E+007  7.274E+006
 5.900E+012  3.919E-012  5.298E+007  7.534E+006
 6.100E+012  3.918E-012  5.298E+007  7.794E+006
 6.300E+012  3.918E-012  5.298E+007  8.054E+006
 6.500E+012  3.918E-012  5.298E+007  8.313E+006
 6.700E+012  3.918E-012  5.298E+007  8.573E+006
 6.900E+012  3.920E-012  5.298E+007  8.833E+006
 7.100E+012  3.922E-012  5.298E+007  9.093E+006
 7.300E+012  3.926E-012  5.298E+007  9.352E+006
 7.500E+012  3.931E-012  5.298E+007  9.612E+006
 7.700E+012  3.939E-012  5.298E+007  9.872E+006
 7.900E+012  3.950E-012  5.298E+007  1.013E+007
 8.100E+012  3.965E-012  5.298E+007  1.039E+007
 8.300E+012  3.983E-012  5.298E+007  1.065E+007
 8.500E+012  4.007E-012  5.298E+007  1.091E+007
 8.700E+012  4.036E-012  5.298E+007  1.117E+007
 8.900E+012  4.071E-012  5.298E+007  1.143E+007
 9.100E+012  4.114E-012  5.298E+007  1.169E+007
 9.300E+012  4.164E-012  5.298E+007  1.195E+007
 9.500E+012  4.223E-012  5.298E+007  1.221E+007
 9.700E+012  4.293E-012  5.298E+007  1.247E+007
 9.900E+012  4.374E-012  5.298E+007  1.273E+007
 1.010E+013  4.467E-012  5.298E+007  1.299E+007
 1.030E+013  4.574E-012  5.298E+007  1.325E+007
 1.050E+013  4.696E-012  5.298E+007  1.351E+007
 1.070E+013  4.836E-012  5.298E+007  1.377E+007
 1.090E+013  4.994E-012  5.298E+007  1.403E+007
 1.110E+013  5.175E-012  5.298E+007  1.429E+007
 1.130E+013  5.379E-012  5.298E+007  1.455E+007
 1.150E+013  5.610E-012  5.298E+007  1.481E+007
 1.170E+013  5.870E-012  5.298E+007  1.507E+007
 1.190E+013  6.165E-012  5.298E+007  1.533E+007
 1.210E+013  6.496E-012  5.298E+007  1.559E+007
 1.230E+013  6.869E-012  5.298E+007  1.585E+007
 1.250E+013  7.288E-012  5.298E+007  1.612E+007
 1.270E+013  7.759E-012  5.298E+007  1.638E+007
 1.290E+013  8.287E-012  5.298E+007  1.664E+007
 1.310E+013  8.878E-012  5.298E+007  1.690E+007
 1.330E+013  9.539E-012  5.298E+007  1.716E+007
 1.350E+013  1.028E-011  5.298E+007  1.742E+007
 1.370E+013  1.110E-011  5.298E+007  1.768E+007
 1.390E+013  1.201E-011  5.298E+007  1.794E+007
 1.410E+013  1.302E-011  5.298E+007  1.820E+007
 1.430E+013  1.413E-011  5.298E+007  1.846E+007
 1.450E+013  1.535E-011  5.298E+007  1.872E+007
 1.470E+013  1.669E-011  5.298E+007  1.898E+007
 1.490E+013  1.814E-011  5.298E+007  1.925E+007
 1.510E+013  1.971E-011  5.298E+007  1.951E+007
 1.530E+013  2.140E-011  5.298E+007  1.977E+007
 1.550E+013  2.321E-011  5.298E+007  2.002E+007
 1.570E+013  2.513E-011  5.298E+007  2.028E+007
 1.590E+013  2.716E-011  5.298E+007  2.054E+007
 1.610E+013  2.929E-011  5.299E+007  2.080E+007
 1.630E+013  3.151E-011  5.299E+007  2.106E+007
 1.650E+013  3.382E-011  5.299E+007  2.132E+007
 1.670E+013  3.619E-011  5.299E+007  2.158E+007
 1.690E+013  3.863E-011  5.299E+007  2.184E+007
 1.710E+013  4.113E-011  5.299E+007  2.210E+007
 1.730E+013  4.367E-011  5.299E+007  2.236E+007
 1.750E+013  4.626E-011  5.299E+007  2.262E+007
 1.770E+013  4.889E-011  5.299E+007  2.287E+007
 1.790E+013  5.155E-011  5.300E+007  2.313E+007
 1.810E+013  5.426E-011  5.300E+007  2.339E+007
 1.830E+013  5.700E-011  5.300E+007  2.365E+007
 1.850E+013  5.978E-011  5.300E+007  2.391E+007
 1.870E+013  6.262E-011  5.300E+007  2.417E+007
 1.890E+013  6.550E-011  5.300E+007  2.443E+007
 1.910E+013  6.844E-011  5.301E+007  2.469E+007
 1.930E+013  7.145E-011  5.301E+007  2.495E+007
 1.950E+013  7.454E-011  5.301E+007  2.521E+007
 1.970E+013  7.771E-011  5.301E+007  2.547E+007
 1.990E+013  8.097E-011  5.301E+007  2.573E+007
 2.010E+013  8.434E-011  5.302E+007  2.599E+007
 2.030E+013  8.783E-011  5.302E+007  2.625E+007
 2.050E+013  9.144E-011  5.302E+007  2.651E+007
 2.070E+013  9.518E-011  5.303E+007  2.677E+007
 2.090E+013  9.907E-011  5.303E+007  2.703E+007
 2.110E+013  1.031E-010  5.303E+007  2.729E+007
 2.130E+013  1.073E-010  5.304E+007  2.755E+007
 2.150E+013  1.117E-010  5.304E+007  2.781E+007
 2.170E+013  1.163E-010  5.304E+007  2.807E+007
 2.190E+013  1.211E-010  5.305E+007  2.833E+007
 2.210E+013  1.261E-010  5.305E+007  2.860E+007
 2.230E+013  1.313E-010  5.306E+007  2.886E+007
 2.250E+013  1.367E-010  5.306E+007  2.912E+007
 2.270E+013  1.424E-010  5.307E+007  2.938E+007
 2.290E+013  1.483E-010  5.307E+007  2.964E+007
 2.310E+013  1.544E-010  5.308E+007  2.990E+007
 2.330E+013  1.607E-010  5.308E+007  3.016E+007
 2.350E+013  1.673E-010  5.309E+007  3.042E+007
 2.370E+013  1.742E-010  5.310E+007  3.068E+007
 2.390E+013  1.812E-010  5.310E+007  3.094E+007
 2.410E+013  1.885E-010  5.311E+007  3.120E+007
 2.430E+013  1.960E-010  5.312E+007  3.146E+007
 2.450E+013  2.038E-010  5.312E+007  3.173E+007
 2.470E+013  2.118E-010  5.313E+007  3.199E+007
 2.490E+013  2.200E-010  5.314E+007  3.225E+007
 2.510E+013  2.284E-010  5.315E+007  3.251E+007
 2.530E+013  2.370E-010  5.316E+007  3.277E+007
 2.550E+013  2.458E-010  5.317E+007  3.303E+007
 2.570E+013  2.549E-010  5.318E+007  3.329E+007
 2.590E+013  2.642E-010  5.319E+007  3.356E+007
 2.610E+013  2.737E-010  5.320E+007  3.382E+007
 2.630E+013  2.834E-010  5.321E+007  3.408E+007
 2.650E+013  2.934E-010  5.322E+007  3.434E+007
 2.670E+013  3.036E-010  5.324E+007  3.460E+007
 2.690E+013  3.140E-010  5.325E+007  3.487E+007
 2.710E+013  3.248E-010  5.326E+007  3.513E+007
 2.730E+013  3.358E-010  5.328E+007  3.539E+007
 2.750E+013  3.472E-010  5.329E+007  3.565E+007
 2.770E+013  3.588E-010  5.331E+007  3.592E+007
 2.790E+013  3.708E-010  5.332E+007  3.618E+007
 2.810E+013  3.832E-010  5.334E+007  3.644E+007
 2.830E+013  3.959E-010  5.336E+007  3.671E+007
 2.850E+013  4.090E-010  5.338E+007  3.697E+007
 2.870E+013  4.225E-010  5.340E+007  3.723E+007
 2.890E+013  4.365E-010  5.342E+007  3.750E+007
 2.910E+013  4.509E-010  5.344E+007  3.776E+007
 2.930E+013  4.657E-010  5.346E+007  3.803E+007
 2.950E+013  4.810E-010  5.348E+007  3.829E+007
 2.970E+013  4.968E-010  5.350E+007  3.856E+007
 2.990E+013  5.131E-010  5.353E+007  3.882E+007
 3.010E+013  5.299E-010  5.355E+007  3.909E+007
 3.030E+013  5.472E-010  5.358E+007  3.935E+007
 3.050E+013  5.650E-010  5.360E+007  3.962E+007
 3.070E+013  5.833E-010  5.363E+007  3.988E+007
 3.090E+013  6.022E-010  5.366E+007  4.015E+007
 3.110E+013  6.216E-010  5.369E+007  4.042E+007
 3.130E+013  6.415E-010  5.372E+007  4.068E+007
 3.150E+013  6.620E-010  5.376E+007  4.095E+007
 3.170E+013  6.830E-010  5.379E+007  4.122E+007
 3.190E+013  7.046E-010  5.382E+007  4.149E+007
 3.210E+013  7.267E-010  5.386E+007  4.175E+007
 3.230E+013  7.495E-010  5.390E+007  4.202E+007
 3.250E+013  7.727E-010  5.394E+007  4.229E+007
 3.270E+013  7.966E-010  5.398E+007  4.256E+007
 3.290E+013  8.211E-010  5.402E+007  4.283E+007
 3.310E+013  8.462E-010  5.407E+007  4.310E+007
 3.330E+013  8.719E-010  5.411E+007  4.337E+007
 3.350E+013  8.982E-010  5.416E+007  4.364E+007
 3.370E+013  9.252E-010  5.421E+007  4.391E+007
 3.390E+013  9.529E-010  5.426E+007  4.418E+007
 3.410E+013  9.812E-010  5.431E+007  4.446E+007
 3.430E+013  1.010E-009  5.437E+007  4.473E+007
 3.450E+013  1.040E-009  5.442E+007  4.500E+007
 3.470E+013  1.071E-009  5.448E+007  4.528E+007
 3.490E+013  1.102E-009  5.454E+007  4.555E+007
 3.510E+013  1.134E-009  5.461E+007  4.583E+007
 3.530E+013  1.167E-009  5.467E+007  4.610E+007
 3.550E+013  1.200E-009  5.474E+007  4.638E+007
 3.570E+013  1.234E-009  5.481E+007  4.665E+007
 3.590E+013  1.270E-009  5.488E+007  4.693E+007
 3.610E+013  1.306E-009  5.495E+007  4.721E+007
 3.630E+013  1.343E-009  5.503E+007  4.749E+007
 3.650E+013  1.380E-009  5.511E+007  4.777E+007
 3.670E+013  1.419E-009  5.520E+007  4.805E+007
 3.690E+013  1.458E-009  5.528E+007  4.833E+007
 3.710E+013  1.499E-009  5.537E+007  4.861E+007
 3.730E+013  1.540E-009  5.546E+007  4.890E+007
 3.750E+013  1.582E-009  5.556E+007  4.918E+007
 3.770E+013  1.626E-009  5.565E+007  4.947E+007
 3.790E+013  1.670E-009  5.575E+007  4.975E+007
 3.810E+013  1.715E-009  5.586E+007  5.004E+007
 3.830E+013  1.762E-009  5.597E+007  5.032E+007
 3.850E+013  1.809E-009  5.608E+007  5.061E+007
 3.870E+013  1.858E-009  5.620E+007  5.090E+007
 3.890E+013  1.908E-009  5.631E+007  5.119E+007
 3.910E+013  1.959E-009  5.644E+007  5.149E+007
 3.930E+013  2.012E-009  5.657E+007  5.178E+007
 3.950E+013  2.065E-009  5.670E+007  5.207E+007
 3.970E+013  2.120E-009  5.683E+007  5.237E+007
 3.990E+013  2.177E-009  5.697E+007  5.266E+007
 4.010E+013  2.235E-009  5.712E+007  5.296E+007
 4.030E+013  2.294E-009  5.727E+007  5.326E+007
 4.050E+013  2.355E-009  5.742E+007  5.356E+007
 4.070E+013  2.417E-009  5.758E+007  5.386E+007
 4.090E+013  2.482E-009  5.775E+007  5.417E+007
 4.110E+013  2.547E-009  5.792E+007  5.447E+007
 4.130E+013  2.615E-009  5.810E+007  5.478E+007
 4.150E+013  2.684E-009  5.828E+007  5.508E+007
 4.170E+013  2.755E-009  5.847E+007  5.539E+007
 4.190E+013  2.828E-009  5.866E+007  5.570E+007
 4.210E+013  2.903E-009  5.886E+007  5.602E+007
 4.230E+013  2.980E-009  5.907E+007  5.633E+007
 4.250E+013  3.059E-009  5.928E+007  5.665E+007
 4.270E+013  3.140E-009  5.950E+007  5.696E+007
 4.290E+013  3.224E-009  5.973E+007  5.728E+007
 4.310E+013  3.309E-009  5.997E+007  5.761E+007
 4.330E+013  3.397E-009  6.021E+007  5.793E+007
 4.350E+013  3.487E-009  6.046E+007  5.826E+007
 4.370E+013  3.580E-009  6.072E+007  5.858E+007
 4.390E+013  3.675E-009  6.099E+007  5.891E+007
 4.410E+013  3.772E-009  6.127E+007  5.924E+007
 4.430E+013  3.872E-009  6.156E+007  5.958E+007
 4.450E+013  3.975E-009  6.186E+007  5.992E+007
 4.470E+013  4.081E-009  6.216E+007  6.025E+007
 4.490E+013  4.190E-009  6.248E+007  6.060E+007
 4.510E+013  4.302E-009  6.281E+007  6.094E+007
 4.530E+013  4.417E-009  6.315E+007  6.129E+007
 4.550E+013  4.535E-009  6.350E+007  6.163E+007
 4.570E+013  4.656E-009  6.386E+007  6.199E+007
 4.590E+013  4.781E-009  6.423E+007  6.234E+007
 4.610E+013  4.909E-009  6.462E+007  6.270E+007
 4.630E+013  5.041E-009  6.502E+007  6.306E+007
 4.650E+013  5.177E-009  6.543E+007  6.342E+007
 4.670E+013  5.317E-009  6.586E+007  6.379E+007
 4.690E+013  5.461E-009  6.630E+007  6.415E+007
 4.710E+013  5.609E-009  6.675E+007  6.453E+007
 4.730E+013  5.762E-009  6.723E+007  6.490E+007
 4.750E+013  5.919E-009  6.771E+007  6.528E+007
 4.770E+013  6.081E-009  6.822E+007  6.566E+007
 4.790E+013  6.248E-009  6.874E+007  6.604E+007
 4.810E+013  6.421E-009  6.928E+007  6.643E+007
 4.830E+013  6.599E-009  6.984E+007  6.682E+007
 4.850E+013  6.782E-009  7.042E+007  6.722E+007
 4.870E+013  6.972E-009  7.102E+007  6.762E+007
 4.890E+013  7.167E-009  7.164E+007  6.802E+007
 4.910E+013  7.370E-009  7.228E+007  6.843E+007
 4.930E+013  7.579E-009  7.294E+007  6.884E+007
 4.950E+013  7.794E-009  7.363E+007  6.925E+007
 4.970E+013  8.018E-009  7.434E+007  6.967E+007
 4.990E+013  8.249E-009  7.508E+007  7.009E+007
 5.010E+013  8.488E-009  7.585E+007  7.052E+007
 5.030E+013  8.735E-009  7.664E+007  7.095E+007
 5.050E+013  8.991E-009  7.746E+007  7.138E+007
 5.070E+013  9.256E-009  7.831E+007  7.182E+007
 5.090E+013  9.531E-009  7.919E+007  7.226E+007
 5.110E+013  9.816E-009  8.011E+007  7.271E+007
 5.130E+013  1.011E-008  8.106E+007  7.316E+007
 5.150E+013  1.042E-008  8.204E+007  7.362E+007
 5.170E+013  1.074E-008  8.306E+007  7.408E+007
 5.190E+013  1.107E-008  8.412E+007  7.455E+007
 5.210E+013  1.141E-008  8.522E+007  7.502E+007
 5.230E+013  1.176E-008  8.636E+007  7.549E+007
 5.250E+013  1.213E-008  8.755E+007  7.597E+007
 5.270E+013  1.252E-008  8.878E+007  7.646E+007
 5.290E+013  1.292E-008  9.006E+007  7.695E+007
 5.310E+013  1.333E-008  9.139E+007  7.744E+007
 5.330E+013  1.377E-008  9.277E+007  7.794E+007
 5.350E+013  1.422E-008  9.421E+007  7.844E+007
 5.370E+013  1.469E-008  9.570E+007  7.895E+007
 5.390E+013  1.518E-008  9.725E+007  7.947E+007
 5.410E+013  1.569E-008  9.887E+007  7.999E+007
 5.430E+013  1.622E-008  1.006E+008  8.051E+007
 5.450E+013  1.678E-008  1.023E+008  8.104E+007
 5.470E+013  1.736E-008  1.041E+008  8.158E+007
 5.490E+013  1.796E-008  1.060E+008  8.212E+007
 5.510E+013  1.860E-008  1.080E+008  8.266E+007
 5.530E+013  1.926E-008  1.101E+008  8.322E+007
 5.550E+013  1.995E-008  1.122E+008  8.377E+007
 5.570E+013  2.068E-008  1.144E+008  8.433E+007
 5.590E+013  2.144E-008  1.168E+008  8.490E+007
 5.610E+013  2.224E-008  1.192E+008  8.547E+007
 5.630E+013  2.307E-008  1.218E+008  8.605E+007
 5.650E+013  2.395E-008  1.244E+008  8.663E+007
 5.670E+013  2.487E-008  1.272E+008  8.721E+007
 5.690E+013  2.584E-008  1.301E+008  8.781E+007
 5.710E+013  2.685E-008  1.331E+008  8.840E+007
 5.730E+013  2.792E-008  1.363E+008  8.900E+007
 5.750E+013  2.905E-008  1.396E+008  8.961E+007
 5.770E+013  3.023E-008  1.430E+008  9.022E+007
 5.790E+013  3.148E-008  1.467E+008  9.083E+007
 5.810E+013  3.281E-008  1.507E+008  9.149E+007
 5.830E+013  3.413E-008  1.542E+008  9.208E+007
 5.850E+013  3.557E-008  1.584E+008  9.255E+007
 5.870E+013  3.747E-008  1.657E+008  9.354E+007
 5.890E+013  3.857E-008  1.684E+008  9.476E+007
 5.910E+013  3.728E-008  1.516E+008  9.372E+007
 5.930E+013  2.847E-008  8.698E+007  8.547E+007
 5.950E+013  1.661E-008  2.007E+007  6.299E+007
 5.970E+013  1.137E-008  1.043E+006  2.892E+007
 5.990E+013  1.009E-008  1.421E+003  4.167E+006
 6.010E+013  1.000E-008  6.236E+001  4.076E+004
 6.030E+013  1.000E-008  6.236E+001  1.688E+000
 6.050E+013  1.000E-008  6.236E+001  4.404E-009
 6.070E+013  1.000E-008  6.236E+001  6.609E-013
 6.090E+013  1.000E-008  6.236E+001 -6.609E-013
 6.110E+013  1.000E-008  6.236E+001  0.000E+000
 6.130E+013  1.000E-008  6.236E+001  0.000E+000
 6.150E+013  1.000E-008  6.236E+001  0.000E+000
 6.170E+013  1.000E-008  6.236E+001  6.609E-013
 6.190E+013  1.000E-008  6.236E+001 -6.609E-013
 6.210E+013  1.000E-008  6.236E+001  0.000E+000
 6.230E+013  1.000E-008  6.236E+001  0.000E+000
 6.250E+013  1.000E-008  6.236E+001  0.000E+000
 6.270E+013  1.000E-008  6.236E+001  0.000E+000
 6.290E+013  1.000E-008  6.236E+001  0.000E+000
 6.310E+013  1.000E-008  6.236E+001  0.000E+000
 6.330E+013  1.000E-008  6.236E+001  0.000E+000
 6.350E+013  1.000E-008  6.236E+001  6.609E-013
 6.370E+013  1.000E-008  6.236E+001 -6.609E-013
 6.390E+013  1.000E-008  6.236E+001  0.000E+000
 6.410E+013  1.000E-008  6.236E+001  0.000E+000
 6.430E+013  1.000E-008  6.236E+001  0.000E+000
 6.450E+013  1.000E-008  6.236E+001  0.000E+000
 6.470E+013  1.000E-008  6.236E+001  6.609E-013
 6.490E+013  1.000E-008  6.236E+001 -6.609E-013
 6.510E+013  1.000E-008  6.236E+001  0.000E+000
 6.530E+013  1.000E-008  6.236E+001  0.000E+000
 6.550E+013  1.000E-008  6.236E+001  0.000E+000
 6.570E+013  1.000E-008  6.236E+001  0.000E+000
 6.590E+013  1.000E-008  6.236E+001  6.609E-013
 6.610E+013  1.000E-008  6.236E+001 -6.609E-013
 6.630E+013  1.000E-008  6.236E+001  0.000E+000
 6.650E+013  1.000E-008  6.236E+001  0.000E+000
 6.670E+013  1.000E-008  6.236E+001  0.000E+000
 6.690E+013  1.000E-008  6.236E+001  6.609E-013
 6.710E+013  1.000E-008  6.236E+001 -6.609E-013
 6.730E+013  1.000E-008  6.236E+001  0.000E+000
 6.750E+013  1.000E-008  6.236E+001  0.000E+000
 6.770E+013  1.000E-008  6.236E+001  6.609E-013
 6.790E+013  1.000E-008  6.236E+001 -6.609E-013
 6.810E+013  1.000E-008  6.236E+001  6.609E-013
 6.830E+013  1.000E-008  6.236E+001 -3.971E-034
 6.850E+013  1.000E-008  6.236E+001 -6.609E-013
 6.870E+013  1.000E-008  6.236E+001  0.000E+000
 6.890E+013  1.000E-008  6.236E+001  0.000E+000
 6.910E+013  1.000E-008  6.236E+001  0.000E+000
 6.930E+013  1.000E-008  6.236E+001  6.609E-013
 6.950E+013  1.000E-008  6.236E+001 -6.609E-013
 6.970E+013  1.000E-008  6.236E+001  0.000E+000
 6.990E+013  1.000E-008  6.236E+001  0.000E+000
 7.010E+013  1.000E-008  6.236E+001  0.000E+000
 7.030E+013  1.000E-008  6.236E+001  0.000E+000
 7.050E+013  1.000E-008  6.236E+001  0.000E+000
 7.070E+013  1.000E-008  6.236E+001  0.000E+000
 7.090E+013  1.000E-008  6.236E+001  0.000E+000
 7.110E+013  1.000E-008  6.236E+001  0.000E+000
 7.130E+013  1.000E-008  6.236E+001  0.000E+000
 7.150E+013  1.000E-008  6.236E+001  0.000E+000
 7.170E+013  1.000E-008  6.236E+001  0.000E+000
 7.190E+013  1.000E-008  6.236E+001  6.609E-013
 7.210E+013  1.000E-008  6.236E+001 -6.609E-013
 7.230E+013  1.000E-008  6.236E+001  0.000E+000
 7.250E+013  1.000E-008  6.236E+001  0.000E+000
 7.270E+013  1.000E-008  6.236E+001  1.322E-012
 7.290E+013  1.000E-008  6.236E+001 -1.488E-033
 7.310E+013  1.000E-008  6.236E+001 -1.322E-012
 7.330E+013  1.000E-008  6.236E+001 -3.387E-031
 7.350E+013  1.000E-008  6.236E+001 -6.609E-013
 7.370E+013  1.000E-008  6.236E+001  6.609E-013
 7.390E+013  1.000E-008  6.236E+001  3.384E-031
 7.410E+013  1.000E-008  6.236E+001  3.041E-068
 7.430E+013  1.000E-008  6.236E+001  1.146E-142
 7.450E+013  1.000E-008  6.236E+001  7.863E-292
 7.470E+013  1.000E-008  6.236E+001  0.000E+000
 7.490E+013  1.000E-008  6.236E+001  0.000E+000
 7.510E+013  1.000E-008  6.236E+001  0.000E+000
 7.530E+013  1.000E-008  6.236E+001  0.000E+000
 7.550E+013  1.000E-008  6.236E+001  0.000E+000
 7.570E+013  1.000E-008  6.236E+001  0.000E+000
 7.590E+013  1.000E-008  6.236E+001  0.000E+000
 7.610E+013  1.000E-008  6.236E+001  0.000E+000
 7.630E+013  1.000E-008  6.236E+001  0.000E+000
 7.650E+013  1.000E-008  6.236E+001  0.000E+000
 7.670E+013  1.000E-008  6.236E+001  1.322E-012
 7.690E+013  1.000E-008  6.236E+001 -1.322E-012
 7.710E+013  1.000E-008  6.236E+001  1.983E-012
 7.730E+013  1.000E-008  6.236E+001 -1.983E-012
 7.750E+013  1.000E-008  6.236E+001  8.020E-032
 7.770E+013  1.000E-008  6.236E+001  1.322E-012
 7.790E+013  1.000E-008  6.236E+001 -3.965E-012
 7.810E+013  1.000E-008  6.236E+001  3.965E-012
 7.830E+013  1.000E-008  6.236E+001 -1.322E-012
 7.850E+013  1.000E-008  6.236E+001 -2.149E-068
 7.870E+013  1.000E-008  6.236E+001 -2.844E-031
 7.890E+013  1.000E-008  6.236E+001 -6.609E-013
 7.910E+013  1.000E-008  6.236E+001 -3.304E-012
 7.930E+013  1.000E-008  6.236E+001  1.983E-012
 7.950E+013  1.000E-008  6.236E+001  1.983E-012
 7.970E+013  1.000E-008  6.236E+001 -2.643E-012
 7.990E+013  1.000E-008  6.236E+001  2.643E-012
 8.010E+013  1.000E-008  6.236E+001  5.414E-030
 8.030E+013  1.000E-008  6.236E+001  7.786E-066
 8.050E+013  1.000E-008  6.236E+001  7.511E-138
 8.070E+013  1.000E-008  6.236E+001 -3.642E-275
 8.090E+013  1.000E-008  6.236E+001 -2.466E-134
 8.110E+013  1.000E-008  6.236E+001 -4.462E-064
 8.130E+013  1.000E-008  6.236E+001 -4.098E-029
 8.150E+013  1.000E-008  6.236E+001 -7.269E-012
 8.170E+013  1.000E-008  6.236E+001  9.252E-012
 8.190E+013  1.000E-008  6.236E+001 -1.983E-012
 8.210E+013  1.000E-008  6.236E+001  0.000E+000
 8.230E+013  1.000E-008  6.236E+001  0.000E+000
 8.250E+013  1.000E-008  6.236E+001  0.000E+000
 8.270E+013  1.000E-008  6.236E+001  0.000E+000
 8.290E+013  1.000E-008  6.236E+001  2.643E-012
 8.310E+013  1.000E-008  6.236E+001 -2.643E-012
 8.330E+013  1.000E-008  6.236E+001 -3.289E-031
 8.350E+013  1.000E-008  6.236E+001  3.965E-012
 8.370E+013  1.000E-008  6.236E+001 -3.304E-012
 8.390E+013  1.000E-008  6.236E+001 -3.387E-031
 8.410E+013  1.000E-008  6.236E+001 -6.609E-013
 8.430E+013  1.000E-008  6.236E+001  6.609E-013
 8.450E+013  1.000E-008  6.236E+001 -3.209E-034
 8.470E+013  1.000E-008  6.236E+001 -6.609E-013
 8.490E+013  1.000E-008  6.236E+001 -1.597E-034
 8.510E+013  1.000E-008  6.236E+001  6.609E-013
 8.530E+013  1.000E-008  6.236E+001 -3.179E-034
 8.550E+013  1.000E-008  6.236E+001 -6.609E-013
 8.570E+013  1.000E-008  6.236E+001 -1.582E-034
 8.590E+013  1.000E-008  6.236E+001  6.609E-013
 8.610E+013  1.000E-008  6.236E+001 -6.609E-013
 8.630E+013  1.000E-008  6.236E+001  0.000E+000
 8.650E+013  1.000E-008  6.236E+001  0.000E+000
 8.670E+013  1.000E-008  6.236E+001  0.000E+000
 8.690E+013  1.000E-008  6.236E+001  0.000E+000
 8.710E+013  1.000E-008  6.236E+001  0.000E+000
 8.730E+013  1.000E-008  6.236E+001  0.000E+000
 8.750E+013  1.000E-008  6.236E+001  6.609E-013
 8.770E+013  1.000E-008  6.236E+001 -6.609E-013
 8.790E+013  1.000E-008  6.236E+001 -1.542E-034
 8.810E+013  1.000E-008  6.236E+001  6.609E-013
 8.830E+013  1.000E-008  6.236E+001 -6.609E-013
 8.850E+013  1.000E-008  6.236E+001  6.609E-013
 8.870E+013  1.000E-008  6.236E+001  6.609E-013
 8.890E+013  1.000E-008  6.236E+001 -1.322E-012
 8.910E+013  1.000E-008  6.236E+001  0.000E+000
 8.930E+013  1.000E-008  6.236E+001  0.000E+000
 8.950E+013  1.000E-008  6.236E+001  0.000E+000
 8.970E+013  1.000E-008  6.236E+001  0.000E+000
 8.990E+013  1.000E-008  6.236E+001  0.000E+000
 9.010E+013  1.000E-008  6.236E+001  6.609E-013
 9.030E+013  1.000E-008  6.236E+001 -3.003E-034
 9.050E+013  1.000E-008  6.236E+001 -6.609E-013
 9.070E+013  1.000E-008  6.236E+001  6.609E-013
 9.090E+013  1.000E-008  6.236E+001 -2.983E-034
 9.110E+013  1.000E-008  6.236E+001 -6.609E-013
 9.130E+013  1.000E-008  6.236E+001  0.000E+000
 9.150E+013  1.000E-008  6.236E+001  0.000E+000
 9.170E+013  1.000E-008  6.236E+001  0.000E+000
 9.190E+013  1.000E-008  6.236E+001  0.000E+000
 9.210E+013  1.000E-008  6.236E+001  0.000E+000
 9.230E+013  1.000E-008  6.236E+001  6.609E-013
 9.250E+013  1.000E-008  6.236E+001 -2.931E-034
 9.270E+013  1.000E-008  6.236E+001 -6.609E-013
 9.290E+013  1.000E-008  6.236E+001  0.000E+000
 9.310E+013  1.000E-008  6.236E+001  0.000E+000
 9.330E+013  1.000E-008  6.236E+001  0.000E+000
 9.350E+013  1.000E-008  6.236E+001  0.000E+000
 9.370E+013  1.000E-008  6.236E+001  6.609E-013
 9.390E+013  1.000E-008  6.236E+001 -6.609E-013
 9.410E+013  1.000E-008  6.236E+001  6.609E-013
 9.430E+013  1.000E-008  6.236E+001 -6.609E-013
 9.450E+013  1.000E-008  6.236E+001  0.000E+000
 9.470E+013  1.000E-008  6.236E+001  0.000E+000
 9.490E+013  1.000E-008  6.236E+001  0.000E+000
 9.510E+013  1.000E-008  6.236E+001  0.000E+000
 9.530E+013  1.000E-008  6.236E+001  6.609E-013
 9.550E+013  1.000E-008  6.236E+001 -6.609E-013
 9.570E+013  1.000E-008  6.236E+001 -3.047E-068
 9.590E+013  1.000E-008  6.236E+001 -3.387E-031
 9.610E+013  1.000E-008  6.236E+001 -6.609E-013
 9.630E+013  1.000E-008  6.236E+001  6.609E-013
 9.650E+013  1.000E-008  6.236E+001  3.384E-031
 9.670E+013  1.000E-008  6.236E+001  6.609E-013
 9.690E+013  1.000E-008  6.236E+001 -6.609E-013
 9.710E+013  1.000E-008  6.236E+001  0.000E+000
 9.730E+013  1.000E-008  6.236E+001  0.000E+000
 9.750E+013  1.000E-008  6.236E+001  0.000E+000
 9.770E+013  1.000E-008  6.236E+001  0.000E+000
 9.790E+013  1.000E-008  6.236E+001  0.000E+000
 9.810E+013  1.000E-008  6.236E+001  0.000E+000
 9.830E+013  1.000E-008  6.236E+001  0.000E+000
 9.850E+013  1.000E-008  6.236E+001  0.000E+000
 9.870E+013  1.000E-008  6.236E+001  0.000E+000
 9.890E+013  1.000E-008  6.236E+001  0.000E+000
 9.910E+013  1.000E-008  6.236E+001  0.000E+000
 9.930E+013  1.000E-008  6.236E+001  0.000E+000
 9.950E+013  1.000E-008  6.236E+001  6.609E-013
 9.970E+013  1.000E-008  6.236E+001 -6.609E-013
 9.990E+013  1.000E-008  6.236E+001  0.000E+000
 1.001E+014  1.000E-099  1.000E-099  0.000E+000
 1.003E+014  1.000E-099  1.000E-099  0.000E+000
 5.898E-003
