 2.520E+005
     x1b        dens       energ       v1
 1.000E+011  2.573E-012  3.670E+007  0.000E+000
 3.000E+011  2.574E-012  3.670E+007  1.980E+005
 5.000E+011  2.579E-012  3.670E+007  3.814E+005
 7.000E+011  2.588E-012  3.670E+007  5.769E+005
 9.000E+011  2.604E-012  3.670E+007  7.670E+005
 1.100E+012  2.626E-012  3.670E+007  9.599E+005
 1.300E+012  2.654E-012  3.670E+007  1.151E+006
 1.500E+012  2.688E-012  3.670E+007  1.343E+006
 1.700E+012  2.727E-012  3.670E+007  1.535E+006
 1.900E+012  2.769E-012  3.670E+007  1.727E+006
 2.100E+012  2.813E-012  3.670E+007  1.919E+006
 2.300E+012  2.859E-012  3.670E+007  2.111E+006
 2.500E+012  2.905E-012  3.670E+007  2.303E+006
 2.700E+012  2.952E-012  3.670E+007  2.495E+006
 2.900E+012  2.998E-012  3.670E+007  2.687E+006
 3.100E+012  3.042E-012  3.670E+007  2.879E+006
 3.300E+012  3.083E-012  3.670E+007  3.071E+006
 3.500E+012  3.118E-012  3.670E+007  3.263E+006
 3.700E+012  3.143E-012  3.670E+007  3.454E+006
 3.900E+012  3.157E-012  3.670E+007  3.646E+006
 4.100E+012  3.160E-012  3.670E+007  3.838E+006
 4.300E+012  3.161E-012  3.670E+007  4.030E+006
 4.500E+012  3.161E-012  3.670E+007  4.222E+006
 4.700E+012  3.160E-012  3.670E+007  4.414E+006
 4.900E+012  3.160E-012  3.670E+007  4.606E+006
 5.100E+012  3.159E-012  3.670E+007  4.798E+006
 5.300E+012  3.158E-012  3.670E+007  4.990E+006
 5.500E+012  3.156E-012  3.670E+007  5.182E+006
 5.700E+012  3.154E-012  3.670E+007  5.373E+006
 5.900E+012  3.151E-012  3.670E+007  5.565E+006
 6.100E+012  3.147E-012  3.670E+007  5.757E+006
 6.300E+012  3.145E-012  3.670E+007  5.949E+006
 6.500E+012  3.144E-012  3.670E+007  6.141E+006
 6.700E+012  3.144E-012  3.670E+007  6.333E+006
 6.900E+012  3.144E-012  3.670E+007  6.525E+006
 7.100E+012  3.144E-012  3.670E+007  6.717E+006
 7.300E+012  3.144E-012  3.670E+007  6.909E+006
 7.500E+012  3.146E-012  3.670E+007  7.101E+006
 7.700E+012  3.148E-012  3.670E+007  7.293E+006
 7.900E+012  3.151E-012  3.670E+007  7.485E+006
 8.100E+012  3.155E-012  3.670E+007  7.676E+006
 8.300E+012  3.161E-012  3.670E+007  7.868E+006
 8.500E+012  3.169E-012  3.670E+007  8.060E+006
 8.700E+012  3.180E-012  3.670E+007  8.252E+006
 8.900E+012  3.194E-012  3.670E+007  8.444E+006
 9.100E+012  3.210E-012  3.670E+007  8.636E+006
 9.300E+012  3.231E-012  3.670E+007  8.828E+006
 9.500E+012  3.256E-012  3.670E+007  9.020E+006
 9.700E+012  3.285E-012  3.670E+007  9.212E+006
 9.900E+012  3.320E-012  3.670E+007  9.404E+006
 1.010E+013  3.361E-012  3.670E+007  9.596E+006
 1.030E+013  3.408E-012  3.670E+007  9.788E+006
 1.050E+013  3.462E-012  3.670E+007  9.980E+006
 1.070E+013  3.524E-012  3.670E+007  1.017E+007
 1.090E+013  3.595E-012  3.670E+007  1.036E+007
 1.110E+013  3.676E-012  3.670E+007  1.056E+007
 1.130E+013  3.768E-012  3.670E+007  1.075E+007
 1.150E+013  3.872E-012  3.670E+007  1.094E+007
 1.170E+013  3.988E-012  3.670E+007  1.113E+007
 1.190E+013  4.120E-012  3.670E+007  1.132E+007
 1.210E+013  4.267E-012  3.670E+007  1.152E+007
 1.230E+013  4.433E-012  3.670E+007  1.171E+007
 1.250E+013  4.618E-012  3.670E+007  1.190E+007
 1.270E+013  4.825E-012  3.670E+007  1.209E+007
 1.290E+013  5.057E-012  3.670E+007  1.229E+007
 1.310E+013  5.316E-012  3.670E+007  1.248E+007
 1.330E+013  5.605E-012  3.670E+007  1.267E+007
 1.350E+013  5.926E-012  3.670E+007  1.286E+007
 1.370E+013  6.285E-012  3.670E+007  1.306E+007
 1.390E+013  6.683E-012  3.670E+007  1.325E+007
 1.410E+013  7.126E-012  3.670E+007  1.344E+007
 1.430E+013  7.617E-012  3.670E+007  1.363E+007
 1.450E+013  8.160E-012  3.670E+007  1.383E+007
 1.470E+013  8.761E-012  3.671E+007  1.402E+007
 1.490E+013  9.423E-012  3.671E+007  1.421E+007
 1.510E+013  1.015E-011  3.671E+007  1.441E+007
 1.530E+013  1.095E-011  3.671E+007  1.460E+007
 1.550E+013  1.182E-011  3.671E+007  1.479E+007
 1.570E+013  1.277E-011  3.671E+007  1.498E+007
 1.590E+013  1.380E-011  3.671E+007  1.517E+007
 1.610E+013  1.492E-011  3.671E+007  1.537E+007
 1.630E+013  1.611E-011  3.671E+007  1.556E+007
 1.650E+013  1.739E-011  3.671E+007  1.575E+007
 1.670E+013  1.875E-011  3.671E+007  1.594E+007
 1.690E+013  2.019E-011  3.671E+007  1.613E+007
 1.710E+013  2.170E-011  3.671E+007  1.633E+007
 1.730E+013  2.328E-011  3.671E+007  1.652E+007
 1.750E+013  2.493E-011  3.671E+007  1.671E+007
 1.770E+013  2.663E-011  3.671E+007  1.690E+007
 1.790E+013  2.839E-011  3.671E+007  1.709E+007
 1.810E+013  3.019E-011  3.671E+007  1.728E+007
 1.830E+013  3.203E-011  3.671E+007  1.747E+007
 1.850E+013  3.391E-011  3.671E+007  1.767E+007
 1.870E+013  3.583E-011  3.671E+007  1.786E+007
 1.890E+013  3.777E-011  3.671E+007  1.805E+007
 1.910E+013  3.973E-011  3.671E+007  1.824E+007
 1.930E+013  4.173E-011  3.671E+007  1.843E+007
 1.950E+013  4.375E-011  3.671E+007  1.862E+007
 1.970E+013  4.579E-011  3.671E+007  1.881E+007
 1.990E+013  4.787E-011  3.672E+007  1.901E+007
 2.010E+013  4.998E-011  3.672E+007  1.920E+007
 2.030E+013  5.212E-011  3.672E+007  1.939E+007
 2.050E+013  5.430E-011  3.672E+007  1.958E+007
 2.070E+013  5.653E-011  3.672E+007  1.977E+007
 2.090E+013  5.881E-011  3.672E+007  1.997E+007
 2.110E+013  6.115E-011  3.672E+007  2.016E+007
 2.130E+013  6.354E-011  3.672E+007  2.035E+007
 2.150E+013  6.601E-011  3.672E+007  2.054E+007
 2.170E+013  6.855E-011  3.672E+007  2.073E+007
 2.190E+013  7.117E-011  3.673E+007  2.093E+007
 2.210E+013  7.388E-011  3.673E+007  2.112E+007
 2.230E+013  7.668E-011  3.673E+007  2.131E+007
 2.250E+013  7.959E-011  3.673E+007  2.150E+007
 2.270E+013  8.261E-011  3.673E+007  2.169E+007
 2.290E+013  8.574E-011  3.673E+007  2.189E+007
 2.310E+013  8.900E-011  3.674E+007  2.208E+007
 2.330E+013  9.238E-011  3.674E+007  2.227E+007
 2.350E+013  9.590E-011  3.674E+007  2.246E+007
 2.370E+013  9.957E-011  3.674E+007  2.266E+007
 2.390E+013  1.034E-010  3.674E+007  2.285E+007
 2.410E+013  1.073E-010  3.675E+007  2.304E+007
 2.430E+013  1.114E-010  3.675E+007  2.323E+007
 2.450E+013  1.157E-010  3.675E+007  2.343E+007
 2.470E+013  1.202E-010  3.675E+007  2.362E+007
 2.490E+013  1.247E-010  3.676E+007  2.381E+007
 2.510E+013  1.295E-010  3.676E+007  2.400E+007
 2.530E+013  1.344E-010  3.676E+007  2.420E+007
 2.550E+013  1.395E-010  3.676E+007  2.439E+007
 2.570E+013  1.448E-010  3.677E+007  2.458E+007
 2.590E+013  1.502E-010  3.677E+007  2.477E+007
 2.610E+013  1.557E-010  3.677E+007  2.497E+007
 2.630E+013  1.615E-010  3.678E+007  2.516E+007
 2.650E+013  1.673E-010  3.678E+007  2.535E+007
 2.670E+013  1.734E-010  3.678E+007  2.554E+007
 2.690E+013  1.796E-010  3.679E+007  2.574E+007
 2.710E+013  1.859E-010  3.679E+007  2.593E+007
 2.730E+013  1.924E-010  3.680E+007  2.612E+007
 2.750E+013  1.990E-010  3.680E+007  2.632E+007
 2.770E+013  2.058E-010  3.681E+007  2.651E+007
 2.790E+013  2.127E-010  3.681E+007  2.670E+007
 2.810E+013  2.198E-010  3.682E+007  2.689E+007
 2.830E+013  2.270E-010  3.682E+007  2.709E+007
 2.850E+013  2.344E-010  3.683E+007  2.728E+007
 2.870E+013  2.420E-010  3.683E+007  2.747E+007
 2.890E+013  2.497E-010  3.684E+007  2.767E+007
 2.910E+013  2.577E-010  3.685E+007  2.786E+007
 2.930E+013  2.658E-010  3.685E+007  2.805E+007
 2.950E+013  2.741E-010  3.686E+007  2.825E+007
 2.970E+013  2.827E-010  3.687E+007  2.844E+007
 2.990E+013  2.915E-010  3.687E+007  2.863E+007
 3.010E+013  3.005E-010  3.688E+007  2.883E+007
 3.030E+013  3.097E-010  3.689E+007  2.902E+007
 3.050E+013  3.192E-010  3.690E+007  2.922E+007
 3.070E+013  3.290E-010  3.691E+007  2.941E+007
 3.090E+013  3.391E-010  3.692E+007  2.960E+007
 3.110E+013  3.495E-010  3.693E+007  2.980E+007
 3.130E+013  3.601E-010  3.694E+007  2.999E+007
 3.150E+013  3.711E-010  3.695E+007  3.019E+007
 3.170E+013  3.824E-010  3.696E+007  3.038E+007
 3.190E+013  3.940E-010  3.697E+007  3.058E+007
 3.210E+013  4.060E-010  3.698E+007  3.077E+007
 3.230E+013  4.182E-010  3.699E+007  3.096E+007
 3.250E+013  4.309E-010  3.700E+007  3.116E+007
 3.270E+013  4.439E-010  3.701E+007  3.135E+007
 3.290E+013  4.572E-010  3.703E+007  3.155E+007
 3.310E+013  4.709E-010  3.704E+007  3.174E+007
 3.330E+013  4.850E-010  3.705E+007  3.194E+007
 3.350E+013  4.994E-010  3.707E+007  3.214E+007
 3.370E+013  5.142E-010  3.708E+007  3.233E+007
 3.390E+013  5.293E-010  3.710E+007  3.253E+007
 3.410E+013  5.449E-010  3.711E+007  3.272E+007
 3.430E+013  5.608E-010  3.713E+007  3.292E+007
 3.450E+013  5.770E-010  3.715E+007  3.312E+007
 3.470E+013  5.937E-010  3.716E+007  3.331E+007
 3.490E+013  6.108E-010  3.718E+007  3.351E+007
 3.510E+013  6.282E-010  3.720E+007  3.371E+007
 3.530E+013  6.461E-010  3.722E+007  3.390E+007
 3.550E+013  6.643E-010  3.724E+007  3.410E+007
 3.570E+013  6.830E-010  3.726E+007  3.430E+007
 3.590E+013  7.021E-010  3.728E+007  3.450E+007
 3.610E+013  7.216E-010  3.731E+007  3.469E+007
 3.630E+013  7.416E-010  3.733E+007  3.489E+007
 3.650E+013  7.620E-010  3.735E+007  3.509E+007
 3.670E+013  7.829E-010  3.738E+007  3.529E+007
 3.690E+013  8.042E-010  3.740E+007  3.549E+007
 3.710E+013  8.260E-010  3.743E+007  3.569E+007
 3.730E+013  8.483E-010  3.746E+007  3.589E+007
 3.750E+013  8.711E-010  3.748E+007  3.609E+007
 3.770E+013  8.944E-010  3.751E+007  3.629E+007
 3.790E+013  9.182E-010  3.754E+007  3.649E+007
 3.810E+013  9.425E-010  3.757E+007  3.669E+007
 3.830E+013  9.673E-010  3.761E+007  3.689E+007
 3.850E+013  9.927E-010  3.764E+007  3.709E+007
 3.870E+013  1.019E-009  3.767E+007  3.729E+007
 3.890E+013  1.045E-009  3.771E+007  3.749E+007
 3.910E+013  1.072E-009  3.774E+007  3.770E+007
 3.930E+013  1.100E-009  3.778E+007  3.790E+007
 3.950E+013  1.128E-009  3.782E+007  3.810E+007
 3.970E+013  1.157E-009  3.786E+007  3.830E+007
 3.990E+013  1.186E-009  3.790E+007  3.851E+007
 4.010E+013  1.216E-009  3.794E+007  3.871E+007
 4.030E+013  1.247E-009  3.799E+007  3.892E+007
 4.050E+013  1.278E-009  3.803E+007  3.912E+007
 4.070E+013  1.310E-009  3.808E+007  3.933E+007
 4.090E+013  1.342E-009  3.813E+007  3.953E+007
 4.110E+013  1.375E-009  3.817E+007  3.974E+007
 4.130E+013  1.409E-009  3.823E+007  3.995E+007
 4.150E+013  1.444E-009  3.828E+007  4.015E+007
 4.170E+013  1.479E-009  3.833E+007  4.036E+007
 4.190E+013  1.515E-009  3.839E+007  4.057E+007
 4.210E+013  1.552E-009  3.844E+007  4.078E+007
 4.230E+013  1.590E-009  3.850E+007  4.099E+007
 4.250E+013  1.628E-009  3.856E+007  4.120E+007
 4.270E+013  1.668E-009  3.862E+007  4.141E+007
 4.290E+013  1.708E-009  3.869E+007  4.162E+007
 4.310E+013  1.749E-009  3.875E+007  4.184E+007
 4.330E+013  1.791E-009  3.882E+007  4.205E+007
 4.350E+013  1.834E-009  3.889E+007  4.226E+007
 4.370E+013  1.878E-009  3.896E+007  4.248E+007
 4.390E+013  1.923E-009  3.904E+007  4.269E+007
 4.410E+013  1.969E-009  3.912E+007  4.291E+007
 4.430E+013  2.016E-009  3.919E+007  4.312E+007
 4.450E+013  2.065E-009  3.928E+007  4.334E+007
 4.470E+013  2.114E-009  3.936E+007  4.356E+007
 4.490E+013  2.164E-009  3.944E+007  4.378E+007
 4.510E+013  2.216E-009  3.953E+007  4.400E+007
 4.530E+013  2.268E-009  3.962E+007  4.422E+007
 4.550E+013  2.322E-009  3.972E+007  4.444E+007
 4.570E+013  2.378E-009  3.981E+007  4.466E+007
 4.590E+013  2.434E-009  3.991E+007  4.488E+007
 4.610E+013  2.492E-009  4.001E+007  4.511E+007
 4.630E+013  2.551E-009  4.012E+007  4.533E+007
 4.650E+013  2.611E-009  4.023E+007  4.556E+007
 4.670E+013  2.673E-009  4.034E+007  4.578E+007
 4.690E+013  2.736E-009  4.045E+007  4.601E+007
 4.710E+013  2.801E-009  4.057E+007  4.624E+007
 4.730E+013  2.867E-009  4.069E+007  4.647E+007
 4.750E+013  2.934E-009  4.082E+007  4.670E+007
 4.770E+013  3.003E-009  4.095E+007  4.693E+007
 4.790E+013  3.074E-009  4.108E+007  4.717E+007
 4.810E+013  3.146E-009  4.122E+007  4.740E+007
 4.830E+013  3.220E-009  4.136E+007  4.764E+007
 4.850E+013  3.296E-009  4.150E+007  4.787E+007
 4.870E+013  3.373E-009  4.165E+007  4.811E+007
 4.890E+013  3.453E-009  4.180E+007  4.835E+007
 4.910E+013  3.534E-009  4.196E+007  4.859E+007
 4.930E+013  3.617E-009  4.212E+007  4.884E+007
 4.950E+013  3.702E-009  4.229E+007  4.908E+007
 4.970E+013  3.789E-009  4.246E+007  4.933E+007
 4.990E+013  3.878E-009  4.264E+007  4.957E+007
 5.010E+013  3.969E-009  4.282E+007  4.982E+007
 5.030E+013  4.062E-009  4.301E+007  5.007E+007
 5.050E+013  4.158E-009  4.320E+007  5.032E+007
 5.070E+013  4.256E-009  4.340E+007  5.057E+007
 5.090E+013  4.356E-009  4.360E+007  5.083E+007
 5.110E+013  4.459E-009  4.381E+007  5.109E+007
 5.130E+013  4.564E-009  4.403E+007  5.134E+007
 5.150E+013  4.672E-009  4.426E+007  5.160E+007
 5.170E+013  4.783E-009  4.448E+007  5.186E+007
 5.190E+013  4.896E-009  4.472E+007  5.213E+007
 5.210E+013  5.013E-009  4.497E+007  5.239E+007
 5.230E+013  5.132E-009  4.522E+007  5.266E+007
 5.250E+013  5.255E-009  4.548E+007  5.293E+007
 5.270E+013  5.381E-009  4.574E+007  5.320E+007
 5.290E+013  5.510E-009  4.602E+007  5.347E+007
 5.310E+013  5.643E-009  4.630E+007  5.375E+007
 5.330E+013  5.779E-009  4.659E+007  5.403E+007
 5.350E+013  5.919E-009  4.689E+007  5.430E+007
 5.370E+013  6.063E-009  4.720E+007  5.459E+007
 5.390E+013  6.210E-009  4.752E+007  5.487E+007
 5.410E+013  6.362E-009  4.785E+007  5.516E+007
 5.430E+013  6.519E-009  4.819E+007  5.544E+007
 5.450E+013  6.679E-009  4.854E+007  5.573E+007
 5.470E+013  6.845E-009  4.890E+007  5.603E+007
 5.490E+013  7.015E-009  4.927E+007  5.632E+007
 5.510E+013  7.189E-009  4.965E+007  5.662E+007
 5.530E+013  7.370E-009  5.004E+007  5.692E+007
 5.550E+013  7.555E-009  5.045E+007  5.722E+007
 5.570E+013  7.746E-009  5.087E+007  5.753E+007
 5.590E+013  7.942E-009  5.130E+007  5.784E+007
 5.610E+013  8.145E-009  5.175E+007  5.815E+007
 5.630E+013  8.354E-009  5.221E+007  5.846E+007
 5.650E+013  8.569E-009  5.269E+007  5.878E+007
 5.670E+013  8.791E-009  5.318E+007  5.909E+007
 5.690E+013  9.019E-009  5.369E+007  5.942E+007
 5.710E+013  9.255E-009  5.421E+007  5.974E+007
 5.730E+013  9.499E-009  5.475E+007  6.007E+007
 5.750E+013  9.750E-009  5.531E+007  6.040E+007
 5.770E+013  1.001E-008  5.589E+007  6.073E+007
 5.790E+013  1.028E-008  5.648E+007  6.107E+007
 5.810E+013  1.055E-008  5.710E+007  6.141E+007
 5.830E+013  1.084E-008  5.773E+007  6.175E+007
 5.850E+013  1.114E-008  5.839E+007  6.209E+007
 5.870E+013  1.144E-008  5.907E+007  6.244E+007
 5.890E+013  1.176E-008  5.977E+007  6.279E+007
 5.910E+013  1.208E-008  6.050E+007  6.315E+007
 5.930E+013  1.242E-008  6.125E+007  6.350E+007
 5.950E+013  1.277E-008  6.203E+007  6.386E+007
 5.970E+013  1.314E-008  6.283E+007  6.423E+007
 5.990E+013  1.351E-008  6.366E+007  6.460E+007
 6.010E+013  1.390E-008  6.452E+007  6.497E+007
 6.030E+013  1.431E-008  6.541E+007  6.534E+007
 6.050E+013  1.473E-008  6.633E+007  6.572E+007
 6.070E+013  1.516E-008  6.729E+007  6.610E+007
 6.090E+013  1.561E-008  6.828E+007  6.648E+007
 6.110E+013  1.608E-008  6.930E+007  6.687E+007
 6.130E+013  1.657E-008  7.036E+007  6.726E+007
 6.150E+013  1.708E-008  7.146E+007  6.765E+007
 6.170E+013  1.760E-008  7.260E+007  6.805E+007
 6.190E+013  1.815E-008  7.378E+007  6.845E+007
 6.210E+013  1.872E-008  7.501E+007  6.885E+007
 6.230E+013  1.931E-008  7.628E+007  6.926E+007
 6.250E+013  1.993E-008  7.760E+007  6.967E+007
 6.270E+013  2.057E-008  7.897E+007  7.008E+007
 6.290E+013  2.124E-008  8.039E+007  7.050E+007
 6.310E+013  2.194E-008  8.187E+007  7.092E+007
 6.330E+013  2.266E-008  8.340E+007  7.134E+007
 6.350E+013  2.342E-008  8.499E+007  7.177E+007
 6.370E+013  2.422E-008  8.665E+007  7.220E+007
 6.390E+013  2.504E-008  8.837E+007  7.263E+007
 6.410E+013  2.591E-008  9.016E+007  7.307E+007
 6.430E+013  2.681E-008  9.202E+007  7.351E+007
 6.450E+013  2.775E-008  9.395E+007  7.395E+007
 6.470E+013  2.874E-008  9.597E+007  7.440E+007
 6.490E+013  2.977E-008  9.807E+007  7.485E+007
 6.510E+013  3.085E-008  1.002E+008  7.530E+007
 6.530E+013  3.198E-008  1.025E+008  7.575E+007
 6.550E+013  3.318E-008  1.050E+008  7.623E+007
 6.570E+013  3.441E-008  1.073E+008  7.671E+007
 6.590E+013  3.564E-008  1.096E+008  7.707E+007
 6.610E+013  3.718E-008  1.133E+008  7.755E+007
 6.630E+013  3.873E-008  1.173E+008  7.860E+007
 6.650E+013  3.872E-008  1.137E+008  7.872E+007
 6.670E+013  3.395E-008  8.565E+007  7.553E+007
 6.690E+013  2.163E-008  3.184E+007  6.291E+007
 6.710E+013  1.310E-008  3.822E+006  3.787E+007
 6.730E+013  1.041E-008  4.363E+004  1.080E+007
 6.750E+013  1.001E-008  6.402E+001  4.862E+005
 6.770E+013  1.000E-008  6.236E+001  4.316E+002
 6.790E+013  1.000E-008  6.236E+001  1.520E-004
 6.810E+013  1.000E-008  6.236E+001  1.107E-012
 6.830E+013  1.000E-008  6.236E+001 -3.914E-033
 6.850E+013  1.000E-008  6.236E+001 -8.953E-013
 6.870E+013  1.000E-008  6.236E+001  0.000E+000
 6.890E+013  1.000E-008  6.236E+001  0.000E+000
 6.910E+013  1.000E-008  6.236E+001  0.000E+000
 6.930E+013  1.000E-008  6.236E+001  8.953E-013
 6.950E+013  1.000E-008  6.236E+001 -8.953E-013
 6.970E+013  1.000E-008  6.236E+001  0.000E+000
 6.990E+013  1.000E-008  6.236E+001  0.000E+000
 7.010E+013  1.000E-008  6.236E+001  0.000E+000
 7.030E+013  1.000E-008  6.236E+001  0.000E+000
 7.050E+013  1.000E-008  6.236E+001  0.000E+000
 7.070E+013  1.000E-008  6.236E+001  0.000E+000
 7.090E+013  1.000E-008  6.236E+001  0.000E+000
 7.110E+013  1.000E-008  6.236E+001  0.000E+000
 7.130E+013  1.000E-008  6.236E+001  0.000E+000
 7.150E+013  1.000E-008  6.236E+001  0.000E+000
 7.170E+013  1.000E-008  6.236E+001  0.000E+000
 7.190E+013  1.000E-008  6.236E+001  8.953E-013
 7.210E+013  1.000E-008  6.236E+001 -8.953E-013
 7.230E+013  1.000E-008  6.236E+001  0.000E+000
 7.250E+013  1.000E-008  6.236E+001  0.000E+000
 7.270E+013  1.000E-008  6.236E+001  1.791E-012
 7.290E+013  1.000E-008  6.236E+001 -3.700E-033
 7.310E+013  1.000E-008  6.236E+001 -1.791E-012
 7.330E+013  1.000E-008  6.236E+001 -8.422E-031
 7.350E+013  1.000E-008  6.236E+001 -8.953E-013
 7.370E+013  1.000E-008  6.236E+001  8.953E-013
 7.390E+013  1.000E-008  6.236E+001  8.413E-031
 7.410E+013  1.000E-008  6.236E+001  2.547E-067
 7.430E+013  1.000E-008  6.236E+001  1.089E-140
 7.450E+013  1.000E-008  6.236E+001  9.632E-288
 7.470E+013  1.000E-008  6.236E+001  0.000E+000
 7.490E+013  1.000E-008  6.236E+001  0.000E+000
 7.510E+013  1.000E-008  6.236E+001  0.000E+000
 7.530E+013  1.000E-008  6.236E+001  0.000E+000
 7.550E+013  1.000E-008  6.236E+001  0.000E+000
 7.570E+013  1.000E-008  6.236E+001  0.000E+000
 7.590E+013  1.000E-008  6.236E+001  0.000E+000
 7.610E+013  1.000E-008  6.236E+001  0.000E+000
 7.630E+013  1.000E-008  6.236E+001  0.000E+000
 7.650E+013  1.000E-008  6.236E+001  0.000E+000
 7.670E+013  1.000E-008  6.236E+001  1.791E-012
 7.690E+013  1.000E-008  6.236E+001 -1.791E-012
 7.710E+013  1.000E-008  6.236E+001  2.686E-012
 7.730E+013  1.000E-008  6.236E+001 -2.686E-012
 7.750E+013  1.000E-008  6.236E+001  1.994E-031
 7.770E+013  1.000E-008  6.236E+001  1.791E-012
 7.790E+013  1.000E-008  6.236E+001 -5.372E-012
 7.810E+013  1.000E-008  6.236E+001  5.372E-012
 7.830E+013  1.000E-008  6.236E+001 -1.791E-012
 7.850E+013  1.000E-008  6.236E+001 -1.800E-067
 7.870E+013  1.000E-008  6.236E+001 -7.072E-031
 7.890E+013  1.000E-008  6.236E+001 -8.953E-013
 7.910E+013  1.000E-008  6.236E+001 -4.476E-012
 7.930E+013  1.000E-008  6.236E+001  2.686E-012
 7.950E+013  1.000E-008  6.236E+001  2.686E-012
 7.970E+013  1.000E-008  6.236E+001 -3.581E-012
 7.990E+013  1.000E-008  6.236E+001  3.581E-012
 8.010E+013  1.000E-008  6.236E+001  1.346E-029
 8.030E+013  1.000E-008  6.236E+001  6.522E-065
 8.050E+013  1.000E-008  6.236E+001  7.141E-136
 8.070E+013  1.000E-008  6.236E+001 -4.462E-271
 8.090E+013  1.000E-008  6.236E+001 -2.345E-132
 8.110E+013  1.000E-008  6.236E+001 -3.737E-063
 8.130E+013  1.000E-008  6.236E+001 -1.019E-028
 8.150E+013  1.000E-008  6.236E+001 -9.848E-012
 8.170E+013  1.000E-008  6.236E+001  1.253E-011
 8.190E+013  1.000E-008  6.236E+001 -2.686E-012
 8.210E+013  1.000E-008  6.236E+001  0.000E+000
 8.230E+013  1.000E-008  6.236E+001  0.000E+000
 8.250E+013  1.000E-008  6.236E+001  0.000E+000
 8.270E+013  1.000E-008  6.236E+001  0.000E+000
 8.290E+013  1.000E-008  6.236E+001  3.581E-012
 8.310E+013  1.000E-008  6.236E+001 -3.581E-012
 8.330E+013  1.000E-008  6.236E+001 -8.178E-031
 8.350E+013  1.000E-008  6.236E+001  5.372E-012
 8.370E+013  1.000E-008  6.236E+001 -4.476E-012
 8.390E+013  1.000E-008  6.236E+001 -8.422E-031
 8.410E+013  1.000E-008  6.236E+001 -8.953E-013
 8.430E+013  1.000E-008  6.236E+001  8.953E-013
 8.450E+013  1.000E-008  6.236E+001 -7.979E-034
 8.470E+013  1.000E-008  6.236E+001 -8.953E-013
 8.490E+013  1.000E-008  6.236E+001 -3.971E-034
 8.510E+013  1.000E-008  6.236E+001  8.953E-013
 8.530E+013  1.000E-008  6.236E+001 -7.904E-034
 8.550E+013  1.000E-008  6.236E+001 -8.953E-013
 8.570E+013  1.000E-008  6.236E+001 -3.933E-034
 8.590E+013  1.000E-008  6.236E+001  8.953E-013
 8.610E+013  1.000E-008  6.236E+001 -8.953E-013
 8.630E+013  1.000E-008  6.236E+001  0.000E+000
 8.650E+013  1.000E-008  6.236E+001  0.000E+000
 8.670E+013  1.000E-008  6.236E+001  0.000E+000
 8.690E+013  1.000E-008  6.236E+001  0.000E+000
 8.710E+013  1.000E-008  6.236E+001  0.000E+000
 8.730E+013  1.000E-008  6.236E+001  0.000E+000
 8.750E+013  1.000E-008  6.236E+001  8.953E-013
 8.770E+013  1.000E-008  6.236E+001 -8.953E-013
 8.790E+013  1.000E-008  6.236E+001 -3.835E-034
 8.810E+013  1.000E-008  6.236E+001  8.953E-013
 8.830E+013  1.000E-008  6.236E+001 -8.953E-013
 8.850E+013  1.000E-008  6.236E+001  8.953E-013
 8.870E+013  1.000E-008  6.236E+001  8.953E-013
 8.890E+013  1.000E-008  6.236E+001 -1.791E-012
 8.910E+013  1.000E-008  6.236E+001  0.000E+000
 8.930E+013  1.000E-008  6.236E+001  0.000E+000
 8.950E+013  1.000E-008  6.236E+001  0.000E+000
 8.970E+013  1.000E-008  6.236E+001  0.000E+000
 8.990E+013  1.000E-008  6.236E+001  0.000E+000
 9.010E+013  1.000E-008  6.236E+001  8.953E-013
 9.030E+013  1.000E-008  6.236E+001 -7.466E-034
 9.050E+013  1.000E-008  6.236E+001 -8.953E-013
 9.070E+013  1.000E-008  6.236E+001  8.953E-013
 9.090E+013  1.000E-008  6.236E+001 -7.416E-034
 9.110E+013  1.000E-008  6.236E+001 -8.953E-013
 9.130E+013  1.000E-008  6.236E+001  0.000E+000
 9.150E+013  1.000E-008  6.236E+001  0.000E+000
 9.170E+013  1.000E-008  6.236E+001  0.000E+000
 9.190E+013  1.000E-008  6.236E+001  0.000E+000
 9.210E+013  1.000E-008  6.236E+001  0.000E+000
 9.230E+013  1.000E-008  6.236E+001  8.953E-013
 9.250E+013  1.000E-008  6.236E+001 -7.288E-034
 9.270E+013  1.000E-008  6.236E+001 -8.953E-013
 9.290E+013  1.000E-008  6.236E+001  0.000E+000
 9.310E+013  1.000E-008  6.236E+001  0.000E+000
 9.330E+013  1.000E-008  6.236E+001  0.000E+000
 9.350E+013  1.000E-008  6.236E+001  0.000E+000
 9.370E+013  1.000E-008  6.236E+001  8.953E-013
 9.390E+013  1.000E-008  6.236E+001 -8.953E-013
 9.410E+013  1.000E-008  6.236E+001  8.953E-013
 9.430E+013  1.000E-008  6.236E+001 -8.953E-013
 9.450E+013  1.000E-008  6.236E+001  0.000E+000
 9.470E+013  1.000E-008  6.236E+001  0.000E+000
 9.490E+013  1.000E-008  6.236E+001  0.000E+000
 9.510E+013  1.000E-008  6.236E+001  0.000E+000
 9.530E+013  1.000E-008  6.236E+001  8.953E-013
 9.550E+013  1.000E-008  6.236E+001 -8.953E-013
 9.570E+013  1.000E-008  6.236E+001 -2.552E-067
 9.590E+013  1.000E-008  6.236E+001 -8.421E-031
 9.610E+013  1.000E-008  6.236E+001 -8.953E-013
 9.630E+013  1.000E-008  6.236E+001  8.953E-013
 9.650E+013  1.000E-008  6.236E+001  8.414E-031
 9.670E+013  1.000E-008  6.236E+001  8.953E-013
 9.690E+013  1.000E-008  6.236E+001 -8.953E-013
 9.710E+013  1.000E-008  6.236E+001  0.000E+000
 9.730E+013  1.000E-008  6.236E+001  0.000E+000
 9.750E+013  1.000E-008  6.236E+001  0.000E+000
 9.770E+013  1.000E-008  6.236E+001  0.000E+000
 9.790E+013  1.000E-008  6.236E+001  0.000E+000
 9.810E+013  1.000E-008  6.236E+001  0.000E+000
 9.830E+013  1.000E-008  6.236E+001  0.000E+000
 9.850E+013  1.000E-008  6.236E+001  0.000E+000
 9.870E+013  1.000E-008  6.236E+001  0.000E+000
 9.890E+013  1.000E-008  6.236E+001  0.000E+000
 9.910E+013  1.000E-008  6.236E+001  0.000E+000
 9.930E+013  1.000E-008  6.236E+001  0.000E+000
 9.950E+013  1.000E-008  6.236E+001  8.953E-013
 9.970E+013  1.000E-008  6.236E+001 -8.953E-013
 9.990E+013  1.000E-008  6.236E+001  0.000E+000
 1.001E+014  1.000E-099  1.000E-099  0.000E+000
 1.003E+014  1.000E-099  1.000E-099  0.000E+000
 7.991E-003
