 2.940E+005
     x1b        dens       energ       v1
 1.000E+011  2.300E-012  3.046E+007  0.000E+000
 3.000E+011  2.301E-012  3.046E+007  1.654E+005
 5.000E+011  2.305E-012  3.046E+007  3.287E+005
 7.000E+011  2.313E-012  3.046E+007  4.938E+005
 9.000E+011  2.325E-012  3.046E+007  6.581E+005
 1.100E+012  2.343E-012  3.046E+007  8.227E+005
 1.300E+012  2.367E-012  3.046E+007  9.872E+005
 1.500E+012  2.395E-012  3.046E+007  1.152E+006
 1.700E+012  2.427E-012  3.046E+007  1.316E+006
 1.900E+012  2.462E-012  3.046E+007  1.481E+006
 2.100E+012  2.500E-012  3.046E+007  1.645E+006
 2.300E+012  2.539E-012  3.046E+007  1.810E+006
 2.500E+012  2.579E-012  3.046E+007  1.974E+006
 2.700E+012  2.619E-012  3.046E+007  2.139E+006
 2.900E+012  2.659E-012  3.046E+007  2.304E+006
 3.100E+012  2.698E-012  3.046E+007  2.468E+006
 3.300E+012  2.735E-012  3.046E+007  2.633E+006
 3.500E+012  2.769E-012  3.046E+007  2.797E+006
 3.700E+012  2.797E-012  3.046E+007  2.962E+006
 3.900E+012  2.815E-012  3.046E+007  3.126E+006
 4.100E+012  2.824E-012  3.046E+007  3.291E+006
 4.300E+012  2.826E-012  3.046E+007  3.455E+006
 4.500E+012  2.826E-012  3.046E+007  3.620E+006
 4.700E+012  2.826E-012  3.046E+007  3.784E+006
 4.900E+012  2.826E-012  3.046E+007  3.949E+006
 5.100E+012  2.826E-012  3.046E+007  4.113E+006
 5.300E+012  2.825E-012  3.046E+007  4.278E+006
 5.500E+012  2.824E-012  3.046E+007  4.442E+006
 5.700E+012  2.822E-012  3.046E+007  4.607E+006
 5.900E+012  2.820E-012  3.046E+007  4.771E+006
 6.100E+012  2.818E-012  3.046E+007  4.936E+006
 6.300E+012  2.815E-012  3.046E+007  5.101E+006
 6.500E+012  2.812E-012  3.046E+007  5.265E+006
 6.700E+012  2.811E-012  3.046E+007  5.430E+006
 6.900E+012  2.811E-012  3.046E+007  5.594E+006
 7.100E+012  2.811E-012  3.046E+007  5.759E+006
 7.300E+012  2.811E-012  3.046E+007  5.923E+006
 7.500E+012  2.811E-012  3.046E+007  6.088E+006
 7.700E+012  2.812E-012  3.046E+007  6.252E+006
 7.900E+012  2.814E-012  3.046E+007  6.417E+006
 8.100E+012  2.816E-012  3.046E+007  6.581E+006
 8.300E+012  2.819E-012  3.046E+007  6.746E+006
 8.500E+012  2.824E-012  3.046E+007  6.910E+006
 8.700E+012  2.830E-012  3.046E+007  7.075E+006
 8.900E+012  2.837E-012  3.046E+007  7.240E+006
 9.100E+012  2.847E-012  3.046E+007  7.404E+006
 9.300E+012  2.860E-012  3.046E+007  7.569E+006
 9.500E+012  2.875E-012  3.046E+007  7.733E+006
 9.700E+012  2.894E-012  3.046E+007  7.898E+006
 9.900E+012  2.916E-012  3.046E+007  8.062E+006
 1.010E+013  2.942E-012  3.046E+007  8.227E+006
 1.030E+013  2.973E-012  3.046E+007  8.391E+006
 1.050E+013  3.008E-012  3.046E+007  8.556E+006
 1.070E+013  3.049E-012  3.046E+007  8.721E+006
 1.090E+013  3.096E-012  3.046E+007  8.885E+006
 1.110E+013  3.150E-012  3.046E+007  9.050E+006
 1.130E+013  3.210E-012  3.046E+007  9.214E+006
 1.150E+013  3.279E-012  3.046E+007  9.379E+006
 1.170E+013  3.357E-012  3.046E+007  9.544E+006
 1.190E+013  3.445E-012  3.046E+007  9.708E+006
 1.210E+013  3.543E-012  3.046E+007  9.873E+006
 1.230E+013  3.653E-012  3.046E+007  1.004E+007
 1.250E+013  3.776E-012  3.046E+007  1.020E+007
 1.270E+013  3.914E-012  3.046E+007  1.037E+007
 1.290E+013  4.067E-012  3.046E+007  1.053E+007
 1.310E+013  4.238E-012  3.046E+007  1.070E+007
 1.330E+013  4.429E-012  3.046E+007  1.086E+007
 1.350E+013  4.641E-012  3.046E+007  1.103E+007
 1.370E+013  4.877E-012  3.046E+007  1.119E+007
 1.390E+013  5.139E-012  3.046E+007  1.136E+007
 1.410E+013  5.429E-012  3.046E+007  1.152E+007
 1.430E+013  5.751E-012  3.046E+007  1.169E+007
 1.450E+013  6.108E-012  3.046E+007  1.185E+007
 1.470E+013  6.502E-012  3.046E+007  1.202E+007
 1.490E+013  6.938E-012  3.046E+007  1.218E+007
 1.510E+013  7.418E-012  3.046E+007  1.235E+007
 1.530E+013  7.946E-012  3.046E+007  1.251E+007
 1.550E+013  8.527E-012  3.046E+007  1.268E+007
 1.570E+013  9.163E-012  3.046E+007  1.284E+007
 1.590E+013  9.857E-012  3.046E+007  1.301E+007
 1.610E+013  1.061E-011  3.046E+007  1.317E+007
 1.630E+013  1.143E-011  3.046E+007  1.334E+007
 1.650E+013  1.232E-011  3.046E+007  1.350E+007
 1.670E+013  1.328E-011  3.046E+007  1.367E+007
 1.690E+013  1.430E-011  3.046E+007  1.383E+007
 1.710E+013  1.540E-011  3.046E+007  1.400E+007
 1.730E+013  1.656E-011  3.046E+007  1.416E+007
 1.750E+013  1.778E-011  3.046E+007  1.433E+007
 1.770E+013  1.907E-011  3.046E+007  1.449E+007
 1.790E+013  2.042E-011  3.047E+007  1.465E+007
 1.810E+013  2.182E-011  3.047E+007  1.482E+007
 1.830E+013  2.327E-011  3.047E+007  1.498E+007
 1.850E+013  2.477E-011  3.047E+007  1.515E+007
 1.870E+013  2.631E-011  3.047E+007  1.531E+007
 1.890E+013  2.788E-011  3.047E+007  1.547E+007
 1.910E+013  2.949E-011  3.047E+007  1.564E+007
 1.930E+013  3.112E-011  3.047E+007  1.580E+007
 1.950E+013  3.278E-011  3.047E+007  1.597E+007
 1.970E+013  3.446E-011  3.047E+007  1.613E+007
 1.990E+013  3.616E-011  3.047E+007  1.630E+007
 2.010E+013  3.789E-011  3.047E+007  1.646E+007
 2.030E+013  3.964E-011  3.047E+007  1.662E+007
 2.050E+013  4.141E-011  3.047E+007  1.679E+007
 2.070E+013  4.320E-011  3.047E+007  1.695E+007
 2.090E+013  4.502E-011  3.047E+007  1.712E+007
 2.110E+013  4.687E-011  3.047E+007  1.728E+007
 2.130E+013  4.876E-011  3.047E+007  1.745E+007
 2.150E+013  5.068E-011  3.047E+007  1.761E+007
 2.170E+013  5.265E-011  3.047E+007  1.778E+007
 2.190E+013  5.466E-011  3.047E+007  1.794E+007
 2.210E+013  5.672E-011  3.048E+007  1.810E+007
 2.230E+013  5.884E-011  3.048E+007  1.827E+007
 2.250E+013  6.102E-011  3.048E+007  1.843E+007
 2.270E+013  6.327E-011  3.048E+007  1.860E+007
 2.290E+013  6.559E-011  3.048E+007  1.876E+007
 2.310E+013  6.799E-011  3.048E+007  1.893E+007
 2.330E+013  7.047E-011  3.048E+007  1.909E+007
 2.350E+013  7.304E-011  3.048E+007  1.926E+007
 2.370E+013  7.571E-011  3.048E+007  1.942E+007
 2.390E+013  7.847E-011  3.048E+007  1.959E+007
 2.410E+013  8.134E-011  3.049E+007  1.975E+007
 2.430E+013  8.432E-011  3.049E+007  1.992E+007
 2.450E+013  8.742E-011  3.049E+007  2.008E+007
 2.470E+013  9.064E-011  3.049E+007  2.025E+007
 2.490E+013  9.397E-011  3.049E+007  2.041E+007
 2.510E+013  9.744E-011  3.049E+007  2.058E+007
 2.530E+013  1.010E-010  3.049E+007  2.074E+007
 2.550E+013  1.048E-010  3.050E+007  2.091E+007
 2.570E+013  1.086E-010  3.050E+007  2.107E+007
 2.590E+013  1.126E-010  3.050E+007  2.124E+007
 2.610E+013  1.168E-010  3.050E+007  2.140E+007
 2.630E+013  1.210E-010  3.050E+007  2.157E+007
 2.650E+013  1.254E-010  3.051E+007  2.173E+007
 2.670E+013  1.300E-010  3.051E+007  2.190E+007
 2.690E+013  1.346E-010  3.051E+007  2.206E+007
 2.710E+013  1.394E-010  3.051E+007  2.223E+007
 2.730E+013  1.444E-010  3.051E+007  2.239E+007
 2.750E+013  1.494E-010  3.052E+007  2.256E+007
 2.770E+013  1.546E-010  3.052E+007  2.272E+007
 2.790E+013  1.599E-010  3.052E+007  2.289E+007
 2.810E+013  1.654E-010  3.053E+007  2.305E+007
 2.830E+013  1.709E-010  3.053E+007  2.322E+007
 2.850E+013  1.766E-010  3.053E+007  2.338E+007
 2.870E+013  1.824E-010  3.053E+007  2.355E+007
 2.890E+013  1.883E-010  3.054E+007  2.371E+007
 2.910E+013  1.944E-010  3.054E+007  2.388E+007
 2.930E+013  2.006E-010  3.055E+007  2.404E+007
 2.950E+013  2.069E-010  3.055E+007  2.421E+007
 2.970E+013  2.133E-010  3.055E+007  2.437E+007
 2.990E+013  2.199E-010  3.056E+007  2.454E+007
 3.010E+013  2.267E-010  3.056E+007  2.470E+007
 3.030E+013  2.336E-010  3.057E+007  2.487E+007
 3.050E+013  2.407E-010  3.057E+007  2.504E+007
 3.070E+013  2.479E-010  3.058E+007  2.520E+007
 3.090E+013  2.553E-010  3.058E+007  2.537E+007
 3.110E+013  2.629E-010  3.059E+007  2.553E+007
 3.130E+013  2.707E-010  3.059E+007  2.570E+007
 3.150E+013  2.788E-010  3.060E+007  2.586E+007
 3.170E+013  2.870E-010  3.060E+007  2.603E+007
 3.190E+013  2.955E-010  3.061E+007  2.620E+007
 3.210E+013  3.041E-010  3.061E+007  2.636E+007
 3.230E+013  3.131E-010  3.062E+007  2.653E+007
 3.250E+013  3.223E-010  3.063E+007  2.670E+007
 3.270E+013  3.317E-010  3.063E+007  2.686E+007
 3.290E+013  3.414E-010  3.064E+007  2.703E+007
 3.310E+013  3.514E-010  3.065E+007  2.719E+007
 3.330E+013  3.616E-010  3.066E+007  2.736E+007
 3.350E+013  3.722E-010  3.066E+007  2.753E+007
 3.370E+013  3.830E-010  3.067E+007  2.769E+007
 3.390E+013  3.941E-010  3.068E+007  2.786E+007
 3.410E+013  4.055E-010  3.069E+007  2.803E+007
 3.430E+013  4.172E-010  3.070E+007  2.820E+007
 3.450E+013  4.291E-010  3.071E+007  2.836E+007
 3.470E+013  4.414E-010  3.072E+007  2.853E+007
 3.490E+013  4.540E-010  3.073E+007  2.870E+007
 3.510E+013  4.669E-010  3.074E+007  2.886E+007
 3.530E+013  4.801E-010  3.075E+007  2.903E+007
 3.550E+013  4.936E-010  3.076E+007  2.920E+007
 3.570E+013  5.074E-010  3.077E+007  2.937E+007
 3.590E+013  5.215E-010  3.078E+007  2.953E+007
 3.610E+013  5.360E-010  3.079E+007  2.970E+007
 3.630E+013  5.507E-010  3.081E+007  2.987E+007
 3.650E+013  5.658E-010  3.082E+007  3.004E+007
 3.670E+013  5.812E-010  3.083E+007  3.021E+007
 3.690E+013  5.970E-010  3.085E+007  3.038E+007
 3.710E+013  6.131E-010  3.086E+007  3.054E+007
 3.730E+013  6.295E-010  3.088E+007  3.071E+007
 3.750E+013  6.463E-010  3.089E+007  3.088E+007
 3.770E+013  6.635E-010  3.091E+007  3.105E+007
 3.790E+013  6.810E-010  3.092E+007  3.122E+007
 3.810E+013  6.989E-010  3.094E+007  3.139E+007
 3.830E+013  7.172E-010  3.096E+007  3.156E+007
 3.850E+013  7.358E-010  3.097E+007  3.173E+007
 3.870E+013  7.549E-010  3.099E+007  3.190E+007
 3.890E+013  7.743E-010  3.101E+007  3.207E+007
 3.910E+013  7.942E-010  3.103E+007  3.224E+007
 3.930E+013  8.145E-010  3.105E+007  3.241E+007
 3.950E+013  8.352E-010  3.107E+007  3.258E+007
 3.970E+013  8.563E-010  3.109E+007  3.275E+007
 3.990E+013  8.779E-010  3.112E+007  3.292E+007
 4.010E+013  8.999E-010  3.114E+007  3.310E+007
 4.030E+013  9.224E-010  3.116E+007  3.327E+007
 4.050E+013  9.453E-010  3.119E+007  3.344E+007
 4.070E+013  9.686E-010  3.121E+007  3.361E+007
 4.090E+013  9.924E-010  3.124E+007  3.378E+007
 4.110E+013  1.017E-009  3.126E+007  3.396E+007
 4.130E+013  1.041E-009  3.129E+007  3.413E+007
 4.150E+013  1.067E-009  3.132E+007  3.430E+007
 4.170E+013  1.092E-009  3.135E+007  3.448E+007
 4.190E+013  1.119E-009  3.138E+007  3.465E+007
 4.210E+013  1.145E-009  3.141E+007  3.483E+007
 4.230E+013  1.173E-009  3.144E+007  3.500E+007
 4.250E+013  1.201E-009  3.147E+007  3.518E+007
 4.270E+013  1.229E-009  3.151E+007  3.535E+007
 4.290E+013  1.258E-009  3.154E+007  3.553E+007
 4.310E+013  1.287E-009  3.158E+007  3.570E+007
 4.330E+013  1.318E-009  3.161E+007  3.588E+007
 4.350E+013  1.348E-009  3.165E+007  3.606E+007
 4.370E+013  1.380E-009  3.169E+007  3.623E+007
 4.390E+013  1.412E-009  3.173E+007  3.641E+007
 4.410E+013  1.444E-009  3.177E+007  3.659E+007
 4.430E+013  1.478E-009  3.181E+007  3.677E+007
 4.450E+013  1.512E-009  3.185E+007  3.695E+007
 4.470E+013  1.546E-009  3.190E+007  3.713E+007
 4.490E+013  1.582E-009  3.194E+007  3.731E+007
 4.510E+013  1.618E-009  3.199E+007  3.749E+007
 4.530E+013  1.655E-009  3.204E+007  3.767E+007
 4.550E+013  1.693E-009  3.209E+007  3.785E+007
 4.570E+013  1.731E-009  3.214E+007  3.803E+007
 4.590E+013  1.771E-009  3.219E+007  3.821E+007
 4.610E+013  1.811E-009  3.225E+007  3.839E+007
 4.630E+013  1.852E-009  3.230E+007  3.858E+007
 4.650E+013  1.894E-009  3.236E+007  3.876E+007
 4.670E+013  1.937E-009  3.242E+007  3.895E+007
 4.690E+013  1.981E-009  3.248E+007  3.913E+007
 4.710E+013  2.026E-009  3.254E+007  3.932E+007
 4.730E+013  2.071E-009  3.260E+007  3.950E+007
 4.750E+013  2.118E-009  3.267E+007  3.969E+007
 4.770E+013  2.166E-009  3.274E+007  3.988E+007
 4.790E+013  2.214E-009  3.280E+007  4.007E+007
 4.810E+013  2.264E-009  3.288E+007  4.025E+007
 4.830E+013  2.315E-009  3.295E+007  4.044E+007
 4.850E+013  2.367E-009  3.302E+007  4.063E+007
 4.870E+013  2.420E-009  3.310E+007  4.082E+007
 4.890E+013  2.474E-009  3.318E+007  4.102E+007
 4.910E+013  2.529E-009  3.326E+007  4.121E+007
 4.930E+013  2.585E-009  3.334E+007  4.140E+007
 4.950E+013  2.643E-009  3.343E+007  4.160E+007
 4.970E+013  2.702E-009  3.352E+007  4.179E+007
 4.990E+013  2.762E-009  3.361E+007  4.199E+007
 5.010E+013  2.823E-009  3.370E+007  4.218E+007
 5.030E+013  2.886E-009  3.380E+007  4.238E+007
 5.050E+013  2.950E-009  3.390E+007  4.258E+007
 5.070E+013  3.015E-009  3.400E+007  4.278E+007
 5.090E+013  3.082E-009  3.410E+007  4.298E+007
 5.110E+013  3.150E-009  3.421E+007  4.318E+007
 5.130E+013  3.219E-009  3.432E+007  4.338E+007
 5.150E+013  3.290E-009  3.443E+007  4.359E+007
 5.170E+013  3.363E-009  3.454E+007  4.379E+007
 5.190E+013  3.437E-009  3.466E+007  4.399E+007
 5.210E+013  3.513E-009  3.479E+007  4.420E+007
 5.230E+013  3.590E-009  3.491E+007  4.441E+007
 5.250E+013  3.669E-009  3.504E+007  4.462E+007
 5.270E+013  3.750E-009  3.517E+007  4.483E+007
 5.290E+013  3.833E-009  3.531E+007  4.504E+007
 5.310E+013  3.918E-009  3.545E+007  4.525E+007
 5.330E+013  4.004E-009  3.559E+007  4.546E+007
 5.350E+013  4.093E-009  3.574E+007  4.568E+007
 5.370E+013  4.183E-009  3.589E+007  4.589E+007
 5.390E+013  4.276E-009  3.605E+007  4.611E+007
 5.410E+013  4.371E-009  3.621E+007  4.633E+007
 5.430E+013  4.468E-009  3.637E+007  4.655E+007
 5.450E+013  4.567E-009  3.654E+007  4.677E+007
 5.470E+013  4.669E-009  3.672E+007  4.699E+007
 5.490E+013  4.773E-009  3.690E+007  4.722E+007
 5.510E+013  4.879E-009  3.708E+007  4.744E+007
 5.530E+013  4.989E-009  3.727E+007  4.767E+007
 5.550E+013  5.100E-009  3.747E+007  4.790E+007
 5.570E+013  5.215E-009  3.767E+007  4.813E+007
 5.590E+013  5.333E-009  3.787E+007  4.836E+007
 5.610E+013  5.453E-009  3.808E+007  4.859E+007
 5.630E+013  5.576E-009  3.830E+007  4.883E+007
 5.650E+013  5.703E-009  3.852E+007  4.907E+007
 5.670E+013  5.833E-009  3.875E+007  4.930E+007
 5.690E+013  5.966E-009  3.899E+007  4.954E+007
 5.710E+013  6.103E-009  3.924E+007  4.979E+007
 5.730E+013  6.243E-009  3.949E+007  5.003E+007
 5.750E+013  6.387E-009  3.974E+007  5.027E+007
 5.770E+013  6.534E-009  4.001E+007  5.052E+007
 5.790E+013  6.686E-009  4.028E+007  5.077E+007
 5.810E+013  6.842E-009  4.056E+007  5.102E+007
 5.830E+013  7.001E-009  4.085E+007  5.127E+007
 5.850E+013  7.166E-009  4.115E+007  5.153E+007
 5.870E+013  7.334E-009  4.146E+007  5.179E+007
 5.890E+013  7.508E-009  4.177E+007  5.205E+007
 5.910E+013  7.686E-009  4.210E+007  5.231E+007
 5.930E+013  7.869E-009  4.243E+007  5.257E+007
 5.950E+013  8.058E-009  4.278E+007  5.283E+007
 5.970E+013  8.251E-009  4.313E+007  5.310E+007
 5.990E+013  8.451E-009  4.350E+007  5.337E+007
 6.010E+013  8.656E-009  4.387E+007  5.364E+007
 6.030E+013  8.867E-009  4.426E+007  5.392E+007
 6.050E+013  9.084E-009  4.466E+007  5.419E+007
 6.070E+013  9.308E-009  4.507E+007  5.447E+007
 6.090E+013  9.538E-009  4.550E+007  5.475E+007
 6.110E+013  9.776E-009  4.593E+007  5.504E+007
 6.130E+013  1.002E-008  4.638E+007  5.532E+007
 6.150E+013  1.027E-008  4.685E+007  5.561E+007
 6.170E+013  1.053E-008  4.733E+007  5.590E+007
 6.190E+013  1.080E-008  4.782E+007  5.619E+007
 6.210E+013  1.108E-008  4.833E+007  5.649E+007
 6.230E+013  1.136E-008  4.886E+007  5.679E+007
 6.250E+013  1.166E-008  4.940E+007  5.709E+007
 6.270E+013  1.196E-008  4.996E+007  5.739E+007
 6.290E+013  1.228E-008  5.054E+007  5.770E+007
 6.310E+013  1.260E-008  5.114E+007  5.800E+007
 6.330E+013  1.294E-008  5.176E+007  5.831E+007
 6.350E+013  1.328E-008  5.239E+007  5.863E+007
 6.370E+013  1.364E-008  5.305E+007  5.894E+007
 6.390E+013  1.402E-008  5.373E+007  5.926E+007
 6.410E+013  1.440E-008  5.443E+007  5.958E+007
 6.430E+013  1.480E-008  5.515E+007  5.991E+007
 6.450E+013  1.521E-008  5.590E+007  6.023E+007
 6.470E+013  1.564E-008  5.668E+007  6.056E+007
 6.490E+013  1.608E-008  5.748E+007  6.089E+007
 6.510E+013  1.654E-008  5.831E+007  6.123E+007
 6.530E+013  1.701E-008  5.916E+007  6.157E+007
 6.550E+013  1.750E-008  6.005E+007  6.191E+007
 6.570E+013  1.801E-008  6.096E+007  6.225E+007
 6.590E+013  1.854E-008  6.191E+007  6.259E+007
 6.610E+013  1.909E-008  6.289E+007  6.294E+007
 6.630E+013  1.967E-008  6.391E+007  6.329E+007
 6.650E+013  2.026E-008  6.496E+007  6.365E+007
 6.670E+013  2.088E-008  6.605E+007  6.400E+007
 6.690E+013  2.152E-008  6.717E+007  6.436E+007
 6.710E+013  2.218E-008  6.834E+007  6.472E+007
 6.730E+013  2.288E-008  6.955E+007  6.509E+007
 6.750E+013  2.360E-008  7.081E+007  6.545E+007
 6.770E+013  2.435E-008  7.211E+007  6.582E+007
 6.790E+013  2.513E-008  7.346E+007  6.619E+007
 6.810E+013  2.595E-008  7.486E+007  6.657E+007
 6.830E+013  2.680E-008  7.631E+007  6.695E+007
 6.850E+013  2.769E-008  7.782E+007  6.733E+007
 6.870E+013  2.861E-008  7.938E+007  6.771E+007
 6.890E+013  2.958E-008  8.101E+007  6.809E+007
 6.910E+013  3.058E-008  8.270E+007  6.848E+007
 6.930E+013  3.163E-008  8.444E+007  6.887E+007
 6.950E+013  3.273E-008  8.628E+007  6.926E+007
 6.970E+013  3.390E-008  8.825E+007  6.967E+007
 6.990E+013  3.506E-008  9.006E+007  7.007E+007
 7.010E+013  3.626E-008  9.194E+007  7.037E+007
 7.030E+013  3.783E-008  9.529E+007  7.087E+007
 7.050E+013  3.906E-008  9.766E+007  7.176E+007
 7.070E+013  3.855E-008  9.228E+007  7.152E+007
 7.090E+013  3.191E-008  6.268E+007  6.736E+007
 7.110E+013  1.932E-008  1.924E+007  5.359E+007
 7.130E+013  1.224E-008  1.696E+006  2.916E+007
 7.150E+013  1.024E-008  8.752E+003  6.471E+006
 7.170E+013  1.000E-008  6.244E+001  1.641E+005
 7.190E+013  1.000E-008  6.236E+001  4.603E+001
 7.210E+013  1.000E-008  6.236E+001  1.823E-006
 7.230E+013  1.000E-008  6.236E+001  7.399E-016
 7.250E+013  1.000E-008  6.236E+001  1.871E-040
 7.270E+013  1.000E-008  6.236E+001  2.089E-012
 7.290E+013  1.000E-008  6.236E+001 -5.875E-033
 7.310E+013  1.000E-008  6.236E+001 -2.089E-012
 7.330E+013  1.000E-008  6.236E+001 -1.337E-030
 7.350E+013  1.000E-008  6.236E+001 -1.045E-012
 7.370E+013  1.000E-008  6.236E+001  1.045E-012
 7.390E+013  1.000E-008  6.236E+001  1.336E-030
 7.410E+013  1.000E-008  6.236E+001  7.494E-067
 7.430E+013  1.000E-008  6.236E+001  1.100E-139
 7.450E+013  1.000E-008  6.236E+001  1.146E-285
 7.470E+013  1.000E-008  6.236E+001  0.000E+000
 7.490E+013  1.000E-008  6.236E+001  0.000E+000
 7.510E+013  1.000E-008  6.236E+001  0.000E+000
 7.530E+013  1.000E-008  6.236E+001  0.000E+000
 7.550E+013  1.000E-008  6.236E+001  0.000E+000
 7.570E+013  1.000E-008  6.236E+001  0.000E+000
 7.590E+013  1.000E-008  6.236E+001  0.000E+000
 7.610E+013  1.000E-008  6.236E+001  0.000E+000
 7.630E+013  1.000E-008  6.236E+001  0.000E+000
 7.650E+013  1.000E-008  6.236E+001  0.000E+000
 7.670E+013  1.000E-008  6.236E+001  2.089E-012
 7.690E+013  1.000E-008  6.236E+001 -2.089E-012
 7.710E+013  1.000E-008  6.236E+001  3.134E-012
 7.730E+013  1.000E-008  6.236E+001 -3.134E-012
 7.750E+013  1.000E-008  6.236E+001  3.166E-031
 7.770E+013  1.000E-008  6.236E+001  2.089E-012
 7.790E+013  1.000E-008  6.236E+001 -6.267E-012
 7.810E+013  1.000E-008  6.236E+001  6.267E-012
 7.830E+013  1.000E-008  6.236E+001 -2.089E-012
 7.850E+013  1.000E-008  6.236E+001 -5.294E-067
 7.870E+013  1.000E-008  6.236E+001 -1.123E-030
 7.890E+013  1.000E-008  6.236E+001 -1.045E-012
 7.910E+013  1.000E-008  6.236E+001 -5.223E-012
 7.930E+013  1.000E-008  6.236E+001  3.134E-012
 7.950E+013  1.000E-008  6.236E+001  3.134E-012
 7.970E+013  1.000E-008  6.236E+001 -4.178E-012
 7.990E+013  1.000E-008  6.236E+001  4.178E-012
 8.010E+013  1.000E-008  6.236E+001  2.138E-029
 8.030E+013  1.000E-008  6.236E+001  1.919E-064
 8.050E+013  1.000E-008  6.236E+001  7.209E-135
 8.070E+013  1.000E-008  6.236E+001 -5.308E-269
 8.090E+013  1.000E-008  6.236E+001 -2.367E-131
 8.110E+013  1.000E-008  6.236E+001 -1.099E-062
 8.130E+013  1.000E-008  6.236E+001 -1.618E-028
 8.150E+013  1.000E-008  6.236E+001 -1.149E-011
 8.170E+013  1.000E-008  6.236E+001  1.462E-011
 8.190E+013  1.000E-008  6.236E+001 -3.134E-012
 8.210E+013  1.000E-008  6.236E+001  0.000E+000
 8.230E+013  1.000E-008  6.236E+001  0.000E+000
 8.250E+013  1.000E-008  6.236E+001  0.000E+000
 8.270E+013  1.000E-008  6.236E+001  0.000E+000
 8.290E+013  1.000E-008  6.236E+001  4.178E-012
 8.310E+013  1.000E-008  6.236E+001 -4.178E-012
 8.330E+013  1.000E-008  6.236E+001 -1.299E-030
 8.350E+013  1.000E-008  6.236E+001  6.267E-012
 8.370E+013  1.000E-008  6.236E+001 -5.223E-012
 8.390E+013  1.000E-008  6.236E+001 -1.337E-030
 8.410E+013  1.000E-008  6.236E+001 -1.045E-012
 8.430E+013  1.000E-008  6.236E+001  1.045E-012
 8.450E+013  1.000E-008  6.236E+001 -1.267E-033
 8.470E+013  1.000E-008  6.236E+001 -1.045E-012
 8.490E+013  1.000E-008  6.236E+001 -6.305E-034
 8.510E+013  1.000E-008  6.236E+001  1.045E-012
 8.530E+013  1.000E-008  6.236E+001 -1.255E-033
 8.550E+013  1.000E-008  6.236E+001 -1.045E-012
 8.570E+013  1.000E-008  6.236E+001 -6.246E-034
 8.590E+013  1.000E-008  6.236E+001  1.045E-012
 8.610E+013  1.000E-008  6.236E+001 -1.045E-012
 8.630E+013  1.000E-008  6.236E+001  0.000E+000
 8.650E+013  1.000E-008  6.236E+001  0.000E+000
 8.670E+013  1.000E-008  6.236E+001  0.000E+000
 8.690E+013  1.000E-008  6.236E+001  0.000E+000
 8.710E+013  1.000E-008  6.236E+001  0.000E+000
 8.730E+013  1.000E-008  6.236E+001  0.000E+000
 8.750E+013  1.000E-008  6.236E+001  1.045E-012
 8.770E+013  1.000E-008  6.236E+001 -1.045E-012
 8.790E+013  1.000E-008  6.236E+001 -6.089E-034
 8.810E+013  1.000E-008  6.236E+001  1.045E-012
 8.830E+013  1.000E-008  6.236E+001 -1.045E-012
 8.850E+013  1.000E-008  6.236E+001  1.045E-012
 8.870E+013  1.000E-008  6.236E+001  1.045E-012
 8.890E+013  1.000E-008  6.236E+001 -2.089E-012
 8.910E+013  1.000E-008  6.236E+001  0.000E+000
 8.930E+013  1.000E-008  6.236E+001  0.000E+000
 8.950E+013  1.000E-008  6.236E+001  0.000E+000
 8.970E+013  1.000E-008  6.236E+001  0.000E+000
 8.990E+013  1.000E-008  6.236E+001  0.000E+000
 9.010E+013  1.000E-008  6.236E+001  1.045E-012
 9.030E+013  1.000E-008  6.236E+001 -1.185E-033
 9.050E+013  1.000E-008  6.236E+001 -1.045E-012
 9.070E+013  1.000E-008  6.236E+001  1.045E-012
 9.090E+013  1.000E-008  6.236E+001 -1.178E-033
 9.110E+013  1.000E-008  6.236E+001 -1.045E-012
 9.130E+013  1.000E-008  6.236E+001  0.000E+000
 9.150E+013  1.000E-008  6.236E+001  0.000E+000
 9.170E+013  1.000E-008  6.236E+001  0.000E+000
 9.190E+013  1.000E-008  6.236E+001  0.000E+000
 9.210E+013  1.000E-008  6.236E+001  0.000E+000
 9.230E+013  1.000E-008  6.236E+001  1.045E-012
 9.250E+013  1.000E-008  6.236E+001 -1.157E-033
 9.270E+013  1.000E-008  6.236E+001 -1.045E-012
 9.290E+013  1.000E-008  6.236E+001  0.000E+000
 9.310E+013  1.000E-008  6.236E+001  0.000E+000
 9.330E+013  1.000E-008  6.236E+001  0.000E+000
 9.350E+013  1.000E-008  6.236E+001  0.000E+000
 9.370E+013  1.000E-008  6.236E+001  1.045E-012
 9.390E+013  1.000E-008  6.236E+001 -1.045E-012
 9.410E+013  1.000E-008  6.236E+001  1.045E-012
 9.430E+013  1.000E-008  6.236E+001 -1.045E-012
 9.450E+013  1.000E-008  6.236E+001  0.000E+000
 9.470E+013  1.000E-008  6.236E+001  0.000E+000
 9.490E+013  1.000E-008  6.236E+001  0.000E+000
 9.510E+013  1.000E-008  6.236E+001  0.000E+000
 9.530E+013  1.000E-008  6.236E+001  1.045E-012
 9.550E+013  1.000E-008  6.236E+001 -1.045E-012
 9.570E+013  1.000E-008  6.236E+001 -7.508E-067
 9.590E+013  1.000E-008  6.236E+001 -1.337E-030
 9.610E+013  1.000E-008  6.236E+001 -1.045E-012
 9.630E+013  1.000E-008  6.236E+001  1.045E-012
 9.650E+013  1.000E-008  6.236E+001  1.336E-030
 9.670E+013  1.000E-008  6.236E+001  1.045E-012
 9.690E+013  1.000E-008  6.236E+001 -1.045E-012
 9.710E+013  1.000E-008  6.236E+001  0.000E+000
 9.730E+013  1.000E-008  6.236E+001  0.000E+000
 9.750E+013  1.000E-008  6.236E+001  0.000E+000
 9.770E+013  1.000E-008  6.236E+001  0.000E+000
 9.790E+013  1.000E-008  6.236E+001  0.000E+000
 9.810E+013  1.000E-008  6.236E+001  0.000E+000
 9.830E+013  1.000E-008  6.236E+001  0.000E+000
 9.850E+013  1.000E-008  6.236E+001  0.000E+000
 9.870E+013  1.000E-008  6.236E+001  0.000E+000
 9.890E+013  1.000E-008  6.236E+001  0.000E+000
 9.910E+013  1.000E-008  6.236E+001  0.000E+000
 9.930E+013  1.000E-008  6.236E+001  0.000E+000
 9.950E+013  1.000E-008  6.236E+001  1.045E-012
 9.970E+013  1.000E-008  6.236E+001 -1.045E-012
 9.990E+013  1.000E-008  6.236E+001  0.000E+000
 1.001E+014  1.000E-099  1.000E-099  0.000E+000
 1.003E+014  1.000E-099  1.000E-099  0.000E+000
 9.323E-003
