 2.700E+005
     x1b        dens       energ       v1
 1.000E+011  2.447E-012  3.376E+007  0.000E+000
 3.000E+011  2.448E-012  3.376E+007  2.033E+005
 5.000E+011  2.452E-012  3.376E+007  3.487E+005
 7.000E+011  2.461E-012  3.376E+007  5.421E+005
 9.000E+011  2.475E-012  3.376E+007  7.142E+005
 1.100E+012  2.495E-012  3.376E+007  8.970E+005
 1.300E+012  2.521E-012  3.376E+007  1.074E+006
 1.500E+012  2.553E-012  3.376E+007  1.254E+006
 1.700E+012  2.588E-012  3.376E+007  1.433E+006
 1.900E+012  2.627E-012  3.376E+007  1.612E+006
 2.100E+012  2.668E-012  3.376E+007  1.791E+006
 2.300E+012  2.711E-012  3.376E+007  1.971E+006
 2.500E+012  2.754E-012  3.376E+007  2.150E+006
 2.700E+012  2.798E-012  3.376E+007  2.329E+006
 2.900E+012  2.841E-012  3.376E+007  2.508E+006
 3.100E+012  2.883E-012  3.376E+007  2.687E+006
 3.300E+012  2.922E-012  3.376E+007  2.866E+006
 3.500E+012  2.957E-012  3.376E+007  3.045E+006
 3.700E+012  2.984E-012  3.376E+007  3.225E+006
 3.900E+012  3.000E-012  3.376E+007  3.404E+006
 4.100E+012  3.005E-012  3.376E+007  3.583E+006
 4.300E+012  3.006E-012  3.376E+007  3.762E+006
 4.500E+012  3.006E-012  3.376E+007  3.941E+006
 4.700E+012  3.006E-012  3.376E+007  4.120E+006
 4.900E+012  3.006E-012  3.376E+007  4.299E+006
 5.100E+012  3.005E-012  3.376E+007  4.478E+006
 5.300E+012  3.004E-012  3.376E+007  4.658E+006
 5.500E+012  3.003E-012  3.376E+007  4.837E+006
 5.700E+012  3.001E-012  3.376E+007  5.016E+006
 5.900E+012  2.998E-012  3.376E+007  5.195E+006
 6.100E+012  2.995E-012  3.376E+007  5.374E+006
 6.300E+012  2.992E-012  3.376E+007  5.553E+006
 6.500E+012  2.990E-012  3.376E+007  5.732E+006
 6.700E+012  2.990E-012  3.376E+007  5.912E+006
 6.900E+012  2.990E-012  3.376E+007  6.091E+006
 7.100E+012  2.990E-012  3.376E+007  6.270E+006
 7.300E+012  2.990E-012  3.376E+007  6.449E+006
 7.500E+012  2.991E-012  3.376E+007  6.628E+006
 7.700E+012  2.993E-012  3.376E+007  6.807E+006
 7.900E+012  2.995E-012  3.376E+007  6.986E+006
 8.100E+012  2.998E-012  3.376E+007  7.166E+006
 8.300E+012  3.003E-012  3.376E+007  7.345E+006
 8.500E+012  3.009E-012  3.376E+007  7.524E+006
 8.700E+012  3.017E-012  3.377E+007  7.703E+006
 8.900E+012  3.028E-012  3.377E+007  7.882E+006
 9.100E+012  3.041E-012  3.377E+007  8.061E+006
 9.300E+012  3.058E-012  3.377E+007  8.240E+006
 9.500E+012  3.078E-012  3.377E+007  8.420E+006
 9.700E+012  3.102E-012  3.377E+007  8.599E+006
 9.900E+012  3.130E-012  3.377E+007  8.778E+006
 1.010E+013  3.164E-012  3.377E+007  8.957E+006
 1.030E+013  3.203E-012  3.377E+007  9.136E+006
 1.050E+013  3.248E-012  3.377E+007  9.316E+006
 1.070E+013  3.299E-012  3.377E+007  9.495E+006
 1.090E+013  3.358E-012  3.377E+007  9.674E+006
 1.110E+013  3.426E-012  3.377E+007  9.853E+006
 1.130E+013  3.502E-012  3.377E+007  1.003E+007
 1.150E+013  3.588E-012  3.377E+007  1.021E+007
 1.170E+013  3.686E-012  3.377E+007  1.039E+007
 1.190E+013  3.795E-012  3.377E+007  1.057E+007
 1.210E+013  3.918E-012  3.377E+007  1.075E+007
 1.230E+013  4.056E-012  3.377E+007  1.093E+007
 1.250E+013  4.210E-012  3.377E+007  1.111E+007
 1.270E+013  4.383E-012  3.377E+007  1.129E+007
 1.290E+013  4.576E-012  3.377E+007  1.147E+007
 1.310E+013  4.790E-012  3.377E+007  1.165E+007
 1.330E+013  5.030E-012  3.377E+007  1.183E+007
 1.350E+013  5.297E-012  3.377E+007  1.201E+007
 1.370E+013  5.594E-012  3.377E+007  1.219E+007
 1.390E+013  5.924E-012  3.377E+007  1.237E+007
 1.410E+013  6.290E-012  3.377E+007  1.255E+007
 1.430E+013  6.697E-012  3.377E+007  1.273E+007
 1.450E+013  7.147E-012  3.377E+007  1.291E+007
 1.470E+013  7.644E-012  3.377E+007  1.309E+007
 1.490E+013  8.194E-012  3.377E+007  1.327E+007
 1.510E+013  8.799E-012  3.377E+007  1.345E+007
 1.530E+013  9.464E-012  3.377E+007  1.363E+007
 1.550E+013  1.019E-011  3.377E+007  1.381E+007
 1.570E+013  1.099E-011  3.377E+007  1.398E+007
 1.590E+013  1.185E-011  3.377E+007  1.416E+007
 1.610E+013  1.279E-011  3.377E+007  1.434E+007
 1.630E+013  1.381E-011  3.377E+007  1.452E+007
 1.650E+013  1.490E-011  3.377E+007  1.470E+007
 1.670E+013  1.607E-011  3.377E+007  1.488E+007
 1.690E+013  1.731E-011  3.377E+007  1.506E+007
 1.710E+013  1.862E-011  3.377E+007  1.524E+007
 1.730E+013  2.001E-011  3.377E+007  1.542E+007
 1.750E+013  2.146E-011  3.377E+007  1.560E+007
 1.770E+013  2.297E-011  3.377E+007  1.578E+007
 1.790E+013  2.454E-011  3.377E+007  1.595E+007
 1.810E+013  2.616E-011  3.377E+007  1.613E+007
 1.830E+013  2.783E-011  3.377E+007  1.631E+007
 1.850E+013  2.953E-011  3.377E+007  1.649E+007
 1.870E+013  3.127E-011  3.377E+007  1.667E+007
 1.890E+013  3.305E-011  3.377E+007  1.685E+007
 1.910E+013  3.485E-011  3.377E+007  1.703E+007
 1.930E+013  3.667E-011  3.377E+007  1.721E+007
 1.950E+013  3.852E-011  3.377E+007  1.738E+007
 1.970E+013  4.040E-011  3.377E+007  1.756E+007
 1.990E+013  4.229E-011  3.377E+007  1.774E+007
 2.010E+013  4.422E-011  3.377E+007  1.792E+007
 2.030E+013  4.617E-011  3.378E+007  1.810E+007
 2.050E+013  4.815E-011  3.378E+007  1.828E+007
 2.070E+013  5.017E-011  3.378E+007  1.846E+007
 2.090E+013  5.222E-011  3.378E+007  1.864E+007
 2.110E+013  5.432E-011  3.378E+007  1.882E+007
 2.130E+013  5.646E-011  3.378E+007  1.899E+007
 2.150E+013  5.866E-011  3.378E+007  1.917E+007
 2.170E+013  6.091E-011  3.378E+007  1.935E+007
 2.190E+013  6.323E-011  3.378E+007  1.953E+007
 2.210E+013  6.562E-011  3.378E+007  1.971E+007
 2.230E+013  6.808E-011  3.378E+007  1.989E+007
 2.250E+013  7.063E-011  3.379E+007  2.007E+007
 2.270E+013  7.327E-011  3.379E+007  2.025E+007
 2.290E+013  7.600E-011  3.379E+007  2.043E+007
 2.310E+013  7.883E-011  3.379E+007  2.061E+007
 2.330E+013  8.177E-011  3.379E+007  2.079E+007
 2.350E+013  8.482E-011  3.379E+007  2.097E+007
 2.370E+013  8.799E-011  3.379E+007  2.115E+007
 2.390E+013  9.129E-011  3.380E+007  2.133E+007
 2.410E+013  9.472E-011  3.380E+007  2.151E+007
 2.430E+013  9.828E-011  3.380E+007  2.169E+007
 2.450E+013  1.020E-010  3.380E+007  2.186E+007
 2.470E+013  1.058E-010  3.380E+007  2.204E+007
 2.490E+013  1.098E-010  3.380E+007  2.222E+007
 2.510E+013  1.139E-010  3.381E+007  2.240E+007
 2.530E+013  1.182E-010  3.381E+007  2.258E+007
 2.550E+013  1.227E-010  3.381E+007  2.276E+007
 2.570E+013  1.272E-010  3.381E+007  2.294E+007
 2.590E+013  1.320E-010  3.382E+007  2.312E+007
 2.610E+013  1.369E-010  3.382E+007  2.330E+007
 2.630E+013  1.419E-010  3.382E+007  2.348E+007
 2.650E+013  1.471E-010  3.382E+007  2.366E+007
 2.670E+013  1.524E-010  3.383E+007  2.384E+007
 2.690E+013  1.579E-010  3.383E+007  2.402E+007
 2.710E+013  1.635E-010  3.383E+007  2.420E+007
 2.730E+013  1.692E-010  3.384E+007  2.438E+007
 2.750E+013  1.751E-010  3.384E+007  2.456E+007
 2.770E+013  1.811E-010  3.384E+007  2.474E+007
 2.790E+013  1.873E-010  3.385E+007  2.492E+007
 2.810E+013  1.936E-010  3.385E+007  2.510E+007
 2.830E+013  2.000E-010  3.386E+007  2.528E+007
 2.850E+013  2.066E-010  3.386E+007  2.546E+007
 2.870E+013  2.133E-010  3.387E+007  2.564E+007
 2.890E+013  2.201E-010  3.387E+007  2.582E+007
 2.910E+013  2.272E-010  3.387E+007  2.600E+007
 2.930E+013  2.343E-010  3.388E+007  2.618E+007
 2.950E+013  2.417E-010  3.389E+007  2.636E+007
 2.970E+013  2.492E-010  3.389E+007  2.654E+007
 2.990E+013  2.569E-010  3.390E+007  2.672E+007
 3.010E+013  2.648E-010  3.390E+007  2.690E+007
 3.030E+013  2.729E-010  3.391E+007  2.708E+007
 3.050E+013  2.812E-010  3.391E+007  2.726E+007
 3.070E+013  2.897E-010  3.392E+007  2.744E+007
 3.090E+013  2.985E-010  3.393E+007  2.763E+007
 3.110E+013  3.075E-010  3.394E+007  2.781E+007
 3.130E+013  3.167E-010  3.394E+007  2.799E+007
 3.150E+013  3.263E-010  3.395E+007  2.817E+007
 3.170E+013  3.360E-010  3.396E+007  2.835E+007
 3.190E+013  3.461E-010  3.397E+007  2.853E+007
 3.210E+013  3.565E-010  3.398E+007  2.871E+007
 3.230E+013  3.671E-010  3.398E+007  2.889E+007
 3.250E+013  3.781E-010  3.399E+007  2.907E+007
 3.270E+013  3.893E-010  3.400E+007  2.926E+007
 3.290E+013  4.009E-010  3.401E+007  2.944E+007
 3.310E+013  4.128E-010  3.402E+007  2.962E+007
 3.330E+013  4.250E-010  3.403E+007  2.980E+007
 3.350E+013  4.376E-010  3.404E+007  2.998E+007
 3.370E+013  4.504E-010  3.406E+007  3.017E+007
 3.390E+013  4.636E-010  3.407E+007  3.035E+007
 3.410E+013  4.772E-010  3.408E+007  3.053E+007
 3.430E+013  4.910E-010  3.409E+007  3.071E+007
 3.450E+013  5.053E-010  3.410E+007  3.090E+007
 3.470E+013  5.198E-010  3.412E+007  3.108E+007
 3.490E+013  5.347E-010  3.413E+007  3.126E+007
 3.510E+013  5.499E-010  3.415E+007  3.144E+007
 3.530E+013  5.655E-010  3.416E+007  3.163E+007
 3.550E+013  5.815E-010  3.418E+007  3.181E+007
 3.570E+013  5.978E-010  3.419E+007  3.199E+007
 3.590E+013  6.145E-010  3.421E+007  3.218E+007
 3.610E+013  6.315E-010  3.423E+007  3.236E+007
 3.630E+013  6.490E-010  3.424E+007  3.255E+007
 3.650E+013  6.668E-010  3.426E+007  3.273E+007
 3.670E+013  6.850E-010  3.428E+007  3.291E+007
 3.690E+013  7.036E-010  3.430E+007  3.310E+007
 3.710E+013  7.226E-010  3.432E+007  3.328E+007
 3.730E+013  7.420E-010  3.434E+007  3.347E+007
 3.750E+013  7.619E-010  3.436E+007  3.365E+007
 3.770E+013  7.822E-010  3.438E+007  3.384E+007
 3.790E+013  8.029E-010  3.441E+007  3.402E+007
 3.810E+013  8.241E-010  3.443E+007  3.421E+007
 3.830E+013  8.458E-010  3.445E+007  3.440E+007
 3.850E+013  8.679E-010  3.448E+007  3.458E+007
 3.870E+013  8.904E-010  3.451E+007  3.477E+007
 3.890E+013  9.135E-010  3.453E+007  3.496E+007
 3.910E+013  9.370E-010  3.456E+007  3.514E+007
 3.930E+013  9.611E-010  3.459E+007  3.533E+007
 3.950E+013  9.856E-010  3.462E+007  3.552E+007
 3.970E+013  1.011E-009  3.465E+007  3.571E+007
 3.990E+013  1.036E-009  3.468E+007  3.590E+007
 4.010E+013  1.062E-009  3.471E+007  3.608E+007
 4.030E+013  1.089E-009  3.474E+007  3.627E+007
 4.050E+013  1.116E-009  3.478E+007  3.646E+007
 4.070E+013  1.144E-009  3.481E+007  3.665E+007
 4.090E+013  1.172E-009  3.485E+007  3.684E+007
 4.110E+013  1.201E-009  3.489E+007  3.703E+007
 4.130E+013  1.230E-009  3.492E+007  3.722E+007
 4.150E+013  1.260E-009  3.496E+007  3.741E+007
 4.170E+013  1.291E-009  3.500E+007  3.761E+007
 4.190E+013  1.322E-009  3.505E+007  3.780E+007
 4.210E+013  1.354E-009  3.509E+007  3.799E+007
 4.230E+013  1.386E-009  3.513E+007  3.818E+007
 4.250E+013  1.420E-009  3.518E+007  3.838E+007
 4.270E+013  1.453E-009  3.523E+007  3.857E+007
 4.290E+013  1.488E-009  3.528E+007  3.877E+007
 4.310E+013  1.523E-009  3.533E+007  3.896E+007
 4.330E+013  1.560E-009  3.538E+007  3.916E+007
 4.350E+013  1.596E-009  3.543E+007  3.935E+007
 4.370E+013  1.634E-009  3.548E+007  3.955E+007
 4.390E+013  1.673E-009  3.554E+007  3.975E+007
 4.410E+013  1.712E-009  3.560E+007  3.994E+007
 4.430E+013  1.752E-009  3.566E+007  4.014E+007
 4.450E+013  1.793E-009  3.572E+007  4.034E+007
 4.470E+013  1.835E-009  3.578E+007  4.054E+007
 4.490E+013  1.878E-009  3.584E+007  4.074E+007
 4.510E+013  1.922E-009  3.591E+007  4.094E+007
 4.530E+013  1.967E-009  3.598E+007  4.114E+007
 4.550E+013  2.013E-009  3.605E+007  4.134E+007
 4.570E+013  2.060E-009  3.612E+007  4.154E+007
 4.590E+013  2.108E-009  3.620E+007  4.175E+007
 4.610E+013  2.157E-009  3.627E+007  4.195E+007
 4.630E+013  2.207E-009  3.635E+007  4.216E+007
 4.650E+013  2.258E-009  3.643E+007  4.236E+007
 4.670E+013  2.310E-009  3.652E+007  4.257E+007
 4.690E+013  2.364E-009  3.660E+007  4.278E+007
 4.710E+013  2.418E-009  3.669E+007  4.298E+007
 4.730E+013  2.474E-009  3.678E+007  4.319E+007
 4.750E+013  2.531E-009  3.687E+007  4.340E+007
 4.770E+013  2.590E-009  3.697E+007  4.361E+007
 4.790E+013  2.649E-009  3.707E+007  4.382E+007
 4.810E+013  2.710E-009  3.717E+007  4.404E+007
 4.830E+013  2.772E-009  3.727E+007  4.425E+007
 4.850E+013  2.836E-009  3.738E+007  4.446E+007
 4.870E+013  2.901E-009  3.749E+007  4.468E+007
 4.890E+013  2.968E-009  3.760E+007  4.489E+007
 4.910E+013  3.036E-009  3.772E+007  4.511E+007
 4.930E+013  3.105E-009  3.784E+007  4.533E+007
 4.950E+013  3.176E-009  3.797E+007  4.555E+007
 4.970E+013  3.249E-009  3.809E+007  4.577E+007
 4.990E+013  3.323E-009  3.822E+007  4.599E+007
 5.010E+013  3.399E-009  3.836E+007  4.621E+007
 5.030E+013  3.477E-009  3.850E+007  4.644E+007
 5.050E+013  3.556E-009  3.864E+007  4.666E+007
 5.070E+013  3.637E-009  3.878E+007  4.689E+007
 5.090E+013  3.720E-009  3.893E+007  4.712E+007
 5.110E+013  3.805E-009  3.909E+007  4.735E+007
 5.130E+013  3.892E-009  3.925E+007  4.758E+007
 5.150E+013  3.981E-009  3.941E+007  4.781E+007
 5.170E+013  4.072E-009  3.958E+007  4.804E+007
 5.190E+013  4.165E-009  3.975E+007  4.828E+007
 5.210E+013  4.261E-009  3.993E+007  4.851E+007
 5.230E+013  4.358E-009  4.012E+007  4.875E+007
 5.250E+013  4.458E-009  4.030E+007  4.899E+007
 5.270E+013  4.561E-009  4.050E+007  4.923E+007
 5.290E+013  4.666E-009  4.070E+007  4.947E+007
 5.310E+013  4.773E-009  4.090E+007  4.972E+007
 5.330E+013  4.884E-009  4.111E+007  4.996E+007
 5.350E+013  4.997E-009  4.133E+007  5.021E+007
 5.370E+013  5.112E-009  4.156E+007  5.046E+007
 5.390E+013  5.231E-009  4.179E+007  5.071E+007
 5.410E+013  5.353E-009  4.202E+007  5.096E+007
 5.430E+013  5.478E-009  4.227E+007  5.122E+007
 5.450E+013  5.607E-009  4.252E+007  5.147E+007
 5.470E+013  5.738E-009  4.278E+007  5.173E+007
 5.490E+013  5.873E-009  4.304E+007  5.199E+007
 5.510E+013  6.012E-009  4.332E+007  5.225E+007
 5.530E+013  6.155E-009  4.360E+007  5.252E+007
 5.550E+013  6.301E-009  4.389E+007  5.278E+007
 5.570E+013  6.451E-009  4.419E+007  5.305E+007
 5.590E+013  6.606E-009  4.450E+007  5.332E+007
 5.610E+013  6.765E-009  4.481E+007  5.360E+007
 5.630E+013  6.928E-009  4.514E+007  5.387E+007
 5.650E+013  7.096E-009  4.548E+007  5.415E+007
 5.670E+013  7.268E-009  4.583E+007  5.443E+007
 5.690E+013  7.446E-009  4.618E+007  5.471E+007
 5.710E+013  7.628E-009  4.655E+007  5.499E+007
 5.730E+013  7.816E-009  4.693E+007  5.528E+007
 5.750E+013  8.009E-009  4.732E+007  5.556E+007
 5.770E+013  8.208E-009  4.773E+007  5.585E+007
 5.790E+013  8.413E-009  4.815E+007  5.615E+007
 5.810E+013  8.624E-009  4.857E+007  5.644E+007
 5.830E+013  8.842E-009  4.902E+007  5.674E+007
 5.850E+013  9.066E-009  4.947E+007  5.704E+007
 5.870E+013  9.297E-009  4.995E+007  5.735E+007
 5.890E+013  9.535E-009  5.043E+007  5.765E+007
 5.910E+013  9.780E-009  5.093E+007  5.796E+007
 5.930E+013  1.003E-008  5.145E+007  5.827E+007
 5.950E+013  1.030E-008  5.199E+007  5.858E+007
 5.970E+013  1.056E-008  5.254E+007  5.890E+007
 5.990E+013  1.084E-008  5.311E+007  5.922E+007
 6.010E+013  1.113E-008  5.370E+007  5.954E+007
 6.030E+013  1.143E-008  5.430E+007  5.987E+007
 6.050E+013  1.174E-008  5.493E+007  6.019E+007
 6.070E+013  1.205E-008  5.558E+007  6.053E+007
 6.090E+013  1.238E-008  5.625E+007  6.086E+007
 6.110E+013  1.272E-008  5.694E+007  6.119E+007
 6.130E+013  1.307E-008  5.766E+007  6.153E+007
 6.150E+013  1.344E-008  5.840E+007  6.188E+007
 6.170E+013  1.381E-008  5.916E+007  6.222E+007
 6.190E+013  1.420E-008  5.995E+007  6.257E+007
 6.210E+013  1.461E-008  6.077E+007  6.292E+007
 6.230E+013  1.503E-008  6.161E+007  6.327E+007
 6.250E+013  1.546E-008  6.249E+007  6.363E+007
 6.270E+013  1.591E-008  6.339E+007  6.399E+007
 6.290E+013  1.638E-008  6.433E+007  6.435E+007
 6.310E+013  1.686E-008  6.530E+007  6.472E+007
 6.330E+013  1.737E-008  6.631E+007  6.509E+007
 6.350E+013  1.789E-008  6.735E+007  6.546E+007
 6.370E+013  1.844E-008  6.843E+007  6.584E+007
 6.390E+013  1.900E-008  6.954E+007  6.622E+007
 6.410E+013  1.959E-008  7.070E+007  6.660E+007
 6.430E+013  2.020E-008  7.190E+007  6.698E+007
 6.450E+013  2.083E-008  7.315E+007  6.737E+007
 6.470E+013  2.150E-008  7.444E+007  6.776E+007
 6.490E+013  2.219E-008  7.578E+007  6.815E+007
 6.510E+013  2.290E-008  7.717E+007  6.855E+007
 6.530E+013  2.365E-008  7.861E+007  6.895E+007
 6.550E+013  2.443E-008  8.011E+007  6.935E+007
 6.570E+013  2.524E-008  8.166E+007  6.976E+007
 6.590E+013  2.609E-008  8.328E+007  7.016E+007
 6.610E+013  2.698E-008  8.495E+007  7.058E+007
 6.630E+013  2.790E-008  8.670E+007  7.099E+007
 6.650E+013  2.887E-008  8.851E+007  7.141E+007
 6.670E+013  2.988E-008  9.040E+007  7.183E+007
 6.690E+013  3.094E-008  9.234E+007  7.225E+007
 6.710E+013  3.204E-008  9.438E+007  7.267E+007
 6.730E+013  3.321E-008  9.658E+007  7.311E+007
 6.750E+013  3.441E-008  9.875E+007  7.356E+007
 6.770E+013  3.560E-008  1.007E+008  7.392E+007
 6.790E+013  3.705E-008  1.038E+008  7.431E+007
 6.810E+013  3.867E-008  1.078E+008  7.525E+007
 6.830E+013  3.893E-008  1.060E+008  7.560E+007
 6.850E+013  3.536E-008  8.533E+007  7.336E+007
 6.870E+013  2.365E-008  3.654E+007  6.307E+007
 6.890E+013  1.395E-008  5.443E+006  4.071E+007
 6.910E+013  1.062E-008  1.067E+005  1.374E+007
 6.930E+013  1.002E-008  7.577E+001  9.255E+005
 6.950E+013  1.000E-008  6.236E+001  1.864E+003
 6.970E+013  1.000E-008  6.236E+001  3.344E-003
 6.990E+013  1.000E-008  6.236E+001  6.042E-012
 7.010E+013  1.000E-008  6.236E+001  2.318E-032
 7.030E+013  1.000E-008  6.236E+001  7.608E-074
 7.050E+013  1.000E-008  6.236E+001  2.115E-157
 7.070E+013  1.000E-008  6.236E+001  0.000E+000
 7.090E+013  1.000E-008  6.236E+001  0.000E+000
 7.110E+013  1.000E-008  6.236E+001  0.000E+000
 7.130E+013  1.000E-008  6.236E+001  0.000E+000
 7.150E+013  1.000E-008  6.236E+001  0.000E+000
 7.170E+013  1.000E-008  6.236E+001  0.000E+000
 7.190E+013  1.000E-008  6.236E+001  9.593E-013
 7.210E+013  1.000E-008  6.236E+001 -9.593E-013
 7.230E+013  1.000E-008  6.236E+001  0.000E+000
 7.250E+013  1.000E-008  6.236E+001  0.000E+000
 7.270E+013  1.000E-008  6.236E+001  1.919E-012
 7.290E+013  1.000E-008  6.236E+001 -4.551E-033
 7.310E+013  1.000E-008  6.236E+001 -1.919E-012
 7.330E+013  1.000E-008  6.236E+001 -1.036E-030
 7.350E+013  1.000E-008  6.236E+001 -9.593E-013
 7.370E+013  1.000E-008  6.236E+001  9.593E-013
 7.390E+013  1.000E-008  6.236E+001  1.035E-030
 7.410E+013  1.000E-008  6.236E+001  4.130E-067
 7.430E+013  1.000E-008  6.236E+001  3.068E-140
 7.450E+013  1.000E-008  6.236E+001  8.184E-287
 7.470E+013  1.000E-008  6.236E+001  0.000E+000
 7.490E+013  1.000E-008  6.236E+001  0.000E+000
 7.510E+013  1.000E-008  6.236E+001  0.000E+000
 7.530E+013  1.000E-008  6.236E+001  0.000E+000
 7.550E+013  1.000E-008  6.236E+001  0.000E+000
 7.570E+013  1.000E-008  6.236E+001  0.000E+000
 7.590E+013  1.000E-008  6.236E+001  0.000E+000
 7.610E+013  1.000E-008  6.236E+001  0.000E+000
 7.630E+013  1.000E-008  6.236E+001  0.000E+000
 7.650E+013  1.000E-008  6.236E+001  0.000E+000
 7.670E+013  1.000E-008  6.236E+001  1.919E-012
 7.690E+013  1.000E-008  6.236E+001 -1.919E-012
 7.710E+013  1.000E-008  6.236E+001  2.878E-012
 7.730E+013  1.000E-008  6.236E+001 -2.878E-012
 7.750E+013  1.000E-008  6.236E+001  2.453E-031
 7.770E+013  1.000E-008  6.236E+001  1.919E-012
 7.790E+013  1.000E-008  6.236E+001 -5.756E-012
 7.810E+013  1.000E-008  6.236E+001  5.756E-012
 7.830E+013  1.000E-008  6.236E+001 -1.919E-012
 7.850E+013  1.000E-008  6.236E+001 -2.918E-067
 7.870E+013  1.000E-008  6.236E+001 -8.698E-031
 7.890E+013  1.000E-008  6.236E+001 -9.593E-013
 7.910E+013  1.000E-008  6.236E+001 -4.796E-012
 7.930E+013  1.000E-008  6.236E+001  2.878E-012
 7.950E+013  1.000E-008  6.236E+001  2.878E-012
 7.970E+013  1.000E-008  6.236E+001 -3.837E-012
 7.990E+013  1.000E-008  6.236E+001  3.837E-012
 8.010E+013  1.000E-008  6.236E+001  1.656E-029
 8.030E+013  1.000E-008  6.236E+001  1.057E-064
 8.050E+013  1.000E-008  6.236E+001  2.011E-135
 8.070E+013  1.000E-008  6.236E+001 -3.791E-270
 8.090E+013  1.000E-008  6.236E+001 -6.603E-132
 8.110E+013  1.000E-008  6.236E+001 -6.058E-063
 8.130E+013  1.000E-008  6.236E+001 -1.253E-028
 8.150E+013  1.000E-008  6.236E+001 -1.055E-011
 8.170E+013  1.000E-008  6.236E+001  1.343E-011
 8.190E+013  1.000E-008  6.236E+001 -2.878E-012
 8.210E+013  1.000E-008  6.236E+001  0.000E+000
 8.230E+013  1.000E-008  6.236E+001  0.000E+000
 8.250E+013  1.000E-008  6.236E+001  0.000E+000
 8.270E+013  1.000E-008  6.236E+001  0.000E+000
 8.290E+013  1.000E-008  6.236E+001  3.837E-012
 8.310E+013  1.000E-008  6.236E+001 -3.837E-012
 8.330E+013  1.000E-008  6.236E+001 -1.006E-030
 8.350E+013  1.000E-008  6.236E+001  5.756E-012
 8.370E+013  1.000E-008  6.236E+001 -4.796E-012
 8.390E+013  1.000E-008  6.236E+001 -1.036E-030
 8.410E+013  1.000E-008  6.236E+001 -9.593E-013
 8.430E+013  1.000E-008  6.236E+001  9.593E-013
 8.450E+013  1.000E-008  6.236E+001 -9.814E-034
 8.470E+013  1.000E-008  6.236E+001 -9.593E-013
 8.490E+013  1.000E-008  6.236E+001 -4.884E-034
 8.510E+013  1.000E-008  6.236E+001  9.593E-013
 8.530E+013  1.000E-008  6.236E+001 -9.722E-034
 8.550E+013  1.000E-008  6.236E+001 -9.593E-013
 8.570E+013  1.000E-008  6.236E+001 -4.838E-034
 8.590E+013  1.000E-008  6.236E+001  9.593E-013
 8.610E+013  1.000E-008  6.236E+001 -9.593E-013
 8.630E+013  1.000E-008  6.236E+001  0.000E+000
 8.650E+013  1.000E-008  6.236E+001  0.000E+000
 8.670E+013  1.000E-008  6.236E+001  0.000E+000
 8.690E+013  1.000E-008  6.236E+001  0.000E+000
 8.710E+013  1.000E-008  6.236E+001  0.000E+000
 8.730E+013  1.000E-008  6.236E+001  0.000E+000
 8.750E+013  1.000E-008  6.236E+001  9.593E-013
 8.770E+013  1.000E-008  6.236E+001 -9.593E-013
 8.790E+013  1.000E-008  6.236E+001 -4.717E-034
 8.810E+013  1.000E-008  6.236E+001  9.593E-013
 8.830E+013  1.000E-008  6.236E+001 -9.593E-013
 8.850E+013  1.000E-008  6.236E+001  9.593E-013
 8.870E+013  1.000E-008  6.236E+001  9.593E-013
 8.890E+013  1.000E-008  6.236E+001 -1.919E-012
 8.910E+013  1.000E-008  6.236E+001  0.000E+000
 8.930E+013  1.000E-008  6.236E+001  0.000E+000
 8.950E+013  1.000E-008  6.236E+001  0.000E+000
 8.970E+013  1.000E-008  6.236E+001  0.000E+000
 8.990E+013  1.000E-008  6.236E+001  0.000E+000
 9.010E+013  1.000E-008  6.236E+001  9.593E-013
 9.030E+013  1.000E-008  6.236E+001 -9.183E-034
 9.050E+013  1.000E-008  6.236E+001 -9.593E-013
 9.070E+013  1.000E-008  6.236E+001  9.593E-013
 9.090E+013  1.000E-008  6.236E+001 -9.122E-034
 9.110E+013  1.000E-008  6.236E+001 -9.593E-013
 9.130E+013  1.000E-008  6.236E+001  0.000E+000
 9.150E+013  1.000E-008  6.236E+001  0.000E+000
 9.170E+013  1.000E-008  6.236E+001  0.000E+000
 9.190E+013  1.000E-008  6.236E+001  0.000E+000
 9.210E+013  1.000E-008  6.236E+001  0.000E+000
 9.230E+013  1.000E-008  6.236E+001  9.593E-013
 9.250E+013  1.000E-008  6.236E+001 -8.965E-034
 9.270E+013  1.000E-008  6.236E+001 -9.593E-013
 9.290E+013  1.000E-008  6.236E+001  0.000E+000
 9.310E+013  1.000E-008  6.236E+001  0.000E+000
 9.330E+013  1.000E-008  6.236E+001  0.000E+000
 9.350E+013  1.000E-008  6.236E+001  0.000E+000
 9.370E+013  1.000E-008  6.236E+001  9.593E-013
 9.390E+013  1.000E-008  6.236E+001 -9.593E-013
 9.410E+013  1.000E-008  6.236E+001  9.593E-013
 9.430E+013  1.000E-008  6.236E+001 -9.593E-013
 9.450E+013  1.000E-008  6.236E+001  0.000E+000
 9.470E+013  1.000E-008  6.236E+001  0.000E+000
 9.490E+013  1.000E-008  6.236E+001  0.000E+000
 9.510E+013  1.000E-008  6.236E+001  0.000E+000
 9.530E+013  1.000E-008  6.236E+001  9.593E-013
 9.550E+013  1.000E-008  6.236E+001 -9.593E-013
 9.570E+013  1.000E-008  6.236E+001 -4.138E-067
 9.590E+013  1.000E-008  6.236E+001 -1.036E-030
 9.610E+013  1.000E-008  6.236E+001 -9.593E-013
 9.630E+013  1.000E-008  6.236E+001  9.593E-013
 9.650E+013  1.000E-008  6.236E+001  1.035E-030
 9.670E+013  1.000E-008  6.236E+001  9.593E-013
 9.690E+013  1.000E-008  6.236E+001 -9.593E-013
 9.710E+013  1.000E-008  6.236E+001  0.000E+000
 9.730E+013  1.000E-008  6.236E+001  0.000E+000
 9.750E+013  1.000E-008  6.236E+001  0.000E+000
 9.770E+013  1.000E-008  6.236E+001  0.000E+000
 9.790E+013  1.000E-008  6.236E+001  0.000E+000
 9.810E+013  1.000E-008  6.236E+001  0.000E+000
 9.830E+013  1.000E-008  6.236E+001  0.000E+000
 9.850E+013  1.000E-008  6.236E+001  0.000E+000
 9.870E+013  1.000E-008  6.236E+001  0.000E+000
 9.890E+013  1.000E-008  6.236E+001  0.000E+000
 9.910E+013  1.000E-008  6.236E+001  0.000E+000
 9.930E+013  1.000E-008  6.236E+001  0.000E+000
 9.950E+013  1.000E-008  6.236E+001  9.593E-013
 9.970E+013  1.000E-008  6.236E+001 -9.593E-013
 9.990E+013  1.000E-008  6.236E+001  0.000E+000
 1.001E+014  1.000E-099  1.000E-099  0.000E+000
 1.003E+014  1.000E-099  1.000E-099  0.000E+000
 8.562E-003
