 1.200E+005
     x1b        dens       energ       v1
 1.000E+011  4.404E-012  8.992E+007  0.000E+000
 3.000E+011  4.408E-012  8.992E+007  3.137E+005
 5.000E+011  4.421E-012  8.992E+007  8.393E+005
 7.000E+011  4.448E-012  8.992E+007  1.190E+006
 9.000E+011  4.491E-012  8.992E+007  1.617E+006
 1.100E+012  4.549E-012  8.992E+007  2.007E+006
 1.300E+012  4.621E-012  8.992E+007  2.416E+006
 1.500E+012  4.703E-012  8.992E+007  2.815E+006
 1.700E+012  4.792E-012  8.992E+007  3.219E+006
 1.900E+012  4.885E-012  8.992E+007  3.620E+006
 2.100E+012  4.980E-012  8.992E+007  4.023E+006
 2.300E+012  5.075E-012  8.992E+007  4.425E+006
 2.500E+012  5.168E-012  8.992E+007  4.827E+006
 2.700E+012  5.255E-012  8.992E+007  5.230E+006
 2.900E+012  5.329E-012  8.992E+007  5.632E+006
 3.100E+012  5.381E-012  8.992E+007  6.034E+006
 3.300E+012  5.406E-012  8.992E+007  6.436E+006
 3.500E+012  5.411E-012  8.992E+007  6.838E+006
 3.700E+012  5.411E-012  8.992E+007  7.241E+006
 3.900E+012  5.411E-012  8.992E+007  7.643E+006
 4.100E+012  5.410E-012  8.992E+007  8.045E+006
 4.300E+012  5.409E-012  8.992E+007  8.447E+006
 4.500E+012  5.406E-012  8.992E+007  8.850E+006
 4.700E+012  5.401E-012  8.992E+007  9.252E+006
 4.900E+012  5.395E-012  8.992E+007  9.654E+006
 5.100E+012  5.388E-012  8.992E+007  1.006E+007
 5.300E+012  5.383E-012  8.992E+007  1.046E+007
 5.500E+012  5.381E-012  8.992E+007  1.086E+007
 5.700E+012  5.381E-012  8.992E+007  1.126E+007
 5.900E+012  5.382E-012  8.992E+007  1.167E+007
 6.100E+012  5.383E-012  8.992E+007  1.207E+007
 6.300E+012  5.385E-012  8.992E+007  1.247E+007
 6.500E+012  5.390E-012  8.992E+007  1.287E+007
 6.700E+012  5.397E-012  8.992E+007  1.327E+007
 6.900E+012  5.409E-012  8.992E+007  1.368E+007
 7.100E+012  5.425E-012  8.992E+007  1.408E+007
 7.300E+012  5.447E-012  8.992E+007  1.448E+007
 7.500E+012  5.477E-012  8.992E+007  1.488E+007
 7.700E+012  5.514E-012  8.992E+007  1.529E+007
 7.900E+012  5.562E-012  8.992E+007  1.569E+007
 8.100E+012  5.621E-012  8.992E+007  1.609E+007
 8.300E+012  5.693E-012  8.992E+007  1.649E+007
 8.500E+012  5.779E-012  8.992E+007  1.690E+007
 8.700E+012  5.882E-012  8.992E+007  1.730E+007
 8.900E+012  6.004E-012  8.992E+007  1.770E+007
 9.100E+012  6.146E-012  8.992E+007  1.810E+007
 9.300E+012  6.313E-012  8.992E+007  1.851E+007
 9.500E+012  6.506E-012  8.992E+007  1.891E+007
 9.700E+012  6.730E-012  8.992E+007  1.931E+007
 9.900E+012  6.987E-012  8.992E+007  1.971E+007
 1.010E+013  7.284E-012  8.992E+007  2.012E+007
 1.030E+013  7.623E-012  8.992E+007  2.052E+007
 1.050E+013  8.013E-012  8.992E+007  2.092E+007
 1.070E+013  8.458E-012  8.992E+007  2.133E+007
 1.090E+013  8.966E-012  8.992E+007  2.173E+007
 1.110E+013  9.546E-012  8.993E+007  2.214E+007
 1.130E+013  1.021E-011  8.993E+007  2.254E+007
 1.150E+013  1.096E-011  8.993E+007  2.295E+007
 1.170E+013  1.181E-011  8.993E+007  2.335E+007
 1.190E+013  1.277E-011  8.993E+007  2.375E+007
 1.210E+013  1.387E-011  8.993E+007  2.416E+007
 1.230E+013  1.510E-011  8.993E+007  2.456E+007
 1.250E+013  1.648E-011  8.993E+007  2.497E+007
 1.270E+013  1.803E-011  8.993E+007  2.537E+007
 1.290E+013  1.975E-011  8.993E+007  2.578E+007
 1.310E+013  2.166E-011  8.993E+007  2.618E+007
 1.330E+013  2.377E-011  8.993E+007  2.658E+007
 1.350E+013  2.608E-011  8.993E+007  2.699E+007
 1.370E+013  2.859E-011  8.994E+007  2.739E+007
 1.390E+013  3.130E-011  8.994E+007  2.779E+007
 1.410E+013  3.420E-011  8.994E+007  2.819E+007
 1.430E+013  3.729E-011  8.994E+007  2.859E+007
 1.450E+013  4.054E-011  8.994E+007  2.900E+007
 1.470E+013  4.395E-011  8.995E+007  2.940E+007
 1.490E+013  4.750E-011  8.995E+007  2.980E+007
 1.510E+013  5.116E-011  8.995E+007  3.020E+007
 1.530E+013  5.493E-011  8.995E+007  3.060E+007
 1.550E+013  5.878E-011  8.996E+007  3.100E+007
 1.570E+013  6.271E-011  8.996E+007  3.140E+007
 1.590E+013  6.672E-011  8.996E+007  3.180E+007
 1.610E+013  7.078E-011  8.997E+007  3.220E+007
 1.630E+013  7.491E-011  8.997E+007  3.260E+007
 1.650E+013  7.911E-011  8.998E+007  3.301E+007
 1.670E+013  8.338E-011  8.998E+007  3.341E+007
 1.690E+013  8.774E-011  8.999E+007  3.381E+007
 1.710E+013  9.218E-011  8.999E+007  3.421E+007
 1.730E+013  9.674E-011  9.000E+007  3.461E+007
 1.750E+013  1.014E-010  9.001E+007  3.502E+007
 1.770E+013  1.062E-010  9.001E+007  3.542E+007
 1.790E+013  1.112E-010  9.002E+007  3.582E+007
 1.810E+013  1.164E-010  9.003E+007  3.623E+007
 1.830E+013  1.217E-010  9.004E+007  3.663E+007
 1.850E+013  1.273E-010  9.005E+007  3.703E+007
 1.870E+013  1.331E-010  9.006E+007  3.744E+007
 1.890E+013  1.392E-010  9.007E+007  3.784E+007
 1.910E+013  1.455E-010  9.008E+007  3.824E+007
 1.930E+013  1.522E-010  9.009E+007  3.865E+007
 1.950E+013  1.592E-010  9.010E+007  3.905E+007
 1.970E+013  1.665E-010  9.011E+007  3.945E+007
 1.990E+013  1.741E-010  9.012E+007  3.986E+007
 2.010E+013  1.821E-010  9.014E+007  4.026E+007
 2.030E+013  1.905E-010  9.015E+007  4.067E+007
 2.050E+013  1.993E-010  9.017E+007  4.107E+007
 2.070E+013  2.085E-010  9.018E+007  4.148E+007
 2.090E+013  2.181E-010  9.020E+007  4.188E+007
 2.110E+013  2.281E-010  9.022E+007  4.229E+007
 2.130E+013  2.385E-010  9.024E+007  4.269E+007
 2.150E+013  2.493E-010  9.026E+007  4.310E+007
 2.170E+013  2.605E-010  9.028E+007  4.350E+007
 2.190E+013  2.720E-010  9.030E+007  4.391E+007
 2.210E+013  2.840E-010  9.032E+007  4.431E+007
 2.230E+013  2.964E-010  9.035E+007  4.472E+007
 2.250E+013  3.091E-010  9.037E+007  4.512E+007
 2.270E+013  3.222E-010  9.040E+007  4.553E+007
 2.290E+013  3.356E-010  9.043E+007  4.594E+007
 2.310E+013  3.495E-010  9.046E+007  4.634E+007
 2.330E+013  3.637E-010  9.049E+007  4.675E+007
 2.350E+013  3.783E-010  9.052E+007  4.716E+007
 2.370E+013  3.933E-010  9.056E+007  4.756E+007
 2.390E+013  4.087E-010  9.059E+007  4.797E+007
 2.410E+013  4.245E-010  9.063E+007  4.838E+007
 2.430E+013  4.408E-010  9.067E+007  4.879E+007
 2.450E+013  4.576E-010  9.072E+007  4.920E+007
 2.470E+013  4.749E-010  9.076E+007  4.961E+007
 2.490E+013  4.928E-010  9.080E+007  5.002E+007
 2.510E+013  5.112E-010  9.085E+007  5.043E+007
 2.530E+013  5.303E-010  9.090E+007  5.084E+007
 2.550E+013  5.500E-010  9.096E+007  5.125E+007
 2.570E+013  5.704E-010  9.101E+007  5.166E+007
 2.590E+013  5.915E-010  9.107E+007  5.207E+007
 2.610E+013  6.134E-010  9.113E+007  5.249E+007
 2.630E+013  6.361E-010  9.119E+007  5.290E+007
 2.650E+013  6.595E-010  9.126E+007  5.331E+007
 2.670E+013  6.838E-010  9.132E+007  5.373E+007
 2.690E+013  7.090E-010  9.140E+007  5.414E+007
 2.710E+013  7.350E-010  9.147E+007  5.456E+007
 2.730E+013  7.619E-010  9.155E+007  5.497E+007
 2.750E+013  7.898E-010  9.163E+007  5.539E+007
 2.770E+013  8.185E-010  9.172E+007  5.581E+007
 2.790E+013  8.482E-010  9.181E+007  5.623E+007
 2.810E+013  8.788E-010  9.190E+007  5.665E+007
 2.830E+013  9.104E-010  9.200E+007  5.707E+007
 2.850E+013  9.430E-010  9.210E+007  5.749E+007
 2.870E+013  9.765E-010  9.220E+007  5.791E+007
 2.890E+013  1.011E-009  9.231E+007  5.833E+007
 2.910E+013  1.047E-009  9.243E+007  5.876E+007
 2.930E+013  1.083E-009  9.255E+007  5.918E+007
 2.950E+013  1.121E-009  9.267E+007  5.961E+007
 2.970E+013  1.160E-009  9.280E+007  6.003E+007
 2.990E+013  1.200E-009  9.294E+007  6.046E+007
 3.010E+013  1.241E-009  9.308E+007  6.089E+007
 3.030E+013  1.283E-009  9.323E+007  6.132E+007
 3.050E+013  1.326E-009  9.338E+007  6.175E+007
 3.070E+013  1.371E-009  9.354E+007  6.218E+007
 3.090E+013  1.417E-009  9.371E+007  6.262E+007
 3.110E+013  1.464E-009  9.388E+007  6.305E+007
 3.130E+013  1.513E-009  9.407E+007  6.349E+007
 3.150E+013  1.563E-009  9.425E+007  6.393E+007
 3.170E+013  1.615E-009  9.445E+007  6.437E+007
 3.190E+013  1.667E-009  9.465E+007  6.481E+007
 3.210E+013  1.722E-009  9.487E+007  6.526E+007
 3.230E+013  1.778E-009  9.509E+007  6.570E+007
 3.250E+013  1.836E-009  9.531E+007  6.615E+007
 3.270E+013  1.895E-009  9.555E+007  6.660E+007
 3.290E+013  1.956E-009  9.580E+007  6.705E+007
 3.310E+013  2.018E-009  9.606E+007  6.750E+007
 3.330E+013  2.082E-009  9.633E+007  6.796E+007
 3.350E+013  2.149E-009  9.661E+007  6.842E+007
 3.370E+013  2.217E-009  9.689E+007  6.888E+007
 3.390E+013  2.286E-009  9.720E+007  6.934E+007
 3.410E+013  2.358E-009  9.751E+007  6.980E+007
 3.430E+013  2.432E-009  9.783E+007  7.027E+007
 3.450E+013  2.508E-009  9.817E+007  7.074E+007
 3.470E+013  2.587E-009  9.852E+007  7.121E+007
 3.490E+013  2.667E-009  9.888E+007  7.169E+007
 3.510E+013  2.751E-009  9.926E+007  7.217E+007
 3.530E+013  2.836E-009  9.966E+007  7.265E+007
 3.550E+013  2.925E-009  1.001E+008  7.313E+007
 3.570E+013  3.016E-009  1.005E+008  7.362E+007
 3.590E+013  3.110E-009  1.009E+008  7.411E+007
 3.610E+013  3.207E-009  1.014E+008  7.460E+007
 3.630E+013  3.307E-009  1.019E+008  7.510E+007
 3.650E+013  3.410E-009  1.024E+008  7.560E+007
 3.670E+013  3.517E-009  1.029E+008  7.611E+007
 3.690E+013  3.627E-009  1.034E+008  7.662E+007
 3.710E+013  3.741E-009  1.040E+008  7.713E+007
 3.730E+013  3.858E-009  1.045E+008  7.764E+007
 3.750E+013  3.980E-009  1.051E+008  7.817E+007
 3.770E+013  4.106E-009  1.058E+008  7.869E+007
 3.790E+013  4.236E-009  1.064E+008  7.922E+007
 3.810E+013  4.370E-009  1.071E+008  7.975E+007
 3.830E+013  4.509E-009  1.078E+008  8.029E+007
 3.850E+013  4.653E-009  1.085E+008  8.084E+007
 3.870E+013  4.802E-009  1.093E+008  8.138E+007
 3.890E+013  4.955E-009  1.100E+008  8.194E+007
 3.910E+013  5.115E-009  1.109E+008  8.250E+007
 3.930E+013  5.280E-009  1.117E+008  8.306E+007
 3.950E+013  5.450E-009  1.126E+008  8.363E+007
 3.970E+013  5.627E-009  1.135E+008  8.421E+007
 3.990E+013  5.810E-009  1.145E+008  8.479E+007
 4.010E+013  6.000E-009  1.155E+008  8.537E+007
 4.030E+013  6.197E-009  1.165E+008  8.597E+007
 4.050E+013  6.401E-009  1.176E+008  8.657E+007
 4.070E+013  6.613E-009  1.187E+008  8.717E+007
 4.090E+013  6.833E-009  1.199E+008  8.778E+007
 4.110E+013  7.061E-009  1.211E+008  8.840E+007
 4.130E+013  7.298E-009  1.224E+008  8.903E+007
 4.150E+013  7.544E-009  1.237E+008  8.966E+007
 4.170E+013  7.800E-009  1.251E+008  9.030E+007
 4.190E+013  8.066E-009  1.266E+008  9.095E+007
 4.210E+013  8.343E-009  1.281E+008  9.161E+007
 4.230E+013  8.631E-009  1.297E+008  9.227E+007
 4.250E+013  8.932E-009  1.313E+008  9.294E+007
 4.270E+013  9.245E-009  1.330E+008  9.362E+007
 4.290E+013  9.571E-009  1.348E+008  9.430E+007
 4.310E+013  9.912E-009  1.367E+008  9.500E+007
 4.330E+013  1.027E-008  1.386E+008  9.570E+007
 4.350E+013  1.064E-008  1.406E+008  9.641E+007
 4.370E+013  1.103E-008  1.428E+008  9.714E+007
 4.390E+013  1.143E-008  1.450E+008  9.786E+007
 4.410E+013  1.186E-008  1.473E+008  9.860E+007
 4.430E+013  1.230E-008  1.497E+008  9.935E+007
 4.450E+013  1.277E-008  1.523E+008  1.001E+008
 4.470E+013  1.326E-008  1.549E+008  1.009E+008
 4.490E+013  1.377E-008  1.577E+008  1.016E+008
 4.510E+013  1.431E-008  1.607E+008  1.024E+008
 4.530E+013  1.487E-008  1.637E+008  1.032E+008
 4.550E+013  1.547E-008  1.669E+008  1.040E+008
 4.570E+013  1.609E-008  1.703E+008  1.048E+008
 4.590E+013  1.675E-008  1.738E+008  1.057E+008
 4.610E+013  1.744E-008  1.775E+008  1.065E+008
 4.630E+013  1.817E-008  1.814E+008  1.073E+008
 4.650E+013  1.894E-008  1.855E+008  1.082E+008
 4.670E+013  1.975E-008  1.897E+008  1.090E+008
 4.690E+013  2.060E-008  1.942E+008  1.099E+008
 4.710E+013  2.150E-008  1.990E+008  1.108E+008
 4.730E+013  2.246E-008  2.039E+008  1.117E+008
 4.750E+013  2.347E-008  2.092E+008  1.126E+008
 4.770E+013  2.454E-008  2.147E+008  1.135E+008
 4.790E+013  2.568E-008  2.205E+008  1.144E+008
 4.810E+013  2.688E-008  2.266E+008  1.153E+008
 4.830E+013  2.815E-008  2.330E+008  1.163E+008
 4.850E+013  2.951E-008  2.399E+008  1.172E+008
 4.870E+013  3.097E-008  2.473E+008  1.182E+008
 4.890E+013  3.247E-008  2.544E+008  1.192E+008
 4.910E+013  3.402E-008  2.616E+008  1.199E+008
 4.930E+013  3.607E-008  2.746E+008  1.211E+008
 4.950E+013  3.783E-008  2.850E+008  1.232E+008
 4.970E+013  3.748E-008  2.679E+008  1.229E+008
 4.990E+013  3.093E-008  1.770E+008  1.151E+008
 5.010E+013  1.864E-008  5.114E+007  9.010E+007
 5.030E+013  1.201E-008  4.039E+006  4.734E+007
 5.050E+013  1.019E-008  1.538E+004  9.592E+006
 5.070E+013  1.000E-008  6.243E+001  1.960E+005
 5.090E+013  1.000E-008  6.236E+001  3.497E+001
 5.110E+013  1.000E-008  6.236E+001  5.245E-007
 5.130E+013  1.000E-008  6.236E+001 -4.264E-013
 5.150E+013  1.000E-008  6.236E+001  0.000E+000
 5.170E+013  1.000E-008  6.236E+001  0.000E+000
 5.190E+013  1.000E-008  6.236E+001 -1.001E-297
 5.210E+013  1.000E-008  6.236E+001 -1.610E-145
 5.230E+013  1.000E-008  6.236E+001 -1.420E-069
 5.250E+013  1.000E-008  6.236E+001 -9.101E-032
 5.270E+013  1.000E-008  6.236E+001 -4.264E-013
 5.290E+013  1.000E-008  6.236E+001  4.264E-013
 5.310E+013  1.000E-008  6.236E+001  9.088E-032
 5.330E+013  1.000E-008  6.236E+001  1.415E-069
 5.350E+013  1.000E-008  6.236E+001  8.528E-013
 5.370E+013  1.000E-008  6.236E+001 -8.528E-013
 5.390E+013  1.000E-008  6.236E+001  1.199E-032
 5.410E+013  1.000E-008  6.236E+001  4.264E-013
 5.430E+013  1.000E-008  6.236E+001  4.264E-013
 5.450E+013  1.000E-008  6.236E+001  4.264E-013
 5.470E+013  1.000E-008  6.236E+001 -1.279E-012
 5.490E+013  1.000E-008  6.236E+001 -9.101E-032
 5.510E+013  1.000E-008  6.236E+001 -4.264E-013
 5.530E+013  1.000E-008  6.236E+001  8.528E-013
 5.550E+013  1.000E-008  6.236E+001 -1.706E-012
 5.570E+013  1.000E-008  6.236E+001  8.528E-013
 5.590E+013  1.000E-008  6.236E+001  4.264E-013
 5.610E+013  1.000E-008  6.236E+001 -4.264E-013
 5.630E+013  1.000E-008  6.236E+001  4.264E-013
 5.650E+013  1.000E-008  6.236E+001 -2.558E-012
 5.670E+013  1.000E-008  6.236E+001  2.558E-012
 5.690E+013  1.000E-008  6.236E+001  2.558E-012
 5.710E+013  1.000E-008  6.236E+001 -2.558E-012
 5.730E+013  1.000E-008  6.236E+001  2.985E-012
 5.750E+013  1.000E-008  6.236E+001 -6.396E-012
 5.770E+013  1.000E-008  6.236E+001 -4.264E-013
 5.790E+013  1.000E-008  6.236E+001  3.838E-012
 5.810E+013  1.000E-008  6.236E+001  2.046E-011
 5.830E+013  1.000E-008  6.236E+001 -2.046E-011
 5.850E+013  1.000E-008  6.236E+001  0.000E+000
 5.870E+013  1.000E-008  6.236E+001  0.000E+000
 5.890E+013  1.000E-008  6.236E+001  0.000E+000
 5.910E+013  1.000E-008  6.236E+001  0.000E+000
 5.930E+013  1.000E-008  6.236E+001  0.000E+000
 5.950E+013  1.000E-008  6.236E+001  0.000E+000
 5.970E+013  1.000E-008  6.236E+001  0.000E+000
 5.990E+013  1.000E-008  6.236E+001  0.000E+000
 6.010E+013  1.000E-008  6.236E+001  0.000E+000
 6.030E+013  1.000E-008  6.236E+001  4.264E-013
 6.050E+013  1.000E-008  6.236E+001 -4.264E-013
 6.070E+013  1.000E-008  6.236E+001  4.264E-013
 6.090E+013  1.000E-008  6.236E+001 -4.264E-013
 6.110E+013  1.000E-008  6.236E+001  0.000E+000
 6.130E+013  1.000E-008  6.236E+001  0.000E+000
 6.150E+013  1.000E-008  6.236E+001  0.000E+000
 6.170E+013  1.000E-008  6.236E+001  4.264E-013
 6.190E+013  1.000E-008  6.236E+001 -4.264E-013
 6.210E+013  1.000E-008  6.236E+001  0.000E+000
 6.230E+013  1.000E-008  6.236E+001  0.000E+000
 6.250E+013  1.000E-008  6.236E+001  0.000E+000
 6.270E+013  1.000E-008  6.236E+001  0.000E+000
 6.290E+013  1.000E-008  6.236E+001  0.000E+000
 6.310E+013  1.000E-008  6.236E+001  0.000E+000
 6.330E+013  1.000E-008  6.236E+001  0.000E+000
 6.350E+013  1.000E-008  6.236E+001  4.264E-013
 6.370E+013  1.000E-008  6.236E+001 -4.264E-013
 6.390E+013  1.000E-008  6.236E+001  0.000E+000
 6.410E+013  1.000E-008  6.236E+001  0.000E+000
 6.430E+013  1.000E-008  6.236E+001  0.000E+000
 6.450E+013  1.000E-008  6.236E+001  0.000E+000
 6.470E+013  1.000E-008  6.236E+001  4.264E-013
 6.490E+013  1.000E-008  6.236E+001 -4.264E-013
 6.510E+013  1.000E-008  6.236E+001  0.000E+000
 6.530E+013  1.000E-008  6.236E+001  0.000E+000
 6.550E+013  1.000E-008  6.236E+001  0.000E+000
 6.570E+013  1.000E-008  6.236E+001  0.000E+000
 6.590E+013  1.000E-008  6.236E+001  4.264E-013
 6.610E+013  1.000E-008  6.236E+001 -4.264E-013
 6.630E+013  1.000E-008  6.236E+001  0.000E+000
 6.650E+013  1.000E-008  6.236E+001  0.000E+000
 6.670E+013  1.000E-008  6.236E+001  0.000E+000
 6.690E+013  1.000E-008  6.236E+001  4.264E-013
 6.710E+013  1.000E-008  6.236E+001 -4.264E-013
 6.730E+013  1.000E-008  6.236E+001  0.000E+000
 6.750E+013  1.000E-008  6.236E+001  0.000E+000
 6.770E+013  1.000E-008  6.236E+001  4.264E-013
 6.790E+013  1.000E-008  6.236E+001 -4.264E-013
 6.810E+013  1.000E-008  6.236E+001  4.264E-013
 6.830E+013  1.000E-008  6.236E+001 -1.067E-034
 6.850E+013  1.000E-008  6.236E+001 -4.264E-013
 6.870E+013  1.000E-008  6.236E+001  0.000E+000
 6.890E+013  1.000E-008  6.236E+001  0.000E+000
 6.910E+013  1.000E-008  6.236E+001  0.000E+000
 6.930E+013  1.000E-008  6.236E+001  4.264E-013
 6.950E+013  1.000E-008  6.236E+001 -4.264E-013
 6.970E+013  1.000E-008  6.236E+001  0.000E+000
 6.990E+013  1.000E-008  6.236E+001  0.000E+000
 7.010E+013  1.000E-008  6.236E+001  0.000E+000
 7.030E+013  1.000E-008  6.236E+001  0.000E+000
 7.050E+013  1.000E-008  6.236E+001  0.000E+000
 7.070E+013  1.000E-008  6.236E+001  0.000E+000
 7.090E+013  1.000E-008  6.236E+001  0.000E+000
 7.110E+013  1.000E-008  6.236E+001  0.000E+000
 7.130E+013  1.000E-008  6.236E+001  0.000E+000
 7.150E+013  1.000E-008  6.236E+001  0.000E+000
 7.170E+013  1.000E-008  6.236E+001  0.000E+000
 7.190E+013  1.000E-008  6.236E+001  4.264E-013
 7.210E+013  1.000E-008  6.236E+001 -4.264E-013
 7.230E+013  1.000E-008  6.236E+001  0.000E+000
 7.250E+013  1.000E-008  6.236E+001  0.000E+000
 7.270E+013  1.000E-008  6.236E+001  8.528E-013
 7.290E+013  1.000E-008  6.236E+001 -3.998E-034
 7.310E+013  1.000E-008  6.236E+001 -8.528E-013
 7.330E+013  1.000E-008  6.236E+001 -9.099E-032
 7.350E+013  1.000E-008  6.236E+001 -4.264E-013
 7.370E+013  1.000E-008  6.236E+001  4.264E-013
 7.390E+013  1.000E-008  6.236E+001  9.090E-032
 7.410E+013  1.000E-008  6.236E+001  1.416E-069
 7.430E+013  1.000E-008  6.236E+001  1.602E-145
 7.450E+013  1.000E-008  6.236E+001  9.907E-298
 7.470E+013  1.000E-008  6.236E+001  0.000E+000
 7.490E+013  1.000E-008  6.236E+001  0.000E+000
 7.510E+013  1.000E-008  6.236E+001  0.000E+000
 7.530E+013  1.000E-008  6.236E+001  0.000E+000
 7.550E+013  1.000E-008  6.236E+001  0.000E+000
 7.570E+013  1.000E-008  6.236E+001  0.000E+000
 7.590E+013  1.000E-008  6.236E+001  0.000E+000
 7.610E+013  1.000E-008  6.236E+001  0.000E+000
 7.630E+013  1.000E-008  6.236E+001  0.000E+000
 7.650E+013  1.000E-008  6.236E+001  0.000E+000
 7.670E+013  1.000E-008  6.236E+001  8.528E-013
 7.690E+013  1.000E-008  6.236E+001 -8.528E-013
 7.710E+013  1.000E-008  6.236E+001  1.279E-012
 7.730E+013  1.000E-008  6.236E+001 -1.279E-012
 7.750E+013  1.000E-008  6.236E+001  2.154E-032
 7.770E+013  1.000E-008  6.236E+001  8.528E-013
 7.790E+013  1.000E-008  6.236E+001 -2.558E-012
 7.810E+013  1.000E-008  6.236E+001  2.558E-012
 7.830E+013  1.000E-008  6.236E+001 -8.528E-013
 7.850E+013  1.000E-008  6.236E+001 -1.000E-069
 7.870E+013  1.000E-008  6.236E+001 -7.640E-032
 7.890E+013  1.000E-008  6.236E+001 -4.264E-013
 7.910E+013  1.000E-008  6.236E+001 -2.132E-012
 7.930E+013  1.000E-008  6.236E+001  1.279E-012
 7.950E+013  1.000E-008  6.236E+001  1.279E-012
 7.970E+013  1.000E-008  6.236E+001 -1.706E-012
 7.990E+013  1.000E-008  6.236E+001  1.706E-012
 8.010E+013  1.000E-008  6.236E+001  1.454E-030
 8.030E+013  1.000E-008  6.236E+001  3.625E-067
 8.050E+013  1.000E-008  6.236E+001  1.050E-140
 8.070E+013  1.000E-008  6.236E+001 -4.589E-281
 8.090E+013  1.000E-008  6.236E+001 -3.448E-137
 8.110E+013  1.000E-008  6.236E+001 -2.077E-065
 8.130E+013  1.000E-008  6.236E+001 -1.101E-029
 8.150E+013  1.000E-008  6.236E+001 -4.690E-012
 8.170E+013  1.000E-008  6.236E+001  5.970E-012
 8.190E+013  1.000E-008  6.236E+001 -1.279E-012
 8.210E+013  1.000E-008  6.236E+001  0.000E+000
 8.230E+013  1.000E-008  6.236E+001  0.000E+000
 8.250E+013  1.000E-008  6.236E+001  0.000E+000
 8.270E+013  1.000E-008  6.236E+001  0.000E+000
 8.290E+013  1.000E-008  6.236E+001  1.706E-012
 8.310E+013  1.000E-008  6.236E+001 -1.706E-012
 8.330E+013  1.000E-008  6.236E+001 -8.836E-032
 8.350E+013  1.000E-008  6.236E+001  2.558E-012
 8.370E+013  1.000E-008  6.236E+001 -2.132E-012
 8.390E+013  1.000E-008  6.236E+001 -9.099E-032
 8.410E+013  1.000E-008  6.236E+001 -4.264E-013
 8.430E+013  1.000E-008  6.236E+001  4.264E-013
 8.450E+013  1.000E-008  6.236E+001 -8.620E-035
 8.470E+013  1.000E-008  6.236E+001 -4.264E-013
 8.490E+013  1.000E-008  6.236E+001 -4.290E-035
 8.510E+013  1.000E-008  6.236E+001  4.264E-013
 8.530E+013  1.000E-008  6.236E+001 -8.539E-035
 8.550E+013  1.000E-008  6.236E+001 -4.264E-013
 8.570E+013  1.000E-008  6.236E+001 -4.250E-035
 8.590E+013  1.000E-008  6.236E+001  4.264E-013
 8.610E+013  1.000E-008  6.236E+001 -4.264E-013
 8.630E+013  1.000E-008  6.236E+001  0.000E+000
 8.650E+013  1.000E-008  6.236E+001  0.000E+000
 8.670E+013  1.000E-008  6.236E+001  0.000E+000
 8.690E+013  1.000E-008  6.236E+001  0.000E+000
 8.710E+013  1.000E-008  6.236E+001  0.000E+000
 8.730E+013  1.000E-008  6.236E+001  0.000E+000
 8.750E+013  1.000E-008  6.236E+001  4.264E-013
 8.770E+013  1.000E-008  6.236E+001 -4.264E-013
 8.790E+013  1.000E-008  6.236E+001 -4.143E-035
 8.810E+013  1.000E-008  6.236E+001  4.264E-013
 8.830E+013  1.000E-008  6.236E+001 -4.264E-013
 8.850E+013  1.000E-008  6.236E+001  4.264E-013
 8.870E+013  1.000E-008  6.236E+001  4.264E-013
 8.890E+013  1.000E-008  6.236E+001 -8.528E-013
 8.910E+013  1.000E-008  6.236E+001  0.000E+000
 8.930E+013  1.000E-008  6.236E+001  0.000E+000
 8.950E+013  1.000E-008  6.236E+001  0.000E+000
 8.970E+013  1.000E-008  6.236E+001  0.000E+000
 8.990E+013  1.000E-008  6.236E+001  0.000E+000
 9.010E+013  1.000E-008  6.236E+001  4.264E-013
 9.030E+013  1.000E-008  6.236E+001 -8.066E-035
 9.050E+013  1.000E-008  6.236E+001 -4.264E-013
 9.070E+013  1.000E-008  6.236E+001  4.264E-013
 9.090E+013  1.000E-008  6.236E+001 -8.013E-035
 9.110E+013  1.000E-008  6.236E+001 -4.264E-013
 9.130E+013  1.000E-008  6.236E+001  0.000E+000
 9.150E+013  1.000E-008  6.236E+001  0.000E+000
 9.170E+013  1.000E-008  6.236E+001  0.000E+000
 9.190E+013  1.000E-008  6.236E+001  0.000E+000
 9.210E+013  1.000E-008  6.236E+001  0.000E+000
 9.230E+013  1.000E-008  6.236E+001  4.264E-013
 9.250E+013  1.000E-008  6.236E+001 -7.874E-035
 9.270E+013  1.000E-008  6.236E+001 -4.264E-013
 9.290E+013  1.000E-008  6.236E+001  0.000E+000
 9.310E+013  1.000E-008  6.236E+001  0.000E+000
 9.330E+013  1.000E-008  6.236E+001  0.000E+000
 9.350E+013  1.000E-008  6.236E+001  0.000E+000
 9.370E+013  1.000E-008  6.236E+001  4.264E-013
 9.390E+013  1.000E-008  6.236E+001 -4.264E-013
 9.410E+013  1.000E-008  6.236E+001  4.264E-013
 9.430E+013  1.000E-008  6.236E+001 -4.264E-013
 9.450E+013  1.000E-008  6.236E+001  0.000E+000
 9.470E+013  1.000E-008  6.236E+001  0.000E+000
 9.490E+013  1.000E-008  6.236E+001  0.000E+000
 9.510E+013  1.000E-008  6.236E+001  0.000E+000
 9.530E+013  1.000E-008  6.236E+001  4.264E-013
 9.550E+013  1.000E-008  6.236E+001 -4.264E-013
 9.570E+013  1.000E-008  6.236E+001 -1.419E-069
 9.590E+013  1.000E-008  6.236E+001 -9.098E-032
 9.610E+013  1.000E-008  6.236E+001 -4.264E-013
 9.630E+013  1.000E-008  6.236E+001  4.264E-013
 9.650E+013  1.000E-008  6.236E+001  9.091E-032
 9.670E+013  1.000E-008  6.236E+001  4.264E-013
 9.690E+013  1.000E-008  6.236E+001 -4.264E-013
 9.710E+013  1.000E-008  6.236E+001  0.000E+000
 9.730E+013  1.000E-008  6.236E+001  0.000E+000
 9.750E+013  1.000E-008  6.236E+001  0.000E+000
 9.770E+013  1.000E-008  6.236E+001  0.000E+000
 9.790E+013  1.000E-008  6.236E+001  0.000E+000
 9.810E+013  1.000E-008  6.236E+001  0.000E+000
 9.830E+013  1.000E-008  6.236E+001  0.000E+000
 9.850E+013  1.000E-008  6.236E+001  0.000E+000
 9.870E+013  1.000E-008  6.236E+001  0.000E+000
 9.890E+013  1.000E-008  6.236E+001  0.000E+000
 9.910E+013  1.000E-008  6.236E+001  0.000E+000
 9.930E+013  1.000E-008  6.236E+001  0.000E+000
 9.950E+013  1.000E-008  6.236E+001  4.264E-013
 9.970E+013  1.000E-008  6.236E+001 -4.264E-013
 9.990E+013  1.000E-008  6.236E+001  0.000E+000
 1.001E+014  1.000E-099  1.000E-099  0.000E+000
 1.003E+014  1.000E-099  1.000E-099  0.000E+000
 3.806E-003
