 3.000E+005
     x1b        dens       energ       v1
 1.000E+011  2.267E-012  2.973E+007  0.000E+000
 3.000E+011  2.268E-012  2.973E+007  1.784E+005
 5.000E+011  2.272E-012  2.973E+007  3.157E+005
 7.000E+011  2.279E-012  2.973E+007  4.870E+005
 9.000E+011  2.291E-012  2.973E+007  6.433E+005
 1.100E+012  2.309E-012  2.973E+007  8.071E+005
 1.300E+012  2.331E-012  2.973E+007  9.670E+005
 1.500E+012  2.359E-012  2.973E+007  1.129E+006
 1.700E+012  2.390E-012  2.973E+007  1.290E+006
 1.900E+012  2.425E-012  2.973E+007  1.451E+006
 2.100E+012  2.462E-012  2.973E+007  1.613E+006
 2.300E+012  2.500E-012  2.973E+007  1.774E+006
 2.500E+012  2.539E-012  2.973E+007  1.935E+006
 2.700E+012  2.578E-012  2.973E+007  2.096E+006
 2.900E+012  2.617E-012  2.973E+007  2.258E+006
 3.100E+012  2.656E-012  2.973E+007  2.419E+006
 3.300E+012  2.692E-012  2.973E+007  2.580E+006
 3.500E+012  2.726E-012  2.973E+007  2.741E+006
 3.700E+012  2.754E-012  2.973E+007  2.903E+006
 3.900E+012  2.773E-012  2.973E+007  3.064E+006
 4.100E+012  2.783E-012  2.973E+007  3.225E+006
 4.300E+012  2.785E-012  2.973E+007  3.386E+006
 4.500E+012  2.785E-012  2.973E+007  3.547E+006
 4.700E+012  2.785E-012  2.973E+007  3.709E+006
 4.900E+012  2.785E-012  2.973E+007  3.870E+006
 5.100E+012  2.785E-012  2.973E+007  4.031E+006
 5.300E+012  2.784E-012  2.973E+007  4.192E+006
 5.500E+012  2.783E-012  2.973E+007  4.354E+006
 5.700E+012  2.782E-012  2.973E+007  4.515E+006
 5.900E+012  2.780E-012  2.973E+007  4.676E+006
 6.100E+012  2.777E-012  2.973E+007  4.837E+006
 6.300E+012  2.774E-012  2.973E+007  4.999E+006
 6.500E+012  2.772E-012  2.973E+007  5.160E+006
 6.700E+012  2.770E-012  2.973E+007  5.321E+006
 6.900E+012  2.770E-012  2.973E+007  5.482E+006
 7.100E+012  2.770E-012  2.973E+007  5.644E+006
 7.300E+012  2.770E-012  2.973E+007  5.805E+006
 7.500E+012  2.770E-012  2.973E+007  5.966E+006
 7.700E+012  2.771E-012  2.973E+007  6.127E+006
 7.900E+012  2.772E-012  2.973E+007  6.289E+006
 8.100E+012  2.774E-012  2.973E+007  6.450E+006
 8.300E+012  2.777E-012  2.973E+007  6.611E+006
 8.500E+012  2.781E-012  2.973E+007  6.772E+006
 8.700E+012  2.787E-012  2.973E+007  6.934E+006
 8.900E+012  2.794E-012  2.973E+007  7.095E+006
 9.100E+012  2.804E-012  2.973E+007  7.256E+006
 9.300E+012  2.815E-012  2.973E+007  7.418E+006
 9.500E+012  2.830E-012  2.973E+007  7.579E+006
 9.700E+012  2.847E-012  2.973E+007  7.740E+006
 9.900E+012  2.868E-012  2.973E+007  7.901E+006
 1.010E+013  2.893E-012  2.973E+007  8.063E+006
 1.030E+013  2.921E-012  2.973E+007  8.224E+006
 1.050E+013  2.955E-012  2.973E+007  8.385E+006
 1.070E+013  2.994E-012  2.973E+007  8.546E+006
 1.090E+013  3.038E-012  2.973E+007  8.708E+006
 1.110E+013  3.089E-012  2.973E+007  8.869E+006
 1.130E+013  3.146E-012  2.973E+007  9.030E+006
 1.150E+013  3.212E-012  2.973E+007  9.192E+006
 1.170E+013  3.286E-012  2.973E+007  9.353E+006
 1.190E+013  3.368E-012  2.973E+007  9.515E+006
 1.210E+013  3.462E-012  2.973E+007  9.676E+006
 1.230E+013  3.566E-012  2.973E+007  9.837E+006
 1.250E+013  3.683E-012  2.973E+007  9.999E+006
 1.270E+013  3.813E-012  2.973E+007  1.016E+007
 1.290E+013  3.959E-012  2.973E+007  1.032E+007
 1.310E+013  4.121E-012  2.973E+007  1.048E+007
 1.330E+013  4.302E-012  2.973E+007  1.065E+007
 1.350E+013  4.502E-012  2.973E+007  1.081E+007
 1.370E+013  4.726E-012  2.973E+007  1.097E+007
 1.390E+013  4.973E-012  2.973E+007  1.113E+007
 1.410E+013  5.248E-012  2.973E+007  1.129E+007
 1.430E+013  5.553E-012  2.973E+007  1.145E+007
 1.450E+013  5.890E-012  2.973E+007  1.162E+007
 1.470E+013  6.264E-012  2.973E+007  1.178E+007
 1.490E+013  6.676E-012  2.973E+007  1.194E+007
 1.510E+013  7.130E-012  2.973E+007  1.210E+007
 1.530E+013  7.631E-012  2.973E+007  1.226E+007
 1.550E+013  8.180E-012  2.973E+007  1.243E+007
 1.570E+013  8.783E-012  2.973E+007  1.259E+007
 1.590E+013  9.441E-012  2.973E+007  1.275E+007
 1.610E+013  1.016E-011  2.973E+007  1.291E+007
 1.630E+013  1.094E-011  2.973E+007  1.307E+007
 1.650E+013  1.178E-011  2.973E+007  1.323E+007
 1.670E+013  1.269E-011  2.973E+007  1.340E+007
 1.690E+013  1.367E-011  2.973E+007  1.356E+007
 1.710E+013  1.471E-011  2.973E+007  1.372E+007
 1.730E+013  1.582E-011  2.973E+007  1.388E+007
 1.750E+013  1.700E-011  2.973E+007  1.404E+007
 1.770E+013  1.824E-011  2.973E+007  1.420E+007
 1.790E+013  1.953E-011  2.973E+007  1.436E+007
 1.810E+013  2.089E-011  2.973E+007  1.452E+007
 1.830E+013  2.229E-011  2.973E+007  1.468E+007
 1.850E+013  2.374E-011  2.973E+007  1.484E+007
 1.870E+013  2.523E-011  2.973E+007  1.501E+007
 1.890E+013  2.676E-011  2.973E+007  1.517E+007
 1.910E+013  2.832E-011  2.973E+007  1.533E+007
 1.930E+013  2.991E-011  2.973E+007  1.549E+007
 1.950E+013  3.152E-011  2.973E+007  1.565E+007
 1.970E+013  3.316E-011  2.973E+007  1.581E+007
 1.990E+013  3.482E-011  2.973E+007  1.597E+007
 2.010E+013  3.650E-011  2.973E+007  1.613E+007
 2.030E+013  3.821E-011  2.973E+007  1.629E+007
 2.050E+013  3.993E-011  2.973E+007  1.645E+007
 2.070E+013  4.168E-011  2.973E+007  1.661E+007
 2.090E+013  4.345E-011  2.974E+007  1.678E+007
 2.110E+013  4.525E-011  2.974E+007  1.694E+007
 2.130E+013  4.708E-011  2.974E+007  1.710E+007
 2.150E+013  4.895E-011  2.974E+007  1.726E+007
 2.170E+013  5.085E-011  2.974E+007  1.742E+007
 2.190E+013  5.280E-011  2.974E+007  1.758E+007
 2.210E+013  5.479E-011  2.974E+007  1.774E+007
 2.230E+013  5.684E-011  2.974E+007  1.790E+007
 2.250E+013  5.895E-011  2.974E+007  1.807E+007
 2.270E+013  6.111E-011  2.974E+007  1.823E+007
 2.290E+013  6.335E-011  2.974E+007  1.839E+007
 2.310E+013  6.566E-011  2.974E+007  1.855E+007
 2.330E+013  6.804E-011  2.974E+007  1.871E+007
 2.350E+013  7.051E-011  2.975E+007  1.887E+007
 2.370E+013  7.307E-011  2.975E+007  1.903E+007
 2.390E+013  7.573E-011  2.975E+007  1.920E+007
 2.410E+013  7.848E-011  2.975E+007  1.936E+007
 2.430E+013  8.134E-011  2.975E+007  1.952E+007
 2.450E+013  8.431E-011  2.975E+007  1.968E+007
 2.470E+013  8.739E-011  2.975E+007  1.984E+007
 2.490E+013  9.059E-011  2.975E+007  2.000E+007
 2.510E+013  9.392E-011  2.976E+007  2.016E+007
 2.530E+013  9.736E-011  2.976E+007  2.033E+007
 2.550E+013  1.009E-010  2.976E+007  2.049E+007
 2.570E+013  1.046E-010  2.976E+007  2.065E+007
 2.590E+013  1.085E-010  2.976E+007  2.081E+007
 2.610E+013  1.124E-010  2.976E+007  2.097E+007
 2.630E+013  1.165E-010  2.977E+007  2.113E+007
 2.650E+013  1.208E-010  2.977E+007  2.130E+007
 2.670E+013  1.251E-010  2.977E+007  2.146E+007
 2.690E+013  1.296E-010  2.977E+007  2.162E+007
 2.710E+013  1.343E-010  2.977E+007  2.178E+007
 2.730E+013  1.390E-010  2.978E+007  2.194E+007
 2.750E+013  1.439E-010  2.978E+007  2.210E+007
 2.770E+013  1.489E-010  2.978E+007  2.227E+007
 2.790E+013  1.540E-010  2.978E+007  2.243E+007
 2.810E+013  1.593E-010  2.979E+007  2.259E+007
 2.830E+013  1.646E-010  2.979E+007  2.275E+007
 2.850E+013  1.701E-010  2.979E+007  2.291E+007
 2.870E+013  1.757E-010  2.979E+007  2.308E+007
 2.890E+013  1.814E-010  2.980E+007  2.324E+007
 2.910E+013  1.873E-010  2.980E+007  2.340E+007
 2.930E+013  1.933E-010  2.980E+007  2.356E+007
 2.950E+013  1.994E-010  2.981E+007  2.372E+007
 2.970E+013  2.056E-010  2.981E+007  2.389E+007
 2.990E+013  2.120E-010  2.982E+007  2.405E+007
 3.010E+013  2.185E-010  2.982E+007  2.421E+007
 3.030E+013  2.251E-010  2.982E+007  2.437E+007
 3.050E+013  2.319E-010  2.983E+007  2.453E+007
 3.070E+013  2.389E-010  2.983E+007  2.470E+007
 3.090E+013  2.461E-010  2.984E+007  2.486E+007
 3.110E+013  2.534E-010  2.984E+007  2.502E+007
 3.130E+013  2.609E-010  2.985E+007  2.518E+007
 3.150E+013  2.686E-010  2.985E+007  2.535E+007
 3.170E+013  2.765E-010  2.986E+007  2.551E+007
 3.190E+013  2.846E-010  2.986E+007  2.567E+007
 3.210E+013  2.930E-010  2.987E+007  2.583E+007
 3.230E+013  3.015E-010  2.987E+007  2.600E+007
 3.250E+013  3.104E-010  2.988E+007  2.616E+007
 3.270E+013  3.194E-010  2.989E+007  2.632E+007
 3.290E+013  3.287E-010  2.989E+007  2.649E+007
 3.310E+013  3.383E-010  2.990E+007  2.665E+007
 3.330E+013  3.481E-010  2.991E+007  2.681E+007
 3.350E+013  3.582E-010  2.991E+007  2.698E+007
 3.370E+013  3.686E-010  2.992E+007  2.714E+007
 3.390E+013  3.792E-010  2.993E+007  2.730E+007
 3.410E+013  3.902E-010  2.994E+007  2.747E+007
 3.430E+013  4.014E-010  2.994E+007  2.763E+007
 3.450E+013  4.129E-010  2.995E+007  2.779E+007
 3.470E+013  4.247E-010  2.996E+007  2.796E+007
 3.490E+013  4.368E-010  2.997E+007  2.812E+007
 3.510E+013  4.492E-010  2.998E+007  2.828E+007
 3.530E+013  4.618E-010  2.999E+007  2.845E+007
 3.550E+013  4.748E-010  3.000E+007  2.861E+007
 3.570E+013  4.881E-010  3.001E+007  2.878E+007
 3.590E+013  5.017E-010  3.002E+007  2.894E+007
 3.610E+013  5.155E-010  3.003E+007  2.911E+007
 3.630E+013  5.297E-010  3.005E+007  2.927E+007
 3.650E+013  5.442E-010  3.006E+007  2.943E+007
 3.670E+013  5.591E-010  3.007E+007  2.960E+007
 3.690E+013  5.742E-010  3.008E+007  2.976E+007
 3.710E+013  5.897E-010  3.010E+007  2.993E+007
 3.730E+013  6.055E-010  3.011E+007  3.009E+007
 3.750E+013  6.216E-010  3.012E+007  3.026E+007
 3.770E+013  6.381E-010  3.014E+007  3.043E+007
 3.790E+013  6.549E-010  3.015E+007  3.059E+007
 3.810E+013  6.721E-010  3.017E+007  3.076E+007
 3.830E+013  6.897E-010  3.018E+007  3.092E+007
 3.850E+013  7.076E-010  3.020E+007  3.109E+007
 3.870E+013  7.260E-010  3.022E+007  3.126E+007
 3.890E+013  7.447E-010  3.024E+007  3.142E+007
 3.910E+013  7.637E-010  3.025E+007  3.159E+007
 3.930E+013  7.832E-010  3.027E+007  3.176E+007
 3.950E+013  8.031E-010  3.029E+007  3.192E+007
 3.970E+013  8.234E-010  3.031E+007  3.209E+007
 3.990E+013  8.441E-010  3.033E+007  3.226E+007
 4.010E+013  8.653E-010  3.035E+007  3.243E+007
 4.030E+013  8.869E-010  3.037E+007  3.259E+007
 4.050E+013  9.089E-010  3.040E+007  3.276E+007
 4.070E+013  9.313E-010  3.042E+007  3.293E+007
 4.090E+013  9.542E-010  3.044E+007  3.310E+007
 4.110E+013  9.775E-010  3.047E+007  3.327E+007
 4.130E+013  1.001E-009  3.049E+007  3.344E+007
 4.150E+013  1.026E-009  3.052E+007  3.361E+007
 4.170E+013  1.050E-009  3.055E+007  3.378E+007
 4.190E+013  1.075E-009  3.057E+007  3.395E+007
 4.210E+013  1.101E-009  3.060E+007  3.412E+007
 4.230E+013  1.127E-009  3.063E+007  3.429E+007
 4.250E+013  1.154E-009  3.066E+007  3.446E+007
 4.270E+013  1.181E-009  3.069E+007  3.463E+007
 4.290E+013  1.209E-009  3.072E+007  3.480E+007
 4.310E+013  1.237E-009  3.076E+007  3.497E+007
 4.330E+013  1.266E-009  3.079E+007  3.515E+007
 4.350E+013  1.296E-009  3.082E+007  3.532E+007
 4.370E+013  1.326E-009  3.086E+007  3.549E+007
 4.390E+013  1.356E-009  3.090E+007  3.566E+007
 4.410E+013  1.388E-009  3.093E+007  3.584E+007
 4.430E+013  1.420E-009  3.097E+007  3.601E+007
 4.450E+013  1.452E-009  3.101E+007  3.619E+007
 4.470E+013  1.485E-009  3.105E+007  3.636E+007
 4.490E+013  1.519E-009  3.110E+007  3.654E+007
 4.510E+013  1.554E-009  3.114E+007  3.671E+007
 4.530E+013  1.589E-009  3.118E+007  3.689E+007
 4.550E+013  1.625E-009  3.123E+007  3.707E+007
 4.570E+013  1.662E-009  3.128E+007  3.724E+007
 4.590E+013  1.700E-009  3.132E+007  3.742E+007
 4.610E+013  1.738E-009  3.137E+007  3.760E+007
 4.630E+013  1.778E-009  3.142E+007  3.778E+007
 4.650E+013  1.818E-009  3.148E+007  3.796E+007
 4.670E+013  1.859E-009  3.153E+007  3.814E+007
 4.690E+013  1.901E-009  3.159E+007  3.832E+007
 4.710E+013  1.943E-009  3.164E+007  3.850E+007
 4.730E+013  1.987E-009  3.170E+007  3.868E+007
 4.750E+013  2.032E-009  3.176E+007  3.886E+007
 4.770E+013  2.077E-009  3.182E+007  3.904E+007
 4.790E+013  2.124E-009  3.189E+007  3.923E+007
 4.810E+013  2.171E-009  3.195E+007  3.941E+007
 4.830E+013  2.219E-009  3.202E+007  3.960E+007
 4.850E+013  2.269E-009  3.209E+007  3.978E+007
 4.870E+013  2.319E-009  3.216E+007  3.997E+007
 4.890E+013  2.371E-009  3.223E+007  4.015E+007
 4.910E+013  2.423E-009  3.231E+007  4.034E+007
 4.930E+013  2.477E-009  3.238E+007  4.053E+007
 4.950E+013  2.532E-009  3.246E+007  4.072E+007
 4.970E+013  2.588E-009  3.254E+007  4.091E+007
 4.990E+013  2.645E-009  3.263E+007  4.110E+007
 5.010E+013  2.703E-009  3.271E+007  4.129E+007
 5.030E+013  2.763E-009  3.280E+007  4.148E+007
 5.050E+013  2.824E-009  3.289E+007  4.167E+007
 5.070E+013  2.886E-009  3.298E+007  4.187E+007
 5.090E+013  2.949E-009  3.308E+007  4.206E+007
 5.110E+013  3.014E-009  3.317E+007  4.226E+007
 5.130E+013  3.080E-009  3.327E+007  4.245E+007
 5.150E+013  3.148E-009  3.338E+007  4.265E+007
 5.170E+013  3.217E-009  3.348E+007  4.285E+007
 5.190E+013  3.287E-009  3.359E+007  4.305E+007
 5.210E+013  3.359E-009  3.370E+007  4.325E+007
 5.230E+013  3.432E-009  3.382E+007  4.345E+007
 5.250E+013  3.508E-009  3.394E+007  4.365E+007
 5.270E+013  3.584E-009  3.406E+007  4.385E+007
 5.290E+013  3.663E-009  3.418E+007  4.406E+007
 5.310E+013  3.743E-009  3.431E+007  4.426E+007
 5.330E+013  3.825E-009  3.444E+007  4.447E+007
 5.350E+013  3.908E-009  3.458E+007  4.468E+007
 5.370E+013  3.994E-009  3.472E+007  4.489E+007
 5.390E+013  4.082E-009  3.486E+007  4.510E+007
 5.410E+013  4.171E-009  3.501E+007  4.531E+007
 5.430E+013  4.263E-009  3.516E+007  4.552E+007
 5.450E+013  4.356E-009  3.531E+007  4.573E+007
 5.470E+013  4.452E-009  3.547E+007  4.595E+007
 5.490E+013  4.550E-009  3.563E+007  4.617E+007
 5.510E+013  4.651E-009  3.580E+007  4.638E+007
 5.530E+013  4.754E-009  3.597E+007  4.660E+007
 5.550E+013  4.859E-009  3.615E+007  4.682E+007
 5.570E+013  4.967E-009  3.633E+007  4.705E+007
 5.590E+013  5.077E-009  3.652E+007  4.727E+007
 5.610E+013  5.191E-009  3.671E+007  4.749E+007
 5.630E+013  5.307E-009  3.691E+007  4.772E+007
 5.650E+013  5.425E-009  3.712E+007  4.795E+007
 5.670E+013  5.547E-009  3.733E+007  4.818E+007
 5.690E+013  5.672E-009  3.754E+007  4.841E+007
 5.710E+013  5.800E-009  3.776E+007  4.864E+007
 5.730E+013  5.931E-009  3.799E+007  4.888E+007
 5.750E+013  6.066E-009  3.822E+007  4.912E+007
 5.770E+013  6.204E-009  3.846E+007  4.935E+007
 5.790E+013  6.346E-009  3.871E+007  4.959E+007
 5.810E+013  6.491E-009  3.897E+007  4.984E+007
 5.830E+013  6.641E-009  3.923E+007  5.008E+007
 5.850E+013  6.794E-009  3.950E+007  5.032E+007
 5.870E+013  6.951E-009  3.978E+007  5.057E+007
 5.890E+013  7.113E-009  4.006E+007  5.082E+007
 5.910E+013  7.279E-009  4.036E+007  5.107E+007
 5.930E+013  7.449E-009  4.066E+007  5.133E+007
 5.950E+013  7.624E-009  4.097E+007  5.158E+007
 5.970E+013  7.804E-009  4.129E+007  5.184E+007
 5.990E+013  7.989E-009  4.162E+007  5.210E+007
 6.010E+013  8.179E-009  4.196E+007  5.236E+007
 6.030E+013  8.375E-009  4.231E+007  5.262E+007
 6.050E+013  8.576E-009  4.267E+007  5.289E+007
 6.070E+013  8.783E-009  4.304E+007  5.316E+007
 6.090E+013  8.996E-009  4.342E+007  5.342E+007
 6.110E+013  9.216E-009  4.382E+007  5.370E+007
 6.130E+013  9.442E-009  4.422E+007  5.397E+007
 6.150E+013  9.674E-009  4.464E+007  5.425E+007
 6.170E+013  9.914E-009  4.507E+007  5.453E+007
 6.190E+013  1.016E-008  4.552E+007  5.481E+007
 6.210E+013  1.042E-008  4.597E+007  5.509E+007
 6.230E+013  1.068E-008  4.645E+007  5.538E+007
 6.250E+013  1.095E-008  4.693E+007  5.567E+007
 6.270E+013  1.123E-008  4.744E+007  5.596E+007
 6.290E+013  1.152E-008  4.795E+007  5.625E+007
 6.310E+013  1.181E-008  4.849E+007  5.655E+007
 6.330E+013  1.212E-008  4.904E+007  5.684E+007
 6.350E+013  1.244E-008  4.961E+007  5.714E+007
 6.370E+013  1.277E-008  5.020E+007  5.745E+007
 6.390E+013  1.310E-008  5.080E+007  5.775E+007
 6.410E+013  1.345E-008  5.143E+007  5.806E+007
 6.430E+013  1.382E-008  5.207E+007  5.837E+007
 6.450E+013  1.419E-008  5.274E+007  5.869E+007
 6.470E+013  1.458E-008  5.343E+007  5.900E+007
 6.490E+013  1.498E-008  5.414E+007  5.932E+007
 6.510E+013  1.539E-008  5.488E+007  5.964E+007
 6.530E+013  1.582E-008  5.564E+007  5.997E+007
 6.550E+013  1.627E-008  5.642E+007  6.029E+007
 6.570E+013  1.673E-008  5.723E+007  6.062E+007
 6.590E+013  1.721E-008  5.807E+007  6.095E+007
 6.610E+013  1.770E-008  5.894E+007  6.129E+007
 6.630E+013  1.822E-008  5.984E+007  6.162E+007
 6.650E+013  1.875E-008  6.077E+007  6.196E+007
 6.670E+013  1.930E-008  6.173E+007  6.230E+007
 6.690E+013  1.988E-008  6.273E+007  6.265E+007
 6.710E+013  2.048E-008  6.376E+007  6.300E+007
 6.730E+013  2.110E-008  6.483E+007  6.335E+007
 6.750E+013  2.174E-008  6.593E+007  6.370E+007
 6.770E+013  2.241E-008  6.708E+007  6.405E+007
 6.790E+013  2.311E-008  6.826E+007  6.441E+007
 6.810E+013  2.384E-008  6.949E+007  6.477E+007
 6.830E+013  2.459E-008  7.077E+007  6.513E+007
 6.850E+013  2.538E-008  7.209E+007  6.550E+007
 6.870E+013  2.620E-008  7.346E+007  6.587E+007
 6.890E+013  2.705E-008  7.488E+007  6.624E+007
 6.910E+013  2.794E-008  7.635E+007  6.661E+007
 6.930E+013  2.887E-008  7.789E+007  6.699E+007
 6.950E+013  2.983E-008  7.948E+007  6.736E+007
 6.970E+013  3.084E-008  8.113E+007  6.775E+007
 6.990E+013  3.190E-008  8.282E+007  6.812E+007
 7.010E+013  3.300E-008  8.464E+007  6.851E+007
 7.030E+013  3.417E-008  8.654E+007  6.892E+007
 7.050E+013  3.532E-008  8.826E+007  6.929E+007
 7.070E+013  3.656E-008  9.024E+007  6.958E+007
 7.090E+013  3.817E-008  9.371E+007  7.018E+007
 7.110E+013  3.915E-008  9.516E+007  7.096E+007
 7.130E+013  3.804E-008  8.720E+007  7.036E+007
 7.150E+013  2.975E-008  5.309E+007  6.493E+007
 7.170E+013  1.747E-008  1.354E+007  4.922E+007
 7.190E+013  1.163E-008  8.581E+005  2.406E+007
 7.210E+013  1.013E-008  1.931E+003  4.074E+006
 7.230E+013  1.000E-008  6.237E+001  5.681E+004
 7.250E+013  1.000E-008  6.236E+001  4.834E+000
 7.270E+013  1.000E-008  6.236E+001  3.403E-008
 7.290E+013  1.000E-008  6.236E+001  6.170E-025
 7.310E+013  1.000E-008  6.236E+001 -2.132E-012
 7.330E+013  1.000E-008  6.236E+001 -1.421E-030
 7.350E+013  1.000E-008  6.236E+001 -1.066E-012
 7.370E+013  1.000E-008  6.236E+001  1.066E-012
 7.390E+013  1.000E-008  6.236E+001  1.419E-030
 7.410E+013  1.000E-008  6.236E+001  8.631E-067
 7.430E+013  1.000E-008  6.236E+001  1.489E-139
 7.450E+013  1.000E-008  6.236E+001  2.143E-285
 7.470E+013  1.000E-008  6.236E+001  0.000E+000
 7.490E+013  1.000E-008  6.236E+001  0.000E+000
 7.510E+013  1.000E-008  6.236E+001  0.000E+000
 7.530E+013  1.000E-008  6.236E+001  0.000E+000
 7.550E+013  1.000E-008  6.236E+001  0.000E+000
 7.570E+013  1.000E-008  6.236E+001  0.000E+000
 7.590E+013  1.000E-008  6.236E+001  0.000E+000
 7.610E+013  1.000E-008  6.236E+001  0.000E+000
 7.630E+013  1.000E-008  6.236E+001  0.000E+000
 7.650E+013  1.000E-008  6.236E+001  0.000E+000
 7.670E+013  1.000E-008  6.236E+001  2.132E-012
 7.690E+013  1.000E-008  6.236E+001 -2.132E-012
 7.710E+013  1.000E-008  6.236E+001  3.197E-012
 7.730E+013  1.000E-008  6.236E+001 -3.197E-012
 7.750E+013  1.000E-008  6.236E+001  3.364E-031
 7.770E+013  1.000E-008  6.236E+001  2.132E-012
 7.790E+013  1.000E-008  6.236E+001 -6.395E-012
 7.810E+013  1.000E-008  6.236E+001  6.395E-012
 7.830E+013  1.000E-008  6.236E+001 -2.132E-012
 7.850E+013  1.000E-008  6.236E+001 -6.098E-067
 7.870E+013  1.000E-008  6.236E+001 -1.193E-030
 7.890E+013  1.000E-008  6.236E+001 -1.066E-012
 7.910E+013  1.000E-008  6.236E+001 -5.329E-012
 7.930E+013  1.000E-008  6.236E+001  3.197E-012
 7.950E+013  1.000E-008  6.236E+001  3.197E-012
 7.970E+013  1.000E-008  6.236E+001 -4.263E-012
 7.990E+013  1.000E-008  6.236E+001  4.263E-012
 8.010E+013  1.000E-008  6.236E+001  2.271E-029
 8.030E+013  1.000E-008  6.236E+001  2.210E-064
 8.050E+013  1.000E-008  6.236E+001  9.760E-135
 8.070E+013  1.000E-008  6.236E+001 -9.927E-269
 8.090E+013  1.000E-008  6.236E+001 -3.205E-131
 8.110E+013  1.000E-008  6.236E+001 -1.266E-062
 8.130E+013  1.000E-008  6.236E+001 -1.719E-028
 8.150E+013  1.000E-008  6.236E+001 -1.172E-011
 8.170E+013  1.000E-008  6.236E+001  1.492E-011
 8.190E+013  1.000E-008  6.236E+001 -3.197E-012
 8.210E+013  1.000E-008  6.236E+001  0.000E+000
 8.230E+013  1.000E-008  6.236E+001  0.000E+000
 8.250E+013  1.000E-008  6.236E+001  0.000E+000
 8.270E+013  1.000E-008  6.236E+001  0.000E+000
 8.290E+013  1.000E-008  6.236E+001  4.263E-012
 8.310E+013  1.000E-008  6.236E+001 -4.263E-012
 8.330E+013  1.000E-008  6.236E+001 -1.380E-030
 8.350E+013  1.000E-008  6.236E+001  6.395E-012
 8.370E+013  1.000E-008  6.236E+001 -5.329E-012
 8.390E+013  1.000E-008  6.236E+001 -1.421E-030
 8.410E+013  1.000E-008  6.236E+001 -1.066E-012
 8.430E+013  1.000E-008  6.236E+001  1.066E-012
 8.450E+013  1.000E-008  6.236E+001 -1.346E-033
 8.470E+013  1.000E-008  6.236E+001 -1.066E-012
 8.490E+013  1.000E-008  6.236E+001 -6.699E-034
 8.510E+013  1.000E-008  6.236E+001  1.066E-012
 8.530E+013  1.000E-008  6.236E+001 -1.333E-033
 8.550E+013  1.000E-008  6.236E+001 -1.066E-012
 8.570E+013  1.000E-008  6.236E+001 -6.636E-034
 8.590E+013  1.000E-008  6.236E+001  1.066E-012
 8.610E+013  1.000E-008  6.236E+001 -1.066E-012
 8.630E+013  1.000E-008  6.236E+001  0.000E+000
 8.650E+013  1.000E-008  6.236E+001  0.000E+000
 8.670E+013  1.000E-008  6.236E+001  0.000E+000
 8.690E+013  1.000E-008  6.236E+001  0.000E+000
 8.710E+013  1.000E-008  6.236E+001  0.000E+000
 8.730E+013  1.000E-008  6.236E+001  0.000E+000
 8.750E+013  1.000E-008  6.236E+001  1.066E-012
 8.770E+013  1.000E-008  6.236E+001 -1.066E-012
 8.790E+013  1.000E-008  6.236E+001 -6.470E-034
 8.810E+013  1.000E-008  6.236E+001  1.066E-012
 8.830E+013  1.000E-008  6.236E+001 -1.066E-012
 8.850E+013  1.000E-008  6.236E+001  1.066E-012
 8.870E+013  1.000E-008  6.236E+001  1.066E-012
 8.890E+013  1.000E-008  6.236E+001 -2.132E-012
 8.910E+013  1.000E-008  6.236E+001  0.000E+000
 8.930E+013  1.000E-008  6.236E+001  0.000E+000
 8.950E+013  1.000E-008  6.236E+001  0.000E+000
 8.970E+013  1.000E-008  6.236E+001  0.000E+000
 8.990E+013  1.000E-008  6.236E+001  0.000E+000
 9.010E+013  1.000E-008  6.236E+001  1.066E-012
 9.030E+013  1.000E-008  6.236E+001 -1.260E-033
 9.050E+013  1.000E-008  6.236E+001 -1.066E-012
 9.070E+013  1.000E-008  6.236E+001  1.066E-012
 9.090E+013  1.000E-008  6.236E+001 -1.251E-033
 9.110E+013  1.000E-008  6.236E+001 -1.066E-012
 9.130E+013  1.000E-008  6.236E+001  0.000E+000
 9.150E+013  1.000E-008  6.236E+001  0.000E+000
 9.170E+013  1.000E-008  6.236E+001  0.000E+000
 9.190E+013  1.000E-008  6.236E+001  0.000E+000
 9.210E+013  1.000E-008  6.236E+001  0.000E+000
 9.230E+013  1.000E-008  6.236E+001  1.066E-012
 9.250E+013  1.000E-008  6.236E+001 -1.230E-033
 9.270E+013  1.000E-008  6.236E+001 -1.066E-012
 9.290E+013  1.000E-008  6.236E+001  0.000E+000
 9.310E+013  1.000E-008  6.236E+001  0.000E+000
 9.330E+013  1.000E-008  6.236E+001  0.000E+000
 9.350E+013  1.000E-008  6.236E+001  0.000E+000
 9.370E+013  1.000E-008  6.236E+001  1.066E-012
 9.390E+013  1.000E-008  6.236E+001 -1.066E-012
 9.410E+013  1.000E-008  6.236E+001  1.066E-012
 9.430E+013  1.000E-008  6.236E+001 -1.066E-012
 9.450E+013  1.000E-008  6.236E+001  0.000E+000
 9.470E+013  1.000E-008  6.236E+001  0.000E+000
 9.490E+013  1.000E-008  6.236E+001  0.000E+000
 9.510E+013  1.000E-008  6.236E+001  0.000E+000
 9.530E+013  1.000E-008  6.236E+001  1.066E-012
 9.550E+013  1.000E-008  6.236E+001 -1.066E-012
 9.570E+013  1.000E-008  6.236E+001 -8.648E-067
 9.590E+013  1.000E-008  6.236E+001 -1.421E-030
 9.610E+013  1.000E-008  6.236E+001 -1.066E-012
 9.630E+013  1.000E-008  6.236E+001  1.066E-012
 9.650E+013  1.000E-008  6.236E+001  1.420E-030
 9.670E+013  1.000E-008  6.236E+001  1.066E-012
 9.690E+013  1.000E-008  6.236E+001 -1.066E-012
 9.710E+013  1.000E-008  6.236E+001  0.000E+000
 9.730E+013  1.000E-008  6.236E+001  0.000E+000
 9.750E+013  1.000E-008  6.236E+001  0.000E+000
 9.770E+013  1.000E-008  6.236E+001  0.000E+000
 9.790E+013  1.000E-008  6.236E+001  0.000E+000
 9.810E+013  1.000E-008  6.236E+001  0.000E+000
 9.830E+013  1.000E-008  6.236E+001  0.000E+000
 9.850E+013  1.000E-008  6.236E+001  0.000E+000
 9.870E+013  1.000E-008  6.236E+001  0.000E+000
 9.890E+013  1.000E-008  6.236E+001  0.000E+000
 9.910E+013  1.000E-008  6.236E+001  0.000E+000
 9.930E+013  1.000E-008  6.236E+001  0.000E+000
 9.950E+013  1.000E-008  6.236E+001  1.066E-012
 9.970E+013  1.000E-008  6.236E+001 -1.066E-012
 9.990E+013  1.000E-008  6.236E+001  0.000E+000
 1.001E+014  1.000E-099  1.000E-099  0.000E+000
 1.003E+014  1.000E-099  1.000E-099  0.000E+000
 9.513E-003
