 1.560E+005
     x1b        dens       energ       v1
 1.000E+011  3.642E-012  6.551E+007  0.000E+000
 3.000E+011  3.645E-012  6.551E+007  3.534E+005
 5.000E+011  3.654E-012  6.551E+007  6.019E+005
 7.000E+011  3.673E-012  6.551E+007  9.371E+005
 9.000E+011  3.703E-012  6.551E+007  1.234E+006
 1.100E+012  3.744E-012  6.551E+007  1.550E+006
 1.300E+012  3.796E-012  6.551E+007  1.857E+006
 1.500E+012  3.857E-012  6.551E+007  2.168E+006
 1.700E+012  3.923E-012  6.551E+007  2.477E+006
 1.900E+012  3.994E-012  6.551E+007  2.787E+006
 2.100E+012  4.067E-012  6.551E+007  3.096E+006
 2.300E+012  4.141E-012  6.551E+007  3.406E+006
 2.500E+012  4.214E-012  6.551E+007  3.715E+006
 2.700E+012  4.286E-012  6.551E+007  4.025E+006
 2.900E+012  4.353E-012  6.551E+007  4.335E+006
 3.100E+012  4.410E-012  6.551E+007  4.644E+006
 3.300E+012  4.450E-012  6.551E+007  4.954E+006
 3.500E+012  4.470E-012  6.551E+007  5.263E+006
 3.700E+012  4.474E-012  6.551E+007  5.573E+006
 3.900E+012  4.475E-012  6.551E+007  5.882E+006
 4.100E+012  4.474E-012  6.551E+007  6.192E+006
 4.300E+012  4.474E-012  6.551E+007  6.502E+006
 4.500E+012  4.473E-012  6.551E+007  6.811E+006
 4.700E+012  4.471E-012  6.551E+007  7.121E+006
 4.900E+012  4.468E-012  6.551E+007  7.430E+006
 5.100E+012  4.464E-012  6.551E+007  7.740E+006
 5.300E+012  4.459E-012  6.551E+007  8.050E+006
 5.500E+012  4.454E-012  6.551E+007  8.359E+006
 5.700E+012  4.451E-012  6.551E+007  8.669E+006
 5.900E+012  4.450E-012  6.551E+007  8.978E+006
 6.100E+012  4.450E-012  6.551E+007  9.288E+006
 6.300E+012  4.451E-012  6.551E+007  9.598E+006
 6.500E+012  4.451E-012  6.551E+007  9.907E+006
 6.700E+012  4.453E-012  6.551E+007  1.022E+007
 6.900E+012  4.457E-012  6.552E+007  1.053E+007
 7.100E+012  4.462E-012  6.552E+007  1.084E+007
 7.300E+012  4.470E-012  6.552E+007  1.115E+007
 7.500E+012  4.482E-012  6.552E+007  1.146E+007
 7.700E+012  4.498E-012  6.552E+007  1.176E+007
 7.900E+012  4.518E-012  6.552E+007  1.207E+007
 8.100E+012  4.544E-012  6.552E+007  1.238E+007
 8.300E+012  4.577E-012  6.552E+007  1.269E+007
 8.500E+012  4.618E-012  6.552E+007  1.300E+007
 8.700E+012  4.667E-012  6.552E+007  1.331E+007
 8.900E+012  4.726E-012  6.552E+007  1.362E+007
 9.100E+012  4.796E-012  6.552E+007  1.393E+007
 9.300E+012  4.878E-012  6.552E+007  1.424E+007
 9.500E+012  4.974E-012  6.552E+007  1.455E+007
 9.700E+012  5.086E-012  6.552E+007  1.486E+007
 9.900E+012  5.215E-012  6.552E+007  1.517E+007
 1.010E+013  5.363E-012  6.552E+007  1.548E+007
 1.030E+013  5.533E-012  6.552E+007  1.579E+007
 1.050E+013  5.728E-012  6.552E+007  1.610E+007
 1.070E+013  5.950E-012  6.552E+007  1.641E+007
 1.090E+013  6.203E-012  6.552E+007  1.672E+007
 1.110E+013  6.490E-012  6.552E+007  1.703E+007
 1.130E+013  6.815E-012  6.552E+007  1.734E+007
 1.150E+013  7.184E-012  6.552E+007  1.765E+007
 1.170E+013  7.602E-012  6.552E+007  1.797E+007
 1.190E+013  8.074E-012  6.552E+007  1.828E+007
 1.210E+013  8.608E-012  6.552E+007  1.859E+007
 1.230E+013  9.209E-012  6.552E+007  1.890E+007
 1.250E+013  9.886E-012  6.552E+007  1.921E+007
 1.270E+013  1.065E-011  6.552E+007  1.952E+007
 1.290E+013  1.150E-011  6.552E+007  1.983E+007
 1.310E+013  1.246E-011  6.552E+007  2.014E+007
 1.330E+013  1.352E-011  6.552E+007  2.045E+007
 1.350E+013  1.471E-011  6.552E+007  2.077E+007
 1.370E+013  1.602E-011  6.552E+007  2.108E+007
 1.390E+013  1.747E-011  6.552E+007  2.139E+007
 1.410E+013  1.906E-011  6.552E+007  2.170E+007
 1.430E+013  2.079E-011  6.552E+007  2.201E+007
 1.450E+013  2.267E-011  6.552E+007  2.232E+007
 1.470E+013  2.470E-011  6.552E+007  2.263E+007
 1.490E+013  2.688E-011  6.552E+007  2.294E+007
 1.510E+013  2.919E-011  6.553E+007  2.325E+007
 1.530E+013  3.163E-011  6.553E+007  2.355E+007
 1.550E+013  3.419E-011  6.553E+007  2.386E+007
 1.570E+013  3.686E-011  6.553E+007  2.417E+007
 1.590E+013  3.963E-011  6.553E+007  2.448E+007
 1.610E+013  4.248E-011  6.553E+007  2.479E+007
 1.630E+013  4.541E-011  6.553E+007  2.510E+007
 1.650E+013  4.840E-011  6.554E+007  2.541E+007
 1.670E+013  5.144E-011  6.554E+007  2.571E+007
 1.690E+013  5.454E-011  6.554E+007  2.602E+007
 1.710E+013  5.769E-011  6.554E+007  2.633E+007
 1.730E+013  6.088E-011  6.554E+007  2.664E+007
 1.750E+013  6.412E-011  6.555E+007  2.695E+007
 1.770E+013  6.741E-011  6.555E+007  2.726E+007
 1.790E+013  7.076E-011  6.555E+007  2.757E+007
 1.810E+013  7.417E-011  6.555E+007  2.788E+007
 1.830E+013  7.766E-011  6.556E+007  2.819E+007
 1.850E+013  8.123E-011  6.556E+007  2.850E+007
 1.870E+013  8.489E-011  6.556E+007  2.881E+007
 1.890E+013  8.866E-011  6.557E+007  2.912E+007
 1.910E+013  9.254E-011  6.557E+007  2.943E+007
 1.930E+013  9.656E-011  6.558E+007  2.974E+007
 1.950E+013  1.007E-010  6.558E+007  3.005E+007
 1.970E+013  1.050E-010  6.558E+007  3.036E+007
 1.990E+013  1.095E-010  6.559E+007  3.067E+007
 2.010E+013  1.142E-010  6.559E+007  3.098E+007
 2.030E+013  1.191E-010  6.560E+007  3.129E+007
 2.050E+013  1.242E-010  6.561E+007  3.160E+007
 2.070E+013  1.295E-010  6.561E+007  3.191E+007
 2.090E+013  1.351E-010  6.562E+007  3.222E+007
 2.110E+013  1.409E-010  6.562E+007  3.253E+007
 2.130E+013  1.469E-010  6.563E+007  3.284E+007
 2.150E+013  1.533E-010  6.564E+007  3.315E+007
 2.170E+013  1.599E-010  6.565E+007  3.346E+007
 2.190E+013  1.668E-010  6.565E+007  3.377E+007
 2.210E+013  1.740E-010  6.566E+007  3.409E+007
 2.230E+013  1.815E-010  6.567E+007  3.440E+007
 2.250E+013  1.893E-010  6.568E+007  3.471E+007
 2.270E+013  1.973E-010  6.569E+007  3.502E+007
 2.290E+013  2.057E-010  6.570E+007  3.533E+007
 2.310E+013  2.144E-010  6.571E+007  3.564E+007
 2.330E+013  2.233E-010  6.572E+007  3.595E+007
 2.350E+013  2.325E-010  6.574E+007  3.626E+007
 2.370E+013  2.420E-010  6.575E+007  3.658E+007
 2.390E+013  2.518E-010  6.576E+007  3.689E+007
 2.410E+013  2.618E-010  6.578E+007  3.720E+007
 2.430E+013  2.721E-010  6.579E+007  3.751E+007
 2.450E+013  2.827E-010  6.580E+007  3.782E+007
 2.470E+013  2.935E-010  6.582E+007  3.814E+007
 2.490E+013  3.046E-010  6.584E+007  3.845E+007
 2.510E+013  3.160E-010  6.586E+007  3.876E+007
 2.530E+013  3.277E-010  6.587E+007  3.907E+007
 2.550E+013  3.397E-010  6.589E+007  3.939E+007
 2.570E+013  3.520E-010  6.591E+007  3.970E+007
 2.590E+013  3.646E-010  6.593E+007  4.001E+007
 2.610E+013  3.776E-010  6.596E+007  4.033E+007
 2.630E+013  3.910E-010  6.598E+007  4.064E+007
 2.650E+013  4.047E-010  6.600E+007  4.095E+007
 2.670E+013  4.189E-010  6.603E+007  4.127E+007
 2.690E+013  4.335E-010  6.605E+007  4.158E+007
 2.710E+013  4.485E-010  6.608E+007  4.190E+007
 2.730E+013  4.641E-010  6.611E+007  4.221E+007
 2.750E+013  4.802E-010  6.614E+007  4.253E+007
 2.770E+013  4.967E-010  6.617E+007  4.284E+007
 2.790E+013  5.139E-010  6.620E+007  4.316E+007
 2.810E+013  5.316E-010  6.623E+007  4.348E+007
 2.830E+013  5.499E-010  6.627E+007  4.379E+007
 2.850E+013  5.688E-010  6.630E+007  4.411E+007
 2.870E+013  5.883E-010  6.634E+007  4.443E+007
 2.890E+013  6.084E-010  6.638E+007  4.474E+007
 2.910E+013  6.292E-010  6.642E+007  4.506E+007
 2.930E+013  6.506E-010  6.646E+007  4.538E+007
 2.950E+013  6.727E-010  6.651E+007  4.570E+007
 2.970E+013  6.955E-010  6.655E+007  4.602E+007
 2.990E+013  7.189E-010  6.660E+007  4.634E+007
 3.010E+013  7.430E-010  6.665E+007  4.666E+007
 3.030E+013  7.678E-010  6.670E+007  4.698E+007
 3.050E+013  7.932E-010  6.676E+007  4.730E+007
 3.070E+013  8.194E-010  6.681E+007  4.762E+007
 3.090E+013  8.463E-010  6.687E+007  4.794E+007
 3.110E+013  8.739E-010  6.693E+007  4.826E+007
 3.130E+013  9.023E-010  6.699E+007  4.859E+007
 3.150E+013  9.314E-010  6.706E+007  4.891E+007
 3.170E+013  9.613E-010  6.713E+007  4.924E+007
 3.190E+013  9.919E-010  6.720E+007  4.956E+007
 3.210E+013  1.023E-009  6.727E+007  4.989E+007
 3.230E+013  1.056E-009  6.735E+007  5.021E+007
 3.250E+013  1.089E-009  6.743E+007  5.054E+007
 3.270E+013  1.123E-009  6.751E+007  5.087E+007
 3.290E+013  1.158E-009  6.760E+007  5.119E+007
 3.310E+013  1.194E-009  6.768E+007  5.152E+007
 3.330E+013  1.230E-009  6.778E+007  5.185E+007
 3.350E+013  1.268E-009  6.787E+007  5.219E+007
 3.370E+013  1.307E-009  6.797E+007  5.252E+007
 3.390E+013  1.346E-009  6.807E+007  5.285E+007
 3.410E+013  1.387E-009  6.818E+007  5.318E+007
 3.430E+013  1.429E-009  6.829E+007  5.352E+007
 3.450E+013  1.472E-009  6.841E+007  5.385E+007
 3.470E+013  1.516E-009  6.853E+007  5.419E+007
 3.490E+013  1.561E-009  6.865E+007  5.453E+007
 3.510E+013  1.607E-009  6.878E+007  5.487E+007
 3.530E+013  1.654E-009  6.891E+007  5.521E+007
 3.550E+013  1.702E-009  6.905E+007  5.555E+007
 3.570E+013  1.752E-009  6.919E+007  5.589E+007
 3.590E+013  1.803E-009  6.934E+007  5.623E+007
 3.610E+013  1.855E-009  6.949E+007  5.658E+007
 3.630E+013  1.908E-009  6.965E+007  5.693E+007
 3.650E+013  1.963E-009  6.981E+007  5.727E+007
 3.670E+013  2.020E-009  6.998E+007  5.762E+007
 3.690E+013  2.077E-009  7.016E+007  5.797E+007
 3.710E+013  2.136E-009  7.034E+007  5.833E+007
 3.730E+013  2.197E-009  7.053E+007  5.868E+007
 3.750E+013  2.260E-009  7.072E+007  5.904E+007
 3.770E+013  2.324E-009  7.092E+007  5.939E+007
 3.790E+013  2.389E-009  7.113E+007  5.975E+007
 3.810E+013  2.457E-009  7.135E+007  6.011E+007
 3.830E+013  2.527E-009  7.157E+007  6.047E+007
 3.850E+013  2.598E-009  7.181E+007  6.084E+007
 3.870E+013  2.671E-009  7.205E+007  6.121E+007
 3.890E+013  2.747E-009  7.229E+007  6.157E+007
 3.910E+013  2.825E-009  7.255E+007  6.194E+007
 3.930E+013  2.904E-009  7.282E+007  6.232E+007
 3.950E+013  2.987E-009  7.309E+007  6.269E+007
 3.970E+013  3.071E-009  7.338E+007  6.307E+007
 3.990E+013  3.158E-009  7.367E+007  6.345E+007
 4.010E+013  3.248E-009  7.398E+007  6.383E+007
 4.030E+013  3.340E-009  7.430E+007  6.422E+007
 4.050E+013  3.434E-009  7.462E+007  6.460E+007
 4.070E+013  3.532E-009  7.496E+007  6.499E+007
 4.090E+013  3.632E-009  7.531E+007  6.538E+007
 4.110E+013  3.736E-009  7.568E+007  6.578E+007
 4.130E+013  3.842E-009  7.606E+007  6.618E+007
 4.150E+013  3.952E-009  7.645E+007  6.658E+007
 4.170E+013  4.064E-009  7.685E+007  6.698E+007
 4.190E+013  4.181E-009  7.727E+007  6.739E+007
 4.210E+013  4.300E-009  7.770E+007  6.780E+007
 4.230E+013  4.424E-009  7.815E+007  6.821E+007
 4.250E+013  4.551E-009  7.862E+007  6.862E+007
 4.270E+013  4.681E-009  7.910E+007  6.904E+007
 4.290E+013  4.816E-009  7.960E+007  6.947E+007
 4.310E+013  4.955E-009  8.012E+007  6.989E+007
 4.330E+013  5.099E-009  8.065E+007  7.032E+007
 4.350E+013  5.246E-009  8.121E+007  7.076E+007
 4.370E+013  5.399E-009  8.179E+007  7.120E+007
 4.390E+013  5.556E-009  8.238E+007  7.164E+007
 4.410E+013  5.718E-009  8.300E+007  7.208E+007
 4.430E+013  5.886E-009  8.365E+007  7.253E+007
 4.450E+013  6.059E-009  8.431E+007  7.299E+007
 4.470E+013  6.238E-009  8.500E+007  7.344E+007
 4.490E+013  6.422E-009  8.572E+007  7.391E+007
 4.510E+013  6.613E-009  8.646E+007  7.437E+007
 4.530E+013  6.811E-009  8.723E+007  7.484E+007
 4.550E+013  7.015E-009  8.803E+007  7.532E+007
 4.570E+013  7.227E-009  8.886E+007  7.580E+007
 4.590E+013  7.445E-009  8.972E+007  7.629E+007
 4.610E+013  7.672E-009  9.061E+007  7.678E+007
 4.630E+013  7.907E-009  9.154E+007  7.727E+007
 4.650E+013  8.150E-009  9.250E+007  7.777E+007
 4.670E+013  8.403E-009  9.350E+007  7.828E+007
 4.690E+013  8.665E-009  9.454E+007  7.879E+007
 4.710E+013  8.936E-009  9.562E+007  7.931E+007
 4.730E+013  9.219E-009  9.674E+007  7.983E+007
 4.750E+013  9.512E-009  9.790E+007  8.036E+007
 4.770E+013  9.816E-009  9.912E+007  8.089E+007
 4.790E+013  1.013E-008  1.004E+008  8.143E+007
 4.810E+013  1.046E-008  1.017E+008  8.197E+007
 4.830E+013  1.080E-008  1.030E+008  8.252E+007
 4.850E+013  1.116E-008  1.045E+008  8.308E+007
 4.870E+013  1.153E-008  1.059E+008  8.364E+007
 4.890E+013  1.192E-008  1.075E+008  8.421E+007
 4.910E+013  1.232E-008  1.091E+008  8.478E+007
 4.930E+013  1.274E-008  1.107E+008  8.536E+007
 4.950E+013  1.318E-008  1.125E+008  8.595E+007
 4.970E+013  1.364E-008  1.143E+008  8.655E+007
 4.990E+013  1.412E-008  1.162E+008  8.715E+007
 5.010E+013  1.462E-008  1.181E+008  8.775E+007
 5.030E+013  1.514E-008  1.202E+008  8.837E+007
 5.050E+013  1.569E-008  1.223E+008  8.899E+007
 5.070E+013  1.626E-008  1.246E+008  8.961E+007
 5.090E+013  1.686E-008  1.269E+008  9.024E+007
 5.110E+013  1.748E-008  1.293E+008  9.088E+007
 5.130E+013  1.814E-008  1.319E+008  9.153E+007
 5.150E+013  1.883E-008  1.346E+008  9.218E+007
 5.170E+013  1.955E-008  1.373E+008  9.284E+007
 5.190E+013  2.031E-008  1.402E+008  9.351E+007
 5.210E+013  2.111E-008  1.433E+008  9.418E+007
 5.230E+013  2.195E-008  1.465E+008  9.486E+007
 5.250E+013  2.283E-008  1.498E+008  9.555E+007
 5.270E+013  2.376E-008  1.533E+008  9.624E+007
 5.290E+013  2.474E-008  1.569E+008  9.694E+007
 5.310E+013  2.577E-008  1.608E+008  9.764E+007
 5.330E+013  2.686E-008  1.648E+008  9.835E+007
 5.350E+013  2.800E-008  1.690E+008  9.908E+007
 5.370E+013  2.921E-008  1.734E+008  9.979E+007
 5.390E+013  3.049E-008  1.781E+008  1.005E+008
 5.410E+013  3.187E-008  1.831E+008  1.013E+008
 5.430E+013  3.326E-008  1.879E+008  1.020E+008
 5.450E+013  3.470E-008  1.928E+008  1.026E+008
 5.470E+013  3.659E-008  2.014E+008  1.035E+008
 5.490E+013  3.821E-008  2.084E+008  1.052E+008
 5.510E+013  3.786E-008  1.968E+008  1.049E+008
 5.530E+013  3.145E-008  1.326E+008  9.865E+007
 5.550E+013  1.905E-008  3.979E+007  7.799E+007
 5.570E+013  1.215E-008  3.363E+006  4.188E+007
 5.590E+013  1.022E-008  1.536E+004  8.973E+006
 5.610E+013  1.000E-008  6.246E+001  2.086E+005
 5.630E+013  1.000E-008  6.236E+001  4.852E+001
 5.650E+013  1.000E-008  6.236E+001  1.235E-006
 5.670E+013  1.000E-008  6.236E+001  3.326E-012
 5.690E+013  1.000E-008  6.236E+001  3.326E-012
 5.710E+013  1.000E-008  6.236E+001 -3.326E-012
 5.730E+013  1.000E-008  6.236E+001  3.880E-012
 5.750E+013  1.000E-008  6.236E+001 -8.314E-012
 5.770E+013  1.000E-008  6.236E+001 -5.543E-013
 5.790E+013  1.000E-008  6.236E+001  4.988E-012
 5.810E+013  1.000E-008  6.236E+001  2.660E-011
 5.830E+013  1.000E-008  6.236E+001 -2.660E-011
 5.850E+013  1.000E-008  6.236E+001  0.000E+000
 5.870E+013  1.000E-008  6.236E+001  0.000E+000
 5.890E+013  1.000E-008  6.236E+001  0.000E+000
 5.910E+013  1.000E-008  6.236E+001  0.000E+000
 5.930E+013  1.000E-008  6.236E+001  0.000E+000
 5.950E+013  1.000E-008  6.236E+001  0.000E+000
 5.970E+013  1.000E-008  6.236E+001  0.000E+000
 5.990E+013  1.000E-008  6.236E+001  0.000E+000
 6.010E+013  1.000E-008  6.236E+001  0.000E+000
 6.030E+013  1.000E-008  6.236E+001  5.543E-013
 6.050E+013  1.000E-008  6.236E+001 -5.543E-013
 6.070E+013  1.000E-008  6.236E+001  5.543E-013
 6.090E+013  1.000E-008  6.236E+001 -5.543E-013
 6.110E+013  1.000E-008  6.236E+001  0.000E+000
 6.130E+013  1.000E-008  6.236E+001  0.000E+000
 6.150E+013  1.000E-008  6.236E+001  0.000E+000
 6.170E+013  1.000E-008  6.236E+001  5.543E-013
 6.190E+013  1.000E-008  6.236E+001 -5.543E-013
 6.210E+013  1.000E-008  6.236E+001  0.000E+000
 6.230E+013  1.000E-008  6.236E+001  0.000E+000
 6.250E+013  1.000E-008  6.236E+001  0.000E+000
 6.270E+013  1.000E-008  6.236E+001  0.000E+000
 6.290E+013  1.000E-008  6.236E+001  0.000E+000
 6.310E+013  1.000E-008  6.236E+001  0.000E+000
 6.330E+013  1.000E-008  6.236E+001  0.000E+000
 6.350E+013  1.000E-008  6.236E+001  5.543E-013
 6.370E+013  1.000E-008  6.236E+001 -5.543E-013
 6.390E+013  1.000E-008  6.236E+001  0.000E+000
 6.410E+013  1.000E-008  6.236E+001  0.000E+000
 6.430E+013  1.000E-008  6.236E+001  0.000E+000
 6.450E+013  1.000E-008  6.236E+001  0.000E+000
 6.470E+013  1.000E-008  6.236E+001  5.543E-013
 6.490E+013  1.000E-008  6.236E+001 -5.543E-013
 6.510E+013  1.000E-008  6.236E+001  0.000E+000
 6.530E+013  1.000E-008  6.236E+001  0.000E+000
 6.550E+013  1.000E-008  6.236E+001  0.000E+000
 6.570E+013  1.000E-008  6.236E+001  0.000E+000
 6.590E+013  1.000E-008  6.236E+001  5.543E-013
 6.610E+013  1.000E-008  6.236E+001 -5.543E-013
 6.630E+013  1.000E-008  6.236E+001  0.000E+000
 6.650E+013  1.000E-008  6.236E+001  0.000E+000
 6.670E+013  1.000E-008  6.236E+001  0.000E+000
 6.690E+013  1.000E-008  6.236E+001  5.543E-013
 6.710E+013  1.000E-008  6.236E+001 -5.543E-013
 6.730E+013  1.000E-008  6.236E+001  0.000E+000
 6.750E+013  1.000E-008  6.236E+001  0.000E+000
 6.770E+013  1.000E-008  6.236E+001  5.543E-013
 6.790E+013  1.000E-008  6.236E+001 -5.543E-013
 6.810E+013  1.000E-008  6.236E+001  5.543E-013
 6.830E+013  1.000E-008  6.236E+001 -2.343E-034
 6.850E+013  1.000E-008  6.236E+001 -5.543E-013
 6.870E+013  1.000E-008  6.236E+001  0.000E+000
 6.890E+013  1.000E-008  6.236E+001  0.000E+000
 6.910E+013  1.000E-008  6.236E+001  0.000E+000
 6.930E+013  1.000E-008  6.236E+001  5.543E-013
 6.950E+013  1.000E-008  6.236E+001 -5.543E-013
 6.970E+013  1.000E-008  6.236E+001  0.000E+000
 6.990E+013  1.000E-008  6.236E+001  0.000E+000
 7.010E+013  1.000E-008  6.236E+001  0.000E+000
 7.030E+013  1.000E-008  6.236E+001  0.000E+000
 7.050E+013  1.000E-008  6.236E+001  0.000E+000
 7.070E+013  1.000E-008  6.236E+001  0.000E+000
 7.090E+013  1.000E-008  6.236E+001  0.000E+000
 7.110E+013  1.000E-008  6.236E+001  0.000E+000
 7.130E+013  1.000E-008  6.236E+001  0.000E+000
 7.150E+013  1.000E-008  6.236E+001  0.000E+000
 7.170E+013  1.000E-008  6.236E+001  0.000E+000
 7.190E+013  1.000E-008  6.236E+001  5.543E-013
 7.210E+013  1.000E-008  6.236E+001 -5.543E-013
 7.230E+013  1.000E-008  6.236E+001  0.000E+000
 7.250E+013  1.000E-008  6.236E+001  0.000E+000
 7.270E+013  1.000E-008  6.236E+001  1.109E-012
 7.290E+013  1.000E-008  6.236E+001 -8.780E-034
 7.310E+013  1.000E-008  6.236E+001 -1.109E-012
 7.330E+013  1.000E-008  6.236E+001 -1.999E-031
 7.350E+013  1.000E-008  6.236E+001 -5.543E-013
 7.370E+013  1.000E-008  6.236E+001  5.543E-013
 7.390E+013  1.000E-008  6.236E+001  1.996E-031
 7.410E+013  1.000E-008  6.236E+001  8.879E-069
 7.430E+013  1.000E-008  6.236E+001  8.192E-144
 7.450E+013  1.000E-008  6.236E+001  3.370E-294
 7.470E+013  1.000E-008  6.236E+001  0.000E+000
 7.490E+013  1.000E-008  6.236E+001  0.000E+000
 7.510E+013  1.000E-008  6.236E+001  0.000E+000
 7.530E+013  1.000E-008  6.236E+001  0.000E+000
 7.550E+013  1.000E-008  6.236E+001  0.000E+000
 7.570E+013  1.000E-008  6.236E+001  0.000E+000
 7.590E+013  1.000E-008  6.236E+001  0.000E+000
 7.610E+013  1.000E-008  6.236E+001  0.000E+000
 7.630E+013  1.000E-008  6.236E+001  0.000E+000
 7.650E+013  1.000E-008  6.236E+001  0.000E+000
 7.670E+013  1.000E-008  6.236E+001  1.109E-012
 7.690E+013  1.000E-008  6.236E+001 -1.109E-012
 7.710E+013  1.000E-008  6.236E+001  1.663E-012
 7.730E+013  1.000E-008  6.236E+001 -1.663E-012
 7.750E+013  1.000E-008  6.236E+001  4.732E-032
 7.770E+013  1.000E-008  6.236E+001  1.109E-012
 7.790E+013  1.000E-008  6.236E+001 -3.326E-012
 7.810E+013  1.000E-008  6.236E+001  3.326E-012
 7.830E+013  1.000E-008  6.236E+001 -1.109E-012
 7.850E+013  1.000E-008  6.236E+001 -6.274E-069
 7.870E+013  1.000E-008  6.236E+001 -1.678E-031
 7.890E+013  1.000E-008  6.236E+001 -5.543E-013
 7.910E+013  1.000E-008  6.236E+001 -2.771E-012
 7.930E+013  1.000E-008  6.236E+001  1.663E-012
 7.950E+013  1.000E-008  6.236E+001  1.663E-012
 7.970E+013  1.000E-008  6.236E+001 -2.217E-012
 7.990E+013  1.000E-008  6.236E+001  2.217E-012
 8.010E+013  1.000E-008  6.236E+001  3.194E-030
 8.030E+013  1.000E-008  6.236E+001  2.273E-066
 8.050E+013  1.000E-008  6.236E+001  5.369E-139
 8.070E+013  1.000E-008  6.236E+001 -1.561E-277
 8.090E+013  1.000E-008  6.236E+001 -1.763E-135
 8.110E+013  1.000E-008  6.236E+001 -1.303E-064
 8.130E+013  1.000E-008  6.236E+001 -2.418E-029
 8.150E+013  1.000E-008  6.236E+001 -6.097E-012
 8.170E+013  1.000E-008  6.236E+001  7.760E-012
 8.190E+013  1.000E-008  6.236E+001 -1.663E-012
 8.210E+013  1.000E-008  6.236E+001  0.000E+000
 8.230E+013  1.000E-008  6.236E+001  0.000E+000
 8.250E+013  1.000E-008  6.236E+001  0.000E+000
 8.270E+013  1.000E-008  6.236E+001  0.000E+000
 8.290E+013  1.000E-008  6.236E+001  2.217E-012
 8.310E+013  1.000E-008  6.236E+001 -2.217E-012
 8.330E+013  1.000E-008  6.236E+001 -1.941E-031
 8.350E+013  1.000E-008  6.236E+001  3.326E-012
 8.370E+013  1.000E-008  6.236E+001 -2.771E-012
 8.390E+013  1.000E-008  6.236E+001 -1.998E-031
 8.410E+013  1.000E-008  6.236E+001 -5.543E-013
 8.430E+013  1.000E-008  6.236E+001  5.543E-013
 8.450E+013  1.000E-008  6.236E+001 -1.893E-034
 8.470E+013  1.000E-008  6.236E+001 -5.543E-013
 8.490E+013  1.000E-008  6.236E+001 -9.422E-035
 8.510E+013  1.000E-008  6.236E+001  5.543E-013
 8.530E+013  1.000E-008  6.236E+001 -1.876E-034
 8.550E+013  1.000E-008  6.236E+001 -5.543E-013
 8.570E+013  1.000E-008  6.236E+001 -9.334E-035
 8.590E+013  1.000E-008  6.236E+001  5.543E-013
 8.610E+013  1.000E-008  6.236E+001 -5.543E-013
 8.630E+013  1.000E-008  6.236E+001  0.000E+000
 8.650E+013  1.000E-008  6.236E+001  0.000E+000
 8.670E+013  1.000E-008  6.236E+001  0.000E+000
 8.690E+013  1.000E-008  6.236E+001  0.000E+000
 8.710E+013  1.000E-008  6.236E+001  0.000E+000
 8.730E+013  1.000E-008  6.236E+001  0.000E+000
 8.750E+013  1.000E-008  6.236E+001  5.543E-013
 8.770E+013  1.000E-008  6.236E+001 -5.543E-013
 8.790E+013  1.000E-008  6.236E+001 -9.100E-035
 8.810E+013  1.000E-008  6.236E+001  5.543E-013
 8.830E+013  1.000E-008  6.236E+001 -5.543E-013
 8.850E+013  1.000E-008  6.236E+001  5.543E-013
 8.870E+013  1.000E-008  6.236E+001  5.543E-013
 8.890E+013  1.000E-008  6.236E+001 -1.109E-012
 8.910E+013  1.000E-008  6.236E+001  0.000E+000
 8.930E+013  1.000E-008  6.236E+001  0.000E+000
 8.950E+013  1.000E-008  6.236E+001  0.000E+000
 8.970E+013  1.000E-008  6.236E+001  0.000E+000
 8.990E+013  1.000E-008  6.236E+001  0.000E+000
 9.010E+013  1.000E-008  6.236E+001  5.543E-013
 9.030E+013  1.000E-008  6.236E+001 -1.772E-034
 9.050E+013  1.000E-008  6.236E+001 -5.543E-013
 9.070E+013  1.000E-008  6.236E+001  5.543E-013
 9.090E+013  1.000E-008  6.236E+001 -1.760E-034
 9.110E+013  1.000E-008  6.236E+001 -5.543E-013
 9.130E+013  1.000E-008  6.236E+001  0.000E+000
 9.150E+013  1.000E-008  6.236E+001  0.000E+000
 9.170E+013  1.000E-008  6.236E+001  0.000E+000
 9.190E+013  1.000E-008  6.236E+001  0.000E+000
 9.210E+013  1.000E-008  6.236E+001  0.000E+000
 9.230E+013  1.000E-008  6.236E+001  5.543E-013
 9.250E+013  1.000E-008  6.236E+001 -1.729E-034
 9.270E+013  1.000E-008  6.236E+001 -5.543E-013
 9.290E+013  1.000E-008  6.236E+001  0.000E+000
 9.310E+013  1.000E-008  6.236E+001  0.000E+000
 9.330E+013  1.000E-008  6.236E+001  0.000E+000
 9.350E+013  1.000E-008  6.236E+001  0.000E+000
 9.370E+013  1.000E-008  6.236E+001  5.543E-013
 9.390E+013  1.000E-008  6.236E+001 -5.543E-013
 9.410E+013  1.000E-008  6.236E+001  5.543E-013
 9.430E+013  1.000E-008  6.236E+001 -5.543E-013
 9.450E+013  1.000E-008  6.236E+001  0.000E+000
 9.470E+013  1.000E-008  6.236E+001  0.000E+000
 9.490E+013  1.000E-008  6.236E+001  0.000E+000
 9.510E+013  1.000E-008  6.236E+001  0.000E+000
 9.530E+013  1.000E-008  6.236E+001  5.543E-013
 9.550E+013  1.000E-008  6.236E+001 -5.543E-013
 9.570E+013  1.000E-008  6.236E+001 -8.896E-069
 9.590E+013  1.000E-008  6.236E+001 -1.998E-031
 9.610E+013  1.000E-008  6.236E+001 -5.543E-013
 9.630E+013  1.000E-008  6.236E+001  5.543E-013
 9.650E+013  1.000E-008  6.236E+001  1.997E-031
 9.670E+013  1.000E-008  6.236E+001  5.543E-013
 9.690E+013  1.000E-008  6.236E+001 -5.543E-013
 9.710E+013  1.000E-008  6.236E+001  0.000E+000
 9.730E+013  1.000E-008  6.236E+001  0.000E+000
 9.750E+013  1.000E-008  6.236E+001  0.000E+000
 9.770E+013  1.000E-008  6.236E+001  0.000E+000
 9.790E+013  1.000E-008  6.236E+001  0.000E+000
 9.810E+013  1.000E-008  6.236E+001  0.000E+000
 9.830E+013  1.000E-008  6.236E+001  0.000E+000
 9.850E+013  1.000E-008  6.236E+001  0.000E+000
 9.870E+013  1.000E-008  6.236E+001  0.000E+000
 9.890E+013  1.000E-008  6.236E+001  0.000E+000
 9.910E+013  1.000E-008  6.236E+001  0.000E+000
 9.930E+013  1.000E-008  6.236E+001  0.000E+000
 9.950E+013  1.000E-008  6.236E+001  5.543E-013
 9.970E+013  1.000E-008  6.236E+001 -5.543E-013
 9.990E+013  1.000E-008  6.236E+001  0.000E+000
 1.001E+014  1.000E-099  1.000E-099  0.000E+000
 1.003E+014  1.000E-099  1.000E-099  0.000E+000
 4.947E-003
