 2.340E+005
     x1b        dens       energ       v1
 1.000E+011  2.715E-012  4.014E+007  0.000E+000
 3.000E+011  2.716E-012  4.014E+007  1.774E+005
 5.000E+011  2.721E-012  4.014E+007  4.249E+005
 7.000E+011  2.732E-012  4.014E+007  6.143E+005
 9.000E+011  2.749E-012  4.014E+007  8.294E+005
 1.100E+012  2.773E-012  4.014E+007  1.032E+006
 1.300E+012  2.805E-012  4.014E+007  1.241E+006
 1.500E+012  2.842E-012  4.014E+007  1.446E+006
 1.700E+012  2.884E-012  4.014E+007  1.653E+006
 1.900E+012  2.930E-012  4.014E+007  1.860E+006
 2.100E+012  2.978E-012  4.014E+007  2.067E+006
 2.300E+012  3.027E-012  4.014E+007  2.273E+006
 2.500E+012  3.077E-012  4.014E+007  2.480E+006
 2.700E+012  3.127E-012  4.014E+007  2.686E+006
 2.900E+012  3.176E-012  4.014E+007  2.893E+006
 3.100E+012  3.223E-012  4.014E+007  3.100E+006
 3.300E+012  3.265E-012  4.014E+007  3.306E+006
 3.500E+012  3.300E-012  4.014E+007  3.513E+006
 3.700E+012  3.323E-012  4.014E+007  3.720E+006
 3.900E+012  3.333E-012  4.014E+007  3.926E+006
 4.100E+012  3.335E-012  4.014E+007  4.133E+006
 4.300E+012  3.335E-012  4.014E+007  4.339E+006
 4.500E+012  3.335E-012  4.014E+007  4.546E+006
 4.700E+012  3.335E-012  4.014E+007  4.753E+006
 4.900E+012  3.334E-012  4.014E+007  4.959E+006
 5.100E+012  3.333E-012  4.014E+007  5.166E+006
 5.300E+012  3.332E-012  4.014E+007  5.373E+006
 5.500E+012  3.329E-012  4.014E+007  5.579E+006
 5.700E+012  3.326E-012  4.014E+007  5.786E+006
 5.900E+012  3.323E-012  4.014E+007  5.993E+006
 6.100E+012  3.319E-012  4.014E+007  6.199E+006
 6.300E+012  3.317E-012  4.014E+007  6.406E+006
 6.500E+012  3.317E-012  4.014E+007  6.612E+006
 6.700E+012  3.317E-012  4.014E+007  6.819E+006
 6.900E+012  3.317E-012  4.014E+007  7.026E+006
 7.100E+012  3.318E-012  4.014E+007  7.232E+006
 7.300E+012  3.319E-012  4.014E+007  7.439E+006
 7.500E+012  3.321E-012  4.014E+007  7.646E+006
 7.700E+012  3.323E-012  4.014E+007  7.852E+006
 7.900E+012  3.328E-012  4.014E+007  8.059E+006
 8.100E+012  3.334E-012  4.014E+007  8.266E+006
 8.300E+012  3.342E-012  4.014E+007  8.472E+006
 8.500E+012  3.353E-012  4.014E+007  8.679E+006
 8.700E+012  3.367E-012  4.014E+007  8.886E+006
 8.900E+012  3.384E-012  4.014E+007  9.092E+006
 9.100E+012  3.405E-012  4.014E+007  9.299E+006
 9.300E+012  3.431E-012  4.014E+007  9.506E+006
 9.500E+012  3.462E-012  4.014E+007  9.712E+006
 9.700E+012  3.498E-012  4.014E+007  9.919E+006
 9.900E+012  3.541E-012  4.014E+007  1.013E+007
 1.010E+013  3.591E-012  4.014E+007  1.033E+007
 1.030E+013  3.649E-012  4.014E+007  1.054E+007
 1.050E+013  3.715E-012  4.014E+007  1.075E+007
 1.070E+013  3.791E-012  4.014E+007  1.095E+007
 1.090E+013  3.878E-012  4.014E+007  1.116E+007
 1.110E+013  3.976E-012  4.014E+007  1.137E+007
 1.130E+013  4.088E-012  4.014E+007  1.157E+007
 1.150E+013  4.214E-012  4.014E+007  1.178E+007
 1.170E+013  4.356E-012  4.014E+007  1.199E+007
 1.190E+013  4.515E-012  4.014E+007  1.219E+007
 1.210E+013  4.695E-012  4.014E+007  1.240E+007
 1.230E+013  4.896E-012  4.014E+007  1.261E+007
 1.250E+013  5.122E-012  4.014E+007  1.282E+007
 1.270E+013  5.375E-012  4.014E+007  1.302E+007
 1.290E+013  5.658E-012  4.014E+007  1.323E+007
 1.310E+013  5.974E-012  4.014E+007  1.344E+007
 1.330E+013  6.327E-012  4.014E+007  1.364E+007
 1.350E+013  6.721E-012  4.014E+007  1.385E+007
 1.370E+013  7.160E-012  4.014E+007  1.406E+007
 1.390E+013  7.648E-012  4.014E+007  1.427E+007
 1.410E+013  8.190E-012  4.014E+007  1.447E+007
 1.430E+013  8.791E-012  4.014E+007  1.468E+007
 1.450E+013  9.455E-012  4.014E+007  1.489E+007
 1.470E+013  1.019E-011  4.014E+007  1.510E+007
 1.490E+013  1.100E-011  4.014E+007  1.530E+007
 1.510E+013  1.188E-011  4.015E+007  1.551E+007
 1.530E+013  1.285E-011  4.015E+007  1.572E+007
 1.550E+013  1.391E-011  4.015E+007  1.593E+007
 1.570E+013  1.505E-011  4.015E+007  1.613E+007
 1.590E+013  1.628E-011  4.015E+007  1.634E+007
 1.610E+013  1.761E-011  4.015E+007  1.655E+007
 1.630E+013  1.902E-011  4.015E+007  1.675E+007
 1.650E+013  2.052E-011  4.015E+007  1.696E+007
 1.670E+013  2.211E-011  4.015E+007  1.717E+007
 1.690E+013  2.377E-011  4.015E+007  1.737E+007
 1.710E+013  2.551E-011  4.015E+007  1.758E+007
 1.730E+013  2.731E-011  4.015E+007  1.778E+007
 1.750E+013  2.918E-011  4.015E+007  1.799E+007
 1.770E+013  3.109E-011  4.015E+007  1.820E+007
 1.790E+013  3.306E-011  4.015E+007  1.840E+007
 1.810E+013  3.506E-011  4.015E+007  1.861E+007
 1.830E+013  3.710E-011  4.015E+007  1.881E+007
 1.850E+013  3.918E-011  4.015E+007  1.902E+007
 1.870E+013  4.128E-011  4.015E+007  1.923E+007
 1.890E+013  4.342E-011  4.015E+007  1.943E+007
 1.910E+013  4.558E-011  4.015E+007  1.964E+007
 1.930E+013  4.777E-011  4.016E+007  1.985E+007
 1.950E+013  4.999E-011  4.016E+007  2.005E+007
 1.970E+013  5.225E-011  4.016E+007  2.026E+007
 1.990E+013  5.454E-011  4.016E+007  2.047E+007
 2.010E+013  5.688E-011  4.016E+007  2.067E+007
 2.030E+013  5.926E-011  4.016E+007  2.088E+007
 2.050E+013  6.170E-011  4.016E+007  2.109E+007
 2.070E+013  6.420E-011  4.016E+007  2.129E+007
 2.090E+013  6.677E-011  4.016E+007  2.150E+007
 2.110E+013  6.941E-011  4.017E+007  2.171E+007
 2.130E+013  7.213E-011  4.017E+007  2.191E+007
 2.150E+013  7.494E-011  4.017E+007  2.212E+007
 2.170E+013  7.785E-011  4.017E+007  2.233E+007
 2.190E+013  8.086E-011  4.017E+007  2.253E+007
 2.210E+013  8.398E-011  4.017E+007  2.274E+007
 2.230E+013  8.723E-011  4.018E+007  2.295E+007
 2.250E+013  9.060E-011  4.018E+007  2.315E+007
 2.270E+013  9.410E-011  4.018E+007  2.336E+007
 2.290E+013  9.775E-011  4.018E+007  2.357E+007
 2.310E+013  1.015E-010  4.018E+007  2.378E+007
 2.330E+013  1.055E-010  4.019E+007  2.398E+007
 2.350E+013  1.096E-010  4.019E+007  2.419E+007
 2.370E+013  1.139E-010  4.019E+007  2.440E+007
 2.390E+013  1.183E-010  4.019E+007  2.460E+007
 2.410E+013  1.229E-010  4.020E+007  2.481E+007
 2.430E+013  1.277E-010  4.020E+007  2.502E+007
 2.450E+013  1.327E-010  4.020E+007  2.523E+007
 2.470E+013  1.379E-010  4.021E+007  2.543E+007
 2.490E+013  1.432E-010  4.021E+007  2.564E+007
 2.510E+013  1.487E-010  4.021E+007  2.585E+007
 2.530E+013  1.544E-010  4.022E+007  2.606E+007
 2.550E+013  1.603E-010  4.022E+007  2.626E+007
 2.570E+013  1.663E-010  4.023E+007  2.647E+007
 2.590E+013  1.725E-010  4.023E+007  2.668E+007
 2.610E+013  1.789E-010  4.024E+007  2.689E+007
 2.630E+013  1.854E-010  4.024E+007  2.709E+007
 2.650E+013  1.921E-010  4.025E+007  2.730E+007
 2.670E+013  1.990E-010  4.025E+007  2.751E+007
 2.690E+013  2.060E-010  4.026E+007  2.772E+007
 2.710E+013  2.132E-010  4.026E+007  2.792E+007
 2.730E+013  2.206E-010  4.027E+007  2.813E+007
 2.750E+013  2.281E-010  4.027E+007  2.834E+007
 2.770E+013  2.358E-010  4.028E+007  2.855E+007
 2.790E+013  2.437E-010  4.029E+007  2.875E+007
 2.810E+013  2.517E-010  4.029E+007  2.896E+007
 2.830E+013  2.600E-010  4.030E+007  2.917E+007
 2.850E+013  2.684E-010  4.031E+007  2.938E+007
 2.870E+013  2.771E-010  4.032E+007  2.959E+007
 2.890E+013  2.859E-010  4.032E+007  2.980E+007
 2.910E+013  2.950E-010  4.033E+007  3.000E+007
 2.930E+013  3.044E-010  4.034E+007  3.021E+007
 2.950E+013  3.140E-010  4.035E+007  3.042E+007
 2.970E+013  3.238E-010  4.036E+007  3.063E+007
 2.990E+013  3.340E-010  4.037E+007  3.084E+007
 3.010E+013  3.444E-010  4.038E+007  3.105E+007
 3.030E+013  3.552E-010  4.039E+007  3.126E+007
 3.050E+013  3.662E-010  4.040E+007  3.147E+007
 3.070E+013  3.776E-010  4.041E+007  3.168E+007
 3.090E+013  3.893E-010  4.043E+007  3.189E+007
 3.110E+013  4.014E-010  4.044E+007  3.209E+007
 3.130E+013  4.138E-010  4.045E+007  3.230E+007
 3.150E+013  4.266E-010  4.046E+007  3.251E+007
 3.170E+013  4.398E-010  4.048E+007  3.272E+007
 3.190E+013  4.534E-010  4.049E+007  3.293E+007
 3.210E+013  4.673E-010  4.051E+007  3.314E+007
 3.230E+013  4.816E-010  4.052E+007  3.336E+007
 3.250E+013  4.963E-010  4.054E+007  3.357E+007
 3.270E+013  5.114E-010  4.055E+007  3.378E+007
 3.290E+013  5.269E-010  4.057E+007  3.399E+007
 3.310E+013  5.428E-010  4.059E+007  3.420E+007
 3.330E+013  5.591E-010  4.061E+007  3.441E+007
 3.350E+013  5.759E-010  4.063E+007  3.462E+007
 3.370E+013  5.930E-010  4.065E+007  3.483E+007
 3.390E+013  6.105E-010  4.067E+007  3.504E+007
 3.410E+013  6.285E-010  4.069E+007  3.526E+007
 3.430E+013  6.469E-010  4.071E+007  3.547E+007
 3.450E+013  6.658E-010  4.073E+007  3.568E+007
 3.470E+013  6.850E-010  4.076E+007  3.589E+007
 3.490E+013  7.048E-010  4.078E+007  3.611E+007
 3.510E+013  7.249E-010  4.081E+007  3.632E+007
 3.530E+013  7.456E-010  4.083E+007  3.653E+007
 3.550E+013  7.667E-010  4.086E+007  3.675E+007
 3.570E+013  7.883E-010  4.089E+007  3.696E+007
 3.590E+013  8.104E-010  4.092E+007  3.718E+007
 3.610E+013  8.330E-010  4.095E+007  3.739E+007
 3.630E+013  8.562E-010  4.098E+007  3.760E+007
 3.650E+013  8.798E-010  4.101E+007  3.782E+007
 3.670E+013  9.040E-010  4.104E+007  3.804E+007
 3.690E+013  9.288E-010  4.108E+007  3.825E+007
 3.710E+013  9.541E-010  4.111E+007  3.847E+007
 3.730E+013  9.799E-010  4.115E+007  3.868E+007
 3.750E+013  1.006E-009  4.119E+007  3.890E+007
 3.770E+013  1.033E-009  4.123E+007  3.912E+007
 3.790E+013  1.061E-009  4.127E+007  3.934E+007
 3.810E+013  1.089E-009  4.131E+007  3.955E+007
 3.830E+013  1.118E-009  4.135E+007  3.977E+007
 3.850E+013  1.148E-009  4.139E+007  3.999E+007
 3.870E+013  1.178E-009  4.144E+007  4.021E+007
 3.890E+013  1.208E-009  4.149E+007  4.043E+007
 3.910E+013  1.240E-009  4.154E+007  4.065E+007
 3.930E+013  1.272E-009  4.159E+007  4.087E+007
 3.950E+013  1.305E-009  4.164E+007  4.109E+007
 3.970E+013  1.338E-009  4.169E+007  4.131E+007
 3.990E+013  1.372E-009  4.175E+007  4.154E+007
 4.010E+013  1.407E-009  4.180E+007  4.176E+007
 4.030E+013  1.443E-009  4.186E+007  4.198E+007
 4.050E+013  1.479E-009  4.192E+007  4.221E+007
 4.070E+013  1.516E-009  4.198E+007  4.243E+007
 4.090E+013  1.554E-009  4.205E+007  4.266E+007
 4.110E+013  1.593E-009  4.211E+007  4.288E+007
 4.130E+013  1.633E-009  4.218E+007  4.311E+007
 4.150E+013  1.673E-009  4.225E+007  4.334E+007
 4.170E+013  1.715E-009  4.233E+007  4.356E+007
 4.190E+013  1.757E-009  4.240E+007  4.379E+007
 4.210E+013  1.801E-009  4.248E+007  4.402E+007
 4.230E+013  1.845E-009  4.256E+007  4.425E+007
 4.250E+013  1.891E-009  4.264E+007  4.448E+007
 4.270E+013  1.937E-009  4.272E+007  4.471E+007
 4.290E+013  1.985E-009  4.281E+007  4.495E+007
 4.310E+013  2.033E-009  4.290E+007  4.518E+007
 4.330E+013  2.083E-009  4.299E+007  4.541E+007
 4.350E+013  2.134E-009  4.309E+007  4.565E+007
 4.370E+013  2.187E-009  4.318E+007  4.588E+007
 4.390E+013  2.240E-009  4.328E+007  4.612E+007
 4.410E+013  2.295E-009  4.339E+007  4.636E+007
 4.430E+013  2.351E-009  4.350E+007  4.660E+007
 4.450E+013  2.408E-009  4.361E+007  4.684E+007
 4.470E+013  2.467E-009  4.372E+007  4.708E+007
 4.490E+013  2.527E-009  4.384E+007  4.732E+007
 4.510E+013  2.589E-009  4.396E+007  4.756E+007
 4.530E+013  2.652E-009  4.408E+007  4.781E+007
 4.550E+013  2.716E-009  4.421E+007  4.805E+007
 4.570E+013  2.782E-009  4.434E+007  4.830E+007
 4.590E+013  2.850E-009  4.448E+007  4.855E+007
 4.610E+013  2.919E-009  4.462E+007  4.879E+007
 4.630E+013  2.990E-009  4.476E+007  4.904E+007
 4.650E+013  3.062E-009  4.491E+007  4.929E+007
 4.670E+013  3.136E-009  4.506E+007  4.955E+007
 4.690E+013  3.212E-009  4.522E+007  4.980E+007
 4.710E+013  3.290E-009  4.538E+007  5.006E+007
 4.730E+013  3.370E-009  4.555E+007  5.031E+007
 4.750E+013  3.451E-009  4.572E+007  5.057E+007
 4.770E+013  3.535E-009  4.590E+007  5.083E+007
 4.790E+013  3.621E-009  4.608E+007  5.109E+007
 4.810E+013  3.708E-009  4.627E+007  5.135E+007
 4.830E+013  3.798E-009  4.646E+007  5.162E+007
 4.850E+013  3.890E-009  4.666E+007  5.188E+007
 4.870E+013  3.984E-009  4.687E+007  5.215E+007
 4.890E+013  4.081E-009  4.708E+007  5.242E+007
 4.910E+013  4.180E-009  4.730E+007  5.269E+007
 4.930E+013  4.281E-009  4.753E+007  5.297E+007
 4.950E+013  4.385E-009  4.776E+007  5.324E+007
 4.970E+013  4.492E-009  4.800E+007  5.352E+007
 4.990E+013  4.601E-009  4.825E+007  5.380E+007
 5.010E+013  4.713E-009  4.850E+007  5.408E+007
 5.030E+013  4.829E-009  4.876E+007  5.436E+007
 5.050E+013  4.947E-009  4.903E+007  5.464E+007
 5.070E+013  5.068E-009  4.931E+007  5.493E+007
 5.090E+013  5.193E-009  4.960E+007  5.522E+007
 5.110E+013  5.321E-009  4.989E+007  5.551E+007
 5.130E+013  5.452E-009  5.020E+007  5.580E+007
 5.150E+013  5.587E-009  5.051E+007  5.610E+007
 5.170E+013  5.726E-009  5.084E+007  5.639E+007
 5.190E+013  5.868E-009  5.117E+007  5.669E+007
 5.210E+013  6.015E-009  5.152E+007  5.700E+007
 5.230E+013  6.166E-009  5.187E+007  5.730E+007
 5.250E+013  6.321E-009  5.224E+007  5.761E+007
 5.270E+013  6.480E-009  5.262E+007  5.792E+007
 5.290E+013  6.645E-009  5.301E+007  5.823E+007
 5.310E+013  6.814E-009  5.341E+007  5.855E+007
 5.330E+013  6.988E-009  5.383E+007  5.886E+007
 5.350E+013  7.167E-009  5.426E+007  5.918E+007
 5.370E+013  7.352E-009  5.470E+007  5.951E+007
 5.390E+013  7.542E-009  5.516E+007  5.983E+007
 5.410E+013  7.739E-009  5.563E+007  6.016E+007
 5.430E+013  7.941E-009  5.612E+007  6.049E+007
 5.450E+013  8.149E-009  5.662E+007  6.083E+007
 5.470E+013  8.364E-009  5.714E+007  6.116E+007
 5.490E+013  8.586E-009  5.768E+007  6.150E+007
 5.510E+013  8.815E-009  5.823E+007  6.185E+007
 5.530E+013  9.052E-009  5.881E+007  6.219E+007
 5.550E+013  9.296E-009  5.940E+007  6.254E+007
 5.570E+013  9.548E-009  6.001E+007  6.290E+007
 5.590E+013  9.809E-009  6.065E+007  6.325E+007
 5.610E+013  1.008E-008  6.130E+007  6.361E+007
 5.630E+013  1.036E-008  6.198E+007  6.398E+007
 5.650E+013  1.064E-008  6.268E+007  6.434E+007
 5.670E+013  1.094E-008  6.340E+007  6.471E+007
 5.690E+013  1.125E-008  6.415E+007  6.508E+007
 5.710E+013  1.157E-008  6.493E+007  6.546E+007
 5.730E+013  1.190E-008  6.573E+007  6.584E+007
 5.750E+013  1.224E-008  6.656E+007  6.622E+007
 5.770E+013  1.260E-008  6.742E+007  6.661E+007
 5.790E+013  1.296E-008  6.831E+007  6.700E+007
 5.810E+013  1.334E-008  6.923E+007  6.739E+007
 5.830E+013  1.374E-008  7.018E+007  6.779E+007
 5.850E+013  1.415E-008  7.117E+007  6.819E+007
 5.870E+013  1.458E-008  7.220E+007  6.859E+007
 5.890E+013  1.502E-008  7.326E+007  6.900E+007
 5.910E+013  1.548E-008  7.436E+007  6.941E+007
 5.930E+013  1.595E-008  7.550E+007  6.983E+007
 5.950E+013  1.645E-008  7.669E+007  7.025E+007
 5.970E+013  1.697E-008  7.792E+007  7.067E+007
 5.990E+013  1.750E-008  7.919E+007  7.110E+007
 6.010E+013  1.806E-008  8.052E+007  7.153E+007
 6.030E+013  1.865E-008  8.189E+007  7.196E+007
 6.050E+013  1.925E-008  8.332E+007  7.240E+007
 6.070E+013  1.989E-008  8.480E+007  7.284E+007
 6.090E+013  2.055E-008  8.634E+007  7.329E+007
 6.110E+013  2.124E-008  8.794E+007  7.374E+007
 6.130E+013  2.195E-008  8.960E+007  7.419E+007
 6.150E+013  2.270E-008  9.133E+007  7.465E+007
 6.170E+013  2.349E-008  9.313E+007  7.511E+007
 6.190E+013  2.431E-008  9.500E+007  7.557E+007
 6.210E+013  2.516E-008  9.695E+007  7.604E+007
 6.230E+013  2.606E-008  9.898E+007  7.651E+007
 6.250E+013  2.699E-008  1.011E+008  7.698E+007
 6.270E+013  2.797E-008  1.033E+008  7.746E+007
 6.290E+013  2.900E-008  1.056E+008  7.794E+007
 6.310E+013  3.008E-008  1.080E+008  7.843E+007
 6.330E+013  3.120E-008  1.104E+008  7.891E+007
 6.350E+013  3.240E-008  1.131E+008  7.941E+007
 6.370E+013  3.365E-008  1.158E+008  7.993E+007
 6.390E+013  3.488E-008  1.183E+008  8.039E+007
 6.410E+013  3.627E-008  1.215E+008  8.077E+007
 6.430E+013  3.804E-008  1.267E+008  8.164E+007
 6.450E+013  3.887E-008  1.276E+008  8.250E+007
 6.470E+013  3.708E-008  1.124E+008  8.127E+007
 6.490E+013  2.738E-008  6.050E+007  7.322E+007
 6.510E+013  1.590E-008  1.268E+007  5.250E+007
 6.530E+013  1.115E-008  5.419E+005  2.264E+007
 6.550E+013  1.007E-008  4.963E+002  2.789E+006
 6.570E+013  1.000E-008  6.236E+001  1.961E+004
 6.590E+013  1.000E-008  6.236E+001  4.229E-001
 6.610E+013  1.000E-008  6.236E+001  1.018E-009
 6.630E+013  1.000E-008  6.236E+001  6.428E-028
 6.650E+013  1.000E-008  6.236E+001  6.507E-065
 6.670E+013  1.000E-008  6.236E+001  1.851E-139
 6.690E+013  1.000E-008  6.236E+001  8.314E-013
 6.710E+013  1.000E-008  6.236E+001 -8.314E-013
 6.730E+013  1.000E-008  6.236E+001  0.000E+000
 6.750E+013  1.000E-008  6.236E+001  0.000E+000
 6.770E+013  1.000E-008  6.236E+001  8.314E-013
 6.790E+013  1.000E-008  6.236E+001 -8.314E-013
 6.810E+013  1.000E-008  6.236E+001  8.314E-013
 6.830E+013  1.000E-008  6.236E+001 -7.906E-034
 6.850E+013  1.000E-008  6.236E+001 -8.314E-013
 6.870E+013  1.000E-008  6.236E+001  0.000E+000
 6.890E+013  1.000E-008  6.236E+001  0.000E+000
 6.910E+013  1.000E-008  6.236E+001  0.000E+000
 6.930E+013  1.000E-008  6.236E+001  8.314E-013
 6.950E+013  1.000E-008  6.236E+001 -8.314E-013
 6.970E+013  1.000E-008  6.236E+001  0.000E+000
 6.990E+013  1.000E-008  6.236E+001  0.000E+000
 7.010E+013  1.000E-008  6.236E+001  0.000E+000
 7.030E+013  1.000E-008  6.236E+001  0.000E+000
 7.050E+013  1.000E-008  6.236E+001  0.000E+000
 7.070E+013  1.000E-008  6.236E+001  0.000E+000
 7.090E+013  1.000E-008  6.236E+001  0.000E+000
 7.110E+013  1.000E-008  6.236E+001  0.000E+000
 7.130E+013  1.000E-008  6.236E+001  0.000E+000
 7.150E+013  1.000E-008  6.236E+001  0.000E+000
 7.170E+013  1.000E-008  6.236E+001  0.000E+000
 7.190E+013  1.000E-008  6.236E+001  8.314E-013
 7.210E+013  1.000E-008  6.236E+001 -8.314E-013
 7.230E+013  1.000E-008  6.236E+001  0.000E+000
 7.250E+013  1.000E-008  6.236E+001  0.000E+000
 7.270E+013  1.000E-008  6.236E+001  1.663E-012
 7.290E+013  1.000E-008  6.236E+001 -2.963E-033
 7.310E+013  1.000E-008  6.236E+001 -1.663E-012
 7.330E+013  1.000E-008  6.236E+001 -6.744E-031
 7.350E+013  1.000E-008  6.236E+001 -8.314E-013
 7.370E+013  1.000E-008  6.236E+001  8.314E-013
 7.390E+013  1.000E-008  6.236E+001  6.737E-031
 7.410E+013  1.000E-008  6.236E+001  1.517E-067
 7.430E+013  1.000E-008  6.236E+001  3.586E-141
 7.450E+013  1.000E-008  6.236E+001  9.689E-289
 7.470E+013  1.000E-008  6.236E+001  0.000E+000
 7.490E+013  1.000E-008  6.236E+001  0.000E+000
 7.510E+013  1.000E-008  6.236E+001  0.000E+000
 7.530E+013  1.000E-008  6.236E+001  0.000E+000
 7.550E+013  1.000E-008  6.236E+001  0.000E+000
 7.570E+013  1.000E-008  6.236E+001  0.000E+000
 7.590E+013  1.000E-008  6.236E+001  0.000E+000
 7.610E+013  1.000E-008  6.236E+001  0.000E+000
 7.630E+013  1.000E-008  6.236E+001  0.000E+000
 7.650E+013  1.000E-008  6.236E+001  0.000E+000
 7.670E+013  1.000E-008  6.236E+001  1.663E-012
 7.690E+013  1.000E-008  6.236E+001 -1.663E-012
 7.710E+013  1.000E-008  6.236E+001  2.494E-012
 7.730E+013  1.000E-008  6.236E+001 -2.494E-012
 7.750E+013  1.000E-008  6.236E+001  1.597E-031
 7.770E+013  1.000E-008  6.236E+001  1.663E-012
 7.790E+013  1.000E-008  6.236E+001 -4.988E-012
 7.810E+013  1.000E-008  6.236E+001  4.988E-012
 7.830E+013  1.000E-008  6.236E+001 -1.663E-012
 7.850E+013  1.000E-008  6.236E+001 -1.072E-067
 7.870E+013  1.000E-008  6.236E+001 -5.662E-031
 7.890E+013  1.000E-008  6.236E+001 -8.314E-013
 7.910E+013  1.000E-008  6.236E+001 -4.157E-012
 7.930E+013  1.000E-008  6.236E+001  2.494E-012
 7.950E+013  1.000E-008  6.236E+001  2.494E-012
 7.970E+013  1.000E-008  6.236E+001 -3.325E-012
 7.990E+013  1.000E-008  6.236E+001  3.325E-012
 8.010E+013  1.000E-008  6.236E+001  1.078E-029
 8.030E+013  1.000E-008  6.236E+001  3.883E-065
 8.050E+013  1.000E-008  6.236E+001  2.350E-136
 8.070E+013  1.000E-008  6.236E+001 -4.488E-272
 8.090E+013  1.000E-008  6.236E+001 -7.717E-133
 8.110E+013  1.000E-008  6.236E+001 -2.225E-063
 8.130E+013  1.000E-008  6.236E+001 -8.160E-029
 8.150E+013  1.000E-008  6.236E+001 -9.145E-012
 8.170E+013  1.000E-008  6.236E+001  1.164E-011
 8.190E+013  1.000E-008  6.236E+001 -2.494E-012
 8.210E+013  1.000E-008  6.236E+001  0.000E+000
 8.230E+013  1.000E-008  6.236E+001  0.000E+000
 8.250E+013  1.000E-008  6.236E+001  0.000E+000
 8.270E+013  1.000E-008  6.236E+001  0.000E+000
 8.290E+013  1.000E-008  6.236E+001  3.325E-012
 8.310E+013  1.000E-008  6.236E+001 -3.325E-012
 8.330E+013  1.000E-008  6.236E+001 -6.548E-031
 8.350E+013  1.000E-008  6.236E+001  4.988E-012
 8.370E+013  1.000E-008  6.236E+001 -4.157E-012
 8.390E+013  1.000E-008  6.236E+001 -6.743E-031
 8.410E+013  1.000E-008  6.236E+001 -8.314E-013
 8.430E+013  1.000E-008  6.236E+001  8.314E-013
 8.450E+013  1.000E-008  6.236E+001 -6.389E-034
 8.470E+013  1.000E-008  6.236E+001 -8.314E-013
 8.490E+013  1.000E-008  6.236E+001 -3.179E-034
 8.510E+013  1.000E-008  6.236E+001  8.314E-013
 8.530E+013  1.000E-008  6.236E+001 -6.329E-034
 8.550E+013  1.000E-008  6.236E+001 -8.314E-013
 8.570E+013  1.000E-008  6.236E+001 -3.150E-034
 8.590E+013  1.000E-008  6.236E+001  8.314E-013
 8.610E+013  1.000E-008  6.236E+001 -8.314E-013
 8.630E+013  1.000E-008  6.236E+001  0.000E+000
 8.650E+013  1.000E-008  6.236E+001  0.000E+000
 8.670E+013  1.000E-008  6.236E+001  0.000E+000
 8.690E+013  1.000E-008  6.236E+001  0.000E+000
 8.710E+013  1.000E-008  6.236E+001  0.000E+000
 8.730E+013  1.000E-008  6.236E+001  0.000E+000
 8.750E+013  1.000E-008  6.236E+001  8.314E-013
 8.770E+013  1.000E-008  6.236E+001 -8.314E-013
 8.790E+013  1.000E-008  6.236E+001 -3.071E-034
 8.810E+013  1.000E-008  6.236E+001  8.314E-013
 8.830E+013  1.000E-008  6.236E+001 -8.314E-013
 8.850E+013  1.000E-008  6.236E+001  8.314E-013
 8.870E+013  1.000E-008  6.236E+001  8.314E-013
 8.890E+013  1.000E-008  6.236E+001 -1.663E-012
 8.910E+013  1.000E-008  6.236E+001  0.000E+000
 8.930E+013  1.000E-008  6.236E+001  0.000E+000
 8.950E+013  1.000E-008  6.236E+001  0.000E+000
 8.970E+013  1.000E-008  6.236E+001  0.000E+000
 8.990E+013  1.000E-008  6.236E+001  0.000E+000
 9.010E+013  1.000E-008  6.236E+001  8.314E-013
 9.030E+013  1.000E-008  6.236E+001 -5.978E-034
 9.050E+013  1.000E-008  6.236E+001 -8.314E-013
 9.070E+013  1.000E-008  6.236E+001  8.314E-013
 9.090E+013  1.000E-008  6.236E+001 -5.939E-034
 9.110E+013  1.000E-008  6.236E+001 -8.314E-013
 9.130E+013  1.000E-008  6.236E+001  0.000E+000
 9.150E+013  1.000E-008  6.236E+001  0.000E+000
 9.170E+013  1.000E-008  6.236E+001  0.000E+000
 9.190E+013  1.000E-008  6.236E+001  0.000E+000
 9.210E+013  1.000E-008  6.236E+001  0.000E+000
 9.230E+013  1.000E-008  6.236E+001  8.314E-013
 9.250E+013  1.000E-008  6.236E+001 -5.836E-034
 9.270E+013  1.000E-008  6.236E+001 -8.314E-013
 9.290E+013  1.000E-008  6.236E+001  0.000E+000
 9.310E+013  1.000E-008  6.236E+001  0.000E+000
 9.330E+013  1.000E-008  6.236E+001  0.000E+000
 9.350E+013  1.000E-008  6.236E+001  0.000E+000
 9.370E+013  1.000E-008  6.236E+001  8.314E-013
 9.390E+013  1.000E-008  6.236E+001 -8.314E-013
 9.410E+013  1.000E-008  6.236E+001  8.314E-013
 9.430E+013  1.000E-008  6.236E+001 -8.314E-013
 9.450E+013  1.000E-008  6.236E+001  0.000E+000
 9.470E+013  1.000E-008  6.236E+001  0.000E+000
 9.490E+013  1.000E-008  6.236E+001  0.000E+000
 9.510E+013  1.000E-008  6.236E+001  0.000E+000
 9.530E+013  1.000E-008  6.236E+001  8.314E-013
 9.550E+013  1.000E-008  6.236E+001 -8.314E-013
 9.570E+013  1.000E-008  6.236E+001 -1.520E-067
 9.590E+013  1.000E-008  6.236E+001 -6.743E-031
 9.610E+013  1.000E-008  6.236E+001 -8.314E-013
 9.630E+013  1.000E-008  6.236E+001  8.314E-013
 9.650E+013  1.000E-008  6.236E+001  6.737E-031
 9.670E+013  1.000E-008  6.236E+001  8.314E-013
 9.690E+013  1.000E-008  6.236E+001 -8.314E-013
 9.710E+013  1.000E-008  6.236E+001  0.000E+000
 9.730E+013  1.000E-008  6.236E+001  0.000E+000
 9.750E+013  1.000E-008  6.236E+001  0.000E+000
 9.770E+013  1.000E-008  6.236E+001  0.000E+000
 9.790E+013  1.000E-008  6.236E+001  0.000E+000
 9.810E+013  1.000E-008  6.236E+001  0.000E+000
 9.830E+013  1.000E-008  6.236E+001  0.000E+000
 9.850E+013  1.000E-008  6.236E+001  0.000E+000
 9.870E+013  1.000E-008  6.236E+001  0.000E+000
 9.890E+013  1.000E-008  6.236E+001  0.000E+000
 9.910E+013  1.000E-008  6.236E+001  0.000E+000
 9.930E+013  1.000E-008  6.236E+001  0.000E+000
 9.950E+013  1.000E-008  6.236E+001  8.314E-013
 9.970E+013  1.000E-008  6.236E+001 -8.314E-013
 9.990E+013  1.000E-008  6.236E+001  0.000E+000
 1.001E+014  1.000E-099  1.000E-099  0.000E+000
 1.003E+014  1.000E-099  1.000E-099  0.000E+000
 7.420E-003
