 9.601E+004
     x1b        dens       energ       v1
 1.000E+011  5.176E-012  1.177E+008  0.000E+000
 3.000E+011  5.182E-012  1.177E+008  4.286E+005
 5.000E+011  5.200E-012  1.177E+008  1.034E+006
 7.000E+011  5.237E-012  1.177E+008  1.494E+006
 9.000E+011  5.294E-012  1.177E+008  2.017E+006
 1.100E+012  5.372E-012  1.177E+008  2.510E+006
 1.300E+012  5.466E-012  1.177E+008  3.018E+006
 1.500E+012  5.571E-012  1.177E+008  3.518E+006
 1.700E+012  5.684E-012  1.177E+008  4.022E+006
 1.900E+012  5.801E-012  1.177E+008  4.524E+006
 2.100E+012  5.918E-012  1.177E+008  5.027E+006
 2.300E+012  6.035E-012  1.177E+008  5.529E+006
 2.500E+012  6.146E-012  1.177E+008  6.032E+006
 2.700E+012  6.244E-012  1.177E+008  6.535E+006
 2.900E+012  6.315E-012  1.177E+008  7.037E+006
 3.100E+012  6.351E-012  1.177E+008  7.540E+006
 3.300E+012  6.359E-012  1.177E+008  8.042E+006
 3.500E+012  6.360E-012  1.177E+008  8.545E+006
 3.700E+012  6.360E-012  1.177E+008  9.047E+006
 3.900E+012  6.359E-012  1.177E+008  9.550E+006
 4.100E+012  6.357E-012  1.177E+008  1.005E+007
 4.300E+012  6.353E-012  1.177E+008  1.056E+007
 4.500E+012  6.346E-012  1.177E+008  1.106E+007
 4.700E+012  6.338E-012  1.177E+008  1.156E+007
 4.900E+012  6.330E-012  1.177E+008  1.206E+007
 5.100E+012  6.326E-012  1.177E+008  1.257E+007
 5.300E+012  6.325E-012  1.177E+008  1.307E+007
 5.500E+012  6.325E-012  1.177E+008  1.357E+007
 5.700E+012  6.326E-012  1.177E+008  1.407E+007
 5.900E+012  6.328E-012  1.177E+008  1.458E+007
 6.100E+012  6.333E-012  1.177E+008  1.508E+007
 6.300E+012  6.341E-012  1.177E+008  1.558E+007
 6.500E+012  6.354E-012  1.177E+008  1.608E+007
 6.700E+012  6.373E-012  1.177E+008  1.659E+007
 6.900E+012  6.400E-012  1.177E+008  1.709E+007
 7.100E+012  6.435E-012  1.177E+008  1.759E+007
 7.300E+012  6.482E-012  1.177E+008  1.810E+007
 7.500E+012  6.542E-012  1.177E+008  1.860E+007
 7.700E+012  6.617E-012  1.177E+008  1.910E+007
 7.900E+012  6.708E-012  1.177E+008  1.960E+007
 8.100E+012  6.820E-012  1.177E+008  2.011E+007
 8.300E+012  6.953E-012  1.177E+008  2.061E+007
 8.500E+012  7.112E-012  1.177E+008  2.111E+007
 8.700E+012  7.300E-012  1.177E+008  2.162E+007
 8.900E+012  7.521E-012  1.177E+008  2.212E+007
 9.100E+012  7.779E-012  1.177E+008  2.262E+007
 9.300E+012  8.079E-012  1.177E+008  2.313E+007
 9.500E+012  8.427E-012  1.177E+008  2.363E+007
 9.700E+012  8.829E-012  1.177E+008  2.413E+007
 9.900E+012  9.294E-012  1.177E+008  2.464E+007
 1.010E+013  9.830E-012  1.177E+008  2.514E+007
 1.030E+013  1.045E-011  1.177E+008  2.565E+007
 1.050E+013  1.115E-011  1.177E+008  2.615E+007
 1.070E+013  1.197E-011  1.177E+008  2.666E+007
 1.090E+013  1.290E-011  1.177E+008  2.716E+007
 1.110E+013  1.396E-011  1.177E+008  2.767E+007
 1.130E+013  1.518E-011  1.177E+008  2.818E+007
 1.150E+013  1.656E-011  1.177E+008  2.868E+007
 1.170E+013  1.812E-011  1.177E+008  2.919E+007
 1.190E+013  1.989E-011  1.177E+008  2.969E+007
 1.210E+013  2.188E-011  1.177E+008  3.020E+007
 1.230E+013  2.411E-011  1.177E+008  3.071E+007
 1.250E+013  2.659E-011  1.177E+008  3.121E+007
 1.270E+013  2.932E-011  1.177E+008  3.171E+007
 1.290E+013  3.232E-011  1.177E+008  3.222E+007
 1.310E+013  3.559E-011  1.177E+008  3.272E+007
 1.330E+013  3.911E-011  1.177E+008  3.322E+007
 1.350E+013  4.287E-011  1.177E+008  3.372E+007
 1.370E+013  4.686E-011  1.177E+008  3.422E+007
 1.390E+013  5.106E-011  1.178E+008  3.473E+007
 1.410E+013  5.543E-011  1.178E+008  3.523E+007
 1.430E+013  5.997E-011  1.178E+008  3.573E+007
 1.450E+013  6.464E-011  1.178E+008  3.623E+007
 1.470E+013  6.942E-011  1.178E+008  3.673E+007
 1.490E+013  7.430E-011  1.178E+008  3.723E+007
 1.510E+013  7.928E-011  1.178E+008  3.773E+007
 1.530E+013  8.434E-011  1.178E+008  3.823E+007
 1.550E+013  8.948E-011  1.178E+008  3.873E+007
 1.570E+013  9.472E-011  1.178E+008  3.923E+007
 1.590E+013  1.001E-010  1.178E+008  3.974E+007
 1.610E+013  1.055E-010  1.178E+008  4.024E+007
 1.630E+013  1.111E-010  1.178E+008  4.074E+007
 1.650E+013  1.168E-010  1.178E+008  4.124E+007
 1.670E+013  1.227E-010  1.179E+008  4.175E+007
 1.690E+013  1.289E-010  1.179E+008  4.225E+007
 1.710E+013  1.352E-010  1.179E+008  4.276E+007
 1.730E+013  1.418E-010  1.179E+008  4.326E+007
 1.750E+013  1.486E-010  1.179E+008  4.376E+007
 1.770E+013  1.558E-010  1.179E+008  4.427E+007
 1.790E+013  1.633E-010  1.179E+008  4.477E+007
 1.810E+013  1.712E-010  1.180E+008  4.528E+007
 1.830E+013  1.795E-010  1.180E+008  4.578E+007
 1.850E+013  1.882E-010  1.180E+008  4.629E+007
 1.870E+013  1.973E-010  1.180E+008  4.679E+007
 1.890E+013  2.069E-010  1.180E+008  4.730E+007
 1.910E+013  2.170E-010  1.181E+008  4.780E+007
 1.930E+013  2.276E-010  1.181E+008  4.831E+007
 1.950E+013  2.387E-010  1.181E+008  4.882E+007
 1.970E+013  2.503E-010  1.182E+008  4.932E+007
 1.990E+013  2.624E-010  1.182E+008  4.983E+007
 2.010E+013  2.751E-010  1.182E+008  5.034E+007
 2.030E+013  2.883E-010  1.183E+008  5.084E+007
 2.050E+013  3.021E-010  1.183E+008  5.135E+007
 2.070E+013  3.163E-010  1.183E+008  5.186E+007
 2.090E+013  3.311E-010  1.184E+008  5.236E+007
 2.110E+013  3.464E-010  1.184E+008  5.287E+007
 2.130E+013  3.621E-010  1.185E+008  5.338E+007
 2.150E+013  3.784E-010  1.185E+008  5.389E+007
 2.170E+013  3.951E-010  1.185E+008  5.440E+007
 2.190E+013  4.123E-010  1.186E+008  5.491E+007
 2.210E+013  4.301E-010  1.187E+008  5.542E+007
 2.230E+013  4.483E-010  1.187E+008  5.593E+007
 2.250E+013  4.671E-010  1.188E+008  5.644E+007
 2.270E+013  4.864E-010  1.188E+008  5.695E+007
 2.290E+013  5.063E-010  1.189E+008  5.746E+007
 2.310E+013  5.268E-010  1.190E+008  5.798E+007
 2.330E+013  5.480E-010  1.191E+008  5.849E+007
 2.350E+013  5.699E-010  1.191E+008  5.900E+007
 2.370E+013  5.926E-010  1.192E+008  5.952E+007
 2.390E+013  6.161E-010  1.193E+008  6.003E+007
 2.410E+013  6.404E-010  1.194E+008  6.055E+007
 2.430E+013  6.656E-010  1.195E+008  6.107E+007
 2.450E+013  6.917E-010  1.196E+008  6.158E+007
 2.470E+013  7.189E-010  1.197E+008  6.210E+007
 2.490E+013  7.471E-010  1.198E+008  6.262E+007
 2.510E+013  7.763E-010  1.199E+008  6.314E+007
 2.530E+013  8.067E-010  1.200E+008  6.366E+007
 2.550E+013  8.382E-010  1.202E+008  6.419E+007
 2.570E+013  8.709E-010  1.203E+008  6.471E+007
 2.590E+013  9.048E-010  1.204E+008  6.523E+007
 2.610E+013  9.399E-010  1.206E+008  6.576E+007
 2.630E+013  9.762E-010  1.207E+008  6.629E+007
 2.650E+013  1.014E-009  1.209E+008  6.681E+007
 2.670E+013  1.053E-009  1.210E+008  6.734E+007
 2.690E+013  1.093E-009  1.212E+008  6.787E+007
 2.710E+013  1.134E-009  1.214E+008  6.841E+007
 2.730E+013  1.177E-009  1.216E+008  6.894E+007
 2.750E+013  1.222E-009  1.218E+008  6.947E+007
 2.770E+013  1.267E-009  1.220E+008  7.001E+007
 2.790E+013  1.314E-009  1.222E+008  7.055E+007
 2.810E+013  1.363E-009  1.224E+008  7.109E+007
 2.830E+013  1.413E-009  1.227E+008  7.163E+007
 2.850E+013  1.464E-009  1.229E+008  7.218E+007
 2.870E+013  1.518E-009  1.232E+008  7.272E+007
 2.890E+013  1.573E-009  1.234E+008  7.327E+007
 2.910E+013  1.629E-009  1.237E+008  7.382E+007
 2.930E+013  1.688E-009  1.240E+008  7.437E+007
 2.950E+013  1.748E-009  1.243E+008  7.493E+007
 2.970E+013  1.810E-009  1.247E+008  7.548E+007
 2.990E+013  1.874E-009  1.250E+008  7.604E+007
 3.010E+013  1.941E-009  1.253E+008  7.661E+007
 3.030E+013  2.009E-009  1.257E+008  7.717E+007
 3.050E+013  2.079E-009  1.261E+008  7.774E+007
 3.070E+013  2.152E-009  1.265E+008  7.831E+007
 3.090E+013  2.226E-009  1.269E+008  7.889E+007
 3.110E+013  2.304E-009  1.273E+008  7.946E+007
 3.130E+013  2.383E-009  1.278E+008  8.004E+007
 3.150E+013  2.465E-009  1.283E+008  8.063E+007
 3.170E+013  2.550E-009  1.287E+008  8.122E+007
 3.190E+013  2.637E-009  1.293E+008  8.181E+007
 3.210E+013  2.727E-009  1.298E+008  8.240E+007
 3.230E+013  2.820E-009  1.303E+008  8.300E+007
 3.250E+013  2.915E-009  1.309E+008  8.361E+007
 3.270E+013  3.014E-009  1.315E+008  8.421E+007
 3.290E+013  3.117E-009  1.322E+008  8.483E+007
 3.310E+013  3.222E-009  1.328E+008  8.544E+007
 3.330E+013  3.332E-009  1.335E+008  8.606E+007
 3.350E+013  3.445E-009  1.342E+008  8.669E+007
 3.370E+013  3.562E-009  1.350E+008  8.732E+007
 3.390E+013  3.683E-009  1.357E+008  8.796E+007
 3.410E+013  3.809E-009  1.365E+008  8.860E+007
 3.430E+013  3.939E-009  1.374E+008  8.925E+007
 3.450E+013  4.074E-009  1.383E+008  8.990E+007
 3.470E+013  4.214E-009  1.392E+008  9.056E+007
 3.490E+013  4.359E-009  1.401E+008  9.123E+007
 3.510E+013  4.510E-009  1.411E+008  9.190E+007
 3.530E+013  4.666E-009  1.422E+008  9.258E+007
 3.550E+013  4.829E-009  1.433E+008  9.327E+007
 3.570E+013  4.997E-009  1.444E+008  9.396E+007
 3.590E+013  5.173E-009  1.456E+008  9.466E+007
 3.610E+013  5.355E-009  1.468E+008  9.537E+007
 3.630E+013  5.544E-009  1.481E+008  9.608E+007
 3.650E+013  5.741E-009  1.495E+008  9.681E+007
 3.670E+013  5.946E-009  1.509E+008  9.754E+007
 3.690E+013  6.159E-009  1.524E+008  9.828E+007
 3.710E+013  6.381E-009  1.539E+008  9.903E+007
 3.730E+013  6.612E-009  1.555E+008  9.979E+007
 3.750E+013  6.853E-009  1.572E+008  1.006E+008
 3.770E+013  7.104E-009  1.590E+008  1.013E+008
 3.790E+013  7.366E-009  1.608E+008  1.021E+008
 3.810E+013  7.638E-009  1.628E+008  1.029E+008
 3.830E+013  7.923E-009  1.648E+008  1.037E+008
 3.850E+013  8.220E-009  1.669E+008  1.045E+008
 3.870E+013  8.531E-009  1.691E+008  1.054E+008
 3.890E+013  8.855E-009  1.714E+008  1.062E+008
 3.910E+013  9.195E-009  1.739E+008  1.070E+008
 3.930E+013  9.550E-009  1.764E+008  1.079E+008
 3.950E+013  9.922E-009  1.791E+008  1.088E+008
 3.970E+013  1.031E-008  1.819E+008  1.096E+008
 3.990E+013  1.072E-008  1.848E+008  1.105E+008
 4.010E+013  1.115E-008  1.879E+008  1.114E+008
 4.030E+013  1.160E-008  1.911E+008  1.124E+008
 4.050E+013  1.207E-008  1.945E+008  1.133E+008
 4.070E+013  1.257E-008  1.981E+008  1.142E+008
 4.090E+013  1.309E-008  2.018E+008  1.152E+008
 4.110E+013  1.364E-008  2.058E+008  1.161E+008
 4.130E+013  1.423E-008  2.099E+008  1.171E+008
 4.150E+013  1.484E-008  2.143E+008  1.181E+008
 4.170E+013  1.549E-008  2.189E+008  1.191E+008
 4.190E+013  1.617E-008  2.237E+008  1.201E+008
 4.210E+013  1.689E-008  2.288E+008  1.212E+008
 4.230E+013  1.766E-008  2.342E+008  1.222E+008
 4.250E+013  1.847E-008  2.398E+008  1.233E+008
 4.270E+013  1.933E-008  2.458E+008  1.243E+008
 4.290E+013  2.024E-008  2.521E+008  1.254E+008
 4.310E+013  2.121E-008  2.588E+008  1.265E+008
 4.330E+013  2.224E-008  2.658E+008  1.276E+008
 4.350E+013  2.333E-008  2.732E+008  1.288E+008
 4.370E+013  2.449E-008  2.811E+008  1.299E+008
 4.390E+013  2.573E-008  2.894E+008  1.310E+008
 4.410E+013  2.705E-008  2.982E+008  1.322E+008
 4.430E+013  2.846E-008  3.075E+008  1.334E+008
 4.450E+013  2.999E-008  3.178E+008  1.346E+008
 4.470E+013  3.157E-008  3.278E+008  1.358E+008
 4.490E+013  3.319E-008  3.375E+008  1.367E+008
 4.510E+013  3.531E-008  3.546E+008  1.380E+008
 4.530E+013  3.738E-008  3.717E+008  1.408E+008
 4.550E+013  3.735E-008  3.543E+008  1.409E+008
 4.570E+013  3.177E-008  2.463E+008  1.332E+008
 4.590E+013  1.954E-008  7.761E+007  1.065E+008
 4.610E+013  1.233E-008  7.089E+006  5.869E+007
 4.630E+013  1.025E-008  3.925E+004  1.340E+007
 4.650E+013  1.000E-008  6.267E+001  3.568E+005
 4.670E+013  1.000E-008  6.236E+001  1.076E+002
 4.690E+013  1.000E-008  6.236E+001  4.261E-006
 4.710E+013  1.000E-008  6.236E+001 -3.403E-013
 4.730E+013  1.000E-008  6.236E+001  0.000E+000
 4.750E+013  1.000E-008  6.236E+001  0.000E+000
 4.770E+013  1.000E-008  6.236E+001  0.000E+000
 4.790E+013  1.000E-008  6.236E+001  3.411E-013
 4.810E+013  1.000E-008  6.236E+001 -3.411E-013
 4.830E+013  1.000E-008  6.236E+001 -3.864E-035
 4.850E+013  1.000E-008  6.236E+001  3.411E-013
 4.870E+013  1.000E-008  6.236E+001 -3.411E-013
 4.890E+013  1.000E-008  6.236E+001  0.000E+000
 4.910E+013  1.000E-008  6.236E+001  0.000E+000
 4.930E+013  1.000E-008  6.236E+001  0.000E+000
 4.950E+013  1.000E-008  6.236E+001  0.000E+000
 4.970E+013  1.000E-008  6.236E+001  0.000E+000
 4.990E+013  1.000E-008  6.236E+001  6.822E-013
 5.010E+013  1.000E-008  6.236E+001 -1.023E-012
 5.030E+013  1.000E-008  6.236E+001  3.411E-013
 5.050E+013  1.000E-008  6.236E+001  4.653E-032
 5.070E+013  1.000E-008  6.236E+001  2.967E-070
 5.090E+013  1.000E-008  6.236E+001  5.628E-147
 5.110E+013  1.000E-008  6.236E+001  3.411E-013
 5.130E+013  1.000E-008  6.236E+001 -3.411E-013
 5.150E+013  1.000E-008  6.236E+001  0.000E+000
 5.170E+013  1.000E-008  6.236E+001  0.000E+000
 5.190E+013  1.000E-008  6.236E+001 -9.899E-301
 5.210E+013  1.000E-008  6.236E+001 -5.663E-147
 5.230E+013  1.000E-008  6.236E+001 -2.977E-070
 5.250E+013  1.000E-008  6.236E+001 -4.660E-032
 5.270E+013  1.000E-008  6.236E+001 -3.411E-013
 5.290E+013  1.000E-008  6.236E+001  3.411E-013
 5.310E+013  1.000E-008  6.236E+001  4.653E-032
 5.330E+013  1.000E-008  6.236E+001  2.968E-070
 5.350E+013  1.000E-008  6.236E+001  6.822E-013
 5.370E+013  1.000E-008  6.236E+001 -6.822E-013
 5.390E+013  1.000E-008  6.236E+001  6.139E-033
 5.410E+013  1.000E-008  6.236E+001  3.411E-013
 5.430E+013  1.000E-008  6.236E+001  3.411E-013
 5.450E+013  1.000E-008  6.236E+001  3.411E-013
 5.470E+013  1.000E-008  6.236E+001 -1.023E-012
 5.490E+013  1.000E-008  6.236E+001 -4.660E-032
 5.510E+013  1.000E-008  6.236E+001 -3.411E-013
 5.530E+013  1.000E-008  6.236E+001  6.822E-013
 5.550E+013  1.000E-008  6.236E+001 -1.364E-012
 5.570E+013  1.000E-008  6.236E+001  6.822E-013
 5.590E+013  1.000E-008  6.236E+001  3.411E-013
 5.610E+013  1.000E-008  6.236E+001 -3.411E-013
 5.630E+013  1.000E-008  6.236E+001  3.411E-013
 5.650E+013  1.000E-008  6.236E+001 -2.047E-012
 5.670E+013  1.000E-008  6.236E+001  2.047E-012
 5.690E+013  1.000E-008  6.236E+001  2.047E-012
 5.710E+013  1.000E-008  6.236E+001 -2.047E-012
 5.730E+013  1.000E-008  6.236E+001  2.388E-012
 5.750E+013  1.000E-008  6.236E+001 -5.117E-012
 5.770E+013  1.000E-008  6.236E+001 -3.411E-013
 5.790E+013  1.000E-008  6.236E+001  3.070E-012
 5.810E+013  1.000E-008  6.236E+001  1.637E-011
 5.830E+013  1.000E-008  6.236E+001 -1.637E-011
 5.850E+013  1.000E-008  6.236E+001  0.000E+000
 5.870E+013  1.000E-008  6.236E+001  0.000E+000
 5.890E+013  1.000E-008  6.236E+001  0.000E+000
 5.910E+013  1.000E-008  6.236E+001  0.000E+000
 5.930E+013  1.000E-008  6.236E+001  0.000E+000
 5.950E+013  1.000E-008  6.236E+001  0.000E+000
 5.970E+013  1.000E-008  6.236E+001  0.000E+000
 5.990E+013  1.000E-008  6.236E+001  0.000E+000
 6.010E+013  1.000E-008  6.236E+001  0.000E+000
 6.030E+013  1.000E-008  6.236E+001  3.411E-013
 6.050E+013  1.000E-008  6.236E+001 -3.411E-013
 6.070E+013  1.000E-008  6.236E+001  3.411E-013
 6.090E+013  1.000E-008  6.236E+001 -3.411E-013
 6.110E+013  1.000E-008  6.236E+001  0.000E+000
 6.130E+013  1.000E-008  6.236E+001  0.000E+000
 6.150E+013  1.000E-008  6.236E+001  0.000E+000
 6.170E+013  1.000E-008  6.236E+001  3.411E-013
 6.190E+013  1.000E-008  6.236E+001 -3.411E-013
 6.210E+013  1.000E-008  6.236E+001  0.000E+000
 6.230E+013  1.000E-008  6.236E+001  0.000E+000
 6.250E+013  1.000E-008  6.236E+001  0.000E+000
 6.270E+013  1.000E-008  6.236E+001  0.000E+000
 6.290E+013  1.000E-008  6.236E+001  0.000E+000
 6.310E+013  1.000E-008  6.236E+001  0.000E+000
 6.330E+013  1.000E-008  6.236E+001  0.000E+000
 6.350E+013  1.000E-008  6.236E+001  3.411E-013
 6.370E+013  1.000E-008  6.236E+001 -3.411E-013
 6.390E+013  1.000E-008  6.236E+001  0.000E+000
 6.410E+013  1.000E-008  6.236E+001  0.000E+000
 6.430E+013  1.000E-008  6.236E+001  0.000E+000
 6.450E+013  1.000E-008  6.236E+001  0.000E+000
 6.470E+013  1.000E-008  6.236E+001  3.411E-013
 6.490E+013  1.000E-008  6.236E+001 -3.411E-013
 6.510E+013  1.000E-008  6.236E+001  0.000E+000
 6.530E+013  1.000E-008  6.236E+001  0.000E+000
 6.550E+013  1.000E-008  6.236E+001  0.000E+000
 6.570E+013  1.000E-008  6.236E+001  0.000E+000
 6.590E+013  1.000E-008  6.236E+001  3.411E-013
 6.610E+013  1.000E-008  6.236E+001 -3.411E-013
 6.630E+013  1.000E-008  6.236E+001  0.000E+000
 6.650E+013  1.000E-008  6.236E+001  0.000E+000
 6.670E+013  1.000E-008  6.236E+001  0.000E+000
 6.690E+013  1.000E-008  6.236E+001  3.411E-013
 6.710E+013  1.000E-008  6.236E+001 -3.411E-013
 6.730E+013  1.000E-008  6.236E+001  0.000E+000
 6.750E+013  1.000E-008  6.236E+001  0.000E+000
 6.770E+013  1.000E-008  6.236E+001  3.411E-013
 6.790E+013  1.000E-008  6.236E+001 -3.411E-013
 6.810E+013  1.000E-008  6.236E+001  3.411E-013
 6.830E+013  1.000E-008  6.236E+001 -5.462E-035
 6.850E+013  1.000E-008  6.236E+001 -3.411E-013
 6.870E+013  1.000E-008  6.236E+001  0.000E+000
 6.890E+013  1.000E-008  6.236E+001  0.000E+000
 6.910E+013  1.000E-008  6.236E+001  0.000E+000
 6.930E+013  1.000E-008  6.236E+001  3.411E-013
 6.950E+013  1.000E-008  6.236E+001 -3.411E-013
 6.970E+013  1.000E-008  6.236E+001  0.000E+000
 6.990E+013  1.000E-008  6.236E+001  0.000E+000
 7.010E+013  1.000E-008  6.236E+001  0.000E+000
 7.030E+013  1.000E-008  6.236E+001  0.000E+000
 7.050E+013  1.000E-008  6.236E+001  0.000E+000
 7.070E+013  1.000E-008  6.236E+001  0.000E+000
 7.090E+013  1.000E-008  6.236E+001  0.000E+000
 7.110E+013  1.000E-008  6.236E+001  0.000E+000
 7.130E+013  1.000E-008  6.236E+001  0.000E+000
 7.150E+013  1.000E-008  6.236E+001  0.000E+000
 7.170E+013  1.000E-008  6.236E+001  0.000E+000
 7.190E+013  1.000E-008  6.236E+001  3.411E-013
 7.210E+013  1.000E-008  6.236E+001 -3.411E-013
 7.230E+013  1.000E-008  6.236E+001  0.000E+000
 7.250E+013  1.000E-008  6.236E+001  0.000E+000
 7.270E+013  1.000E-008  6.236E+001  6.822E-013
 7.290E+013  1.000E-008  6.236E+001 -2.047E-034
 7.310E+013  1.000E-008  6.236E+001 -6.822E-013
 7.330E+013  1.000E-008  6.236E+001 -4.659E-032
 7.350E+013  1.000E-008  6.236E+001 -3.411E-013
 7.370E+013  1.000E-008  6.236E+001  3.411E-013
 7.390E+013  1.000E-008  6.236E+001  4.654E-032
 7.410E+013  1.000E-008  6.236E+001  2.969E-070
 7.430E+013  1.000E-008  6.236E+001  5.633E-147
 7.450E+013  1.000E-008  6.236E+001  9.797E-301
 7.470E+013  1.000E-008  6.236E+001  0.000E+000
 7.490E+013  1.000E-008  6.236E+001  0.000E+000
 7.510E+013  1.000E-008  6.236E+001  0.000E+000
 7.530E+013  1.000E-008  6.236E+001  0.000E+000
 7.550E+013  1.000E-008  6.236E+001  0.000E+000
 7.570E+013  1.000E-008  6.236E+001  0.000E+000
 7.590E+013  1.000E-008  6.236E+001  0.000E+000
 7.610E+013  1.000E-008  6.236E+001  0.000E+000
 7.630E+013  1.000E-008  6.236E+001  0.000E+000
 7.650E+013  1.000E-008  6.236E+001  0.000E+000
 7.670E+013  1.000E-008  6.236E+001  6.822E-013
 7.690E+013  1.000E-008  6.236E+001 -6.822E-013
 7.710E+013  1.000E-008  6.236E+001  1.023E-012
 7.730E+013  1.000E-008  6.236E+001 -1.023E-012
 7.750E+013  1.000E-008  6.236E+001  1.103E-032
 7.770E+013  1.000E-008  6.236E+001  6.822E-013
 7.790E+013  1.000E-008  6.236E+001 -2.047E-012
 7.810E+013  1.000E-008  6.236E+001  2.047E-012
 7.830E+013  1.000E-008  6.236E+001 -6.822E-013
 7.850E+013  1.000E-008  6.236E+001 -2.098E-070
 7.870E+013  1.000E-008  6.236E+001 -3.912E-032
 7.890E+013  1.000E-008  6.236E+001 -3.411E-013
 7.910E+013  1.000E-008  6.236E+001 -1.706E-012
 7.930E+013  1.000E-008  6.236E+001  1.023E-012
 7.950E+013  1.000E-008  6.236E+001  1.023E-012
 7.970E+013  1.000E-008  6.236E+001 -1.364E-012
 7.990E+013  1.000E-008  6.236E+001  1.364E-012
 8.010E+013  1.000E-008  6.236E+001  7.446E-031
 8.030E+013  1.000E-008  6.236E+001  7.601E-068
 8.050E+013  1.000E-008  6.236E+001  3.692E-142
 8.070E+013  1.000E-008  6.236E+001 -4.537E-284
 8.090E+013  1.000E-008  6.236E+001 -1.212E-138
 8.110E+013  1.000E-008  6.236E+001 -4.355E-066
 8.130E+013  1.000E-008  6.236E+001 -5.637E-030
 8.150E+013  1.000E-008  6.236E+001 -3.752E-012
 8.170E+013  1.000E-008  6.236E+001  4.776E-012
 8.190E+013  1.000E-008  6.236E+001 -1.023E-012
 8.210E+013  1.000E-008  6.236E+001  0.000E+000
 8.230E+013  1.000E-008  6.236E+001  0.000E+000
 8.250E+013  1.000E-008  6.236E+001  0.000E+000
 8.270E+013  1.000E-008  6.236E+001  0.000E+000
 8.290E+013  1.000E-008  6.236E+001  1.364E-012
 8.310E+013  1.000E-008  6.236E+001 -1.364E-012
 8.330E+013  1.000E-008  6.236E+001 -4.524E-032
 8.350E+013  1.000E-008  6.236E+001  2.047E-012
 8.370E+013  1.000E-008  6.236E+001 -1.706E-012
 8.390E+013  1.000E-008  6.236E+001 -4.659E-032
 8.410E+013  1.000E-008  6.236E+001 -3.411E-013
 8.430E+013  1.000E-008  6.236E+001  3.411E-013
 8.450E+013  1.000E-008  6.236E+001 -4.414E-035
 8.470E+013  1.000E-008  6.236E+001 -3.411E-013
 8.490E+013  1.000E-008  6.236E+001 -2.196E-035
 8.510E+013  1.000E-008  6.236E+001  3.411E-013
 8.530E+013  1.000E-008  6.236E+001 -4.372E-035
 8.550E+013  1.000E-008  6.236E+001 -3.411E-013
 8.570E+013  1.000E-008  6.236E+001 -2.176E-035
 8.590E+013  1.000E-008  6.236E+001  3.411E-013
 8.610E+013  1.000E-008  6.236E+001 -3.411E-013
 8.630E+013  1.000E-008  6.236E+001  0.000E+000
 8.650E+013  1.000E-008  6.236E+001  0.000E+000
 8.670E+013  1.000E-008  6.236E+001  0.000E+000
 8.690E+013  1.000E-008  6.236E+001  0.000E+000
 8.710E+013  1.000E-008  6.236E+001  0.000E+000
 8.730E+013  1.000E-008  6.236E+001  0.000E+000
 8.750E+013  1.000E-008  6.236E+001  3.411E-013
 8.770E+013  1.000E-008  6.236E+001 -3.411E-013
 8.790E+013  1.000E-008  6.236E+001 -2.121E-035
 8.810E+013  1.000E-008  6.236E+001  3.411E-013
 8.830E+013  1.000E-008  6.236E+001 -3.411E-013
 8.850E+013  1.000E-008  6.236E+001  3.411E-013
 8.870E+013  1.000E-008  6.236E+001  3.411E-013
 8.890E+013  1.000E-008  6.236E+001 -6.822E-013
 8.910E+013  1.000E-008  6.236E+001  0.000E+000
 8.930E+013  1.000E-008  6.236E+001  0.000E+000
 8.950E+013  1.000E-008  6.236E+001  0.000E+000
 8.970E+013  1.000E-008  6.236E+001  0.000E+000
 8.990E+013  1.000E-008  6.236E+001  0.000E+000
 9.010E+013  1.000E-008  6.236E+001  3.411E-013
 9.030E+013  1.000E-008  6.236E+001 -4.130E-035
 9.050E+013  1.000E-008  6.236E+001 -3.411E-013
 9.070E+013  1.000E-008  6.236E+001  3.411E-013
 9.090E+013  1.000E-008  6.236E+001 -4.103E-035
 9.110E+013  1.000E-008  6.236E+001 -3.411E-013
 9.130E+013  1.000E-008  6.236E+001  0.000E+000
 9.150E+013  1.000E-008  6.236E+001  0.000E+000
 9.170E+013  1.000E-008  6.236E+001  0.000E+000
 9.190E+013  1.000E-008  6.236E+001  0.000E+000
 9.210E+013  1.000E-008  6.236E+001  0.000E+000
 9.230E+013  1.000E-008  6.236E+001  3.411E-013
 9.250E+013  1.000E-008  6.236E+001 -4.031E-035
 9.270E+013  1.000E-008  6.236E+001 -3.411E-013
 9.290E+013  1.000E-008  6.236E+001  0.000E+000
 9.310E+013  1.000E-008  6.236E+001  0.000E+000
 9.330E+013  1.000E-008  6.236E+001  0.000E+000
 9.350E+013  1.000E-008  6.236E+001  0.000E+000
 9.370E+013  1.000E-008  6.236E+001  3.411E-013
 9.390E+013  1.000E-008  6.236E+001 -3.411E-013
 9.410E+013  1.000E-008  6.236E+001  3.411E-013
 9.430E+013  1.000E-008  6.236E+001 -3.411E-013
 9.450E+013  1.000E-008  6.236E+001  0.000E+000
 9.470E+013  1.000E-008  6.236E+001  0.000E+000
 9.490E+013  1.000E-008  6.236E+001  0.000E+000
 9.510E+013  1.000E-008  6.236E+001  0.000E+000
 9.530E+013  1.000E-008  6.236E+001  3.411E-013
 9.550E+013  1.000E-008  6.236E+001 -3.411E-013
 9.570E+013  1.000E-008  6.236E+001 -2.975E-070
 9.590E+013  1.000E-008  6.236E+001 -4.658E-032
 9.610E+013  1.000E-008  6.236E+001 -3.411E-013
 9.630E+013  1.000E-008  6.236E+001  3.411E-013
 9.650E+013  1.000E-008  6.236E+001  4.654E-032
 9.670E+013  1.000E-008  6.236E+001  3.411E-013
 9.690E+013  1.000E-008  6.236E+001 -3.411E-013
 9.710E+013  1.000E-008  6.236E+001  0.000E+000
 9.730E+013  1.000E-008  6.236E+001  0.000E+000
 9.750E+013  1.000E-008  6.236E+001  0.000E+000
 9.770E+013  1.000E-008  6.236E+001  0.000E+000
 9.790E+013  1.000E-008  6.236E+001  0.000E+000
 9.810E+013  1.000E-008  6.236E+001  0.000E+000
 9.830E+013  1.000E-008  6.236E+001  0.000E+000
 9.850E+013  1.000E-008  6.236E+001  0.000E+000
 9.870E+013  1.000E-008  6.236E+001  0.000E+000
 9.890E+013  1.000E-008  6.236E+001  0.000E+000
 9.910E+013  1.000E-008  6.236E+001  0.000E+000
 9.930E+013  1.000E-008  6.236E+001  0.000E+000
 9.950E+013  1.000E-008  6.236E+001  3.411E-013
 9.970E+013  1.000E-008  6.236E+001 -3.411E-013
 9.990E+013  1.000E-008  6.236E+001  0.000E+000
 1.001E+014  1.000E-099  1.000E-099  0.000E+000
 1.003E+014  1.000E-099  1.000E-099  0.000E+000
 3.045E-003
