 3.601E+004
     x1b        dens       energ       v1
 1.000E+011  1.051E-011  3.830E+008  0.000E+000
 3.000E+011  1.053E-011  3.832E+008  1.754E+006
 5.000E+011  1.061E-011  3.831E+008  2.507E+006
 7.000E+011  1.074E-011  3.831E+008  4.074E+006
 9.000E+011  1.095E-011  3.831E+008  5.302E+006
 1.100E+012  1.120E-011  3.831E+008  6.685E+006
 1.300E+012  1.148E-011  3.831E+008  7.997E+006
 1.500E+012  1.178E-011  3.831E+008  9.340E+006
 1.700E+012  1.208E-011  3.831E+008  1.067E+007
 1.900E+012  1.238E-011  3.831E+008  1.201E+007
 2.100E+012  1.264E-011  3.831E+008  1.334E+007
 2.300E+012  1.282E-011  3.831E+008  1.467E+007
 2.500E+012  1.290E-011  3.831E+008  1.601E+007
 2.700E+012  1.291E-011  3.831E+008  1.734E+007
 2.900E+012  1.291E-011  3.831E+008  1.867E+007
 3.100E+012  1.291E-011  3.831E+008  2.001E+007
 3.300E+012  1.290E-011  3.831E+008  2.134E+007
 3.500E+012  1.289E-011  3.831E+008  2.267E+007
 3.700E+012  1.287E-011  3.831E+008  2.401E+007
 3.900E+012  1.285E-011  3.831E+008  2.534E+007
 4.100E+012  1.284E-011  3.831E+008  2.668E+007
 4.300E+012  1.284E-011  3.832E+008  2.801E+007
 4.500E+012  1.284E-011  3.832E+008  2.934E+007
 4.700E+012  1.285E-011  3.832E+008  3.068E+007
 4.900E+012  1.286E-011  3.832E+008  3.201E+007
 5.100E+012  1.289E-011  3.832E+008  3.335E+007
 5.300E+012  1.294E-011  3.832E+008  3.468E+007
 5.500E+012  1.301E-011  3.832E+008  3.601E+007
 5.700E+012  1.312E-011  3.832E+008  3.735E+007
 5.900E+012  1.326E-011  3.832E+008  3.868E+007
 6.100E+012  1.345E-011  3.832E+008  4.002E+007
 6.300E+012  1.370E-011  3.832E+008  4.135E+007
 6.500E+012  1.402E-011  3.832E+008  4.269E+007
 6.700E+012  1.441E-011  3.832E+008  4.402E+007
 6.900E+012  1.490E-011  3.832E+008  4.536E+007
 7.100E+012  1.550E-011  3.832E+008  4.670E+007
 7.300E+012  1.623E-011  3.832E+008  4.803E+007
 7.500E+012  1.710E-011  3.832E+008  4.937E+007
 7.700E+012  1.816E-011  3.832E+008  5.071E+007
 7.900E+012  1.943E-011  3.832E+008  5.205E+007
 8.100E+012  2.095E-011  3.832E+008  5.340E+007
 8.300E+012  2.276E-011  3.832E+008  5.474E+007
 8.500E+012  2.491E-011  3.832E+008  5.609E+007
 8.700E+012  2.747E-011  3.833E+008  5.744E+007
 8.900E+012  3.050E-011  3.833E+008  5.878E+007
 9.100E+012  3.406E-011  3.833E+008  6.013E+007
 9.300E+012  3.824E-011  3.833E+008  6.148E+007
 9.500E+012  4.311E-011  3.833E+008  6.283E+007
 9.700E+012  4.873E-011  3.833E+008  6.417E+007
 9.900E+012  5.515E-011  3.833E+008  6.552E+007
 1.010E+013  6.243E-011  3.834E+008  6.686E+007
 1.030E+013  7.056E-011  3.834E+008  6.819E+007
 1.050E+013  7.952E-011  3.834E+008  6.953E+007
 1.070E+013  8.927E-011  3.835E+008  7.086E+007
 1.090E+013  9.973E-011  3.835E+008  7.218E+007
 1.110E+013  1.108E-010  3.836E+008  7.351E+007
 1.130E+013  1.224E-010  3.836E+008  7.484E+007
 1.150E+013  1.345E-010  3.837E+008  7.616E+007
 1.170E+013  1.469E-010  3.837E+008  7.749E+007
 1.190E+013  1.596E-010  3.838E+008  7.882E+007
 1.210E+013  1.726E-010  3.839E+008  8.015E+007
 1.230E+013  1.859E-010  3.840E+008  8.148E+007
 1.250E+013  1.995E-010  3.841E+008  8.282E+007
 1.270E+013  2.135E-010  3.842E+008  8.415E+007
 1.290E+013  2.279E-010  3.843E+008  8.549E+007
 1.310E+013  2.429E-010  3.845E+008  8.683E+007
 1.330E+013  2.585E-010  3.846E+008  8.817E+007
 1.350E+013  2.748E-010  3.848E+008  8.951E+007
 1.370E+013  2.919E-010  3.849E+008  9.086E+007
 1.390E+013  3.100E-010  3.851E+008  9.221E+007
 1.410E+013  3.292E-010  3.853E+008  9.355E+007
 1.430E+013  3.495E-010  3.855E+008  9.490E+007
 1.450E+013  3.712E-010  3.857E+008  9.625E+007
 1.470E+013  3.943E-010  3.859E+008  9.761E+007
 1.490E+013  4.189E-010  3.862E+008  9.896E+007
 1.510E+013  4.451E-010  3.865E+008  1.003E+008
 1.530E+013  4.730E-010  3.868E+008  1.017E+008
 1.550E+013  5.027E-010  3.871E+008  1.030E+008
 1.570E+013  5.341E-010  3.874E+008  1.044E+008
 1.590E+013  5.673E-010  3.878E+008  1.058E+008
 1.610E+013  6.023E-010  3.882E+008  1.071E+008
 1.630E+013  6.390E-010  3.886E+008  1.085E+008
 1.650E+013  6.775E-010  3.891E+008  1.099E+008
 1.670E+013  7.178E-010  3.896E+008  1.112E+008
 1.690E+013  7.597E-010  3.901E+008  1.126E+008
 1.710E+013  8.033E-010  3.907E+008  1.140E+008
 1.730E+013  8.486E-010  3.913E+008  1.154E+008
 1.750E+013  8.958E-010  3.919E+008  1.168E+008
 1.770E+013  9.447E-010  3.926E+008  1.182E+008
 1.790E+013  9.957E-010  3.934E+008  1.196E+008
 1.810E+013  1.049E-009  3.941E+008  1.210E+008
 1.830E+013  1.104E-009  3.950E+008  1.224E+008
 1.850E+013  1.162E-009  3.959E+008  1.238E+008
 1.870E+013  1.223E-009  3.968E+008  1.252E+008
 1.890E+013  1.286E-009  3.978E+008  1.267E+008
 1.910E+013  1.353E-009  3.989E+008  1.281E+008
 1.930E+013  1.423E-009  4.001E+008  1.296E+008
 1.950E+013  1.497E-009  4.013E+008  1.310E+008
 1.970E+013  1.575E-009  4.026E+008  1.325E+008
 1.990E+013  1.656E-009  4.040E+008  1.339E+008
 2.010E+013  1.743E-009  4.055E+008  1.354E+008
 2.030E+013  1.833E-009  4.070E+008  1.369E+008
 2.050E+013  1.929E-009  4.087E+008  1.384E+008
 2.070E+013  2.029E-009  4.105E+008  1.399E+008
 2.090E+013  2.135E-009  4.124E+008  1.414E+008
 2.110E+013  2.245E-009  4.144E+008  1.430E+008
 2.130E+013  2.361E-009  4.166E+008  1.445E+008
 2.150E+013  2.483E-009  4.188E+008  1.461E+008
 2.170E+013  2.611E-009  4.213E+008  1.477E+008
 2.190E+013  2.744E-009  4.239E+008  1.493E+008
 2.210E+013  2.885E-009  4.266E+008  1.509E+008
 2.230E+013  3.032E-009  4.296E+008  1.525E+008
 2.250E+013  3.186E-009  4.327E+008  1.541E+008
 2.270E+013  3.349E-009  4.360E+008  1.558E+008
 2.290E+013  3.519E-009  4.395E+008  1.575E+008
 2.310E+013  3.698E-009  4.433E+008  1.592E+008
 2.330E+013  3.887E-009  4.473E+008  1.609E+008
 2.350E+013  4.085E-009  4.516E+008  1.627E+008
 2.370E+013  4.294E-009  4.561E+008  1.644E+008
 2.390E+013  4.514E-009  4.609E+008  1.662E+008
 2.410E+013  4.746E-009  4.661E+008  1.681E+008
 2.430E+013  4.990E-009  4.715E+008  1.699E+008
 2.450E+013  5.248E-009  4.773E+008  1.718E+008
 2.470E+013  5.520E-009  4.835E+008  1.737E+008
 2.490E+013  5.807E-009  4.901E+008  1.757E+008
 2.510E+013  6.111E-009  4.972E+008  1.776E+008
 2.530E+013  6.433E-009  5.047E+008  1.796E+008
 2.550E+013  6.774E-009  5.127E+008  1.817E+008
 2.570E+013  7.136E-009  5.212E+008  1.837E+008
 2.590E+013  7.521E-009  5.303E+008  1.859E+008
 2.610E+013  7.932E-009  5.400E+008  1.880E+008
 2.630E+013  8.369E-009  5.504E+008  1.902E+008
 2.650E+013  8.837E-009  5.615E+008  1.924E+008
 2.670E+013  9.337E-009  5.734E+008  1.947E+008
 2.690E+013  9.872E-009  5.861E+008  1.970E+008
 2.710E+013  1.045E-008  5.997E+008  1.993E+008
 2.730E+013  1.106E-008  6.143E+008  2.017E+008
 2.750E+013  1.173E-008  6.300E+008  2.042E+008
 2.770E+013  1.244E-008  6.469E+008  2.066E+008
 2.790E+013  1.322E-008  6.650E+008  2.092E+008
 2.810E+013  1.405E-008  6.845E+008  2.118E+008
 2.830E+013  1.495E-008  7.055E+008  2.144E+008
 2.850E+013  1.593E-008  7.282E+008  2.171E+008
 2.870E+013  1.699E-008  7.526E+008  2.198E+008
 2.890E+013  1.814E-008  7.791E+008  2.226E+008
 2.910E+013  1.940E-008  8.077E+008  2.254E+008
 2.930E+013  2.077E-008  8.388E+008  2.283E+008
 2.950E+013  2.226E-008  8.722E+008  2.313E+008
 2.970E+013  2.389E-008  9.085E+008  2.342E+008
 2.990E+013  2.571E-008  9.499E+008  2.374E+008
 3.010E+013  2.766E-008  9.920E+008  2.407E+008
 3.030E+013  2.969E-008  1.032E+009  2.431E+008
 3.050E+013  3.234E-008  1.101E+009  2.462E+008
 3.070E+013  3.534E-008  1.186E+009  2.531E+008
 3.090E+013  3.582E-008  1.139E+009  2.549E+008
 3.110E+013  3.104E-008  7.939E+008  2.410E+008
 3.130E+013  1.932E-008  2.473E+008  1.918E+008
 3.150E+013  1.226E-008  2.190E+007  1.047E+008
 3.170E+013  1.024E-008  1.093E+005  2.328E+007
 3.190E+013  1.000E-008  6.297E+001  5.727E+005
 3.210E+013  1.000E-008  6.236E+001  1.421E+002
 3.230E+013  1.000E-008  6.236E+001  3.515E-006
 3.250E+013  1.000E-008  6.236E+001  5.547E-017
 3.270E+013  1.000E-008  6.236E+001  4.804E-043
 3.290E+013  1.000E-008  6.236E+001  2.592E-119
 3.310E+013  1.000E-008  6.236E+001 -3.107E-073
 3.330E+013  1.000E-008  6.236E+001 -2.459E-033
 3.350E+013  1.000E-008  6.236E+001 -1.279E-013
 3.370E+013  1.000E-008  6.236E+001  1.279E-013
 3.390E+013  1.000E-008  6.236E+001  2.454E-033
 3.410E+013  1.000E-008  6.236E+001  3.093E-073
 3.430E+013  1.000E-008  6.236E+001  2.288E-153
 3.450E+013  1.000E-008  6.236E+001  2.558E-013
 3.470E+013  1.000E-008  6.236E+001 -2.558E-013
 3.490E+013  1.000E-008  6.236E+001  0.000E+000
 3.510E+013  1.000E-008  6.236E+001  0.000E+000
 3.530E+013  1.000E-008  6.236E+001  0.000E+000
 3.550E+013  1.000E-008  6.236E+001  0.000E+000
 3.570E+013  1.000E-008  6.236E+001  2.558E-013
 3.590E+013  1.000E-008  6.236E+001 -1.279E-013
 3.610E+013  1.000E-008  6.236E+001 -2.459E-033
 3.630E+013  1.000E-008  6.236E+001 -1.279E-013
 3.650E+013  1.000E-008  6.236E+001 -1.279E-013
 3.670E+013  1.000E-008  6.236E+001  1.279E-013
 3.690E+013  1.000E-008  6.236E+001  1.279E-013
 3.710E+013  1.000E-008  6.236E+001 -1.279E-013
 3.730E+013  1.000E-008  6.236E+001 -2.641E-036
 3.750E+013  1.000E-008  6.236E+001  1.279E-013
 3.770E+013  1.000E-008  6.236E+001 -1.279E-013
 3.790E+013  1.000E-008  6.236E+001  0.000E+000
 3.810E+013  1.000E-008  6.236E+001  0.000E+000
 3.830E+013  1.000E-008  6.236E+001  1.279E-013
 3.850E+013  1.000E-008  6.236E+001 -1.279E-013
 3.870E+013  1.000E-008  6.236E+001 -2.459E-033
 3.890E+013  1.000E-008  6.236E+001 -1.279E-013
 3.910E+013  1.000E-008  6.236E+001 -7.445E-034
 3.930E+013  1.000E-008  6.236E+001  3.838E-013
 3.950E+013  1.000E-008  6.236E+001 -1.279E-013
 3.970E+013  1.000E-008  6.236E+001  3.838E-013
 3.990E+013  1.000E-008  6.236E+001 -5.117E-013
 4.010E+013  1.000E-008  6.236E+001  0.000E+000
 4.030E+013  1.000E-008  6.236E+001  0.000E+000
 4.050E+013  1.000E-008  6.236E+001  0.000E+000
 4.070E+013  1.000E-008  6.236E+001  0.000E+000
 4.090E+013  1.000E-008  6.236E+001  4.731E-012
 4.110E+013  1.000E-008  6.236E+001 -4.731E-012
 4.130E+013  1.000E-008  6.236E+001  3.325E-012
 4.150E+013  1.000E-008  6.236E+001 -3.325E-012
 4.170E+013  1.000E-008  6.236E+001  1.151E-012
 4.190E+013  1.000E-008  6.236E+001 -1.023E-012
 4.210E+013  1.000E-008  6.236E+001 -2.459E-033
 4.230E+013  1.000E-008  6.236E+001 -1.279E-013
 4.250E+013  1.000E-008  6.236E+001  0.000E+000
 4.270E+013  1.000E-008  6.236E+001  0.000E+000
 4.290E+013  1.000E-008  6.236E+001  0.000E+000
 4.310E+013  1.000E-008  6.236E+001  0.000E+000
 4.330E+013  1.000E-008  6.236E+001  0.000E+000
 4.350E+013  1.000E-008  6.236E+001  0.000E+000
 4.370E+013  1.000E-008  6.236E+001  0.000E+000
 4.390E+013  1.000E-008  6.236E+001  0.000E+000
 4.410E+013  1.000E-008  6.236E+001  0.000E+000
 4.430E+013  1.000E-008  6.236E+001  0.000E+000
 4.450E+013  1.000E-008  6.236E+001  0.000E+000
 4.470E+013  1.000E-008  6.236E+001  1.279E-013
 4.490E+013  1.000E-008  6.236E+001 -4.387E-036
 4.510E+013  1.000E-008  6.236E+001 -1.279E-013
 4.530E+013  1.000E-008  6.236E+001 -4.891E-314
 4.550E+013  1.000E-008  6.236E+001 -2.307E-153
 4.570E+013  1.000E-008  6.236E+001 -3.105E-073
 4.590E+013  1.000E-008  6.236E+001 -2.459E-033
 4.610E+013  1.000E-008  6.236E+001 -1.279E-013
 4.630E+013  1.000E-008  6.236E+001  1.279E-013
 4.650E+013  1.000E-008  6.236E+001  1.279E-013
 4.670E+013  1.000E-008  6.236E+001 -1.279E-013
 4.690E+013  1.000E-008  6.236E+001  1.279E-013
 4.710E+013  1.000E-008  6.236E+001 -1.279E-013
 4.730E+013  1.000E-008  6.236E+001  0.000E+000
 4.750E+013  1.000E-008  6.236E+001  0.000E+000
 4.770E+013  1.000E-008  6.236E+001  0.000E+000
 4.790E+013  1.000E-008  6.236E+001  1.279E-013
 4.810E+013  1.000E-008  6.236E+001 -1.279E-013
 4.830E+013  1.000E-008  6.236E+001 -2.039E-036
 4.850E+013  1.000E-008  6.236E+001  1.279E-013
 4.870E+013  1.000E-008  6.236E+001 -1.279E-013
 4.890E+013  1.000E-008  6.236E+001  0.000E+000
 4.910E+013  1.000E-008  6.236E+001  0.000E+000
 4.930E+013  1.000E-008  6.236E+001  0.000E+000
 4.950E+013  1.000E-008  6.236E+001  0.000E+000
 4.970E+013  1.000E-008  6.236E+001  0.000E+000
 4.990E+013  1.000E-008  6.236E+001  2.558E-013
 5.010E+013  1.000E-008  6.236E+001 -3.838E-013
 5.030E+013  1.000E-008  6.236E+001  1.279E-013
 5.050E+013  1.000E-008  6.236E+001  2.455E-033
 5.070E+013  1.000E-008  6.236E+001  3.095E-073
 5.090E+013  1.000E-008  6.236E+001  2.292E-153
 5.110E+013  1.000E-008  6.236E+001  1.279E-013
 5.130E+013  1.000E-008  6.236E+001 -1.279E-013
 5.150E+013  1.000E-008  6.236E+001  0.000E+000
 5.170E+013  1.000E-008  6.236E+001  0.000E+000
 5.190E+013  1.000E-008  6.236E+001 -4.891E-314
 5.210E+013  1.000E-008  6.236E+001 -2.306E-153
 5.230E+013  1.000E-008  6.236E+001 -3.105E-073
 5.250E+013  1.000E-008  6.236E+001 -2.458E-033
 5.270E+013  1.000E-008  6.236E+001 -1.279E-013
 5.290E+013  1.000E-008  6.236E+001  1.279E-013
 5.310E+013  1.000E-008  6.236E+001  2.455E-033
 5.330E+013  1.000E-008  6.236E+001  3.095E-073
 5.350E+013  1.000E-008  6.236E+001  2.558E-013
 5.370E+013  1.000E-008  6.236E+001 -2.558E-013
 5.390E+013  1.000E-008  6.236E+001  3.239E-034
 5.410E+013  1.000E-008  6.236E+001  1.279E-013
 5.430E+013  1.000E-008  6.236E+001  1.279E-013
 5.450E+013  1.000E-008  6.236E+001  1.279E-013
 5.470E+013  1.000E-008  6.236E+001 -3.838E-013
 5.490E+013  1.000E-008  6.236E+001 -2.458E-033
 5.510E+013  1.000E-008  6.236E+001 -1.279E-013
 5.530E+013  1.000E-008  6.236E+001  2.558E-013
 5.550E+013  1.000E-008  6.236E+001 -5.117E-013
 5.570E+013  1.000E-008  6.236E+001  2.558E-013
 5.590E+013  1.000E-008  6.236E+001  1.279E-013
 5.610E+013  1.000E-008  6.236E+001 -1.279E-013
 5.630E+013  1.000E-008  6.236E+001  1.279E-013
 5.650E+013  1.000E-008  6.236E+001 -7.675E-013
 5.670E+013  1.000E-008  6.236E+001  7.675E-013
 5.690E+013  1.000E-008  6.236E+001  7.675E-013
 5.710E+013  1.000E-008  6.236E+001 -7.675E-013
 5.730E+013  1.000E-008  6.236E+001  8.954E-013
 5.750E+013  1.000E-008  6.236E+001 -1.919E-012
 5.770E+013  1.000E-008  6.236E+001 -1.279E-013
 5.790E+013  1.000E-008  6.236E+001  1.151E-012
 5.810E+013  1.000E-008  6.236E+001  6.135E-012
 5.830E+013  1.000E-008  6.236E+001 -6.135E-012
 5.850E+013  1.000E-008  6.236E+001  0.000E+000
 5.870E+013  1.000E-008  6.236E+001  0.000E+000
 5.890E+013  1.000E-008  6.236E+001  0.000E+000
 5.910E+013  1.000E-008  6.236E+001  0.000E+000
 5.930E+013  1.000E-008  6.236E+001  0.000E+000
 5.950E+013  1.000E-008  6.236E+001  0.000E+000
 5.970E+013  1.000E-008  6.236E+001  0.000E+000
 5.990E+013  1.000E-008  6.236E+001  0.000E+000
 6.010E+013  1.000E-008  6.236E+001  0.000E+000
 6.030E+013  1.000E-008  6.236E+001  1.279E-013
 6.050E+013  1.000E-008  6.236E+001 -1.279E-013
 6.070E+013  1.000E-008  6.236E+001  1.279E-013
 6.090E+013  1.000E-008  6.236E+001 -1.279E-013
 6.110E+013  1.000E-008  6.236E+001  0.000E+000
 6.130E+013  1.000E-008  6.236E+001  0.000E+000
 6.150E+013  1.000E-008  6.236E+001  0.000E+000
 6.170E+013  1.000E-008  6.236E+001  1.279E-013
 6.190E+013  1.000E-008  6.236E+001 -1.279E-013
 6.210E+013  1.000E-008  6.236E+001  0.000E+000
 6.230E+013  1.000E-008  6.236E+001  0.000E+000
 6.250E+013  1.000E-008  6.236E+001  0.000E+000
 6.270E+013  1.000E-008  6.236E+001  0.000E+000
 6.290E+013  1.000E-008  6.236E+001  0.000E+000
 6.310E+013  1.000E-008  6.236E+001  0.000E+000
 6.330E+013  1.000E-008  6.236E+001  0.000E+000
 6.350E+013  1.000E-008  6.236E+001  1.279E-013
 6.370E+013  1.000E-008  6.236E+001 -1.279E-013
 6.390E+013  1.000E-008  6.236E+001  0.000E+000
 6.410E+013  1.000E-008  6.236E+001  0.000E+000
 6.430E+013  1.000E-008  6.236E+001  0.000E+000
 6.450E+013  1.000E-008  6.236E+001  0.000E+000
 6.470E+013  1.000E-008  6.236E+001  1.279E-013
 6.490E+013  1.000E-008  6.236E+001 -1.279E-013
 6.510E+013  1.000E-008  6.236E+001  0.000E+000
 6.530E+013  1.000E-008  6.236E+001  0.000E+000
 6.550E+013  1.000E-008  6.236E+001  0.000E+000
 6.570E+013  1.000E-008  6.236E+001  0.000E+000
 6.590E+013  1.000E-008  6.236E+001  1.279E-013
 6.610E+013  1.000E-008  6.236E+001 -1.279E-013
 6.630E+013  1.000E-008  6.236E+001  0.000E+000
 6.650E+013  1.000E-008  6.236E+001  0.000E+000
 6.670E+013  1.000E-008  6.236E+001  0.000E+000
 6.690E+013  1.000E-008  6.236E+001  1.279E-013
 6.710E+013  1.000E-008  6.236E+001 -1.279E-013
 6.730E+013  1.000E-008  6.236E+001  0.000E+000
 6.750E+013  1.000E-008  6.236E+001  0.000E+000
 6.770E+013  1.000E-008  6.236E+001  1.279E-013
 6.790E+013  1.000E-008  6.236E+001 -1.279E-013
 6.810E+013  1.000E-008  6.236E+001  1.279E-013
 6.830E+013  1.000E-008  6.236E+001 -2.882E-036
 6.850E+013  1.000E-008  6.236E+001 -1.279E-013
 6.870E+013  1.000E-008  6.236E+001  0.000E+000
 6.890E+013  1.000E-008  6.236E+001  0.000E+000
 6.910E+013  1.000E-008  6.236E+001  0.000E+000
 6.930E+013  1.000E-008  6.236E+001  1.279E-013
 6.950E+013  1.000E-008  6.236E+001 -1.279E-013
 6.970E+013  1.000E-008  6.236E+001  0.000E+000
 6.990E+013  1.000E-008  6.236E+001  0.000E+000
 7.010E+013  1.000E-008  6.236E+001  0.000E+000
 7.030E+013  1.000E-008  6.236E+001  0.000E+000
 7.050E+013  1.000E-008  6.236E+001  0.000E+000
 7.070E+013  1.000E-008  6.236E+001  0.000E+000
 7.090E+013  1.000E-008  6.236E+001  0.000E+000
 7.110E+013  1.000E-008  6.236E+001  0.000E+000
 7.130E+013  1.000E-008  6.236E+001  0.000E+000
 7.150E+013  1.000E-008  6.236E+001  0.000E+000
 7.170E+013  1.000E-008  6.236E+001  0.000E+000
 7.190E+013  1.000E-008  6.236E+001  1.279E-013
 7.210E+013  1.000E-008  6.236E+001 -1.279E-013
 7.230E+013  1.000E-008  6.236E+001  0.000E+000
 7.250E+013  1.000E-008  6.236E+001  0.000E+000
 7.270E+013  1.000E-008  6.236E+001  2.558E-013
 7.290E+013  1.000E-008  6.236E+001 -1.080E-035
 7.310E+013  1.000E-008  6.236E+001 -2.558E-013
 7.330E+013  1.000E-008  6.236E+001 -2.458E-033
 7.350E+013  1.000E-008  6.236E+001 -1.279E-013
 7.370E+013  1.000E-008  6.236E+001  1.279E-013
 7.390E+013  1.000E-008  6.236E+001  2.455E-033
 7.410E+013  1.000E-008  6.236E+001  3.097E-073
 7.430E+013  1.000E-008  6.236E+001  2.294E-153
 7.450E+013  1.000E-008  6.236E+001  4.792E-314
 7.470E+013  1.000E-008  6.236E+001  0.000E+000
 7.490E+013  1.000E-008  6.236E+001  0.000E+000
 7.510E+013  1.000E-008  6.236E+001  0.000E+000
 7.530E+013  1.000E-008  6.236E+001  0.000E+000
 7.550E+013  1.000E-008  6.236E+001  0.000E+000
 7.570E+013  1.000E-008  6.236E+001  0.000E+000
 7.590E+013  1.000E-008  6.236E+001  0.000E+000
 7.610E+013  1.000E-008  6.236E+001  0.000E+000
 7.630E+013  1.000E-008  6.236E+001  0.000E+000
 7.650E+013  1.000E-008  6.236E+001  0.000E+000
 7.670E+013  1.000E-008  6.236E+001  2.558E-013
 7.690E+013  1.000E-008  6.236E+001 -2.558E-013
 7.710E+013  1.000E-008  6.236E+001  3.838E-013
 7.730E+013  1.000E-008  6.236E+001 -3.838E-013
 7.750E+013  1.000E-008  6.236E+001  5.819E-034
 7.770E+013  1.000E-008  6.236E+001  2.558E-013
 7.790E+013  1.000E-008  6.236E+001 -7.675E-013
 7.810E+013  1.000E-008  6.236E+001  7.675E-013
 7.830E+013  1.000E-008  6.236E+001 -2.558E-013
 7.850E+013  1.000E-008  6.236E+001 -2.188E-073
 7.870E+013  1.000E-008  6.236E+001 -2.064E-033
 7.890E+013  1.000E-008  6.236E+001 -1.279E-013
 7.910E+013  1.000E-008  6.236E+001 -6.396E-013
 7.930E+013  1.000E-008  6.236E+001  3.838E-013
 7.950E+013  1.000E-008  6.236E+001  3.838E-013
 7.970E+013  1.000E-008  6.236E+001 -5.117E-013
 7.990E+013  1.000E-008  6.236E+001  5.117E-013
 8.010E+013  1.000E-008  6.236E+001  3.928E-032
 8.030E+013  1.000E-008  6.236E+001  7.928E-071
 8.050E+013  1.000E-008  6.236E+001  1.504E-148
 8.070E+013  1.000E-008  6.236E+001 -2.811E-297
 8.090E+013  1.000E-008  6.236E+001 -4.936E-145
 8.110E+013  1.000E-008  6.236E+001 -4.542E-069
 8.130E+013  1.000E-008  6.236E+001 -2.974E-031
 8.150E+013  1.000E-008  6.236E+001 -1.407E-012
 8.170E+013  1.000E-008  6.236E+001  1.791E-012
 8.190E+013  1.000E-008  6.236E+001 -3.838E-013
 8.210E+013  1.000E-008  6.236E+001  0.000E+000
 8.230E+013  1.000E-008  6.236E+001  0.000E+000
 8.250E+013  1.000E-008  6.236E+001  0.000E+000
 8.270E+013  1.000E-008  6.236E+001  0.000E+000
 8.290E+013  1.000E-008  6.236E+001  5.117E-013
 8.310E+013  1.000E-008  6.236E+001 -5.117E-013
 8.330E+013  1.000E-008  6.236E+001 -2.387E-033
 8.350E+013  1.000E-008  6.236E+001  7.675E-013
 8.370E+013  1.000E-008  6.236E+001 -6.396E-013
 8.390E+013  1.000E-008  6.236E+001 -2.458E-033
 8.410E+013  1.000E-008  6.236E+001 -1.279E-013
 8.430E+013  1.000E-008  6.236E+001  1.279E-013
 8.450E+013  1.000E-008  6.236E+001 -2.328E-036
 8.470E+013  1.000E-008  6.236E+001 -1.279E-013
 8.490E+013  1.000E-008  6.236E+001 -1.159E-036
 8.510E+013  1.000E-008  6.236E+001  1.279E-013
 8.530E+013  1.000E-008  6.236E+001 -2.307E-036
 8.550E+013  1.000E-008  6.236E+001 -1.279E-013
 8.570E+013  1.000E-008  6.236E+001 -1.148E-036
 8.590E+013  1.000E-008  6.236E+001  1.279E-013
 8.610E+013  1.000E-008  6.236E+001 -1.279E-013
 8.630E+013  1.000E-008  6.236E+001  0.000E+000
 8.650E+013  1.000E-008  6.236E+001  0.000E+000
 8.670E+013  1.000E-008  6.236E+001  0.000E+000
 8.690E+013  1.000E-008  6.236E+001  0.000E+000
 8.710E+013  1.000E-008  6.236E+001  0.000E+000
 8.730E+013  1.000E-008  6.236E+001  0.000E+000
 8.750E+013  1.000E-008  6.236E+001  1.279E-013
 8.770E+013  1.000E-008  6.236E+001 -1.279E-013
 8.790E+013  1.000E-008  6.236E+001 -1.119E-036
 8.810E+013  1.000E-008  6.236E+001  1.279E-013
 8.830E+013  1.000E-008  6.236E+001 -1.279E-013
 8.850E+013  1.000E-008  6.236E+001  1.279E-013
 8.870E+013  1.000E-008  6.236E+001  1.279E-013
 8.890E+013  1.000E-008  6.236E+001 -2.558E-013
 8.910E+013  1.000E-008  6.236E+001  0.000E+000
 8.930E+013  1.000E-008  6.236E+001  0.000E+000
 8.950E+013  1.000E-008  6.236E+001  0.000E+000
 8.970E+013  1.000E-008  6.236E+001  0.000E+000
 8.990E+013  1.000E-008  6.236E+001  0.000E+000
 9.010E+013  1.000E-008  6.236E+001  1.279E-013
 9.030E+013  1.000E-008  6.236E+001 -2.179E-036
 9.050E+013  1.000E-008  6.236E+001 -1.279E-013
 9.070E+013  1.000E-008  6.236E+001  1.279E-013
 9.090E+013  1.000E-008  6.236E+001 -2.164E-036
 9.110E+013  1.000E-008  6.236E+001 -1.279E-013
 9.130E+013  1.000E-008  6.236E+001  0.000E+000
 9.150E+013  1.000E-008  6.236E+001  0.000E+000
 9.170E+013  1.000E-008  6.236E+001  0.000E+000
 9.190E+013  1.000E-008  6.236E+001  0.000E+000
 9.210E+013  1.000E-008  6.236E+001  0.000E+000
 9.230E+013  1.000E-008  6.236E+001  1.279E-013
 9.250E+013  1.000E-008  6.236E+001 -2.127E-036
 9.270E+013  1.000E-008  6.236E+001 -1.279E-013
 9.290E+013  1.000E-008  6.236E+001  0.000E+000
 9.310E+013  1.000E-008  6.236E+001  0.000E+000
 9.330E+013  1.000E-008  6.236E+001  0.000E+000
 9.350E+013  1.000E-008  6.236E+001  0.000E+000
 9.370E+013  1.000E-008  6.236E+001  1.279E-013
 9.390E+013  1.000E-008  6.236E+001 -1.279E-013
 9.410E+013  1.000E-008  6.236E+001  1.279E-013
 9.430E+013  1.000E-008  6.236E+001 -1.279E-013
 9.450E+013  1.000E-008  6.236E+001  0.000E+000
 9.470E+013  1.000E-008  6.236E+001  0.000E+000
 9.490E+013  1.000E-008  6.236E+001  0.000E+000
 9.510E+013  1.000E-008  6.236E+001  0.000E+000
 9.530E+013  1.000E-008  6.236E+001  1.279E-013
 9.550E+013  1.000E-008  6.236E+001 -1.279E-013
 9.570E+013  1.000E-008  6.236E+001 -3.102E-073
 9.590E+013  1.000E-008  6.236E+001 -2.458E-033
 9.610E+013  1.000E-008  6.236E+001 -1.279E-013
 9.630E+013  1.000E-008  6.236E+001  1.279E-013
 9.650E+013  1.000E-008  6.236E+001  2.455E-033
 9.670E+013  1.000E-008  6.236E+001  1.279E-013
 9.690E+013  1.000E-008  6.236E+001 -1.279E-013
 9.710E+013  1.000E-008  6.236E+001  0.000E+000
 9.730E+013  1.000E-008  6.236E+001  0.000E+000
 9.750E+013  1.000E-008  6.236E+001  0.000E+000
 9.770E+013  1.000E-008  6.236E+001  0.000E+000
 9.790E+013  1.000E-008  6.236E+001  0.000E+000
 9.810E+013  1.000E-008  6.236E+001  0.000E+000
 9.830E+013  1.000E-008  6.236E+001  0.000E+000
 9.850E+013  1.000E-008  6.236E+001  0.000E+000
 9.870E+013  1.000E-008  6.236E+001  0.000E+000
 9.890E+013  1.000E-008  6.236E+001  0.000E+000
 9.910E+013  1.000E-008  6.236E+001  0.000E+000
 9.930E+013  1.000E-008  6.236E+001  0.000E+000
 9.950E+013  1.000E-008  6.236E+001  1.279E-013
 9.970E+013  1.000E-008  6.236E+001 -1.279E-013
 9.990E+013  1.000E-008  6.236E+001  0.000E+000
 1.001E+014  1.000E-099  1.000E-099  0.000E+000
 1.003E+014  1.000E-099  1.000E-099  0.000E+000
 1.142E-003
