 1.800E+005
     x1b        dens       energ       v1
 1.000E+011  3.283E-012  5.512E+007  0.000E+000
 3.000E+011  3.286E-012  5.512E+007  3.167E+005
 5.000E+011  3.293E-012  5.512E+007  5.178E+005
 7.000E+011  3.308E-012  5.512E+007  8.145E+005
 9.000E+011  3.333E-012  5.512E+007  1.069E+006
 1.100E+012  3.368E-012  5.512E+007  1.345E+006
 1.300E+012  3.411E-012  5.512E+007  1.609E+006
 1.500E+012  3.462E-012  5.512E+007  1.880E+006
 1.700E+012  3.519E-012  5.512E+007  2.147E+006
 1.900E+012  3.580E-012  5.512E+007  2.416E+006
 2.100E+012  3.643E-012  5.512E+007  2.684E+006
 2.300E+012  3.707E-012  5.512E+007  2.953E+006
 2.500E+012  3.771E-012  5.512E+007  3.221E+006
 2.700E+012  3.835E-012  5.512E+007  3.490E+006
 2.900E+012  3.895E-012  5.512E+007  3.758E+006
 3.100E+012  3.950E-012  5.512E+007  4.027E+006
 3.300E+012  3.994E-012  5.512E+007  4.295E+006
 3.500E+012  4.022E-012  5.512E+007  4.564E+006
 3.700E+012  4.032E-012  5.512E+007  4.832E+006
 3.900E+012  4.034E-012  5.512E+007  5.100E+006
 4.100E+012  4.034E-012  5.512E+007  5.369E+006
 4.300E+012  4.034E-012  5.512E+007  5.637E+006
 4.500E+012  4.033E-012  5.512E+007  5.906E+006
 4.700E+012  4.032E-012  5.512E+007  6.174E+006
 4.900E+012  4.031E-012  5.512E+007  6.443E+006
 5.100E+012  4.028E-012  5.512E+007  6.711E+006
 5.300E+012  4.024E-012  5.512E+007  6.979E+006
 5.500E+012  4.020E-012  5.512E+007  7.248E+006
 5.700E+012  4.015E-012  5.512E+007  7.516E+006
 5.900E+012  4.013E-012  5.512E+007  7.785E+006
 6.100E+012  4.012E-012  5.512E+007  8.053E+006
 6.300E+012  4.012E-012  5.512E+007  8.322E+006
 6.500E+012  4.012E-012  5.512E+007  8.590E+006
 6.700E+012  4.013E-012  5.512E+007  8.859E+006
 6.900E+012  4.015E-012  5.512E+007  9.127E+006
 7.100E+012  4.017E-012  5.512E+007  9.395E+006
 7.300E+012  4.022E-012  5.512E+007  9.664E+006
 7.500E+012  4.028E-012  5.512E+007  9.932E+006
 7.700E+012  4.037E-012  5.512E+007  1.020E+007
 7.900E+012  4.050E-012  5.512E+007  1.047E+007
 8.100E+012  4.066E-012  5.512E+007  1.074E+007
 8.300E+012  4.087E-012  5.512E+007  1.101E+007
 8.500E+012  4.113E-012  5.512E+007  1.127E+007
 8.700E+012  4.145E-012  5.512E+007  1.154E+007
 8.900E+012  4.184E-012  5.512E+007  1.181E+007
 9.100E+012  4.230E-012  5.512E+007  1.208E+007
 9.300E+012  4.286E-012  5.512E+007  1.235E+007
 9.500E+012  4.351E-012  5.512E+007  1.262E+007
 9.700E+012  4.427E-012  5.512E+007  1.289E+007
 9.900E+012  4.515E-012  5.512E+007  1.315E+007
 1.010E+013  4.616E-012  5.512E+007  1.342E+007
 1.030E+013  4.733E-012  5.512E+007  1.369E+007
 1.050E+013  4.867E-012  5.512E+007  1.396E+007
 1.070E+013  5.019E-012  5.512E+007  1.423E+007
 1.090E+013  5.192E-012  5.512E+007  1.450E+007
 1.110E+013  5.389E-012  5.512E+007  1.477E+007
 1.130E+013  5.611E-012  5.512E+007  1.504E+007
 1.150E+013  5.863E-012  5.512E+007  1.531E+007
 1.170E+013  6.148E-012  5.512E+007  1.557E+007
 1.190E+013  6.469E-012  5.512E+007  1.584E+007
 1.210E+013  6.831E-012  5.512E+007  1.611E+007
 1.230E+013  7.238E-012  5.512E+007  1.638E+007
 1.250E+013  7.697E-012  5.512E+007  1.665E+007
 1.270E+013  8.212E-012  5.512E+007  1.692E+007
 1.290E+013  8.789E-012  5.512E+007  1.719E+007
 1.310E+013  9.436E-012  5.512E+007  1.746E+007
 1.330E+013  1.016E-011  5.512E+007  1.773E+007
 1.350E+013  1.097E-011  5.512E+007  1.800E+007
 1.370E+013  1.186E-011  5.512E+007  1.827E+007
 1.390E+013  1.286E-011  5.512E+007  1.854E+007
 1.410E+013  1.396E-011  5.512E+007  1.881E+007
 1.430E+013  1.517E-011  5.513E+007  1.908E+007
 1.450E+013  1.650E-011  5.513E+007  1.935E+007
 1.470E+013  1.795E-011  5.513E+007  1.962E+007
 1.490E+013  1.952E-011  5.513E+007  1.989E+007
 1.510E+013  2.122E-011  5.513E+007  2.015E+007
 1.530E+013  2.304E-011  5.513E+007  2.042E+007
 1.550E+013  2.497E-011  5.513E+007  2.069E+007
 1.570E+013  2.703E-011  5.513E+007  2.096E+007
 1.590E+013  2.919E-011  5.513E+007  2.123E+007
 1.610E+013  3.145E-011  5.513E+007  2.149E+007
 1.630E+013  3.380E-011  5.513E+007  2.176E+007
 1.650E+013  3.622E-011  5.513E+007  2.203E+007
 1.670E+013  3.872E-011  5.513E+007  2.230E+007
 1.690E+013  4.128E-011  5.513E+007  2.256E+007
 1.710E+013  4.389E-011  5.514E+007  2.283E+007
 1.730E+013  4.655E-011  5.514E+007  2.310E+007
 1.750E+013  4.925E-011  5.514E+007  2.337E+007
 1.770E+013  5.199E-011  5.514E+007  2.364E+007
 1.790E+013  5.477E-011  5.514E+007  2.390E+007
 1.810E+013  5.758E-011  5.514E+007  2.417E+007
 1.830E+013  6.045E-011  5.515E+007  2.444E+007
 1.850E+013  6.336E-011  5.515E+007  2.471E+007
 1.870E+013  6.632E-011  5.515E+007  2.498E+007
 1.890E+013  6.934E-011  5.515E+007  2.524E+007
 1.910E+013  7.243E-011  5.515E+007  2.551E+007
 1.930E+013  7.560E-011  5.516E+007  2.578E+007
 1.950E+013  7.885E-011  5.516E+007  2.605E+007
 1.970E+013  8.220E-011  5.516E+007  2.632E+007
 1.990E+013  8.565E-011  5.516E+007  2.659E+007
 2.010E+013  8.922E-011  5.517E+007  2.686E+007
 2.030E+013  9.292E-011  5.517E+007  2.713E+007
 2.050E+013  9.676E-011  5.517E+007  2.739E+007
 2.070E+013  1.008E-010  5.518E+007  2.766E+007
 2.090E+013  1.049E-010  5.518E+007  2.793E+007
 2.110E+013  1.092E-010  5.518E+007  2.820E+007
 2.130E+013  1.137E-010  5.519E+007  2.847E+007
 2.150E+013  1.184E-010  5.519E+007  2.874E+007
 2.170E+013  1.234E-010  5.520E+007  2.901E+007
 2.190E+013  1.285E-010  5.520E+007  2.928E+007
 2.210E+013  1.338E-010  5.521E+007  2.955E+007
 2.230E+013  1.394E-010  5.521E+007  2.982E+007
 2.250E+013  1.452E-010  5.522E+007  3.009E+007
 2.270E+013  1.513E-010  5.522E+007  3.036E+007
 2.290E+013  1.576E-010  5.523E+007  3.063E+007
 2.310E+013  1.641E-010  5.523E+007  3.090E+007
 2.330E+013  1.709E-010  5.524E+007  3.117E+007
 2.350E+013  1.779E-010  5.525E+007  3.143E+007
 2.370E+013  1.852E-010  5.526E+007  3.170E+007
 2.390E+013  1.927E-010  5.526E+007  3.197E+007
 2.410E+013  2.005E-010  5.527E+007  3.224E+007
 2.430E+013  2.085E-010  5.528E+007  3.251E+007
 2.450E+013  2.167E-010  5.529E+007  3.278E+007
 2.470E+013  2.251E-010  5.530E+007  3.305E+007
 2.490E+013  2.338E-010  5.531E+007  3.332E+007
 2.510E+013  2.427E-010  5.532E+007  3.359E+007
 2.530E+013  2.519E-010  5.533E+007  3.386E+007
 2.550E+013  2.612E-010  5.534E+007  3.413E+007
 2.570E+013  2.708E-010  5.535E+007  3.441E+007
 2.590E+013  2.806E-010  5.536E+007  3.468E+007
 2.610E+013  2.907E-010  5.537E+007  3.495E+007
 2.630E+013  3.010E-010  5.539E+007  3.522E+007
 2.650E+013  3.115E-010  5.540E+007  3.549E+007
 2.670E+013  3.223E-010  5.542E+007  3.576E+007
 2.690E+013  3.335E-010  5.543E+007  3.603E+007
 2.710E+013  3.449E-010  5.545E+007  3.630E+007
 2.730E+013  3.566E-010  5.546E+007  3.657E+007
 2.750E+013  3.687E-010  5.548E+007  3.685E+007
 2.770E+013  3.811E-010  5.550E+007  3.712E+007
 2.790E+013  3.939E-010  5.552E+007  3.739E+007
 2.810E+013  4.071E-010  5.553E+007  3.766E+007
 2.830E+013  4.207E-010  5.555E+007  3.793E+007
 2.850E+013  4.347E-010  5.557E+007  3.821E+007
 2.870E+013  4.492E-010  5.560E+007  3.848E+007
 2.890E+013  4.641E-010  5.562E+007  3.875E+007
 2.910E+013  4.795E-010  5.564E+007  3.903E+007
 2.930E+013  4.954E-010  5.567E+007  3.930E+007
 2.950E+013  5.118E-010  5.569E+007  3.957E+007
 2.970E+013  5.288E-010  5.572E+007  3.985E+007
 2.990E+013  5.462E-010  5.574E+007  4.012E+007
 3.010E+013  5.642E-010  5.577E+007  4.040E+007
 3.030E+013  5.827E-010  5.580E+007  4.067E+007
 3.050E+013  6.017E-010  5.583E+007  4.095E+007
 3.070E+013  6.213E-010  5.586E+007  4.122E+007
 3.090E+013  6.415E-010  5.590E+007  4.150E+007
 3.110E+013  6.622E-010  5.593E+007  4.177E+007
 3.130E+013  6.835E-010  5.597E+007  4.205E+007
 3.150E+013  7.054E-010  5.601E+007  4.233E+007
 3.170E+013  7.278E-010  5.604E+007  4.260E+007
 3.190E+013  7.509E-010  5.608E+007  4.288E+007
 3.210E+013  7.745E-010  5.613E+007  4.316E+007
 3.230E+013  7.988E-010  5.617E+007  4.344E+007
 3.250E+013  8.236E-010  5.621E+007  4.372E+007
 3.270E+013  8.491E-010  5.626E+007  4.400E+007
 3.290E+013  8.752E-010  5.631E+007  4.428E+007
 3.310E+013  9.020E-010  5.636E+007  4.456E+007
 3.330E+013  9.295E-010  5.641E+007  4.484E+007
 3.350E+013  9.576E-010  5.646E+007  4.512E+007
 3.370E+013  9.865E-010  5.652E+007  4.540E+007
 3.390E+013  1.016E-009  5.658E+007  4.568E+007
 3.410E+013  1.046E-009  5.664E+007  4.596E+007
 3.430E+013  1.077E-009  5.670E+007  4.625E+007
 3.450E+013  1.109E-009  5.677E+007  4.653E+007
 3.470E+013  1.142E-009  5.683E+007  4.681E+007
 3.490E+013  1.175E-009  5.690E+007  4.710E+007
 3.510E+013  1.209E-009  5.697E+007  4.739E+007
 3.530E+013  1.245E-009  5.705E+007  4.767E+007
 3.550E+013  1.280E-009  5.713E+007  4.796E+007
 3.570E+013  1.317E-009  5.720E+007  4.825E+007
 3.590E+013  1.355E-009  5.729E+007  4.854E+007
 3.610E+013  1.393E-009  5.737E+007  4.882E+007
 3.630E+013  1.433E-009  5.746E+007  4.911E+007
 3.650E+013  1.473E-009  5.755E+007  4.941E+007
 3.670E+013  1.515E-009  5.765E+007  4.970E+007
 3.690E+013  1.557E-009  5.774E+007  4.999E+007
 3.710E+013  1.600E-009  5.785E+007  5.028E+007
 3.730E+013  1.645E-009  5.795E+007  5.058E+007
 3.750E+013  1.690E-009  5.806E+007  5.087E+007
 3.770E+013  1.736E-009  5.817E+007  5.117E+007
 3.790E+013  1.784E-009  5.829E+007  5.147E+007
 3.810E+013  1.833E-009  5.841E+007  5.177E+007
 3.830E+013  1.883E-009  5.853E+007  5.207E+007
 3.850E+013  1.934E-009  5.866E+007  5.237E+007
 3.870E+013  1.986E-009  5.879E+007  5.267E+007
 3.890E+013  2.040E-009  5.893E+007  5.297E+007
 3.910E+013  2.095E-009  5.907E+007  5.328E+007
 3.930E+013  2.151E-009  5.921E+007  5.358E+007
 3.950E+013  2.209E-009  5.936E+007  5.389E+007
 3.970E+013  2.269E-009  5.952E+007  5.420E+007
 3.990E+013  2.330E-009  5.968E+007  5.451E+007
 4.010E+013  2.392E-009  5.985E+007  5.482E+007
 4.030E+013  2.457E-009  6.002E+007  5.513E+007
 4.050E+013  2.522E-009  6.020E+007  5.545E+007
 4.070E+013  2.590E-009  6.038E+007  5.576E+007
 4.090E+013  2.660E-009  6.057E+007  5.608E+007
 4.110E+013  2.731E-009  6.077E+007  5.640E+007
 4.130E+013  2.804E-009  6.097E+007  5.672E+007
 4.150E+013  2.879E-009  6.118E+007  5.704E+007
 4.170E+013  2.957E-009  6.140E+007  5.737E+007
 4.190E+013  3.036E-009  6.162E+007  5.769E+007
 4.210E+013  3.118E-009  6.185E+007  5.802E+007
 4.230E+013  3.201E-009  6.209E+007  5.835E+007
 4.250E+013  3.287E-009  6.234E+007  5.868E+007
 4.270E+013  3.376E-009  6.259E+007  5.902E+007
 4.290E+013  3.466E-009  6.286E+007  5.935E+007
 4.310E+013  3.559E-009  6.313E+007  5.969E+007
 4.330E+013  3.655E-009  6.341E+007  6.003E+007
 4.350E+013  3.754E-009  6.370E+007  6.037E+007
 4.370E+013  3.855E-009  6.400E+007  6.072E+007
 4.390E+013  3.958E-009  6.431E+007  6.107E+007
 4.410E+013  4.065E-009  6.464E+007  6.142E+007
 4.430E+013  4.175E-009  6.497E+007  6.177E+007
 4.450E+013  4.288E-009  6.531E+007  6.212E+007
 4.470E+013  4.404E-009  6.567E+007  6.248E+007
 4.490E+013  4.523E-009  6.603E+007  6.284E+007
 4.510E+013  4.646E-009  6.641E+007  6.320E+007
 4.530E+013  4.772E-009  6.681E+007  6.357E+007
 4.550E+013  4.902E-009  6.721E+007  6.394E+007
 4.570E+013  5.035E-009  6.763E+007  6.431E+007
 4.590E+013  5.173E-009  6.807E+007  6.468E+007
 4.610E+013  5.314E-009  6.852E+007  6.506E+007
 4.630E+013  5.460E-009  6.898E+007  6.544E+007
 4.650E+013  5.610E-009  6.947E+007  6.583E+007
 4.670E+013  5.765E-009  6.996E+007  6.621E+007
 4.690E+013  5.925E-009  7.048E+007  6.660E+007
 4.710E+013  6.089E-009  7.101E+007  6.700E+007
 4.730E+013  6.259E-009  7.156E+007  6.740E+007
 4.750E+013  6.434E-009  7.213E+007  6.780E+007
 4.770E+013  6.615E-009  7.272E+007  6.820E+007
 4.790E+013  6.801E-009  7.334E+007  6.861E+007
 4.810E+013  6.994E-009  7.397E+007  6.902E+007
 4.830E+013  7.193E-009  7.463E+007  6.944E+007
 4.850E+013  7.398E-009  7.531E+007  6.986E+007
 4.870E+013  7.611E-009  7.601E+007  7.029E+007
 4.890E+013  7.831E-009  7.674E+007  7.071E+007
 4.910E+013  8.058E-009  7.749E+007  7.115E+007
 4.930E+013  8.294E-009  7.828E+007  7.158E+007
 4.950E+013  8.537E-009  7.909E+007  7.202E+007
 4.970E+013  8.790E-009  7.993E+007  7.247E+007
 4.990E+013  9.051E-009  8.080E+007  7.292E+007
 5.010E+013  9.322E-009  8.171E+007  7.337E+007
 5.030E+013  9.603E-009  8.264E+007  7.383E+007
 5.050E+013  9.894E-009  8.362E+007  7.430E+007
 5.070E+013  1.020E-008  8.463E+007  7.476E+007
 5.090E+013  1.051E-008  8.568E+007  7.524E+007
 5.110E+013  1.084E-008  8.676E+007  7.572E+007
 5.130E+013  1.117E-008  8.789E+007  7.620E+007
 5.150E+013  1.152E-008  8.907E+007  7.669E+007
 5.170E+013  1.189E-008  9.029E+007  7.718E+007
 5.190E+013  1.227E-008  9.155E+007  7.768E+007
 5.210E+013  1.266E-008  9.287E+007  7.818E+007
 5.230E+013  1.308E-008  9.424E+007  7.869E+007
 5.250E+013  1.350E-008  9.566E+007  7.920E+007
 5.270E+013  1.395E-008  9.714E+007  7.972E+007
 5.290E+013  1.441E-008  9.868E+007  8.024E+007
 5.310E+013  1.490E-008  1.003E+008  8.077E+007
 5.330E+013  1.540E-008  1.019E+008  8.130E+007
 5.350E+013  1.593E-008  1.037E+008  8.184E+007
 5.370E+013  1.648E-008  1.055E+008  8.239E+007
 5.390E+013  1.706E-008  1.074E+008  8.294E+007
 5.410E+013  1.766E-008  1.093E+008  8.349E+007
 5.430E+013  1.828E-008  1.114E+008  8.406E+007
 5.450E+013  1.894E-008  1.135E+008  8.462E+007
 5.470E+013  1.963E-008  1.157E+008  8.519E+007
 5.490E+013  2.035E-008  1.180E+008  8.577E+007
 5.510E+013  2.110E-008  1.205E+008  8.635E+007
 5.530E+013  2.190E-008  1.230E+008  8.694E+007
 5.550E+013  2.273E-008  1.256E+008  8.754E+007
 5.570E+013  2.360E-008  1.284E+008  8.813E+007
 5.590E+013  2.451E-008  1.312E+008  8.874E+007
 5.610E+013  2.547E-008  1.343E+008  8.935E+007
 5.630E+013  2.649E-008  1.374E+008  8.996E+007
 5.650E+013  2.755E-008  1.407E+008  9.058E+007
 5.670E+013  2.867E-008  1.441E+008  9.121E+007
 5.690E+013  2.984E-008  1.477E+008  9.183E+007
 5.710E+013  3.109E-008  1.515E+008  9.246E+007
 5.730E+013  3.242E-008  1.556E+008  9.314E+007
 5.750E+013  3.376E-008  1.594E+008  9.378E+007
 5.770E+013  3.515E-008  1.634E+008  9.426E+007
 5.790E+013  3.699E-008  1.706E+008  9.509E+007
 5.810E+013  3.845E-008  1.756E+008  9.652E+007
 5.830E+013  3.792E-008  1.646E+008  9.615E+007
 5.850E+013  3.102E-008  1.081E+008  8.996E+007
 5.870E+013  1.861E-008  3.110E+007  7.037E+007
 5.890E+013  1.200E-008  2.443E+006  3.690E+007
 5.910E+013  1.019E-008  9.268E+003  7.447E+006
 5.930E+013  1.000E-008  6.241E+001  1.518E+005
 5.950E+013  1.000E-008  6.236E+001  2.722E+001
 5.970E+013  1.000E-008  6.236E+001  4.448E-007
 5.990E+013  1.000E-008  6.236E+001  4.978E-023
 6.010E+013  1.000E-008  6.236E+001  1.999E-055
 6.030E+013  1.000E-008  6.236E+001  6.395E-013
 6.050E+013  1.000E-008  6.236E+001 -6.395E-013
 6.070E+013  1.000E-008  6.236E+001  6.395E-013
 6.090E+013  1.000E-008  6.236E+001 -6.395E-013
 6.110E+013  1.000E-008  6.236E+001  0.000E+000
 6.130E+013  1.000E-008  6.236E+001  0.000E+000
 6.150E+013  1.000E-008  6.236E+001  0.000E+000
 6.170E+013  1.000E-008  6.236E+001  6.395E-013
 6.190E+013  1.000E-008  6.236E+001 -6.395E-013
 6.210E+013  1.000E-008  6.236E+001  0.000E+000
 6.230E+013  1.000E-008  6.236E+001  0.000E+000
 6.250E+013  1.000E-008  6.236E+001  0.000E+000
 6.270E+013  1.000E-008  6.236E+001  0.000E+000
 6.290E+013  1.000E-008  6.236E+001  0.000E+000
 6.310E+013  1.000E-008  6.236E+001  0.000E+000
 6.330E+013  1.000E-008  6.236E+001  0.000E+000
 6.350E+013  1.000E-008  6.236E+001  6.395E-013
 6.370E+013  1.000E-008  6.236E+001 -6.395E-013
 6.390E+013  1.000E-008  6.236E+001  0.000E+000
 6.410E+013  1.000E-008  6.236E+001  0.000E+000
 6.430E+013  1.000E-008  6.236E+001  0.000E+000
 6.450E+013  1.000E-008  6.236E+001  0.000E+000
 6.470E+013  1.000E-008  6.236E+001  6.395E-013
 6.490E+013  1.000E-008  6.236E+001 -6.395E-013
 6.510E+013  1.000E-008  6.236E+001  0.000E+000
 6.530E+013  1.000E-008  6.236E+001  0.000E+000
 6.550E+013  1.000E-008  6.236E+001  0.000E+000
 6.570E+013  1.000E-008  6.236E+001  0.000E+000
 6.590E+013  1.000E-008  6.236E+001  6.395E-013
 6.610E+013  1.000E-008  6.236E+001 -6.395E-013
 6.630E+013  1.000E-008  6.236E+001  0.000E+000
 6.650E+013  1.000E-008  6.236E+001  0.000E+000
 6.670E+013  1.000E-008  6.236E+001  0.000E+000
 6.690E+013  1.000E-008  6.236E+001  6.395E-013
 6.710E+013  1.000E-008  6.236E+001 -6.395E-013
 6.730E+013  1.000E-008  6.236E+001  0.000E+000
 6.750E+013  1.000E-008  6.236E+001  0.000E+000
 6.770E+013  1.000E-008  6.236E+001  6.395E-013
 6.790E+013  1.000E-008  6.236E+001 -6.395E-013
 6.810E+013  1.000E-008  6.236E+001  6.395E-013
 6.830E+013  1.000E-008  6.236E+001 -3.599E-034
 6.850E+013  1.000E-008  6.236E+001 -6.395E-013
 6.870E+013  1.000E-008  6.236E+001  0.000E+000
 6.890E+013  1.000E-008  6.236E+001  0.000E+000
 6.910E+013  1.000E-008  6.236E+001  0.000E+000
 6.930E+013  1.000E-008  6.236E+001  6.395E-013
 6.950E+013  1.000E-008  6.236E+001 -6.395E-013
 6.970E+013  1.000E-008  6.236E+001  0.000E+000
 6.990E+013  1.000E-008  6.236E+001  0.000E+000
 7.010E+013  1.000E-008  6.236E+001  0.000E+000
 7.030E+013  1.000E-008  6.236E+001  0.000E+000
 7.050E+013  1.000E-008  6.236E+001  0.000E+000
 7.070E+013  1.000E-008  6.236E+001  0.000E+000
 7.090E+013  1.000E-008  6.236E+001  0.000E+000
 7.110E+013  1.000E-008  6.236E+001  0.000E+000
 7.130E+013  1.000E-008  6.236E+001  0.000E+000
 7.150E+013  1.000E-008  6.236E+001  0.000E+000
 7.170E+013  1.000E-008  6.236E+001  0.000E+000
 7.190E+013  1.000E-008  6.236E+001  6.395E-013
 7.210E+013  1.000E-008  6.236E+001 -6.395E-013
 7.230E+013  1.000E-008  6.236E+001  0.000E+000
 7.250E+013  1.000E-008  6.236E+001  0.000E+000
 7.270E+013  1.000E-008  6.236E+001  1.279E-012
 7.290E+013  1.000E-008  6.236E+001 -1.349E-033
 7.310E+013  1.000E-008  6.236E+001 -1.279E-012
 7.330E+013  1.000E-008  6.236E+001 -3.070E-031
 7.350E+013  1.000E-008  6.236E+001 -6.395E-013
 7.370E+013  1.000E-008  6.236E+001  6.395E-013
 7.390E+013  1.000E-008  6.236E+001  3.066E-031
 7.410E+013  1.000E-008  6.236E+001  2.417E-068
 7.430E+013  1.000E-008  6.236E+001  7.002E-143
 7.450E+013  1.000E-008  6.236E+001  2.841E-292
 7.470E+013  1.000E-008  6.236E+001  0.000E+000
 7.490E+013  1.000E-008  6.236E+001  0.000E+000
 7.510E+013  1.000E-008  6.236E+001  0.000E+000
 7.530E+013  1.000E-008  6.236E+001  0.000E+000
 7.550E+013  1.000E-008  6.236E+001  0.000E+000
 7.570E+013  1.000E-008  6.236E+001  0.000E+000
 7.590E+013  1.000E-008  6.236E+001  0.000E+000
 7.610E+013  1.000E-008  6.236E+001  0.000E+000
 7.630E+013  1.000E-008  6.236E+001  0.000E+000
 7.650E+013  1.000E-008  6.236E+001  0.000E+000
 7.670E+013  1.000E-008  6.236E+001  1.279E-012
 7.690E+013  1.000E-008  6.236E+001 -1.279E-012
 7.710E+013  1.000E-008  6.236E+001  1.919E-012
 7.730E+013  1.000E-008  6.236E+001 -1.919E-012
 7.750E+013  1.000E-008  6.236E+001  7.268E-032
 7.770E+013  1.000E-008  6.236E+001  1.279E-012
 7.790E+013  1.000E-008  6.236E+001 -3.837E-012
 7.810E+013  1.000E-008  6.236E+001  3.837E-012
 7.830E+013  1.000E-008  6.236E+001 -1.279E-012
 7.850E+013  1.000E-008  6.236E+001 -1.707E-068
 7.870E+013  1.000E-008  6.236E+001 -2.577E-031
 7.890E+013  1.000E-008  6.236E+001 -6.395E-013
 7.910E+013  1.000E-008  6.236E+001 -3.198E-012
 7.930E+013  1.000E-008  6.236E+001  1.919E-012
 7.950E+013  1.000E-008  6.236E+001  1.919E-012
 7.970E+013  1.000E-008  6.236E+001 -2.558E-012
 7.990E+013  1.000E-008  6.236E+001  2.558E-012
 8.010E+013  1.000E-008  6.236E+001  4.906E-030
 8.030E+013  1.000E-008  6.236E+001  6.187E-066
 8.050E+013  1.000E-008  6.236E+001  4.589E-138
 8.070E+013  1.000E-008  6.236E+001 -1.316E-275
 8.090E+013  1.000E-008  6.236E+001 -1.507E-134
 8.110E+013  1.000E-008  6.236E+001 -3.545E-064
 8.130E+013  1.000E-008  6.236E+001 -3.714E-029
 8.150E+013  1.000E-008  6.236E+001 -7.035E-012
 8.170E+013  1.000E-008  6.236E+001  8.953E-012
 8.190E+013  1.000E-008  6.236E+001 -1.919E-012
 8.210E+013  1.000E-008  6.236E+001  0.000E+000
 8.230E+013  1.000E-008  6.236E+001  0.000E+000
 8.250E+013  1.000E-008  6.236E+001  0.000E+000
 8.270E+013  1.000E-008  6.236E+001  0.000E+000
 8.290E+013  1.000E-008  6.236E+001  2.558E-012
 8.310E+013  1.000E-008  6.236E+001 -2.558E-012
 8.330E+013  1.000E-008  6.236E+001 -2.981E-031
 8.350E+013  1.000E-008  6.236E+001  3.837E-012
 8.370E+013  1.000E-008  6.236E+001 -3.198E-012
 8.390E+013  1.000E-008  6.236E+001 -3.069E-031
 8.410E+013  1.000E-008  6.236E+001 -6.395E-013
 8.430E+013  1.000E-008  6.236E+001  6.395E-013
 8.450E+013  1.000E-008  6.236E+001 -2.908E-034
 8.470E+013  1.000E-008  6.236E+001 -6.395E-013
 8.490E+013  1.000E-008  6.236E+001 -1.447E-034
 8.510E+013  1.000E-008  6.236E+001  6.395E-013
 8.530E+013  1.000E-008  6.236E+001 -2.881E-034
 8.550E+013  1.000E-008  6.236E+001 -6.395E-013
 8.570E+013  1.000E-008  6.236E+001 -1.434E-034
 8.590E+013  1.000E-008  6.236E+001  6.395E-013
 8.610E+013  1.000E-008  6.236E+001 -6.395E-013
 8.630E+013  1.000E-008  6.236E+001  0.000E+000
 8.650E+013  1.000E-008  6.236E+001  0.000E+000
 8.670E+013  1.000E-008  6.236E+001  0.000E+000
 8.690E+013  1.000E-008  6.236E+001  0.000E+000
 8.710E+013  1.000E-008  6.236E+001  0.000E+000
 8.730E+013  1.000E-008  6.236E+001  0.000E+000
 8.750E+013  1.000E-008  6.236E+001  6.395E-013
 8.770E+013  1.000E-008  6.236E+001 -6.395E-013
 8.790E+013  1.000E-008  6.236E+001 -1.398E-034
 8.810E+013  1.000E-008  6.236E+001  6.395E-013
 8.830E+013  1.000E-008  6.236E+001 -6.395E-013
 8.850E+013  1.000E-008  6.236E+001  6.395E-013
 8.870E+013  1.000E-008  6.236E+001  6.395E-013
 8.890E+013  1.000E-008  6.236E+001 -1.279E-012
 8.910E+013  1.000E-008  6.236E+001  0.000E+000
 8.930E+013  1.000E-008  6.236E+001  0.000E+000
 8.950E+013  1.000E-008  6.236E+001  0.000E+000
 8.970E+013  1.000E-008  6.236E+001  0.000E+000
 8.990E+013  1.000E-008  6.236E+001  0.000E+000
 9.010E+013  1.000E-008  6.236E+001  6.395E-013
 9.030E+013  1.000E-008  6.236E+001 -2.721E-034
 9.050E+013  1.000E-008  6.236E+001 -6.395E-013
 9.070E+013  1.000E-008  6.236E+001  6.395E-013
 9.090E+013  1.000E-008  6.236E+001 -2.703E-034
 9.110E+013  1.000E-008  6.236E+001 -6.395E-013
 9.130E+013  1.000E-008  6.236E+001  0.000E+000
 9.150E+013  1.000E-008  6.236E+001  0.000E+000
 9.170E+013  1.000E-008  6.236E+001  0.000E+000
 9.190E+013  1.000E-008  6.236E+001  0.000E+000
 9.210E+013  1.000E-008  6.236E+001  0.000E+000
 9.230E+013  1.000E-008  6.236E+001  6.395E-013
 9.250E+013  1.000E-008  6.236E+001 -2.656E-034
 9.270E+013  1.000E-008  6.236E+001 -6.395E-013
 9.290E+013  1.000E-008  6.236E+001  0.000E+000
 9.310E+013  1.000E-008  6.236E+001  0.000E+000
 9.330E+013  1.000E-008  6.236E+001  0.000E+000
 9.350E+013  1.000E-008  6.236E+001  0.000E+000
 9.370E+013  1.000E-008  6.236E+001  6.395E-013
 9.390E+013  1.000E-008  6.236E+001 -6.395E-013
 9.410E+013  1.000E-008  6.236E+001  6.395E-013
 9.430E+013  1.000E-008  6.236E+001 -6.395E-013
 9.450E+013  1.000E-008  6.236E+001  0.000E+000
 9.470E+013  1.000E-008  6.236E+001  0.000E+000
 9.490E+013  1.000E-008  6.236E+001  0.000E+000
 9.510E+013  1.000E-008  6.236E+001  0.000E+000
 9.530E+013  1.000E-008  6.236E+001  6.395E-013
 9.550E+013  1.000E-008  6.236E+001 -6.395E-013
 9.570E+013  1.000E-008  6.236E+001 -2.421E-068
 9.590E+013  1.000E-008  6.236E+001 -3.069E-031
 9.610E+013  1.000E-008  6.236E+001 -6.395E-013
 9.630E+013  1.000E-008  6.236E+001  6.395E-013
 9.650E+013  1.000E-008  6.236E+001  3.067E-031
 9.670E+013  1.000E-008  6.236E+001  6.395E-013
 9.690E+013  1.000E-008  6.236E+001 -6.395E-013
 9.710E+013  1.000E-008  6.236E+001  0.000E+000
 9.730E+013  1.000E-008  6.236E+001  0.000E+000
 9.750E+013  1.000E-008  6.236E+001  0.000E+000
 9.770E+013  1.000E-008  6.236E+001  0.000E+000
 9.790E+013  1.000E-008  6.236E+001  0.000E+000
 9.810E+013  1.000E-008  6.236E+001  0.000E+000
 9.830E+013  1.000E-008  6.236E+001  0.000E+000
 9.850E+013  1.000E-008  6.236E+001  0.000E+000
 9.870E+013  1.000E-008  6.236E+001  0.000E+000
 9.890E+013  1.000E-008  6.236E+001  0.000E+000
 9.910E+013  1.000E-008  6.236E+001  0.000E+000
 9.930E+013  1.000E-008  6.236E+001  0.000E+000
 9.950E+013  1.000E-008  6.236E+001  6.395E-013
 9.970E+013  1.000E-008  6.236E+001 -6.395E-013
 9.990E+013  1.000E-008  6.236E+001  0.000E+000
 1.001E+014  1.000E-099  1.000E-099  0.000E+000
 1.003E+014  1.000E-099  1.000E-099  0.000E+000
 5.708E-003
