 2.280E+005
     x1b        dens       energ       v1
 1.000E+011  2.766E-012  4.142E+007  0.000E+000
 3.000E+011  2.768E-012  4.142E+007  1.907E+005
 5.000E+011  2.773E-012  4.142E+007  4.326E+005
 7.000E+011  2.784E-012  4.142E+007  6.321E+005
 9.000E+011  2.802E-012  4.142E+007  8.503E+005
 1.100E+012  2.827E-012  4.142E+007  1.059E+006
 1.300E+012  2.859E-012  4.142E+007  1.273E+006
 1.500E+012  2.898E-012  4.142E+007  1.484E+006
 1.700E+012  2.941E-012  4.142E+007  1.697E+006
 1.900E+012  2.988E-012  4.142E+007  1.908E+006
 2.100E+012  3.038E-012  4.142E+007  2.121E+006
 2.300E+012  3.088E-012  4.142E+007  2.333E+006
 2.500E+012  3.139E-012  4.142E+007  2.545E+006
 2.700E+012  3.190E-012  4.142E+007  2.757E+006
 2.900E+012  3.241E-012  4.142E+007  2.969E+006
 3.100E+012  3.288E-012  4.142E+007  3.181E+006
 3.300E+012  3.331E-012  4.142E+007  3.393E+006
 3.500E+012  3.366E-012  4.142E+007  3.605E+006
 3.700E+012  3.388E-012  4.142E+007  3.817E+006
 3.900E+012  3.397E-012  4.142E+007  4.029E+006
 4.100E+012  3.398E-012  4.142E+007  4.241E+006
 4.300E+012  3.398E-012  4.142E+007  4.453E+006
 4.500E+012  3.398E-012  4.142E+007  4.665E+006
 4.700E+012  3.398E-012  4.142E+007  4.877E+006
 4.900E+012  3.397E-012  4.142E+007  5.089E+006
 5.100E+012  3.396E-012  4.142E+007  5.301E+006
 5.300E+012  3.395E-012  4.142E+007  5.513E+006
 5.500E+012  3.392E-012  4.142E+007  5.725E+006
 5.700E+012  3.389E-012  4.142E+007  5.937E+006
 5.900E+012  3.385E-012  4.142E+007  6.150E+006
 6.100E+012  3.382E-012  4.142E+007  6.362E+006
 6.300E+012  3.380E-012  4.142E+007  6.574E+006
 6.500E+012  3.380E-012  4.142E+007  6.786E+006
 6.700E+012  3.380E-012  4.142E+007  6.998E+006
 6.900E+012  3.380E-012  4.142E+007  7.210E+006
 7.100E+012  3.381E-012  4.142E+007  7.422E+006
 7.300E+012  3.382E-012  4.142E+007  7.634E+006
 7.500E+012  3.384E-012  4.142E+007  7.846E+006
 7.700E+012  3.387E-012  4.142E+007  8.058E+006
 7.900E+012  3.392E-012  4.142E+007  8.270E+006
 8.100E+012  3.399E-012  4.142E+007  8.482E+006
 8.300E+012  3.408E-012  4.142E+007  8.694E+006
 8.500E+012  3.420E-012  4.142E+007  8.906E+006
 8.700E+012  3.435E-012  4.142E+007  9.118E+006
 8.900E+012  3.454E-012  4.142E+007  9.330E+006
 9.100E+012  3.477E-012  4.142E+007  9.542E+006
 9.300E+012  3.505E-012  4.142E+007  9.755E+006
 9.500E+012  3.538E-012  4.142E+007  9.967E+006
 9.700E+012  3.577E-012  4.142E+007  1.018E+007
 9.900E+012  3.623E-012  4.142E+007  1.039E+007
 1.010E+013  3.677E-012  4.142E+007  1.060E+007
 1.030E+013  3.739E-012  4.142E+007  1.082E+007
 1.050E+013  3.810E-012  4.142E+007  1.103E+007
 1.070E+013  3.892E-012  4.142E+007  1.124E+007
 1.090E+013  3.985E-012  4.142E+007  1.145E+007
 1.110E+013  4.090E-012  4.142E+007  1.166E+007
 1.130E+013  4.209E-012  4.142E+007  1.188E+007
 1.150E+013  4.344E-012  4.142E+007  1.209E+007
 1.170E+013  4.496E-012  4.142E+007  1.230E+007
 1.190E+013  4.667E-012  4.142E+007  1.251E+007
 1.210E+013  4.859E-012  4.142E+007  1.273E+007
 1.230E+013  5.075E-012  4.142E+007  1.294E+007
 1.250E+013  5.317E-012  4.142E+007  1.315E+007
 1.270E+013  5.589E-012  4.142E+007  1.336E+007
 1.290E+013  5.892E-012  4.142E+007  1.358E+007
 1.310E+013  6.231E-012  4.142E+007  1.379E+007
 1.330E+013  6.610E-012  4.142E+007  1.400E+007
 1.350E+013  7.033E-012  4.142E+007  1.422E+007
 1.370E+013  7.504E-012  4.142E+007  1.443E+007
 1.390E+013  8.027E-012  4.142E+007  1.464E+007
 1.410E+013  8.609E-012  4.142E+007  1.485E+007
 1.430E+013  9.254E-012  4.142E+007  1.507E+007
 1.450E+013  9.967E-012  4.142E+007  1.528E+007
 1.470E+013  1.075E-011  4.142E+007  1.549E+007
 1.490E+013  1.162E-011  4.142E+007  1.571E+007
 1.510E+013  1.257E-011  4.142E+007  1.592E+007
 1.530E+013  1.360E-011  4.142E+007  1.613E+007
 1.550E+013  1.473E-011  4.142E+007  1.634E+007
 1.570E+013  1.595E-011  4.142E+007  1.656E+007
 1.590E+013  1.726E-011  4.142E+007  1.677E+007
 1.610E+013  1.866E-011  4.142E+007  1.698E+007
 1.630E+013  2.016E-011  4.143E+007  1.719E+007
 1.650E+013  2.174E-011  4.143E+007  1.740E+007
 1.670E+013  2.341E-011  4.143E+007  1.762E+007
 1.690E+013  2.516E-011  4.143E+007  1.783E+007
 1.710E+013  2.697E-011  4.143E+007  1.804E+007
 1.730E+013  2.886E-011  4.143E+007  1.825E+007
 1.750E+013  3.080E-011  4.143E+007  1.846E+007
 1.770E+013  3.279E-011  4.143E+007  1.867E+007
 1.790E+013  3.483E-011  4.143E+007  1.888E+007
 1.810E+013  3.691E-011  4.143E+007  1.910E+007
 1.830E+013  3.902E-011  4.143E+007  1.931E+007
 1.850E+013  4.117E-011  4.143E+007  1.952E+007
 1.870E+013  4.334E-011  4.143E+007  1.973E+007
 1.890E+013  4.555E-011  4.143E+007  1.994E+007
 1.910E+013  4.778E-011  4.143E+007  2.015E+007
 1.930E+013  5.005E-011  4.144E+007  2.037E+007
 1.950E+013  5.234E-011  4.144E+007  2.058E+007
 1.970E+013  5.468E-011  4.144E+007  2.079E+007
 1.990E+013  5.706E-011  4.144E+007  2.100E+007
 2.010E+013  5.949E-011  4.144E+007  2.121E+007
 2.030E+013  6.197E-011  4.144E+007  2.143E+007
 2.050E+013  6.451E-011  4.144E+007  2.164E+007
 2.070E+013  6.712E-011  4.144E+007  2.185E+007
 2.090E+013  6.980E-011  4.145E+007  2.206E+007
 2.110E+013  7.256E-011  4.145E+007  2.227E+007
 2.130E+013  7.541E-011  4.145E+007  2.249E+007
 2.150E+013  7.836E-011  4.145E+007  2.270E+007
 2.170E+013  8.141E-011  4.145E+007  2.291E+007
 2.190E+013  8.458E-011  4.145E+007  2.312E+007
 2.210E+013  8.786E-011  4.146E+007  2.334E+007
 2.230E+013  9.128E-011  4.146E+007  2.355E+007
 2.250E+013  9.483E-011  4.146E+007  2.376E+007
 2.270E+013  9.853E-011  4.146E+007  2.397E+007
 2.290E+013  1.024E-010  4.146E+007  2.419E+007
 2.310E+013  1.064E-010  4.147E+007  2.440E+007
 2.330E+013  1.106E-010  4.147E+007  2.461E+007
 2.350E+013  1.149E-010  4.147E+007  2.482E+007
 2.370E+013  1.194E-010  4.148E+007  2.504E+007
 2.390E+013  1.241E-010  4.148E+007  2.525E+007
 2.410E+013  1.290E-010  4.148E+007  2.546E+007
 2.430E+013  1.340E-010  4.149E+007  2.568E+007
 2.450E+013  1.393E-010  4.149E+007  2.589E+007
 2.470E+013  1.447E-010  4.149E+007  2.610E+007
 2.490E+013  1.503E-010  4.150E+007  2.631E+007
 2.510E+013  1.561E-010  4.150E+007  2.653E+007
 2.530E+013  1.621E-010  4.150E+007  2.674E+007
 2.550E+013  1.682E-010  4.151E+007  2.695E+007
 2.570E+013  1.746E-010  4.151E+007  2.716E+007
 2.590E+013  1.811E-010  4.152E+007  2.738E+007
 2.610E+013  1.877E-010  4.152E+007  2.759E+007
 2.630E+013  1.946E-010  4.153E+007  2.780E+007
 2.650E+013  2.016E-010  4.153E+007  2.802E+007
 2.670E+013  2.088E-010  4.154E+007  2.823E+007
 2.690E+013  2.161E-010  4.155E+007  2.844E+007
 2.710E+013  2.237E-010  4.155E+007  2.866E+007
 2.730E+013  2.314E-010  4.156E+007  2.887E+007
 2.750E+013  2.392E-010  4.157E+007  2.908E+007
 2.770E+013  2.473E-010  4.157E+007  2.930E+007
 2.790E+013  2.555E-010  4.158E+007  2.951E+007
 2.810E+013  2.639E-010  4.159E+007  2.972E+007
 2.830E+013  2.726E-010  4.160E+007  2.994E+007
 2.850E+013  2.814E-010  4.160E+007  3.015E+007
 2.870E+013  2.905E-010  4.161E+007  3.037E+007
 2.890E+013  2.998E-010  4.162E+007  3.058E+007
 2.910E+013  3.094E-010  4.163E+007  3.079E+007
 2.930E+013  3.192E-010  4.164E+007  3.101E+007
 2.950E+013  3.293E-010  4.165E+007  3.122E+007
 2.970E+013  3.397E-010  4.166E+007  3.144E+007
 2.990E+013  3.504E-010  4.167E+007  3.165E+007
 3.010E+013  3.614E-010  4.168E+007  3.187E+007
 3.030E+013  3.727E-010  4.170E+007  3.208E+007
 3.050E+013  3.844E-010  4.171E+007  3.230E+007
 3.070E+013  3.964E-010  4.172E+007  3.251E+007
 3.090E+013  4.088E-010  4.173E+007  3.273E+007
 3.110E+013  4.215E-010  4.175E+007  3.294E+007
 3.130E+013  4.346E-010  4.176E+007  3.316E+007
 3.150E+013  4.481E-010  4.178E+007  3.337E+007
 3.170E+013  4.620E-010  4.179E+007  3.359E+007
 3.190E+013  4.763E-010  4.181E+007  3.380E+007
 3.210E+013  4.910E-010  4.182E+007  3.402E+007
 3.230E+013  5.061E-010  4.184E+007  3.424E+007
 3.250E+013  5.216E-010  4.186E+007  3.445E+007
 3.270E+013  5.375E-010  4.188E+007  3.467E+007
 3.290E+013  5.539E-010  4.190E+007  3.488E+007
 3.310E+013  5.706E-010  4.192E+007  3.510E+007
 3.330E+013  5.878E-010  4.194E+007  3.532E+007
 3.350E+013  6.054E-010  4.196E+007  3.554E+007
 3.370E+013  6.234E-010  4.198E+007  3.575E+007
 3.390E+013  6.419E-010  4.200E+007  3.597E+007
 3.410E+013  6.608E-010  4.202E+007  3.619E+007
 3.430E+013  6.802E-010  4.205E+007  3.641E+007
 3.450E+013  7.000E-010  4.207E+007  3.663E+007
 3.470E+013  7.203E-010  4.210E+007  3.684E+007
 3.490E+013  7.410E-010  4.213E+007  3.706E+007
 3.510E+013  7.623E-010  4.216E+007  3.728E+007
 3.530E+013  7.840E-010  4.218E+007  3.750E+007
 3.550E+013  8.063E-010  4.221E+007  3.772E+007
 3.570E+013  8.290E-010  4.225E+007  3.794E+007
 3.590E+013  8.523E-010  4.228E+007  3.816E+007
 3.610E+013  8.761E-010  4.231E+007  3.838E+007
 3.630E+013  9.005E-010  4.235E+007  3.860E+007
 3.650E+013  9.254E-010  4.238E+007  3.883E+007
 3.670E+013  9.509E-010  4.242E+007  3.905E+007
 3.690E+013  9.770E-010  4.246E+007  3.927E+007
 3.710E+013  1.004E-009  4.249E+007  3.949E+007
 3.730E+013  1.031E-009  4.253E+007  3.972E+007
 3.750E+013  1.059E-009  4.258E+007  3.994E+007
 3.770E+013  1.087E-009  4.262E+007  4.016E+007
 3.790E+013  1.116E-009  4.266E+007  4.039E+007
 3.810E+013  1.146E-009  4.271E+007  4.061E+007
 3.830E+013  1.176E-009  4.276E+007  4.084E+007
 3.850E+013  1.207E-009  4.281E+007  4.106E+007
 3.870E+013  1.239E-009  4.286E+007  4.129E+007
 3.890E+013  1.272E-009  4.291E+007  4.151E+007
 3.910E+013  1.305E-009  4.296E+007  4.174E+007
 3.930E+013  1.338E-009  4.302E+007  4.197E+007
 3.950E+013  1.373E-009  4.308E+007  4.220E+007
 3.970E+013  1.408E-009  4.314E+007  4.243E+007
 3.990E+013  1.444E-009  4.320E+007  4.266E+007
 4.010E+013  1.481E-009  4.326E+007  4.289E+007
 4.030E+013  1.519E-009  4.333E+007  4.312E+007
 4.050E+013  1.557E-009  4.339E+007  4.335E+007
 4.070E+013  1.596E-009  4.346E+007  4.358E+007
 4.090E+013  1.637E-009  4.353E+007  4.381E+007
 4.110E+013  1.678E-009  4.361E+007  4.404E+007
 4.130E+013  1.720E-009  4.368E+007  4.428E+007
 4.150E+013  1.763E-009  4.376E+007  4.451E+007
 4.170E+013  1.807E-009  4.384E+007  4.475E+007
 4.190E+013  1.852E-009  4.392E+007  4.498E+007
 4.210E+013  1.898E-009  4.401E+007  4.522E+007
 4.230E+013  1.945E-009  4.410E+007  4.546E+007
 4.250E+013  1.993E-009  4.419E+007  4.570E+007
 4.270E+013  2.043E-009  4.428E+007  4.594E+007
 4.290E+013  2.093E-009  4.438E+007  4.618E+007
 4.310E+013  2.145E-009  4.448E+007  4.642E+007
 4.330E+013  2.198E-009  4.458E+007  4.666E+007
 4.350E+013  2.252E-009  4.469E+007  4.690E+007
 4.370E+013  2.308E-009  4.480E+007  4.715E+007
 4.390E+013  2.365E-009  4.491E+007  4.739E+007
 4.410E+013  2.423E-009  4.502E+007  4.764E+007
 4.430E+013  2.482E-009  4.514E+007  4.789E+007
 4.450E+013  2.544E-009  4.527E+007  4.814E+007
 4.470E+013  2.606E-009  4.539E+007  4.839E+007
 4.490E+013  2.670E-009  4.552E+007  4.864E+007
 4.510E+013  2.736E-009  4.566E+007  4.889E+007
 4.530E+013  2.803E-009  4.580E+007  4.914E+007
 4.550E+013  2.872E-009  4.594E+007  4.940E+007
 4.570E+013  2.942E-009  4.609E+007  4.965E+007
 4.590E+013  3.014E-009  4.624E+007  4.991E+007
 4.610E+013  3.088E-009  4.640E+007  5.017E+007
 4.630E+013  3.164E-009  4.656E+007  5.043E+007
 4.650E+013  3.241E-009  4.672E+007  5.069E+007
 4.670E+013  3.320E-009  4.689E+007  5.095E+007
 4.690E+013  3.402E-009  4.707E+007  5.121E+007
 4.710E+013  3.485E-009  4.725E+007  5.148E+007
 4.730E+013  3.570E-009  4.744E+007  5.175E+007
 4.750E+013  3.657E-009  4.763E+007  5.201E+007
 4.770E+013  3.747E-009  4.783E+007  5.228E+007
 4.790E+013  3.838E-009  4.804E+007  5.256E+007
 4.810E+013  3.932E-009  4.825E+007  5.283E+007
 4.830E+013  4.029E-009  4.847E+007  5.311E+007
 4.850E+013  4.127E-009  4.869E+007  5.338E+007
 4.870E+013  4.229E-009  4.892E+007  5.366E+007
 4.890E+013  4.332E-009  4.916E+007  5.394E+007
 4.910E+013  4.439E-009  4.941E+007  5.423E+007
 4.930E+013  4.548E-009  4.966E+007  5.451E+007
 4.950E+013  4.660E-009  4.992E+007  5.480E+007
 4.970E+013  4.775E-009  5.019E+007  5.509E+007
 4.990E+013  4.893E-009  5.047E+007  5.538E+007
 5.010E+013  5.014E-009  5.075E+007  5.567E+007
 5.030E+013  5.138E-009  5.105E+007  5.597E+007
 5.050E+013  5.266E-009  5.135E+007  5.626E+007
 5.070E+013  5.397E-009  5.167E+007  5.656E+007
 5.090E+013  5.532E-009  5.199E+007  5.687E+007
 5.110E+013  5.671E-009  5.233E+007  5.717E+007
 5.130E+013  5.814E-009  5.267E+007  5.748E+007
 5.150E+013  5.960E-009  5.303E+007  5.779E+007
 5.170E+013  6.111E-009  5.339E+007  5.810E+007
 5.190E+013  6.266E-009  5.377E+007  5.841E+007
 5.210E+013  6.426E-009  5.416E+007  5.873E+007
 5.230E+013  6.590E-009  5.456E+007  5.905E+007
 5.250E+013  6.759E-009  5.498E+007  5.937E+007
 5.270E+013  6.933E-009  5.541E+007  5.970E+007
 5.290E+013  7.113E-009  5.585E+007  6.002E+007
 5.310E+013  7.298E-009  5.631E+007  6.035E+007
 5.330E+013  7.489E-009  5.678E+007  6.069E+007
 5.350E+013  7.685E-009  5.727E+007  6.102E+007
 5.370E+013  7.888E-009  5.778E+007  6.136E+007
 5.390E+013  8.097E-009  5.830E+007  6.171E+007
 5.410E+013  8.312E-009  5.883E+007  6.205E+007
 5.430E+013  8.535E-009  5.939E+007  6.240E+007
 5.450E+013  8.765E-009  5.996E+007  6.275E+007
 5.470E+013  9.002E-009  6.056E+007  6.311E+007
 5.490E+013  9.247E-009  6.117E+007  6.347E+007
 5.510E+013  9.500E-009  6.181E+007  6.383E+007
 5.530E+013  9.762E-009  6.246E+007  6.419E+007
 5.550E+013  1.003E-008  6.314E+007  6.456E+007
 5.570E+013  1.031E-008  6.384E+007  6.493E+007
 5.590E+013  1.060E-008  6.457E+007  6.531E+007
 5.610E+013  1.090E-008  6.532E+007  6.568E+007
 5.630E+013  1.121E-008  6.610E+007  6.607E+007
 5.650E+013  1.153E-008  6.690E+007  6.645E+007
 5.670E+013  1.186E-008  6.774E+007  6.684E+007
 5.690E+013  1.221E-008  6.860E+007  6.723E+007
 5.710E+013  1.256E-008  6.949E+007  6.763E+007
 5.730E+013  1.293E-008  7.042E+007  6.803E+007
 5.750E+013  1.332E-008  7.138E+007  6.843E+007
 5.770E+013  1.372E-008  7.237E+007  6.884E+007
 5.790E+013  1.413E-008  7.340E+007  6.925E+007
 5.810E+013  1.456E-008  7.447E+007  6.967E+007
 5.830E+013  1.501E-008  7.557E+007  7.009E+007
 5.850E+013  1.547E-008  7.672E+007  7.051E+007
 5.870E+013  1.595E-008  7.791E+007  7.093E+007
 5.890E+013  1.645E-008  7.915E+007  7.137E+007
 5.910E+013  1.698E-008  8.043E+007  7.180E+007
 5.930E+013  1.752E-008  8.176E+007  7.224E+007
 5.950E+013  1.809E-008  8.314E+007  7.268E+007
 5.970E+013  1.868E-008  8.457E+007  7.312E+007
 5.990E+013  1.929E-008  8.607E+007  7.357E+007
 6.010E+013  1.993E-008  8.761E+007  7.403E+007
 6.030E+013  2.060E-008  8.922E+007  7.448E+007
 6.050E+013  2.130E-008  9.090E+007  7.495E+007
 6.070E+013  2.203E-008  9.264E+007  7.541E+007
 6.090E+013  2.279E-008  9.445E+007  7.588E+007
 6.110E+013  2.358E-008  9.633E+007  7.635E+007
 6.130E+013  2.441E-008  9.829E+007  7.683E+007
 6.150E+013  2.528E-008  1.003E+008  7.731E+007
 6.170E+013  2.619E-008  1.025E+008  7.779E+007
 6.190E+013  2.715E-008  1.047E+008  7.828E+007
 6.210E+013  2.815E-008  1.070E+008  7.877E+007
 6.230E+013  2.919E-008  1.094E+008  7.927E+007
 6.250E+013  3.029E-008  1.119E+008  7.977E+007
 6.270E+013  3.144E-008  1.145E+008  8.026E+007
 6.290E+013  3.266E-008  1.173E+008  8.078E+007
 6.310E+013  3.392E-008  1.201E+008  8.132E+007
 6.330E+013  3.517E-008  1.227E+008  8.174E+007
 6.350E+013  3.668E-008  1.266E+008  8.220E+007
 6.370E+013  3.841E-008  1.319E+008  8.329E+007
 6.390E+013  3.874E-008  1.299E+008  8.375E+007
 6.410E+013  3.529E-008  1.047E+008  8.129E+007
 6.430E+013  2.366E-008  4.496E+007  6.991E+007
 6.450E+013  1.396E-008  6.711E+006  4.516E+007
 6.470E+013  1.062E-008  1.322E+005  1.527E+007
 6.490E+013  1.002E-008  7.900E+001  1.031E+006
 6.510E+013  1.000E-008  6.236E+001  2.082E+003
 6.530E+013  1.000E-008  6.236E+001  3.736E-003
 6.550E+013  1.000E-008  6.236E+001  5.471E-012
 6.570E+013  1.000E-008  6.236E+001  1.735E-032
 6.590E+013  1.000E-008  6.236E+001  8.101E-013
 6.610E+013  1.000E-008  6.236E+001 -8.101E-013
 6.630E+013  1.000E-008  6.236E+001  0.000E+000
 6.650E+013  1.000E-008  6.236E+001  0.000E+000
 6.670E+013  1.000E-008  6.236E+001  0.000E+000
 6.690E+013  1.000E-008  6.236E+001  8.101E-013
 6.710E+013  1.000E-008  6.236E+001 -8.101E-013
 6.730E+013  1.000E-008  6.236E+001  0.000E+000
 6.750E+013  1.000E-008  6.236E+001  0.000E+000
 6.770E+013  1.000E-008  6.236E+001  8.101E-013
 6.790E+013  1.000E-008  6.236E+001 -8.101E-013
 6.810E+013  1.000E-008  6.236E+001  8.101E-013
 6.830E+013  1.000E-008  6.236E+001 -7.315E-034
 6.850E+013  1.000E-008  6.236E+001 -8.101E-013
 6.870E+013  1.000E-008  6.236E+001  0.000E+000
 6.890E+013  1.000E-008  6.236E+001  0.000E+000
 6.910E+013  1.000E-008  6.236E+001  0.000E+000
 6.930E+013  1.000E-008  6.236E+001  8.101E-013
 6.950E+013  1.000E-008  6.236E+001 -8.101E-013
 6.970E+013  1.000E-008  6.236E+001  0.000E+000
 6.990E+013  1.000E-008  6.236E+001  0.000E+000
 7.010E+013  1.000E-008  6.236E+001  0.000E+000
 7.030E+013  1.000E-008  6.236E+001  0.000E+000
 7.050E+013  1.000E-008  6.236E+001  0.000E+000
 7.070E+013  1.000E-008  6.236E+001  0.000E+000
 7.090E+013  1.000E-008  6.236E+001  0.000E+000
 7.110E+013  1.000E-008  6.236E+001  0.000E+000
 7.130E+013  1.000E-008  6.236E+001  0.000E+000
 7.150E+013  1.000E-008  6.236E+001  0.000E+000
 7.170E+013  1.000E-008  6.236E+001  0.000E+000
 7.190E+013  1.000E-008  6.236E+001  8.101E-013
 7.210E+013  1.000E-008  6.236E+001 -8.101E-013
 7.230E+013  1.000E-008  6.236E+001  0.000E+000
 7.250E+013  1.000E-008  6.236E+001  0.000E+000
 7.270E+013  1.000E-008  6.236E+001  1.620E-012
 7.290E+013  1.000E-008  6.236E+001 -2.741E-033
 7.310E+013  1.000E-008  6.236E+001 -1.620E-012
 7.330E+013  1.000E-008  6.236E+001 -6.239E-031
 7.350E+013  1.000E-008  6.236E+001 -8.101E-013
 7.370E+013  1.000E-008  6.236E+001  8.101E-013
 7.390E+013  1.000E-008  6.236E+001  6.232E-031
 7.410E+013  1.000E-008  6.236E+001  1.265E-067
 7.430E+013  1.000E-008  6.236E+001  2.430E-141
 7.450E+013  1.000E-008  6.236E+001  4.336E-289
 7.470E+013  1.000E-008  6.236E+001  0.000E+000
 7.490E+013  1.000E-008  6.236E+001  0.000E+000
 7.510E+013  1.000E-008  6.236E+001  0.000E+000
 7.530E+013  1.000E-008  6.236E+001  0.000E+000
 7.550E+013  1.000E-008  6.236E+001  0.000E+000
 7.570E+013  1.000E-008  6.236E+001  0.000E+000
 7.590E+013  1.000E-008  6.236E+001  0.000E+000
 7.610E+013  1.000E-008  6.236E+001  0.000E+000
 7.630E+013  1.000E-008  6.236E+001  0.000E+000
 7.650E+013  1.000E-008  6.236E+001  0.000E+000
 7.670E+013  1.000E-008  6.236E+001  1.620E-012
 7.690E+013  1.000E-008  6.236E+001 -1.620E-012
 7.710E+013  1.000E-008  6.236E+001  2.430E-012
 7.730E+013  1.000E-008  6.236E+001 -2.430E-012
 7.750E+013  1.000E-008  6.236E+001  1.477E-031
 7.770E+013  1.000E-008  6.236E+001  1.620E-012
 7.790E+013  1.000E-008  6.236E+001 -4.861E-012
 7.810E+013  1.000E-008  6.236E+001  4.861E-012
 7.830E+013  1.000E-008  6.236E+001 -1.620E-012
 7.850E+013  1.000E-008  6.236E+001 -8.937E-068
 7.870E+013  1.000E-008  6.236E+001 -5.239E-031
 7.890E+013  1.000E-008  6.236E+001 -8.101E-013
 7.910E+013  1.000E-008  6.236E+001 -4.050E-012
 7.930E+013  1.000E-008  6.236E+001  2.430E-012
 7.950E+013  1.000E-008  6.236E+001  2.430E-012
 7.970E+013  1.000E-008  6.236E+001 -3.240E-012
 7.990E+013  1.000E-008  6.236E+001  3.240E-012
 8.010E+013  1.000E-008  6.236E+001  9.972E-030
 8.030E+013  1.000E-008  6.236E+001  3.238E-065
 8.050E+013  1.000E-008  6.236E+001  1.593E-136
 8.070E+013  1.000E-008  6.236E+001 -2.009E-272
 8.090E+013  1.000E-008  6.236E+001 -5.230E-133
 8.110E+013  1.000E-008  6.236E+001 -1.856E-063
 8.130E+013  1.000E-008  6.236E+001 -7.549E-029
 8.150E+013  1.000E-008  6.236E+001 -8.911E-012
 8.170E+013  1.000E-008  6.236E+001  1.134E-011
 8.190E+013  1.000E-008  6.236E+001 -2.430E-012
 8.210E+013  1.000E-008  6.236E+001  0.000E+000
 8.230E+013  1.000E-008  6.236E+001  0.000E+000
 8.250E+013  1.000E-008  6.236E+001  0.000E+000
 8.270E+013  1.000E-008  6.236E+001  0.000E+000
 8.290E+013  1.000E-008  6.236E+001  3.240E-012
 8.310E+013  1.000E-008  6.236E+001 -3.240E-012
 8.330E+013  1.000E-008  6.236E+001 -6.058E-031
 8.350E+013  1.000E-008  6.236E+001  4.861E-012
 8.370E+013  1.000E-008  6.236E+001 -4.050E-012
 8.390E+013  1.000E-008  6.236E+001 -6.239E-031
 8.410E+013  1.000E-008  6.236E+001 -8.101E-013
 8.430E+013  1.000E-008  6.236E+001  8.101E-013
 8.450E+013  1.000E-008  6.236E+001 -5.911E-034
 8.470E+013  1.000E-008  6.236E+001 -8.101E-013
 8.490E+013  1.000E-008  6.236E+001 -2.941E-034
 8.510E+013  1.000E-008  6.236E+001  8.101E-013
 8.530E+013  1.000E-008  6.236E+001 -5.855E-034
 8.550E+013  1.000E-008  6.236E+001 -8.101E-013
 8.570E+013  1.000E-008  6.236E+001 -2.914E-034
 8.590E+013  1.000E-008  6.236E+001  8.101E-013
 8.610E+013  1.000E-008  6.236E+001 -8.101E-013
 8.630E+013  1.000E-008  6.236E+001  0.000E+000
 8.650E+013  1.000E-008  6.236E+001  0.000E+000
 8.670E+013  1.000E-008  6.236E+001  0.000E+000
 8.690E+013  1.000E-008  6.236E+001  0.000E+000
 8.710E+013  1.000E-008  6.236E+001  0.000E+000
 8.730E+013  1.000E-008  6.236E+001  0.000E+000
 8.750E+013  1.000E-008  6.236E+001  8.101E-013
 8.770E+013  1.000E-008  6.236E+001 -8.101E-013
 8.790E+013  1.000E-008  6.236E+001 -2.841E-034
 8.810E+013  1.000E-008  6.236E+001  8.101E-013
 8.830E+013  1.000E-008  6.236E+001 -8.101E-013
 8.850E+013  1.000E-008  6.236E+001  8.101E-013
 8.870E+013  1.000E-008  6.236E+001  8.101E-013
 8.890E+013  1.000E-008  6.236E+001 -1.620E-012
 8.910E+013  1.000E-008  6.236E+001  0.000E+000
 8.930E+013  1.000E-008  6.236E+001  0.000E+000
 8.950E+013  1.000E-008  6.236E+001  0.000E+000
 8.970E+013  1.000E-008  6.236E+001  0.000E+000
 8.990E+013  1.000E-008  6.236E+001  0.000E+000
 9.010E+013  1.000E-008  6.236E+001  8.101E-013
 9.030E+013  1.000E-008  6.236E+001 -5.531E-034
 9.050E+013  1.000E-008  6.236E+001 -8.101E-013
 9.070E+013  1.000E-008  6.236E+001  8.101E-013
 9.090E+013  1.000E-008  6.236E+001 -5.494E-034
 9.110E+013  1.000E-008  6.236E+001 -8.101E-013
 9.130E+013  1.000E-008  6.236E+001  0.000E+000
 9.150E+013  1.000E-008  6.236E+001  0.000E+000
 9.170E+013  1.000E-008  6.236E+001  0.000E+000
 9.190E+013  1.000E-008  6.236E+001  0.000E+000
 9.210E+013  1.000E-008  6.236E+001  0.000E+000
 9.230E+013  1.000E-008  6.236E+001  8.101E-013
 9.250E+013  1.000E-008  6.236E+001 -5.399E-034
 9.270E+013  1.000E-008  6.236E+001 -8.101E-013
 9.290E+013  1.000E-008  6.236E+001  0.000E+000
 9.310E+013  1.000E-008  6.236E+001  0.000E+000
 9.330E+013  1.000E-008  6.236E+001  0.000E+000
 9.350E+013  1.000E-008  6.236E+001  0.000E+000
 9.370E+013  1.000E-008  6.236E+001  8.101E-013
 9.390E+013  1.000E-008  6.236E+001 -8.101E-013
 9.410E+013  1.000E-008  6.236E+001  8.101E-013
 9.430E+013  1.000E-008  6.236E+001 -8.101E-013
 9.450E+013  1.000E-008  6.236E+001  0.000E+000
 9.470E+013  1.000E-008  6.236E+001  0.000E+000
 9.490E+013  1.000E-008  6.236E+001  0.000E+000
 9.510E+013  1.000E-008  6.236E+001  0.000E+000
 9.530E+013  1.000E-008  6.236E+001  8.101E-013
 9.550E+013  1.000E-008  6.236E+001 -8.101E-013
 9.570E+013  1.000E-008  6.236E+001 -1.267E-067
 9.590E+013  1.000E-008  6.236E+001 -6.238E-031
 9.610E+013  1.000E-008  6.236E+001 -8.101E-013
 9.630E+013  1.000E-008  6.236E+001  8.101E-013
 9.650E+013  1.000E-008  6.236E+001  6.233E-031
 9.670E+013  1.000E-008  6.236E+001  8.101E-013
 9.690E+013  1.000E-008  6.236E+001 -8.101E-013
 9.710E+013  1.000E-008  6.236E+001  0.000E+000
 9.730E+013  1.000E-008  6.236E+001  0.000E+000
 9.750E+013  1.000E-008  6.236E+001  0.000E+000
 9.770E+013  1.000E-008  6.236E+001  0.000E+000
 9.790E+013  1.000E-008  6.236E+001  0.000E+000
 9.810E+013  1.000E-008  6.236E+001  0.000E+000
 9.830E+013  1.000E-008  6.236E+001  0.000E+000
 9.850E+013  1.000E-008  6.236E+001  0.000E+000
 9.870E+013  1.000E-008  6.236E+001  0.000E+000
 9.890E+013  1.000E-008  6.236E+001  0.000E+000
 9.910E+013  1.000E-008  6.236E+001  0.000E+000
 9.930E+013  1.000E-008  6.236E+001  0.000E+000
 9.950E+013  1.000E-008  6.236E+001  8.101E-013
 9.970E+013  1.000E-008  6.236E+001 -8.101E-013
 9.990E+013  1.000E-008  6.236E+001  0.000E+000
 1.001E+014  1.000E-099  1.000E-099  0.000E+000
 1.003E+014  1.000E-099  1.000E-099  0.000E+000
 7.230E-003
