 1.980E+005
     x1b        dens       energ       v1
 1.000E+011  3.064E-012  4.912E+007  0.000E+000
 3.000E+011  3.066E-012  4.912E+007  2.778E+005
 5.000E+011  3.073E-012  4.912E+007  4.749E+005
 7.000E+011  3.086E-012  4.912E+007  7.388E+005
 9.000E+011  3.108E-012  4.912E+007  9.731E+005
 1.100E+012  3.138E-012  4.912E+007  1.222E+006
 1.300E+012  3.177E-012  4.912E+007  1.464E+006
 1.500E+012  3.222E-012  4.912E+007  1.709E+006
 1.700E+012  3.273E-012  4.912E+007  1.953E+006
 1.900E+012  3.328E-012  4.912E+007  2.197E+006
 2.100E+012  3.385E-012  4.912E+007  2.441E+006
 2.300E+012  3.444E-012  4.912E+007  2.685E+006
 2.500E+012  3.502E-012  4.912E+007  2.929E+006
 2.700E+012  3.561E-012  4.912E+007  3.174E+006
 2.900E+012  3.617E-012  4.912E+007  3.418E+006
 3.100E+012  3.669E-012  4.912E+007  3.662E+006
 3.300E+012  3.714E-012  4.912E+007  3.906E+006
 3.500E+012  3.745E-012  4.912E+007  4.150E+006
 3.700E+012  3.761E-012  4.912E+007  4.394E+006
 3.900E+012  3.764E-012  4.912E+007  4.638E+006
 4.100E+012  3.765E-012  4.912E+007  4.882E+006
 4.300E+012  3.765E-012  4.912E+007  5.126E+006
 4.500E+012  3.764E-012  4.912E+007  5.370E+006
 4.700E+012  3.764E-012  4.912E+007  5.614E+006
 4.900E+012  3.763E-012  4.912E+007  5.859E+006
 5.100E+012  3.761E-012  4.912E+007  6.103E+006
 5.300E+012  3.758E-012  4.912E+007  6.347E+006
 5.500E+012  3.754E-012  4.912E+007  6.591E+006
 5.700E+012  3.750E-012  4.912E+007  6.835E+006
 5.900E+012  3.746E-012  4.912E+007  7.079E+006
 6.100E+012  3.744E-012  4.912E+007  7.323E+006
 6.300E+012  3.744E-012  4.912E+007  7.567E+006
 6.500E+012  3.744E-012  4.912E+007  7.811E+006
 6.700E+012  3.745E-012  4.912E+007  8.056E+006
 6.900E+012  3.745E-012  4.912E+007  8.300E+006
 7.100E+012  3.747E-012  4.912E+007  8.544E+006
 7.300E+012  3.750E-012  4.912E+007  8.788E+006
 7.500E+012  3.754E-012  4.912E+007  9.032E+006
 7.700E+012  3.760E-012  4.912E+007  9.276E+006
 7.900E+012  3.769E-012  4.912E+007  9.520E+006
 8.100E+012  3.780E-012  4.912E+007  9.764E+006
 8.300E+012  3.795E-012  4.912E+007  1.001E+007
 8.500E+012  3.814E-012  4.912E+007  1.025E+007
 8.700E+012  3.838E-012  4.912E+007  1.050E+007
 8.900E+012  3.868E-012  4.912E+007  1.074E+007
 9.100E+012  3.903E-012  4.912E+007  1.099E+007
 9.300E+012  3.945E-012  4.912E+007  1.123E+007
 9.500E+012  3.995E-012  4.912E+007  1.147E+007
 9.700E+012  4.054E-012  4.912E+007  1.172E+007
 9.900E+012  4.122E-012  4.912E+007  1.196E+007
 1.010E+013  4.200E-012  4.913E+007  1.221E+007
 1.030E+013  4.291E-012  4.913E+007  1.245E+007
 1.050E+013  4.395E-012  4.913E+007  1.269E+007
 1.070E+013  4.513E-012  4.913E+007  1.294E+007
 1.090E+013  4.648E-012  4.913E+007  1.318E+007
 1.110E+013  4.801E-012  4.913E+007  1.343E+007
 1.130E+013  4.974E-012  4.913E+007  1.367E+007
 1.150E+013  5.169E-012  4.913E+007  1.392E+007
 1.170E+013  5.390E-012  4.913E+007  1.416E+007
 1.190E+013  5.639E-012  4.913E+007  1.441E+007
 1.210E+013  5.919E-012  4.913E+007  1.465E+007
 1.230E+013  6.234E-012  4.913E+007  1.490E+007
 1.250E+013  6.588E-012  4.913E+007  1.514E+007
 1.270E+013  6.985E-012  4.913E+007  1.539E+007
 1.290E+013  7.430E-012  4.913E+007  1.563E+007
 1.310E+013  7.929E-012  4.913E+007  1.588E+007
 1.330E+013  8.486E-012  4.913E+007  1.612E+007
 1.350E+013  9.108E-012  4.913E+007  1.637E+007
 1.370E+013  9.800E-012  4.913E+007  1.661E+007
 1.390E+013  1.057E-011  4.913E+007  1.686E+007
 1.410E+013  1.142E-011  4.913E+007  1.710E+007
 1.430E+013  1.237E-011  4.913E+007  1.735E+007
 1.450E+013  1.341E-011  4.913E+007  1.759E+007
 1.470E+013  1.455E-011  4.913E+007  1.784E+007
 1.490E+013  1.579E-011  4.913E+007  1.808E+007
 1.510E+013  1.714E-011  4.913E+007  1.833E+007
 1.530E+013  1.861E-011  4.913E+007  1.857E+007
 1.550E+013  2.018E-011  4.913E+007  1.882E+007
 1.570E+013  2.187E-011  4.913E+007  1.906E+007
 1.590E+013  2.366E-011  4.913E+007  1.930E+007
 1.610E+013  2.555E-011  4.913E+007  1.955E+007
 1.630E+013  2.753E-011  4.913E+007  1.979E+007
 1.650E+013  2.961E-011  4.913E+007  2.003E+007
 1.670E+013  3.176E-011  4.913E+007  2.028E+007
 1.690E+013  3.398E-011  4.913E+007  2.052E+007
 1.710E+013  3.626E-011  4.913E+007  2.076E+007
 1.730E+013  3.859E-011  4.914E+007  2.101E+007
 1.750E+013  4.097E-011  4.914E+007  2.125E+007
 1.770E+013  4.340E-011  4.914E+007  2.149E+007
 1.790E+013  4.586E-011  4.914E+007  2.174E+007
 1.810E+013  4.836E-011  4.914E+007  2.198E+007
 1.830E+013  5.089E-011  4.914E+007  2.222E+007
 1.850E+013  5.346E-011  4.914E+007  2.247E+007
 1.870E+013  5.606E-011  4.914E+007  2.271E+007
 1.890E+013  5.871E-011  4.915E+007  2.296E+007
 1.910E+013  6.140E-011  4.915E+007  2.320E+007
 1.930E+013  6.415E-011  4.915E+007  2.344E+007
 1.950E+013  6.695E-011  4.915E+007  2.369E+007
 1.970E+013  6.982E-011  4.915E+007  2.393E+007
 1.990E+013  7.277E-011  4.915E+007  2.418E+007
 2.010E+013  7.579E-011  4.916E+007  2.442E+007
 2.030E+013  7.891E-011  4.916E+007  2.467E+007
 2.050E+013  8.213E-011  4.916E+007  2.491E+007
 2.070E+013  8.547E-011  4.916E+007  2.515E+007
 2.090E+013  8.892E-011  4.917E+007  2.540E+007
 2.110E+013  9.250E-011  4.917E+007  2.564E+007
 2.130E+013  9.622E-011  4.917E+007  2.589E+007
 2.150E+013  1.001E-010  4.917E+007  2.613E+007
 2.170E+013  1.041E-010  4.918E+007  2.638E+007
 2.190E+013  1.083E-010  4.918E+007  2.662E+007
 2.210E+013  1.127E-010  4.918E+007  2.687E+007
 2.230E+013  1.173E-010  4.919E+007  2.711E+007
 2.250E+013  1.220E-010  4.919E+007  2.736E+007
 2.270E+013  1.270E-010  4.920E+007  2.760E+007
 2.290E+013  1.322E-010  4.920E+007  2.785E+007
 2.310E+013  1.375E-010  4.920E+007  2.809E+007
 2.330E+013  1.431E-010  4.921E+007  2.834E+007
 2.350E+013  1.490E-010  4.921E+007  2.858E+007
 2.370E+013  1.550E-010  4.922E+007  2.883E+007
 2.390E+013  1.612E-010  4.922E+007  2.907E+007
 2.410E+013  1.677E-010  4.923E+007  2.932E+007
 2.430E+013  1.744E-010  4.923E+007  2.956E+007
 2.450E+013  1.813E-010  4.924E+007  2.981E+007
 2.470E+013  1.884E-010  4.925E+007  3.005E+007
 2.490E+013  1.957E-010  4.925E+007  3.030E+007
 2.510E+013  2.033E-010  4.926E+007  3.054E+007
 2.530E+013  2.110E-010  4.927E+007  3.079E+007
 2.550E+013  2.189E-010  4.928E+007  3.103E+007
 2.570E+013  2.271E-010  4.928E+007  3.128E+007
 2.590E+013  2.354E-010  4.929E+007  3.152E+007
 2.610E+013  2.439E-010  4.930E+007  3.177E+007
 2.630E+013  2.527E-010  4.931E+007  3.202E+007
 2.650E+013  2.616E-010  4.932E+007  3.226E+007
 2.670E+013  2.708E-010  4.933E+007  3.251E+007
 2.690E+013  2.801E-010  4.934E+007  3.275E+007
 2.710E+013  2.897E-010  4.935E+007  3.300E+007
 2.730E+013  2.996E-010  4.936E+007  3.325E+007
 2.750E+013  3.097E-010  4.937E+007  3.349E+007
 2.770E+013  3.200E-010  4.939E+007  3.374E+007
 2.790E+013  3.307E-010  4.940E+007  3.399E+007
 2.810E+013  3.416E-010  4.941E+007  3.423E+007
 2.830E+013  3.529E-010  4.942E+007  3.448E+007
 2.850E+013  3.644E-010  4.944E+007  3.473E+007
 2.870E+013  3.764E-010  4.945E+007  3.497E+007
 2.890E+013  3.886E-010  4.947E+007  3.522E+007
 2.910E+013  4.013E-010  4.949E+007  3.547E+007
 2.930E+013  4.143E-010  4.950E+007  3.572E+007
 2.950E+013  4.278E-010  4.952E+007  3.596E+007
 2.970E+013  4.416E-010  4.954E+007  3.621E+007
 2.990E+013  4.559E-010  4.956E+007  3.646E+007
 3.010E+013  4.707E-010  4.958E+007  3.671E+007
 3.030E+013  4.858E-010  4.960E+007  3.696E+007
 3.050E+013  5.015E-010  4.962E+007  3.721E+007
 3.070E+013  5.176E-010  4.964E+007  3.746E+007
 3.090E+013  5.342E-010  4.966E+007  3.770E+007
 3.110E+013  5.513E-010  4.969E+007  3.795E+007
 3.130E+013  5.688E-010  4.971E+007  3.820E+007
 3.150E+013  5.869E-010  4.974E+007  3.845E+007
 3.170E+013  6.054E-010  4.976E+007  3.870E+007
 3.190E+013  6.245E-010  4.979E+007  3.895E+007
 3.210E+013  6.440E-010  4.982E+007  3.921E+007
 3.230E+013  6.641E-010  4.985E+007  3.946E+007
 3.250E+013  6.846E-010  4.988E+007  3.971E+007
 3.270E+013  7.057E-010  4.991E+007  3.996E+007
 3.290E+013  7.274E-010  4.994E+007  4.021E+007
 3.310E+013  7.495E-010  4.998E+007  4.046E+007
 3.330E+013  7.722E-010  5.001E+007  4.072E+007
 3.350E+013  7.955E-010  5.005E+007  4.097E+007
 3.370E+013  8.193E-010  5.009E+007  4.122E+007
 3.390E+013  8.437E-010  5.013E+007  4.148E+007
 3.410E+013  8.687E-010  5.017E+007  4.173E+007
 3.430E+013  8.943E-010  5.021E+007  4.198E+007
 3.450E+013  9.206E-010  5.026E+007  4.224E+007
 3.470E+013  9.474E-010  5.030E+007  4.249E+007
 3.490E+013  9.750E-010  5.035E+007  4.275E+007
 3.510E+013  1.003E-009  5.040E+007  4.301E+007
 3.530E+013  1.032E-009  5.045E+007  4.326E+007
 3.550E+013  1.062E-009  5.050E+007  4.352E+007
 3.570E+013  1.092E-009  5.056E+007  4.378E+007
 3.590E+013  1.123E-009  5.061E+007  4.404E+007
 3.610E+013  1.154E-009  5.067E+007  4.430E+007
 3.630E+013  1.187E-009  5.073E+007  4.455E+007
 3.650E+013  1.220E-009  5.079E+007  4.481E+007
 3.670E+013  1.254E-009  5.086E+007  4.507E+007
 3.690E+013  1.289E-009  5.092E+007  4.534E+007
 3.710E+013  1.324E-009  5.099E+007  4.560E+007
 3.730E+013  1.361E-009  5.106E+007  4.586E+007
 3.750E+013  1.398E-009  5.114E+007  4.612E+007
 3.770E+013  1.436E-009  5.121E+007  4.639E+007
 3.790E+013  1.475E-009  5.129E+007  4.665E+007
 3.810E+013  1.514E-009  5.137E+007  4.692E+007
 3.830E+013  1.555E-009  5.146E+007  4.718E+007
 3.850E+013  1.596E-009  5.154E+007  4.745E+007
 3.870E+013  1.639E-009  5.163E+007  4.772E+007
 3.890E+013  1.682E-009  5.173E+007  4.799E+007
 3.910E+013  1.727E-009  5.182E+007  4.826E+007
 3.930E+013  1.773E-009  5.192E+007  4.853E+007
 3.950E+013  1.819E-009  5.202E+007  4.880E+007
 3.970E+013  1.867E-009  5.213E+007  4.907E+007
 3.990E+013  1.916E-009  5.224E+007  4.934E+007
 4.010E+013  1.966E-009  5.235E+007  4.962E+007
 4.030E+013  2.017E-009  5.246E+007  4.989E+007
 4.050E+013  2.070E-009  5.258E+007  5.017E+007
 4.070E+013  2.124E-009  5.271E+007  5.045E+007
 4.090E+013  2.179E-009  5.283E+007  5.072E+007
 4.110E+013  2.236E-009  5.296E+007  5.100E+007
 4.130E+013  2.294E-009  5.310E+007  5.128E+007
 4.150E+013  2.353E-009  5.324E+007  5.157E+007
 4.170E+013  2.414E-009  5.339E+007  5.185E+007
 4.190E+013  2.477E-009  5.353E+007  5.214E+007
 4.210E+013  2.541E-009  5.369E+007  5.242E+007
 4.230E+013  2.607E-009  5.385E+007  5.271E+007
 4.250E+013  2.675E-009  5.401E+007  5.300E+007
 4.270E+013  2.744E-009  5.418E+007  5.329E+007
 4.290E+013  2.815E-009  5.436E+007  5.358E+007
 4.310E+013  2.888E-009  5.454E+007  5.387E+007
 4.330E+013  2.962E-009  5.472E+007  5.417E+007
 4.350E+013  3.039E-009  5.491E+007  5.446E+007
 4.370E+013  3.118E-009  5.511E+007  5.476E+007
 4.390E+013  3.198E-009  5.532E+007  5.506E+007
 4.410E+013  3.281E-009  5.553E+007  5.536E+007
 4.430E+013  3.366E-009  5.575E+007  5.567E+007
 4.450E+013  3.453E-009  5.597E+007  5.597E+007
 4.470E+013  3.543E-009  5.621E+007  5.628E+007
 4.490E+013  3.634E-009  5.645E+007  5.659E+007
 4.510E+013  3.729E-009  5.669E+007  5.690E+007
 4.530E+013  3.825E-009  5.695E+007  5.721E+007
 4.550E+013  3.924E-009  5.721E+007  5.753E+007
 4.570E+013  4.026E-009  5.749E+007  5.784E+007
 4.590E+013  4.131E-009  5.777E+007  5.816E+007
 4.610E+013  4.238E-009  5.806E+007  5.848E+007
 4.630E+013  4.348E-009  5.836E+007  5.881E+007
 4.650E+013  4.461E-009  5.867E+007  5.914E+007
 4.670E+013  4.578E-009  5.899E+007  5.946E+007
 4.690E+013  4.697E-009  5.932E+007  5.979E+007
 4.710E+013  4.820E-009  5.966E+007  6.013E+007
 4.730E+013  4.946E-009  6.002E+007  6.046E+007
 4.750E+013  5.076E-009  6.038E+007  6.080E+007
 4.770E+013  5.209E-009  6.076E+007  6.114E+007
 4.790E+013  5.347E-009  6.115E+007  6.149E+007
 4.810E+013  5.488E-009  6.155E+007  6.184E+007
 4.830E+013  5.633E-009  6.196E+007  6.219E+007
 4.850E+013  5.783E-009  6.239E+007  6.254E+007
 4.870E+013  5.937E-009  6.283E+007  6.289E+007
 4.890E+013  6.095E-009  6.329E+007  6.325E+007
 4.910E+013  6.259E-009  6.377E+007  6.361E+007
 4.930E+013  6.428E-009  6.426E+007  6.398E+007
 4.950E+013  6.601E-009  6.476E+007  6.435E+007
 4.970E+013  6.781E-009  6.529E+007  6.472E+007
 4.990E+013  6.965E-009  6.583E+007  6.509E+007
 5.010E+013  7.156E-009  6.639E+007  6.547E+007
 5.030E+013  7.353E-009  6.697E+007  6.585E+007
 5.050E+013  7.556E-009  6.756E+007  6.624E+007
 5.070E+013  7.766E-009  6.818E+007  6.663E+007
 5.090E+013  7.983E-009  6.883E+007  6.702E+007
 5.110E+013  8.207E-009  6.949E+007  6.741E+007
 5.130E+013  8.439E-009  7.018E+007  6.781E+007
 5.150E+013  8.679E-009  7.089E+007  6.822E+007
 5.170E+013  8.927E-009  7.162E+007  6.862E+007
 5.190E+013  9.183E-009  7.239E+007  6.904E+007
 5.210E+013  9.449E-009  7.318E+007  6.945E+007
 5.230E+013  9.724E-009  7.400E+007  6.987E+007
 5.250E+013  1.001E-008  7.484E+007  7.029E+007
 5.270E+013  1.030E-008  7.572E+007  7.072E+007
 5.290E+013  1.061E-008  7.663E+007  7.115E+007
 5.310E+013  1.093E-008  7.758E+007  7.159E+007
 5.330E+013  1.126E-008  7.856E+007  7.203E+007
 5.350E+013  1.160E-008  7.957E+007  7.247E+007
 5.370E+013  1.195E-008  8.062E+007  7.292E+007
 5.390E+013  1.232E-008  8.172E+007  7.337E+007
 5.410E+013  1.270E-008  8.285E+007  7.383E+007
 5.430E+013  1.310E-008  8.403E+007  7.429E+007
 5.450E+013  1.351E-008  8.525E+007  7.476E+007
 5.470E+013  1.394E-008  8.652E+007  7.523E+007
 5.490E+013  1.439E-008  8.784E+007  7.571E+007
 5.510E+013  1.485E-008  8.921E+007  7.619E+007
 5.530E+013  1.534E-008  9.063E+007  7.667E+007
 5.550E+013  1.584E-008  9.211E+007  7.716E+007
 5.570E+013  1.637E-008  9.365E+007  7.766E+007
 5.590E+013  1.691E-008  9.525E+007  7.816E+007
 5.610E+013  1.749E-008  9.691E+007  7.866E+007
 5.630E+013  1.808E-008  9.864E+007  7.917E+007
 5.650E+013  1.871E-008  1.004E+008  7.968E+007
 5.670E+013  1.936E-008  1.023E+008  8.020E+007
 5.690E+013  2.004E-008  1.043E+008  8.072E+007
 5.710E+013  2.075E-008  1.063E+008  8.125E+007
 5.730E+013  2.150E-008  1.084E+008  8.178E+007
 5.750E+013  2.228E-008  1.106E+008  8.232E+007
 5.770E+013  2.310E-008  1.129E+008  8.286E+007
 5.790E+013  2.395E-008  1.153E+008  8.341E+007
 5.810E+013  2.485E-008  1.179E+008  8.396E+007
 5.830E+013  2.579E-008  1.205E+008  8.451E+007
 5.850E+013  2.678E-008  1.232E+008  8.507E+007
 5.870E+013  2.782E-008  1.261E+008  8.564E+007
 5.890E+013  2.891E-008  1.291E+008  8.621E+007
 5.910E+013  3.005E-008  1.321E+008  8.678E+007
 5.930E+013  3.126E-008  1.354E+008  8.735E+007
 5.950E+013  3.255E-008  1.390E+008  8.796E+007
 5.970E+013  3.386E-008  1.423E+008  8.856E+007
 5.990E+013  3.519E-008  1.456E+008  8.901E+007
 6.010E+013  3.691E-008  1.514E+008  8.967E+007
 6.030E+013  3.848E-008  1.567E+008  9.100E+007
 6.050E+013  3.830E-008  1.499E+008  9.097E+007
 6.070E+013  3.264E-008  1.066E+008  8.638E+007
 6.090E+013  2.018E-008  3.534E+007  7.002E+007
 6.110E+013  1.255E-008  3.534E+006  3.971E+007
 6.130E+013  1.030E-008  2.510E+004  9.768E+006
 6.150E+013  1.000E-008  6.272E+001  3.115E+005
 6.170E+013  1.000E-008  6.236E+001  1.373E+002
 6.190E+013  1.000E-008  6.236E+001  1.210E-005
 6.210E+013  1.000E-008  6.236E+001  8.823E-015
 6.230E+013  1.000E-008  6.236E+001  3.115E-038
 6.250E+013  1.000E-008  6.236E+001  4.441E-086
 6.270E+013  1.000E-008  6.236E+001  8.708E-183
 6.290E+013  1.000E-008  6.236E+001  0.000E+000
 6.310E+013  1.000E-008  6.236E+001  0.000E+000
 6.330E+013  1.000E-008  6.236E+001  0.000E+000
 6.350E+013  1.000E-008  6.236E+001  7.035E-013
 6.370E+013  1.000E-008  6.236E+001 -7.035E-013
 6.390E+013  1.000E-008  6.236E+001  0.000E+000
 6.410E+013  1.000E-008  6.236E+001  0.000E+000
 6.430E+013  1.000E-008  6.236E+001  0.000E+000
 6.450E+013  1.000E-008  6.236E+001  0.000E+000
 6.470E+013  1.000E-008  6.236E+001  7.035E-013
 6.490E+013  1.000E-008  6.236E+001 -7.035E-013
 6.510E+013  1.000E-008  6.236E+001  0.000E+000
 6.530E+013  1.000E-008  6.236E+001  0.000E+000
 6.550E+013  1.000E-008  6.236E+001  0.000E+000
 6.570E+013  1.000E-008  6.236E+001  0.000E+000
 6.590E+013  1.000E-008  6.236E+001  7.035E-013
 6.610E+013  1.000E-008  6.236E+001 -7.035E-013
 6.630E+013  1.000E-008  6.236E+001  0.000E+000
 6.650E+013  1.000E-008  6.236E+001  0.000E+000
 6.670E+013  1.000E-008  6.236E+001  0.000E+000
 6.690E+013  1.000E-008  6.236E+001  7.035E-013
 6.710E+013  1.000E-008  6.236E+001 -7.035E-013
 6.730E+013  1.000E-008  6.236E+001  0.000E+000
 6.750E+013  1.000E-008  6.236E+001  0.000E+000
 6.770E+013  1.000E-008  6.236E+001  7.035E-013
 6.790E+013  1.000E-008  6.236E+001 -7.035E-013
 6.810E+013  1.000E-008  6.236E+001  7.035E-013
 6.830E+013  1.000E-008  6.236E+001 -4.790E-034
 6.850E+013  1.000E-008  6.236E+001 -7.035E-013
 6.870E+013  1.000E-008  6.236E+001  0.000E+000
 6.890E+013  1.000E-008  6.236E+001  0.000E+000
 6.910E+013  1.000E-008  6.236E+001  0.000E+000
 6.930E+013  1.000E-008  6.236E+001  7.035E-013
 6.950E+013  1.000E-008  6.236E+001 -7.035E-013
 6.970E+013  1.000E-008  6.236E+001  0.000E+000
 6.990E+013  1.000E-008  6.236E+001  0.000E+000
 7.010E+013  1.000E-008  6.236E+001  0.000E+000
 7.030E+013  1.000E-008  6.236E+001  0.000E+000
 7.050E+013  1.000E-008  6.236E+001  0.000E+000
 7.070E+013  1.000E-008  6.236E+001  0.000E+000
 7.090E+013  1.000E-008  6.236E+001  0.000E+000
 7.110E+013  1.000E-008  6.236E+001  0.000E+000
 7.130E+013  1.000E-008  6.236E+001  0.000E+000
 7.150E+013  1.000E-008  6.236E+001  0.000E+000
 7.170E+013  1.000E-008  6.236E+001  0.000E+000
 7.190E+013  1.000E-008  6.236E+001  7.035E-013
 7.210E+013  1.000E-008  6.236E+001 -7.035E-013
 7.230E+013  1.000E-008  6.236E+001  0.000E+000
 7.250E+013  1.000E-008  6.236E+001  0.000E+000
 7.270E+013  1.000E-008  6.236E+001  1.407E-012
 7.290E+013  1.000E-008  6.236E+001 -1.795E-033
 7.310E+013  1.000E-008  6.236E+001 -1.407E-012
 7.330E+013  1.000E-008  6.236E+001 -4.086E-031
 7.350E+013  1.000E-008  6.236E+001 -7.035E-013
 7.370E+013  1.000E-008  6.236E+001  7.035E-013
 7.390E+013  1.000E-008  6.236E+001  4.081E-031
 7.410E+013  1.000E-008  6.236E+001  4.710E-068
 7.430E+013  1.000E-008  6.236E+001  2.926E-142
 7.450E+013  1.000E-008  6.236E+001  5.457E-291
 7.470E+013  1.000E-008  6.236E+001  0.000E+000
 7.490E+013  1.000E-008  6.236E+001  0.000E+000
 7.510E+013  1.000E-008  6.236E+001  0.000E+000
 7.530E+013  1.000E-008  6.236E+001  0.000E+000
 7.550E+013  1.000E-008  6.236E+001  0.000E+000
 7.570E+013  1.000E-008  6.236E+001  0.000E+000
 7.590E+013  1.000E-008  6.236E+001  0.000E+000
 7.610E+013  1.000E-008  6.236E+001  0.000E+000
 7.630E+013  1.000E-008  6.236E+001  0.000E+000
 7.650E+013  1.000E-008  6.236E+001  0.000E+000
 7.670E+013  1.000E-008  6.236E+001  1.407E-012
 7.690E+013  1.000E-008  6.236E+001 -1.407E-012
 7.710E+013  1.000E-008  6.236E+001  2.110E-012
 7.730E+013  1.000E-008  6.236E+001 -2.110E-012
 7.750E+013  1.000E-008  6.236E+001  9.674E-032
 7.770E+013  1.000E-008  6.236E+001  1.407E-012
 7.790E+013  1.000E-008  6.236E+001 -4.221E-012
 7.810E+013  1.000E-008  6.236E+001  4.221E-012
 7.830E+013  1.000E-008  6.236E+001 -1.407E-012
 7.850E+013  1.000E-008  6.236E+001 -3.328E-068
 7.870E+013  1.000E-008  6.236E+001 -3.431E-031
 7.890E+013  1.000E-008  6.236E+001 -7.035E-013
 7.910E+013  1.000E-008  6.236E+001 -3.517E-012
 7.930E+013  1.000E-008  6.236E+001  2.110E-012
 7.950E+013  1.000E-008  6.236E+001  2.110E-012
 7.970E+013  1.000E-008  6.236E+001 -2.814E-012
 7.990E+013  1.000E-008  6.236E+001  2.814E-012
 8.010E+013  1.000E-008  6.236E+001  6.530E-030
 8.030E+013  1.000E-008  6.236E+001  1.206E-065
 8.050E+013  1.000E-008  6.236E+001  1.918E-137
 8.070E+013  1.000E-008  6.236E+001 -2.528E-274
 8.090E+013  1.000E-008  6.236E+001 -6.297E-134
 8.110E+013  1.000E-008  6.236E+001 -6.910E-064
 8.130E+013  1.000E-008  6.236E+001 -4.943E-029
 8.150E+013  1.000E-008  6.236E+001 -7.738E-012
 8.170E+013  1.000E-008  6.236E+001  9.848E-012
 8.190E+013  1.000E-008  6.236E+001 -2.110E-012
 8.210E+013  1.000E-008  6.236E+001  0.000E+000
 8.230E+013  1.000E-008  6.236E+001  0.000E+000
 8.250E+013  1.000E-008  6.236E+001  0.000E+000
 8.270E+013  1.000E-008  6.236E+001  0.000E+000
 8.290E+013  1.000E-008  6.236E+001  2.814E-012
 8.310E+013  1.000E-008  6.236E+001 -2.814E-012
 8.330E+013  1.000E-008  6.236E+001 -3.967E-031
 8.350E+013  1.000E-008  6.236E+001  4.221E-012
 8.370E+013  1.000E-008  6.236E+001 -3.517E-012
 8.390E+013  1.000E-008  6.236E+001 -4.085E-031
 8.410E+013  1.000E-008  6.236E+001 -7.035E-013
 8.430E+013  1.000E-008  6.236E+001  7.035E-013
 8.450E+013  1.000E-008  6.236E+001 -3.871E-034
 8.470E+013  1.000E-008  6.236E+001 -7.035E-013
 8.490E+013  1.000E-008  6.236E+001 -1.926E-034
 8.510E+013  1.000E-008  6.236E+001  7.035E-013
 8.530E+013  1.000E-008  6.236E+001 -3.834E-034
 8.550E+013  1.000E-008  6.236E+001 -7.035E-013
 8.570E+013  1.000E-008  6.236E+001 -1.908E-034
 8.590E+013  1.000E-008  6.236E+001  7.035E-013
 8.610E+013  1.000E-008  6.236E+001 -7.035E-013
 8.630E+013  1.000E-008  6.236E+001  0.000E+000
 8.650E+013  1.000E-008  6.236E+001  0.000E+000
 8.670E+013  1.000E-008  6.236E+001  0.000E+000
 8.690E+013  1.000E-008  6.236E+001  0.000E+000
 8.710E+013  1.000E-008  6.236E+001  0.000E+000
 8.730E+013  1.000E-008  6.236E+001  0.000E+000
 8.750E+013  1.000E-008  6.236E+001  7.035E-013
 8.770E+013  1.000E-008  6.236E+001 -7.035E-013
 8.790E+013  1.000E-008  6.236E+001 -1.860E-034
 8.810E+013  1.000E-008  6.236E+001  7.035E-013
 8.830E+013  1.000E-008  6.236E+001 -7.035E-013
 8.850E+013  1.000E-008  6.236E+001  7.035E-013
 8.870E+013  1.000E-008  6.236E+001  7.035E-013
 8.890E+013  1.000E-008  6.236E+001 -1.407E-012
 8.910E+013  1.000E-008  6.236E+001  0.000E+000
 8.930E+013  1.000E-008  6.236E+001  0.000E+000
 8.950E+013  1.000E-008  6.236E+001  0.000E+000
 8.970E+013  1.000E-008  6.236E+001  0.000E+000
 8.990E+013  1.000E-008  6.236E+001  0.000E+000
 9.010E+013  1.000E-008  6.236E+001  7.035E-013
 9.030E+013  1.000E-008  6.236E+001 -3.622E-034
 9.050E+013  1.000E-008  6.236E+001 -7.035E-013
 9.070E+013  1.000E-008  6.236E+001  7.035E-013
 9.090E+013  1.000E-008  6.236E+001 -3.598E-034
 9.110E+013  1.000E-008  6.236E+001 -7.035E-013
 9.130E+013  1.000E-008  6.236E+001  0.000E+000
 9.150E+013  1.000E-008  6.236E+001  0.000E+000
 9.170E+013  1.000E-008  6.236E+001  0.000E+000
 9.190E+013  1.000E-008  6.236E+001  0.000E+000
 9.210E+013  1.000E-008  6.236E+001  0.000E+000
 9.230E+013  1.000E-008  6.236E+001  7.035E-013
 9.250E+013  1.000E-008  6.236E+001 -3.535E-034
 9.270E+013  1.000E-008  6.236E+001 -7.035E-013
 9.290E+013  1.000E-008  6.236E+001  0.000E+000
 9.310E+013  1.000E-008  6.236E+001  0.000E+000
 9.330E+013  1.000E-008  6.236E+001  0.000E+000
 9.350E+013  1.000E-008  6.236E+001  0.000E+000
 9.370E+013  1.000E-008  6.236E+001  7.035E-013
 9.390E+013  1.000E-008  6.236E+001 -7.035E-013
 9.410E+013  1.000E-008  6.236E+001  7.035E-013
 9.430E+013  1.000E-008  6.236E+001 -7.035E-013
 9.450E+013  1.000E-008  6.236E+001  0.000E+000
 9.470E+013  1.000E-008  6.236E+001  0.000E+000
 9.490E+013  1.000E-008  6.236E+001  0.000E+000
 9.510E+013  1.000E-008  6.236E+001  0.000E+000
 9.530E+013  1.000E-008  6.236E+001  7.035E-013
 9.550E+013  1.000E-008  6.236E+001 -7.035E-013
 9.570E+013  1.000E-008  6.236E+001 -4.719E-068
 9.590E+013  1.000E-008  6.236E+001 -4.085E-031
 9.610E+013  1.000E-008  6.236E+001 -7.035E-013
 9.630E+013  1.000E-008  6.236E+001  7.035E-013
 9.650E+013  1.000E-008  6.236E+001  4.082E-031
 9.670E+013  1.000E-008  6.236E+001  7.035E-013
 9.690E+013  1.000E-008  6.236E+001 -7.035E-013
 9.710E+013  1.000E-008  6.236E+001  0.000E+000
 9.730E+013  1.000E-008  6.236E+001  0.000E+000
 9.750E+013  1.000E-008  6.236E+001  0.000E+000
 9.770E+013  1.000E-008  6.236E+001  0.000E+000
 9.790E+013  1.000E-008  6.236E+001  0.000E+000
 9.810E+013  1.000E-008  6.236E+001  0.000E+000
 9.830E+013  1.000E-008  6.236E+001  0.000E+000
 9.850E+013  1.000E-008  6.236E+001  0.000E+000
 9.870E+013  1.000E-008  6.236E+001  0.000E+000
 9.890E+013  1.000E-008  6.236E+001  0.000E+000
 9.910E+013  1.000E-008  6.236E+001  0.000E+000
 9.930E+013  1.000E-008  6.236E+001  0.000E+000
 9.950E+013  1.000E-008  6.236E+001  7.035E-013
 9.970E+013  1.000E-008  6.236E+001 -7.035E-013
 9.990E+013  1.000E-008  6.236E+001  0.000E+000
 1.001E+014  1.000E-099  1.000E-099  0.000E+000
 1.003E+014  1.000E-099  1.000E-099  0.000E+000
 6.279E-003
