 1.080E+005
     x1b        dens       energ       v1
 1.000E+011  4.754E-012  1.021E+008  0.000E+000
 3.000E+011  4.758E-012  1.021E+008  4.065E+005
 5.000E+011  4.774E-012  1.021E+008  9.096E+005
 7.000E+011  4.805E-012  1.021E+008  1.333E+006
 9.000E+011  4.854E-012  1.021E+008  1.791E+006
 1.100E+012  4.921E-012  1.021E+008  2.233E+006
 1.300E+012  5.002E-012  1.021E+008  2.683E+006
 1.500E+012  5.095E-012  1.021E+008  3.128E+006
 1.700E+012  5.194E-012  1.021E+008  3.576E+006
 1.900E+012  5.298E-012  1.021E+008  4.023E+006
 2.100E+012  5.403E-012  1.021E+008  4.470E+006
 2.300E+012  5.508E-012  1.021E+008  4.917E+006
 2.500E+012  5.609E-012  1.021E+008  5.363E+006
 2.700E+012  5.702E-012  1.021E+008  5.810E+006
 2.900E+012  5.776E-012  1.021E+008  6.257E+006
 3.100E+012  5.822E-012  1.021E+008  6.704E+006
 3.300E+012  5.838E-012  1.021E+008  7.151E+006
 3.500E+012  5.840E-012  1.021E+008  7.598E+006
 3.700E+012  5.840E-012  1.021E+008  8.045E+006
 3.900E+012  5.840E-012  1.021E+008  8.492E+006
 4.100E+012  5.839E-012  1.021E+008  8.939E+006
 4.300E+012  5.836E-012  1.021E+008  9.386E+006
 4.500E+012  5.832E-012  1.021E+008  9.833E+006
 4.700E+012  5.826E-012  1.021E+008  1.028E+007
 4.900E+012  5.818E-012  1.021E+008  1.073E+007
 5.100E+012  5.811E-012  1.021E+008  1.117E+007
 5.300E+012  5.809E-012  1.021E+008  1.162E+007
 5.500E+012  5.808E-012  1.021E+008  1.207E+007
 5.700E+012  5.809E-012  1.021E+008  1.251E+007
 5.900E+012  5.809E-012  1.021E+008  1.296E+007
 6.100E+012  5.812E-012  1.021E+008  1.341E+007
 6.300E+012  5.816E-012  1.021E+008  1.386E+007
 6.500E+012  5.824E-012  1.021E+008  1.430E+007
 6.700E+012  5.836E-012  1.021E+008  1.475E+007
 6.900E+012  5.853E-012  1.021E+008  1.520E+007
 7.100E+012  5.877E-012  1.021E+008  1.564E+007
 7.300E+012  5.909E-012  1.021E+008  1.609E+007
 7.500E+012  5.950E-012  1.021E+008  1.654E+007
 7.700E+012  6.003E-012  1.021E+008  1.698E+007
 7.900E+012  6.068E-012  1.021E+008  1.743E+007
 8.100E+012  6.148E-012  1.021E+008  1.788E+007
 8.300E+012  6.245E-012  1.021E+008  1.833E+007
 8.500E+012  6.360E-012  1.021E+008  1.877E+007
 8.700E+012  6.497E-012  1.021E+008  1.922E+007
 8.900E+012  6.659E-012  1.021E+008  1.967E+007
 9.100E+012  6.848E-012  1.021E+008  2.011E+007
 9.300E+012  7.068E-012  1.021E+008  2.056E+007
 9.500E+012  7.323E-012  1.021E+008  2.101E+007
 9.700E+012  7.618E-012  1.021E+008  2.146E+007
 9.900E+012  7.958E-012  1.021E+008  2.191E+007
 1.010E+013  8.350E-012  1.021E+008  2.235E+007
 1.030E+013  8.800E-012  1.021E+008  2.280E+007
 1.050E+013  9.316E-012  1.021E+008  2.325E+007
 1.070E+013  9.907E-012  1.021E+008  2.370E+007
 1.090E+013  1.058E-011  1.021E+008  2.415E+007
 1.110E+013  1.135E-011  1.021E+008  2.460E+007
 1.130E+013  1.223E-011  1.021E+008  2.505E+007
 1.150E+013  1.324E-011  1.021E+008  2.550E+007
 1.170E+013  1.437E-011  1.021E+008  2.595E+007
 1.190E+013  1.566E-011  1.021E+008  2.640E+007
 1.210E+013  1.711E-011  1.021E+008  2.685E+007
 1.230E+013  1.875E-011  1.021E+008  2.730E+007
 1.250E+013  2.058E-011  1.021E+008  2.775E+007
 1.270E+013  2.262E-011  1.021E+008  2.820E+007
 1.290E+013  2.487E-011  1.021E+008  2.864E+007
 1.310E+013  2.736E-011  1.021E+008  2.909E+007
 1.330E+013  3.007E-011  1.021E+008  2.954E+007
 1.350E+013  3.301E-011  1.021E+008  2.999E+007
 1.370E+013  3.618E-011  1.021E+008  3.043E+007
 1.390E+013  3.955E-011  1.022E+008  3.088E+007
 1.410E+013  4.312E-011  1.022E+008  3.132E+007
 1.430E+013  4.687E-011  1.022E+008  3.177E+007
 1.450E+013  5.077E-011  1.022E+008  3.221E+007
 1.470E+013  5.481E-011  1.022E+008  3.266E+007
 1.490E+013  5.897E-011  1.022E+008  3.310E+007
 1.510E+013  6.323E-011  1.022E+008  3.355E+007
 1.530E+013  6.758E-011  1.022E+008  3.400E+007
 1.550E+013  7.201E-011  1.022E+008  3.444E+007
 1.570E+013  7.651E-011  1.022E+008  3.489E+007
 1.590E+013  8.109E-011  1.022E+008  3.533E+007
 1.610E+013  8.574E-011  1.022E+008  3.578E+007
 1.630E+013  9.048E-011  1.022E+008  3.623E+007
 1.650E+013  9.531E-011  1.022E+008  3.667E+007
 1.670E+013  1.003E-010  1.022E+008  3.712E+007
 1.690E+013  1.053E-010  1.022E+008  3.757E+007
 1.710E+013  1.105E-010  1.022E+008  3.801E+007
 1.730E+013  1.159E-010  1.022E+008  3.846E+007
 1.750E+013  1.215E-010  1.023E+008  3.891E+007
 1.770E+013  1.272E-010  1.023E+008  3.936E+007
 1.790E+013  1.332E-010  1.023E+008  3.980E+007
 1.810E+013  1.395E-010  1.023E+008  4.025E+007
 1.830E+013  1.460E-010  1.023E+008  4.070E+007
 1.850E+013  1.529E-010  1.023E+008  4.115E+007
 1.870E+013  1.600E-010  1.023E+008  4.160E+007
 1.890E+013  1.675E-010  1.023E+008  4.205E+007
 1.910E+013  1.754E-010  1.024E+008  4.250E+007
 1.930E+013  1.837E-010  1.024E+008  4.295E+007
 1.950E+013  1.924E-010  1.024E+008  4.339E+007
 1.970E+013  2.015E-010  1.024E+008  4.384E+007
 1.990E+013  2.110E-010  1.024E+008  4.429E+007
 2.010E+013  2.210E-010  1.024E+008  4.474E+007
 2.030E+013  2.315E-010  1.025E+008  4.519E+007
 2.050E+013  2.424E-010  1.025E+008  4.564E+007
 2.070E+013  2.537E-010  1.025E+008  4.609E+007
 2.090E+013  2.656E-010  1.025E+008  4.654E+007
 2.110E+013  2.778E-010  1.026E+008  4.699E+007
 2.130E+013  2.906E-010  1.026E+008  4.745E+007
 2.150E+013  3.037E-010  1.026E+008  4.790E+007
 2.170E+013  3.173E-010  1.027E+008  4.835E+007
 2.190E+013  3.313E-010  1.027E+008  4.880E+007
 2.210E+013  3.458E-010  1.027E+008  4.925E+007
 2.230E+013  3.607E-010  1.028E+008  4.970E+007
 2.250E+013  3.759E-010  1.028E+008  5.016E+007
 2.270E+013  3.917E-010  1.028E+008  5.061E+007
 2.290E+013  4.078E-010  1.029E+008  5.106E+007
 2.310E+013  4.244E-010  1.029E+008  5.151E+007
 2.330E+013  4.415E-010  1.030E+008  5.197E+007
 2.350E+013  4.591E-010  1.030E+008  5.242E+007
 2.370E+013  4.772E-010  1.031E+008  5.288E+007
 2.390E+013  4.959E-010  1.031E+008  5.333E+007
 2.410E+013  5.152E-010  1.032E+008  5.379E+007
 2.430E+013  5.350E-010  1.033E+008  5.424E+007
 2.450E+013  5.556E-010  1.033E+008  5.470E+007
 2.470E+013  5.769E-010  1.034E+008  5.516E+007
 2.490E+013  5.989E-010  1.035E+008  5.562E+007
 2.510E+013  6.218E-010  1.035E+008  5.608E+007
 2.530E+013  6.454E-010  1.036E+008  5.653E+007
 2.550E+013  6.700E-010  1.037E+008  5.699E+007
 2.570E+013  6.954E-010  1.038E+008  5.745E+007
 2.590E+013  7.218E-010  1.038E+008  5.792E+007
 2.610E+013  7.491E-010  1.039E+008  5.838E+007
 2.630E+013  7.775E-010  1.040E+008  5.884E+007
 2.650E+013  8.068E-010  1.041E+008  5.930E+007
 2.670E+013  8.372E-010  1.042E+008  5.977E+007
 2.690E+013  8.686E-010  1.043E+008  6.023E+007
 2.710E+013  9.011E-010  1.045E+008  6.070E+007
 2.730E+013  9.347E-010  1.046E+008  6.117E+007
 2.750E+013  9.693E-010  1.047E+008  6.164E+007
 2.770E+013  1.005E-009  1.048E+008  6.210E+007
 2.790E+013  1.042E-009  1.050E+008  6.258E+007
 2.810E+013  1.080E-009  1.051E+008  6.305E+007
 2.830E+013  1.119E-009  1.053E+008  6.352E+007
 2.850E+013  1.160E-009  1.054E+008  6.399E+007
 2.870E+013  1.201E-009  1.056E+008  6.447E+007
 2.890E+013  1.244E-009  1.057E+008  6.495E+007
 2.910E+013  1.288E-009  1.059E+008  6.542E+007
 2.930E+013  1.334E-009  1.061E+008  6.590E+007
 2.950E+013  1.381E-009  1.063E+008  6.638E+007
 2.970E+013  1.429E-009  1.065E+008  6.687E+007
 2.990E+013  1.479E-009  1.067E+008  6.735E+007
 3.010E+013  1.530E-009  1.069E+008  6.784E+007
 3.030E+013  1.583E-009  1.071E+008  6.833E+007
 3.050E+013  1.637E-009  1.074E+008  6.882E+007
 3.070E+013  1.693E-009  1.076E+008  6.931E+007
 3.090E+013  1.751E-009  1.079E+008  6.980E+007
 3.110E+013  1.810E-009  1.081E+008  7.030E+007
 3.130E+013  1.871E-009  1.084E+008  7.079E+007
 3.150E+013  1.934E-009  1.087E+008  7.129E+007
 3.170E+013  1.999E-009  1.090E+008  7.180E+007
 3.190E+013  2.066E-009  1.093E+008  7.230E+007
 3.210E+013  2.134E-009  1.097E+008  7.281E+007
 3.230E+013  2.205E-009  1.100E+008  7.332E+007
 3.250E+013  2.278E-009  1.103E+008  7.383E+007
 3.270E+013  2.352E-009  1.107E+008  7.435E+007
 3.290E+013  2.429E-009  1.111E+008  7.487E+007
 3.310E+013  2.509E-009  1.115E+008  7.539E+007
 3.330E+013  2.591E-009  1.119E+008  7.591E+007
 3.350E+013  2.675E-009  1.123E+008  7.644E+007
 3.370E+013  2.762E-009  1.128E+008  7.697E+007
 3.390E+013  2.851E-009  1.133E+008  7.751E+007
 3.410E+013  2.944E-009  1.137E+008  7.805E+007
 3.430E+013  3.039E-009  1.143E+008  7.859E+007
 3.450E+013  3.138E-009  1.148E+008  7.913E+007
 3.470E+013  3.240E-009  1.153E+008  7.968E+007
 3.490E+013  3.345E-009  1.159E+008  8.024E+007
 3.510E+013  3.453E-009  1.165E+008  8.080E+007
 3.530E+013  3.566E-009  1.171E+008  8.136E+007
 3.550E+013  3.682E-009  1.178E+008  8.192E+007
 3.570E+013  3.802E-009  1.184E+008  8.250E+007
 3.590E+013  3.927E-009  1.191E+008  8.307E+007
 3.610E+013  4.056E-009  1.198E+008  8.365E+007
 3.630E+013  4.189E-009  1.206E+008  8.424E+007
 3.650E+013  4.327E-009  1.214E+008  8.483E+007
 3.670E+013  4.470E-009  1.222E+008  8.543E+007
 3.690E+013  4.619E-009  1.231E+008  8.603E+007
 3.710E+013  4.772E-009  1.239E+008  8.664E+007
 3.730E+013  4.931E-009  1.249E+008  8.725E+007
 3.750E+013  5.097E-009  1.258E+008  8.787E+007
 3.770E+013  5.268E-009  1.268E+008  8.850E+007
 3.790E+013  5.445E-009  1.279E+008  8.913E+007
 3.810E+013  5.630E-009  1.290E+008  8.977E+007
 3.830E+013  5.821E-009  1.301E+008  9.041E+007
 3.850E+013  6.020E-009  1.313E+008  9.107E+007
 3.870E+013  6.226E-009  1.326E+008  9.173E+007
 3.890E+013  6.440E-009  1.338E+008  9.239E+007
 3.910E+013  6.663E-009  1.352E+008  9.307E+007
 3.930E+013  6.894E-009  1.366E+008  9.375E+007
 3.950E+013  7.135E-009  1.381E+008  9.444E+007
 3.970E+013  7.385E-009  1.396E+008  9.514E+007
 3.990E+013  7.646E-009  1.412E+008  9.585E+007
 4.010E+013  7.917E-009  1.429E+008  9.656E+007
 4.030E+013  8.200E-009  1.446E+008  9.729E+007
 4.050E+013  8.495E-009  1.464E+008  9.802E+007
 4.070E+013  8.803E-009  1.483E+008  9.876E+007
 4.090E+013  9.124E-009  1.503E+008  9.951E+007
 4.110E+013  9.459E-009  1.524E+008  1.003E+008
 4.130E+013  9.809E-009  1.546E+008  1.010E+008
 4.150E+013  1.018E-008  1.569E+008  1.018E+008
 4.170E+013  1.056E-008  1.593E+008  1.026E+008
 4.190E+013  1.096E-008  1.618E+008  1.034E+008
 4.210E+013  1.138E-008  1.644E+008  1.042E+008
 4.230E+013  1.182E-008  1.671E+008  1.050E+008
 4.250E+013  1.228E-008  1.700E+008  1.059E+008
 4.270E+013  1.277E-008  1.730E+008  1.067E+008
 4.290E+013  1.328E-008  1.762E+008  1.076E+008
 4.310E+013  1.381E-008  1.795E+008  1.084E+008
 4.330E+013  1.438E-008  1.830E+008  1.093E+008
 4.350E+013  1.497E-008  1.866E+008  1.102E+008
 4.370E+013  1.559E-008  1.904E+008  1.111E+008
 4.390E+013  1.625E-008  1.945E+008  1.120E+008
 4.410E+013  1.695E-008  1.987E+008  1.129E+008
 4.430E+013  1.768E-008  2.032E+008  1.138E+008
 4.450E+013  1.845E-008  2.078E+008  1.148E+008
 4.470E+013  1.927E-008  2.128E+008  1.157E+008
 4.490E+013  2.014E-008  2.179E+008  1.167E+008
 4.510E+013  2.105E-008  2.234E+008  1.176E+008
 4.530E+013  2.202E-008  2.292E+008  1.186E+008
 4.550E+013  2.305E-008  2.352E+008  1.196E+008
 4.570E+013  2.414E-008  2.416E+008  1.206E+008
 4.590E+013  2.530E-008  2.484E+008  1.216E+008
 4.610E+013  2.653E-008  2.556E+008  1.227E+008
 4.630E+013  2.784E-008  2.630E+008  1.237E+008
 4.650E+013  2.924E-008  2.711E+008  1.247E+008
 4.670E+013  3.075E-008  2.799E+008  1.259E+008
 4.690E+013  3.228E-008  2.880E+008  1.269E+008
 4.710E+013  3.391E-008  2.968E+008  1.277E+008
 4.730E+013  3.608E-008  3.127E+008  1.291E+008
 4.750E+013  3.774E-008  3.231E+008  1.315E+008
 4.770E+013  3.708E-008  2.979E+008  1.307E+008
 4.790E+013  2.958E-008  1.837E+008  1.208E+008
 4.810E+013  1.752E-008  4.725E+007  9.169E+007
 4.830E+013  1.165E-008  3.020E+006  4.500E+007
 4.850E+013  1.013E-008  6.647E+003  7.662E+006
 4.870E+013  1.000E-008  6.238E+001  1.065E+005
 4.890E+013  1.000E-008  6.236E+001  8.763E+000
 4.910E+013  1.000E-008  6.236E+001  3.454E-008
 4.930E+013  1.000E-008  6.236E+001  2.306E-025
 4.950E+013  1.000E-008  6.236E+001  2.872E-060
 4.970E+013  1.000E-008  6.236E+001  8.407E-131
 4.990E+013  1.000E-008  6.236E+001  7.674E-013
 5.010E+013  1.000E-008  6.236E+001 -1.151E-012
 5.030E+013  1.000E-008  6.236E+001  3.837E-013
 5.050E+013  1.000E-008  6.236E+001  6.623E-032
 5.070E+013  1.000E-008  6.236E+001  6.764E-070
 5.090E+013  1.000E-008  6.236E+001  3.290E-146
 5.110E+013  1.000E-008  6.236E+001  3.837E-013
 5.130E+013  1.000E-008  6.236E+001 -3.837E-013
 5.150E+013  1.000E-008  6.236E+001  0.000E+000
 5.170E+013  1.000E-008  6.236E+001  0.000E+000
 5.190E+013  1.000E-008  6.236E+001 -3.806E-299
 5.210E+013  1.000E-008  6.236E+001 -3.310E-146
 5.230E+013  1.000E-008  6.236E+001 -6.785E-070
 5.250E+013  1.000E-008  6.236E+001 -6.633E-032
 5.270E+013  1.000E-008  6.236E+001 -3.837E-013
 5.290E+013  1.000E-008  6.236E+001  3.837E-013
 5.310E+013  1.000E-008  6.236E+001  6.623E-032
 5.330E+013  1.000E-008  6.236E+001  6.764E-070
 5.350E+013  1.000E-008  6.236E+001  7.674E-013
 5.370E+013  1.000E-008  6.236E+001 -7.674E-013
 5.390E+013  1.000E-008  6.236E+001  8.739E-033
 5.410E+013  1.000E-008  6.236E+001  3.837E-013
 5.430E+013  1.000E-008  6.236E+001  3.837E-013
 5.450E+013  1.000E-008  6.236E+001  3.837E-013
 5.470E+013  1.000E-008  6.236E+001 -1.151E-012
 5.490E+013  1.000E-008  6.236E+001 -6.633E-032
 5.510E+013  1.000E-008  6.236E+001 -3.837E-013
 5.530E+013  1.000E-008  6.236E+001  7.674E-013
 5.550E+013  1.000E-008  6.236E+001 -1.535E-012
 5.570E+013  1.000E-008  6.236E+001  7.674E-013
 5.590E+013  1.000E-008  6.236E+001  3.837E-013
 5.610E+013  1.000E-008  6.236E+001 -3.837E-013
 5.630E+013  1.000E-008  6.236E+001  3.837E-013
 5.650E+013  1.000E-008  6.236E+001 -2.302E-012
 5.670E+013  1.000E-008  6.236E+001  2.302E-012
 5.690E+013  1.000E-008  6.236E+001  2.302E-012
 5.710E+013  1.000E-008  6.236E+001 -2.302E-012
 5.730E+013  1.000E-008  6.236E+001  2.686E-012
 5.750E+013  1.000E-008  6.236E+001 -5.756E-012
 5.770E+013  1.000E-008  6.236E+001 -3.837E-013
 5.790E+013  1.000E-008  6.236E+001  3.453E-012
 5.810E+013  1.000E-008  6.236E+001  1.841E-011
 5.830E+013  1.000E-008  6.236E+001 -1.841E-011
 5.850E+013  1.000E-008  6.236E+001  0.000E+000
 5.870E+013  1.000E-008  6.236E+001  0.000E+000
 5.890E+013  1.000E-008  6.236E+001  0.000E+000
 5.910E+013  1.000E-008  6.236E+001  0.000E+000
 5.930E+013  1.000E-008  6.236E+001  0.000E+000
 5.950E+013  1.000E-008  6.236E+001  0.000E+000
 5.970E+013  1.000E-008  6.236E+001  0.000E+000
 5.990E+013  1.000E-008  6.236E+001  0.000E+000
 6.010E+013  1.000E-008  6.236E+001  0.000E+000
 6.030E+013  1.000E-008  6.236E+001  3.837E-013
 6.050E+013  1.000E-008  6.236E+001 -3.837E-013
 6.070E+013  1.000E-008  6.236E+001  3.837E-013
 6.090E+013  1.000E-008  6.236E+001 -3.837E-013
 6.110E+013  1.000E-008  6.236E+001  0.000E+000
 6.130E+013  1.000E-008  6.236E+001  0.000E+000
 6.150E+013  1.000E-008  6.236E+001  0.000E+000
 6.170E+013  1.000E-008  6.236E+001  3.837E-013
 6.190E+013  1.000E-008  6.236E+001 -3.837E-013
 6.210E+013  1.000E-008  6.236E+001  0.000E+000
 6.230E+013  1.000E-008  6.236E+001  0.000E+000
 6.250E+013  1.000E-008  6.236E+001  0.000E+000
 6.270E+013  1.000E-008  6.236E+001  0.000E+000
 6.290E+013  1.000E-008  6.236E+001  0.000E+000
 6.310E+013  1.000E-008  6.236E+001  0.000E+000
 6.330E+013  1.000E-008  6.236E+001  0.000E+000
 6.350E+013  1.000E-008  6.236E+001  3.837E-013
 6.370E+013  1.000E-008  6.236E+001 -3.837E-013
 6.390E+013  1.000E-008  6.236E+001  0.000E+000
 6.410E+013  1.000E-008  6.236E+001  0.000E+000
 6.430E+013  1.000E-008  6.236E+001  0.000E+000
 6.450E+013  1.000E-008  6.236E+001  0.000E+000
 6.470E+013  1.000E-008  6.236E+001  3.837E-013
 6.490E+013  1.000E-008  6.236E+001 -3.837E-013
 6.510E+013  1.000E-008  6.236E+001  0.000E+000
 6.530E+013  1.000E-008  6.236E+001  0.000E+000
 6.550E+013  1.000E-008  6.236E+001  0.000E+000
 6.570E+013  1.000E-008  6.236E+001  0.000E+000
 6.590E+013  1.000E-008  6.236E+001  3.837E-013
 6.610E+013  1.000E-008  6.236E+001 -3.837E-013
 6.630E+013  1.000E-008  6.236E+001  0.000E+000
 6.650E+013  1.000E-008  6.236E+001  0.000E+000
 6.670E+013  1.000E-008  6.236E+001  0.000E+000
 6.690E+013  1.000E-008  6.236E+001  3.837E-013
 6.710E+013  1.000E-008  6.236E+001 -3.837E-013
 6.730E+013  1.000E-008  6.236E+001  0.000E+000
 6.750E+013  1.000E-008  6.236E+001  0.000E+000
 6.770E+013  1.000E-008  6.236E+001  3.837E-013
 6.790E+013  1.000E-008  6.236E+001 -3.837E-013
 6.810E+013  1.000E-008  6.236E+001  3.837E-013
 6.830E+013  1.000E-008  6.236E+001 -7.775E-035
 6.850E+013  1.000E-008  6.236E+001 -3.837E-013
 6.870E+013  1.000E-008  6.236E+001  0.000E+000
 6.890E+013  1.000E-008  6.236E+001  0.000E+000
 6.910E+013  1.000E-008  6.236E+001  0.000E+000
 6.930E+013  1.000E-008  6.236E+001  3.837E-013
 6.950E+013  1.000E-008  6.236E+001 -3.837E-013
 6.970E+013  1.000E-008  6.236E+001  0.000E+000
 6.990E+013  1.000E-008  6.236E+001  0.000E+000
 7.010E+013  1.000E-008  6.236E+001  0.000E+000
 7.030E+013  1.000E-008  6.236E+001  0.000E+000
 7.050E+013  1.000E-008  6.236E+001  0.000E+000
 7.070E+013  1.000E-008  6.236E+001  0.000E+000
 7.090E+013  1.000E-008  6.236E+001  0.000E+000
 7.110E+013  1.000E-008  6.236E+001  0.000E+000
 7.130E+013  1.000E-008  6.236E+001  0.000E+000
 7.150E+013  1.000E-008  6.236E+001  0.000E+000
 7.170E+013  1.000E-008  6.236E+001  0.000E+000
 7.190E+013  1.000E-008  6.236E+001  3.837E-013
 7.210E+013  1.000E-008  6.236E+001 -3.837E-013
 7.230E+013  1.000E-008  6.236E+001  0.000E+000
 7.250E+013  1.000E-008  6.236E+001  0.000E+000
 7.270E+013  1.000E-008  6.236E+001  7.674E-013
 7.290E+013  1.000E-008  6.236E+001 -2.913E-034
 7.310E+013  1.000E-008  6.236E+001 -7.674E-013
 7.330E+013  1.000E-008  6.236E+001 -6.632E-032
 7.350E+013  1.000E-008  6.236E+001 -3.837E-013
 7.370E+013  1.000E-008  6.236E+001  3.837E-013
 7.390E+013  1.000E-008  6.236E+001  6.624E-032
 7.410E+013  1.000E-008  6.236E+001  6.767E-070
 7.430E+013  1.000E-008  6.236E+001  3.293E-146
 7.450E+013  1.000E-008  6.236E+001  3.767E-299
 7.470E+013  1.000E-008  6.236E+001  0.000E+000
 7.490E+013  1.000E-008  6.236E+001  0.000E+000
 7.510E+013  1.000E-008  6.236E+001  0.000E+000
 7.530E+013  1.000E-008  6.236E+001  0.000E+000
 7.550E+013  1.000E-008  6.236E+001  0.000E+000
 7.570E+013  1.000E-008  6.236E+001  0.000E+000
 7.590E+013  1.000E-008  6.236E+001  0.000E+000
 7.610E+013  1.000E-008  6.236E+001  0.000E+000
 7.630E+013  1.000E-008  6.236E+001  0.000E+000
 7.650E+013  1.000E-008  6.236E+001  0.000E+000
 7.670E+013  1.000E-008  6.236E+001  7.674E-013
 7.690E+013  1.000E-008  6.236E+001 -7.674E-013
 7.710E+013  1.000E-008  6.236E+001  1.151E-012
 7.730E+013  1.000E-008  6.236E+001 -1.151E-012
 7.750E+013  1.000E-008  6.236E+001  1.570E-032
 7.770E+013  1.000E-008  6.236E+001  7.674E-013
 7.790E+013  1.000E-008  6.236E+001 -2.302E-012
 7.810E+013  1.000E-008  6.236E+001  2.302E-012
 7.830E+013  1.000E-008  6.236E+001 -7.674E-013
 7.850E+013  1.000E-008  6.236E+001 -4.781E-070
 7.870E+013  1.000E-008  6.236E+001 -5.568E-032
 7.890E+013  1.000E-008  6.236E+001 -3.837E-013
 7.910E+013  1.000E-008  6.236E+001 -1.919E-012
 7.930E+013  1.000E-008  6.236E+001  1.151E-012
 7.950E+013  1.000E-008  6.236E+001  1.151E-012
 7.970E+013  1.000E-008  6.236E+001 -1.535E-012
 7.990E+013  1.000E-008  6.236E+001  1.535E-012
 8.010E+013  1.000E-008  6.236E+001  1.060E-030
 8.030E+013  1.000E-008  6.236E+001  1.733E-067
 8.050E+013  1.000E-008  6.236E+001  2.158E-141
 8.070E+013  1.000E-008  6.236E+001 -1.745E-282
 8.090E+013  1.000E-008  6.236E+001 -7.087E-138
 8.110E+013  1.000E-008  6.236E+001 -9.928E-066
 8.130E+013  1.000E-008  6.236E+001 -8.024E-030
 8.150E+013  1.000E-008  6.236E+001 -4.221E-012
 8.170E+013  1.000E-008  6.236E+001  5.372E-012
 8.190E+013  1.000E-008  6.236E+001 -1.151E-012
 8.210E+013  1.000E-008  6.236E+001  0.000E+000
 8.230E+013  1.000E-008  6.236E+001  0.000E+000
 8.250E+013  1.000E-008  6.236E+001  0.000E+000
 8.270E+013  1.000E-008  6.236E+001  0.000E+000
 8.290E+013  1.000E-008  6.236E+001  1.535E-012
 8.310E+013  1.000E-008  6.236E+001 -1.535E-012
 8.330E+013  1.000E-008  6.236E+001 -6.439E-032
 8.350E+013  1.000E-008  6.236E+001  2.302E-012
 8.370E+013  1.000E-008  6.236E+001 -1.919E-012
 8.390E+013  1.000E-008  6.236E+001 -6.631E-032
 8.410E+013  1.000E-008  6.236E+001 -3.837E-013
 8.430E+013  1.000E-008  6.236E+001  3.837E-013
 8.450E+013  1.000E-008  6.236E+001 -6.283E-035
 8.470E+013  1.000E-008  6.236E+001 -3.837E-013
 8.490E+013  1.000E-008  6.236E+001 -3.126E-035
 8.510E+013  1.000E-008  6.236E+001  3.837E-013
 8.530E+013  1.000E-008  6.236E+001 -6.224E-035
 8.550E+013  1.000E-008  6.236E+001 -3.837E-013
 8.570E+013  1.000E-008  6.236E+001 -3.097E-035
 8.590E+013  1.000E-008  6.236E+001  3.837E-013
 8.610E+013  1.000E-008  6.236E+001 -3.837E-013
 8.630E+013  1.000E-008  6.236E+001  0.000E+000
 8.650E+013  1.000E-008  6.236E+001  0.000E+000
 8.670E+013  1.000E-008  6.236E+001  0.000E+000
 8.690E+013  1.000E-008  6.236E+001  0.000E+000
 8.710E+013  1.000E-008  6.236E+001  0.000E+000
 8.730E+013  1.000E-008  6.236E+001  0.000E+000
 8.750E+013  1.000E-008  6.236E+001  3.837E-013
 8.770E+013  1.000E-008  6.236E+001 -3.837E-013
 8.790E+013  1.000E-008  6.236E+001 -3.020E-035
 8.810E+013  1.000E-008  6.236E+001  3.837E-013
 8.830E+013  1.000E-008  6.236E+001 -3.837E-013
 8.850E+013  1.000E-008  6.236E+001  3.837E-013
 8.870E+013  1.000E-008  6.236E+001  3.837E-013
 8.890E+013  1.000E-008  6.236E+001 -7.674E-013
 8.910E+013  1.000E-008  6.236E+001  0.000E+000
 8.930E+013  1.000E-008  6.236E+001  0.000E+000
 8.950E+013  1.000E-008  6.236E+001  0.000E+000
 8.970E+013  1.000E-008  6.236E+001  0.000E+000
 8.990E+013  1.000E-008  6.236E+001  0.000E+000
 9.010E+013  1.000E-008  6.236E+001  3.837E-013
 9.030E+013  1.000E-008  6.236E+001 -5.879E-035
 9.050E+013  1.000E-008  6.236E+001 -3.837E-013
 9.070E+013  1.000E-008  6.236E+001  3.837E-013
 9.090E+013  1.000E-008  6.236E+001 -5.840E-035
 9.110E+013  1.000E-008  6.236E+001 -3.837E-013
 9.130E+013  1.000E-008  6.236E+001  0.000E+000
 9.150E+013  1.000E-008  6.236E+001  0.000E+000
 9.170E+013  1.000E-008  6.236E+001  0.000E+000
 9.190E+013  1.000E-008  6.236E+001  0.000E+000
 9.210E+013  1.000E-008  6.236E+001  0.000E+000
 9.230E+013  1.000E-008  6.236E+001  3.837E-013
 9.250E+013  1.000E-008  6.236E+001 -5.739E-035
 9.270E+013  1.000E-008  6.236E+001 -3.837E-013
 9.290E+013  1.000E-008  6.236E+001  0.000E+000
 9.310E+013  1.000E-008  6.236E+001  0.000E+000
 9.330E+013  1.000E-008  6.236E+001  0.000E+000
 9.350E+013  1.000E-008  6.236E+001  0.000E+000
 9.370E+013  1.000E-008  6.236E+001  3.837E-013
 9.390E+013  1.000E-008  6.236E+001 -3.837E-013
 9.410E+013  1.000E-008  6.236E+001  3.837E-013
 9.430E+013  1.000E-008  6.236E+001 -3.837E-013
 9.450E+013  1.000E-008  6.236E+001  0.000E+000
 9.470E+013  1.000E-008  6.236E+001  0.000E+000
 9.490E+013  1.000E-008  6.236E+001  0.000E+000
 9.510E+013  1.000E-008  6.236E+001  0.000E+000
 9.530E+013  1.000E-008  6.236E+001  3.837E-013
 9.550E+013  1.000E-008  6.236E+001 -3.837E-013
 9.570E+013  1.000E-008  6.236E+001 -6.780E-070
 9.590E+013  1.000E-008  6.236E+001 -6.631E-032
 9.610E+013  1.000E-008  6.236E+001 -3.837E-013
 9.630E+013  1.000E-008  6.236E+001  3.837E-013
 9.650E+013  1.000E-008  6.236E+001  6.625E-032
 9.670E+013  1.000E-008  6.236E+001  3.837E-013
 9.690E+013  1.000E-008  6.236E+001 -3.837E-013
 9.710E+013  1.000E-008  6.236E+001  0.000E+000
 9.730E+013  1.000E-008  6.236E+001  0.000E+000
 9.750E+013  1.000E-008  6.236E+001  0.000E+000
 9.770E+013  1.000E-008  6.236E+001  0.000E+000
 9.790E+013  1.000E-008  6.236E+001  0.000E+000
 9.810E+013  1.000E-008  6.236E+001  0.000E+000
 9.830E+013  1.000E-008  6.236E+001  0.000E+000
 9.850E+013  1.000E-008  6.236E+001  0.000E+000
 9.870E+013  1.000E-008  6.236E+001  0.000E+000
 9.890E+013  1.000E-008  6.236E+001  0.000E+000
 9.910E+013  1.000E-008  6.236E+001  0.000E+000
 9.930E+013  1.000E-008  6.236E+001  0.000E+000
 9.950E+013  1.000E-008  6.236E+001  3.837E-013
 9.970E+013  1.000E-008  6.236E+001 -3.837E-013
 9.990E+013  1.000E-008  6.236E+001  0.000E+000
 1.001E+014  1.000E-099  1.000E-099  0.000E+000
 1.003E+014  1.000E-099  1.000E-099  0.000E+000
 3.425E-003
