 2.460E+005
     x1b        dens       energ       v1
 1.000E+011  2.618E-012  3.779E+007  0.000E+000
 3.000E+011  2.619E-012  3.779E+007  1.940E+005
 5.000E+011  2.624E-012  3.779E+007  3.942E+005
 7.000E+011  2.634E-012  3.779E+007  5.893E+005
 9.000E+011  2.650E-012  3.779E+007  7.866E+005
 1.100E+012  2.673E-012  3.779E+007  9.828E+005
 1.300E+012  2.702E-012  3.779E+007  1.180E+006
 1.500E+012  2.737E-012  3.779E+007  1.376E+006
 1.700E+012  2.777E-012  3.779E+007  1.573E+006
 1.900E+012  2.820E-012  3.779E+007  1.769E+006
 2.100E+012  2.866E-012  3.779E+007  1.966E+006
 2.300E+012  2.913E-012  3.779E+007  2.163E+006
 2.500E+012  2.960E-012  3.779E+007  2.359E+006
 2.700E+012  3.008E-012  3.779E+007  2.556E+006
 2.900E+012  3.055E-012  3.779E+007  2.752E+006
 3.100E+012  3.100E-012  3.779E+007  2.949E+006
 3.300E+012  3.141E-012  3.779E+007  3.146E+006
 3.500E+012  3.176E-012  3.779E+007  3.342E+006
 3.700E+012  3.201E-012  3.779E+007  3.539E+006
 3.900E+012  3.213E-012  3.779E+007  3.735E+006
 4.100E+012  3.216E-012  3.779E+007  3.932E+006
 4.300E+012  3.216E-012  3.779E+007  4.128E+006
 4.500E+012  3.216E-012  3.779E+007  4.325E+006
 4.700E+012  3.216E-012  3.779E+007  4.522E+006
 4.900E+012  3.216E-012  3.779E+007  4.718E+006
 5.100E+012  3.215E-012  3.779E+007  4.915E+006
 5.300E+012  3.214E-012  3.779E+007  5.111E+006
 5.500E+012  3.212E-012  3.779E+007  5.308E+006
 5.700E+012  3.209E-012  3.779E+007  5.505E+006
 5.900E+012  3.205E-012  3.779E+007  5.701E+006
 6.100E+012  3.202E-012  3.779E+007  5.898E+006
 6.300E+012  3.200E-012  3.779E+007  6.094E+006
 6.500E+012  3.199E-012  3.779E+007  6.291E+006
 6.700E+012  3.199E-012  3.779E+007  6.488E+006
 6.900E+012  3.199E-012  3.779E+007  6.684E+006
 7.100E+012  3.199E-012  3.779E+007  6.881E+006
 7.300E+012  3.200E-012  3.779E+007  7.077E+006
 7.500E+012  3.201E-012  3.779E+007  7.274E+006
 7.700E+012  3.204E-012  3.779E+007  7.471E+006
 7.900E+012  3.207E-012  3.779E+007  7.667E+006
 8.100E+012  3.212E-012  3.779E+007  7.864E+006
 8.300E+012  3.219E-012  3.779E+007  8.060E+006
 8.500E+012  3.228E-012  3.779E+007  8.257E+006
 8.700E+012  3.239E-012  3.779E+007  8.453E+006
 8.900E+012  3.254E-012  3.779E+007  8.650E+006
 9.100E+012  3.272E-012  3.779E+007  8.847E+006
 9.300E+012  3.294E-012  3.779E+007  9.043E+006
 9.500E+012  3.321E-012  3.779E+007  9.240E+006
 9.700E+012  3.353E-012  3.779E+007  9.437E+006
 9.900E+012  3.390E-012  3.779E+007  9.633E+006
 1.010E+013  3.433E-012  3.779E+007  9.830E+006
 1.030E+013  3.484E-012  3.779E+007  1.003E+007
 1.050E+013  3.542E-012  3.779E+007  1.022E+007
 1.070E+013  3.608E-012  3.779E+007  1.042E+007
 1.090E+013  3.684E-012  3.779E+007  1.062E+007
 1.110E+013  3.770E-012  3.779E+007  1.081E+007
 1.130E+013  3.868E-012  3.779E+007  1.101E+007
 1.150E+013  3.978E-012  3.779E+007  1.121E+007
 1.170E+013  4.103E-012  3.779E+007  1.140E+007
 1.190E+013  4.243E-012  3.779E+007  1.160E+007
 1.210E+013  4.400E-012  3.779E+007  1.180E+007
 1.230E+013  4.576E-012  3.779E+007  1.199E+007
 1.250E+013  4.774E-012  3.779E+007  1.219E+007
 1.270E+013  4.995E-012  3.779E+007  1.239E+007
 1.290E+013  5.242E-012  3.779E+007  1.259E+007
 1.310E+013  5.518E-012  3.779E+007  1.278E+007
 1.330E+013  5.827E-012  3.779E+007  1.298E+007
 1.350E+013  6.170E-012  3.779E+007  1.318E+007
 1.370E+013  6.553E-012  3.779E+007  1.338E+007
 1.390E+013  6.978E-012  3.779E+007  1.357E+007
 1.410E+013  7.451E-012  3.779E+007  1.377E+007
 1.430E+013  7.976E-012  3.779E+007  1.397E+007
 1.450E+013  8.556E-012  3.779E+007  1.416E+007
 1.470E+013  9.197E-012  3.779E+007  1.436E+007
 1.490E+013  9.904E-012  3.779E+007  1.456E+007
 1.510E+013  1.068E-011  3.779E+007  1.476E+007
 1.530E+013  1.153E-011  3.779E+007  1.495E+007
 1.550E+013  1.246E-011  3.779E+007  1.515E+007
 1.570E+013  1.347E-011  3.779E+007  1.535E+007
 1.590E+013  1.456E-011  3.779E+007  1.555E+007
 1.610E+013  1.574E-011  3.779E+007  1.574E+007
 1.630E+013  1.701E-011  3.779E+007  1.594E+007
 1.650E+013  1.836E-011  3.779E+007  1.614E+007
 1.670E+013  1.979E-011  3.779E+007  1.633E+007
 1.690E+013  2.129E-011  3.779E+007  1.653E+007
 1.710E+013  2.288E-011  3.779E+007  1.672E+007
 1.730E+013  2.453E-011  3.779E+007  1.692E+007
 1.750E+013  2.625E-011  3.779E+007  1.712E+007
 1.770E+013  2.802E-011  3.779E+007  1.731E+007
 1.790E+013  2.984E-011  3.779E+007  1.751E+007
 1.810E+013  3.171E-011  3.780E+007  1.770E+007
 1.830E+013  3.362E-011  3.780E+007  1.790E+007
 1.850E+013  3.556E-011  3.780E+007  1.810E+007
 1.870E+013  3.753E-011  3.780E+007  1.829E+007
 1.890E+013  3.954E-011  3.780E+007  1.849E+007
 1.910E+013  4.156E-011  3.780E+007  1.868E+007
 1.930E+013  4.362E-011  3.780E+007  1.888E+007
 1.950E+013  4.570E-011  3.780E+007  1.908E+007
 1.970E+013  4.781E-011  3.780E+007  1.927E+007
 1.990E+013  4.996E-011  3.780E+007  1.947E+007
 2.010E+013  5.214E-011  3.780E+007  1.967E+007
 2.030E+013  5.435E-011  3.780E+007  1.986E+007
 2.050E+013  5.662E-011  3.780E+007  2.006E+007
 2.070E+013  5.893E-011  3.781E+007  2.026E+007
 2.090E+013  6.129E-011  3.781E+007  2.045E+007
 2.110E+013  6.372E-011  3.781E+007  2.065E+007
 2.130E+013  6.622E-011  3.781E+007  2.085E+007
 2.150E+013  6.879E-011  3.781E+007  2.104E+007
 2.170E+013  7.144E-011  3.781E+007  2.124E+007
 2.190E+013  7.418E-011  3.781E+007  2.144E+007
 2.210E+013  7.702E-011  3.781E+007  2.163E+007
 2.230E+013  7.995E-011  3.782E+007  2.183E+007
 2.250E+013  8.300E-011  3.782E+007  2.203E+007
 2.270E+013  8.617E-011  3.782E+007  2.222E+007
 2.290E+013  8.946E-011  3.782E+007  2.242E+007
 2.310E+013  9.288E-011  3.782E+007  2.262E+007
 2.330E+013  9.644E-011  3.783E+007  2.281E+007
 2.350E+013  1.001E-010  3.783E+007  2.301E+007
 2.370E+013  1.040E-010  3.783E+007  2.321E+007
 2.390E+013  1.080E-010  3.783E+007  2.341E+007
 2.410E+013  1.122E-010  3.783E+007  2.360E+007
 2.430E+013  1.165E-010  3.784E+007  2.380E+007
 2.450E+013  1.210E-010  3.784E+007  2.400E+007
 2.470E+013  1.256E-010  3.784E+007  2.419E+007
 2.490E+013  1.305E-010  3.785E+007  2.439E+007
 2.510E+013  1.355E-010  3.785E+007  2.459E+007
 2.530E+013  1.406E-010  3.785E+007  2.479E+007
 2.550E+013  1.459E-010  3.785E+007  2.498E+007
 2.570E+013  1.514E-010  3.786E+007  2.518E+007
 2.590E+013  1.571E-010  3.786E+007  2.538E+007
 2.610E+013  1.629E-010  3.787E+007  2.557E+007
 2.630E+013  1.689E-010  3.787E+007  2.577E+007
 2.650E+013  1.750E-010  3.787E+007  2.597E+007
 2.670E+013  1.813E-010  3.788E+007  2.617E+007
 2.690E+013  1.878E-010  3.788E+007  2.636E+007
 2.710E+013  1.944E-010  3.789E+007  2.656E+007
 2.730E+013  2.011E-010  3.789E+007  2.676E+007
 2.750E+013  2.080E-010  3.790E+007  2.696E+007
 2.770E+013  2.151E-010  3.790E+007  2.715E+007
 2.790E+013  2.223E-010  3.791E+007  2.735E+007
 2.810E+013  2.297E-010  3.791E+007  2.755E+007
 2.830E+013  2.373E-010  3.792E+007  2.775E+007
 2.850E+013  2.450E-010  3.793E+007  2.795E+007
 2.870E+013  2.529E-010  3.793E+007  2.814E+007
 2.890E+013  2.610E-010  3.794E+007  2.834E+007
 2.910E+013  2.693E-010  3.795E+007  2.854E+007
 2.930E+013  2.778E-010  3.795E+007  2.874E+007
 2.950E+013  2.865E-010  3.796E+007  2.894E+007
 2.970E+013  2.954E-010  3.797E+007  2.913E+007
 2.990E+013  3.046E-010  3.798E+007  2.933E+007
 3.010E+013  3.141E-010  3.799E+007  2.953E+007
 3.030E+013  3.238E-010  3.799E+007  2.973E+007
 3.050E+013  3.338E-010  3.800E+007  2.993E+007
 3.070E+013  3.441E-010  3.801E+007  3.013E+007
 3.090E+013  3.546E-010  3.802E+007  3.033E+007
 3.110E+013  3.655E-010  3.803E+007  3.053E+007
 3.130E+013  3.767E-010  3.804E+007  3.073E+007
 3.150E+013  3.883E-010  3.805E+007  3.092E+007
 3.170E+013  4.001E-010  3.807E+007  3.112E+007
 3.190E+013  4.123E-010  3.808E+007  3.132E+007
 3.210E+013  4.249E-010  3.809E+007  3.152E+007
 3.230E+013  4.378E-010  3.810E+007  3.172E+007
 3.250E+013  4.511E-010  3.811E+007  3.192E+007
 3.270E+013  4.648E-010  3.813E+007  3.212E+007
 3.290E+013  4.788E-010  3.814E+007  3.232E+007
 3.310E+013  4.931E-010  3.816E+007  3.252E+007
 3.330E+013  5.079E-010  3.817E+007  3.272E+007
 3.350E+013  5.230E-010  3.819E+007  3.292E+007
 3.370E+013  5.386E-010  3.820E+007  3.312E+007
 3.390E+013  5.545E-010  3.822E+007  3.333E+007
 3.410E+013  5.707E-010  3.824E+007  3.353E+007
 3.430E+013  5.874E-010  3.826E+007  3.373E+007
 3.450E+013  6.045E-010  3.828E+007  3.393E+007
 3.470E+013  6.220E-010  3.829E+007  3.413E+007
 3.490E+013  6.399E-010  3.831E+007  3.433E+007
 3.510E+013  6.582E-010  3.834E+007  3.453E+007
 3.530E+013  6.769E-010  3.836E+007  3.474E+007
 3.550E+013  6.960E-010  3.838E+007  3.494E+007
 3.570E+013  7.156E-010  3.840E+007  3.514E+007
 3.590E+013  7.356E-010  3.843E+007  3.534E+007
 3.610E+013  7.561E-010  3.845E+007  3.555E+007
 3.630E+013  7.770E-010  3.848E+007  3.575E+007
 3.650E+013  7.984E-010  3.850E+007  3.596E+007
 3.670E+013  8.203E-010  3.853E+007  3.616E+007
 3.690E+013  8.427E-010  3.856E+007  3.636E+007
 3.710E+013  8.656E-010  3.859E+007  3.657E+007
 3.730E+013  8.890E-010  3.862E+007  3.677E+007
 3.750E+013  9.129E-010  3.865E+007  3.698E+007
 3.770E+013  9.374E-010  3.868E+007  3.718E+007
 3.790E+013  9.623E-010  3.871E+007  3.739E+007
 3.810E+013  9.879E-010  3.875E+007  3.760E+007
 3.830E+013  1.014E-009  3.878E+007  3.780E+007
 3.850E+013  1.041E-009  3.882E+007  3.801E+007
 3.870E+013  1.068E-009  3.885E+007  3.822E+007
 3.890E+013  1.096E-009  3.889E+007  3.842E+007
 3.910E+013  1.124E-009  3.893E+007  3.863E+007
 3.930E+013  1.153E-009  3.897E+007  3.884E+007
 3.950E+013  1.182E-009  3.902E+007  3.905E+007
 3.970E+013  1.213E-009  3.906E+007  3.926E+007
 3.990E+013  1.243E-009  3.911E+007  3.947E+007
 4.010E+013  1.275E-009  3.915E+007  3.968E+007
 4.030E+013  1.307E-009  3.920E+007  3.989E+007
 4.050E+013  1.340E-009  3.925E+007  4.010E+007
 4.070E+013  1.373E-009  3.930E+007  4.031E+007
 4.090E+013  1.407E-009  3.935E+007  4.052E+007
 4.110E+013  1.442E-009  3.941E+007  4.073E+007
 4.130E+013  1.478E-009  3.946E+007  4.095E+007
 4.150E+013  1.514E-009  3.952E+007  4.116E+007
 4.170E+013  1.552E-009  3.958E+007  4.138E+007
 4.190E+013  1.590E-009  3.964E+007  4.159E+007
 4.210E+013  1.629E-009  3.970E+007  4.181E+007
 4.230E+013  1.668E-009  3.977E+007  4.202E+007
 4.250E+013  1.709E-009  3.983E+007  4.224E+007
 4.270E+013  1.751E-009  3.990E+007  4.246E+007
 4.290E+013  1.793E-009  3.997E+007  4.267E+007
 4.310E+013  1.836E-009  4.005E+007  4.289E+007
 4.330E+013  1.881E-009  4.012E+007  4.311E+007
 4.350E+013  1.926E-009  4.020E+007  4.333E+007
 4.370E+013  1.973E-009  4.028E+007  4.355E+007
 4.390E+013  2.020E-009  4.036E+007  4.377E+007
 4.410E+013  2.069E-009  4.044E+007  4.400E+007
 4.430E+013  2.119E-009  4.053E+007  4.422E+007
 4.450E+013  2.170E-009  4.062E+007  4.444E+007
 4.470E+013  2.222E-009  4.071E+007  4.467E+007
 4.490E+013  2.275E-009  4.081E+007  4.489E+007
 4.510E+013  2.330E-009  4.091E+007  4.512E+007
 4.530E+013  2.386E-009  4.101E+007  4.535E+007
 4.550E+013  2.443E-009  4.111E+007  4.558E+007
 4.570E+013  2.501E-009  4.122E+007  4.581E+007
 4.590E+013  2.561E-009  4.133E+007  4.604E+007
 4.610E+013  2.622E-009  4.144E+007  4.627E+007
 4.630E+013  2.685E-009  4.156E+007  4.650E+007
 4.650E+013  2.749E-009  4.168E+007  4.674E+007
 4.670E+013  2.814E-009  4.180E+007  4.697E+007
 4.690E+013  2.881E-009  4.193E+007  4.721E+007
 4.710E+013  2.950E-009  4.206E+007  4.744E+007
 4.730E+013  3.020E-009  4.219E+007  4.768E+007
 4.750E+013  3.092E-009  4.233E+007  4.792E+007
 4.770E+013  3.165E-009  4.247E+007  4.816E+007
 4.790E+013  3.240E-009  4.262E+007  4.840E+007
 4.810E+013  3.317E-009  4.277E+007  4.865E+007
 4.830E+013  3.396E-009  4.293E+007  4.889E+007
 4.850E+013  3.477E-009  4.309E+007  4.914E+007
 4.870E+013  3.559E-009  4.325E+007  4.938E+007
 4.890E+013  3.643E-009  4.342E+007  4.963E+007
 4.910E+013  3.730E-009  4.360E+007  4.988E+007
 4.930E+013  3.818E-009  4.378E+007  5.014E+007
 4.950E+013  3.909E-009  4.396E+007  5.039E+007
 4.970E+013  4.002E-009  4.416E+007  5.064E+007
 4.990E+013  4.097E-009  4.435E+007  5.090E+007
 5.010E+013  4.194E-009  4.456E+007  5.116E+007
 5.030E+013  4.294E-009  4.476E+007  5.142E+007
 5.050E+013  4.396E-009  4.498E+007  5.168E+007
 5.070E+013  4.501E-009  4.520E+007  5.194E+007
 5.090E+013  4.608E-009  4.543E+007  5.221E+007
 5.110E+013  4.719E-009  4.566E+007  5.247E+007
 5.130E+013  4.832E-009  4.591E+007  5.274E+007
 5.150E+013  4.947E-009  4.616E+007  5.301E+007
 5.170E+013  5.066E-009  4.641E+007  5.329E+007
 5.190E+013  5.188E-009  4.668E+007  5.356E+007
 5.210E+013  5.314E-009  4.695E+007  5.384E+007
 5.230E+013  5.442E-009  4.723E+007  5.412E+007
 5.250E+013  5.575E-009  4.752E+007  5.440E+007
 5.270E+013  5.710E-009  4.782E+007  5.468E+007
 5.290E+013  5.850E-009  4.813E+007  5.496E+007
 5.310E+013  5.993E-009  4.844E+007  5.525E+007
 5.330E+013  6.140E-009  4.877E+007  5.554E+007
 5.350E+013  6.292E-009  4.911E+007  5.583E+007
 5.370E+013  6.447E-009  4.945E+007  5.613E+007
 5.390E+013  6.607E-009  4.981E+007  5.642E+007
 5.410E+013  6.772E-009  5.018E+007  5.672E+007
 5.430E+013  6.942E-009  5.056E+007  5.702E+007
 5.450E+013  7.116E-009  5.095E+007  5.733E+007
 5.470E+013  7.296E-009  5.136E+007  5.763E+007
 5.490E+013  7.481E-009  5.178E+007  5.794E+007
 5.510E+013  7.671E-009  5.221E+007  5.826E+007
 5.530E+013  7.867E-009  5.265E+007  5.857E+007
 5.550E+013  8.070E-009  5.311E+007  5.889E+007
 5.570E+013  8.278E-009  5.359E+007  5.921E+007
 5.590E+013  8.493E-009  5.408E+007  5.953E+007
 5.610E+013  8.714E-009  5.458E+007  5.985E+007
 5.630E+013  8.943E-009  5.510E+007  6.018E+007
 5.650E+013  9.179E-009  5.564E+007  6.051E+007
 5.670E+013  9.422E-009  5.620E+007  6.085E+007
 5.690E+013  9.673E-009  5.677E+007  6.119E+007
 5.710E+013  9.933E-009  5.737E+007  6.153E+007
 5.730E+013  1.020E-008  5.798E+007  6.187E+007
 5.750E+013  1.048E-008  5.861E+007  6.222E+007
 5.770E+013  1.076E-008  5.927E+007  6.257E+007
 5.790E+013  1.106E-008  5.995E+007  6.292E+007
 5.810E+013  1.137E-008  6.065E+007  6.327E+007
 5.830E+013  1.168E-008  6.137E+007  6.363E+007
 5.850E+013  1.201E-008  6.212E+007  6.399E+007
 5.870E+013  1.235E-008  6.289E+007  6.436E+007
 5.890E+013  1.270E-008  6.370E+007  6.473E+007
 5.910E+013  1.306E-008  6.453E+007  6.510E+007
 5.930E+013  1.344E-008  6.538E+007  6.548E+007
 5.950E+013  1.383E-008  6.627E+007  6.586E+007
 5.970E+013  1.424E-008  6.719E+007  6.624E+007
 5.990E+013  1.466E-008  6.815E+007  6.662E+007
 6.010E+013  1.510E-008  6.913E+007  6.701E+007
 6.030E+013  1.555E-008  7.016E+007  6.740E+007
 6.050E+013  1.602E-008  7.122E+007  6.780E+007
 6.070E+013  1.651E-008  7.231E+007  6.820E+007
 6.090E+013  1.702E-008  7.345E+007  6.860E+007
 6.110E+013  1.755E-008  7.463E+007  6.901E+007
 6.130E+013  1.810E-008  7.586E+007  6.942E+007
 6.150E+013  1.867E-008  7.713E+007  6.983E+007
 6.170E+013  1.927E-008  7.845E+007  7.025E+007
 6.190E+013  1.989E-008  7.981E+007  7.067E+007
 6.210E+013  2.053E-008  8.123E+007  7.109E+007
 6.230E+013  2.121E-008  8.271E+007  7.152E+007
 6.250E+013  2.191E-008  8.424E+007  7.195E+007
 6.270E+013  2.264E-008  8.583E+007  7.238E+007
 6.290E+013  2.341E-008  8.749E+007  7.282E+007
 6.310E+013  2.421E-008  8.921E+007  7.326E+007
 6.330E+013  2.504E-008  9.099E+007  7.370E+007
 6.350E+013  2.592E-008  9.285E+007  7.415E+007
 6.370E+013  2.683E-008  9.479E+007  7.460E+007
 6.390E+013  2.778E-008  9.680E+007  7.506E+007
 6.410E+013  2.878E-008  9.890E+007  7.551E+007
 6.430E+013  2.982E-008  1.011E+008  7.598E+007
 6.450E+013  3.091E-008  1.033E+008  7.644E+007
 6.470E+013  3.206E-008  1.057E+008  7.690E+007
 6.490E+013  3.328E-008  1.083E+008  7.739E+007
 6.510E+013  3.451E-008  1.107E+008  7.787E+007
 6.530E+013  3.576E-008  1.131E+008  7.823E+007
 6.550E+013  3.739E-008  1.173E+008  7.879E+007
 6.570E+013  3.880E-008  1.209E+008  7.986E+007
 6.590E+013  3.850E-008  1.153E+008  7.975E+007
 6.610E+013  3.251E-008  8.094E+007  7.556E+007
 6.630E+013  1.997E-008  2.634E+007  6.098E+007
 6.650E+013  1.248E-008  2.556E+006  3.424E+007
 6.670E+013  1.028E-008  1.685E+004  8.220E+006
 6.690E+013  1.000E-008  6.258E+001  2.485E+005
 6.710E+013  1.000E-008  6.236E+001  9.887E+001
 6.730E+013  1.000E-008  6.236E+001  7.296E-006
 6.750E+013  1.000E-008  6.236E+001  4.606E-015
 6.770E+013  1.000E-008  6.236E+001  8.740E-013
 6.790E+013  1.000E-008  6.236E+001 -8.740E-013
 6.810E+013  1.000E-008  6.236E+001  8.740E-013
 6.830E+013  1.000E-008  6.236E+001 -9.185E-034
 6.850E+013  1.000E-008  6.236E+001 -8.740E-013
 6.870E+013  1.000E-008  6.236E+001  0.000E+000
 6.890E+013  1.000E-008  6.236E+001  0.000E+000
 6.910E+013  1.000E-008  6.236E+001  0.000E+000
 6.930E+013  1.000E-008  6.236E+001  8.740E-013
 6.950E+013  1.000E-008  6.236E+001 -8.740E-013
 6.970E+013  1.000E-008  6.236E+001  0.000E+000
 6.990E+013  1.000E-008  6.236E+001  0.000E+000
 7.010E+013  1.000E-008  6.236E+001  0.000E+000
 7.030E+013  1.000E-008  6.236E+001  0.000E+000
 7.050E+013  1.000E-008  6.236E+001  0.000E+000
 7.070E+013  1.000E-008  6.236E+001  0.000E+000
 7.090E+013  1.000E-008  6.236E+001  0.000E+000
 7.110E+013  1.000E-008  6.236E+001  0.000E+000
 7.130E+013  1.000E-008  6.236E+001  0.000E+000
 7.150E+013  1.000E-008  6.236E+001  0.000E+000
 7.170E+013  1.000E-008  6.236E+001  0.000E+000
 7.190E+013  1.000E-008  6.236E+001  8.740E-013
 7.210E+013  1.000E-008  6.236E+001 -8.740E-013
 7.230E+013  1.000E-008  6.236E+001  0.000E+000
 7.250E+013  1.000E-008  6.236E+001  0.000E+000
 7.270E+013  1.000E-008  6.236E+001  1.748E-012
 7.290E+013  1.000E-008  6.236E+001 -3.442E-033
 7.310E+013  1.000E-008  6.236E+001 -1.748E-012
 7.330E+013  1.000E-008  6.236E+001 -7.835E-031
 7.350E+013  1.000E-008  6.236E+001 -8.740E-013
 7.370E+013  1.000E-008  6.236E+001  8.740E-013
 7.390E+013  1.000E-008  6.236E+001  7.826E-031
 7.410E+013  1.000E-008  6.236E+001  2.152E-067
 7.430E+013  1.000E-008  6.236E+001  7.589E-141
 7.450E+013  1.000E-008  6.236E+001  4.563E-288
 7.470E+013  1.000E-008  6.236E+001  0.000E+000
 7.490E+013  1.000E-008  6.236E+001  0.000E+000
 7.510E+013  1.000E-008  6.236E+001  0.000E+000
 7.530E+013  1.000E-008  6.236E+001  0.000E+000
 7.550E+013  1.000E-008  6.236E+001  0.000E+000
 7.570E+013  1.000E-008  6.236E+001  0.000E+000
 7.590E+013  1.000E-008  6.236E+001  0.000E+000
 7.610E+013  1.000E-008  6.236E+001  0.000E+000
 7.630E+013  1.000E-008  6.236E+001  0.000E+000
 7.650E+013  1.000E-008  6.236E+001  0.000E+000
 7.670E+013  1.000E-008  6.236E+001  1.748E-012
 7.690E+013  1.000E-008  6.236E+001 -1.748E-012
 7.710E+013  1.000E-008  6.236E+001  2.622E-012
 7.730E+013  1.000E-008  6.236E+001 -2.622E-012
 7.750E+013  1.000E-008  6.236E+001  1.855E-031
 7.770E+013  1.000E-008  6.236E+001  1.748E-012
 7.790E+013  1.000E-008  6.236E+001 -5.244E-012
 7.810E+013  1.000E-008  6.236E+001  5.244E-012
 7.830E+013  1.000E-008  6.236E+001 -1.748E-012
 7.850E+013  1.000E-008  6.236E+001 -1.520E-067
 7.870E+013  1.000E-008  6.236E+001 -6.578E-031
 7.890E+013  1.000E-008  6.236E+001 -8.740E-013
 7.910E+013  1.000E-008  6.236E+001 -4.370E-012
 7.930E+013  1.000E-008  6.236E+001  2.622E-012
 7.950E+013  1.000E-008  6.236E+001  2.622E-012
 7.970E+013  1.000E-008  6.236E+001 -3.496E-012
 7.990E+013  1.000E-008  6.236E+001  3.496E-012
 8.010E+013  1.000E-008  6.236E+001  1.252E-029
 8.030E+013  1.000E-008  6.236E+001  5.509E-065
 8.050E+013  1.000E-008  6.236E+001  4.974E-136
 8.070E+013  1.000E-008  6.236E+001 -2.114E-271
 8.090E+013  1.000E-008  6.236E+001 -1.633E-132
 8.110E+013  1.000E-008  6.236E+001 -3.157E-063
 8.130E+013  1.000E-008  6.236E+001 -9.480E-029
 8.150E+013  1.000E-008  6.236E+001 -9.614E-012
 8.170E+013  1.000E-008  6.236E+001  1.224E-011
 8.190E+013  1.000E-008  6.236E+001 -2.622E-012
 8.210E+013  1.000E-008  6.236E+001  0.000E+000
 8.230E+013  1.000E-008  6.236E+001  0.000E+000
 8.250E+013  1.000E-008  6.236E+001  0.000E+000
 8.270E+013  1.000E-008  6.236E+001  0.000E+000
 8.290E+013  1.000E-008  6.236E+001  3.496E-012
 8.310E+013  1.000E-008  6.236E+001 -3.496E-012
 8.330E+013  1.000E-008  6.236E+001 -7.608E-031
 8.350E+013  1.000E-008  6.236E+001  5.244E-012
 8.370E+013  1.000E-008  6.236E+001 -4.370E-012
 8.390E+013  1.000E-008  6.236E+001 -7.834E-031
 8.410E+013  1.000E-008  6.236E+001 -8.740E-013
 8.430E+013  1.000E-008  6.236E+001  8.740E-013
 8.450E+013  1.000E-008  6.236E+001 -7.422E-034
 8.470E+013  1.000E-008  6.236E+001 -8.740E-013
 8.490E+013  1.000E-008  6.236E+001 -3.694E-034
 8.510E+013  1.000E-008  6.236E+001  8.740E-013
 8.530E+013  1.000E-008  6.236E+001 -7.353E-034
 8.550E+013  1.000E-008  6.236E+001 -8.740E-013
 8.570E+013  1.000E-008  6.236E+001 -3.659E-034
 8.590E+013  1.000E-008  6.236E+001  8.740E-013
 8.610E+013  1.000E-008  6.236E+001 -8.740E-013
 8.630E+013  1.000E-008  6.236E+001  0.000E+000
 8.650E+013  1.000E-008  6.236E+001  0.000E+000
 8.670E+013  1.000E-008  6.236E+001  0.000E+000
 8.690E+013  1.000E-008  6.236E+001  0.000E+000
 8.710E+013  1.000E-008  6.236E+001  0.000E+000
 8.730E+013  1.000E-008  6.236E+001  0.000E+000
 8.750E+013  1.000E-008  6.236E+001  8.740E-013
 8.770E+013  1.000E-008  6.236E+001 -8.740E-013
 8.790E+013  1.000E-008  6.236E+001 -3.567E-034
 8.810E+013  1.000E-008  6.236E+001  8.740E-013
 8.830E+013  1.000E-008  6.236E+001 -8.740E-013
 8.850E+013  1.000E-008  6.236E+001  8.740E-013
 8.870E+013  1.000E-008  6.236E+001  8.740E-013
 8.890E+013  1.000E-008  6.236E+001 -1.748E-012
 8.910E+013  1.000E-008  6.236E+001  0.000E+000
 8.930E+013  1.000E-008  6.236E+001  0.000E+000
 8.950E+013  1.000E-008  6.236E+001  0.000E+000
 8.970E+013  1.000E-008  6.236E+001  0.000E+000
 8.990E+013  1.000E-008  6.236E+001  0.000E+000
 9.010E+013  1.000E-008  6.236E+001  8.740E-013
 9.030E+013  1.000E-008  6.236E+001 -6.945E-034
 9.050E+013  1.000E-008  6.236E+001 -8.740E-013
 9.070E+013  1.000E-008  6.236E+001  8.740E-013
 9.090E+013  1.000E-008  6.236E+001 -6.899E-034
 9.110E+013  1.000E-008  6.236E+001 -8.740E-013
 9.130E+013  1.000E-008  6.236E+001  0.000E+000
 9.150E+013  1.000E-008  6.236E+001  0.000E+000
 9.170E+013  1.000E-008  6.236E+001  0.000E+000
 9.190E+013  1.000E-008  6.236E+001  0.000E+000
 9.210E+013  1.000E-008  6.236E+001  0.000E+000
 9.230E+013  1.000E-008  6.236E+001  8.740E-013
 9.250E+013  1.000E-008  6.236E+001 -6.780E-034
 9.270E+013  1.000E-008  6.236E+001 -8.740E-013
 9.290E+013  1.000E-008  6.236E+001  0.000E+000
 9.310E+013  1.000E-008  6.236E+001  0.000E+000
 9.330E+013  1.000E-008  6.236E+001  0.000E+000
 9.350E+013  1.000E-008  6.236E+001  0.000E+000
 9.370E+013  1.000E-008  6.236E+001  8.740E-013
 9.390E+013  1.000E-008  6.236E+001 -8.740E-013
 9.410E+013  1.000E-008  6.236E+001  8.740E-013
 9.430E+013  1.000E-008  6.236E+001 -8.740E-013
 9.450E+013  1.000E-008  6.236E+001  0.000E+000
 9.470E+013  1.000E-008  6.236E+001  0.000E+000
 9.490E+013  1.000E-008  6.236E+001  0.000E+000
 9.510E+013  1.000E-008  6.236E+001  0.000E+000
 9.530E+013  1.000E-008  6.236E+001  8.740E-013
 9.550E+013  1.000E-008  6.236E+001 -8.740E-013
 9.570E+013  1.000E-008  6.236E+001 -2.156E-067
 9.590E+013  1.000E-008  6.236E+001 -7.834E-031
 9.610E+013  1.000E-008  6.236E+001 -8.740E-013
 9.630E+013  1.000E-008  6.236E+001  8.740E-013
 9.650E+013  1.000E-008  6.236E+001  7.827E-031
 9.670E+013  1.000E-008  6.236E+001  8.740E-013
 9.690E+013  1.000E-008  6.236E+001 -8.740E-013
 9.710E+013  1.000E-008  6.236E+001  0.000E+000
 9.730E+013  1.000E-008  6.236E+001  0.000E+000
 9.750E+013  1.000E-008  6.236E+001  0.000E+000
 9.770E+013  1.000E-008  6.236E+001  0.000E+000
 9.790E+013  1.000E-008  6.236E+001  0.000E+000
 9.810E+013  1.000E-008  6.236E+001  0.000E+000
 9.830E+013  1.000E-008  6.236E+001  0.000E+000
 9.850E+013  1.000E-008  6.236E+001  0.000E+000
 9.870E+013  1.000E-008  6.236E+001  0.000E+000
 9.890E+013  1.000E-008  6.236E+001  0.000E+000
 9.910E+013  1.000E-008  6.236E+001  0.000E+000
 9.930E+013  1.000E-008  6.236E+001  0.000E+000
 9.950E+013  1.000E-008  6.236E+001  8.740E-013
 9.970E+013  1.000E-008  6.236E+001 -8.740E-013
 9.990E+013  1.000E-008  6.236E+001  0.000E+000
 1.001E+014  1.000E-099  1.000E-099  0.000E+000
 1.003E+014  1.000E-099  1.000E-099  0.000E+000
 7.801E-003
