 2.760E+005
     x1b        dens       energ       v1
 1.000E+011  2.408E-012  3.288E+007  0.000E+000
 3.000E+011  2.409E-012  3.288E+007  1.676E+005
 5.000E+011  2.413E-012  3.288E+007  3.535E+005
 7.000E+011  2.422E-012  3.288E+007  5.243E+005
 9.000E+011  2.435E-012  3.288E+007  7.017E+005
 1.100E+012  2.455E-012  3.288E+007  8.758E+005
 1.300E+012  2.480E-012  3.288E+007  1.052E+006
 1.500E+012  2.511E-012  3.288E+007  1.227E+006
 1.700E+012  2.546E-012  3.288E+007  1.402E+006
 1.900E+012  2.583E-012  3.288E+007  1.577E+006
 2.100E+012  2.624E-012  3.288E+007  1.752E+006
 2.300E+012  2.665E-012  3.288E+007  1.928E+006
 2.500E+012  2.708E-012  3.288E+007  2.103E+006
 2.700E+012  2.750E-012  3.288E+007  2.278E+006
 2.900E+012  2.793E-012  3.288E+007  2.453E+006
 3.100E+012  2.834E-012  3.288E+007  2.629E+006
 3.300E+012  2.873E-012  3.288E+007  2.804E+006
 3.500E+012  2.907E-012  3.288E+007  2.979E+006
 3.700E+012  2.934E-012  3.288E+007  3.154E+006
 3.900E+012  2.951E-012  3.288E+007  3.330E+006
 4.100E+012  2.957E-012  3.288E+007  3.505E+006
 4.300E+012  2.959E-012  3.288E+007  3.680E+006
 4.500E+012  2.959E-012  3.288E+007  3.855E+006
 4.700E+012  2.958E-012  3.288E+007  4.031E+006
 4.900E+012  2.958E-012  3.288E+007  4.206E+006
 5.100E+012  2.958E-012  3.288E+007  4.381E+006
 5.300E+012  2.957E-012  3.288E+007  4.556E+006
 5.500E+012  2.956E-012  3.288E+007  4.732E+006
 5.700E+012  2.954E-012  3.288E+007  4.907E+006
 5.900E+012  2.951E-012  3.288E+007  5.082E+006
 6.100E+012  2.948E-012  3.288E+007  5.257E+006
 6.300E+012  2.945E-012  3.288E+007  5.433E+006
 6.500E+012  2.943E-012  3.288E+007  5.608E+006
 6.700E+012  2.943E-012  3.288E+007  5.783E+006
 6.900E+012  2.943E-012  3.288E+007  5.958E+006
 7.100E+012  2.943E-012  3.288E+007  6.133E+006
 7.300E+012  2.943E-012  3.288E+007  6.309E+006
 7.500E+012  2.944E-012  3.288E+007  6.484E+006
 7.700E+012  2.945E-012  3.288E+007  6.659E+006
 7.900E+012  2.947E-012  3.288E+007  6.834E+006
 8.100E+012  2.950E-012  3.288E+007  7.010E+006
 8.300E+012  2.954E-012  3.288E+007  7.185E+006
 8.500E+012  2.960E-012  3.288E+007  7.360E+006
 8.700E+012  2.967E-012  3.288E+007  7.535E+006
 8.900E+012  2.977E-012  3.288E+007  7.711E+006
 9.100E+012  2.990E-012  3.288E+007  7.886E+006
 9.300E+012  3.005E-012  3.288E+007  8.061E+006
 9.500E+012  3.024E-012  3.288E+007  8.236E+006
 9.700E+012  3.046E-012  3.288E+007  8.412E+006
 9.900E+012  3.073E-012  3.288E+007  8.587E+006
 1.010E+013  3.104E-012  3.288E+007  8.762E+006
 1.030E+013  3.141E-012  3.288E+007  8.938E+006
 1.050E+013  3.183E-012  3.288E+007  9.113E+006
 1.070E+013  3.232E-012  3.288E+007  9.288E+006
 1.090E+013  3.288E-012  3.288E+007  9.464E+006
 1.110E+013  3.351E-012  3.288E+007  9.639E+006
 1.130E+013  3.423E-012  3.288E+007  9.814E+006
 1.150E+013  3.505E-012  3.288E+007  9.990E+006
 1.170E+013  3.596E-012  3.288E+007  1.017E+007
 1.190E+013  3.700E-012  3.288E+007  1.034E+007
 1.210E+013  3.816E-012  3.288E+007  1.052E+007
 1.230E+013  3.946E-012  3.288E+007  1.069E+007
 1.250E+013  4.091E-012  3.288E+007  1.087E+007
 1.270E+013  4.254E-012  3.288E+007  1.104E+007
 1.290E+013  4.436E-012  3.288E+007  1.122E+007
 1.310E+013  4.638E-012  3.288E+007  1.139E+007
 1.330E+013  4.864E-012  3.288E+007  1.157E+007
 1.350E+013  5.116E-012  3.288E+007  1.175E+007
 1.370E+013  5.395E-012  3.288E+007  1.192E+007
 1.390E+013  5.706E-012  3.288E+007  1.210E+007
 1.410E+013  6.051E-012  3.288E+007  1.227E+007
 1.430E+013  6.434E-012  3.288E+007  1.245E+007
 1.450E+013  6.857E-012  3.288E+007  1.262E+007
 1.470E+013  7.326E-012  3.288E+007  1.280E+007
 1.490E+013  7.844E-012  3.288E+007  1.298E+007
 1.510E+013  8.414E-012  3.288E+007  1.315E+007
 1.530E+013  9.040E-012  3.288E+007  1.333E+007
 1.550E+013  9.728E-012  3.288E+007  1.350E+007
 1.570E+013  1.048E-011  3.288E+007  1.368E+007
 1.590E+013  1.130E-011  3.288E+007  1.386E+007
 1.610E+013  1.219E-011  3.288E+007  1.403E+007
 1.630E+013  1.315E-011  3.288E+007  1.421E+007
 1.650E+013  1.418E-011  3.288E+007  1.438E+007
 1.670E+013  1.529E-011  3.288E+007  1.456E+007
 1.690E+013  1.648E-011  3.288E+007  1.473E+007
 1.710E+013  1.773E-011  3.288E+007  1.491E+007
 1.730E+013  1.906E-011  3.288E+007  1.508E+007
 1.750E+013  2.045E-011  3.288E+007  1.526E+007
 1.770E+013  2.190E-011  3.288E+007  1.543E+007
 1.790E+013  2.341E-011  3.288E+007  1.561E+007
 1.810E+013  2.497E-011  3.288E+007  1.578E+007
 1.830E+013  2.658E-011  3.288E+007  1.596E+007
 1.850E+013  2.824E-011  3.288E+007  1.613E+007
 1.870E+013  2.992E-011  3.288E+007  1.631E+007
 1.890E+013  3.164E-011  3.288E+007  1.648E+007
 1.910E+013  3.339E-011  3.288E+007  1.666E+007
 1.930E+013  3.517E-011  3.288E+007  1.683E+007
 1.950E+013  3.697E-011  3.289E+007  1.701E+007
 1.970E+013  3.879E-011  3.289E+007  1.718E+007
 1.990E+013  4.063E-011  3.289E+007  1.736E+007
 2.010E+013  4.250E-011  3.289E+007  1.753E+007
 2.030E+013  4.440E-011  3.289E+007  1.771E+007
 2.050E+013  4.632E-011  3.289E+007  1.788E+007
 2.070E+013  4.828E-011  3.289E+007  1.806E+007
 2.090E+013  5.027E-011  3.289E+007  1.823E+007
 2.110E+013  5.229E-011  3.289E+007  1.841E+007
 2.130E+013  5.437E-011  3.289E+007  1.858E+007
 2.150E+013  5.649E-011  3.289E+007  1.876E+007
 2.170E+013  5.866E-011  3.289E+007  1.893E+007
 2.190E+013  6.089E-011  3.289E+007  1.911E+007
 2.210E+013  6.319E-011  3.289E+007  1.928E+007
 2.230E+013  6.556E-011  3.290E+007  1.946E+007
 2.250E+013  6.800E-011  3.290E+007  1.963E+007
 2.270E+013  7.053E-011  3.290E+007  1.981E+007
 2.290E+013  7.315E-011  3.290E+007  1.998E+007
 2.310E+013  7.586E-011  3.290E+007  2.016E+007
 2.330E+013  7.867E-011  3.290E+007  2.034E+007
 2.350E+013  8.159E-011  3.290E+007  2.051E+007
 2.370E+013  8.462E-011  3.290E+007  2.069E+007
 2.390E+013  8.777E-011  3.291E+007  2.086E+007
 2.410E+013  9.104E-011  3.291E+007  2.104E+007
 2.430E+013  9.444E-011  3.291E+007  2.121E+007
 2.450E+013  9.797E-011  3.291E+007  2.139E+007
 2.470E+013  1.016E-010  3.291E+007  2.156E+007
 2.490E+013  1.055E-010  3.291E+007  2.174E+007
 2.510E+013  1.094E-010  3.292E+007  2.192E+007
 2.530E+013  1.135E-010  3.292E+007  2.209E+007
 2.550E+013  1.177E-010  3.292E+007  2.227E+007
 2.570E+013  1.221E-010  3.292E+007  2.244E+007
 2.590E+013  1.267E-010  3.293E+007  2.262E+007
 2.610E+013  1.313E-010  3.293E+007  2.279E+007
 2.630E+013  1.362E-010  3.293E+007  2.297E+007
 2.650E+013  1.411E-010  3.293E+007  2.315E+007
 2.670E+013  1.463E-010  3.294E+007  2.332E+007
 2.690E+013  1.515E-010  3.294E+007  2.350E+007
 2.710E+013  1.569E-010  3.294E+007  2.367E+007
 2.730E+013  1.624E-010  3.294E+007  2.385E+007
 2.750E+013  1.681E-010  3.295E+007  2.403E+007
 2.770E+013  1.739E-010  3.295E+007  2.420E+007
 2.790E+013  1.798E-010  3.295E+007  2.438E+007
 2.810E+013  1.859E-010  3.296E+007  2.455E+007
 2.830E+013  1.921E-010  3.296E+007  2.473E+007
 2.850E+013  1.984E-010  3.297E+007  2.491E+007
 2.870E+013  2.048E-010  3.297E+007  2.508E+007
 2.890E+013  2.115E-010  3.297E+007  2.526E+007
 2.910E+013  2.182E-010  3.298E+007  2.543E+007
 2.930E+013  2.251E-010  3.298E+007  2.561E+007
 2.950E+013  2.322E-010  3.299E+007  2.579E+007
 2.970E+013  2.394E-010  3.299E+007  2.596E+007
 2.990E+013  2.468E-010  3.300E+007  2.614E+007
 3.010E+013  2.544E-010  3.300E+007  2.632E+007
 3.030E+013  2.621E-010  3.301E+007  2.649E+007
 3.050E+013  2.701E-010  3.302E+007  2.667E+007
 3.070E+013  2.782E-010  3.302E+007  2.685E+007
 3.090E+013  2.866E-010  3.303E+007  2.702E+007
 3.110E+013  2.953E-010  3.303E+007  2.720E+007
 3.130E+013  3.041E-010  3.304E+007  2.738E+007
 3.150E+013  3.132E-010  3.305E+007  2.755E+007
 3.170E+013  3.226E-010  3.306E+007  2.773E+007
 3.190E+013  3.322E-010  3.306E+007  2.791E+007
 3.210E+013  3.421E-010  3.307E+007  2.808E+007
 3.230E+013  3.523E-010  3.308E+007  2.826E+007
 3.250E+013  3.627E-010  3.309E+007  2.844E+007
 3.270E+013  3.735E-010  3.310E+007  2.862E+007
 3.290E+013  3.845E-010  3.311E+007  2.879E+007
 3.310E+013  3.959E-010  3.311E+007  2.897E+007
 3.330E+013  4.076E-010  3.312E+007  2.915E+007
 3.350E+013  4.196E-010  3.313E+007  2.933E+007
 3.370E+013  4.319E-010  3.314E+007  2.951E+007
 3.390E+013  4.445E-010  3.316E+007  2.968E+007
 3.410E+013  4.575E-010  3.317E+007  2.986E+007
 3.430E+013  4.707E-010  3.318E+007  3.004E+007
 3.450E+013  4.843E-010  3.319E+007  3.022E+007
 3.470E+013  4.983E-010  3.320E+007  3.040E+007
 3.490E+013  5.125E-010  3.321E+007  3.058E+007
 3.510E+013  5.271E-010  3.323E+007  3.076E+007
 3.530E+013  5.421E-010  3.324E+007  3.093E+007
 3.550E+013  5.573E-010  3.326E+007  3.111E+007
 3.570E+013  5.730E-010  3.327E+007  3.129E+007
 3.590E+013  5.889E-010  3.329E+007  3.147E+007
 3.610E+013  6.053E-010  3.330E+007  3.165E+007
 3.630E+013  6.220E-010  3.332E+007  3.183E+007
 3.650E+013  6.390E-010  3.333E+007  3.201E+007
 3.670E+013  6.565E-010  3.335E+007  3.219E+007
 3.690E+013  6.743E-010  3.337E+007  3.237E+007
 3.710E+013  6.925E-010  3.339E+007  3.255E+007
 3.730E+013  7.111E-010  3.341E+007  3.273E+007
 3.750E+013  7.301E-010  3.343E+007  3.291E+007
 3.770E+013  7.496E-010  3.345E+007  3.309E+007
 3.790E+013  7.694E-010  3.347E+007  3.328E+007
 3.810E+013  7.897E-010  3.349E+007  3.346E+007
 3.830E+013  8.104E-010  3.351E+007  3.364E+007
 3.850E+013  8.316E-010  3.353E+007  3.382E+007
 3.870E+013  8.532E-010  3.356E+007  3.400E+007
 3.890E+013  8.752E-010  3.358E+007  3.419E+007
 3.910E+013  8.978E-010  3.361E+007  3.437E+007
 3.930E+013  9.208E-010  3.363E+007  3.455E+007
 3.950E+013  9.442E-010  3.366E+007  3.473E+007
 3.970E+013  9.682E-010  3.369E+007  3.492E+007
 3.990E+013  9.926E-010  3.372E+007  3.510E+007
 4.010E+013  1.018E-009  3.375E+007  3.529E+007
 4.030E+013  1.043E-009  3.378E+007  3.547E+007
 4.050E+013  1.069E-009  3.381E+007  3.565E+007
 4.070E+013  1.095E-009  3.384E+007  3.584E+007
 4.090E+013  1.123E-009  3.387E+007  3.603E+007
 4.110E+013  1.150E-009  3.391E+007  3.621E+007
 4.130E+013  1.178E-009  3.394E+007  3.640E+007
 4.150E+013  1.207E-009  3.398E+007  3.658E+007
 4.170E+013  1.236E-009  3.401E+007  3.677E+007
 4.190E+013  1.266E-009  3.405E+007  3.696E+007
 4.210E+013  1.296E-009  3.409E+007  3.714E+007
 4.230E+013  1.327E-009  3.413E+007  3.733E+007
 4.250E+013  1.359E-009  3.418E+007  3.752E+007
 4.270E+013  1.391E-009  3.422E+007  3.771E+007
 4.290E+013  1.425E-009  3.426E+007  3.790E+007
 4.310E+013  1.458E-009  3.431E+007  3.809E+007
 4.330E+013  1.493E-009  3.436E+007  3.828E+007
 4.350E+013  1.528E-009  3.440E+007  3.847E+007
 4.370E+013  1.564E-009  3.445E+007  3.866E+007
 4.390E+013  1.600E-009  3.450E+007  3.885E+007
 4.410E+013  1.638E-009  3.456E+007  3.904E+007
 4.430E+013  1.676E-009  3.461E+007  3.924E+007
 4.450E+013  1.715E-009  3.467E+007  3.943E+007
 4.470E+013  1.755E-009  3.472E+007  3.962E+007
 4.490E+013  1.796E-009  3.478E+007  3.982E+007
 4.510E+013  1.838E-009  3.484E+007  4.001E+007
 4.530E+013  1.881E-009  3.491E+007  4.021E+007
 4.550E+013  1.924E-009  3.497E+007  4.041E+007
 4.570E+013  1.969E-009  3.504E+007  4.060E+007
 4.590E+013  2.014E-009  3.510E+007  4.080E+007
 4.610E+013  2.061E-009  3.517E+007  4.100E+007
 4.630E+013  2.108E-009  3.525E+007  4.120E+007
 4.650E+013  2.157E-009  3.532E+007  4.140E+007
 4.670E+013  2.207E-009  3.540E+007  4.160E+007
 4.690E+013  2.257E-009  3.547E+007  4.180E+007
 4.710E+013  2.309E-009  3.555E+007  4.200E+007
 4.730E+013  2.362E-009  3.564E+007  4.220E+007
 4.750E+013  2.416E-009  3.572E+007  4.241E+007
 4.770E+013  2.472E-009  3.581E+007  4.261E+007
 4.790E+013  2.528E-009  3.590E+007  4.281E+007
 4.810E+013  2.586E-009  3.599E+007  4.302E+007
 4.830E+013  2.645E-009  3.609E+007  4.323E+007
 4.850E+013  2.705E-009  3.618E+007  4.343E+007
 4.870E+013  2.767E-009  3.628E+007  4.364E+007
 4.890E+013  2.830E-009  3.639E+007  4.385E+007
 4.910E+013  2.894E-009  3.649E+007  4.406E+007
 4.930E+013  2.960E-009  3.660E+007  4.427E+007
 4.950E+013  3.027E-009  3.672E+007  4.449E+007
 4.970E+013  3.096E-009  3.683E+007  4.470E+007
 4.990E+013  3.166E-009  3.695E+007  4.492E+007
 5.010E+013  3.238E-009  3.707E+007  4.513E+007
 5.030E+013  3.311E-009  3.720E+007  4.535E+007
 5.050E+013  3.386E-009  3.733E+007  4.557E+007
 5.070E+013  3.463E-009  3.746E+007  4.578E+007
 5.090E+013  3.541E-009  3.760E+007  4.600E+007
 5.110E+013  3.621E-009  3.774E+007  4.623E+007
 5.130E+013  3.703E-009  3.788E+007  4.645E+007
 5.150E+013  3.787E-009  3.803E+007  4.667E+007
 5.170E+013  3.873E-009  3.818E+007  4.690E+007
 5.190E+013  3.960E-009  3.834E+007  4.712E+007
 5.210E+013  4.050E-009  3.850E+007  4.735E+007
 5.230E+013  4.142E-009  3.867E+007  4.758E+007
 5.250E+013  4.236E-009  3.884E+007  4.781E+007
 5.270E+013  4.332E-009  3.901E+007  4.804E+007
 5.290E+013  4.431E-009  3.919E+007  4.828E+007
 5.310E+013  4.532E-009  3.938E+007  4.851E+007
 5.330E+013  4.635E-009  3.957E+007  4.875E+007
 5.350E+013  4.741E-009  3.977E+007  4.899E+007
 5.370E+013  4.850E-009  3.997E+007  4.923E+007
 5.390E+013  4.961E-009  4.018E+007  4.947E+007
 5.410E+013  5.075E-009  4.039E+007  4.971E+007
 5.430E+013  5.192E-009  4.061E+007  4.996E+007
 5.450E+013  5.311E-009  4.084E+007  5.020E+007
 5.470E+013  5.434E-009  4.107E+007  5.045E+007
 5.490E+013  5.560E-009  4.131E+007  5.070E+007
 5.510E+013  5.690E-009  4.156E+007  5.095E+007
 5.530E+013  5.822E-009  4.181E+007  5.121E+007
 5.550E+013  5.959E-009  4.207E+007  5.146E+007
 5.570E+013  6.099E-009  4.234E+007  5.172E+007
 5.590E+013  6.242E-009  4.262E+007  5.198E+007
 5.610E+013  6.390E-009  4.291E+007  5.224E+007
 5.630E+013  6.541E-009  4.320E+007  5.250E+007
 5.650E+013  6.697E-009  4.350E+007  5.277E+007
 5.670E+013  6.857E-009  4.381E+007  5.304E+007
 5.690E+013  7.021E-009  4.414E+007  5.331E+007
 5.710E+013  7.190E-009  4.447E+007  5.358E+007
 5.730E+013  7.364E-009  4.481E+007  5.385E+007
 5.750E+013  7.542E-009  4.516E+007  5.413E+007
 5.770E+013  7.726E-009  4.552E+007  5.441E+007
 5.790E+013  7.915E-009  4.589E+007  5.469E+007
 5.810E+013  8.109E-009  4.628E+007  5.497E+007
 5.830E+013  8.310E-009  4.667E+007  5.526E+007
 5.850E+013  8.516E-009  4.708E+007  5.555E+007
 5.870E+013  8.728E-009  4.750E+007  5.584E+007
 5.890E+013  8.947E-009  4.794E+007  5.613E+007
 5.910E+013  9.172E-009  4.838E+007  5.642E+007
 5.930E+013  9.404E-009  4.885E+007  5.672E+007
 5.950E+013  9.643E-009  4.932E+007  5.702E+007
 5.970E+013  9.890E-009  4.981E+007  5.732E+007
 5.990E+013  1.014E-008  5.032E+007  5.763E+007
 6.010E+013  1.041E-008  5.084E+007  5.794E+007
 6.030E+013  1.068E-008  5.138E+007  5.825E+007
 6.050E+013  1.096E-008  5.194E+007  5.856E+007
 6.070E+013  1.125E-008  5.251E+007  5.888E+007
 6.090E+013  1.155E-008  5.311E+007  5.920E+007
 6.110E+013  1.185E-008  5.372E+007  5.952E+007
 6.130E+013  1.217E-008  5.435E+007  5.984E+007
 6.150E+013  1.250E-008  5.501E+007  6.017E+007
 6.170E+013  1.284E-008  5.568E+007  6.050E+007
 6.190E+013  1.320E-008  5.638E+007  6.083E+007
 6.210E+013  1.356E-008  5.710E+007  6.117E+007
 6.230E+013  1.394E-008  5.785E+007  6.151E+007
 6.250E+013  1.433E-008  5.862E+007  6.185E+007
 6.270E+013  1.474E-008  5.942E+007  6.219E+007
 6.290E+013  1.516E-008  6.024E+007  6.254E+007
 6.310E+013  1.559E-008  6.110E+007  6.289E+007
 6.330E+013  1.604E-008  6.198E+007  6.324E+007
 6.350E+013  1.651E-008  6.289E+007  6.360E+007
 6.370E+013  1.700E-008  6.384E+007  6.396E+007
 6.390E+013  1.750E-008  6.482E+007  6.432E+007
 6.410E+013  1.802E-008  6.583E+007  6.469E+007
 6.430E+013  1.857E-008  6.688E+007  6.505E+007
 6.450E+013  1.913E-008  6.797E+007  6.542E+007
 6.470E+013  1.972E-008  6.910E+007  6.580E+007
 6.490E+013  2.033E-008  7.027E+007  6.618E+007
 6.510E+013  2.097E-008  7.148E+007  6.655E+007
 6.530E+013  2.163E-008  7.273E+007  6.694E+007
 6.550E+013  2.232E-008  7.403E+007  6.732E+007
 6.570E+013  2.304E-008  7.538E+007  6.771E+007
 6.590E+013  2.378E-008  7.678E+007  6.810E+007
 6.610E+013  2.456E-008  7.824E+007  6.850E+007
 6.630E+013  2.537E-008  7.975E+007  6.889E+007
 6.650E+013  2.622E-008  8.132E+007  6.929E+007
 6.670E+013  2.710E-008  8.294E+007  6.970E+007
 6.690E+013  2.803E-008  8.463E+007  7.010E+007
 6.710E+013  2.899E-008  8.639E+007  7.051E+007
 6.730E+013  3.000E-008  8.822E+007  7.092E+007
 6.750E+013  3.105E-008  9.011E+007  7.134E+007
 6.770E+013  3.215E-008  9.208E+007  7.174E+007
 6.790E+013  3.331E-008  9.421E+007  7.218E+007
 6.810E+013  3.451E-008  9.631E+007  7.262E+007
 6.830E+013  3.569E-008  9.822E+007  7.296E+007
 6.850E+013  3.714E-008  1.013E+008  7.336E+007
 6.870E+013  3.873E-008  1.051E+008  7.428E+007
 6.890E+013  3.893E-008  1.031E+008  7.459E+007
 6.910E+013  3.516E-008  8.208E+007  7.225E+007
 6.930E+013  2.330E-008  3.434E+007  6.180E+007
 6.950E+013  1.379E-008  4.939E+006  3.944E+007
 6.970E+013  1.058E-008  8.892E+004  1.296E+007
 6.990E+013  1.002E-008  7.157E+001  8.187E+005
 7.010E+013  1.000E-008  6.236E+001  1.446E+003
 7.030E+013  1.000E-008  6.236E+001  2.001E-003
 7.050E+013  1.000E-008  6.236E+001  3.586E-012
 7.070E+013  1.000E-008  6.236E+001  8.163E-033
 7.090E+013  1.000E-008  6.236E+001  9.363E-075
 7.110E+013  1.000E-008  6.236E+001  3.161E-159
 7.130E+013  1.000E-008  6.236E+001  0.000E+000
 7.150E+013  1.000E-008  6.236E+001  0.000E+000
 7.170E+013  1.000E-008  6.236E+001  0.000E+000
 7.190E+013  1.000E-008  6.236E+001  9.806E-013
 7.210E+013  1.000E-008  6.236E+001 -9.806E-013
 7.230E+013  1.000E-008  6.236E+001  0.000E+000
 7.250E+013  1.000E-008  6.236E+001  0.000E+000
 7.270E+013  1.000E-008  6.236E+001  1.961E-012
 7.290E+013  1.000E-008  6.236E+001 -4.862E-033
 7.310E+013  1.000E-008  6.236E+001 -1.961E-012
 7.330E+013  1.000E-008  6.236E+001 -1.107E-030
 7.350E+013  1.000E-008  6.236E+001 -9.806E-013
 7.370E+013  1.000E-008  6.236E+001  9.806E-013
 7.390E+013  1.000E-008  6.236E+001  1.105E-030
 7.410E+013  1.000E-008  6.236E+001  4.817E-067
 7.430E+013  1.000E-008  6.236E+001  4.268E-140
 7.450E+013  1.000E-008  6.236E+001  1.619E-286
 7.470E+013  1.000E-008  6.236E+001  0.000E+000
 7.490E+013  1.000E-008  6.236E+001  0.000E+000
 7.510E+013  1.000E-008  6.236E+001  0.000E+000
 7.530E+013  1.000E-008  6.236E+001  0.000E+000
 7.550E+013  1.000E-008  6.236E+001  0.000E+000
 7.570E+013  1.000E-008  6.236E+001  0.000E+000
 7.590E+013  1.000E-008  6.236E+001  0.000E+000
 7.610E+013  1.000E-008  6.236E+001  0.000E+000
 7.630E+013  1.000E-008  6.236E+001  0.000E+000
 7.650E+013  1.000E-008  6.236E+001  0.000E+000
 7.670E+013  1.000E-008  6.236E+001  1.961E-012
 7.690E+013  1.000E-008  6.236E+001 -1.961E-012
 7.710E+013  1.000E-008  6.236E+001  2.942E-012
 7.730E+013  1.000E-008  6.236E+001 -2.942E-012
 7.750E+013  1.000E-008  6.236E+001  2.620E-031
 7.770E+013  1.000E-008  6.236E+001  1.961E-012
 7.790E+013  1.000E-008  6.236E+001 -5.884E-012
 7.810E+013  1.000E-008  6.236E+001  5.884E-012
 7.830E+013  1.000E-008  6.236E+001 -1.961E-012
 7.850E+013  1.000E-008  6.236E+001 -3.404E-067
 7.870E+013  1.000E-008  6.236E+001 -9.292E-031
 7.890E+013  1.000E-008  6.236E+001 -9.806E-013
 7.910E+013  1.000E-008  6.236E+001 -4.903E-012
 7.930E+013  1.000E-008  6.236E+001  2.942E-012
 7.950E+013  1.000E-008  6.236E+001  2.942E-012
 7.970E+013  1.000E-008  6.236E+001 -3.922E-012
 7.990E+013  1.000E-008  6.236E+001  3.922E-012
 8.010E+013  1.000E-008  6.236E+001  1.769E-029
 8.030E+013  1.000E-008  6.236E+001  1.233E-064
 8.050E+013  1.000E-008  6.236E+001  2.797E-135
 8.070E+013  1.000E-008  6.236E+001 -7.501E-270
 8.090E+013  1.000E-008  6.236E+001 -9.185E-132
 8.110E+013  1.000E-008  6.236E+001 -7.068E-063
 8.130E+013  1.000E-008  6.236E+001 -1.339E-028
 8.150E+013  1.000E-008  6.236E+001 -1.079E-011
 8.170E+013  1.000E-008  6.236E+001  1.373E-011
 8.190E+013  1.000E-008  6.236E+001 -2.942E-012
 8.210E+013  1.000E-008  6.236E+001  0.000E+000
 8.230E+013  1.000E-008  6.236E+001  0.000E+000
 8.250E+013  1.000E-008  6.236E+001  0.000E+000
 8.270E+013  1.000E-008  6.236E+001  0.000E+000
 8.290E+013  1.000E-008  6.236E+001  3.922E-012
 8.310E+013  1.000E-008  6.236E+001 -3.922E-012
 8.330E+013  1.000E-008  6.236E+001 -1.075E-030
 8.350E+013  1.000E-008  6.236E+001  5.884E-012
 8.370E+013  1.000E-008  6.236E+001 -4.903E-012
 8.390E+013  1.000E-008  6.236E+001 -1.107E-030
 8.410E+013  1.000E-008  6.236E+001 -9.806E-013
 8.430E+013  1.000E-008  6.236E+001  9.806E-013
 8.450E+013  1.000E-008  6.236E+001 -1.048E-033
 8.470E+013  1.000E-008  6.236E+001 -9.806E-013
 8.490E+013  1.000E-008  6.236E+001 -5.217E-034
 8.510E+013  1.000E-008  6.236E+001  9.806E-013
 8.530E+013  1.000E-008  6.236E+001 -1.039E-033
 8.550E+013  1.000E-008  6.236E+001 -9.806E-013
 8.570E+013  1.000E-008  6.236E+001 -5.169E-034
 8.590E+013  1.000E-008  6.236E+001  9.806E-013
 8.610E+013  1.000E-008  6.236E+001 -9.806E-013
 8.630E+013  1.000E-008  6.236E+001  0.000E+000
 8.650E+013  1.000E-008  6.236E+001  0.000E+000
 8.670E+013  1.000E-008  6.236E+001  0.000E+000
 8.690E+013  1.000E-008  6.236E+001  0.000E+000
 8.710E+013  1.000E-008  6.236E+001  0.000E+000
 8.730E+013  1.000E-008  6.236E+001  0.000E+000
 8.750E+013  1.000E-008  6.236E+001  9.806E-013
 8.770E+013  1.000E-008  6.236E+001 -9.806E-013
 8.790E+013  1.000E-008  6.236E+001 -5.039E-034
 8.810E+013  1.000E-008  6.236E+001  9.806E-013
 8.830E+013  1.000E-008  6.236E+001 -9.806E-013
 8.850E+013  1.000E-008  6.236E+001  9.806E-013
 8.870E+013  1.000E-008  6.236E+001  9.806E-013
 8.890E+013  1.000E-008  6.236E+001 -1.961E-012
 8.910E+013  1.000E-008  6.236E+001  0.000E+000
 8.930E+013  1.000E-008  6.236E+001  0.000E+000
 8.950E+013  1.000E-008  6.236E+001  0.000E+000
 8.970E+013  1.000E-008  6.236E+001  0.000E+000
 8.990E+013  1.000E-008  6.236E+001  0.000E+000
 9.010E+013  1.000E-008  6.236E+001  9.806E-013
 9.030E+013  1.000E-008  6.236E+001 -9.810E-034
 9.050E+013  1.000E-008  6.236E+001 -9.806E-013
 9.070E+013  1.000E-008  6.236E+001  9.806E-013
 9.090E+013  1.000E-008  6.236E+001 -9.745E-034
 9.110E+013  1.000E-008  6.236E+001 -9.806E-013
 9.130E+013  1.000E-008  6.236E+001  0.000E+000
 9.150E+013  1.000E-008  6.236E+001  0.000E+000
 9.170E+013  1.000E-008  6.236E+001  0.000E+000
 9.190E+013  1.000E-008  6.236E+001  0.000E+000
 9.210E+013  1.000E-008  6.236E+001  0.000E+000
 9.230E+013  1.000E-008  6.236E+001  9.806E-013
 9.250E+013  1.000E-008  6.236E+001 -9.576E-034
 9.270E+013  1.000E-008  6.236E+001 -9.806E-013
 9.290E+013  1.000E-008  6.236E+001  0.000E+000
 9.310E+013  1.000E-008  6.236E+001  0.000E+000
 9.330E+013  1.000E-008  6.236E+001  0.000E+000
 9.350E+013  1.000E-008  6.236E+001  0.000E+000
 9.370E+013  1.000E-008  6.236E+001  9.806E-013
 9.390E+013  1.000E-008  6.236E+001 -9.806E-013
 9.410E+013  1.000E-008  6.236E+001  9.806E-013
 9.430E+013  1.000E-008  6.236E+001 -9.806E-013
 9.450E+013  1.000E-008  6.236E+001  0.000E+000
 9.470E+013  1.000E-008  6.236E+001  0.000E+000
 9.490E+013  1.000E-008  6.236E+001  0.000E+000
 9.510E+013  1.000E-008  6.236E+001  0.000E+000
 9.530E+013  1.000E-008  6.236E+001  9.806E-013
 9.550E+013  1.000E-008  6.236E+001 -9.806E-013
 9.570E+013  1.000E-008  6.236E+001 -4.827E-067
 9.590E+013  1.000E-008  6.236E+001 -1.107E-030
 9.610E+013  1.000E-008  6.236E+001 -9.806E-013
 9.630E+013  1.000E-008  6.236E+001  9.806E-013
 9.650E+013  1.000E-008  6.236E+001  1.106E-030
 9.670E+013  1.000E-008  6.236E+001  9.806E-013
 9.690E+013  1.000E-008  6.236E+001 -9.806E-013
 9.710E+013  1.000E-008  6.236E+001  0.000E+000
 9.730E+013  1.000E-008  6.236E+001  0.000E+000
 9.750E+013  1.000E-008  6.236E+001  0.000E+000
 9.770E+013  1.000E-008  6.236E+001  0.000E+000
 9.790E+013  1.000E-008  6.236E+001  0.000E+000
 9.810E+013  1.000E-008  6.236E+001  0.000E+000
 9.830E+013  1.000E-008  6.236E+001  0.000E+000
 9.850E+013  1.000E-008  6.236E+001  0.000E+000
 9.870E+013  1.000E-008  6.236E+001  0.000E+000
 9.890E+013  1.000E-008  6.236E+001  0.000E+000
 9.910E+013  1.000E-008  6.236E+001  0.000E+000
 9.930E+013  1.000E-008  6.236E+001  0.000E+000
 9.950E+013  1.000E-008  6.236E+001  9.806E-013
 9.970E+013  1.000E-008  6.236E+001 -9.806E-013
 9.990E+013  1.000E-008  6.236E+001  0.000E+000
 1.001E+014  1.000E-099  1.000E-099  0.000E+000
 1.003E+014  1.000E-099  1.000E-099  0.000E+000
 8.753E-003
