 2.580E+005
     x1b        dens       energ       v1
 1.000E+011  2.529E-012  3.567E+007  0.000E+000
 3.000E+011  2.530E-012  3.567E+007  2.040E+005
 5.000E+011  2.535E-012  3.567E+007  3.683E+005
 7.000E+011  2.544E-012  3.567E+007  5.655E+005
 9.000E+011  2.559E-012  3.567E+007  7.481E+005
 1.100E+012  2.580E-012  3.567E+007  9.381E+005
 1.300E+012  2.608E-012  3.567E+007  1.124E+006
 1.500E+012  2.641E-012  3.567E+007  1.312E+006
 1.700E+012  2.679E-012  3.567E+007  1.499E+006
 1.900E+012  2.720E-012  3.567E+007  1.687E+006
 2.100E+012  2.763E-012  3.567E+007  1.874E+006
 2.300E+012  2.807E-012  3.567E+007  2.062E+006
 2.500E+012  2.853E-012  3.567E+007  2.249E+006
 2.700E+012  2.898E-012  3.567E+007  2.437E+006
 2.900E+012  2.943E-012  3.567E+007  2.624E+006
 3.100E+012  2.987E-012  3.567E+007  2.812E+006
 3.300E+012  3.027E-012  3.567E+007  2.999E+006
 3.500E+012  3.062E-012  3.567E+007  3.187E+006
 3.700E+012  3.088E-012  3.567E+007  3.374E+006
 3.900E+012  3.102E-012  3.567E+007  3.561E+006
 4.100E+012  3.106E-012  3.567E+007  3.749E+006
 4.300E+012  3.107E-012  3.567E+007  3.936E+006
 4.500E+012  3.107E-012  3.567E+007  4.124E+006
 4.700E+012  3.107E-012  3.567E+007  4.311E+006
 4.900E+012  3.107E-012  3.567E+007  4.499E+006
 5.100E+012  3.106E-012  3.567E+007  4.686E+006
 5.300E+012  3.105E-012  3.567E+007  4.874E+006
 5.500E+012  3.103E-012  3.567E+007  5.061E+006
 5.700E+012  3.101E-012  3.567E+007  5.248E+006
 5.900E+012  3.098E-012  3.567E+007  5.436E+006
 6.100E+012  3.094E-012  3.567E+007  5.623E+006
 6.300E+012  3.092E-012  3.567E+007  5.811E+006
 6.500E+012  3.090E-012  3.567E+007  5.998E+006
 6.700E+012  3.090E-012  3.567E+007  6.186E+006
 6.900E+012  3.090E-012  3.567E+007  6.373E+006
 7.100E+012  3.090E-012  3.567E+007  6.561E+006
 7.300E+012  3.091E-012  3.567E+007  6.748E+006
 7.500E+012  3.092E-012  3.567E+007  6.935E+006
 7.700E+012  3.094E-012  3.567E+007  7.123E+006
 7.900E+012  3.096E-012  3.567E+007  7.310E+006
 8.100E+012  3.100E-012  3.567E+007  7.498E+006
 8.300E+012  3.106E-012  3.567E+007  7.685E+006
 8.500E+012  3.114E-012  3.567E+007  7.873E+006
 8.700E+012  3.123E-012  3.567E+007  8.060E+006
 8.900E+012  3.136E-012  3.567E+007  8.248E+006
 9.100E+012  3.151E-012  3.567E+007  8.435E+006
 9.300E+012  3.170E-012  3.567E+007  8.623E+006
 9.500E+012  3.194E-012  3.567E+007  8.810E+006
 9.700E+012  3.221E-012  3.567E+007  8.997E+006
 9.900E+012  3.253E-012  3.567E+007  9.185E+006
 1.010E+013  3.291E-012  3.567E+007  9.372E+006
 1.030E+013  3.336E-012  3.567E+007  9.560E+006
 1.050E+013  3.387E-012  3.567E+007  9.747E+006
 1.070E+013  3.445E-012  3.567E+007  9.935E+006
 1.090E+013  3.512E-012  3.567E+007  1.012E+007
 1.110E+013  3.588E-012  3.567E+007  1.031E+007
 1.130E+013  3.674E-012  3.567E+007  1.050E+007
 1.150E+013  3.771E-012  3.567E+007  1.069E+007
 1.170E+013  3.881E-012  3.567E+007  1.087E+007
 1.190E+013  4.004E-012  3.567E+007  1.106E+007
 1.210E+013  4.143E-012  3.567E+007  1.125E+007
 1.230E+013  4.299E-012  3.567E+007  1.144E+007
 1.250E+013  4.473E-012  3.567E+007  1.162E+007
 1.270E+013  4.667E-012  3.567E+007  1.181E+007
 1.290E+013  4.885E-012  3.567E+007  1.200E+007
 1.310E+013  5.128E-012  3.567E+007  1.219E+007
 1.330E+013  5.399E-012  3.567E+007  1.238E+007
 1.350E+013  5.700E-012  3.567E+007  1.256E+007
 1.370E+013  6.036E-012  3.567E+007  1.275E+007
 1.390E+013  6.410E-012  3.567E+007  1.294E+007
 1.410E+013  6.825E-012  3.567E+007  1.313E+007
 1.430E+013  7.285E-012  3.567E+007  1.332E+007
 1.450E+013  7.795E-012  3.567E+007  1.351E+007
 1.470E+013  8.358E-012  3.567E+007  1.369E+007
 1.490E+013  8.980E-012  3.567E+007  1.388E+007
 1.510E+013  9.664E-012  3.567E+007  1.407E+007
 1.530E+013  1.041E-011  3.567E+007  1.426E+007
 1.550E+013  1.124E-011  3.567E+007  1.445E+007
 1.570E+013  1.213E-011  3.567E+007  1.463E+007
 1.590E+013  1.310E-011  3.567E+007  1.482E+007
 1.610E+013  1.415E-011  3.567E+007  1.501E+007
 1.630E+013  1.528E-011  3.567E+007  1.520E+007
 1.650E+013  1.650E-011  3.568E+007  1.538E+007
 1.670E+013  1.779E-011  3.568E+007  1.557E+007
 1.690E+013  1.916E-011  3.568E+007  1.576E+007
 1.710E+013  2.060E-011  3.568E+007  1.595E+007
 1.730E+013  2.211E-011  3.568E+007  1.613E+007
 1.750E+013  2.369E-011  3.568E+007  1.632E+007
 1.770E+013  2.533E-011  3.568E+007  1.651E+007
 1.790E+013  2.702E-011  3.568E+007  1.669E+007
 1.810E+013  2.876E-011  3.568E+007  1.688E+007
 1.830E+013  3.054E-011  3.568E+007  1.707E+007
 1.850E+013  3.236E-011  3.568E+007  1.725E+007
 1.870E+013  3.422E-011  3.568E+007  1.744E+007
 1.890E+013  3.610E-011  3.568E+007  1.763E+007
 1.910E+013  3.801E-011  3.568E+007  1.782E+007
 1.930E+013  3.994E-011  3.568E+007  1.800E+007
 1.950E+013  4.190E-011  3.568E+007  1.819E+007
 1.970E+013  4.389E-011  3.568E+007  1.838E+007
 1.990E+013  4.590E-011  3.568E+007  1.856E+007
 2.010E+013  4.794E-011  3.568E+007  1.875E+007
 2.030E+013  5.002E-011  3.568E+007  1.894E+007
 2.050E+013  5.213E-011  3.569E+007  1.913E+007
 2.070E+013  5.428E-011  3.569E+007  1.931E+007
 2.090E+013  5.648E-011  3.569E+007  1.950E+007
 2.110E+013  5.873E-011  3.569E+007  1.969E+007
 2.130E+013  6.103E-011  3.569E+007  1.988E+007
 2.150E+013  6.340E-011  3.569E+007  2.006E+007
 2.170E+013  6.584E-011  3.569E+007  2.025E+007
 2.190E+013  6.835E-011  3.569E+007  2.044E+007
 2.210E+013  7.094E-011  3.569E+007  2.063E+007
 2.230E+013  7.362E-011  3.570E+007  2.081E+007
 2.250E+013  7.640E-011  3.570E+007  2.100E+007
 2.270E+013  7.928E-011  3.570E+007  2.119E+007
 2.290E+013  8.227E-011  3.570E+007  2.138E+007
 2.310E+013  8.537E-011  3.570E+007  2.157E+007
 2.330E+013  8.860E-011  3.570E+007  2.175E+007
 2.350E+013  9.195E-011  3.570E+007  2.194E+007
 2.370E+013  9.544E-011  3.571E+007  2.213E+007
 2.390E+013  9.906E-011  3.571E+007  2.232E+007
 2.410E+013  1.028E-010  3.571E+007  2.250E+007
 2.430E+013  1.067E-010  3.571E+007  2.269E+007
 2.450E+013  1.108E-010  3.571E+007  2.288E+007
 2.470E+013  1.150E-010  3.572E+007  2.307E+007
 2.490E+013  1.194E-010  3.572E+007  2.326E+007
 2.510E+013  1.240E-010  3.572E+007  2.344E+007
 2.530E+013  1.286E-010  3.572E+007  2.363E+007
 2.550E+013  1.335E-010  3.573E+007  2.382E+007
 2.570E+013  1.385E-010  3.573E+007  2.401E+007
 2.590E+013  1.437E-010  3.573E+007  2.420E+007
 2.610E+013  1.490E-010  3.574E+007  2.438E+007
 2.630E+013  1.545E-010  3.574E+007  2.457E+007
 2.650E+013  1.601E-010  3.574E+007  2.476E+007
 2.670E+013  1.659E-010  3.575E+007  2.495E+007
 2.690E+013  1.718E-010  3.575E+007  2.514E+007
 2.710E+013  1.779E-010  3.575E+007  2.533E+007
 2.730E+013  1.841E-010  3.576E+007  2.551E+007
 2.750E+013  1.905E-010  3.576E+007  2.570E+007
 2.770E+013  1.970E-010  3.577E+007  2.589E+007
 2.790E+013  2.037E-010  3.577E+007  2.608E+007
 2.810E+013  2.105E-010  3.578E+007  2.627E+007
 2.830E+013  2.174E-010  3.578E+007  2.646E+007
 2.850E+013  2.245E-010  3.579E+007  2.664E+007
 2.870E+013  2.318E-010  3.579E+007  2.683E+007
 2.890E+013  2.392E-010  3.580E+007  2.702E+007
 2.910E+013  2.468E-010  3.580E+007  2.721E+007
 2.930E+013  2.546E-010  3.581E+007  2.740E+007
 2.950E+013  2.626E-010  3.582E+007  2.759E+007
 2.970E+013  2.708E-010  3.582E+007  2.778E+007
 2.990E+013  2.791E-010  3.583E+007  2.797E+007
 3.010E+013  2.878E-010  3.584E+007  2.816E+007
 3.030E+013  2.966E-010  3.584E+007  2.834E+007
 3.050E+013  3.057E-010  3.585E+007  2.853E+007
 3.070E+013  3.150E-010  3.586E+007  2.872E+007
 3.090E+013  3.246E-010  3.587E+007  2.891E+007
 3.110E+013  3.345E-010  3.588E+007  2.910E+007
 3.130E+013  3.446E-010  3.588E+007  2.929E+007
 3.150E+013  3.551E-010  3.589E+007  2.948E+007
 3.170E+013  3.658E-010  3.590E+007  2.967E+007
 3.190E+013  3.769E-010  3.591E+007  2.986E+007
 3.210E+013  3.883E-010  3.592E+007  3.005E+007
 3.230E+013  4.000E-010  3.593E+007  3.024E+007
 3.250E+013  4.120E-010  3.594E+007  3.043E+007
 3.270E+013  4.244E-010  3.596E+007  3.062E+007
 3.290E+013  4.371E-010  3.597E+007  3.081E+007
 3.310E+013  4.502E-010  3.598E+007  3.100E+007
 3.330E+013  4.636E-010  3.599E+007  3.119E+007
 3.350E+013  4.773E-010  3.600E+007  3.138E+007
 3.370E+013  4.914E-010  3.602E+007  3.157E+007
 3.390E+013  5.059E-010  3.603E+007  3.177E+007
 3.410E+013  5.207E-010  3.605E+007  3.196E+007
 3.430E+013  5.359E-010  3.606E+007  3.215E+007
 3.450E+013  5.514E-010  3.608E+007  3.234E+007
 3.470E+013  5.673E-010  3.609E+007  3.253E+007
 3.490E+013  5.836E-010  3.611E+007  3.272E+007
 3.510E+013  6.003E-010  3.613E+007  3.292E+007
 3.530E+013  6.173E-010  3.614E+007  3.311E+007
 3.550E+013  6.348E-010  3.616E+007  3.330E+007
 3.570E+013  6.526E-010  3.618E+007  3.349E+007
 3.590E+013  6.708E-010  3.620E+007  3.369E+007
 3.610E+013  6.895E-010  3.622E+007  3.388E+007
 3.630E+013  7.085E-010  3.624E+007  3.407E+007
 3.650E+013  7.280E-010  3.626E+007  3.426E+007
 3.670E+013  7.479E-010  3.629E+007  3.446E+007
 3.690E+013  7.683E-010  3.631E+007  3.465E+007
 3.710E+013  7.891E-010  3.633E+007  3.485E+007
 3.730E+013  8.104E-010  3.636E+007  3.504E+007
 3.750E+013  8.321E-010  3.638E+007  3.524E+007
 3.770E+013  8.543E-010  3.641E+007  3.543E+007
 3.790E+013  8.770E-010  3.644E+007  3.563E+007
 3.810E+013  9.002E-010  3.647E+007  3.582E+007
 3.830E+013  9.239E-010  3.650E+007  3.602E+007
 3.850E+013  9.481E-010  3.653E+007  3.621E+007
 3.870E+013  9.728E-010  3.656E+007  3.641E+007
 3.890E+013  9.981E-010  3.659E+007  3.661E+007
 3.910E+013  1.024E-009  3.662E+007  3.680E+007
 3.930E+013  1.050E-009  3.666E+007  3.700E+007
 3.950E+013  1.077E-009  3.669E+007  3.720E+007
 3.970E+013  1.104E-009  3.673E+007  3.740E+007
 3.990E+013  1.132E-009  3.676E+007  3.759E+007
 4.010E+013  1.161E-009  3.680E+007  3.779E+007
 4.030E+013  1.190E-009  3.684E+007  3.799E+007
 4.050E+013  1.220E-009  3.688E+007  3.819E+007
 4.070E+013  1.250E-009  3.692E+007  3.839E+007
 4.090E+013  1.281E-009  3.697E+007  3.859E+007
 4.110E+013  1.313E-009  3.701E+007  3.879E+007
 4.130E+013  1.345E-009  3.706E+007  3.899E+007
 4.150E+013  1.378E-009  3.711E+007  3.920E+007
 4.170E+013  1.412E-009  3.716E+007  3.940E+007
 4.190E+013  1.446E-009  3.721E+007  3.960E+007
 4.210E+013  1.481E-009  3.726E+007  3.980E+007
 4.230E+013  1.517E-009  3.731E+007  4.001E+007
 4.250E+013  1.554E-009  3.737E+007  4.021E+007
 4.270E+013  1.591E-009  3.742E+007  4.042E+007
 4.290E+013  1.629E-009  3.748E+007  4.062E+007
 4.310E+013  1.668E-009  3.754E+007  4.083E+007
 4.330E+013  1.708E-009  3.760E+007  4.103E+007
 4.350E+013  1.749E-009  3.767E+007  4.124E+007
 4.370E+013  1.791E-009  3.773E+007  4.145E+007
 4.390E+013  1.833E-009  3.780E+007  4.166E+007
 4.410E+013  1.877E-009  3.787E+007  4.187E+007
 4.430E+013  1.921E-009  3.794E+007  4.208E+007
 4.450E+013  1.967E-009  3.801E+007  4.229E+007
 4.470E+013  2.014E-009  3.809E+007  4.250E+007
 4.490E+013  2.061E-009  3.817E+007  4.271E+007
 4.510E+013  2.110E-009  3.825E+007  4.292E+007
 4.530E+013  2.160E-009  3.833E+007  4.314E+007
 4.550E+013  2.211E-009  3.841E+007  4.335E+007
 4.570E+013  2.263E-009  3.850E+007  4.357E+007
 4.590E+013  2.317E-009  3.859E+007  4.378E+007
 4.610E+013  2.371E-009  3.868E+007  4.400E+007
 4.630E+013  2.427E-009  3.878E+007  4.422E+007
 4.650E+013  2.484E-009  3.888E+007  4.444E+007
 4.670E+013  2.542E-009  3.898E+007  4.466E+007
 4.690E+013  2.602E-009  3.908E+007  4.488E+007
 4.710E+013  2.663E-009  3.919E+007  4.510E+007
 4.730E+013  2.725E-009  3.930E+007  4.532E+007
 4.750E+013  2.789E-009  3.941E+007  4.554E+007
 4.770E+013  2.854E-009  3.953E+007  4.577E+007
 4.790E+013  2.921E-009  3.965E+007  4.599E+007
 4.810E+013  2.989E-009  3.977E+007  4.622E+007
 4.830E+013  3.059E-009  3.990E+007  4.645E+007
 4.850E+013  3.130E-009  4.003E+007  4.668E+007
 4.870E+013  3.203E-009  4.016E+007  4.691E+007
 4.890E+013  3.277E-009  4.030E+007  4.714E+007
 4.910E+013  3.354E-009  4.044E+007  4.737E+007
 4.930E+013  3.432E-009  4.059E+007  4.760E+007
 4.950E+013  3.511E-009  4.074E+007  4.784E+007
 4.970E+013  3.593E-009  4.089E+007  4.808E+007
 4.990E+013  3.677E-009  4.105E+007  4.831E+007
 5.010E+013  3.762E-009  4.122E+007  4.855E+007
 5.030E+013  3.850E-009  4.139E+007  4.879E+007
 5.050E+013  3.939E-009  4.156E+007  4.903E+007
 5.070E+013  4.031E-009  4.174E+007  4.928E+007
 5.090E+013  4.125E-009  4.192E+007  4.952E+007
 5.110E+013  4.221E-009  4.211E+007  4.977E+007
 5.130E+013  4.320E-009  4.231E+007  5.002E+007
 5.150E+013  4.421E-009  4.251E+007  5.027E+007
 5.170E+013  4.524E-009  4.271E+007  5.052E+007
 5.190E+013  4.630E-009  4.293E+007  5.077E+007
 5.210E+013  4.739E-009  4.314E+007  5.103E+007
 5.230E+013  4.850E-009  4.337E+007  5.128E+007
 5.250E+013  4.964E-009  4.360E+007  5.154E+007
 5.270E+013  5.081E-009  4.384E+007  5.180E+007
 5.290E+013  5.202E-009  4.409E+007  5.206E+007
 5.310E+013  5.325E-009  4.434E+007  5.233E+007
 5.330E+013  5.451E-009  4.460E+007  5.259E+007
 5.350E+013  5.581E-009  4.487E+007  5.286E+007
 5.370E+013  5.715E-009  4.515E+007  5.313E+007
 5.390E+013  5.852E-009  4.543E+007  5.340E+007
 5.410E+013  5.992E-009  4.572E+007  5.368E+007
 5.430E+013  6.137E-009  4.603E+007  5.395E+007
 5.450E+013  6.285E-009  4.634E+007  5.423E+007
 5.470E+013  6.438E-009  4.666E+007  5.451E+007
 5.490E+013  6.595E-009  4.699E+007  5.479E+007
 5.510E+013  6.756E-009  4.733E+007  5.508E+007
 5.530E+013  6.922E-009  4.768E+007  5.537E+007
 5.550E+013  7.093E-009  4.805E+007  5.565E+007
 5.570E+013  7.268E-009  4.842E+007  5.595E+007
 5.590E+013  7.449E-009  4.880E+007  5.624E+007
 5.610E+013  7.635E-009  4.920E+007  5.654E+007
 5.630E+013  7.826E-009  4.961E+007  5.684E+007
 5.650E+013  8.024E-009  5.003E+007  5.714E+007
 5.670E+013  8.227E-009  5.047E+007  5.744E+007
 5.690E+013  8.436E-009  5.092E+007  5.775E+007
 5.710E+013  8.652E-009  5.138E+007  5.806E+007
 5.730E+013  8.874E-009  5.186E+007  5.837E+007
 5.750E+013  9.103E-009  5.236E+007  5.869E+007
 5.770E+013  9.339E-009  5.287E+007  5.900E+007
 5.790E+013  9.583E-009  5.339E+007  5.933E+007
 5.810E+013  9.835E-009  5.393E+007  5.965E+007
 5.830E+013  1.009E-008  5.450E+007  5.997E+007
 5.850E+013  1.036E-008  5.508E+007  6.030E+007
 5.870E+013  1.064E-008  5.567E+007  6.064E+007
 5.890E+013  1.093E-008  5.629E+007  6.097E+007
 5.910E+013  1.122E-008  5.693E+007  6.131E+007
 5.930E+013  1.153E-008  5.759E+007  6.165E+007
 5.950E+013  1.184E-008  5.827E+007  6.199E+007
 5.970E+013  1.217E-008  5.898E+007  6.234E+007
 5.990E+013  1.251E-008  5.971E+007  6.269E+007
 6.010E+013  1.286E-008  6.046E+007  6.304E+007
 6.030E+013  1.322E-008  6.124E+007  6.340E+007
 6.050E+013  1.360E-008  6.205E+007  6.376E+007
 6.070E+013  1.399E-008  6.288E+007  6.412E+007
 6.090E+013  1.439E-008  6.375E+007  6.449E+007
 6.110E+013  1.481E-008  6.464E+007  6.486E+007
 6.130E+013  1.524E-008  6.557E+007  6.523E+007
 6.150E+013  1.569E-008  6.652E+007  6.560E+007
 6.170E+013  1.616E-008  6.752E+007  6.598E+007
 6.190E+013  1.665E-008  6.854E+007  6.636E+007
 6.210E+013  1.715E-008  6.961E+007  6.675E+007
 6.230E+013  1.768E-008  7.071E+007  6.714E+007
 6.250E+013  1.822E-008  7.186E+007  6.753E+007
 6.270E+013  1.879E-008  7.304E+007  6.792E+007
 6.290E+013  1.938E-008  7.427E+007  6.832E+007
 6.310E+013  1.999E-008  7.555E+007  6.872E+007
 6.330E+013  2.063E-008  7.687E+007  6.913E+007
 6.350E+013  2.130E-008  7.824E+007  6.953E+007
 6.370E+013  2.199E-008  7.967E+007  6.994E+007
 6.390E+013  2.271E-008  8.115E+007  7.036E+007
 6.410E+013  2.347E-008  8.269E+007  7.078E+007
 6.430E+013  2.425E-008  8.428E+007  7.120E+007
 6.450E+013  2.507E-008  8.594E+007  7.162E+007
 6.470E+013  2.593E-008  8.767E+007  7.205E+007
 6.490E+013  2.682E-008  8.946E+007  7.248E+007
 6.510E+013  2.776E-008  9.132E+007  7.291E+007
 6.530E+013  2.874E-008  9.326E+007  7.334E+007
 6.550E+013  2.976E-008  9.528E+007  7.379E+007
 6.570E+013  3.083E-008  9.737E+007  7.423E+007
 6.590E+013  3.195E-008  9.955E+007  7.466E+007
 6.610E+013  3.314E-008  1.019E+008  7.513E+007
 6.630E+013  3.435E-008  1.042E+008  7.560E+007
 6.650E+013  3.556E-008  1.063E+008  7.596E+007
 6.670E+013  3.705E-008  1.098E+008  7.639E+007
 6.690E+013  3.867E-008  1.139E+008  7.739E+007
 6.710E+013  3.884E-008  1.115E+008  7.768E+007
 6.730E+013  3.486E-008  8.771E+007  7.509E+007
 6.750E+013  2.289E-008  3.570E+007  6.383E+007
 6.770E+013  1.362E-008  4.923E+006  4.020E+007
 6.790E+013  1.054E-008  7.984E+004  1.279E+007
 6.810E+013  1.002E-008  6.888E+001  7.467E+005
 6.830E+013  1.000E-008  6.236E+001  1.123E+003
 6.850E+013  1.000E-008  6.236E+001  1.125E-003
 6.870E+013  1.000E-008  6.236E+001  1.759E-012
 6.890E+013  1.000E-008  6.236E+001  1.851E-033
 6.910E+013  1.000E-008  6.236E+001  4.303E-076
 6.930E+013  1.000E-008  6.236E+001  9.167E-013
 6.950E+013  1.000E-008  6.236E+001 -9.167E-013
 6.970E+013  1.000E-008  6.236E+001  0.000E+000
 6.990E+013  1.000E-008  6.236E+001  0.000E+000
 7.010E+013  1.000E-008  6.236E+001  0.000E+000
 7.030E+013  1.000E-008  6.236E+001  0.000E+000
 7.050E+013  1.000E-008  6.236E+001  0.000E+000
 7.070E+013  1.000E-008  6.236E+001  0.000E+000
 7.090E+013  1.000E-008  6.236E+001  0.000E+000
 7.110E+013  1.000E-008  6.236E+001  0.000E+000
 7.130E+013  1.000E-008  6.236E+001  0.000E+000
 7.150E+013  1.000E-008  6.236E+001  0.000E+000
 7.170E+013  1.000E-008  6.236E+001  0.000E+000
 7.190E+013  1.000E-008  6.236E+001  9.167E-013
 7.210E+013  1.000E-008  6.236E+001 -9.167E-013
 7.230E+013  1.000E-008  6.236E+001  0.000E+000
 7.250E+013  1.000E-008  6.236E+001  0.000E+000
 7.270E+013  1.000E-008  6.236E+001  1.833E-012
 7.290E+013  1.000E-008  6.236E+001 -3.971E-033
 7.310E+013  1.000E-008  6.236E+001 -1.833E-012
 7.330E+013  1.000E-008  6.236E+001 -9.039E-031
 7.350E+013  1.000E-008  6.236E+001 -9.167E-013
 7.370E+013  1.000E-008  6.236E+001  9.167E-013
 7.390E+013  1.000E-008  6.236E+001  9.030E-031
 7.410E+013  1.000E-008  6.236E+001  3.004E-067
 7.430E+013  1.000E-008  6.236E+001  1.551E-140
 7.450E+013  1.000E-008  6.236E+001  2.000E-287
 7.470E+013  1.000E-008  6.236E+001  0.000E+000
 7.490E+013  1.000E-008  6.236E+001  0.000E+000
 7.510E+013  1.000E-008  6.236E+001  0.000E+000
 7.530E+013  1.000E-008  6.236E+001  0.000E+000
 7.550E+013  1.000E-008  6.236E+001  0.000E+000
 7.570E+013  1.000E-008  6.236E+001  0.000E+000
 7.590E+013  1.000E-008  6.236E+001  0.000E+000
 7.610E+013  1.000E-008  6.236E+001  0.000E+000
 7.630E+013  1.000E-008  6.236E+001  0.000E+000
 7.650E+013  1.000E-008  6.236E+001  0.000E+000
 7.670E+013  1.000E-008  6.236E+001  1.833E-012
 7.690E+013  1.000E-008  6.236E+001 -1.833E-012
 7.710E+013  1.000E-008  6.236E+001  2.750E-012
 7.730E+013  1.000E-008  6.236E+001 -2.750E-012
 7.750E+013  1.000E-008  6.236E+001  2.140E-031
 7.770E+013  1.000E-008  6.236E+001  1.833E-012
 7.790E+013  1.000E-008  6.236E+001 -5.500E-012
 7.810E+013  1.000E-008  6.236E+001  5.500E-012
 7.830E+013  1.000E-008  6.236E+001 -1.833E-012
 7.850E+013  1.000E-008  6.236E+001 -2.123E-067
 7.870E+013  1.000E-008  6.236E+001 -7.590E-031
 7.890E+013  1.000E-008  6.236E+001 -9.167E-013
 7.910E+013  1.000E-008  6.236E+001 -4.583E-012
 7.930E+013  1.000E-008  6.236E+001  2.750E-012
 7.950E+013  1.000E-008  6.236E+001  2.750E-012
 7.970E+013  1.000E-008  6.236E+001 -3.667E-012
 7.990E+013  1.000E-008  6.236E+001  3.667E-012
 8.010E+013  1.000E-008  6.236E+001  1.445E-029
 8.030E+013  1.000E-008  6.236E+001  7.692E-065
 8.050E+013  1.000E-008  6.236E+001  1.017E-135
 8.070E+013  1.000E-008  6.236E+001 -9.267E-271
 8.090E+013  1.000E-008  6.236E+001 -3.339E-132
 8.110E+013  1.000E-008  6.236E+001 -4.408E-063
 8.130E+013  1.000E-008  6.236E+001 -1.094E-028
 8.150E+013  1.000E-008  6.236E+001 -1.008E-011
 8.170E+013  1.000E-008  6.236E+001  1.283E-011
 8.190E+013  1.000E-008  6.236E+001 -2.750E-012
 8.210E+013  1.000E-008  6.236E+001  0.000E+000
 8.230E+013  1.000E-008  6.236E+001  0.000E+000
 8.250E+013  1.000E-008  6.236E+001  0.000E+000
 8.270E+013  1.000E-008  6.236E+001  0.000E+000
 8.290E+013  1.000E-008  6.236E+001  3.667E-012
 8.310E+013  1.000E-008  6.236E+001 -3.667E-012
 8.330E+013  1.000E-008  6.236E+001 -8.777E-031
 8.350E+013  1.000E-008  6.236E+001  5.500E-012
 8.370E+013  1.000E-008  6.236E+001 -4.583E-012
 8.390E+013  1.000E-008  6.236E+001 -9.039E-031
 8.410E+013  1.000E-008  6.236E+001 -9.167E-013
 8.430E+013  1.000E-008  6.236E+001  9.167E-013
 8.450E+013  1.000E-008  6.236E+001 -8.563E-034
 8.470E+013  1.000E-008  6.236E+001 -9.167E-013
 8.490E+013  1.000E-008  6.236E+001 -4.262E-034
 8.510E+013  1.000E-008  6.236E+001  9.167E-013
 8.530E+013  1.000E-008  6.236E+001 -8.483E-034
 8.550E+013  1.000E-008  6.236E+001 -9.167E-013
 8.570E+013  1.000E-008  6.236E+001 -4.222E-034
 8.590E+013  1.000E-008  6.236E+001  9.167E-013
 8.610E+013  1.000E-008  6.236E+001 -9.167E-013
 8.630E+013  1.000E-008  6.236E+001  0.000E+000
 8.650E+013  1.000E-008  6.236E+001  0.000E+000
 8.670E+013  1.000E-008  6.236E+001  0.000E+000
 8.690E+013  1.000E-008  6.236E+001  0.000E+000
 8.710E+013  1.000E-008  6.236E+001  0.000E+000
 8.730E+013  1.000E-008  6.236E+001  0.000E+000
 8.750E+013  1.000E-008  6.236E+001  9.167E-013
 8.770E+013  1.000E-008  6.236E+001 -9.167E-013
 8.790E+013  1.000E-008  6.236E+001 -4.116E-034
 8.810E+013  1.000E-008  6.236E+001  9.167E-013
 8.830E+013  1.000E-008  6.236E+001 -9.167E-013
 8.850E+013  1.000E-008  6.236E+001  9.167E-013
 8.870E+013  1.000E-008  6.236E+001  9.167E-013
 8.890E+013  1.000E-008  6.236E+001 -1.833E-012
 8.910E+013  1.000E-008  6.236E+001  0.000E+000
 8.930E+013  1.000E-008  6.236E+001  0.000E+000
 8.950E+013  1.000E-008  6.236E+001  0.000E+000
 8.970E+013  1.000E-008  6.236E+001  0.000E+000
 8.990E+013  1.000E-008  6.236E+001  0.000E+000
 9.010E+013  1.000E-008  6.236E+001  9.167E-013
 9.030E+013  1.000E-008  6.236E+001 -8.013E-034
 9.050E+013  1.000E-008  6.236E+001 -9.167E-013
 9.070E+013  1.000E-008  6.236E+001  9.167E-013
 9.090E+013  1.000E-008  6.236E+001 -7.960E-034
 9.110E+013  1.000E-008  6.236E+001 -9.167E-013
 9.130E+013  1.000E-008  6.236E+001  0.000E+000
 9.150E+013  1.000E-008  6.236E+001  0.000E+000
 9.170E+013  1.000E-008  6.236E+001  0.000E+000
 9.190E+013  1.000E-008  6.236E+001  0.000E+000
 9.210E+013  1.000E-008  6.236E+001  0.000E+000
 9.230E+013  1.000E-008  6.236E+001  9.167E-013
 9.250E+013  1.000E-008  6.236E+001 -7.822E-034
 9.270E+013  1.000E-008  6.236E+001 -9.167E-013
 9.290E+013  1.000E-008  6.236E+001  0.000E+000
 9.310E+013  1.000E-008  6.236E+001  0.000E+000
 9.330E+013  1.000E-008  6.236E+001  0.000E+000
 9.350E+013  1.000E-008  6.236E+001  0.000E+000
 9.370E+013  1.000E-008  6.236E+001  9.167E-013
 9.390E+013  1.000E-008  6.236E+001 -9.167E-013
 9.410E+013  1.000E-008  6.236E+001  9.167E-013
 9.430E+013  1.000E-008  6.236E+001 -9.167E-013
 9.450E+013  1.000E-008  6.236E+001  0.000E+000
 9.470E+013  1.000E-008  6.236E+001  0.000E+000
 9.490E+013  1.000E-008  6.236E+001  0.000E+000
 9.510E+013  1.000E-008  6.236E+001  0.000E+000
 9.530E+013  1.000E-008  6.236E+001  9.167E-013
 9.550E+013  1.000E-008  6.236E+001 -9.167E-013
 9.570E+013  1.000E-008  6.236E+001 -3.010E-067
 9.590E+013  1.000E-008  6.236E+001 -9.038E-031
 9.610E+013  1.000E-008  6.236E+001 -9.167E-013
 9.630E+013  1.000E-008  6.236E+001  9.167E-013
 9.650E+013  1.000E-008  6.236E+001  9.031E-031
 9.670E+013  1.000E-008  6.236E+001  9.167E-013
 9.690E+013  1.000E-008  6.236E+001 -9.167E-013
 9.710E+013  1.000E-008  6.236E+001  0.000E+000
 9.730E+013  1.000E-008  6.236E+001  0.000E+000
 9.750E+013  1.000E-008  6.236E+001  0.000E+000
 9.770E+013  1.000E-008  6.236E+001  0.000E+000
 9.790E+013  1.000E-008  6.236E+001  0.000E+000
 9.810E+013  1.000E-008  6.236E+001  0.000E+000
 9.830E+013  1.000E-008  6.236E+001  0.000E+000
 9.850E+013  1.000E-008  6.236E+001  0.000E+000
 9.870E+013  1.000E-008  6.236E+001  0.000E+000
 9.890E+013  1.000E-008  6.236E+001  0.000E+000
 9.910E+013  1.000E-008  6.236E+001  0.000E+000
 9.930E+013  1.000E-008  6.236E+001  0.000E+000
 9.950E+013  1.000E-008  6.236E+001  9.167E-013
 9.970E+013  1.000E-008  6.236E+001 -9.167E-013
 9.990E+013  1.000E-008  6.236E+001  0.000E+000
 1.001E+014  1.000E-099  1.000E-099  0.000E+000
 1.003E+014  1.000E-099  1.000E-099  0.000E+000
 8.182E-003
