 2.041E+005
     x1b        dens       energ       v1
 1.000E+011  1.582E-011  7.572E+006  0.000E+000
 3.000E+011  1.587E-011  7.576E+006  2.146E+005
 5.000E+011  1.603E-011  7.575E+006  4.798E+005
 7.000E+011  1.633E-011  7.575E+006  7.030E+005
 9.000E+011  1.673E-011  7.575E+006  9.447E+005
 1.100E+012  1.721E-011  7.575E+006  1.178E+006
 1.300E+012  1.772E-011  7.575E+006  1.415E+006
 1.500E+012  1.824E-011  7.575E+006  1.650E+006
 1.700E+012  1.873E-011  7.575E+006  1.886E+006
 1.900E+012  1.914E-011  7.575E+006  2.121E+006
 2.100E+012  1.938E-011  7.575E+006  2.357E+006
 2.300E+012  1.944E-011  7.575E+006  2.592E+006
 2.500E+012  1.944E-011  7.575E+006  2.828E+006
 2.700E+012  1.944E-011  7.575E+006  3.064E+006
 2.900E+012  1.942E-011  7.576E+006  3.300E+006
 3.100E+012  1.940E-011  7.576E+006  3.535E+006
 3.300E+012  1.936E-011  7.576E+006  3.771E+006
 3.500E+012  1.933E-011  7.576E+006  4.007E+006
 3.700E+012  1.933E-011  7.576E+006  4.242E+006
 3.900E+012  1.933E-011  7.576E+006  4.478E+006
 4.100E+012  1.934E-011  7.576E+006  4.714E+006
 4.300E+012  1.937E-011  7.576E+006  4.949E+006
 4.500E+012  1.942E-011  7.576E+006  5.185E+006
 4.700E+012  1.952E-011  7.576E+006  5.421E+006
 4.900E+012  1.967E-011  7.577E+006  5.657E+006
 5.100E+012  1.989E-011  7.577E+006  5.892E+006
 5.300E+012  2.021E-011  7.577E+006  6.128E+006
 5.500E+012  2.063E-011  7.577E+006  6.364E+006
 5.700E+012  2.119E-011  7.577E+006  6.600E+006
 5.900E+012  2.191E-011  7.577E+006  6.836E+006
 6.100E+012  2.282E-011  7.577E+006  7.072E+006
 6.300E+012  2.397E-011  7.578E+006  7.309E+006
 6.500E+012  2.540E-011  7.578E+006  7.546E+006
 6.700E+012  2.717E-011  7.578E+006  7.783E+006
 6.900E+012  2.936E-011  7.578E+006  8.020E+006
 7.100E+012  3.204E-011  7.579E+006  8.258E+006
 7.300E+012  3.533E-011  7.579E+006  8.496E+006
 7.500E+012  3.933E-011  7.579E+006  8.735E+006
 7.700E+012  4.421E-011  7.580E+006  8.974E+006
 7.900E+012  5.010E-011  7.580E+006  9.213E+006
 8.100E+012  5.717E-011  7.581E+006  9.452E+006
 8.300E+012  6.560E-011  7.581E+006  9.691E+006
 8.500E+012  7.552E-011  7.582E+006  9.929E+006
 8.700E+012  8.707E-011  7.583E+006  1.017E+007
 8.900E+012  1.003E-010  7.584E+006  1.040E+007
 9.100E+012  1.152E-010  7.586E+006  1.064E+007
 9.300E+012  1.317E-010  7.587E+006  1.087E+007
 9.500E+012  1.496E-010  7.589E+006  1.111E+007
 9.700E+012  1.687E-010  7.591E+006  1.134E+007
 9.900E+012  1.888E-010  7.593E+006  1.158E+007
 1.010E+013  2.098E-010  7.596E+006  1.181E+007
 1.030E+013  2.315E-010  7.599E+006  1.205E+007
 1.050E+013  2.538E-010  7.602E+006  1.228E+007
 1.070E+013  2.766E-010  7.606E+006  1.252E+007
 1.090E+013  3.002E-010  7.610E+006  1.275E+007
 1.110E+013  3.244E-010  7.615E+006  1.299E+007
 1.130E+013  3.496E-010  7.620E+006  1.323E+007
 1.150E+013  3.759E-010  7.625E+006  1.346E+007
 1.170E+013  4.036E-010  7.631E+006  1.370E+007
 1.190E+013  4.328E-010  7.638E+006  1.394E+007
 1.210E+013  4.639E-010  7.645E+006  1.418E+007
 1.230E+013  4.971E-010  7.653E+006  1.442E+007
 1.250E+013  5.328E-010  7.661E+006  1.466E+007
 1.270E+013  5.712E-010  7.670E+006  1.490E+007
 1.290E+013  6.125E-010  7.680E+006  1.514E+007
 1.310E+013  6.570E-010  7.691E+006  1.538E+007
 1.330E+013  7.049E-010  7.703E+006  1.563E+007
 1.350E+013  7.564E-010  7.716E+006  1.587E+007
 1.370E+013  8.114E-010  7.730E+006  1.611E+007
 1.390E+013  8.702E-010  7.746E+006  1.636E+007
 1.410E+013  9.327E-010  7.763E+006  1.660E+007
 1.430E+013  9.988E-010  7.781E+006  1.685E+007
 1.450E+013  1.069E-009  7.801E+006  1.710E+007
 1.470E+013  1.142E-009  7.822E+006  1.735E+007
 1.490E+013  1.219E-009  7.846E+006  1.760E+007
 1.510E+013  1.300E-009  7.871E+006  1.785E+007
 1.530E+013  1.385E-009  7.899E+006  1.810E+007
 1.550E+013  1.473E-009  7.928E+006  1.836E+007
 1.570E+013  1.567E-009  7.960E+006  1.861E+007
 1.590E+013  1.665E-009  7.994E+006  1.887E+007
 1.610E+013  1.769E-009  8.032E+006  1.913E+007
 1.630E+013  1.879E-009  8.071E+006  1.939E+007
 1.650E+013  1.996E-009  8.114E+006  1.966E+007
 1.670E+013  2.120E-009  8.161E+006  1.992E+007
 1.690E+013  2.252E-009  8.211E+006  2.019E+007
 1.710E+013  2.393E-009  8.265E+006  2.047E+007
 1.730E+013  2.544E-009  8.323E+006  2.074E+007
 1.750E+013  2.705E-009  8.385E+006  2.102E+007
 1.770E+013  2.877E-009  8.453E+006  2.130E+007
 1.790E+013  3.060E-009  8.526E+006  2.158E+007
 1.810E+013  3.255E-009  8.604E+006  2.187E+007
 1.830E+013  3.464E-009  8.689E+006  2.216E+007
 1.850E+013  3.686E-009  8.781E+006  2.246E+007
 1.870E+013  3.923E-009  8.880E+006  2.276E+007
 1.890E+013  4.175E-009  8.987E+006  2.307E+007
 1.910E+013  4.444E-009  9.103E+006  2.338E+007
 1.930E+013  4.732E-009  9.228E+006  2.370E+007
 1.950E+013  5.040E-009  9.364E+006  2.402E+007
 1.970E+013  5.370E-009  9.510E+006  2.435E+007
 1.990E+013  5.723E-009  9.669E+006  2.468E+007
 2.010E+013  6.103E-009  9.841E+006  2.503E+007
 2.030E+013  6.511E-009  1.003E+007  2.538E+007
 2.050E+013  6.951E-009  1.023E+007  2.574E+007
 2.070E+013  7.426E-009  1.045E+007  2.610E+007
 2.090E+013  7.938E-009  1.069E+007  2.648E+007
 2.110E+013  8.492E-009  1.095E+007  2.686E+007
 2.130E+013  9.092E-009  1.124E+007  2.726E+007
 2.150E+013  9.744E-009  1.155E+007  2.766E+007
 2.170E+013  1.045E-008  1.188E+007  2.808E+007
 2.190E+013  1.123E-008  1.225E+007  2.850E+007
 2.210E+013  1.207E-008  1.265E+007  2.894E+007
 2.230E+013  1.300E-008  1.309E+007  2.938E+007
 2.250E+013  1.402E-008  1.358E+007  2.984E+007
 2.270E+013  1.514E-008  1.410E+007  3.030E+007
 2.290E+013  1.639E-008  1.468E+007  3.078E+007
 2.310E+013  1.777E-008  1.532E+007  3.127E+007
 2.330E+013  1.930E-008  1.602E+007  3.177E+007
 2.350E+013  2.101E-008  1.679E+007  3.226E+007
 2.370E+013  2.296E-008  1.768E+007  3.280E+007
 2.390E+013  2.510E-008  1.861E+007  3.337E+007
 2.410E+013  2.736E-008  1.950E+007  3.380E+007
 2.430E+013  3.036E-008  2.104E+007  3.431E+007
 2.450E+013  3.394E-008  2.310E+007  3.550E+007
 2.470E+013  3.470E-008  2.215E+007  3.587E+007
 2.490E+013  3.005E-008  1.505E+007  3.375E+007
 2.510E+013  1.866E-008  4.431E+006  2.644E+007
 2.530E+013  1.203E-008  3.533E+005  1.396E+007
 2.550E+013  1.020E-008  1.373E+003  2.842E+006
 2.570E+013  1.000E-008  6.238E+001  5.645E+004
 2.590E+013  1.000E-008  6.236E+001  8.855E+000
 2.610E+013  1.000E-008  6.236E+001  2.233E-007
 2.630E+013  1.000E-008  6.236E+001 -1.450E-012
 2.650E+013  1.000E-008  6.236E+001  1.450E-012
 2.670E+013  1.000E-008  6.236E+001  1.788E-030
 2.690E+013  1.000E-008  6.236E+001  9.303E-067
 2.710E+013  1.000E-008  6.236E+001  7.252E-013
 2.730E+013  1.000E-008  6.236E+001 -7.252E-013
 2.750E+013  1.000E-008  6.236E+001  2.176E-012
 2.770E+013  1.000E-008  6.236E+001 -2.176E-012
 2.790E+013  1.000E-008  6.236E+001  0.000E+000
 2.810E+013  1.000E-008  6.236E+001  0.000E+000
 2.830E+013  1.000E-008  6.236E+001  3.626E-012
 2.850E+013  1.000E-008  6.236E+001 -7.252E-013
 2.870E+013  1.000E-008  6.236E+001 -2.901E-012
 2.890E+013  1.000E-008  6.236E+001 -7.011E-031
 2.910E+013  1.000E-008  6.236E+001  5.076E-012
 2.930E+013  1.000E-008  6.236E+001 -5.076E-012
 2.950E+013  1.000E-008  6.236E+001  0.000E+000
 2.970E+013  1.000E-008  6.236E+001  0.000E+000
 2.990E+013  1.000E-008  6.236E+001  0.000E+000
 3.010E+013  1.000E-008  6.236E+001  7.252E-013
 3.030E+013  1.000E-008  6.236E+001 -7.252E-013
 3.050E+013  1.000E-008  6.236E+001  7.252E-013
 3.070E+013  1.000E-008  6.236E+001 -7.252E-013
 3.090E+013  1.000E-008  6.236E+001  7.252E-013
 3.110E+013  1.000E-008  6.236E+001  7.252E-013
 3.130E+013  1.000E-008  6.236E+001 -1.450E-012
 3.150E+013  1.000E-008  6.236E+001  0.000E+000
 3.170E+013  1.000E-008  6.236E+001  0.000E+000
 3.190E+013  1.000E-008  6.236E+001  0.000E+000
 3.210E+013  1.000E-008  6.236E+001  0.000E+000
 3.230E+013  1.000E-008  6.236E+001  0.000E+000
 3.250E+013  1.000E-008  6.236E+001  0.000E+000
 3.270E+013  1.000E-008  6.236E+001 -1.396E-290
 3.290E+013  1.000E-008  6.236E+001 -4.628E-142
 3.310E+013  1.000E-008  6.236E+001 -5.846E-068
 3.330E+013  1.000E-008  6.236E+001 -4.482E-031
 3.350E+013  1.000E-008  6.236E+001 -7.252E-013
 3.370E+013  1.000E-008  6.236E+001  7.252E-013
 3.390E+013  1.000E-008  6.236E+001  4.471E-031
 3.410E+013  1.000E-008  6.236E+001  5.818E-068
 3.430E+013  1.000E-008  6.236E+001  4.584E-142
 3.450E+013  1.000E-008  6.236E+001  1.450E-012
 3.470E+013  1.000E-008  6.236E+001 -1.450E-012
 3.490E+013  1.000E-008  6.236E+001  0.000E+000
 3.510E+013  1.000E-008  6.236E+001  0.000E+000
 3.530E+013  1.000E-008  6.236E+001  0.000E+000
 3.550E+013  1.000E-008  6.236E+001  0.000E+000
 3.570E+013  1.000E-008  6.236E+001  1.450E-012
 3.590E+013  1.000E-008  6.236E+001 -7.252E-013
 3.610E+013  1.000E-008  6.236E+001 -4.482E-031
 3.630E+013  1.000E-008  6.236E+001 -7.252E-013
 3.650E+013  1.000E-008  6.236E+001 -7.252E-013
 3.670E+013  1.000E-008  6.236E+001  7.252E-013
 3.690E+013  1.000E-008  6.236E+001  7.252E-013
 3.710E+013  1.000E-008  6.236E+001 -7.252E-013
 3.730E+013  1.000E-008  6.236E+001 -4.814E-034
 3.750E+013  1.000E-008  6.236E+001  7.252E-013
 3.770E+013  1.000E-008  6.236E+001 -7.252E-013
 3.790E+013  1.000E-008  6.236E+001  0.000E+000
 3.810E+013  1.000E-008  6.236E+001  0.000E+000
 3.830E+013  1.000E-008  6.236E+001  7.252E-013
 3.850E+013  1.000E-008  6.236E+001 -7.252E-013
 3.870E+013  1.000E-008  6.236E+001 -4.481E-031
 3.890E+013  1.000E-008  6.236E+001 -7.252E-013
 3.910E+013  1.000E-008  6.236E+001 -1.357E-031
 3.930E+013  1.000E-008  6.236E+001  2.176E-012
 3.950E+013  1.000E-008  6.236E+001 -7.252E-013
 3.970E+013  1.000E-008  6.236E+001  2.176E-012
 3.990E+013  1.000E-008  6.236E+001 -2.901E-012
 4.010E+013  1.000E-008  6.236E+001  0.000E+000
 4.030E+013  1.000E-008  6.236E+001  0.000E+000
 4.050E+013  1.000E-008  6.236E+001  0.000E+000
 4.070E+013  1.000E-008  6.236E+001  0.000E+000
 4.090E+013  1.000E-008  6.236E+001  2.681E-011
 4.110E+013  1.000E-008  6.236E+001 -2.681E-011
 4.130E+013  1.000E-008  6.236E+001  1.885E-011
 4.150E+013  1.000E-008  6.236E+001 -1.885E-011
 4.170E+013  1.000E-008  6.236E+001  6.527E-012
 4.190E+013  1.000E-008  6.236E+001 -5.801E-012
 4.210E+013  1.000E-008  6.236E+001 -4.481E-031
 4.230E+013  1.000E-008  6.236E+001 -7.252E-013
 4.250E+013  1.000E-008  6.236E+001  0.000E+000
 4.270E+013  1.000E-008  6.236E+001  0.000E+000
 4.290E+013  1.000E-008  6.236E+001  0.000E+000
 4.310E+013  1.000E-008  6.236E+001  0.000E+000
 4.330E+013  1.000E-008  6.236E+001  0.000E+000
 4.350E+013  1.000E-008  6.236E+001  0.000E+000
 4.370E+013  1.000E-008  6.236E+001  0.000E+000
 4.390E+013  1.000E-008  6.236E+001  0.000E+000
 4.410E+013  1.000E-008  6.236E+001  0.000E+000
 4.430E+013  1.000E-008  6.236E+001  0.000E+000
 4.450E+013  1.000E-008  6.236E+001  0.000E+000
 4.470E+013  1.000E-008  6.236E+001  7.252E-013
 4.490E+013  1.000E-008  6.236E+001 -7.994E-034
 4.510E+013  1.000E-008  6.236E+001 -7.252E-013
 4.530E+013  1.000E-008  6.236E+001 -1.392E-290
 4.550E+013  1.000E-008  6.236E+001 -4.622E-142
 4.570E+013  1.000E-008  6.236E+001 -5.842E-068
 4.590E+013  1.000E-008  6.236E+001 -4.481E-031
 4.610E+013  1.000E-008  6.236E+001 -7.252E-013
 4.630E+013  1.000E-008  6.236E+001  7.252E-013
 4.650E+013  1.000E-008  6.236E+001  7.252E-013
 4.670E+013  1.000E-008  6.236E+001 -7.252E-013
 4.690E+013  1.000E-008  6.236E+001  7.252E-013
 4.710E+013  1.000E-008  6.236E+001 -7.252E-013
 4.730E+013  1.000E-008  6.236E+001  0.000E+000
 4.750E+013  1.000E-008  6.236E+001  0.000E+000
 4.770E+013  1.000E-008  6.236E+001  0.000E+000
 4.790E+013  1.000E-008  6.236E+001  7.252E-013
 4.810E+013  1.000E-008  6.236E+001 -7.252E-013
 4.830E+013  1.000E-008  6.236E+001 -3.715E-034
 4.850E+013  1.000E-008  6.236E+001  7.252E-013
 4.870E+013  1.000E-008  6.236E+001 -7.252E-013
 4.890E+013  1.000E-008  6.236E+001  0.000E+000
 4.910E+013  1.000E-008  6.236E+001  0.000E+000
 4.930E+013  1.000E-008  6.236E+001  0.000E+000
 4.950E+013  1.000E-008  6.236E+001  0.000E+000
 4.970E+013  1.000E-008  6.236E+001  0.000E+000
 4.990E+013  1.000E-008  6.236E+001  1.450E-012
 5.010E+013  1.000E-008  6.236E+001 -2.176E-012
 5.030E+013  1.000E-008  6.236E+001  7.252E-013
 5.050E+013  1.000E-008  6.236E+001  4.473E-031
 5.070E+013  1.000E-008  6.236E+001  5.823E-068
 5.090E+013  1.000E-008  6.236E+001  4.591E-142
 5.110E+013  1.000E-008  6.236E+001  7.252E-013
 5.130E+013  1.000E-008  6.236E+001 -7.252E-013
 5.150E+013  1.000E-008  6.236E+001  0.000E+000
 5.170E+013  1.000E-008  6.236E+001  0.000E+000
 5.190E+013  1.000E-008  6.236E+001 -1.391E-290
 5.210E+013  1.000E-008  6.236E+001 -4.620E-142
 5.230E+013  1.000E-008  6.236E+001 -5.841E-068
 5.250E+013  1.000E-008  6.236E+001 -4.480E-031
 5.270E+013  1.000E-008  6.236E+001 -7.252E-013
 5.290E+013  1.000E-008  6.236E+001  7.252E-013
 5.310E+013  1.000E-008  6.236E+001  4.473E-031
 5.330E+013  1.000E-008  6.236E+001  5.823E-068
 5.350E+013  1.000E-008  6.236E+001  1.450E-012
 5.370E+013  1.000E-008  6.236E+001 -1.450E-012
 5.390E+013  1.000E-008  6.236E+001  5.902E-032
 5.410E+013  1.000E-008  6.236E+001  7.252E-013
 5.430E+013  1.000E-008  6.236E+001  7.252E-013
 5.450E+013  1.000E-008  6.236E+001  7.252E-013
 5.470E+013  1.000E-008  6.236E+001 -2.176E-012
 5.490E+013  1.000E-008  6.236E+001 -4.480E-031
 5.510E+013  1.000E-008  6.236E+001 -7.252E-013
 5.530E+013  1.000E-008  6.236E+001  1.450E-012
 5.550E+013  1.000E-008  6.236E+001 -2.901E-012
 5.570E+013  1.000E-008  6.236E+001  1.450E-012
 5.590E+013  1.000E-008  6.236E+001  7.252E-013
 5.610E+013  1.000E-008  6.236E+001 -7.252E-013
 5.630E+013  1.000E-008  6.236E+001  7.252E-013
 5.650E+013  1.000E-008  6.236E+001 -4.351E-012
 5.670E+013  1.000E-008  6.236E+001  4.351E-012
 5.690E+013  1.000E-008  6.236E+001  4.351E-012
 5.710E+013  1.000E-008  6.236E+001 -4.351E-012
 5.730E+013  1.000E-008  6.236E+001  5.076E-012
 5.750E+013  1.000E-008  6.236E+001 -1.088E-011
 5.770E+013  1.000E-008  6.236E+001 -7.251E-013
 5.790E+013  1.000E-008  6.236E+001  6.526E-012
 5.810E+013  1.000E-008  6.236E+001  3.476E-011
 5.830E+013  1.000E-008  6.236E+001 -3.476E-011
 5.850E+013  1.000E-008  6.236E+001  0.000E+000
 5.870E+013  1.000E-008  6.236E+001  0.000E+000
 5.890E+013  1.000E-008  6.236E+001  0.000E+000
 5.910E+013  1.000E-008  6.236E+001  0.000E+000
 5.930E+013  1.000E-008  6.236E+001  0.000E+000
 5.950E+013  1.000E-008  6.236E+001  0.000E+000
 5.970E+013  1.000E-008  6.236E+001  0.000E+000
 5.990E+013  1.000E-008  6.236E+001  0.000E+000
 6.010E+013  1.000E-008  6.236E+001  0.000E+000
 6.030E+013  1.000E-008  6.236E+001  7.252E-013
 6.050E+013  1.000E-008  6.236E+001 -7.252E-013
 6.070E+013  1.000E-008  6.236E+001  7.252E-013
 6.090E+013  1.000E-008  6.236E+001 -7.252E-013
 6.110E+013  1.000E-008  6.236E+001  0.000E+000
 6.130E+013  1.000E-008  6.236E+001  0.000E+000
 6.150E+013  1.000E-008  6.236E+001  0.000E+000
 6.170E+013  1.000E-008  6.236E+001  7.252E-013
 6.190E+013  1.000E-008  6.236E+001 -7.252E-013
 6.210E+013  1.000E-008  6.236E+001  0.000E+000
 6.230E+013  1.000E-008  6.236E+001  0.000E+000
 6.250E+013  1.000E-008  6.236E+001  0.000E+000
 6.270E+013  1.000E-008  6.236E+001  0.000E+000
 6.290E+013  1.000E-008  6.236E+001  0.000E+000
 6.310E+013  1.000E-008  6.236E+001  0.000E+000
 6.330E+013  1.000E-008  6.236E+001  0.000E+000
 6.350E+013  1.000E-008  6.236E+001  7.252E-013
 6.370E+013  1.000E-008  6.236E+001 -7.252E-013
 6.390E+013  1.000E-008  6.236E+001  0.000E+000
 6.410E+013  1.000E-008  6.236E+001  0.000E+000
 6.430E+013  1.000E-008  6.236E+001  0.000E+000
 6.450E+013  1.000E-008  6.236E+001  0.000E+000
 6.470E+013  1.000E-008  6.236E+001  7.252E-013
 6.490E+013  1.000E-008  6.236E+001 -7.252E-013
 6.510E+013  1.000E-008  6.236E+001  0.000E+000
 6.530E+013  1.000E-008  6.236E+001  0.000E+000
 6.550E+013  1.000E-008  6.236E+001  0.000E+000
 6.570E+013  1.000E-008  6.236E+001  0.000E+000
 6.590E+013  1.000E-008  6.236E+001  7.252E-013
 6.610E+013  1.000E-008  6.236E+001 -7.252E-013
 6.630E+013  1.000E-008  6.236E+001  0.000E+000
 6.650E+013  1.000E-008  6.236E+001  0.000E+000
 6.670E+013  1.000E-008  6.236E+001  0.000E+000
 6.690E+013  1.000E-008  6.236E+001  7.252E-013
 6.710E+013  1.000E-008  6.236E+001 -7.252E-013
 6.730E+013  1.000E-008  6.236E+001  0.000E+000
 6.750E+013  1.000E-008  6.236E+001  0.000E+000
 6.770E+013  1.000E-008  6.236E+001  7.252E-013
 6.790E+013  1.000E-008  6.236E+001 -7.252E-013
 6.810E+013  1.000E-008  6.236E+001  7.252E-013
 6.830E+013  1.000E-008  6.236E+001 -5.251E-034
 6.850E+013  1.000E-008  6.236E+001 -7.252E-013
 6.870E+013  1.000E-008  6.236E+001  0.000E+000
 6.890E+013  1.000E-008  6.236E+001  0.000E+000
 6.910E+013  1.000E-008  6.236E+001  0.000E+000
 6.930E+013  1.000E-008  6.236E+001  7.252E-013
 6.950E+013  1.000E-008  6.236E+001 -7.252E-013
 6.970E+013  1.000E-008  6.236E+001  0.000E+000
 6.990E+013  1.000E-008  6.236E+001  0.000E+000
 7.010E+013  1.000E-008  6.236E+001  0.000E+000
 7.030E+013  1.000E-008  6.236E+001  0.000E+000
 7.050E+013  1.000E-008  6.236E+001  0.000E+000
 7.070E+013  1.000E-008  6.236E+001  0.000E+000
 7.090E+013  1.000E-008  6.236E+001  0.000E+000
 7.110E+013  1.000E-008  6.236E+001  0.000E+000
 7.130E+013  1.000E-008  6.236E+001  0.000E+000
 7.150E+013  1.000E-008  6.236E+001  0.000E+000
 7.170E+013  1.000E-008  6.236E+001  0.000E+000
 7.190E+013  1.000E-008  6.236E+001  7.252E-013
 7.210E+013  1.000E-008  6.236E+001 -7.252E-013
 7.230E+013  1.000E-008  6.236E+001  0.000E+000
 7.250E+013  1.000E-008  6.236E+001  0.000E+000
 7.270E+013  1.000E-008  6.236E+001  1.450E-012
 7.290E+013  1.000E-008  6.236E+001 -1.968E-033
 7.310E+013  1.000E-008  6.236E+001 -1.450E-012
 7.330E+013  1.000E-008  6.236E+001 -4.479E-031
 7.350E+013  1.000E-008  6.236E+001 -7.252E-013
 7.370E+013  1.000E-008  6.236E+001  7.252E-013
 7.390E+013  1.000E-008  6.236E+001  4.474E-031
 7.410E+013  1.000E-008  6.236E+001  5.826E-068
 7.430E+013  1.000E-008  6.236E+001  4.596E-142
 7.450E+013  1.000E-008  6.236E+001  1.376E-290
 7.470E+013  1.000E-008  6.236E+001  0.000E+000
 7.490E+013  1.000E-008  6.236E+001  0.000E+000
 7.510E+013  1.000E-008  6.236E+001  0.000E+000
 7.530E+013  1.000E-008  6.236E+001  0.000E+000
 7.550E+013  1.000E-008  6.236E+001  0.000E+000
 7.570E+013  1.000E-008  6.236E+001  0.000E+000
 7.590E+013  1.000E-008  6.236E+001  0.000E+000
 7.610E+013  1.000E-008  6.236E+001  0.000E+000
 7.630E+013  1.000E-008  6.236E+001  0.000E+000
 7.650E+013  1.000E-008  6.236E+001  0.000E+000
 7.670E+013  1.000E-008  6.236E+001  1.450E-012
 7.690E+013  1.000E-008  6.236E+001 -1.450E-012
 7.710E+013  1.000E-008  6.236E+001  2.176E-012
 7.730E+013  1.000E-008  6.236E+001 -2.176E-012
 7.750E+013  1.000E-008  6.236E+001  1.061E-031
 7.770E+013  1.000E-008  6.236E+001  1.450E-012
 7.790E+013  1.000E-008  6.236E+001 -4.351E-012
 7.810E+013  1.000E-008  6.236E+001  4.351E-012
 7.830E+013  1.000E-008  6.236E+001 -1.450E-012
 7.850E+013  1.000E-008  6.236E+001 -4.116E-068
 7.870E+013  1.000E-008  6.236E+001 -3.761E-031
 7.890E+013  1.000E-008  6.236E+001 -7.252E-013
 7.910E+013  1.000E-008  6.236E+001 -3.626E-012
 7.930E+013  1.000E-008  6.236E+001  2.176E-012
 7.950E+013  1.000E-008  6.236E+001  2.176E-012
 7.970E+013  1.000E-008  6.236E+001 -2.901E-012
 7.990E+013  1.000E-008  6.236E+001  2.901E-012
 8.010E+013  1.000E-008  6.236E+001  7.159E-030
 8.030E+013  1.000E-008  6.236E+001  1.492E-065
 8.050E+013  1.000E-008  6.236E+001  3.012E-137
 8.070E+013  1.000E-008  6.236E+001 -6.367E-274
 8.090E+013  1.000E-008  6.236E+001 -9.886E-134
 8.110E+013  1.000E-008  6.236E+001 -8.544E-064
 8.130E+013  1.000E-008  6.236E+001 -5.419E-029
 8.150E+013  1.000E-008  6.236E+001 -7.977E-012
 8.170E+013  1.000E-008  6.236E+001  1.015E-011
 8.190E+013  1.000E-008  6.236E+001 -2.176E-012
 8.210E+013  1.000E-008  6.236E+001  0.000E+000
 8.230E+013  1.000E-008  6.236E+001  0.000E+000
 8.250E+013  1.000E-008  6.236E+001  0.000E+000
 8.270E+013  1.000E-008  6.236E+001  0.000E+000
 8.290E+013  1.000E-008  6.236E+001  2.901E-012
 8.310E+013  1.000E-008  6.236E+001 -2.901E-012
 8.330E+013  1.000E-008  6.236E+001 -4.349E-031
 8.350E+013  1.000E-008  6.236E+001  4.351E-012
 8.370E+013  1.000E-008  6.236E+001 -3.626E-012
 8.390E+013  1.000E-008  6.236E+001 -4.479E-031
 8.410E+013  1.000E-008  6.236E+001 -7.252E-013
 8.430E+013  1.000E-008  6.236E+001  7.252E-013
 8.450E+013  1.000E-008  6.236E+001 -4.243E-034
 8.470E+013  1.000E-008  6.236E+001 -7.252E-013
 8.490E+013  1.000E-008  6.236E+001 -2.112E-034
 8.510E+013  1.000E-008  6.236E+001  7.252E-013
 8.530E+013  1.000E-008  6.236E+001 -4.204E-034
 8.550E+013  1.000E-008  6.236E+001 -7.252E-013
 8.570E+013  1.000E-008  6.236E+001 -2.092E-034
 8.590E+013  1.000E-008  6.236E+001  7.252E-013
 8.610E+013  1.000E-008  6.236E+001 -7.252E-013
 8.630E+013  1.000E-008  6.236E+001  0.000E+000
 8.650E+013  1.000E-008  6.236E+001  0.000E+000
 8.670E+013  1.000E-008  6.236E+001  0.000E+000
 8.690E+013  1.000E-008  6.236E+001  0.000E+000
 8.710E+013  1.000E-008  6.236E+001  0.000E+000
 8.730E+013  1.000E-008  6.236E+001  0.000E+000
 8.750E+013  1.000E-008  6.236E+001  7.252E-013
 8.770E+013  1.000E-008  6.236E+001 -7.252E-013
 8.790E+013  1.000E-008  6.236E+001 -2.040E-034
 8.810E+013  1.000E-008  6.236E+001  7.252E-013
 8.830E+013  1.000E-008  6.236E+001 -7.252E-013
 8.850E+013  1.000E-008  6.236E+001  7.252E-013
 8.870E+013  1.000E-008  6.236E+001  7.252E-013
 8.890E+013  1.000E-008  6.236E+001 -1.450E-012
 8.910E+013  1.000E-008  6.236E+001  0.000E+000
 8.930E+013  1.000E-008  6.236E+001  0.000E+000
 8.950E+013  1.000E-008  6.236E+001  0.000E+000
 8.970E+013  1.000E-008  6.236E+001  0.000E+000
 8.990E+013  1.000E-008  6.236E+001  0.000E+000
 9.010E+013  1.000E-008  6.236E+001  7.252E-013
 9.030E+013  1.000E-008  6.236E+001 -3.970E-034
 9.050E+013  1.000E-008  6.236E+001 -7.252E-013
 9.070E+013  1.000E-008  6.236E+001  7.252E-013
 9.090E+013  1.000E-008  6.236E+001 -3.944E-034
 9.110E+013  1.000E-008  6.236E+001 -7.252E-013
 9.130E+013  1.000E-008  6.236E+001  0.000E+000
 9.150E+013  1.000E-008  6.236E+001  0.000E+000
 9.170E+013  1.000E-008  6.236E+001  0.000E+000
 9.190E+013  1.000E-008  6.236E+001  0.000E+000
 9.210E+013  1.000E-008  6.236E+001  0.000E+000
 9.230E+013  1.000E-008  6.236E+001  7.252E-013
 9.250E+013  1.000E-008  6.236E+001 -3.876E-034
 9.270E+013  1.000E-008  6.236E+001 -7.252E-013
 9.290E+013  1.000E-008  6.236E+001  0.000E+000
 9.310E+013  1.000E-008  6.236E+001  0.000E+000
 9.330E+013  1.000E-008  6.236E+001  0.000E+000
 9.350E+013  1.000E-008  6.236E+001  0.000E+000
 9.370E+013  1.000E-008  6.236E+001  7.252E-013
 9.390E+013  1.000E-008  6.236E+001 -7.252E-013
 9.410E+013  1.000E-008  6.236E+001  7.252E-013
 9.430E+013  1.000E-008  6.236E+001 -7.252E-013
 9.450E+013  1.000E-008  6.236E+001  0.000E+000
 9.470E+013  1.000E-008  6.236E+001  0.000E+000
 9.490E+013  1.000E-008  6.236E+001  0.000E+000
 9.510E+013  1.000E-008  6.236E+001  0.000E+000
 9.530E+013  1.000E-008  6.236E+001  7.252E-013
 9.550E+013  1.000E-008  6.236E+001 -7.252E-013
 9.570E+013  1.000E-008  6.236E+001 -5.837E-068
 9.590E+013  1.000E-008  6.236E+001 -4.479E-031
 9.610E+013  1.000E-008  6.236E+001 -7.252E-013
 9.630E+013  1.000E-008  6.236E+001  7.252E-013
 9.650E+013  1.000E-008  6.236E+001  4.475E-031
 9.670E+013  1.000E-008  6.236E+001  7.252E-013
 9.690E+013  1.000E-008  6.236E+001 -7.252E-013
 9.710E+013  1.000E-008  6.236E+001  0.000E+000
 9.730E+013  1.000E-008  6.236E+001  0.000E+000
 9.750E+013  1.000E-008  6.236E+001  0.000E+000
 9.770E+013  1.000E-008  6.236E+001  0.000E+000
 9.790E+013  1.000E-008  6.236E+001  0.000E+000
 9.810E+013  1.000E-008  6.236E+001  0.000E+000
 9.830E+013  1.000E-008  6.236E+001  0.000E+000
 9.850E+013  1.000E-008  6.236E+001  0.000E+000
 9.870E+013  1.000E-008  6.236E+001  0.000E+000
 9.890E+013  1.000E-008  6.236E+001  0.000E+000
 9.910E+013  1.000E-008  6.236E+001  0.000E+000
 9.930E+013  1.000E-008  6.236E+001  0.000E+000
 9.950E+013  1.000E-008  6.236E+001  7.252E-013
 9.970E+013  1.000E-008  6.236E+001 -7.252E-013
 9.990E+013  1.000E-008  6.236E+001  0.000E+000
 1.001E+014  1.000E-099  1.000E-099  0.000E+000
 1.003E+014  1.000E-099  1.000E-099  0.000E+000
 6.473E-003
