 1.441E+005
     x1b        dens       energ       v1
 1.000E+011  2.035E-011  1.153E+007  0.000E+000
 3.000E+011  2.042E-011  1.151E+007  1.851E+005
 5.000E+011  2.069E-011  1.152E+007  7.209E+005
 7.000E+011  2.115E-011  1.151E+007  9.761E+005
 9.000E+011  2.176E-011  1.152E+007  1.342E+006
 1.100E+012  2.245E-011  1.152E+007  1.662E+006
 1.300E+012  2.317E-011  1.152E+007  2.000E+006
 1.500E+012  2.387E-011  1.152E+007  2.331E+006
 1.700E+012  2.449E-011  1.152E+007  2.665E+006
 1.900E+012  2.488E-011  1.152E+007  2.998E+006
 2.100E+012  2.499E-011  1.152E+007  3.331E+006
 2.300E+012  2.500E-011  1.152E+007  3.664E+006
 2.500E+012  2.499E-011  1.152E+007  3.997E+006
 2.700E+012  2.497E-011  1.152E+007  4.330E+006
 2.900E+012  2.493E-011  1.152E+007  4.664E+006
 3.100E+012  2.487E-011  1.152E+007  4.997E+006
 3.300E+012  2.485E-011  1.152E+007  5.330E+006
 3.500E+012  2.485E-011  1.152E+007  5.663E+006
 3.700E+012  2.485E-011  1.152E+007  5.996E+006
 3.900E+012  2.488E-011  1.152E+007  6.329E+006
 4.100E+012  2.495E-011  1.152E+007  6.663E+006
 4.300E+012  2.507E-011  1.152E+007  6.996E+006
 4.500E+012  2.528E-011  1.152E+007  7.329E+006
 4.700E+012  2.559E-011  1.152E+007  7.662E+006
 4.900E+012  2.604E-011  1.152E+007  7.996E+006
 5.100E+012  2.667E-011  1.152E+007  8.329E+006
 5.300E+012  2.751E-011  1.152E+007  8.663E+006
 5.500E+012  2.861E-011  1.152E+007  8.997E+006
 5.700E+012  3.003E-011  1.152E+007  9.331E+006
 5.900E+012  3.184E-011  1.152E+007  9.666E+006
 6.100E+012  3.413E-011  1.152E+007  1.000E+007
 6.300E+012  3.702E-011  1.152E+007  1.034E+007
 6.500E+012  4.063E-011  1.152E+007  1.067E+007
 6.700E+012  4.513E-011  1.152E+007  1.101E+007
 6.900E+012  5.073E-011  1.152E+007  1.135E+007
 7.100E+012  5.765E-011  1.153E+007  1.169E+007
 7.300E+012  6.615E-011  1.153E+007  1.203E+007
 7.500E+012  7.651E-011  1.153E+007  1.237E+007
 7.700E+012  8.899E-011  1.153E+007  1.270E+007
 7.900E+012  1.038E-010  1.153E+007  1.304E+007
 8.100E+012  1.212E-010  1.153E+007  1.338E+007
 8.300E+012  1.411E-010  1.154E+007  1.371E+007
 8.500E+012  1.634E-010  1.154E+007  1.405E+007
 8.700E+012  1.880E-010  1.154E+007  1.438E+007
 8.900E+012  2.145E-010  1.155E+007  1.471E+007
 9.100E+012  2.426E-010  1.155E+007  1.504E+007
 9.300E+012  2.720E-010  1.156E+007  1.537E+007
 9.500E+012  3.024E-010  1.157E+007  1.570E+007
 9.700E+012  3.337E-010  1.157E+007  1.603E+007
 9.900E+012  3.660E-010  1.158E+007  1.637E+007
 1.010E+013  3.994E-010  1.159E+007  1.670E+007
 1.030E+013  4.340E-010  1.160E+007  1.704E+007
 1.050E+013  4.702E-010  1.162E+007  1.737E+007
 1.070E+013  5.084E-010  1.163E+007  1.771E+007
 1.090E+013  5.489E-010  1.164E+007  1.805E+007
 1.110E+013  5.922E-010  1.166E+007  1.839E+007
 1.130E+013  6.387E-010  1.168E+007  1.873E+007
 1.150E+013  6.891E-010  1.170E+007  1.907E+007
 1.170E+013  7.436E-010  1.172E+007  1.941E+007
 1.190E+013  8.028E-010  1.174E+007  1.976E+007
 1.210E+013  8.670E-010  1.177E+007  2.010E+007
 1.230E+013  9.367E-010  1.180E+007  2.045E+007
 1.250E+013  1.012E-009  1.183E+007  2.080E+007
 1.270E+013  1.093E-009  1.186E+007  2.115E+007
 1.290E+013  1.180E-009  1.190E+007  2.150E+007
 1.310E+013  1.273E-009  1.194E+007  2.185E+007
 1.330E+013  1.371E-009  1.199E+007  2.221E+007
 1.350E+013  1.476E-009  1.204E+007  2.257E+007
 1.370E+013  1.586E-009  1.209E+007  2.293E+007
 1.390E+013  1.703E-009  1.215E+007  2.329E+007
 1.410E+013  1.826E-009  1.222E+007  2.366E+007
 1.430E+013  1.956E-009  1.229E+007  2.403E+007
 1.450E+013  2.094E-009  1.237E+007  2.441E+007
 1.470E+013  2.241E-009  1.245E+007  2.478E+007
 1.490E+013  2.398E-009  1.255E+007  2.517E+007
 1.510E+013  2.566E-009  1.265E+007  2.556E+007
 1.530E+013  2.747E-009  1.276E+007  2.595E+007
 1.550E+013  2.941E-009  1.288E+007  2.635E+007
 1.570E+013  3.151E-009  1.301E+007  2.676E+007
 1.590E+013  3.377E-009  1.315E+007  2.717E+007
 1.610E+013  3.622E-009  1.331E+007  2.759E+007
 1.630E+013  3.888E-009  1.348E+007  2.802E+007
 1.650E+013  4.174E-009  1.367E+007  2.846E+007
 1.670E+013  4.484E-009  1.387E+007  2.890E+007
 1.690E+013  4.819E-009  1.409E+007  2.936E+007
 1.710E+013  5.182E-009  1.434E+007  2.982E+007
 1.730E+013  5.575E-009  1.461E+007  3.030E+007
 1.750E+013  6.001E-009  1.490E+007  3.078E+007
 1.770E+013  6.464E-009  1.523E+007  3.128E+007
 1.790E+013  6.968E-009  1.558E+007  3.179E+007
 1.810E+013  7.519E-009  1.597E+007  3.232E+007
 1.830E+013  8.121E-009  1.640E+007  3.286E+007
 1.850E+013  8.781E-009  1.687E+007  3.341E+007
 1.870E+013  9.507E-009  1.739E+007  3.397E+007
 1.890E+013  1.031E-008  1.797E+007  3.455E+007
 1.910E+013  1.119E-008  1.860E+007  3.515E+007
 1.930E+013  1.216E-008  1.930E+007  3.576E+007
 1.950E+013  1.325E-008  2.008E+007  3.638E+007
 1.970E+013  1.445E-008  2.094E+007  3.703E+007
 1.990E+013  1.580E-008  2.191E+007  3.769E+007
 2.010E+013  1.731E-008  2.297E+007  3.838E+007
 2.030E+013  1.900E-008  2.415E+007  3.906E+007
 2.050E+013  2.096E-008  2.555E+007  3.979E+007
 2.070E+013  2.316E-008  2.707E+007  4.060E+007
 2.090E+013  2.551E-008  2.849E+007  4.123E+007
 2.110E+013  2.855E-008  3.080E+007  4.188E+007
 2.130E+013  3.259E-008  3.447E+007  4.347E+007
 2.150E+013  3.402E-008  3.391E+007  4.434E+007
 2.170E+013  3.042E-008  2.418E+007  4.213E+007
 2.190E+013  1.947E-008  7.768E+006  3.369E+007
 2.210E+013  1.233E-008  7.106E+005  1.860E+007
 2.230E+013  1.025E-008  3.812E+003  4.239E+006
 2.250E+013  1.000E-008  6.241E+001  1.077E+005
 2.270E+013  1.000E-008  6.236E+001  2.715E+001
 2.290E+013  1.000E-008  6.236E+001  9.383E-007
 2.310E+013  1.000E-008  6.236E+001 -5.100E-013
 2.330E+013  1.000E-008  6.236E+001  0.000E+000
 2.350E+013  1.000E-008  6.236E+001  0.000E+000
 2.370E+013  1.000E-008  6.236E+001  5.118E-013
 2.390E+013  1.000E-008  6.236E+001 -5.118E-013
 2.410E+013  1.000E-008  6.236E+001  0.000E+000
 2.430E+013  1.000E-008  6.236E+001  0.000E+000
 2.450E+013  1.000E-008  6.236E+001  0.000E+000
 2.470E+013  1.000E-008  6.236E+001  5.118E-013
 2.490E+013  1.000E-008  6.236E+001 -5.118E-013
 2.510E+013  1.000E-008  6.236E+001  5.118E-013
 2.530E+013  1.000E-008  6.236E+001 -5.118E-013
 2.550E+013  1.000E-008  6.236E+001 -1.853E-290
 2.570E+013  1.000E-008  6.236E+001 -6.358E-142
 2.590E+013  1.000E-008  6.236E+001 -8.163E-068
 2.610E+013  1.000E-008  6.236E+001 -6.306E-031
 2.630E+013  1.000E-008  6.236E+001 -1.024E-012
 2.650E+013  1.000E-008  6.236E+001  1.024E-012
 2.670E+013  1.000E-008  6.236E+001  6.287E-031
 2.690E+013  1.000E-008  6.236E+001  8.113E-068
 2.710E+013  1.000E-008  6.236E+001  5.118E-013
 2.730E+013  1.000E-008  6.236E+001 -5.118E-013
 2.750E+013  1.000E-008  6.236E+001  1.535E-012
 2.770E+013  1.000E-008  6.236E+001 -1.535E-012
 2.790E+013  1.000E-008  6.236E+001  0.000E+000
 2.810E+013  1.000E-008  6.236E+001  0.000E+000
 2.830E+013  1.000E-008  6.236E+001  2.559E-012
 2.850E+013  1.000E-008  6.236E+001 -5.118E-013
 2.870E+013  1.000E-008  6.236E+001 -2.047E-012
 2.890E+013  1.000E-008  6.236E+001 -2.465E-031
 2.910E+013  1.000E-008  6.236E+001  3.583E-012
 2.930E+013  1.000E-008  6.236E+001 -3.583E-012
 2.950E+013  1.000E-008  6.236E+001  0.000E+000
 2.970E+013  1.000E-008  6.236E+001  0.000E+000
 2.990E+013  1.000E-008  6.236E+001  0.000E+000
 3.010E+013  1.000E-008  6.236E+001  5.118E-013
 3.030E+013  1.000E-008  6.236E+001 -5.118E-013
 3.050E+013  1.000E-008  6.236E+001  5.118E-013
 3.070E+013  1.000E-008  6.236E+001 -5.118E-013
 3.090E+013  1.000E-008  6.236E+001  5.118E-013
 3.110E+013  1.000E-008  6.236E+001  5.118E-013
 3.130E+013  1.000E-008  6.236E+001 -1.024E-012
 3.150E+013  1.000E-008  6.236E+001  0.000E+000
 3.170E+013  1.000E-008  6.236E+001  0.000E+000
 3.190E+013  1.000E-008  6.236E+001  0.000E+000
 3.210E+013  1.000E-008  6.236E+001  0.000E+000
 3.230E+013  1.000E-008  6.236E+001  0.000E+000
 3.250E+013  1.000E-008  6.236E+001  0.000E+000
 3.270E+013  1.000E-008  6.236E+001 -2.820E-295
 3.290E+013  1.000E-008  6.236E+001 -2.480E-144
 3.310E+013  1.000E-008  6.236E+001 -5.098E-069
 3.330E+013  1.000E-008  6.236E+001 -1.576E-031
 3.350E+013  1.000E-008  6.236E+001 -5.118E-013
 3.370E+013  1.000E-008  6.236E+001  5.118E-013
 3.390E+013  1.000E-008  6.236E+001  1.572E-031
 3.410E+013  1.000E-008  6.236E+001  5.074E-069
 3.430E+013  1.000E-008  6.236E+001  2.457E-144
 3.450E+013  1.000E-008  6.236E+001  1.024E-012
 3.470E+013  1.000E-008  6.236E+001 -1.024E-012
 3.490E+013  1.000E-008  6.236E+001  0.000E+000
 3.510E+013  1.000E-008  6.236E+001  0.000E+000
 3.530E+013  1.000E-008  6.236E+001  0.000E+000
 3.550E+013  1.000E-008  6.236E+001  0.000E+000
 3.570E+013  1.000E-008  6.236E+001  1.024E-012
 3.590E+013  1.000E-008  6.236E+001 -5.118E-013
 3.610E+013  1.000E-008  6.236E+001 -1.576E-031
 3.630E+013  1.000E-008  6.236E+001 -5.118E-013
 3.650E+013  1.000E-008  6.236E+001 -5.118E-013
 3.670E+013  1.000E-008  6.236E+001  5.118E-013
 3.690E+013  1.000E-008  6.236E+001  5.118E-013
 3.710E+013  1.000E-008  6.236E+001 -5.118E-013
 3.730E+013  1.000E-008  6.236E+001 -1.693E-034
 3.750E+013  1.000E-008  6.236E+001  5.118E-013
 3.770E+013  1.000E-008  6.236E+001 -5.118E-013
 3.790E+013  1.000E-008  6.236E+001  0.000E+000
 3.810E+013  1.000E-008  6.236E+001  0.000E+000
 3.830E+013  1.000E-008  6.236E+001  5.118E-013
 3.850E+013  1.000E-008  6.236E+001 -5.118E-013
 3.870E+013  1.000E-008  6.236E+001 -1.576E-031
 3.890E+013  1.000E-008  6.236E+001 -5.118E-013
 3.910E+013  1.000E-008  6.236E+001 -4.771E-032
 3.930E+013  1.000E-008  6.236E+001  1.535E-012
 3.950E+013  1.000E-008  6.236E+001 -5.118E-013
 3.970E+013  1.000E-008  6.236E+001  1.535E-012
 3.990E+013  1.000E-008  6.236E+001 -2.047E-012
 4.010E+013  1.000E-008  6.236E+001  0.000E+000
 4.030E+013  1.000E-008  6.236E+001  0.000E+000
 4.050E+013  1.000E-008  6.236E+001  0.000E+000
 4.070E+013  1.000E-008  6.236E+001  0.000E+000
 4.090E+013  1.000E-008  6.236E+001  1.891E-011
 4.110E+013  1.000E-008  6.236E+001 -1.891E-011
 4.130E+013  1.000E-008  6.236E+001  1.330E-011
 4.150E+013  1.000E-008  6.236E+001 -1.330E-011
 4.170E+013  1.000E-008  6.236E+001  4.606E-012
 4.190E+013  1.000E-008  6.236E+001 -4.094E-012
 4.210E+013  1.000E-008  6.236E+001 -1.576E-031
 4.230E+013  1.000E-008  6.236E+001 -5.118E-013
 4.250E+013  1.000E-008  6.236E+001  0.000E+000
 4.270E+013  1.000E-008  6.236E+001  0.000E+000
 4.290E+013  1.000E-008  6.236E+001  0.000E+000
 4.310E+013  1.000E-008  6.236E+001  0.000E+000
 4.330E+013  1.000E-008  6.236E+001  0.000E+000
 4.350E+013  1.000E-008  6.236E+001  0.000E+000
 4.370E+013  1.000E-008  6.236E+001  0.000E+000
 4.390E+013  1.000E-008  6.236E+001  0.000E+000
 4.410E+013  1.000E-008  6.236E+001  0.000E+000
 4.430E+013  1.000E-008  6.236E+001  0.000E+000
 4.450E+013  1.000E-008  6.236E+001  0.000E+000
 4.470E+013  1.000E-008  6.236E+001  5.118E-013
 4.490E+013  1.000E-008  6.236E+001 -2.811E-034
 4.510E+013  1.000E-008  6.236E+001 -5.118E-013
 4.530E+013  1.000E-008  6.236E+001 -2.813E-295
 4.550E+013  1.000E-008  6.236E+001 -2.477E-144
 4.570E+013  1.000E-008  6.236E+001 -5.095E-069
 4.590E+013  1.000E-008  6.236E+001 -1.575E-031
 4.610E+013  1.000E-008  6.236E+001 -5.118E-013
 4.630E+013  1.000E-008  6.236E+001  5.118E-013
 4.650E+013  1.000E-008  6.236E+001  5.118E-013
 4.670E+013  1.000E-008  6.236E+001 -5.118E-013
 4.690E+013  1.000E-008  6.236E+001  5.118E-013
 4.710E+013  1.000E-008  6.236E+001 -5.118E-013
 4.730E+013  1.000E-008  6.236E+001  0.000E+000
 4.750E+013  1.000E-008  6.236E+001  0.000E+000
 4.770E+013  1.000E-008  6.236E+001  0.000E+000
 4.790E+013  1.000E-008  6.236E+001  5.118E-013
 4.810E+013  1.000E-008  6.236E+001 -5.118E-013
 4.830E+013  1.000E-008  6.236E+001 -1.306E-034
 4.850E+013  1.000E-008  6.236E+001  5.118E-013
 4.870E+013  1.000E-008  6.236E+001 -5.118E-013
 4.890E+013  1.000E-008  6.236E+001  0.000E+000
 4.910E+013  1.000E-008  6.236E+001  0.000E+000
 4.930E+013  1.000E-008  6.236E+001  0.000E+000
 4.950E+013  1.000E-008  6.236E+001  0.000E+000
 4.970E+013  1.000E-008  6.236E+001  0.000E+000
 4.990E+013  1.000E-008  6.236E+001  1.024E-012
 5.010E+013  1.000E-008  6.236E+001 -1.535E-012
 5.030E+013  1.000E-008  6.236E+001  5.118E-013
 5.050E+013  1.000E-008  6.236E+001  1.573E-031
 5.070E+013  1.000E-008  6.236E+001  5.078E-069
 5.090E+013  1.000E-008  6.236E+001  2.461E-144
 5.110E+013  1.000E-008  6.236E+001  5.118E-013
 5.130E+013  1.000E-008  6.236E+001 -5.118E-013
 5.150E+013  1.000E-008  6.236E+001  0.000E+000
 5.170E+013  1.000E-008  6.236E+001  0.000E+000
 5.190E+013  1.000E-008  6.236E+001 -2.810E-295
 5.210E+013  1.000E-008  6.236E+001 -2.476E-144
 5.230E+013  1.000E-008  6.236E+001 -5.094E-069
 5.250E+013  1.000E-008  6.236E+001 -1.575E-031
 5.270E+013  1.000E-008  6.236E+001 -5.118E-013
 5.290E+013  1.000E-008  6.236E+001  5.118E-013
 5.310E+013  1.000E-008  6.236E+001  1.573E-031
 5.330E+013  1.000E-008  6.236E+001  5.078E-069
 5.350E+013  1.000E-008  6.236E+001  1.024E-012
 5.370E+013  1.000E-008  6.236E+001 -1.024E-012
 5.390E+013  1.000E-008  6.236E+001  2.075E-032
 5.410E+013  1.000E-008  6.236E+001  5.118E-013
 5.430E+013  1.000E-008  6.236E+001  5.118E-013
 5.450E+013  1.000E-008  6.236E+001  5.118E-013
 5.470E+013  1.000E-008  6.236E+001 -1.535E-012
 5.490E+013  1.000E-008  6.236E+001 -1.575E-031
 5.510E+013  1.000E-008  6.236E+001 -5.118E-013
 5.530E+013  1.000E-008  6.236E+001  1.024E-012
 5.550E+013  1.000E-008  6.236E+001 -2.047E-012
 5.570E+013  1.000E-008  6.236E+001  1.024E-012
 5.590E+013  1.000E-008  6.236E+001  5.118E-013
 5.610E+013  1.000E-008  6.236E+001 -5.118E-013
 5.630E+013  1.000E-008  6.236E+001  5.118E-013
 5.650E+013  1.000E-008  6.236E+001 -3.071E-012
 5.670E+013  1.000E-008  6.236E+001  3.071E-012
 5.690E+013  1.000E-008  6.236E+001  3.071E-012
 5.710E+013  1.000E-008  6.236E+001 -3.071E-012
 5.730E+013  1.000E-008  6.236E+001  3.583E-012
 5.750E+013  1.000E-008  6.236E+001 -7.677E-012
 5.770E+013  1.000E-008  6.236E+001 -5.117E-013
 5.790E+013  1.000E-008  6.236E+001  4.606E-012
 5.810E+013  1.000E-008  6.236E+001  2.452E-011
 5.830E+013  1.000E-008  6.236E+001 -2.452E-011
 5.850E+013  1.000E-008  6.236E+001  0.000E+000
 5.870E+013  1.000E-008  6.236E+001  0.000E+000
 5.890E+013  1.000E-008  6.236E+001  0.000E+000
 5.910E+013  1.000E-008  6.236E+001  0.000E+000
 5.930E+013  1.000E-008  6.236E+001  0.000E+000
 5.950E+013  1.000E-008  6.236E+001  0.000E+000
 5.970E+013  1.000E-008  6.236E+001  0.000E+000
 5.990E+013  1.000E-008  6.236E+001  0.000E+000
 6.010E+013  1.000E-008  6.236E+001  0.000E+000
 6.030E+013  1.000E-008  6.236E+001  5.118E-013
 6.050E+013  1.000E-008  6.236E+001 -5.118E-013
 6.070E+013  1.000E-008  6.236E+001  5.118E-013
 6.090E+013  1.000E-008  6.236E+001 -5.118E-013
 6.110E+013  1.000E-008  6.236E+001  0.000E+000
 6.130E+013  1.000E-008  6.236E+001  0.000E+000
 6.150E+013  1.000E-008  6.236E+001  0.000E+000
 6.170E+013  1.000E-008  6.236E+001  5.118E-013
 6.190E+013  1.000E-008  6.236E+001 -5.118E-013
 6.210E+013  1.000E-008  6.236E+001  0.000E+000
 6.230E+013  1.000E-008  6.236E+001  0.000E+000
 6.250E+013  1.000E-008  6.236E+001  0.000E+000
 6.270E+013  1.000E-008  6.236E+001  0.000E+000
 6.290E+013  1.000E-008  6.236E+001  0.000E+000
 6.310E+013  1.000E-008  6.236E+001  0.000E+000
 6.330E+013  1.000E-008  6.236E+001  0.000E+000
 6.350E+013  1.000E-008  6.236E+001  5.118E-013
 6.370E+013  1.000E-008  6.236E+001 -5.118E-013
 6.390E+013  1.000E-008  6.236E+001  0.000E+000
 6.410E+013  1.000E-008  6.236E+001  0.000E+000
 6.430E+013  1.000E-008  6.236E+001  0.000E+000
 6.450E+013  1.000E-008  6.236E+001  0.000E+000
 6.470E+013  1.000E-008  6.236E+001  5.118E-013
 6.490E+013  1.000E-008  6.236E+001 -5.118E-013
 6.510E+013  1.000E-008  6.236E+001  0.000E+000
 6.530E+013  1.000E-008  6.236E+001  0.000E+000
 6.550E+013  1.000E-008  6.236E+001  0.000E+000
 6.570E+013  1.000E-008  6.236E+001  0.000E+000
 6.590E+013  1.000E-008  6.236E+001  5.118E-013
 6.610E+013  1.000E-008  6.236E+001 -5.118E-013
 6.630E+013  1.000E-008  6.236E+001  0.000E+000
 6.650E+013  1.000E-008  6.236E+001  0.000E+000
 6.670E+013  1.000E-008  6.236E+001  0.000E+000
 6.690E+013  1.000E-008  6.236E+001  5.118E-013
 6.710E+013  1.000E-008  6.236E+001 -5.118E-013
 6.730E+013  1.000E-008  6.236E+001  0.000E+000
 6.750E+013  1.000E-008  6.236E+001  0.000E+000
 6.770E+013  1.000E-008  6.236E+001  5.118E-013
 6.790E+013  1.000E-008  6.236E+001 -5.118E-013
 6.810E+013  1.000E-008  6.236E+001  5.118E-013
 6.830E+013  1.000E-008  6.236E+001 -1.846E-034
 6.850E+013  1.000E-008  6.236E+001 -5.118E-013
 6.870E+013  1.000E-008  6.236E+001  0.000E+000
 6.890E+013  1.000E-008  6.236E+001  0.000E+000
 6.910E+013  1.000E-008  6.236E+001  0.000E+000
 6.930E+013  1.000E-008  6.236E+001  5.118E-013
 6.950E+013  1.000E-008  6.236E+001 -5.118E-013
 6.970E+013  1.000E-008  6.236E+001  0.000E+000
 6.990E+013  1.000E-008  6.236E+001  0.000E+000
 7.010E+013  1.000E-008  6.236E+001  0.000E+000
 7.030E+013  1.000E-008  6.236E+001  0.000E+000
 7.050E+013  1.000E-008  6.236E+001  0.000E+000
 7.070E+013  1.000E-008  6.236E+001  0.000E+000
 7.090E+013  1.000E-008  6.236E+001  0.000E+000
 7.110E+013  1.000E-008  6.236E+001  0.000E+000
 7.130E+013  1.000E-008  6.236E+001  0.000E+000
 7.150E+013  1.000E-008  6.236E+001  0.000E+000
 7.170E+013  1.000E-008  6.236E+001  0.000E+000
 7.190E+013  1.000E-008  6.236E+001  5.118E-013
 7.210E+013  1.000E-008  6.236E+001 -5.118E-013
 7.230E+013  1.000E-008  6.236E+001  0.000E+000
 7.250E+013  1.000E-008  6.236E+001  0.000E+000
 7.270E+013  1.000E-008  6.236E+001  1.024E-012
 7.290E+013  1.000E-008  6.236E+001 -6.919E-034
 7.310E+013  1.000E-008  6.236E+001 -1.024E-012
 7.330E+013  1.000E-008  6.236E+001 -1.575E-031
 7.350E+013  1.000E-008  6.236E+001 -5.118E-013
 7.370E+013  1.000E-008  6.236E+001  5.118E-013
 7.390E+013  1.000E-008  6.236E+001  1.573E-031
 7.410E+013  1.000E-008  6.236E+001  5.080E-069
 7.430E+013  1.000E-008  6.236E+001  2.463E-144
 7.450E+013  1.000E-008  6.236E+001  2.781E-295
 7.470E+013  1.000E-008  6.236E+001  0.000E+000
 7.490E+013  1.000E-008  6.236E+001  0.000E+000
 7.510E+013  1.000E-008  6.236E+001  0.000E+000
 7.530E+013  1.000E-008  6.236E+001  0.000E+000
 7.550E+013  1.000E-008  6.236E+001  0.000E+000
 7.570E+013  1.000E-008  6.236E+001  0.000E+000
 7.590E+013  1.000E-008  6.236E+001  0.000E+000
 7.610E+013  1.000E-008  6.236E+001  0.000E+000
 7.630E+013  1.000E-008  6.236E+001  0.000E+000
 7.650E+013  1.000E-008  6.236E+001  0.000E+000
 7.670E+013  1.000E-008  6.236E+001  1.024E-012
 7.690E+013  1.000E-008  6.236E+001 -1.024E-012
 7.710E+013  1.000E-008  6.236E+001  1.535E-012
 7.730E+013  1.000E-008  6.236E+001 -1.535E-012
 7.750E+013  1.000E-008  6.236E+001  3.729E-032
 7.770E+013  1.000E-008  6.236E+001  1.024E-012
 7.790E+013  1.000E-008  6.236E+001 -3.071E-012
 7.810E+013  1.000E-008  6.236E+001  3.071E-012
 7.830E+013  1.000E-008  6.236E+001 -1.024E-012
 7.850E+013  1.000E-008  6.236E+001 -3.590E-069
 7.870E+013  1.000E-008  6.236E+001 -1.322E-031
 7.890E+013  1.000E-008  6.236E+001 -5.118E-013
 7.910E+013  1.000E-008  6.236E+001 -2.559E-012
 7.930E+013  1.000E-008  6.236E+001  1.535E-012
 7.950E+013  1.000E-008  6.236E+001  1.535E-012
 7.970E+013  1.000E-008  6.236E+001 -2.047E-012
 7.990E+013  1.000E-008  6.236E+001  2.047E-012
 8.010E+013  1.000E-008  6.236E+001  2.517E-030
 8.030E+013  1.000E-008  6.236E+001  1.301E-066
 8.050E+013  1.000E-008  6.236E+001  1.614E-139
 8.070E+013  1.000E-008  6.236E+001 -1.286E-278
 8.090E+013  1.000E-008  6.236E+001 -5.296E-136
 8.110E+013  1.000E-008  6.236E+001 -7.450E-065
 8.130E+013  1.000E-008  6.236E+001 -1.905E-029
 8.150E+013  1.000E-008  6.236E+001 -5.629E-012
 8.170E+013  1.000E-008  6.236E+001  7.165E-012
 8.190E+013  1.000E-008  6.236E+001 -1.535E-012
 8.210E+013  1.000E-008  6.236E+001  0.000E+000
 8.230E+013  1.000E-008  6.236E+001  0.000E+000
 8.250E+013  1.000E-008  6.236E+001  0.000E+000
 8.270E+013  1.000E-008  6.236E+001  0.000E+000
 8.290E+013  1.000E-008  6.236E+001  2.047E-012
 8.310E+013  1.000E-008  6.236E+001 -2.047E-012
 8.330E+013  1.000E-008  6.236E+001 -1.529E-031
 8.350E+013  1.000E-008  6.236E+001  3.071E-012
 8.370E+013  1.000E-008  6.236E+001 -2.559E-012
 8.390E+013  1.000E-008  6.236E+001 -1.575E-031
 8.410E+013  1.000E-008  6.236E+001 -5.118E-013
 8.430E+013  1.000E-008  6.236E+001  5.118E-013
 8.450E+013  1.000E-008  6.236E+001 -1.492E-034
 8.470E+013  1.000E-008  6.236E+001 -5.118E-013
 8.490E+013  1.000E-008  6.236E+001 -7.425E-035
 8.510E+013  1.000E-008  6.236E+001  5.118E-013
 8.530E+013  1.000E-008  6.236E+001 -1.478E-034
 8.550E+013  1.000E-008  6.236E+001 -5.118E-013
 8.570E+013  1.000E-008  6.236E+001 -7.356E-035
 8.590E+013  1.000E-008  6.236E+001  5.118E-013
 8.610E+013  1.000E-008  6.236E+001 -5.118E-013
 8.630E+013  1.000E-008  6.236E+001  0.000E+000
 8.650E+013  1.000E-008  6.236E+001  0.000E+000
 8.670E+013  1.000E-008  6.236E+001  0.000E+000
 8.690E+013  1.000E-008  6.236E+001  0.000E+000
 8.710E+013  1.000E-008  6.236E+001  0.000E+000
 8.730E+013  1.000E-008  6.236E+001  0.000E+000
 8.750E+013  1.000E-008  6.236E+001  5.118E-013
 8.770E+013  1.000E-008  6.236E+001 -5.118E-013
 8.790E+013  1.000E-008  6.236E+001 -7.171E-035
 8.810E+013  1.000E-008  6.236E+001  5.118E-013
 8.830E+013  1.000E-008  6.236E+001 -5.118E-013
 8.850E+013  1.000E-008  6.236E+001  5.118E-013
 8.870E+013  1.000E-008  6.236E+001  5.118E-013
 8.890E+013  1.000E-008  6.236E+001 -1.024E-012
 8.910E+013  1.000E-008  6.236E+001  0.000E+000
 8.930E+013  1.000E-008  6.236E+001  0.000E+000
 8.950E+013  1.000E-008  6.236E+001  0.000E+000
 8.970E+013  1.000E-008  6.236E+001  0.000E+000
 8.990E+013  1.000E-008  6.236E+001  0.000E+000
 9.010E+013  1.000E-008  6.236E+001  5.118E-013
 9.030E+013  1.000E-008  6.236E+001 -1.396E-034
 9.050E+013  1.000E-008  6.236E+001 -5.118E-013
 9.070E+013  1.000E-008  6.236E+001  5.118E-013
 9.090E+013  1.000E-008  6.236E+001 -1.387E-034
 9.110E+013  1.000E-008  6.236E+001 -5.118E-013
 9.130E+013  1.000E-008  6.236E+001  0.000E+000
 9.150E+013  1.000E-008  6.236E+001  0.000E+000
 9.170E+013  1.000E-008  6.236E+001  0.000E+000
 9.190E+013  1.000E-008  6.236E+001  0.000E+000
 9.210E+013  1.000E-008  6.236E+001  0.000E+000
 9.230E+013  1.000E-008  6.236E+001  5.118E-013
 9.250E+013  1.000E-008  6.236E+001 -1.363E-034
 9.270E+013  1.000E-008  6.236E+001 -5.118E-013
 9.290E+013  1.000E-008  6.236E+001  0.000E+000
 9.310E+013  1.000E-008  6.236E+001  0.000E+000
 9.330E+013  1.000E-008  6.236E+001  0.000E+000
 9.350E+013  1.000E-008  6.236E+001  0.000E+000
 9.370E+013  1.000E-008  6.236E+001  5.118E-013
 9.390E+013  1.000E-008  6.236E+001 -5.118E-013
 9.410E+013  1.000E-008  6.236E+001  5.118E-013
 9.430E+013  1.000E-008  6.236E+001 -5.118E-013
 9.450E+013  1.000E-008  6.236E+001  0.000E+000
 9.470E+013  1.000E-008  6.236E+001  0.000E+000
 9.490E+013  1.000E-008  6.236E+001  0.000E+000
 9.510E+013  1.000E-008  6.236E+001  0.000E+000
 9.530E+013  1.000E-008  6.236E+001  5.118E-013
 9.550E+013  1.000E-008  6.236E+001 -5.118E-013
 9.570E+013  1.000E-008  6.236E+001 -5.090E-069
 9.590E+013  1.000E-008  6.236E+001 -1.575E-031
 9.610E+013  1.000E-008  6.236E+001 -5.118E-013
 9.630E+013  1.000E-008  6.236E+001  5.118E-013
 9.650E+013  1.000E-008  6.236E+001  1.573E-031
 9.670E+013  1.000E-008  6.236E+001  5.118E-013
 9.690E+013  1.000E-008  6.236E+001 -5.118E-013
 9.710E+013  1.000E-008  6.236E+001  0.000E+000
 9.730E+013  1.000E-008  6.236E+001  0.000E+000
 9.750E+013  1.000E-008  6.236E+001  0.000E+000
 9.770E+013  1.000E-008  6.236E+001  0.000E+000
 9.790E+013  1.000E-008  6.236E+001  0.000E+000
 9.810E+013  1.000E-008  6.236E+001  0.000E+000
 9.830E+013  1.000E-008  6.236E+001  0.000E+000
 9.850E+013  1.000E-008  6.236E+001  0.000E+000
 9.870E+013  1.000E-008  6.236E+001  0.000E+000
 9.890E+013  1.000E-008  6.236E+001  0.000E+000
 9.910E+013  1.000E-008  6.236E+001  0.000E+000
 9.930E+013  1.000E-008  6.236E+001  0.000E+000
 9.950E+013  1.000E-008  6.236E+001  5.118E-013
 9.970E+013  1.000E-008  6.236E+001 -5.118E-013
 9.990E+013  1.000E-008  6.236E+001  0.000E+000
 1.001E+014  1.000E-099  1.000E-099  0.000E+000
 1.003E+014  1.000E-099  1.000E-099  0.000E+000
 4.568E-003
