 7.208E+004
     x1b        dens       energ       v1
 1.000E+011  3.340E-011  2.631E+007  0.000E+000
 3.000E+011  3.359E-011  2.626E+007 -1.350E+004
 5.000E+011  3.427E-011  2.628E+007  1.567E+006
 7.000E+011  3.534E-011  2.628E+007  1.879E+006
 9.000E+011  3.665E-011  2.628E+007  2.684E+006
 1.100E+012  3.803E-011  2.628E+007  3.286E+006
 1.300E+012  3.936E-011  2.628E+007  3.970E+006
 1.500E+012  4.043E-011  2.628E+007  4.621E+006
 1.700E+012  4.095E-011  2.628E+007  5.284E+006
 1.900E+012  4.102E-011  2.628E+007  5.943E+006
 2.100E+012  4.101E-011  2.628E+007  6.605E+006
 2.300E+012  4.098E-011  2.628E+007  7.265E+006
 2.500E+012  4.089E-011  2.628E+007  7.925E+006
 2.700E+012  4.078E-011  2.629E+007  8.586E+006
 2.900E+012  4.076E-011  2.629E+007  9.247E+006
 3.100E+012  4.077E-011  2.629E+007  9.908E+006
 3.300E+012  4.081E-011  2.629E+007  1.057E+007
 3.500E+012  4.095E-011  2.629E+007  1.123E+007
 3.700E+012  4.122E-011  2.629E+007  1.189E+007
 3.900E+012  4.170E-011  2.629E+007  1.255E+007
 4.100E+012  4.246E-011  2.630E+007  1.321E+007
 4.300E+012  4.359E-011  2.630E+007  1.387E+007
 4.500E+012  4.520E-011  2.630E+007  1.454E+007
 4.700E+012  4.741E-011  2.630E+007  1.520E+007
 4.900E+012  5.039E-011  2.630E+007  1.586E+007
 5.100E+012  5.435E-011  2.631E+007  1.653E+007
 5.300E+012  5.957E-011  2.631E+007  1.720E+007
 5.500E+012  6.638E-011  2.631E+007  1.787E+007
 5.700E+012  7.524E-011  2.632E+007  1.854E+007
 5.900E+012  8.668E-011  2.632E+007  1.921E+007
 6.100E+012  1.014E-010  2.633E+007  1.989E+007
 6.300E+012  1.200E-010  2.634E+007  2.057E+007
 6.500E+012  1.433E-010  2.635E+007  2.124E+007
 6.700E+012  1.719E-010  2.636E+007  2.192E+007
 6.900E+012  2.063E-010  2.637E+007  2.259E+007
 7.100E+012  2.464E-010  2.639E+007  2.325E+007
 7.300E+012  2.919E-010  2.641E+007  2.391E+007
 7.500E+012  3.421E-010  2.643E+007  2.457E+007
 7.700E+012  3.961E-010  2.646E+007  2.523E+007
 7.900E+012  4.532E-010  2.650E+007  2.588E+007
 8.100E+012  5.127E-010  2.654E+007  2.654E+007
 8.300E+012  5.746E-010  2.659E+007  2.721E+007
 8.500E+012  6.390E-010  2.664E+007  2.788E+007
 8.700E+012  7.063E-010  2.670E+007  2.855E+007
 8.900E+012  7.774E-010  2.677E+007  2.923E+007
 9.100E+012  8.534E-010  2.685E+007  2.991E+007
 9.300E+012  9.353E-010  2.694E+007  3.060E+007
 9.500E+012  1.025E-009  2.703E+007  3.129E+007
 9.700E+012  1.123E-009  2.714E+007  3.198E+007
 9.900E+012  1.231E-009  2.727E+007  3.269E+007
 1.010E+013  1.351E-009  2.740E+007  3.340E+007
 1.030E+013  1.484E-009  2.756E+007  3.411E+007
 1.050E+013  1.631E-009  2.773E+007  3.483E+007
 1.070E+013  1.792E-009  2.792E+007  3.556E+007
 1.090E+013  1.969E-009  2.814E+007  3.630E+007
 1.110E+013  2.162E-009  2.839E+007  3.705E+007
 1.130E+013  2.371E-009  2.866E+007  3.780E+007
 1.150E+013  2.597E-009  2.897E+007  3.857E+007
 1.170E+013  2.841E-009  2.931E+007  3.935E+007
 1.190E+013  3.105E-009  2.969E+007  4.015E+007
 1.210E+013  3.390E-009  3.011E+007  4.096E+007
 1.230E+013  3.701E-009  3.059E+007  4.179E+007
 1.250E+013  4.042E-009  3.112E+007  4.264E+007
 1.270E+013  4.417E-009  3.171E+007  4.351E+007
 1.290E+013  4.834E-009  3.238E+007  4.441E+007
 1.310E+013  5.299E-009  3.313E+007  4.533E+007
 1.330E+013  5.819E-009  3.397E+007  4.629E+007
 1.350E+013  6.404E-009  3.492E+007  4.727E+007
 1.370E+013  7.064E-009  3.600E+007  4.829E+007
 1.390E+013  7.808E-009  3.722E+007  4.936E+007
 1.410E+013  8.651E-009  3.862E+007  5.046E+007
 1.430E+013  9.607E-009  4.022E+007  5.162E+007
 1.450E+013  1.070E-008  4.204E+007  5.282E+007
 1.470E+013  1.195E-008  4.416E+007  5.407E+007
 1.490E+013  1.339E-008  4.657E+007  5.539E+007
 1.510E+013  1.504E-008  4.930E+007  5.672E+007
 1.530E+013  1.700E-008  5.261E+007  5.811E+007
 1.550E+013  1.931E-008  5.648E+007  5.970E+007
 1.570E+013  2.183E-008  6.012E+007  6.106E+007
 1.590E+013  2.499E-008  6.535E+007  6.218E+007
 1.610E+013  2.967E-008  7.552E+007  6.487E+007
 1.630E+013  3.243E-008  7.795E+007  6.743E+007
 1.650E+013  3.028E-008  5.889E+007  6.491E+007
 1.670E+013  2.044E-008  2.113E+007  5.314E+007
 1.690E+013  1.273E-008  2.269E+006  3.087E+007
 1.710E+013  1.034E-008  1.786E+004  8.010E+006
 1.730E+013  1.001E-008  6.263E+001  2.683E+005
 1.750E+013  1.000E-008  6.236E+001  1.130E+002
 1.770E+013  1.000E-008  6.236E+001  7.325E-006
 1.790E+013  1.000E-008  6.236E+001  8.938E-015
 1.810E+013  1.000E-008  6.236E+001  8.899E-038
 1.830E+013  1.000E-008  6.236E+001  2.561E-013
 1.850E+013  1.000E-008  6.236E+001 -2.561E-013
 1.870E+013  1.000E-008  6.236E+001  1.024E-012
 1.890E+013  1.000E-008  6.236E+001 -1.537E-012
 1.910E+013  1.000E-008  6.236E+001  1.024E-012
 1.930E+013  1.000E-008  6.236E+001 -5.122E-013
 1.950E+013  1.000E-008  6.236E+001  0.000E+000
 1.970E+013  1.000E-008  6.236E+001  0.000E+000
 1.990E+013  1.000E-008  6.236E+001  0.000E+000
 2.010E+013  1.000E-008  6.236E+001  0.000E+000
 2.030E+013  1.000E-008  6.236E+001  0.000E+000
 2.050E+013  1.000E-008  6.236E+001  0.000E+000
 2.070E+013  1.000E-008  6.236E+001  0.000E+000
 2.090E+013  1.000E-008  6.236E+001  2.561E-013
 2.110E+013  1.000E-008  6.236E+001 -7.518E-035
 2.130E+013  1.000E-008  6.236E+001 -2.561E-013
 2.150E+013  1.000E-008  6.236E+001  0.000E+000
 2.170E+013  1.000E-008  6.236E+001  0.000E+000
 2.190E+013  1.000E-008  6.236E+001  0.000E+000
 2.210E+013  1.000E-008  6.236E+001  0.000E+000
 2.230E+013  1.000E-008  6.236E+001  0.000E+000
 2.250E+013  1.000E-008  6.236E+001  0.000E+000
 2.270E+013  1.000E-008  6.236E+001  2.561E-013
 2.290E+013  1.000E-008  6.236E+001 -6.925E-035
 2.310E+013  1.000E-008  6.236E+001 -2.561E-013
 2.330E+013  1.000E-008  6.236E+001  0.000E+000
 2.350E+013  1.000E-008  6.236E+001  0.000E+000
 2.370E+013  1.000E-008  6.236E+001  2.561E-013
 2.390E+013  1.000E-008  6.236E+001 -2.561E-013
 2.410E+013  1.000E-008  6.236E+001  0.000E+000
 2.430E+013  1.000E-008  6.236E+001  0.000E+000
 2.450E+013  1.000E-008  6.236E+001  0.000E+000
 2.470E+013  1.000E-008  6.236E+001  2.561E-013
 2.490E+013  1.000E-008  6.236E+001 -2.561E-013
 2.510E+013  1.000E-008  6.236E+001  2.561E-013
 2.530E+013  1.000E-008  6.236E+001 -2.561E-013
 2.550E+013  1.000E-008  6.236E+001 -8.663E-300
 2.570E+013  1.000E-008  6.236E+001 -1.952E-146
 2.590E+013  1.000E-008  6.236E+001 -6.409E-070
 2.610E+013  1.000E-008  6.236E+001 -7.906E-032
 2.630E+013  1.000E-008  6.236E+001 -5.122E-013
 2.650E+013  1.000E-008  6.236E+001  5.122E-013
 2.670E+013  1.000E-008  6.236E+001  7.882E-032
 2.690E+013  1.000E-008  6.236E+001  6.370E-070
 2.710E+013  1.000E-008  6.236E+001  2.561E-013
 2.730E+013  1.000E-008  6.236E+001 -2.561E-013
 2.750E+013  1.000E-008  6.236E+001  7.683E-013
 2.770E+013  1.000E-008  6.236E+001 -7.683E-013
 2.790E+013  1.000E-008  6.236E+001  0.000E+000
 2.810E+013  1.000E-008  6.236E+001  0.000E+000
 2.830E+013  1.000E-008  6.236E+001  1.280E-012
 2.850E+013  1.000E-008  6.236E+001 -2.561E-013
 2.870E+013  1.000E-008  6.236E+001 -1.024E-012
 2.890E+013  1.000E-008  6.236E+001 -3.091E-032
 2.910E+013  1.000E-008  6.236E+001  1.793E-012
 2.930E+013  1.000E-008  6.236E+001 -1.793E-012
 2.950E+013  1.000E-008  6.236E+001  0.000E+000
 2.970E+013  1.000E-008  6.236E+001  0.000E+000
 2.990E+013  1.000E-008  6.236E+001  0.000E+000
 3.010E+013  1.000E-008  6.236E+001  2.561E-013
 3.030E+013  1.000E-008  6.236E+001 -2.561E-013
 3.050E+013  1.000E-008  6.236E+001  2.561E-013
 3.070E+013  1.000E-008  6.236E+001 -2.561E-013
 3.090E+013  1.000E-008  6.236E+001  2.561E-013
 3.110E+013  1.000E-008  6.236E+001  2.561E-013
 3.130E+013  1.000E-008  6.236E+001 -5.122E-013
 3.150E+013  1.000E-008  6.236E+001  0.000E+000
 3.170E+013  1.000E-008  6.236E+001  0.000E+000
 3.190E+013  1.000E-008  6.236E+001  0.000E+000
 3.210E+013  1.000E-008  6.236E+001  0.000E+000
 3.230E+013  1.000E-008  6.236E+001  0.000E+000
 3.250E+013  1.000E-008  6.236E+001  0.000E+000
 3.270E+013  1.000E-008  6.236E+001 -1.318E-304
 3.290E+013  1.000E-008  6.236E+001 -7.617E-149
 3.310E+013  1.000E-008  6.236E+001 -4.003E-071
 3.330E+013  1.000E-008  6.236E+001 -1.976E-032
 3.350E+013  1.000E-008  6.236E+001 -2.561E-013
 3.370E+013  1.000E-008  6.236E+001  2.561E-013
 3.390E+013  1.000E-008  6.236E+001  1.971E-032
 3.410E+013  1.000E-008  6.236E+001  3.984E-071
 3.430E+013  1.000E-008  6.236E+001  7.544E-149
 3.450E+013  1.000E-008  6.236E+001  5.122E-013
 3.470E+013  1.000E-008  6.236E+001 -5.122E-013
 3.490E+013  1.000E-008  6.236E+001  0.000E+000
 3.510E+013  1.000E-008  6.236E+001  0.000E+000
 3.530E+013  1.000E-008  6.236E+001  0.000E+000
 3.550E+013  1.000E-008  6.236E+001  0.000E+000
 3.570E+013  1.000E-008  6.236E+001  5.122E-013
 3.590E+013  1.000E-008  6.236E+001 -2.561E-013
 3.610E+013  1.000E-008  6.236E+001 -1.976E-032
 3.630E+013  1.000E-008  6.236E+001 -2.561E-013
 3.650E+013  1.000E-008  6.236E+001 -2.561E-013
 3.670E+013  1.000E-008  6.236E+001  2.561E-013
 3.690E+013  1.000E-008  6.236E+001  2.561E-013
 3.710E+013  1.000E-008  6.236E+001 -2.561E-013
 3.730E+013  1.000E-008  6.236E+001 -2.122E-035
 3.750E+013  1.000E-008  6.236E+001  2.561E-013
 3.770E+013  1.000E-008  6.236E+001 -2.561E-013
 3.790E+013  1.000E-008  6.236E+001  0.000E+000
 3.810E+013  1.000E-008  6.236E+001  0.000E+000
 3.830E+013  1.000E-008  6.236E+001  2.561E-013
 3.850E+013  1.000E-008  6.236E+001 -2.561E-013
 3.870E+013  1.000E-008  6.236E+001 -1.976E-032
 3.890E+013  1.000E-008  6.236E+001 -2.561E-013
 3.910E+013  1.000E-008  6.236E+001 -5.981E-033
 3.930E+013  1.000E-008  6.236E+001  7.683E-013
 3.950E+013  1.000E-008  6.236E+001 -2.561E-013
 3.970E+013  1.000E-008  6.236E+001  7.683E-013
 3.990E+013  1.000E-008  6.236E+001 -1.024E-012
 4.010E+013  1.000E-008  6.236E+001  0.000E+000
 4.030E+013  1.000E-008  6.236E+001  0.000E+000
 4.050E+013  1.000E-008  6.236E+001  0.000E+000
 4.070E+013  1.000E-008  6.236E+001  0.000E+000
 4.090E+013  1.000E-008  6.236E+001  9.451E-012
 4.110E+013  1.000E-008  6.236E+001 -9.451E-012
 4.130E+013  1.000E-008  6.236E+001  6.650E-012
 4.150E+013  1.000E-008  6.236E+001 -6.650E-012
 4.170E+013  1.000E-008  6.236E+001  2.305E-012
 4.190E+013  1.000E-008  6.236E+001 -2.049E-012
 4.210E+013  1.000E-008  6.236E+001 -1.975E-032
 4.230E+013  1.000E-008  6.236E+001 -2.561E-013
 4.250E+013  1.000E-008  6.236E+001  0.000E+000
 4.270E+013  1.000E-008  6.236E+001  0.000E+000
 4.290E+013  1.000E-008  6.236E+001  0.000E+000
 4.310E+013  1.000E-008  6.236E+001  0.000E+000
 4.330E+013  1.000E-008  6.236E+001  0.000E+000
 4.350E+013  1.000E-008  6.236E+001  0.000E+000
 4.370E+013  1.000E-008  6.236E+001  0.000E+000
 4.390E+013  1.000E-008  6.236E+001  0.000E+000
 4.410E+013  1.000E-008  6.236E+001  0.000E+000
 4.430E+013  1.000E-008  6.236E+001  0.000E+000
 4.450E+013  1.000E-008  6.236E+001  0.000E+000
 4.470E+013  1.000E-008  6.236E+001  2.561E-013
 4.490E+013  1.000E-008  6.236E+001 -3.524E-035
 4.510E+013  1.000E-008  6.236E+001 -2.561E-013
 4.530E+013  1.000E-008  6.236E+001 -1.315E-304
 4.550E+013  1.000E-008  6.236E+001 -7.607E-149
 4.570E+013  1.000E-008  6.236E+001 -4.000E-071
 4.590E+013  1.000E-008  6.236E+001 -1.975E-032
 4.610E+013  1.000E-008  6.236E+001 -2.561E-013
 4.630E+013  1.000E-008  6.236E+001  2.561E-013
 4.650E+013  1.000E-008  6.236E+001  2.561E-013
 4.670E+013  1.000E-008  6.236E+001 -2.561E-013
 4.690E+013  1.000E-008  6.236E+001  2.561E-013
 4.710E+013  1.000E-008  6.236E+001 -2.561E-013
 4.730E+013  1.000E-008  6.236E+001  0.000E+000
 4.750E+013  1.000E-008  6.236E+001  0.000E+000
 4.770E+013  1.000E-008  6.236E+001  0.000E+000
 4.790E+013  1.000E-008  6.236E+001  2.561E-013
 4.810E+013  1.000E-008  6.236E+001 -2.561E-013
 4.830E+013  1.000E-008  6.236E+001 -1.638E-035
 4.850E+013  1.000E-008  6.236E+001  2.561E-013
 4.870E+013  1.000E-008  6.236E+001 -2.561E-013
 4.890E+013  1.000E-008  6.236E+001  0.000E+000
 4.910E+013  1.000E-008  6.236E+001  0.000E+000
 4.930E+013  1.000E-008  6.236E+001  0.000E+000
 4.950E+013  1.000E-008  6.236E+001  0.000E+000
 4.970E+013  1.000E-008  6.236E+001  0.000E+000
 4.990E+013  1.000E-008  6.236E+001  5.122E-013
 5.010E+013  1.000E-008  6.236E+001 -7.683E-013
 5.030E+013  1.000E-008  6.236E+001  2.561E-013
 5.050E+013  1.000E-008  6.236E+001  1.972E-032
 5.070E+013  1.000E-008  6.236E+001  3.987E-071
 5.090E+013  1.000E-008  6.236E+001  7.556E-149
 5.110E+013  1.000E-008  6.236E+001  2.561E-013
 5.130E+013  1.000E-008  6.236E+001 -2.561E-013
 5.150E+013  1.000E-008  6.236E+001  0.000E+000
 5.170E+013  1.000E-008  6.236E+001  0.000E+000
 5.190E+013  1.000E-008  6.236E+001 -1.314E-304
 5.210E+013  1.000E-008  6.236E+001 -7.603E-149
 5.230E+013  1.000E-008  6.236E+001 -3.999E-071
 5.250E+013  1.000E-008  6.236E+001 -1.975E-032
 5.270E+013  1.000E-008  6.236E+001 -2.561E-013
 5.290E+013  1.000E-008  6.236E+001  2.561E-013
 5.310E+013  1.000E-008  6.236E+001  1.972E-032
 5.330E+013  1.000E-008  6.236E+001  3.987E-071
 5.350E+013  1.000E-008  6.236E+001  5.122E-013
 5.370E+013  1.000E-008  6.236E+001 -5.122E-013
 5.390E+013  1.000E-008  6.236E+001  2.602E-033
 5.410E+013  1.000E-008  6.236E+001  2.561E-013
 5.430E+013  1.000E-008  6.236E+001  2.561E-013
 5.450E+013  1.000E-008  6.236E+001  2.561E-013
 5.470E+013  1.000E-008  6.236E+001 -7.683E-013
 5.490E+013  1.000E-008  6.236E+001 -1.975E-032
 5.510E+013  1.000E-008  6.236E+001 -2.561E-013
 5.530E+013  1.000E-008  6.236E+001  5.122E-013
 5.550E+013  1.000E-008  6.236E+001 -1.024E-012
 5.570E+013  1.000E-008  6.236E+001  5.122E-013
 5.590E+013  1.000E-008  6.236E+001  2.561E-013
 5.610E+013  1.000E-008  6.236E+001 -2.561E-013
 5.630E+013  1.000E-008  6.236E+001  2.561E-013
 5.650E+013  1.000E-008  6.236E+001 -1.537E-012
 5.670E+013  1.000E-008  6.236E+001  1.537E-012
 5.690E+013  1.000E-008  6.236E+001  1.537E-012
 5.710E+013  1.000E-008  6.236E+001 -1.537E-012
 5.730E+013  1.000E-008  6.236E+001  1.793E-012
 5.750E+013  1.000E-008  6.236E+001 -3.841E-012
 5.770E+013  1.000E-008  6.236E+001 -2.560E-013
 5.790E+013  1.000E-008  6.236E+001  2.305E-012
 5.810E+013  1.000E-008  6.236E+001  1.224E-011
 5.830E+013  1.000E-008  6.236E+001 -1.224E-011
 5.850E+013  1.000E-008  6.236E+001  0.000E+000
 5.870E+013  1.000E-008  6.236E+001  0.000E+000
 5.890E+013  1.000E-008  6.236E+001  0.000E+000
 5.910E+013  1.000E-008  6.236E+001  0.000E+000
 5.930E+013  1.000E-008  6.236E+001  0.000E+000
 5.950E+013  1.000E-008  6.236E+001  0.000E+000
 5.970E+013  1.000E-008  6.236E+001  0.000E+000
 5.990E+013  1.000E-008  6.236E+001  0.000E+000
 6.010E+013  1.000E-008  6.236E+001  0.000E+000
 6.030E+013  1.000E-008  6.236E+001  2.561E-013
 6.050E+013  1.000E-008  6.236E+001 -2.561E-013
 6.070E+013  1.000E-008  6.236E+001  2.561E-013
 6.090E+013  1.000E-008  6.236E+001 -2.561E-013
 6.110E+013  1.000E-008  6.236E+001  0.000E+000
 6.130E+013  1.000E-008  6.236E+001  0.000E+000
 6.150E+013  1.000E-008  6.236E+001  0.000E+000
 6.170E+013  1.000E-008  6.236E+001  2.561E-013
 6.190E+013  1.000E-008  6.236E+001 -2.561E-013
 6.210E+013  1.000E-008  6.236E+001  0.000E+000
 6.230E+013  1.000E-008  6.236E+001  0.000E+000
 6.250E+013  1.000E-008  6.236E+001  0.000E+000
 6.270E+013  1.000E-008  6.236E+001  0.000E+000
 6.290E+013  1.000E-008  6.236E+001  0.000E+000
 6.310E+013  1.000E-008  6.236E+001  0.000E+000
 6.330E+013  1.000E-008  6.236E+001  0.000E+000
 6.350E+013  1.000E-008  6.236E+001  2.561E-013
 6.370E+013  1.000E-008  6.236E+001 -2.561E-013
 6.390E+013  1.000E-008  6.236E+001  0.000E+000
 6.410E+013  1.000E-008  6.236E+001  0.000E+000
 6.430E+013  1.000E-008  6.236E+001  0.000E+000
 6.450E+013  1.000E-008  6.236E+001  0.000E+000
 6.470E+013  1.000E-008  6.236E+001  2.561E-013
 6.490E+013  1.000E-008  6.236E+001 -2.561E-013
 6.510E+013  1.000E-008  6.236E+001  0.000E+000
 6.530E+013  1.000E-008  6.236E+001  0.000E+000
 6.550E+013  1.000E-008  6.236E+001  0.000E+000
 6.570E+013  1.000E-008  6.236E+001  0.000E+000
 6.590E+013  1.000E-008  6.236E+001  2.561E-013
 6.610E+013  1.000E-008  6.236E+001 -2.561E-013
 6.630E+013  1.000E-008  6.236E+001  0.000E+000
 6.650E+013  1.000E-008  6.236E+001  0.000E+000
 6.670E+013  1.000E-008  6.236E+001  0.000E+000
 6.690E+013  1.000E-008  6.236E+001  2.561E-013
 6.710E+013  1.000E-008  6.236E+001 -2.561E-013
 6.730E+013  1.000E-008  6.236E+001  0.000E+000
 6.750E+013  1.000E-008  6.236E+001  0.000E+000
 6.770E+013  1.000E-008  6.236E+001  2.561E-013
 6.790E+013  1.000E-008  6.236E+001 -2.561E-013
 6.810E+013  1.000E-008  6.236E+001  2.561E-013
 6.830E+013  1.000E-008  6.236E+001 -2.315E-035
 6.850E+013  1.000E-008  6.236E+001 -2.561E-013
 6.870E+013  1.000E-008  6.236E+001  0.000E+000
 6.890E+013  1.000E-008  6.236E+001  0.000E+000
 6.910E+013  1.000E-008  6.236E+001  0.000E+000
 6.930E+013  1.000E-008  6.236E+001  2.561E-013
 6.950E+013  1.000E-008  6.236E+001 -2.561E-013
 6.970E+013  1.000E-008  6.236E+001  0.000E+000
 6.990E+013  1.000E-008  6.236E+001  0.000E+000
 7.010E+013  1.000E-008  6.236E+001  0.000E+000
 7.030E+013  1.000E-008  6.236E+001  0.000E+000
 7.050E+013  1.000E-008  6.236E+001  0.000E+000
 7.070E+013  1.000E-008  6.236E+001  0.000E+000
 7.090E+013  1.000E-008  6.236E+001  0.000E+000
 7.110E+013  1.000E-008  6.236E+001  0.000E+000
 7.130E+013  1.000E-008  6.236E+001  0.000E+000
 7.150E+013  1.000E-008  6.236E+001  0.000E+000
 7.170E+013  1.000E-008  6.236E+001  0.000E+000
 7.190E+013  1.000E-008  6.236E+001  2.561E-013
 7.210E+013  1.000E-008  6.236E+001 -2.561E-013
 7.230E+013  1.000E-008  6.236E+001  0.000E+000
 7.250E+013  1.000E-008  6.236E+001  0.000E+000
 7.270E+013  1.000E-008  6.236E+001  5.122E-013
 7.290E+013  1.000E-008  6.236E+001 -8.675E-035
 7.310E+013  1.000E-008  6.236E+001 -5.122E-013
 7.330E+013  1.000E-008  6.236E+001 -1.975E-032
 7.350E+013  1.000E-008  6.236E+001 -2.561E-013
 7.370E+013  1.000E-008  6.236E+001  2.561E-013
 7.390E+013  1.000E-008  6.236E+001  1.972E-032
 7.410E+013  1.000E-008  6.236E+001  3.989E-071
 7.430E+013  1.000E-008  6.236E+001  7.564E-149
 7.450E+013  1.000E-008  6.236E+001  1.300E-304
 7.470E+013  1.000E-008  6.236E+001  0.000E+000
 7.490E+013  1.000E-008  6.236E+001  0.000E+000
 7.510E+013  1.000E-008  6.236E+001  0.000E+000
 7.530E+013  1.000E-008  6.236E+001  0.000E+000
 7.550E+013  1.000E-008  6.236E+001  0.000E+000
 7.570E+013  1.000E-008  6.236E+001  0.000E+000
 7.590E+013  1.000E-008  6.236E+001  0.000E+000
 7.610E+013  1.000E-008  6.236E+001  0.000E+000
 7.630E+013  1.000E-008  6.236E+001  0.000E+000
 7.650E+013  1.000E-008  6.236E+001  0.000E+000
 7.670E+013  1.000E-008  6.236E+001  5.122E-013
 7.690E+013  1.000E-008  6.236E+001 -5.122E-013
 7.710E+013  1.000E-008  6.236E+001  7.683E-013
 7.730E+013  1.000E-008  6.236E+001 -7.683E-013
 7.750E+013  1.000E-008  6.236E+001  4.675E-033
 7.770E+013  1.000E-008  6.236E+001  5.122E-013
 7.790E+013  1.000E-008  6.236E+001 -1.537E-012
 7.810E+013  1.000E-008  6.236E+001  1.537E-012
 7.830E+013  1.000E-008  6.236E+001 -5.122E-013
 7.850E+013  1.000E-008  6.236E+001 -2.818E-071
 7.870E+013  1.000E-008  6.236E+001 -1.658E-032
 7.890E+013  1.000E-008  6.236E+001 -2.561E-013
 7.910E+013  1.000E-008  6.236E+001 -1.280E-012
 7.930E+013  1.000E-008  6.236E+001  7.682E-013
 7.950E+013  1.000E-008  6.236E+001  7.683E-013
 7.970E+013  1.000E-008  6.236E+001 -1.024E-012
 7.990E+013  1.000E-008  6.236E+001  1.024E-012
 8.010E+013  1.000E-008  6.236E+001  3.156E-031
 8.030E+013  1.000E-008  6.236E+001  1.021E-068
 8.050E+013  1.000E-008  6.236E+001  4.957E-144
 8.070E+013  1.000E-008  6.236E+001 -5.998E-288
 8.090E+013  1.000E-008  6.236E+001 -1.625E-140
 8.110E+013  1.000E-008  6.236E+001 -5.847E-067
 8.130E+013  1.000E-008  6.236E+001 -2.388E-030
 8.150E+013  1.000E-008  6.236E+001 -2.817E-012
 8.170E+013  1.000E-008  6.236E+001  3.585E-012
 8.190E+013  1.000E-008  6.236E+001 -7.683E-013
 8.210E+013  1.000E-008  6.236E+001  0.000E+000
 8.230E+013  1.000E-008  6.236E+001  0.000E+000
 8.250E+013  1.000E-008  6.236E+001  0.000E+000
 8.270E+013  1.000E-008  6.236E+001  0.000E+000
 8.290E+013  1.000E-008  6.236E+001  1.024E-012
 8.310E+013  1.000E-008  6.236E+001 -1.024E-012
 8.330E+013  1.000E-008  6.236E+001 -1.917E-032
 8.350E+013  1.000E-008  6.236E+001  1.537E-012
 8.370E+013  1.000E-008  6.236E+001 -1.280E-012
 8.390E+013  1.000E-008  6.236E+001 -1.975E-032
 8.410E+013  1.000E-008  6.236E+001 -2.561E-013
 8.430E+013  1.000E-008  6.236E+001  2.561E-013
 8.450E+013  1.000E-008  6.236E+001 -1.871E-035
 8.470E+013  1.000E-008  6.236E+001 -2.561E-013
 8.490E+013  1.000E-008  6.236E+001 -9.309E-036
 8.510E+013  1.000E-008  6.236E+001  2.561E-013
 8.530E+013  1.000E-008  6.236E+001 -1.853E-035
 8.550E+013  1.000E-008  6.236E+001 -2.561E-013
 8.570E+013  1.000E-008  6.236E+001 -9.222E-036
 8.590E+013  1.000E-008  6.236E+001  2.561E-013
 8.610E+013  1.000E-008  6.236E+001 -2.561E-013
 8.630E+013  1.000E-008  6.236E+001  0.000E+000
 8.650E+013  1.000E-008  6.236E+001  0.000E+000
 8.670E+013  1.000E-008  6.236E+001  0.000E+000
 8.690E+013  1.000E-008  6.236E+001  0.000E+000
 8.710E+013  1.000E-008  6.236E+001  0.000E+000
 8.730E+013  1.000E-008  6.236E+001  0.000E+000
 8.750E+013  1.000E-008  6.236E+001  2.561E-013
 8.770E+013  1.000E-008  6.236E+001 -2.561E-013
 8.790E+013  1.000E-008  6.236E+001 -8.991E-036
 8.810E+013  1.000E-008  6.236E+001  2.561E-013
 8.830E+013  1.000E-008  6.236E+001 -2.561E-013
 8.850E+013  1.000E-008  6.236E+001  2.561E-013
 8.870E+013  1.000E-008  6.236E+001  2.561E-013
 8.890E+013  1.000E-008  6.236E+001 -5.122E-013
 8.910E+013  1.000E-008  6.236E+001  0.000E+000
 8.930E+013  1.000E-008  6.236E+001  0.000E+000
 8.950E+013  1.000E-008  6.236E+001  0.000E+000
 8.970E+013  1.000E-008  6.236E+001  0.000E+000
 8.990E+013  1.000E-008  6.236E+001  0.000E+000
 9.010E+013  1.000E-008  6.236E+001  2.561E-013
 9.030E+013  1.000E-008  6.236E+001 -1.750E-035
 9.050E+013  1.000E-008  6.236E+001 -2.561E-013
 9.070E+013  1.000E-008  6.236E+001  2.561E-013
 9.090E+013  1.000E-008  6.236E+001 -1.739E-035
 9.110E+013  1.000E-008  6.236E+001 -2.561E-013
 9.130E+013  1.000E-008  6.236E+001  0.000E+000
 9.150E+013  1.000E-008  6.236E+001  0.000E+000
 9.170E+013  1.000E-008  6.236E+001  0.000E+000
 9.190E+013  1.000E-008  6.236E+001  0.000E+000
 9.210E+013  1.000E-008  6.236E+001  0.000E+000
 9.230E+013  1.000E-008  6.236E+001  2.561E-013
 9.250E+013  1.000E-008  6.236E+001 -1.709E-035
 9.270E+013  1.000E-008  6.236E+001 -2.561E-013
 9.290E+013  1.000E-008  6.236E+001  0.000E+000
 9.310E+013  1.000E-008  6.236E+001  0.000E+000
 9.330E+013  1.000E-008  6.236E+001  0.000E+000
 9.350E+013  1.000E-008  6.236E+001  0.000E+000
 9.370E+013  1.000E-008  6.236E+001  2.561E-013
 9.390E+013  1.000E-008  6.236E+001 -2.561E-013
 9.410E+013  1.000E-008  6.236E+001  2.561E-013
 9.430E+013  1.000E-008  6.236E+001 -2.561E-013
 9.450E+013  1.000E-008  6.236E+001  0.000E+000
 9.470E+013  1.000E-008  6.236E+001  0.000E+000
 9.490E+013  1.000E-008  6.236E+001  0.000E+000
 9.510E+013  1.000E-008  6.236E+001  0.000E+000
 9.530E+013  1.000E-008  6.236E+001  2.561E-013
 9.550E+013  1.000E-008  6.236E+001 -2.561E-013
 9.570E+013  1.000E-008  6.236E+001 -3.996E-071
 9.590E+013  1.000E-008  6.236E+001 -1.974E-032
 9.610E+013  1.000E-008  6.236E+001 -2.561E-013
 9.630E+013  1.000E-008  6.236E+001  2.561E-013
 9.650E+013  1.000E-008  6.236E+001  1.973E-032
 9.670E+013  1.000E-008  6.236E+001  2.561E-013
 9.690E+013  1.000E-008  6.236E+001 -2.561E-013
 9.710E+013  1.000E-008  6.236E+001  0.000E+000
 9.730E+013  1.000E-008  6.236E+001  0.000E+000
 9.750E+013  1.000E-008  6.236E+001  0.000E+000
 9.770E+013  1.000E-008  6.236E+001  0.000E+000
 9.790E+013  1.000E-008  6.236E+001  0.000E+000
 9.810E+013  1.000E-008  6.236E+001  0.000E+000
 9.830E+013  1.000E-008  6.236E+001  0.000E+000
 9.850E+013  1.000E-008  6.236E+001  0.000E+000
 9.870E+013  1.000E-008  6.236E+001  0.000E+000
 9.890E+013  1.000E-008  6.236E+001  0.000E+000
 9.910E+013  1.000E-008  6.236E+001  0.000E+000
 9.930E+013  1.000E-008  6.236E+001  0.000E+000
 9.950E+013  1.000E-008  6.236E+001  2.561E-013
 9.970E+013  1.000E-008  6.236E+001 -2.561E-013
 9.990E+013  1.000E-008  6.236E+001  0.000E+000
 1.001E+014  1.000E-099  1.000E-099  0.000E+000
 1.003E+014  1.000E-099  1.000E-099  0.000E+000
 2.286E-003
