 2.941E+005
     x1b        dens       energ       v1
 1.000E+011  1.216E-011  4.887E+006  0.000E+000
 3.000E+011  1.219E-011  4.885E+006  1.447E+005
 5.000E+011  1.229E-011  4.886E+006  3.335E+005
 7.000E+011  1.247E-011  4.885E+006  4.869E+005
 9.000E+011  1.273E-011  4.885E+006  6.546E+005
 1.100E+012  1.305E-011  4.885E+006  8.160E+005
 1.300E+012  1.340E-011  4.885E+006  9.801E+005
 1.500E+012  1.376E-011  4.885E+006  1.143E+006
 1.700E+012  1.413E-011  4.885E+006  1.307E+006
 1.900E+012  1.447E-011  4.885E+006  1.470E+006
 2.100E+012  1.475E-011  4.885E+006  1.633E+006
 2.300E+012  1.490E-011  4.885E+006  1.796E+006
 2.500E+012  1.494E-011  4.885E+006  1.960E+006
 2.700E+012  1.494E-011  4.885E+006  2.123E+006
 2.900E+012  1.494E-011  4.885E+006  2.286E+006
 3.100E+012  1.493E-011  4.885E+006  2.450E+006
 3.300E+012  1.492E-011  4.886E+006  2.613E+006
 3.500E+012  1.489E-011  4.886E+006  2.776E+006
 3.700E+012  1.487E-011  4.886E+006  2.940E+006
 3.900E+012  1.486E-011  4.886E+006  3.103E+006
 4.100E+012  1.485E-011  4.886E+006  3.266E+006
 4.300E+012  1.486E-011  4.886E+006  3.429E+006
 4.500E+012  1.487E-011  4.886E+006  3.593E+006
 4.700E+012  1.489E-011  4.886E+006  3.756E+006
 4.900E+012  1.492E-011  4.886E+006  3.919E+006
 5.100E+012  1.499E-011  4.886E+006  4.083E+006
 5.300E+012  1.509E-011  4.886E+006  4.246E+006
 5.500E+012  1.523E-011  4.886E+006  4.409E+006
 5.700E+012  1.543E-011  4.886E+006  4.573E+006
 5.900E+012  1.569E-011  4.886E+006  4.736E+006
 6.100E+012  1.603E-011  4.886E+006  4.900E+006
 6.300E+012  1.646E-011  4.886E+006  5.063E+006
 6.500E+012  1.701E-011  4.886E+006  5.227E+006
 6.700E+012  1.769E-011  4.886E+006  5.391E+006
 6.900E+012  1.852E-011  4.886E+006  5.554E+006
 7.100E+012  1.954E-011  4.887E+006  5.718E+006
 7.300E+012  2.078E-011  4.887E+006  5.882E+006
 7.500E+012  2.228E-011  4.887E+006  6.047E+006
 7.700E+012  2.409E-011  4.887E+006  6.211E+006
 7.900E+012  2.627E-011  4.887E+006  6.376E+006
 8.100E+012  2.889E-011  4.887E+006  6.541E+006
 8.300E+012  3.202E-011  4.887E+006  6.706E+006
 8.500E+012  3.576E-011  4.887E+006  6.872E+006
 8.700E+012  4.020E-011  4.888E+006  7.037E+006
 8.900E+012  4.544E-011  4.888E+006  7.202E+006
 9.100E+012  5.157E-011  4.888E+006  7.367E+006
 9.300E+012  5.869E-011  4.888E+006  7.532E+006
 9.500E+012  6.685E-011  4.889E+006  7.696E+006
 9.700E+012  7.610E-011  4.889E+006  7.860E+006
 9.900E+012  8.644E-011  4.890E+006  8.024E+006
 1.010E+013  9.781E-011  4.890E+006  8.187E+006
 1.030E+013  1.101E-010  4.891E+006  8.350E+006
 1.050E+013  1.233E-010  4.892E+006  8.512E+006
 1.070E+013  1.372E-010  4.893E+006  8.674E+006
 1.090E+013  1.517E-010  4.894E+006  8.837E+006
 1.110E+013  1.666E-010  4.895E+006  8.999E+006
 1.130E+013  1.820E-010  4.896E+006  9.162E+006
 1.150E+013  1.977E-010  4.897E+006  9.325E+006
 1.170E+013  2.139E-010  4.899E+006  9.488E+006
 1.190E+013  2.304E-010  4.901E+006  9.651E+006
 1.210E+013  2.474E-010  4.902E+006  9.815E+006
 1.230E+013  2.650E-010  4.904E+006  9.979E+006
 1.250E+013  2.833E-010  4.907E+006  1.014E+007
 1.270E+013  3.023E-010  4.909E+006  1.031E+007
 1.290E+013  3.223E-010  4.911E+006  1.047E+007
 1.310E+013  3.435E-010  4.914E+006  1.064E+007
 1.330E+013  3.659E-010  4.917E+006  1.080E+007
 1.350E+013  3.897E-010  4.920E+006  1.097E+007
 1.370E+013  4.151E-010  4.924E+006  1.113E+007
 1.390E+013  4.423E-010  4.928E+006  1.130E+007
 1.410E+013  4.713E-010  4.932E+006  1.147E+007
 1.430E+013  5.024E-010  4.936E+006  1.163E+007
 1.450E+013  5.356E-010  4.941E+006  1.180E+007
 1.470E+013  5.711E-010  4.946E+006  1.197E+007
 1.490E+013  6.088E-010  4.952E+006  1.214E+007
 1.510E+013  6.488E-010  4.958E+006  1.230E+007
 1.530E+013  6.911E-010  4.964E+006  1.247E+007
 1.550E+013  7.357E-010  4.971E+006  1.264E+007
 1.570E+013  7.825E-010  4.979E+006  1.281E+007
 1.590E+013  8.316E-010  4.987E+006  1.298E+007
 1.610E+013  8.830E-010  4.996E+006  1.315E+007
 1.630E+013  9.365E-010  5.005E+006  1.332E+007
 1.650E+013  9.923E-010  5.015E+006  1.349E+007
 1.670E+013  1.050E-009  5.026E+006  1.366E+007
 1.690E+013  1.111E-009  5.038E+006  1.384E+007
 1.710E+013  1.174E-009  5.051E+006  1.401E+007
 1.730E+013  1.241E-009  5.064E+006  1.418E+007
 1.750E+013  1.310E-009  5.078E+006  1.436E+007
 1.770E+013  1.383E-009  5.094E+006  1.454E+007
 1.790E+013  1.459E-009  5.110E+006  1.471E+007
 1.810E+013  1.540E-009  5.128E+006  1.489E+007
 1.830E+013  1.625E-009  5.146E+006  1.507E+007
 1.850E+013  1.714E-009  5.167E+006  1.525E+007
 1.870E+013  1.809E-009  5.188E+006  1.543E+007
 1.890E+013  1.910E-009  5.211E+006  1.562E+007
 1.910E+013  2.016E-009  5.235E+006  1.580E+007
 1.930E+013  2.128E-009  5.262E+006  1.599E+007
 1.950E+013  2.247E-009  5.290E+006  1.618E+007
 1.970E+013  2.372E-009  5.320E+006  1.637E+007
 1.990E+013  2.505E-009  5.352E+006  1.656E+007
 2.010E+013  2.644E-009  5.386E+006  1.675E+007
 2.030E+013  2.791E-009  5.423E+006  1.695E+007
 2.050E+013  2.946E-009  5.462E+006  1.715E+007
 2.070E+013  3.109E-009  5.504E+006  1.735E+007
 2.090E+013  3.281E-009  5.549E+006  1.755E+007
 2.110E+013  3.463E-009  5.597E+006  1.775E+007
 2.130E+013  3.655E-009  5.648E+006  1.796E+007
 2.150E+013  3.857E-009  5.703E+006  1.817E+007
 2.170E+013  4.071E-009  5.761E+006  1.839E+007
 2.190E+013  4.297E-009  5.824E+006  1.860E+007
 2.210E+013  4.536E-009  5.891E+006  1.882E+007
 2.230E+013  4.790E-009  5.962E+006  1.905E+007
 2.250E+013  5.058E-009  6.039E+006  1.927E+007
 2.270E+013  5.343E-009  6.121E+006  1.950E+007
 2.290E+013  5.646E-009  6.209E+006  1.974E+007
 2.310E+013  5.967E-009  6.303E+006  1.997E+007
 2.330E+013  6.308E-009  6.403E+006  2.022E+007
 2.350E+013  6.671E-009  6.511E+006  2.046E+007
 2.370E+013  7.058E-009  6.627E+006  2.071E+007
 2.390E+013  7.471E-009  6.751E+006  2.097E+007
 2.410E+013  7.912E-009  6.885E+006  2.123E+007
 2.430E+013  8.385E-009  7.028E+006  2.150E+007
 2.450E+013  8.891E-009  7.182E+006  2.177E+007
 2.470E+013  9.436E-009  7.348E+006  2.204E+007
 2.490E+013  1.002E-008  7.526E+006  2.233E+007
 2.510E+013  1.065E-008  7.719E+006  2.262E+007
 2.530E+013  1.134E-008  7.927E+006  2.291E+007
 2.550E+013  1.208E-008  8.151E+006  2.321E+007
 2.570E+013  1.288E-008  8.394E+006  2.352E+007
 2.590E+013  1.376E-008  8.657E+006  2.383E+007
 2.610E+013  1.471E-008  8.942E+006  2.416E+007
 2.630E+013  1.575E-008  9.252E+006  2.448E+007
 2.650E+013  1.688E-008  9.587E+006  2.482E+007
 2.670E+013  1.813E-008  9.953E+006  2.516E+007
 2.690E+013  1.949E-008  1.035E+007  2.551E+007
 2.710E+013  2.099E-008  1.078E+007  2.587E+007
 2.730E+013  2.263E-008  1.125E+007  2.622E+007
 2.750E+013  2.448E-008  1.179E+007  2.660E+007
 2.770E+013  2.649E-008  1.236E+007  2.700E+007
 2.790E+013  2.859E-008  1.288E+007  2.732E+007
 2.810E+013  3.121E-008  1.371E+007  2.765E+007
 2.830E+013  3.453E-008  1.495E+007  2.844E+007
 2.850E+013  3.556E-008  1.470E+007  2.884E+007
 2.870E+013  3.196E-008  1.093E+007  2.761E+007
 2.890E+013  2.066E-008  3.849E+006  2.262E+007
 2.910E+013  1.275E-008  4.139E+005  1.315E+007
 2.930E+013  1.034E-008  3.494E+003  3.427E+006
 2.950E+013  1.001E-008  6.248E+001  1.210E+005
 2.970E+013  1.000E-008  6.236E+001  6.175E+001
 2.990E+013  1.000E-008  6.236E+001  8.340E-006
 3.010E+013  1.000E-008  6.236E+001  1.139E-012
 3.030E+013  1.000E-008  6.236E+001 -1.045E-012
 3.050E+013  1.000E-008  6.236E+001  1.045E-012
 3.070E+013  1.000E-008  6.236E+001 -1.045E-012
 3.090E+013  1.000E-008  6.236E+001  1.045E-012
 3.110E+013  1.000E-008  6.236E+001  1.045E-012
 3.130E+013  1.000E-008  6.236E+001 -2.090E-012
 3.150E+013  1.000E-008  6.236E+001  0.000E+000
 3.170E+013  1.000E-008  6.236E+001  0.000E+000
 3.190E+013  1.000E-008  6.236E+001  0.000E+000
 3.210E+013  1.000E-008  6.236E+001  0.000E+000
 3.230E+013  1.000E-008  6.236E+001  0.000E+000
 3.250E+013  1.000E-008  6.236E+001  0.000E+000
 3.270E+013  1.000E-008  6.236E+001 -1.157E-285
 3.290E+013  1.000E-008  6.236E+001 -1.109E-139
 3.310E+013  1.000E-008  6.236E+001 -7.534E-067
 3.330E+013  1.000E-008  6.236E+001 -1.340E-030
 3.350E+013  1.000E-008  6.236E+001 -1.045E-012
 3.370E+013  1.000E-008  6.236E+001  1.045E-012
 3.390E+013  1.000E-008  6.236E+001  1.337E-030
 3.410E+013  1.000E-008  6.236E+001  7.498E-067
 3.430E+013  1.000E-008  6.236E+001  1.098E-139
 3.450E+013  1.000E-008  6.236E+001  2.090E-012
 3.470E+013  1.000E-008  6.236E+001 -2.090E-012
 3.490E+013  1.000E-008  6.236E+001  0.000E+000
 3.510E+013  1.000E-008  6.236E+001  0.000E+000
 3.530E+013  1.000E-008  6.236E+001  0.000E+000
 3.550E+013  1.000E-008  6.236E+001  0.000E+000
 3.570E+013  1.000E-008  6.236E+001  2.090E-012
 3.590E+013  1.000E-008  6.236E+001 -1.045E-012
 3.610E+013  1.000E-008  6.236E+001 -1.340E-030
 3.630E+013  1.000E-008  6.236E+001 -1.045E-012
 3.650E+013  1.000E-008  6.236E+001 -1.045E-012
 3.670E+013  1.000E-008  6.236E+001  1.045E-012
 3.690E+013  1.000E-008  6.236E+001  1.045E-012
 3.710E+013  1.000E-008  6.236E+001 -1.045E-012
 3.730E+013  1.000E-008  6.236E+001 -1.439E-033
 3.750E+013  1.000E-008  6.236E+001  1.045E-012
 3.770E+013  1.000E-008  6.236E+001 -1.045E-012
 3.790E+013  1.000E-008  6.236E+001  0.000E+000
 3.810E+013  1.000E-008  6.236E+001  0.000E+000
 3.830E+013  1.000E-008  6.236E+001  1.045E-012
 3.850E+013  1.000E-008  6.236E+001 -1.045E-012
 3.870E+013  1.000E-008  6.236E+001 -1.340E-030
 3.890E+013  1.000E-008  6.236E+001 -1.045E-012
 3.910E+013  1.000E-008  6.236E+001 -4.057E-031
 3.930E+013  1.000E-008  6.236E+001  3.134E-012
 3.950E+013  1.000E-008  6.236E+001 -1.045E-012
 3.970E+013  1.000E-008  6.236E+001  3.134E-012
 3.990E+013  1.000E-008  6.236E+001 -4.179E-012
 4.010E+013  1.000E-008  6.236E+001  0.000E+000
 4.030E+013  1.000E-008  6.236E+001  0.000E+000
 4.050E+013  1.000E-008  6.236E+001  0.000E+000
 4.070E+013  1.000E-008  6.236E+001  0.000E+000
 4.090E+013  1.000E-008  6.236E+001  3.863E-011
 4.110E+013  1.000E-008  6.236E+001 -3.863E-011
 4.130E+013  1.000E-008  6.236E+001  2.716E-011
 4.150E+013  1.000E-008  6.236E+001 -2.716E-011
 4.170E+013  1.000E-008  6.236E+001  9.403E-012
 4.190E+013  1.000E-008  6.236E+001 -8.358E-012
 4.210E+013  1.000E-008  6.236E+001 -1.340E-030
 4.230E+013  1.000E-008  6.236E+001 -1.045E-012
 4.250E+013  1.000E-008  6.236E+001  0.000E+000
 4.270E+013  1.000E-008  6.236E+001  0.000E+000
 4.290E+013  1.000E-008  6.236E+001  0.000E+000
 4.310E+013  1.000E-008  6.236E+001  0.000E+000
 4.330E+013  1.000E-008  6.236E+001  0.000E+000
 4.350E+013  1.000E-008  6.236E+001  0.000E+000
 4.370E+013  1.000E-008  6.236E+001  0.000E+000
 4.390E+013  1.000E-008  6.236E+001  0.000E+000
 4.410E+013  1.000E-008  6.236E+001  0.000E+000
 4.430E+013  1.000E-008  6.236E+001  0.000E+000
 4.450E+013  1.000E-008  6.236E+001  0.000E+000
 4.470E+013  1.000E-008  6.236E+001  1.045E-012
 4.490E+013  1.000E-008  6.236E+001 -2.390E-033
 4.510E+013  1.000E-008  6.236E+001 -1.045E-012
 4.530E+013  1.000E-008  6.236E+001 -1.154E-285
 4.550E+013  1.000E-008  6.236E+001 -1.107E-139
 4.570E+013  1.000E-008  6.236E+001 -7.529E-067
 4.590E+013  1.000E-008  6.236E+001 -1.340E-030
 4.610E+013  1.000E-008  6.236E+001 -1.045E-012
 4.630E+013  1.000E-008  6.236E+001  1.045E-012
 4.650E+013  1.000E-008  6.236E+001  1.045E-012
 4.670E+013  1.000E-008  6.236E+001 -1.045E-012
 4.690E+013  1.000E-008  6.236E+001  1.045E-012
 4.710E+013  1.000E-008  6.236E+001 -1.045E-012
 4.730E+013  1.000E-008  6.236E+001  0.000E+000
 4.750E+013  1.000E-008  6.236E+001  0.000E+000
 4.770E+013  1.000E-008  6.236E+001  0.000E+000
 4.790E+013  1.000E-008  6.236E+001  1.045E-012
 4.810E+013  1.000E-008  6.236E+001 -1.045E-012
 4.830E+013  1.000E-008  6.236E+001 -1.111E-033
 4.850E+013  1.000E-008  6.236E+001  1.045E-012
 4.870E+013  1.000E-008  6.236E+001 -1.045E-012
 4.890E+013  1.000E-008  6.236E+001  0.000E+000
 4.910E+013  1.000E-008  6.236E+001  0.000E+000
 4.930E+013  1.000E-008  6.236E+001  0.000E+000
 4.950E+013  1.000E-008  6.236E+001  0.000E+000
 4.970E+013  1.000E-008  6.236E+001  0.000E+000
 4.990E+013  1.000E-008  6.236E+001  2.090E-012
 5.010E+013  1.000E-008  6.236E+001 -3.134E-012
 5.030E+013  1.000E-008  6.236E+001  1.045E-012
 5.050E+013  1.000E-008  6.236E+001  1.337E-030
 5.070E+013  1.000E-008  6.236E+001  7.504E-067
 5.090E+013  1.000E-008  6.236E+001  1.100E-139
 5.110E+013  1.000E-008  6.236E+001  1.045E-012
 5.130E+013  1.000E-008  6.236E+001 -1.045E-012
 5.150E+013  1.000E-008  6.236E+001  0.000E+000
 5.170E+013  1.000E-008  6.236E+001  0.000E+000
 5.190E+013  1.000E-008  6.236E+001 -1.153E-285
 5.210E+013  1.000E-008  6.236E+001 -1.107E-139
 5.230E+013  1.000E-008  6.236E+001 -7.527E-067
 5.250E+013  1.000E-008  6.236E+001 -1.340E-030
 5.270E+013  1.000E-008  6.236E+001 -1.045E-012
 5.290E+013  1.000E-008  6.236E+001  1.045E-012
 5.310E+013  1.000E-008  6.236E+001  1.338E-030
 5.330E+013  1.000E-008  6.236E+001  7.504E-067
 5.350E+013  1.000E-008  6.236E+001  2.090E-012
 5.370E+013  1.000E-008  6.236E+001 -2.090E-012
 5.390E+013  1.000E-008  6.236E+001  1.765E-031
 5.410E+013  1.000E-008  6.236E+001  1.045E-012
 5.430E+013  1.000E-008  6.236E+001  1.045E-012
 5.450E+013  1.000E-008  6.236E+001  1.045E-012
 5.470E+013  1.000E-008  6.236E+001 -3.134E-012
 5.490E+013  1.000E-008  6.236E+001 -1.340E-030
 5.510E+013  1.000E-008  6.236E+001 -1.045E-012
 5.530E+013  1.000E-008  6.236E+001  2.090E-012
 5.550E+013  1.000E-008  6.236E+001 -4.179E-012
 5.570E+013  1.000E-008  6.236E+001  2.090E-012
 5.590E+013  1.000E-008  6.236E+001  1.045E-012
 5.610E+013  1.000E-008  6.236E+001 -1.045E-012
 5.630E+013  1.000E-008  6.236E+001  1.045E-012
 5.650E+013  1.000E-008  6.236E+001 -6.269E-012
 5.670E+013  1.000E-008  6.236E+001  6.269E-012
 5.690E+013  1.000E-008  6.236E+001  6.269E-012
 5.710E+013  1.000E-008  6.236E+001 -6.269E-012
 5.730E+013  1.000E-008  6.236E+001  7.314E-012
 5.750E+013  1.000E-008  6.236E+001 -1.567E-011
 5.770E+013  1.000E-008  6.236E+001 -1.045E-012
 5.790E+013  1.000E-008  6.236E+001  9.403E-012
 5.810E+013  1.000E-008  6.236E+001  5.010E-011
 5.830E+013  1.000E-008  6.236E+001 -5.010E-011
 5.850E+013  1.000E-008  6.236E+001  0.000E+000
 5.870E+013  1.000E-008  6.236E+001  0.000E+000
 5.890E+013  1.000E-008  6.236E+001  0.000E+000
 5.910E+013  1.000E-008  6.236E+001  0.000E+000
 5.930E+013  1.000E-008  6.236E+001  0.000E+000
 5.950E+013  1.000E-008  6.236E+001  0.000E+000
 5.970E+013  1.000E-008  6.236E+001  0.000E+000
 5.990E+013  1.000E-008  6.236E+001  0.000E+000
 6.010E+013  1.000E-008  6.236E+001  0.000E+000
 6.030E+013  1.000E-008  6.236E+001  1.045E-012
 6.050E+013  1.000E-008  6.236E+001 -1.045E-012
 6.070E+013  1.000E-008  6.236E+001  1.045E-012
 6.090E+013  1.000E-008  6.236E+001 -1.045E-012
 6.110E+013  1.000E-008  6.236E+001  0.000E+000
 6.130E+013  1.000E-008  6.236E+001  0.000E+000
 6.150E+013  1.000E-008  6.236E+001  0.000E+000
 6.170E+013  1.000E-008  6.236E+001  1.045E-012
 6.190E+013  1.000E-008  6.236E+001 -1.045E-012
 6.210E+013  1.000E-008  6.236E+001  0.000E+000
 6.230E+013  1.000E-008  6.236E+001  0.000E+000
 6.250E+013  1.000E-008  6.236E+001  0.000E+000
 6.270E+013  1.000E-008  6.236E+001  0.000E+000
 6.290E+013  1.000E-008  6.236E+001  0.000E+000
 6.310E+013  1.000E-008  6.236E+001  0.000E+000
 6.330E+013  1.000E-008  6.236E+001  0.000E+000
 6.350E+013  1.000E-008  6.236E+001  1.045E-012
 6.370E+013  1.000E-008  6.236E+001 -1.045E-012
 6.390E+013  1.000E-008  6.236E+001  0.000E+000
 6.410E+013  1.000E-008  6.236E+001  0.000E+000
 6.430E+013  1.000E-008  6.236E+001  0.000E+000
 6.450E+013  1.000E-008  6.236E+001  0.000E+000
 6.470E+013  1.000E-008  6.236E+001  1.045E-012
 6.490E+013  1.000E-008  6.236E+001 -1.045E-012
 6.510E+013  1.000E-008  6.236E+001  0.000E+000
 6.530E+013  1.000E-008  6.236E+001  0.000E+000
 6.550E+013  1.000E-008  6.236E+001  0.000E+000
 6.570E+013  1.000E-008  6.236E+001  0.000E+000
 6.590E+013  1.000E-008  6.236E+001  1.045E-012
 6.610E+013  1.000E-008  6.236E+001 -1.045E-012
 6.630E+013  1.000E-008  6.236E+001  0.000E+000
 6.650E+013  1.000E-008  6.236E+001  0.000E+000
 6.670E+013  1.000E-008  6.236E+001  0.000E+000
 6.690E+013  1.000E-008  6.236E+001  1.045E-012
 6.710E+013  1.000E-008  6.236E+001 -1.045E-012
 6.730E+013  1.000E-008  6.236E+001  0.000E+000
 6.750E+013  1.000E-008  6.236E+001  0.000E+000
 6.770E+013  1.000E-008  6.236E+001  1.045E-012
 6.790E+013  1.000E-008  6.236E+001 -1.045E-012
 6.810E+013  1.000E-008  6.236E+001  1.045E-012
 6.830E+013  1.000E-008  6.236E+001 -1.570E-033
 6.850E+013  1.000E-008  6.236E+001 -1.045E-012
 6.870E+013  1.000E-008  6.236E+001  0.000E+000
 6.890E+013  1.000E-008  6.236E+001  0.000E+000
 6.910E+013  1.000E-008  6.236E+001  0.000E+000
 6.930E+013  1.000E-008  6.236E+001  1.045E-012
 6.950E+013  1.000E-008  6.236E+001 -1.045E-012
 6.970E+013  1.000E-008  6.236E+001  0.000E+000
 6.990E+013  1.000E-008  6.236E+001  0.000E+000
 7.010E+013  1.000E-008  6.236E+001  0.000E+000
 7.030E+013  1.000E-008  6.236E+001  0.000E+000
 7.050E+013  1.000E-008  6.236E+001  0.000E+000
 7.070E+013  1.000E-008  6.236E+001  0.000E+000
 7.090E+013  1.000E-008  6.236E+001  0.000E+000
 7.110E+013  1.000E-008  6.236E+001  0.000E+000
 7.130E+013  1.000E-008  6.236E+001  0.000E+000
 7.150E+013  1.000E-008  6.236E+001  0.000E+000
 7.170E+013  1.000E-008  6.236E+001  0.000E+000
 7.190E+013  1.000E-008  6.236E+001  1.045E-012
 7.210E+013  1.000E-008  6.236E+001 -1.045E-012
 7.230E+013  1.000E-008  6.236E+001  0.000E+000
 7.250E+013  1.000E-008  6.236E+001  0.000E+000
 7.270E+013  1.000E-008  6.236E+001  2.090E-012
 7.290E+013  1.000E-008  6.236E+001 -5.884E-033
 7.310E+013  1.000E-008  6.236E+001 -2.090E-012
 7.330E+013  1.000E-008  6.236E+001 -1.339E-030
 7.350E+013  1.000E-008  6.236E+001 -1.045E-012
 7.370E+013  1.000E-008  6.236E+001  1.045E-012
 7.390E+013  1.000E-008  6.236E+001  1.338E-030
 7.410E+013  1.000E-008  6.236E+001  7.507E-067
 7.430E+013  1.000E-008  6.236E+001  1.101E-139
 7.450E+013  1.000E-008  6.236E+001  1.141E-285
 7.470E+013  1.000E-008  6.236E+001  0.000E+000
 7.490E+013  1.000E-008  6.236E+001  0.000E+000
 7.510E+013  1.000E-008  6.236E+001  0.000E+000
 7.530E+013  1.000E-008  6.236E+001  0.000E+000
 7.550E+013  1.000E-008  6.236E+001  0.000E+000
 7.570E+013  1.000E-008  6.236E+001  0.000E+000
 7.590E+013  1.000E-008  6.236E+001  0.000E+000
 7.610E+013  1.000E-008  6.236E+001  0.000E+000
 7.630E+013  1.000E-008  6.236E+001  0.000E+000
 7.650E+013  1.000E-008  6.236E+001  0.000E+000
 7.670E+013  1.000E-008  6.236E+001  2.090E-012
 7.690E+013  1.000E-008  6.236E+001 -2.090E-012
 7.710E+013  1.000E-008  6.236E+001  3.134E-012
 7.730E+013  1.000E-008  6.236E+001 -3.134E-012
 7.750E+013  1.000E-008  6.236E+001  3.171E-031
 7.770E+013  1.000E-008  6.236E+001  2.090E-012
 7.790E+013  1.000E-008  6.236E+001 -6.269E-012
 7.810E+013  1.000E-008  6.236E+001  6.269E-012
 7.830E+013  1.000E-008  6.236E+001 -2.090E-012
 7.850E+013  1.000E-008  6.236E+001 -5.304E-067
 7.870E+013  1.000E-008  6.236E+001 -1.124E-030
 7.890E+013  1.000E-008  6.236E+001 -1.045E-012
 7.910E+013  1.000E-008  6.236E+001 -5.224E-012
 7.930E+013  1.000E-008  6.236E+001  3.134E-012
 7.950E+013  1.000E-008  6.236E+001  3.134E-012
 7.970E+013  1.000E-008  6.236E+001 -4.179E-012
 7.990E+013  1.000E-008  6.236E+001  4.179E-012
 8.010E+013  1.000E-008  6.236E+001  2.141E-029
 8.030E+013  1.000E-008  6.236E+001  1.922E-064
 8.050E+013  1.000E-008  6.236E+001  7.216E-135
 8.070E+013  1.000E-008  6.236E+001 -5.279E-269
 8.090E+013  1.000E-008  6.236E+001 -2.368E-131
 8.110E+013  1.000E-008  6.236E+001 -1.101E-062
 8.130E+013  1.000E-008  6.236E+001 -1.620E-028
 8.150E+013  1.000E-008  6.236E+001 -1.149E-011
 8.170E+013  1.000E-008  6.236E+001  1.463E-011
 8.190E+013  1.000E-008  6.236E+001 -3.134E-012
 8.210E+013  1.000E-008  6.236E+001  0.000E+000
 8.230E+013  1.000E-008  6.236E+001  0.000E+000
 8.250E+013  1.000E-008  6.236E+001  0.000E+000
 8.270E+013  1.000E-008  6.236E+001  0.000E+000
 8.290E+013  1.000E-008  6.236E+001  4.179E-012
 8.310E+013  1.000E-008  6.236E+001 -4.179E-012
 8.330E+013  1.000E-008  6.236E+001 -1.300E-030
 8.350E+013  1.000E-008  6.236E+001  6.269E-012
 8.370E+013  1.000E-008  6.236E+001 -5.224E-012
 8.390E+013  1.000E-008  6.236E+001 -1.339E-030
 8.410E+013  1.000E-008  6.236E+001 -1.045E-012
 8.430E+013  1.000E-008  6.236E+001  1.045E-012
 8.450E+013  1.000E-008  6.236E+001 -1.269E-033
 8.470E+013  1.000E-008  6.236E+001 -1.045E-012
 8.490E+013  1.000E-008  6.236E+001 -6.314E-034
 8.510E+013  1.000E-008  6.236E+001  1.045E-012
 8.530E+013  1.000E-008  6.236E+001 -1.257E-033
 8.550E+013  1.000E-008  6.236E+001 -1.045E-012
 8.570E+013  1.000E-008  6.236E+001 -6.255E-034
 8.590E+013  1.000E-008  6.236E+001  1.045E-012
 8.610E+013  1.000E-008  6.236E+001 -1.045E-012
 8.630E+013  1.000E-008  6.236E+001  0.000E+000
 8.650E+013  1.000E-008  6.236E+001  0.000E+000
 8.670E+013  1.000E-008  6.236E+001  0.000E+000
 8.690E+013  1.000E-008  6.236E+001  0.000E+000
 8.710E+013  1.000E-008  6.236E+001  0.000E+000
 8.730E+013  1.000E-008  6.236E+001  0.000E+000
 8.750E+013  1.000E-008  6.236E+001  1.045E-012
 8.770E+013  1.000E-008  6.236E+001 -1.045E-012
 8.790E+013  1.000E-008  6.236E+001 -6.098E-034
 8.810E+013  1.000E-008  6.236E+001  1.045E-012
 8.830E+013  1.000E-008  6.236E+001 -1.045E-012
 8.850E+013  1.000E-008  6.236E+001  1.045E-012
 8.870E+013  1.000E-008  6.236E+001  1.045E-012
 8.890E+013  1.000E-008  6.236E+001 -2.090E-012
 8.910E+013  1.000E-008  6.236E+001  0.000E+000
 8.930E+013  1.000E-008  6.236E+001  0.000E+000
 8.950E+013  1.000E-008  6.236E+001  0.000E+000
 8.970E+013  1.000E-008  6.236E+001  0.000E+000
 8.990E+013  1.000E-008  6.236E+001  0.000E+000
 9.010E+013  1.000E-008  6.236E+001  1.045E-012
 9.030E+013  1.000E-008  6.236E+001 -1.187E-033
 9.050E+013  1.000E-008  6.236E+001 -1.045E-012
 9.070E+013  1.000E-008  6.236E+001  1.045E-012
 9.090E+013  1.000E-008  6.236E+001 -1.179E-033
 9.110E+013  1.000E-008  6.236E+001 -1.045E-012
 9.130E+013  1.000E-008  6.236E+001  0.000E+000
 9.150E+013  1.000E-008  6.236E+001  0.000E+000
 9.170E+013  1.000E-008  6.236E+001  0.000E+000
 9.190E+013  1.000E-008  6.236E+001  0.000E+000
 9.210E+013  1.000E-008  6.236E+001  0.000E+000
 9.230E+013  1.000E-008  6.236E+001  1.045E-012
 9.250E+013  1.000E-008  6.236E+001 -1.159E-033
 9.270E+013  1.000E-008  6.236E+001 -1.045E-012
 9.290E+013  1.000E-008  6.236E+001  0.000E+000
 9.310E+013  1.000E-008  6.236E+001  0.000E+000
 9.330E+013  1.000E-008  6.236E+001  0.000E+000
 9.350E+013  1.000E-008  6.236E+001  0.000E+000
 9.370E+013  1.000E-008  6.236E+001  1.045E-012
 9.390E+013  1.000E-008  6.236E+001 -1.045E-012
 9.410E+013  1.000E-008  6.236E+001  1.045E-012
 9.430E+013  1.000E-008  6.236E+001 -1.045E-012
 9.450E+013  1.000E-008  6.236E+001  0.000E+000
 9.470E+013  1.000E-008  6.236E+001  0.000E+000
 9.490E+013  1.000E-008  6.236E+001  0.000E+000
 9.510E+013  1.000E-008  6.236E+001  0.000E+000
 9.530E+013  1.000E-008  6.236E+001  1.045E-012
 9.550E+013  1.000E-008  6.236E+001 -1.045E-012
 9.570E+013  1.000E-008  6.236E+001 -7.522E-067
 9.590E+013  1.000E-008  6.236E+001 -1.339E-030
 9.610E+013  1.000E-008  6.236E+001 -1.045E-012
 9.630E+013  1.000E-008  6.236E+001  1.045E-012
 9.650E+013  1.000E-008  6.236E+001  1.338E-030
 9.670E+013  1.000E-008  6.236E+001  1.045E-012
 9.690E+013  1.000E-008  6.236E+001 -1.045E-012
 9.710E+013  1.000E-008  6.236E+001  0.000E+000
 9.730E+013  1.000E-008  6.236E+001  0.000E+000
 9.750E+013  1.000E-008  6.236E+001  0.000E+000
 9.770E+013  1.000E-008  6.236E+001  0.000E+000
 9.790E+013  1.000E-008  6.236E+001  0.000E+000
 9.810E+013  1.000E-008  6.236E+001  0.000E+000
 9.830E+013  1.000E-008  6.236E+001  0.000E+000
 9.850E+013  1.000E-008  6.236E+001  0.000E+000
 9.870E+013  1.000E-008  6.236E+001  0.000E+000
 9.890E+013  1.000E-008  6.236E+001  0.000E+000
 9.910E+013  1.000E-008  6.236E+001  0.000E+000
 9.930E+013  1.000E-008  6.236E+001  0.000E+000
 9.950E+013  1.000E-008  6.236E+001  1.045E-012
 9.970E+013  1.000E-008  6.236E+001 -1.045E-012
 9.990E+013  1.000E-008  6.236E+001  0.000E+000
 1.001E+014  1.000E-099  1.000E-099  0.000E+000
 1.003E+014  1.000E-099  1.000E-099  0.000E+000
 9.325E-003
