 1.021E+005
     x1b        dens       energ       v1
 1.000E+011  2.605E-011  1.739E+007  0.000E+000
 3.000E+011  2.617E-011  1.736E+007  1.137E+005
 5.000E+011  2.659E-011  1.737E+007  1.061E+006
 7.000E+011  2.729E-011  1.737E+007  1.345E+006
 9.000E+011  2.820E-011  1.737E+007  1.887E+006
 1.100E+012  2.918E-011  1.737E+007  2.322E+006
 1.300E+012  3.017E-011  1.737E+007  2.800E+006
 1.500E+012  3.108E-011  1.737E+007  3.262E+006
 1.700E+012  3.173E-011  1.737E+007  3.730E+006
 1.900E+012  3.197E-011  1.737E+007  4.195E+006
 2.100E+012  3.199E-011  1.737E+007  4.661E+006
 2.300E+012  3.199E-011  1.737E+007  5.127E+006
 2.500E+012  3.196E-011  1.737E+007  5.593E+006
 2.700E+012  3.190E-011  1.737E+007  6.059E+006
 2.900E+012  3.182E-011  1.737E+007  6.526E+006
 3.100E+012  3.179E-011  1.737E+007  6.992E+006
 3.300E+012  3.180E-011  1.737E+007  7.458E+006
 3.500E+012  3.182E-011  1.738E+007  7.924E+006
 3.700E+012  3.188E-011  1.738E+007  8.391E+006
 3.900E+012  3.202E-011  1.738E+007  8.857E+006
 4.100E+012  3.227E-011  1.738E+007  9.323E+006
 4.300E+012  3.267E-011  1.738E+007  9.790E+006
 4.500E+012  3.328E-011  1.738E+007  1.026E+007
 4.700E+012  3.414E-011  1.738E+007  1.072E+007
 4.900E+012  3.533E-011  1.738E+007  1.119E+007
 5.100E+012  3.692E-011  1.738E+007  1.166E+007
 5.300E+012  3.901E-011  1.738E+007  1.213E+007
 5.500E+012  4.173E-011  1.738E+007  1.260E+007
 5.700E+012  4.524E-011  1.738E+007  1.307E+007
 5.900E+012  4.973E-011  1.739E+007  1.354E+007
 6.100E+012  5.545E-011  1.739E+007  1.401E+007
 6.300E+012  6.271E-011  1.739E+007  1.448E+007
 6.500E+012  7.187E-011  1.739E+007  1.496E+007
 6.700E+012  8.333E-011  1.739E+007  1.544E+007
 6.900E+012  9.756E-011  1.740E+007  1.591E+007
 7.100E+012  1.150E-010  1.740E+007  1.639E+007
 7.300E+012  1.360E-010  1.741E+007  1.686E+007
 7.500E+012  1.608E-010  1.741E+007  1.733E+007
 7.700E+012  1.894E-010  1.742E+007  1.780E+007
 7.900E+012  2.216E-010  1.743E+007  1.826E+007
 8.100E+012  2.570E-010  1.744E+007  1.873E+007
 8.300E+012  2.951E-010  1.745E+007  1.919E+007
 8.500E+012  3.353E-010  1.746E+007  1.966E+007
 8.700E+012  3.772E-010  1.748E+007  2.012E+007
 8.900E+012  4.205E-010  1.749E+007  2.059E+007
 9.100E+012  4.654E-010  1.752E+007  2.106E+007
 9.300E+012  5.119E-010  1.754E+007  2.153E+007
 9.500E+012  5.604E-010  1.756E+007  2.200E+007
 9.700E+012  6.114E-010  1.759E+007  2.248E+007
 9.900E+012  6.655E-010  1.763E+007  2.296E+007
 1.010E+013  7.235E-010  1.766E+007  2.344E+007
 1.030E+013  7.860E-010  1.770E+007  2.392E+007
 1.050E+013  8.540E-010  1.775E+007  2.441E+007
 1.070E+013  9.283E-010  1.779E+007  2.490E+007
 1.090E+013  1.010E-009  1.785E+007  2.539E+007
 1.110E+013  1.099E-009  1.791E+007  2.589E+007
 1.130E+013  1.196E-009  1.798E+007  2.639E+007
 1.150E+013  1.302E-009  1.805E+007  2.689E+007
 1.170E+013  1.418E-009  1.814E+007  2.740E+007
 1.190E+013  1.543E-009  1.823E+007  2.791E+007
 1.210E+013  1.677E-009  1.833E+007  2.842E+007
 1.230E+013  1.821E-009  1.844E+007  2.895E+007
 1.250E+013  1.975E-009  1.857E+007  2.947E+007
 1.270E+013  2.139E-009  1.871E+007  3.001E+007
 1.290E+013  2.314E-009  1.886E+007  3.055E+007
 1.310E+013  2.501E-009  1.903E+007  3.110E+007
 1.330E+013  2.701E-009  1.922E+007  3.166E+007
 1.350E+013  2.916E-009  1.942E+007  3.223E+007
 1.370E+013  3.148E-009  1.965E+007  3.280E+007
 1.390E+013  3.401E-009  1.990E+007  3.339E+007
 1.410E+013  3.676E-009  2.017E+007  3.399E+007
 1.430E+013  3.977E-009  2.048E+007  3.460E+007
 1.450E+013  4.307E-009  2.081E+007  3.522E+007
 1.470E+013  4.669E-009  2.118E+007  3.586E+007
 1.490E+013  5.068E-009  2.159E+007  3.651E+007
 1.510E+013  5.506E-009  2.205E+007  3.718E+007
 1.530E+013  5.989E-009  2.255E+007  3.786E+007
 1.550E+013  6.521E-009  2.311E+007  3.856E+007
 1.570E+013  7.108E-009  2.373E+007  3.928E+007
 1.590E+013  7.757E-009  2.442E+007  4.002E+007
 1.610E+013  8.477E-009  2.520E+007  4.078E+007
 1.630E+013  9.278E-009  2.606E+007  4.156E+007
 1.650E+013  1.017E-008  2.703E+007  4.237E+007
 1.670E+013  1.118E-008  2.812E+007  4.321E+007
 1.690E+013  1.231E-008  2.935E+007  4.407E+007
 1.710E+013  1.359E-008  3.074E+007  4.497E+007
 1.730E+013  1.504E-008  3.232E+007  4.591E+007
 1.750E+013  1.669E-008  3.407E+007  4.686E+007
 1.770E+013  1.860E-008  3.616E+007  4.785E+007
 1.790E+013  2.081E-008  3.859E+007  4.898E+007
 1.810E+013  2.320E-008  4.090E+007  4.999E+007
 1.830E+013  2.607E-008  4.390E+007  5.078E+007
 1.850E+013  3.030E-008  4.984E+007  5.253E+007
 1.870E+013  3.318E-008  5.227E+007  5.461E+007
 1.890E+013  3.166E-008  4.208E+007  5.322E+007
 1.910E+013  2.228E-008  1.744E+007  4.511E+007
 1.930E+013  1.350E-008  2.352E+006  2.817E+007
 1.950E+013  1.051E-008  3.408E+004  8.785E+006
 1.970E+013  1.001E-008  6.423E+001  4.628E+005
 1.990E+013  1.000E-008  6.236E+001  5.039E+002
 2.010E+013  1.000E-008  6.236E+001  2.203E-004
 2.030E+013  1.000E-008  6.236E+001  5.832E-013
 2.050E+013  1.000E-008  6.236E+001  4.635E-034
 2.070E+013  1.000E-008  6.236E+001  6.556E-078
 2.090E+013  1.000E-008  6.236E+001  3.628E-013
 2.110E+013  1.000E-008  6.236E+001 -2.136E-034
 2.130E+013  1.000E-008  6.236E+001 -3.628E-013
 2.150E+013  1.000E-008  6.236E+001  0.000E+000
 2.170E+013  1.000E-008  6.236E+001  0.000E+000
 2.190E+013  1.000E-008  6.236E+001  0.000E+000
 2.210E+013  1.000E-008  6.236E+001  0.000E+000
 2.230E+013  1.000E-008  6.236E+001  0.000E+000
 2.250E+013  1.000E-008  6.236E+001  0.000E+000
 2.270E+013  1.000E-008  6.236E+001  3.628E-013
 2.290E+013  1.000E-008  6.236E+001 -1.968E-034
 2.310E+013  1.000E-008  6.236E+001 -3.628E-013
 2.330E+013  1.000E-008  6.236E+001  0.000E+000
 2.350E+013  1.000E-008  6.236E+001  0.000E+000
 2.370E+013  1.000E-008  6.236E+001  3.628E-013
 2.390E+013  1.000E-008  6.236E+001 -3.628E-013
 2.410E+013  1.000E-008  6.236E+001  0.000E+000
 2.430E+013  1.000E-008  6.236E+001  0.000E+000
 2.450E+013  1.000E-008  6.236E+001  0.000E+000
 2.470E+013  1.000E-008  6.236E+001  3.628E-013
 2.490E+013  1.000E-008  6.236E+001 -3.628E-013
 2.510E+013  1.000E-008  6.236E+001  3.628E-013
 2.530E+013  1.000E-008  6.236E+001 -3.628E-013
 2.550E+013  1.000E-008  6.236E+001 -4.276E-295
 2.570E+013  1.000E-008  6.236E+001 -3.635E-144
 2.590E+013  1.000E-008  6.236E+001 -7.338E-069
 2.610E+013  1.000E-008  6.236E+001 -2.247E-031
 2.630E+013  1.000E-008  6.236E+001 -7.256E-013
 2.650E+013  1.000E-008  6.236E+001  7.256E-013
 2.670E+013  1.000E-008  6.236E+001  2.240E-031
 2.690E+013  1.000E-008  6.236E+001  7.293E-069
 2.710E+013  1.000E-008  6.236E+001  3.628E-013
 2.730E+013  1.000E-008  6.236E+001 -3.628E-013
 2.750E+013  1.000E-008  6.236E+001  1.088E-012
 2.770E+013  1.000E-008  6.236E+001 -1.088E-012
 2.790E+013  1.000E-008  6.236E+001  0.000E+000
 2.810E+013  1.000E-008  6.236E+001  0.000E+000
 2.830E+013  1.000E-008  6.236E+001  1.814E-012
 2.850E+013  1.000E-008  6.236E+001 -3.628E-013
 2.870E+013  1.000E-008  6.236E+001 -1.451E-012
 2.890E+013  1.000E-008  6.236E+001 -8.782E-032
 2.910E+013  1.000E-008  6.236E+001  2.539E-012
 2.930E+013  1.000E-008  6.236E+001 -2.539E-012
 2.950E+013  1.000E-008  6.236E+001  0.000E+000
 2.970E+013  1.000E-008  6.236E+001  0.000E+000
 2.990E+013  1.000E-008  6.236E+001  0.000E+000
 3.010E+013  1.000E-008  6.236E+001  3.628E-013
 3.030E+013  1.000E-008  6.236E+001 -3.628E-013
 3.050E+013  1.000E-008  6.236E+001  3.628E-013
 3.070E+013  1.000E-008  6.236E+001 -3.628E-013
 3.090E+013  1.000E-008  6.236E+001  3.628E-013
 3.110E+013  1.000E-008  6.236E+001  3.628E-013
 3.130E+013  1.000E-008  6.236E+001 -7.256E-013
 3.150E+013  1.000E-008  6.236E+001  0.000E+000
 3.170E+013  1.000E-008  6.236E+001  0.000E+000
 3.190E+013  1.000E-008  6.236E+001  0.000E+000
 3.210E+013  1.000E-008  6.236E+001  0.000E+000
 3.230E+013  1.000E-008  6.236E+001  0.000E+000
 3.250E+013  1.000E-008  6.236E+001  0.000E+000
 3.270E+013  1.000E-008  6.236E+001 -6.507E-300
 3.290E+013  1.000E-008  6.236E+001 -1.418E-146
 3.310E+013  1.000E-008  6.236E+001 -4.583E-070
 3.330E+013  1.000E-008  6.236E+001 -5.615E-032
 3.350E+013  1.000E-008  6.236E+001 -3.628E-013
 3.370E+013  1.000E-008  6.236E+001  3.628E-013
 3.390E+013  1.000E-008  6.236E+001  5.601E-032
 3.410E+013  1.000E-008  6.236E+001  4.561E-070
 3.430E+013  1.000E-008  6.236E+001  1.405E-146
 3.450E+013  1.000E-008  6.236E+001  7.256E-013
 3.470E+013  1.000E-008  6.236E+001 -7.256E-013
 3.490E+013  1.000E-008  6.236E+001  0.000E+000
 3.510E+013  1.000E-008  6.236E+001  0.000E+000
 3.530E+013  1.000E-008  6.236E+001  0.000E+000
 3.550E+013  1.000E-008  6.236E+001  0.000E+000
 3.570E+013  1.000E-008  6.236E+001  7.256E-013
 3.590E+013  1.000E-008  6.236E+001 -3.628E-013
 3.610E+013  1.000E-008  6.236E+001 -5.614E-032
 3.630E+013  1.000E-008  6.236E+001 -3.628E-013
 3.650E+013  1.000E-008  6.236E+001 -3.628E-013
 3.670E+013  1.000E-008  6.236E+001  3.628E-013
 3.690E+013  1.000E-008  6.236E+001  3.628E-013
 3.710E+013  1.000E-008  6.236E+001 -3.628E-013
 3.730E+013  1.000E-008  6.236E+001 -6.030E-035
 3.750E+013  1.000E-008  6.236E+001  3.628E-013
 3.770E+013  1.000E-008  6.236E+001 -3.628E-013
 3.790E+013  1.000E-008  6.236E+001  0.000E+000
 3.810E+013  1.000E-008  6.236E+001  0.000E+000
 3.830E+013  1.000E-008  6.236E+001  3.628E-013
 3.850E+013  1.000E-008  6.236E+001 -3.628E-013
 3.870E+013  1.000E-008  6.236E+001 -5.614E-032
 3.890E+013  1.000E-008  6.236E+001 -3.628E-013
 3.910E+013  1.000E-008  6.236E+001 -1.700E-032
 3.930E+013  1.000E-008  6.236E+001  1.088E-012
 3.950E+013  1.000E-008  6.236E+001 -3.628E-013
 3.970E+013  1.000E-008  6.236E+001  1.088E-012
 3.990E+013  1.000E-008  6.236E+001 -1.451E-012
 4.010E+013  1.000E-008  6.236E+001  0.000E+000
 4.030E+013  1.000E-008  6.236E+001  0.000E+000
 4.050E+013  1.000E-008  6.236E+001  0.000E+000
 4.070E+013  1.000E-008  6.236E+001  0.000E+000
 4.090E+013  1.000E-008  6.236E+001  1.340E-011
 4.110E+013  1.000E-008  6.236E+001 -1.340E-011
 4.130E+013  1.000E-008  6.236E+001  9.424E-012
 4.150E+013  1.000E-008  6.236E+001 -9.424E-012
 4.170E+013  1.000E-008  6.236E+001  3.265E-012
 4.190E+013  1.000E-008  6.236E+001 -2.902E-012
 4.210E+013  1.000E-008  6.236E+001 -5.613E-032
 4.230E+013  1.000E-008  6.236E+001 -3.628E-013
 4.250E+013  1.000E-008  6.236E+001  0.000E+000
 4.270E+013  1.000E-008  6.236E+001  0.000E+000
 4.290E+013  1.000E-008  6.236E+001  0.000E+000
 4.310E+013  1.000E-008  6.236E+001  0.000E+000
 4.330E+013  1.000E-008  6.236E+001  0.000E+000
 4.350E+013  1.000E-008  6.236E+001  0.000E+000
 4.370E+013  1.000E-008  6.236E+001  0.000E+000
 4.390E+013  1.000E-008  6.236E+001  0.000E+000
 4.410E+013  1.000E-008  6.236E+001  0.000E+000
 4.430E+013  1.000E-008  6.236E+001  0.000E+000
 4.450E+013  1.000E-008  6.236E+001  0.000E+000
 4.470E+013  1.000E-008  6.236E+001  3.628E-013
 4.490E+013  1.000E-008  6.236E+001 -1.001E-034
 4.510E+013  1.000E-008  6.236E+001 -3.628E-013
 4.530E+013  1.000E-008  6.236E+001 -6.490E-300
 4.550E+013  1.000E-008  6.236E+001 -1.416E-146
 4.570E+013  1.000E-008  6.236E+001 -4.580E-070
 4.590E+013  1.000E-008  6.236E+001 -5.613E-032
 4.610E+013  1.000E-008  6.236E+001 -3.628E-013
 4.630E+013  1.000E-008  6.236E+001  3.628E-013
 4.650E+013  1.000E-008  6.236E+001  3.628E-013
 4.670E+013  1.000E-008  6.236E+001 -3.628E-013
 4.690E+013  1.000E-008  6.236E+001  3.628E-013
 4.710E+013  1.000E-008  6.236E+001 -3.628E-013
 4.730E+013  1.000E-008  6.236E+001  0.000E+000
 4.750E+013  1.000E-008  6.236E+001  0.000E+000
 4.770E+013  1.000E-008  6.236E+001  0.000E+000
 4.790E+013  1.000E-008  6.236E+001  3.628E-013
 4.810E+013  1.000E-008  6.236E+001 -3.628E-013
 4.830E+013  1.000E-008  6.236E+001 -4.654E-035
 4.850E+013  1.000E-008  6.236E+001  3.628E-013
 4.870E+013  1.000E-008  6.236E+001 -3.628E-013
 4.890E+013  1.000E-008  6.236E+001  0.000E+000
 4.910E+013  1.000E-008  6.236E+001  0.000E+000
 4.930E+013  1.000E-008  6.236E+001  0.000E+000
 4.950E+013  1.000E-008  6.236E+001  0.000E+000
 4.970E+013  1.000E-008  6.236E+001  0.000E+000
 4.990E+013  1.000E-008  6.236E+001  7.256E-013
 5.010E+013  1.000E-008  6.236E+001 -1.088E-012
 5.030E+013  1.000E-008  6.236E+001  3.628E-013
 5.050E+013  1.000E-008  6.236E+001  5.603E-032
 5.070E+013  1.000E-008  6.236E+001  4.565E-070
 5.090E+013  1.000E-008  6.236E+001  1.407E-146
 5.110E+013  1.000E-008  6.236E+001  3.628E-013
 5.130E+013  1.000E-008  6.236E+001 -3.628E-013
 5.150E+013  1.000E-008  6.236E+001  0.000E+000
 5.170E+013  1.000E-008  6.236E+001  0.000E+000
 5.190E+013  1.000E-008  6.236E+001 -6.484E-300
 5.210E+013  1.000E-008  6.236E+001 -1.416E-146
 5.230E+013  1.000E-008  6.236E+001 -4.579E-070
 5.250E+013  1.000E-008  6.236E+001 -5.612E-032
 5.270E+013  1.000E-008  6.236E+001 -3.628E-013
 5.290E+013  1.000E-008  6.236E+001  3.628E-013
 5.310E+013  1.000E-008  6.236E+001  5.604E-032
 5.330E+013  1.000E-008  6.236E+001  4.565E-070
 5.350E+013  1.000E-008  6.236E+001  7.256E-013
 5.370E+013  1.000E-008  6.236E+001 -7.256E-013
 5.390E+013  1.000E-008  6.236E+001  7.394E-033
 5.410E+013  1.000E-008  6.236E+001  3.628E-013
 5.430E+013  1.000E-008  6.236E+001  3.628E-013
 5.450E+013  1.000E-008  6.236E+001  3.628E-013
 5.470E+013  1.000E-008  6.236E+001 -1.088E-012
 5.490E+013  1.000E-008  6.236E+001 -5.612E-032
 5.510E+013  1.000E-008  6.236E+001 -3.628E-013
 5.530E+013  1.000E-008  6.236E+001  7.256E-013
 5.550E+013  1.000E-008  6.236E+001 -1.451E-012
 5.570E+013  1.000E-008  6.236E+001  7.256E-013
 5.590E+013  1.000E-008  6.236E+001  3.628E-013
 5.610E+013  1.000E-008  6.236E+001 -3.628E-013
 5.630E+013  1.000E-008  6.236E+001  3.628E-013
 5.650E+013  1.000E-008  6.236E+001 -2.177E-012
 5.670E+013  1.000E-008  6.236E+001  2.177E-012
 5.690E+013  1.000E-008  6.236E+001  2.177E-012
 5.710E+013  1.000E-008  6.236E+001 -2.177E-012
 5.730E+013  1.000E-008  6.236E+001  2.539E-012
 5.750E+013  1.000E-008  6.236E+001 -5.442E-012
 5.770E+013  1.000E-008  6.236E+001 -3.627E-013
 5.790E+013  1.000E-008  6.236E+001  3.265E-012
 5.810E+013  1.000E-008  6.236E+001  1.736E-011
 5.830E+013  1.000E-008  6.236E+001 -1.736E-011
 5.850E+013  1.000E-008  6.236E+001  0.000E+000
 5.870E+013  1.000E-008  6.236E+001  0.000E+000
 5.890E+013  1.000E-008  6.236E+001  0.000E+000
 5.910E+013  1.000E-008  6.236E+001  0.000E+000
 5.930E+013  1.000E-008  6.236E+001  0.000E+000
 5.950E+013  1.000E-008  6.236E+001  0.000E+000
 5.970E+013  1.000E-008  6.236E+001  0.000E+000
 5.990E+013  1.000E-008  6.236E+001  0.000E+000
 6.010E+013  1.000E-008  6.236E+001  0.000E+000
 6.030E+013  1.000E-008  6.236E+001  3.628E-013
 6.050E+013  1.000E-008  6.236E+001 -3.628E-013
 6.070E+013  1.000E-008  6.236E+001  3.628E-013
 6.090E+013  1.000E-008  6.236E+001 -3.628E-013
 6.110E+013  1.000E-008  6.236E+001  0.000E+000
 6.130E+013  1.000E-008  6.236E+001  0.000E+000
 6.150E+013  1.000E-008  6.236E+001  0.000E+000
 6.170E+013  1.000E-008  6.236E+001  3.628E-013
 6.190E+013  1.000E-008  6.236E+001 -3.628E-013
 6.210E+013  1.000E-008  6.236E+001  0.000E+000
 6.230E+013  1.000E-008  6.236E+001  0.000E+000
 6.250E+013  1.000E-008  6.236E+001  0.000E+000
 6.270E+013  1.000E-008  6.236E+001  0.000E+000
 6.290E+013  1.000E-008  6.236E+001  0.000E+000
 6.310E+013  1.000E-008  6.236E+001  0.000E+000
 6.330E+013  1.000E-008  6.236E+001  0.000E+000
 6.350E+013  1.000E-008  6.236E+001  3.628E-013
 6.370E+013  1.000E-008  6.236E+001 -3.628E-013
 6.390E+013  1.000E-008  6.236E+001  0.000E+000
 6.410E+013  1.000E-008  6.236E+001  0.000E+000
 6.430E+013  1.000E-008  6.236E+001  0.000E+000
 6.450E+013  1.000E-008  6.236E+001  0.000E+000
 6.470E+013  1.000E-008  6.236E+001  3.628E-013
 6.490E+013  1.000E-008  6.236E+001 -3.628E-013
 6.510E+013  1.000E-008  6.236E+001  0.000E+000
 6.530E+013  1.000E-008  6.236E+001  0.000E+000
 6.550E+013  1.000E-008  6.236E+001  0.000E+000
 6.570E+013  1.000E-008  6.236E+001  0.000E+000
 6.590E+013  1.000E-008  6.236E+001  3.628E-013
 6.610E+013  1.000E-008  6.236E+001 -3.628E-013
 6.630E+013  1.000E-008  6.236E+001  0.000E+000
 6.650E+013  1.000E-008  6.236E+001  0.000E+000
 6.670E+013  1.000E-008  6.236E+001  0.000E+000
 6.690E+013  1.000E-008  6.236E+001  3.628E-013
 6.710E+013  1.000E-008  6.236E+001 -3.628E-013
 6.730E+013  1.000E-008  6.236E+001  0.000E+000
 6.750E+013  1.000E-008  6.236E+001  0.000E+000
 6.770E+013  1.000E-008  6.236E+001  3.628E-013
 6.790E+013  1.000E-008  6.236E+001 -3.628E-013
 6.810E+013  1.000E-008  6.236E+001  3.628E-013
 6.830E+013  1.000E-008  6.236E+001 -6.578E-035
 6.850E+013  1.000E-008  6.236E+001 -3.628E-013
 6.870E+013  1.000E-008  6.236E+001  0.000E+000
 6.890E+013  1.000E-008  6.236E+001  0.000E+000
 6.910E+013  1.000E-008  6.236E+001  0.000E+000
 6.930E+013  1.000E-008  6.236E+001  3.628E-013
 6.950E+013  1.000E-008  6.236E+001 -3.628E-013
 6.970E+013  1.000E-008  6.236E+001  0.000E+000
 6.990E+013  1.000E-008  6.236E+001  0.000E+000
 7.010E+013  1.000E-008  6.236E+001  0.000E+000
 7.030E+013  1.000E-008  6.236E+001  0.000E+000
 7.050E+013  1.000E-008  6.236E+001  0.000E+000
 7.070E+013  1.000E-008  6.236E+001  0.000E+000
 7.090E+013  1.000E-008  6.236E+001  0.000E+000
 7.110E+013  1.000E-008  6.236E+001  0.000E+000
 7.130E+013  1.000E-008  6.236E+001  0.000E+000
 7.150E+013  1.000E-008  6.236E+001  0.000E+000
 7.170E+013  1.000E-008  6.236E+001  0.000E+000
 7.190E+013  1.000E-008  6.236E+001  3.628E-013
 7.210E+013  1.000E-008  6.236E+001 -3.628E-013
 7.230E+013  1.000E-008  6.236E+001  0.000E+000
 7.250E+013  1.000E-008  6.236E+001  0.000E+000
 7.270E+013  1.000E-008  6.236E+001  7.256E-013
 7.290E+013  1.000E-008  6.236E+001 -2.465E-034
 7.310E+013  1.000E-008  6.236E+001 -7.256E-013
 7.330E+013  1.000E-008  6.236E+001 -5.611E-032
 7.350E+013  1.000E-008  6.236E+001 -3.628E-013
 7.370E+013  1.000E-008  6.236E+001  3.628E-013
 7.390E+013  1.000E-008  6.236E+001  5.605E-032
 7.410E+013  1.000E-008  6.236E+001  4.567E-070
 7.430E+013  1.000E-008  6.236E+001  1.408E-146
 7.450E+013  1.000E-008  6.236E+001  6.417E-300
 7.470E+013  1.000E-008  6.236E+001  0.000E+000
 7.490E+013  1.000E-008  6.236E+001  0.000E+000
 7.510E+013  1.000E-008  6.236E+001  0.000E+000
 7.530E+013  1.000E-008  6.236E+001  0.000E+000
 7.550E+013  1.000E-008  6.236E+001  0.000E+000
 7.570E+013  1.000E-008  6.236E+001  0.000E+000
 7.590E+013  1.000E-008  6.236E+001  0.000E+000
 7.610E+013  1.000E-008  6.236E+001  0.000E+000
 7.630E+013  1.000E-008  6.236E+001  0.000E+000
 7.650E+013  1.000E-008  6.236E+001  0.000E+000
 7.670E+013  1.000E-008  6.236E+001  7.256E-013
 7.690E+013  1.000E-008  6.236E+001 -7.256E-013
 7.710E+013  1.000E-008  6.236E+001  1.088E-012
 7.730E+013  1.000E-008  6.236E+001 -1.088E-012
 7.750E+013  1.000E-008  6.236E+001  1.328E-032
 7.770E+013  1.000E-008  6.236E+001  7.256E-013
 7.790E+013  1.000E-008  6.236E+001 -2.177E-012
 7.810E+013  1.000E-008  6.236E+001  2.177E-012
 7.830E+013  1.000E-008  6.236E+001 -7.256E-013
 7.850E+013  1.000E-008  6.236E+001 -3.227E-070
 7.870E+013  1.000E-008  6.236E+001 -4.711E-032
 7.890E+013  1.000E-008  6.236E+001 -3.628E-013
 7.910E+013  1.000E-008  6.236E+001 -1.814E-012
 7.930E+013  1.000E-008  6.236E+001  1.088E-012
 7.950E+013  1.000E-008  6.236E+001  1.088E-012
 7.970E+013  1.000E-008  6.236E+001 -1.451E-012
 7.990E+013  1.000E-008  6.236E+001  1.451E-012
 8.010E+013  1.000E-008  6.236E+001  8.968E-031
 8.030E+013  1.000E-008  6.236E+001  1.169E-067
 8.050E+013  1.000E-008  6.236E+001  9.229E-142
 8.070E+013  1.000E-008  6.236E+001 -2.964E-283
 8.090E+013  1.000E-008  6.236E+001 -3.027E-138
 8.110E+013  1.000E-008  6.236E+001 -6.696E-066
 8.130E+013  1.000E-008  6.236E+001 -6.787E-030
 8.150E+013  1.000E-008  6.236E+001 -3.990E-012
 8.170E+013  1.000E-008  6.236E+001  5.079E-012
 8.190E+013  1.000E-008  6.236E+001 -1.088E-012
 8.210E+013  1.000E-008  6.236E+001  0.000E+000
 8.230E+013  1.000E-008  6.236E+001  0.000E+000
 8.250E+013  1.000E-008  6.236E+001  0.000E+000
 8.270E+013  1.000E-008  6.236E+001  0.000E+000
 8.290E+013  1.000E-008  6.236E+001  1.451E-012
 8.310E+013  1.000E-008  6.236E+001 -1.451E-012
 8.330E+013  1.000E-008  6.236E+001 -5.448E-032
 8.350E+013  1.000E-008  6.236E+001  2.177E-012
 8.370E+013  1.000E-008  6.236E+001 -1.814E-012
 8.390E+013  1.000E-008  6.236E+001 -5.611E-032
 8.410E+013  1.000E-008  6.236E+001 -3.628E-013
 8.430E+013  1.000E-008  6.236E+001  3.628E-013
 8.450E+013  1.000E-008  6.236E+001 -5.316E-035
 8.470E+013  1.000E-008  6.236E+001 -3.628E-013
 8.490E+013  1.000E-008  6.236E+001 -2.645E-035
 8.510E+013  1.000E-008  6.236E+001  3.628E-013
 8.530E+013  1.000E-008  6.236E+001 -5.266E-035
 8.550E+013  1.000E-008  6.236E+001 -3.628E-013
 8.570E+013  1.000E-008  6.236E+001 -2.621E-035
 8.590E+013  1.000E-008  6.236E+001  3.628E-013
 8.610E+013  1.000E-008  6.236E+001 -3.628E-013
 8.630E+013  1.000E-008  6.236E+001  0.000E+000
 8.650E+013  1.000E-008  6.236E+001  0.000E+000
 8.670E+013  1.000E-008  6.236E+001  0.000E+000
 8.690E+013  1.000E-008  6.236E+001  0.000E+000
 8.710E+013  1.000E-008  6.236E+001  0.000E+000
 8.730E+013  1.000E-008  6.236E+001  0.000E+000
 8.750E+013  1.000E-008  6.236E+001  3.628E-013
 8.770E+013  1.000E-008  6.236E+001 -3.628E-013
 8.790E+013  1.000E-008  6.236E+001 -2.555E-035
 8.810E+013  1.000E-008  6.236E+001  3.628E-013
 8.830E+013  1.000E-008  6.236E+001 -3.628E-013
 8.850E+013  1.000E-008  6.236E+001  3.628E-013
 8.870E+013  1.000E-008  6.236E+001  3.628E-013
 8.890E+013  1.000E-008  6.236E+001 -7.256E-013
 8.910E+013  1.000E-008  6.236E+001  0.000E+000
 8.930E+013  1.000E-008  6.236E+001  0.000E+000
 8.950E+013  1.000E-008  6.236E+001  0.000E+000
 8.970E+013  1.000E-008  6.236E+001  0.000E+000
 8.990E+013  1.000E-008  6.236E+001  0.000E+000
 9.010E+013  1.000E-008  6.236E+001  3.628E-013
 9.030E+013  1.000E-008  6.236E+001 -4.974E-035
 9.050E+013  1.000E-008  6.236E+001 -3.628E-013
 9.070E+013  1.000E-008  6.236E+001  3.628E-013
 9.090E+013  1.000E-008  6.236E+001 -4.941E-035
 9.110E+013  1.000E-008  6.236E+001 -3.628E-013
 9.130E+013  1.000E-008  6.236E+001  0.000E+000
 9.150E+013  1.000E-008  6.236E+001  0.000E+000
 9.170E+013  1.000E-008  6.236E+001  0.000E+000
 9.190E+013  1.000E-008  6.236E+001  0.000E+000
 9.210E+013  1.000E-008  6.236E+001  0.000E+000
 9.230E+013  1.000E-008  6.236E+001  3.628E-013
 9.250E+013  1.000E-008  6.236E+001 -4.855E-035
 9.270E+013  1.000E-008  6.236E+001 -3.628E-013
 9.290E+013  1.000E-008  6.236E+001  0.000E+000
 9.310E+013  1.000E-008  6.236E+001  0.000E+000
 9.330E+013  1.000E-008  6.236E+001  0.000E+000
 9.350E+013  1.000E-008  6.236E+001  0.000E+000
 9.370E+013  1.000E-008  6.236E+001  3.628E-013
 9.390E+013  1.000E-008  6.236E+001 -3.628E-013
 9.410E+013  1.000E-008  6.236E+001  3.628E-013
 9.430E+013  1.000E-008  6.236E+001 -3.628E-013
 9.450E+013  1.000E-008  6.236E+001  0.000E+000
 9.470E+013  1.000E-008  6.236E+001  0.000E+000
 9.490E+013  1.000E-008  6.236E+001  0.000E+000
 9.510E+013  1.000E-008  6.236E+001  0.000E+000
 9.530E+013  1.000E-008  6.236E+001  3.628E-013
 9.550E+013  1.000E-008  6.236E+001 -3.628E-013
 9.570E+013  1.000E-008  6.236E+001 -4.576E-070
 9.590E+013  1.000E-008  6.236E+001 -5.610E-032
 9.610E+013  1.000E-008  6.236E+001 -3.628E-013
 9.630E+013  1.000E-008  6.236E+001  3.628E-013
 9.650E+013  1.000E-008  6.236E+001  5.606E-032
 9.670E+013  1.000E-008  6.236E+001  3.628E-013
 9.690E+013  1.000E-008  6.236E+001 -3.628E-013
 9.710E+013  1.000E-008  6.236E+001  0.000E+000
 9.730E+013  1.000E-008  6.236E+001  0.000E+000
 9.750E+013  1.000E-008  6.236E+001  0.000E+000
 9.770E+013  1.000E-008  6.236E+001  0.000E+000
 9.790E+013  1.000E-008  6.236E+001  0.000E+000
 9.810E+013  1.000E-008  6.236E+001  0.000E+000
 9.830E+013  1.000E-008  6.236E+001  0.000E+000
 9.850E+013  1.000E-008  6.236E+001  0.000E+000
 9.870E+013  1.000E-008  6.236E+001  0.000E+000
 9.890E+013  1.000E-008  6.236E+001  0.000E+000
 9.910E+013  1.000E-008  6.236E+001  0.000E+000
 9.930E+013  1.000E-008  6.236E+001  0.000E+000
 9.950E+013  1.000E-008  6.236E+001  3.628E-013
 9.970E+013  1.000E-008  6.236E+001 -3.628E-013
 9.990E+013  1.000E-008  6.236E+001  0.000E+000
 1.001E+014  1.000E-099  1.000E-099  0.000E+000
 1.003E+014  1.000E-099  1.000E-099  0.000E+000
 3.238E-003
