 1.560E+005
     x1b        dens       energ       v1
 1.000E+011  1.921E-011  1.047E+007  0.000E+000
 3.000E+011  1.928E-011  1.047E+007  1.018E+005
 5.000E+011  1.952E-011  1.047E+007  6.939E+005
 7.000E+011  1.993E-011  1.047E+007  8.903E+005
 9.000E+011  2.049E-011  1.047E+007  1.247E+006
 1.100E+012  2.113E-011  1.047E+007  1.534E+006
 1.300E+012  2.179E-011  1.047E+007  1.851E+006
 1.500E+012  2.245E-011  1.047E+007  2.156E+006
 1.700E+012  2.304E-011  1.047E+007  2.465E+006
 1.900E+012  2.345E-011  1.047E+007  2.773E+006
 2.100E+012  2.359E-011  1.047E+007  3.081E+006
 2.300E+012  2.360E-011  1.047E+007  3.389E+006
 2.500E+012  2.360E-011  1.047E+007  3.697E+006
 2.700E+012  2.359E-011  1.047E+007  4.005E+006
 2.900E+012  2.355E-011  1.047E+007  4.313E+006
 3.100E+012  2.350E-011  1.047E+007  4.621E+006
 3.300E+012  2.347E-011  1.047E+007  4.929E+006
 3.500E+012  2.346E-011  1.047E+007  5.237E+006
 3.700E+012  2.346E-011  1.047E+007  5.546E+006
 3.900E+012  2.348E-011  1.047E+007  5.854E+006
 4.100E+012  2.353E-011  1.047E+007  6.162E+006
 4.300E+012  2.362E-011  1.047E+007  6.470E+006
 4.500E+012  2.377E-011  1.047E+007  6.778E+006
 4.700E+012  2.402E-011  1.047E+007  7.086E+006
 4.900E+012  2.438E-011  1.047E+007  7.395E+006
 5.100E+012  2.487E-011  1.047E+007  7.703E+006
 5.300E+012  2.555E-011  1.047E+007  8.011E+006
 5.500E+012  2.644E-011  1.047E+007  8.320E+006
 5.700E+012  2.759E-011  1.047E+007  8.629E+006
 5.900E+012  2.906E-011  1.047E+007  8.938E+006
 6.100E+012  3.091E-011  1.047E+007  9.248E+006
 6.300E+012  3.325E-011  1.047E+007  9.558E+006
 6.500E+012  3.617E-011  1.047E+007  9.869E+006
 6.700E+012  3.980E-011  1.047E+007  1.018E+007
 6.900E+012  4.431E-011  1.047E+007  1.049E+007
 7.100E+012  4.987E-011  1.047E+007  1.081E+007
 7.300E+012  5.671E-011  1.047E+007  1.112E+007
 7.500E+012  6.506E-011  1.047E+007  1.143E+007
 7.700E+012  7.517E-011  1.048E+007  1.174E+007
 7.900E+012  8.728E-011  1.048E+007  1.206E+007
 8.100E+012  1.016E-010  1.048E+007  1.237E+007
 8.300E+012  1.181E-010  1.048E+007  1.268E+007
 8.500E+012  1.370E-010  1.048E+007  1.299E+007
 8.700E+012  1.581E-010  1.049E+007  1.329E+007
 8.900E+012  1.812E-010  1.049E+007  1.360E+007
 9.100E+012  2.060E-010  1.049E+007  1.391E+007
 9.300E+012  2.322E-010  1.050E+007  1.421E+007
 9.500E+012  2.595E-010  1.050E+007  1.452E+007
 9.700E+012  2.878E-010  1.051E+007  1.483E+007
 9.900E+012  3.169E-010  1.052E+007  1.513E+007
 1.010E+013  3.468E-010  1.052E+007  1.544E+007
 1.030E+013  3.777E-010  1.053E+007  1.575E+007
 1.050E+013  4.098E-010  1.054E+007  1.606E+007
 1.070E+013  4.433E-010  1.055E+007  1.637E+007
 1.090E+013  4.785E-010  1.056E+007  1.668E+007
 1.110E+013  5.159E-010  1.057E+007  1.699E+007
 1.130E+013  5.557E-010  1.059E+007  1.731E+007
 1.150E+013  5.985E-010  1.060E+007  1.762E+007
 1.170E+013  6.446E-010  1.062E+007  1.794E+007
 1.190E+013  6.945E-010  1.063E+007  1.825E+007
 1.210E+013  7.486E-010  1.065E+007  1.857E+007
 1.230E+013  8.071E-010  1.068E+007  1.889E+007
 1.250E+013  8.705E-010  1.070E+007  1.921E+007
 1.270E+013  9.389E-010  1.072E+007  1.953E+007
 1.290E+013  1.012E-009  1.075E+007  1.985E+007
 1.310E+013  1.091E-009  1.078E+007  2.017E+007
 1.330E+013  1.175E-009  1.082E+007  2.050E+007
 1.350E+013  1.265E-009  1.085E+007  2.083E+007
 1.370E+013  1.359E-009  1.089E+007  2.115E+007
 1.390E+013  1.459E-009  1.094E+007  2.148E+007
 1.410E+013  1.565E-009  1.098E+007  2.182E+007
 1.430E+013  1.676E-009  1.104E+007  2.215E+007
 1.450E+013  1.793E-009  1.109E+007  2.249E+007
 1.470E+013  1.916E-009  1.116E+007  2.283E+007
 1.490E+013  2.048E-009  1.122E+007  2.318E+007
 1.510E+013  2.187E-009  1.129E+007  2.353E+007
 1.530E+013  2.336E-009  1.137E+007  2.388E+007
 1.550E+013  2.495E-009  1.146E+007  2.423E+007
 1.570E+013  2.666E-009  1.155E+007  2.459E+007
 1.590E+013  2.850E-009  1.166E+007  2.496E+007
 1.610E+013  3.047E-009  1.177E+007  2.533E+007
 1.630E+013  3.260E-009  1.189E+007  2.571E+007
 1.650E+013  3.490E-009  1.202E+007  2.609E+007
 1.670E+013  3.737E-009  1.216E+007  2.648E+007
 1.690E+013  4.004E-009  1.232E+007  2.688E+007
 1.710E+013  4.291E-009  1.249E+007  2.729E+007
 1.730E+013  4.600E-009  1.267E+007  2.770E+007
 1.750E+013  4.934E-009  1.287E+007  2.812E+007
 1.770E+013  5.294E-009  1.310E+007  2.855E+007
 1.790E+013  5.683E-009  1.334E+007  2.899E+007
 1.810E+013  6.105E-009  1.360E+007  2.945E+007
 1.830E+013  6.561E-009  1.389E+007  2.991E+007
 1.850E+013  7.058E-009  1.421E+007  3.038E+007
 1.870E+013  7.599E-009  1.456E+007  3.087E+007
 1.890E+013  8.189E-009  1.494E+007  3.137E+007
 1.910E+013  8.834E-009  1.536E+007  3.188E+007
 1.930E+013  9.541E-009  1.583E+007  3.240E+007
 1.950E+013  1.032E-008  1.633E+007  3.294E+007
 1.970E+013  1.117E-008  1.689E+007  3.349E+007
 1.990E+013  1.211E-008  1.751E+007  3.405E+007
 2.010E+013  1.315E-008  1.819E+007  3.463E+007
 2.030E+013  1.431E-008  1.894E+007  3.523E+007
 2.050E+013  1.559E-008  1.978E+007  3.584E+007
 2.070E+013  1.703E-008  2.070E+007  3.647E+007
 2.090E+013  1.863E-008  2.171E+007  3.710E+007
 2.110E+013  2.046E-008  2.288E+007  3.775E+007
 2.130E+013  2.256E-008  2.423E+007  3.848E+007
 2.150E+013  2.481E-008  2.552E+007  3.916E+007
 2.170E+013  2.738E-008  2.703E+007  3.967E+007
 2.190E+013  3.111E-008  3.004E+007  4.068E+007
 2.210E+013  3.405E-008  3.188E+007  4.219E+007
 2.230E+013  3.321E-008  2.736E+007  4.162E+007
 2.250E+013  2.472E-008  1.337E+007  3.660E+007
 2.270E+013  1.467E-008  2.323E+006  2.474E+007
 2.290E+013  1.081E-008  6.341E+004  9.342E+006
 2.310E+013  1.003E-008  7.773E+001  7.997E+005
 2.330E+013  1.000E-008  6.236E+001  2.432E+003
 2.350E+013  1.000E-008  6.236E+001  8.652E-003
 2.370E+013  1.000E-008  6.236E+001  5.181E-011
 2.390E+013  1.000E-008  6.236E+001 -5.542E-013
 2.410E+013  1.000E-008  6.236E+001  0.000E+000
 2.430E+013  1.000E-008  6.236E+001  0.000E+000
 2.450E+013  1.000E-008  6.236E+001  0.000E+000
 2.470E+013  1.000E-008  6.236E+001  5.542E-013
 2.490E+013  1.000E-008  6.236E+001 -5.542E-013
 2.510E+013  1.000E-008  6.236E+001  5.542E-013
 2.530E+013  1.000E-008  6.236E+001 -5.542E-013
 2.550E+013  1.000E-008  6.236E+001 -2.193E-289
 2.570E+013  1.000E-008  6.236E+001 -2.101E-141
 2.590E+013  1.000E-008  6.236E+001 -1.426E-067
 2.610E+013  1.000E-008  6.236E+001 -8.008E-031
 2.630E+013  1.000E-008  6.236E+001 -1.108E-012
 2.650E+013  1.000E-008  6.236E+001  1.108E-012
 2.670E+013  1.000E-008  6.236E+001  7.984E-031
 2.690E+013  1.000E-008  6.236E+001  1.417E-067
 2.710E+013  1.000E-008  6.236E+001  5.542E-013
 2.730E+013  1.000E-008  6.236E+001 -5.542E-013
 2.750E+013  1.000E-008  6.236E+001  1.663E-012
 2.770E+013  1.000E-008  6.236E+001 -1.663E-012
 2.790E+013  1.000E-008  6.236E+001  0.000E+000
 2.810E+013  1.000E-008  6.236E+001  0.000E+000
 2.830E+013  1.000E-008  6.236E+001  2.771E-012
 2.850E+013  1.000E-008  6.236E+001 -5.542E-013
 2.870E+013  1.000E-008  6.236E+001 -2.217E-012
 2.890E+013  1.000E-008  6.236E+001 -3.131E-031
 2.910E+013  1.000E-008  6.236E+001  3.880E-012
 2.930E+013  1.000E-008  6.236E+001 -3.880E-012
 2.950E+013  1.000E-008  6.236E+001  0.000E+000
 2.970E+013  1.000E-008  6.236E+001  0.000E+000
 2.990E+013  1.000E-008  6.236E+001  0.000E+000
 3.010E+013  1.000E-008  6.236E+001  5.542E-013
 3.030E+013  1.000E-008  6.236E+001 -5.542E-013
 3.050E+013  1.000E-008  6.236E+001  5.542E-013
 3.070E+013  1.000E-008  6.236E+001 -5.542E-013
 3.090E+013  1.000E-008  6.236E+001  5.542E-013
 3.110E+013  1.000E-008  6.236E+001  5.542E-013
 3.130E+013  1.000E-008  6.236E+001 -1.108E-012
 3.150E+013  1.000E-008  6.236E+001  0.000E+000
 3.170E+013  1.000E-008  6.236E+001  0.000E+000
 3.190E+013  1.000E-008  6.236E+001  0.000E+000
 3.210E+013  1.000E-008  6.236E+001  0.000E+000
 3.230E+013  1.000E-008  6.236E+001  0.000E+000
 3.250E+013  1.000E-008  6.236E+001  0.000E+000
 3.270E+013  1.000E-008  6.236E+001 -3.338E-294
 3.290E+013  1.000E-008  6.236E+001 -8.197E-144
 3.310E+013  1.000E-008  6.236E+001 -8.905E-069
 3.330E+013  1.000E-008  6.236E+001 -2.001E-031
 3.350E+013  1.000E-008  6.236E+001 -5.542E-013
 3.370E+013  1.000E-008  6.236E+001  5.542E-013
 3.390E+013  1.000E-008  6.236E+001  1.997E-031
 3.410E+013  1.000E-008  6.236E+001  8.862E-069
 3.430E+013  1.000E-008  6.236E+001  8.119E-144
 3.450E+013  1.000E-008  6.236E+001  1.108E-012
 3.470E+013  1.000E-008  6.236E+001 -1.108E-012
 3.490E+013  1.000E-008  6.236E+001  0.000E+000
 3.510E+013  1.000E-008  6.236E+001  0.000E+000
 3.530E+013  1.000E-008  6.236E+001  0.000E+000
 3.550E+013  1.000E-008  6.236E+001  0.000E+000
 3.570E+013  1.000E-008  6.236E+001  1.108E-012
 3.590E+013  1.000E-008  6.236E+001 -5.542E-013
 3.610E+013  1.000E-008  6.236E+001 -2.001E-031
 3.630E+013  1.000E-008  6.236E+001 -5.542E-013
 3.650E+013  1.000E-008  6.236E+001 -5.542E-013
 3.670E+013  1.000E-008  6.236E+001  5.542E-013
 3.690E+013  1.000E-008  6.236E+001  5.542E-013
 3.710E+013  1.000E-008  6.236E+001 -5.542E-013
 3.730E+013  1.000E-008  6.236E+001 -2.149E-034
 3.750E+013  1.000E-008  6.236E+001  5.542E-013
 3.770E+013  1.000E-008  6.236E+001 -5.542E-013
 3.790E+013  1.000E-008  6.236E+001  0.000E+000
 3.810E+013  1.000E-008  6.236E+001  0.000E+000
 3.830E+013  1.000E-008  6.236E+001  5.542E-013
 3.850E+013  1.000E-008  6.236E+001 -5.542E-013
 3.870E+013  1.000E-008  6.236E+001 -2.001E-031
 3.890E+013  1.000E-008  6.236E+001 -5.542E-013
 3.910E+013  1.000E-008  6.236E+001 -6.058E-032
 3.930E+013  1.000E-008  6.236E+001  1.663E-012
 3.950E+013  1.000E-008  6.236E+001 -5.542E-013
 3.970E+013  1.000E-008  6.236E+001  1.663E-012
 3.990E+013  1.000E-008  6.236E+001 -2.217E-012
 4.010E+013  1.000E-008  6.236E+001  0.000E+000
 4.030E+013  1.000E-008  6.236E+001  0.000E+000
 4.050E+013  1.000E-008  6.236E+001  0.000E+000
 4.070E+013  1.000E-008  6.236E+001  0.000E+000
 4.090E+013  1.000E-008  6.236E+001  2.048E-011
 4.110E+013  1.000E-008  6.236E+001 -2.048E-011
 4.130E+013  1.000E-008  6.236E+001  1.440E-011
 4.150E+013  1.000E-008  6.236E+001 -1.440E-011
 4.170E+013  1.000E-008  6.236E+001  4.988E-012
 4.190E+013  1.000E-008  6.236E+001 -4.434E-012
 4.210E+013  1.000E-008  6.236E+001 -2.001E-031
 4.230E+013  1.000E-008  6.236E+001 -5.542E-013
 4.250E+013  1.000E-008  6.236E+001  0.000E+000
 4.270E+013  1.000E-008  6.236E+001  0.000E+000
 4.290E+013  1.000E-008  6.236E+001  0.000E+000
 4.310E+013  1.000E-008  6.236E+001  0.000E+000
 4.330E+013  1.000E-008  6.236E+001  0.000E+000
 4.350E+013  1.000E-008  6.236E+001  0.000E+000
 4.370E+013  1.000E-008  6.236E+001  0.000E+000
 4.390E+013  1.000E-008  6.236E+001  0.000E+000
 4.410E+013  1.000E-008  6.236E+001  0.000E+000
 4.430E+013  1.000E-008  6.236E+001  0.000E+000
 4.450E+013  1.000E-008  6.236E+001  0.000E+000
 4.470E+013  1.000E-008  6.236E+001  5.542E-013
 4.490E+013  1.000E-008  6.236E+001 -3.570E-034
 4.510E+013  1.000E-008  6.236E+001 -5.542E-013
 4.530E+013  1.000E-008  6.236E+001 -3.329E-294
 4.550E+013  1.000E-008  6.236E+001 -8.186E-144
 4.570E+013  1.000E-008  6.236E+001 -8.899E-069
 4.590E+013  1.000E-008  6.236E+001 -2.001E-031
 4.610E+013  1.000E-008  6.236E+001 -5.542E-013
 4.630E+013  1.000E-008  6.236E+001  5.542E-013
 4.650E+013  1.000E-008  6.236E+001  5.542E-013
 4.670E+013  1.000E-008  6.236E+001 -5.542E-013
 4.690E+013  1.000E-008  6.236E+001  5.542E-013
 4.710E+013  1.000E-008  6.236E+001 -5.542E-013
 4.730E+013  1.000E-008  6.236E+001  0.000E+000
 4.750E+013  1.000E-008  6.236E+001  0.000E+000
 4.770E+013  1.000E-008  6.236E+001  0.000E+000
 4.790E+013  1.000E-008  6.236E+001  5.542E-013
 4.810E+013  1.000E-008  6.236E+001 -5.542E-013
 4.830E+013  1.000E-008  6.236E+001 -1.659E-034
 4.850E+013  1.000E-008  6.236E+001  5.542E-013
 4.870E+013  1.000E-008  6.236E+001 -5.542E-013
 4.890E+013  1.000E-008  6.236E+001  0.000E+000
 4.910E+013  1.000E-008  6.236E+001  0.000E+000
 4.930E+013  1.000E-008  6.236E+001  0.000E+000
 4.950E+013  1.000E-008  6.236E+001  0.000E+000
 4.970E+013  1.000E-008  6.236E+001  0.000E+000
 4.990E+013  1.000E-008  6.236E+001  1.108E-012
 5.010E+013  1.000E-008  6.236E+001 -1.663E-012
 5.030E+013  1.000E-008  6.236E+001  5.542E-013
 5.050E+013  1.000E-008  6.236E+001  1.997E-031
 5.070E+013  1.000E-008  6.236E+001  8.869E-069
 5.090E+013  1.000E-008  6.236E+001  8.132E-144
 5.110E+013  1.000E-008  6.236E+001  5.542E-013
 5.130E+013  1.000E-008  6.236E+001 -5.542E-013
 5.150E+013  1.000E-008  6.236E+001  0.000E+000
 5.170E+013  1.000E-008  6.236E+001  0.000E+000
 5.190E+013  1.000E-008  6.236E+001 -3.326E-294
 5.210E+013  1.000E-008  6.236E+001 -8.182E-144
 5.230E+013  1.000E-008  6.236E+001 -8.897E-069
 5.250E+013  1.000E-008  6.236E+001 -2.000E-031
 5.270E+013  1.000E-008  6.236E+001 -5.542E-013
 5.290E+013  1.000E-008  6.236E+001  5.542E-013
 5.310E+013  1.000E-008  6.236E+001  1.997E-031
 5.330E+013  1.000E-008  6.236E+001  8.870E-069
 5.350E+013  1.000E-008  6.236E+001  1.108E-012
 5.370E+013  1.000E-008  6.236E+001 -1.108E-012
 5.390E+013  1.000E-008  6.236E+001  2.636E-032
 5.410E+013  1.000E-008  6.236E+001  5.542E-013
 5.430E+013  1.000E-008  6.236E+001  5.542E-013
 5.450E+013  1.000E-008  6.236E+001  5.542E-013
 5.470E+013  1.000E-008  6.236E+001 -1.663E-012
 5.490E+013  1.000E-008  6.236E+001 -2.000E-031
 5.510E+013  1.000E-008  6.236E+001 -5.542E-013
 5.530E+013  1.000E-008  6.236E+001  1.108E-012
 5.550E+013  1.000E-008  6.236E+001 -2.217E-012
 5.570E+013  1.000E-008  6.236E+001  1.108E-012
 5.590E+013  1.000E-008  6.236E+001  5.542E-013
 5.610E+013  1.000E-008  6.236E+001 -5.542E-013
 5.630E+013  1.000E-008  6.236E+001  5.542E-013
 5.650E+013  1.000E-008  6.236E+001 -3.325E-012
 5.670E+013  1.000E-008  6.236E+001  3.325E-012
 5.690E+013  1.000E-008  6.236E+001  3.325E-012
 5.710E+013  1.000E-008  6.236E+001 -3.325E-012
 5.730E+013  1.000E-008  6.236E+001  3.880E-012
 5.750E+013  1.000E-008  6.236E+001 -8.313E-012
 5.770E+013  1.000E-008  6.236E+001 -5.542E-013
 5.790E+013  1.000E-008  6.236E+001  4.988E-012
 5.810E+013  1.000E-008  6.236E+001  2.655E-011
 5.830E+013  1.000E-008  6.236E+001 -2.655E-011
 5.850E+013  1.000E-008  6.236E+001  0.000E+000
 5.870E+013  1.000E-008  6.236E+001  0.000E+000
 5.890E+013  1.000E-008  6.236E+001  0.000E+000
 5.910E+013  1.000E-008  6.236E+001  0.000E+000
 5.930E+013  1.000E-008  6.236E+001  0.000E+000
 5.950E+013  1.000E-008  6.236E+001  0.000E+000
 5.970E+013  1.000E-008  6.236E+001  0.000E+000
 5.990E+013  1.000E-008  6.236E+001  0.000E+000
 6.010E+013  1.000E-008  6.236E+001  0.000E+000
 6.030E+013  1.000E-008  6.236E+001  5.542E-013
 6.050E+013  1.000E-008  6.236E+001 -5.542E-013
 6.070E+013  1.000E-008  6.236E+001  5.542E-013
 6.090E+013  1.000E-008  6.236E+001 -5.542E-013
 6.110E+013  1.000E-008  6.236E+001  0.000E+000
 6.130E+013  1.000E-008  6.236E+001  0.000E+000
 6.150E+013  1.000E-008  6.236E+001  0.000E+000
 6.170E+013  1.000E-008  6.236E+001  5.542E-013
 6.190E+013  1.000E-008  6.236E+001 -5.542E-013
 6.210E+013  1.000E-008  6.236E+001  0.000E+000
 6.230E+013  1.000E-008  6.236E+001  0.000E+000
 6.250E+013  1.000E-008  6.236E+001  0.000E+000
 6.270E+013  1.000E-008  6.236E+001  0.000E+000
 6.290E+013  1.000E-008  6.236E+001  0.000E+000
 6.310E+013  1.000E-008  6.236E+001  0.000E+000
 6.330E+013  1.000E-008  6.236E+001  0.000E+000
 6.350E+013  1.000E-008  6.236E+001  5.542E-013
 6.370E+013  1.000E-008  6.236E+001 -5.542E-013
 6.390E+013  1.000E-008  6.236E+001  0.000E+000
 6.410E+013  1.000E-008  6.236E+001  0.000E+000
 6.430E+013  1.000E-008  6.236E+001  0.000E+000
 6.450E+013  1.000E-008  6.236E+001  0.000E+000
 6.470E+013  1.000E-008  6.236E+001  5.542E-013
 6.490E+013  1.000E-008  6.236E+001 -5.542E-013
 6.510E+013  1.000E-008  6.236E+001  0.000E+000
 6.530E+013  1.000E-008  6.236E+001  0.000E+000
 6.550E+013  1.000E-008  6.236E+001  0.000E+000
 6.570E+013  1.000E-008  6.236E+001  0.000E+000
 6.590E+013  1.000E-008  6.236E+001  5.542E-013
 6.610E+013  1.000E-008  6.236E+001 -5.542E-013
 6.630E+013  1.000E-008  6.236E+001  0.000E+000
 6.650E+013  1.000E-008  6.236E+001  0.000E+000
 6.670E+013  1.000E-008  6.236E+001  0.000E+000
 6.690E+013  1.000E-008  6.236E+001  5.542E-013
 6.710E+013  1.000E-008  6.236E+001 -5.542E-013
 6.730E+013  1.000E-008  6.236E+001  0.000E+000
 6.750E+013  1.000E-008  6.236E+001  0.000E+000
 6.770E+013  1.000E-008  6.236E+001  5.542E-013
 6.790E+013  1.000E-008  6.236E+001 -5.542E-013
 6.810E+013  1.000E-008  6.236E+001  5.542E-013
 6.830E+013  1.000E-008  6.236E+001 -2.345E-034
 6.850E+013  1.000E-008  6.236E+001 -5.542E-013
 6.870E+013  1.000E-008  6.236E+001  0.000E+000
 6.890E+013  1.000E-008  6.236E+001  0.000E+000
 6.910E+013  1.000E-008  6.236E+001  0.000E+000
 6.930E+013  1.000E-008  6.236E+001  5.542E-013
 6.950E+013  1.000E-008  6.236E+001 -5.542E-013
 6.970E+013  1.000E-008  6.236E+001  0.000E+000
 6.990E+013  1.000E-008  6.236E+001  0.000E+000
 7.010E+013  1.000E-008  6.236E+001  0.000E+000
 7.030E+013  1.000E-008  6.236E+001  0.000E+000
 7.050E+013  1.000E-008  6.236E+001  0.000E+000
 7.070E+013  1.000E-008  6.236E+001  0.000E+000
 7.090E+013  1.000E-008  6.236E+001  0.000E+000
 7.110E+013  1.000E-008  6.236E+001  0.000E+000
 7.130E+013  1.000E-008  6.236E+001  0.000E+000
 7.150E+013  1.000E-008  6.236E+001  0.000E+000
 7.170E+013  1.000E-008  6.236E+001  0.000E+000
 7.190E+013  1.000E-008  6.236E+001  5.542E-013
 7.210E+013  1.000E-008  6.236E+001 -5.542E-013
 7.230E+013  1.000E-008  6.236E+001  0.000E+000
 7.250E+013  1.000E-008  6.236E+001  0.000E+000
 7.270E+013  1.000E-008  6.236E+001  1.108E-012
 7.290E+013  1.000E-008  6.236E+001 -8.787E-034
 7.310E+013  1.000E-008  6.236E+001 -1.108E-012
 7.330E+013  1.000E-008  6.236E+001 -2.000E-031
 7.350E+013  1.000E-008  6.236E+001 -5.542E-013
 7.370E+013  1.000E-008  6.236E+001  5.542E-013
 7.390E+013  1.000E-008  6.236E+001  1.998E-031
 7.410E+013  1.000E-008  6.236E+001  8.874E-069
 7.430E+013  1.000E-008  6.236E+001  8.140E-144
 7.450E+013  1.000E-008  6.236E+001  3.292E-294
 7.470E+013  1.000E-008  6.236E+001  0.000E+000
 7.490E+013  1.000E-008  6.236E+001  0.000E+000
 7.510E+013  1.000E-008  6.236E+001  0.000E+000
 7.530E+013  1.000E-008  6.236E+001  0.000E+000
 7.550E+013  1.000E-008  6.236E+001  0.000E+000
 7.570E+013  1.000E-008  6.236E+001  0.000E+000
 7.590E+013  1.000E-008  6.236E+001  0.000E+000
 7.610E+013  1.000E-008  6.236E+001  0.000E+000
 7.630E+013  1.000E-008  6.236E+001  0.000E+000
 7.650E+013  1.000E-008  6.236E+001  0.000E+000
 7.670E+013  1.000E-008  6.236E+001  1.108E-012
 7.690E+013  1.000E-008  6.236E+001 -1.108E-012
 7.710E+013  1.000E-008  6.236E+001  1.663E-012
 7.730E+013  1.000E-008  6.236E+001 -1.663E-012
 7.750E+013  1.000E-008  6.236E+001  4.735E-032
 7.770E+013  1.000E-008  6.236E+001  1.108E-012
 7.790E+013  1.000E-008  6.236E+001 -3.325E-012
 7.810E+013  1.000E-008  6.236E+001  3.325E-012
 7.830E+013  1.000E-008  6.236E+001 -1.108E-012
 7.850E+013  1.000E-008  6.236E+001 -6.269E-069
 7.870E+013  1.000E-008  6.236E+001 -1.679E-031
 7.890E+013  1.000E-008  6.236E+001 -5.542E-013
 7.910E+013  1.000E-008  6.236E+001 -2.771E-012
 7.930E+013  1.000E-008  6.236E+001  1.663E-012
 7.950E+013  1.000E-008  6.236E+001  1.663E-012
 7.970E+013  1.000E-008  6.236E+001 -2.217E-012
 7.990E+013  1.000E-008  6.236E+001  2.217E-012
 8.010E+013  1.000E-008  6.236E+001  3.197E-030
 8.030E+013  1.000E-008  6.236E+001  2.272E-066
 8.050E+013  1.000E-008  6.236E+001  5.335E-139
 8.070E+013  1.000E-008  6.236E+001 -1.522E-277
 8.090E+013  1.000E-008  6.236E+001 -1.750E-135
 8.110E+013  1.000E-008  6.236E+001 -1.301E-064
 8.130E+013  1.000E-008  6.236E+001 -2.419E-029
 8.150E+013  1.000E-008  6.236E+001 -6.096E-012
 8.170E+013  1.000E-008  6.236E+001  7.759E-012
 8.190E+013  1.000E-008  6.236E+001 -1.663E-012
 8.210E+013  1.000E-008  6.236E+001  0.000E+000
 8.230E+013  1.000E-008  6.236E+001  0.000E+000
 8.250E+013  1.000E-008  6.236E+001  0.000E+000
 8.270E+013  1.000E-008  6.236E+001  0.000E+000
 8.290E+013  1.000E-008  6.236E+001  2.217E-012
 8.310E+013  1.000E-008  6.236E+001 -2.217E-012
 8.330E+013  1.000E-008  6.236E+001 -1.942E-031
 8.350E+013  1.000E-008  6.236E+001  3.325E-012
 8.370E+013  1.000E-008  6.236E+001 -2.771E-012
 8.390E+013  1.000E-008  6.236E+001 -2.000E-031
 8.410E+013  1.000E-008  6.236E+001 -5.542E-013
 8.430E+013  1.000E-008  6.236E+001  5.542E-013
 8.450E+013  1.000E-008  6.236E+001 -1.895E-034
 8.470E+013  1.000E-008  6.236E+001 -5.542E-013
 8.490E+013  1.000E-008  6.236E+001 -9.429E-035
 8.510E+013  1.000E-008  6.236E+001  5.542E-013
 8.530E+013  1.000E-008  6.236E+001 -1.877E-034
 8.550E+013  1.000E-008  6.236E+001 -5.542E-013
 8.570E+013  1.000E-008  6.236E+001 -9.341E-035
 8.590E+013  1.000E-008  6.236E+001  5.542E-013
 8.610E+013  1.000E-008  6.236E+001 -5.542E-013
 8.630E+013  1.000E-008  6.236E+001  0.000E+000
 8.650E+013  1.000E-008  6.236E+001  0.000E+000
 8.670E+013  1.000E-008  6.236E+001  0.000E+000
 8.690E+013  1.000E-008  6.236E+001  0.000E+000
 8.710E+013  1.000E-008  6.236E+001  0.000E+000
 8.730E+013  1.000E-008  6.236E+001  0.000E+000
 8.750E+013  1.000E-008  6.236E+001  5.542E-013
 8.770E+013  1.000E-008  6.236E+001 -5.542E-013
 8.790E+013  1.000E-008  6.236E+001 -9.107E-035
 8.810E+013  1.000E-008  6.236E+001  5.542E-013
 8.830E+013  1.000E-008  6.236E+001 -5.542E-013
 8.850E+013  1.000E-008  6.236E+001  5.542E-013
 8.870E+013  1.000E-008  6.236E+001  5.542E-013
 8.890E+013  1.000E-008  6.236E+001 -1.108E-012
 8.910E+013  1.000E-008  6.236E+001  0.000E+000
 8.930E+013  1.000E-008  6.236E+001  0.000E+000
 8.950E+013  1.000E-008  6.236E+001  0.000E+000
 8.970E+013  1.000E-008  6.236E+001  0.000E+000
 8.990E+013  1.000E-008  6.236E+001  0.000E+000
 9.010E+013  1.000E-008  6.236E+001  5.542E-013
 9.030E+013  1.000E-008  6.236E+001 -1.773E-034
 9.050E+013  1.000E-008  6.236E+001 -5.542E-013
 9.070E+013  1.000E-008  6.236E+001  5.542E-013
 9.090E+013  1.000E-008  6.236E+001 -1.761E-034
 9.110E+013  1.000E-008  6.236E+001 -5.542E-013
 9.130E+013  1.000E-008  6.236E+001  0.000E+000
 9.150E+013  1.000E-008  6.236E+001  0.000E+000
 9.170E+013  1.000E-008  6.236E+001  0.000E+000
 9.190E+013  1.000E-008  6.236E+001  0.000E+000
 9.210E+013  1.000E-008  6.236E+001  0.000E+000
 9.230E+013  1.000E-008  6.236E+001  5.542E-013
 9.250E+013  1.000E-008  6.236E+001 -1.731E-034
 9.270E+013  1.000E-008  6.236E+001 -5.542E-013
 9.290E+013  1.000E-008  6.236E+001  0.000E+000
 9.310E+013  1.000E-008  6.236E+001  0.000E+000
 9.330E+013  1.000E-008  6.236E+001  0.000E+000
 9.350E+013  1.000E-008  6.236E+001  0.000E+000
 9.370E+013  1.000E-008  6.236E+001  5.542E-013
 9.390E+013  1.000E-008  6.236E+001 -5.542E-013
 9.410E+013  1.000E-008  6.236E+001  5.542E-013
 9.430E+013  1.000E-008  6.236E+001 -5.542E-013
 9.450E+013  1.000E-008  6.236E+001  0.000E+000
 9.470E+013  1.000E-008  6.236E+001  0.000E+000
 9.490E+013  1.000E-008  6.236E+001  0.000E+000
 9.510E+013  1.000E-008  6.236E+001  0.000E+000
 9.530E+013  1.000E-008  6.236E+001  5.542E-013
 9.550E+013  1.000E-008  6.236E+001 -5.542E-013
 9.570E+013  1.000E-008  6.236E+001 -8.891E-069
 9.590E+013  1.000E-008  6.236E+001 -2.000E-031
 9.610E+013  1.000E-008  6.236E+001 -5.542E-013
 9.630E+013  1.000E-008  6.236E+001  5.542E-013
 9.650E+013  1.000E-008  6.236E+001  1.998E-031
 9.670E+013  1.000E-008  6.236E+001  5.542E-013
 9.690E+013  1.000E-008  6.236E+001 -5.542E-013
 9.710E+013  1.000E-008  6.236E+001  0.000E+000
 9.730E+013  1.000E-008  6.236E+001  0.000E+000
 9.750E+013  1.000E-008  6.236E+001  0.000E+000
 9.770E+013  1.000E-008  6.236E+001  0.000E+000
 9.790E+013  1.000E-008  6.236E+001  0.000E+000
 9.810E+013  1.000E-008  6.236E+001  0.000E+000
 9.830E+013  1.000E-008  6.236E+001  0.000E+000
 9.850E+013  1.000E-008  6.236E+001  0.000E+000
 9.870E+013  1.000E-008  6.236E+001  0.000E+000
 9.890E+013  1.000E-008  6.236E+001  0.000E+000
 9.910E+013  1.000E-008  6.236E+001  0.000E+000
 9.930E+013  1.000E-008  6.236E+001  0.000E+000
 9.950E+013  1.000E-008  6.236E+001  5.542E-013
 9.970E+013  1.000E-008  6.236E+001 -5.542E-013
 9.990E+013  1.000E-008  6.236E+001  0.000E+000
 1.001E+014  1.000E-099  1.000E-099  0.000E+000
 1.003E+014  1.000E-099  1.000E-099  0.000E+000
 4.947E-003
