 2.160E+005
     x1b        dens       energ       v1
 1.000E+011  1.519E-011  7.079E+006  0.000E+000
 3.000E+011  1.523E-011  7.075E+006  2.347E+005
 5.000E+011  1.538E-011  7.077E+006  4.401E+005
 7.000E+011  1.566E-011  7.076E+006  6.701E+005
 9.000E+011  1.604E-011  7.077E+006  8.891E+005
 1.100E+012  1.649E-011  7.076E+006  1.113E+006
 1.300E+012  1.697E-011  7.077E+006  1.335E+006
 1.500E+012  1.746E-011  7.077E+006  1.558E+006
 1.700E+012  1.793E-011  7.077E+006  1.781E+006
 1.900E+012  1.834E-011  7.077E+006  2.003E+006
 2.100E+012  1.858E-011  7.077E+006  2.226E+006
 2.300E+012  1.866E-011  7.077E+006  2.448E+006
 2.500E+012  1.866E-011  7.077E+006  2.671E+006
 2.700E+012  1.866E-011  7.077E+006  2.893E+006
 2.900E+012  1.865E-011  7.077E+006  3.116E+006
 3.100E+012  1.863E-011  7.077E+006  3.338E+006
 3.300E+012  1.859E-011  7.077E+006  3.561E+006
 3.500E+012  1.856E-011  7.077E+006  3.784E+006
 3.700E+012  1.855E-011  7.077E+006  4.006E+006
 3.900E+012  1.855E-011  7.077E+006  4.229E+006
 4.100E+012  1.856E-011  7.077E+006  4.451E+006
 4.300E+012  1.858E-011  7.077E+006  4.674E+006
 4.500E+012  1.862E-011  7.078E+006  4.897E+006
 4.700E+012  1.870E-011  7.078E+006  5.119E+006
 4.900E+012  1.883E-011  7.078E+006  5.342E+006
 5.100E+012  1.901E-011  7.078E+006  5.564E+006
 5.300E+012  1.928E-011  7.078E+006  5.787E+006
 5.500E+012  1.964E-011  7.078E+006  6.010E+006
 5.700E+012  2.012E-011  7.078E+006  6.233E+006
 5.900E+012  2.073E-011  7.078E+006  6.456E+006
 6.100E+012  2.152E-011  7.079E+006  6.679E+006
 6.300E+012  2.251E-011  7.079E+006  6.902E+006
 6.500E+012  2.374E-011  7.079E+006  7.125E+006
 6.700E+012  2.527E-011  7.079E+006  7.349E+006
 6.900E+012  2.715E-011  7.079E+006  7.573E+006
 7.100E+012  2.945E-011  7.079E+006  7.798E+006
 7.300E+012  3.227E-011  7.080E+006  8.023E+006
 7.500E+012  3.571E-011  7.080E+006  8.248E+006
 7.700E+012  3.988E-011  7.080E+006  8.473E+006
 7.900E+012  4.493E-011  7.081E+006  8.699E+006
 8.100E+012  5.100E-011  7.081E+006  8.925E+006
 8.300E+012  5.824E-011  7.082E+006  9.150E+006
 8.500E+012  6.681E-011  7.082E+006  9.376E+006
 8.700E+012  7.684E-011  7.083E+006  9.600E+006
 8.900E+012  8.840E-011  7.084E+006  9.825E+006
 9.100E+012  1.015E-010  7.085E+006  1.005E+007
 9.300E+012  1.162E-010  7.086E+006  1.027E+007
 9.500E+012  1.323E-010  7.088E+006  1.049E+007
 9.700E+012  1.497E-010  7.089E+006  1.071E+007
 9.900E+012  1.682E-010  7.091E+006  1.094E+007
 1.010E+013  1.875E-010  7.093E+006  1.116E+007
 1.030E+013  2.076E-010  7.096E+006  1.138E+007
 1.050E+013  2.283E-010  7.098E+006  1.160E+007
 1.070E+013  2.496E-010  7.101E+006  1.182E+007
 1.090E+013  2.714E-010  7.105E+006  1.204E+007
 1.110E+013  2.938E-010  7.108E+006  1.227E+007
 1.130E+013  3.170E-010  7.112E+006  1.249E+007
 1.150E+013  3.410E-010  7.117E+006  1.272E+007
 1.170E+013  3.662E-010  7.122E+006  1.294E+007
 1.190E+013  3.926E-010  7.127E+006  1.317E+007
 1.210E+013  4.206E-010  7.133E+006  1.339E+007
 1.230E+013  4.503E-010  7.139E+006  1.362E+007
 1.250E+013  4.821E-010  7.146E+006  1.384E+007
 1.270E+013  5.162E-010  7.153E+006  1.407E+007
 1.290E+013  5.528E-010  7.162E+006  1.430E+007
 1.310E+013  5.923E-010  7.170E+006  1.453E+007
 1.330E+013  6.347E-010  7.180E+006  1.476E+007
 1.350E+013  6.803E-010  7.190E+006  1.498E+007
 1.370E+013  7.291E-010  7.202E+006  1.521E+007
 1.390E+013  7.814E-010  7.214E+006  1.544E+007
 1.410E+013  8.371E-010  7.228E+006  1.568E+007
 1.430E+013  8.962E-010  7.242E+006  1.591E+007
 1.450E+013  9.587E-010  7.258E+006  1.614E+007
 1.470E+013  1.025E-009  7.276E+006  1.637E+007
 1.490E+013  1.094E-009  7.294E+006  1.661E+007
 1.510E+013  1.167E-009  7.315E+006  1.684E+007
 1.530E+013  1.243E-009  7.337E+006  1.708E+007
 1.550E+013  1.322E-009  7.360E+006  1.732E+007
 1.570E+013  1.406E-009  7.386E+006  1.756E+007
 1.590E+013  1.494E-009  7.413E+006  1.780E+007
 1.610E+013  1.586E-009  7.443E+006  1.804E+007
 1.630E+013  1.683E-009  7.475E+006  1.829E+007
 1.650E+013  1.786E-009  7.509E+006  1.853E+007
 1.670E+013  1.895E-009  7.546E+006  1.878E+007
 1.690E+013  2.010E-009  7.586E+006  1.903E+007
 1.710E+013  2.133E-009  7.629E+006  1.929E+007
 1.730E+013  2.264E-009  7.675E+006  1.954E+007
 1.750E+013  2.404E-009  7.725E+006  1.980E+007
 1.770E+013  2.552E-009  7.778E+006  2.006E+007
 1.790E+013  2.711E-009  7.835E+006  2.032E+007
 1.810E+013  2.880E-009  7.897E+006  2.059E+007
 1.830E+013  3.060E-009  7.964E+006  2.086E+007
 1.850E+013  3.251E-009  8.036E+006  2.113E+007
 1.870E+013  3.455E-009  8.114E+006  2.141E+007
 1.890E+013  3.672E-009  8.197E+006  2.169E+007
 1.910E+013  3.902E-009  8.287E+006  2.197E+007
 1.930E+013  4.147E-009  8.384E+006  2.226E+007
 1.950E+013  4.409E-009  8.489E+006  2.256E+007
 1.970E+013  4.688E-009  8.602E+006  2.285E+007
 1.990E+013  4.985E-009  8.725E+006  2.316E+007
 2.010E+013  5.304E-009  8.857E+006  2.347E+007
 2.030E+013  5.644E-009  8.999E+006  2.378E+007
 2.050E+013  6.009E-009  9.154E+006  2.411E+007
 2.070E+013  6.401E-009  9.321E+006  2.444E+007
 2.090E+013  6.823E-009  9.502E+006  2.477E+007
 2.110E+013  7.276E-009  9.698E+006  2.512E+007
 2.130E+013  7.764E-009  9.911E+006  2.547E+007
 2.150E+013  8.290E-009  1.014E+007  2.583E+007
 2.170E+013  8.859E-009  1.039E+007  2.620E+007
 2.190E+013  9.475E-009  1.067E+007  2.657E+007
 2.210E+013  1.014E-008  1.096E+007  2.696E+007
 2.230E+013  1.087E-008  1.129E+007  2.736E+007
 2.250E+013  1.166E-008  1.164E+007  2.777E+007
 2.270E+013  1.253E-008  1.202E+007  2.818E+007
 2.290E+013  1.348E-008  1.244E+007  2.861E+007
 2.310E+013  1.453E-008  1.290E+007  2.904E+007
 2.330E+013  1.568E-008  1.341E+007  2.949E+007
 2.350E+013  1.696E-008  1.396E+007  2.994E+007
 2.370E+013  1.837E-008  1.457E+007  3.041E+007
 2.390E+013  1.994E-008  1.522E+007  3.088E+007
 2.410E+013  2.169E-008  1.596E+007  3.136E+007
 2.430E+013  2.368E-008  1.681E+007  3.188E+007
 2.450E+013  2.582E-008  1.766E+007  3.240E+007
 2.470E+013  2.813E-008  1.852E+007  3.279E+007
 2.490E+013  3.134E-008  2.016E+007  3.337E+007
 2.510E+013  3.453E-008  2.175E+007  3.454E+007
 2.530E+013  3.453E-008  1.997E+007  3.451E+007
 2.550E+013  2.798E-008  1.191E+007  3.165E+007
 2.570E+013  1.673E-008  2.819E+006  2.341E+007
 2.590E+013  1.141E-008  1.508E+005  1.089E+007
 2.610E+013  1.010E-008  2.598E+002  1.596E+006
 2.630E+013  1.000E-008  6.236E+001  1.538E+004
 2.650E+013  1.000E-008  6.236E+001  5.668E-001
 2.670E+013  1.000E-008  6.236E+001  7.650E-009
 2.690E+013  1.000E-008  6.236E+001  1.186E-025
 2.710E+013  1.000E-008  6.236E+001  7.674E-013
 2.730E+013  1.000E-008  6.236E+001 -7.674E-013
 2.750E+013  1.000E-008  6.236E+001  2.302E-012
 2.770E+013  1.000E-008  6.236E+001 -2.302E-012
 2.790E+013  1.000E-008  6.236E+001  0.000E+000
 2.810E+013  1.000E-008  6.236E+001  0.000E+000
 2.830E+013  1.000E-008  6.236E+001  3.837E-012
 2.850E+013  1.000E-008  6.236E+001 -7.674E-013
 2.870E+013  1.000E-008  6.236E+001 -3.070E-012
 2.890E+013  1.000E-008  6.236E+001 -8.309E-031
 2.910E+013  1.000E-008  6.236E+001  5.372E-012
 2.930E+013  1.000E-008  6.236E+001 -5.372E-012
 2.950E+013  1.000E-008  6.236E+001  0.000E+000
 2.970E+013  1.000E-008  6.236E+001  0.000E+000
 2.990E+013  1.000E-008  6.236E+001  0.000E+000
 3.010E+013  1.000E-008  6.236E+001  7.674E-013
 3.030E+013  1.000E-008  6.236E+001 -7.674E-013
 3.050E+013  1.000E-008  6.236E+001  7.674E-013
 3.070E+013  1.000E-008  6.236E+001 -7.674E-013
 3.090E+013  1.000E-008  6.236E+001  7.674E-013
 3.110E+013  1.000E-008  6.236E+001  7.674E-013
 3.130E+013  1.000E-008  6.236E+001 -1.535E-012
 3.150E+013  1.000E-008  6.236E+001  0.000E+000
 3.170E+013  1.000E-008  6.236E+001  0.000E+000
 3.190E+013  1.000E-008  6.236E+001  0.000E+000
 3.210E+013  1.000E-008  6.236E+001  0.000E+000
 3.230E+013  1.000E-008  6.236E+001  0.000E+000
 3.250E+013  1.000E-008  6.236E+001  0.000E+000
 3.270E+013  1.000E-008  6.236E+001 -8.085E-290
 3.290E+013  1.000E-008  6.236E+001 -1.083E-141
 3.310E+013  1.000E-008  6.236E+001 -8.691E-068
 3.330E+013  1.000E-008  6.236E+001 -5.312E-031
 3.350E+013  1.000E-008  6.236E+001 -7.674E-013
 3.370E+013  1.000E-008  6.236E+001  7.674E-013
 3.390E+013  1.000E-008  6.236E+001  5.299E-031
 3.410E+013  1.000E-008  6.236E+001  8.649E-068
 3.430E+013  1.000E-008  6.236E+001  1.072E-141
 3.450E+013  1.000E-008  6.236E+001  1.535E-012
 3.470E+013  1.000E-008  6.236E+001 -1.535E-012
 3.490E+013  1.000E-008  6.236E+001  0.000E+000
 3.510E+013  1.000E-008  6.236E+001  0.000E+000
 3.530E+013  1.000E-008  6.236E+001  0.000E+000
 3.550E+013  1.000E-008  6.236E+001  0.000E+000
 3.570E+013  1.000E-008  6.236E+001  1.535E-012
 3.590E+013  1.000E-008  6.236E+001 -7.674E-013
 3.610E+013  1.000E-008  6.236E+001 -5.311E-031
 3.630E+013  1.000E-008  6.236E+001 -7.674E-013
 3.650E+013  1.000E-008  6.236E+001 -7.674E-013
 3.670E+013  1.000E-008  6.236E+001  7.674E-013
 3.690E+013  1.000E-008  6.236E+001  7.674E-013
 3.710E+013  1.000E-008  6.236E+001 -7.674E-013
 3.730E+013  1.000E-008  6.236E+001 -5.705E-034
 3.750E+013  1.000E-008  6.236E+001  7.674E-013
 3.770E+013  1.000E-008  6.236E+001 -7.674E-013
 3.790E+013  1.000E-008  6.236E+001  0.000E+000
 3.810E+013  1.000E-008  6.236E+001  0.000E+000
 3.830E+013  1.000E-008  6.236E+001  7.674E-013
 3.850E+013  1.000E-008  6.236E+001 -7.674E-013
 3.870E+013  1.000E-008  6.236E+001 -5.311E-031
 3.890E+013  1.000E-008  6.236E+001 -7.674E-013
 3.910E+013  1.000E-008  6.236E+001 -1.608E-031
 3.930E+013  1.000E-008  6.236E+001  2.302E-012
 3.950E+013  1.000E-008  6.236E+001 -7.674E-013
 3.970E+013  1.000E-008  6.236E+001  2.302E-012
 3.990E+013  1.000E-008  6.236E+001 -3.070E-012
 4.010E+013  1.000E-008  6.236E+001  0.000E+000
 4.030E+013  1.000E-008  6.236E+001  0.000E+000
 4.050E+013  1.000E-008  6.236E+001  0.000E+000
 4.070E+013  1.000E-008  6.236E+001  0.000E+000
 4.090E+013  1.000E-008  6.236E+001  2.837E-011
 4.110E+013  1.000E-008  6.236E+001 -2.837E-011
 4.130E+013  1.000E-008  6.236E+001  1.995E-011
 4.150E+013  1.000E-008  6.236E+001 -1.995E-011
 4.170E+013  1.000E-008  6.236E+001  6.907E-012
 4.190E+013  1.000E-008  6.236E+001 -6.139E-012
 4.210E+013  1.000E-008  6.236E+001 -5.311E-031
 4.230E+013  1.000E-008  6.236E+001 -7.674E-013
 4.250E+013  1.000E-008  6.236E+001  0.000E+000
 4.270E+013  1.000E-008  6.236E+001  0.000E+000
 4.290E+013  1.000E-008  6.236E+001  0.000E+000
 4.310E+013  1.000E-008  6.236E+001  0.000E+000
 4.330E+013  1.000E-008  6.236E+001  0.000E+000
 4.350E+013  1.000E-008  6.236E+001  0.000E+000
 4.370E+013  1.000E-008  6.236E+001  0.000E+000
 4.390E+013  1.000E-008  6.236E+001  0.000E+000
 4.410E+013  1.000E-008  6.236E+001  0.000E+000
 4.430E+013  1.000E-008  6.236E+001  0.000E+000
 4.450E+013  1.000E-008  6.236E+001  0.000E+000
 4.470E+013  1.000E-008  6.236E+001  7.674E-013
 4.490E+013  1.000E-008  6.236E+001 -9.474E-034
 4.510E+013  1.000E-008  6.236E+001 -7.674E-013
 4.530E+013  1.000E-008  6.236E+001 -8.063E-290
 4.550E+013  1.000E-008  6.236E+001 -1.081E-141
 4.570E+013  1.000E-008  6.236E+001 -8.685E-068
 4.590E+013  1.000E-008  6.236E+001 -5.310E-031
 4.610E+013  1.000E-008  6.236E+001 -7.674E-013
 4.630E+013  1.000E-008  6.236E+001  7.674E-013
 4.650E+013  1.000E-008  6.236E+001  7.674E-013
 4.670E+013  1.000E-008  6.236E+001 -7.674E-013
 4.690E+013  1.000E-008  6.236E+001  7.674E-013
 4.710E+013  1.000E-008  6.236E+001 -7.674E-013
 4.730E+013  1.000E-008  6.236E+001  0.000E+000
 4.750E+013  1.000E-008  6.236E+001  0.000E+000
 4.770E+013  1.000E-008  6.236E+001  0.000E+000
 4.790E+013  1.000E-008  6.236E+001  7.674E-013
 4.810E+013  1.000E-008  6.236E+001 -7.674E-013
 4.830E+013  1.000E-008  6.236E+001 -4.403E-034
 4.850E+013  1.000E-008  6.236E+001  7.674E-013
 4.870E+013  1.000E-008  6.236E+001 -7.674E-013
 4.890E+013  1.000E-008  6.236E+001  0.000E+000
 4.910E+013  1.000E-008  6.236E+001  0.000E+000
 4.930E+013  1.000E-008  6.236E+001  0.000E+000
 4.950E+013  1.000E-008  6.236E+001  0.000E+000
 4.970E+013  1.000E-008  6.236E+001  0.000E+000
 4.990E+013  1.000E-008  6.236E+001  1.535E-012
 5.010E+013  1.000E-008  6.236E+001 -2.302E-012
 5.030E+013  1.000E-008  6.236E+001  7.674E-013
 5.050E+013  1.000E-008  6.236E+001  5.301E-031
 5.070E+013  1.000E-008  6.236E+001  8.656E-068
 5.090E+013  1.000E-008  6.236E+001  1.074E-141
 5.110E+013  1.000E-008  6.236E+001  7.674E-013
 5.130E+013  1.000E-008  6.236E+001 -7.674E-013
 5.150E+013  1.000E-008  6.236E+001  0.000E+000
 5.170E+013  1.000E-008  6.236E+001  0.000E+000
 5.190E+013  1.000E-008  6.236E+001 -8.056E-290
 5.210E+013  1.000E-008  6.236E+001 -1.081E-141
 5.230E+013  1.000E-008  6.236E+001 -8.683E-068
 5.250E+013  1.000E-008  6.236E+001 -5.310E-031
 5.270E+013  1.000E-008  6.236E+001 -7.674E-013
 5.290E+013  1.000E-008  6.236E+001  7.674E-013
 5.310E+013  1.000E-008  6.236E+001  5.302E-031
 5.330E+013  1.000E-008  6.236E+001  8.657E-068
 5.350E+013  1.000E-008  6.236E+001  1.535E-012
 5.370E+013  1.000E-008  6.236E+001 -1.535E-012
 5.390E+013  1.000E-008  6.236E+001  6.995E-032
 5.410E+013  1.000E-008  6.236E+001  7.674E-013
 5.430E+013  1.000E-008  6.236E+001  7.674E-013
 5.450E+013  1.000E-008  6.236E+001  7.674E-013
 5.470E+013  1.000E-008  6.236E+001 -2.302E-012
 5.490E+013  1.000E-008  6.236E+001 -5.309E-031
 5.510E+013  1.000E-008  6.236E+001 -7.674E-013
 5.530E+013  1.000E-008  6.236E+001  1.535E-012
 5.550E+013  1.000E-008  6.236E+001 -3.070E-012
 5.570E+013  1.000E-008  6.236E+001  1.535E-012
 5.590E+013  1.000E-008  6.236E+001  7.674E-013
 5.610E+013  1.000E-008  6.236E+001 -7.674E-013
 5.630E+013  1.000E-008  6.236E+001  7.674E-013
 5.650E+013  1.000E-008  6.236E+001 -4.605E-012
 5.670E+013  1.000E-008  6.236E+001  4.605E-012
 5.690E+013  1.000E-008  6.236E+001  4.605E-012
 5.710E+013  1.000E-008  6.236E+001 -4.605E-012
 5.730E+013  1.000E-008  6.236E+001  5.372E-012
 5.750E+013  1.000E-008  6.236E+001 -1.151E-011
 5.770E+013  1.000E-008  6.236E+001 -7.674E-013
 5.790E+013  1.000E-008  6.236E+001  6.907E-012
 5.810E+013  1.000E-008  6.236E+001  3.679E-011
 5.830E+013  1.000E-008  6.236E+001 -3.679E-011
 5.850E+013  1.000E-008  6.236E+001  0.000E+000
 5.870E+013  1.000E-008  6.236E+001  0.000E+000
 5.890E+013  1.000E-008  6.236E+001  0.000E+000
 5.910E+013  1.000E-008  6.236E+001  0.000E+000
 5.930E+013  1.000E-008  6.236E+001  0.000E+000
 5.950E+013  1.000E-008  6.236E+001  0.000E+000
 5.970E+013  1.000E-008  6.236E+001  0.000E+000
 5.990E+013  1.000E-008  6.236E+001  0.000E+000
 6.010E+013  1.000E-008  6.236E+001  0.000E+000
 6.030E+013  1.000E-008  6.236E+001  7.674E-013
 6.050E+013  1.000E-008  6.236E+001 -7.674E-013
 6.070E+013  1.000E-008  6.236E+001  7.674E-013
 6.090E+013  1.000E-008  6.236E+001 -7.674E-013
 6.110E+013  1.000E-008  6.236E+001  0.000E+000
 6.130E+013  1.000E-008  6.236E+001  0.000E+000
 6.150E+013  1.000E-008  6.236E+001  0.000E+000
 6.170E+013  1.000E-008  6.236E+001  7.674E-013
 6.190E+013  1.000E-008  6.236E+001 -7.674E-013
 6.210E+013  1.000E-008  6.236E+001  0.000E+000
 6.230E+013  1.000E-008  6.236E+001  0.000E+000
 6.250E+013  1.000E-008  6.236E+001  0.000E+000
 6.270E+013  1.000E-008  6.236E+001  0.000E+000
 6.290E+013  1.000E-008  6.236E+001  0.000E+000
 6.310E+013  1.000E-008  6.236E+001  0.000E+000
 6.330E+013  1.000E-008  6.236E+001  0.000E+000
 6.350E+013  1.000E-008  6.236E+001  7.674E-013
 6.370E+013  1.000E-008  6.236E+001 -7.674E-013
 6.390E+013  1.000E-008  6.236E+001  0.000E+000
 6.410E+013  1.000E-008  6.236E+001  0.000E+000
 6.430E+013  1.000E-008  6.236E+001  0.000E+000
 6.450E+013  1.000E-008  6.236E+001  0.000E+000
 6.470E+013  1.000E-008  6.236E+001  7.674E-013
 6.490E+013  1.000E-008  6.236E+001 -7.674E-013
 6.510E+013  1.000E-008  6.236E+001  0.000E+000
 6.530E+013  1.000E-008  6.236E+001  0.000E+000
 6.550E+013  1.000E-008  6.236E+001  0.000E+000
 6.570E+013  1.000E-008  6.236E+001  0.000E+000
 6.590E+013  1.000E-008  6.236E+001  7.674E-013
 6.610E+013  1.000E-008  6.236E+001 -7.674E-013
 6.630E+013  1.000E-008  6.236E+001  0.000E+000
 6.650E+013  1.000E-008  6.236E+001  0.000E+000
 6.670E+013  1.000E-008  6.236E+001  0.000E+000
 6.690E+013  1.000E-008  6.236E+001  7.674E-013
 6.710E+013  1.000E-008  6.236E+001 -7.674E-013
 6.730E+013  1.000E-008  6.236E+001  0.000E+000
 6.750E+013  1.000E-008  6.236E+001  0.000E+000
 6.770E+013  1.000E-008  6.236E+001  7.674E-013
 6.790E+013  1.000E-008  6.236E+001 -7.674E-013
 6.810E+013  1.000E-008  6.236E+001  7.674E-013
 6.830E+013  1.000E-008  6.236E+001 -6.224E-034
 6.850E+013  1.000E-008  6.236E+001 -7.674E-013
 6.870E+013  1.000E-008  6.236E+001  0.000E+000
 6.890E+013  1.000E-008  6.236E+001  0.000E+000
 6.910E+013  1.000E-008  6.236E+001  0.000E+000
 6.930E+013  1.000E-008  6.236E+001  7.674E-013
 6.950E+013  1.000E-008  6.236E+001 -7.674E-013
 6.970E+013  1.000E-008  6.236E+001  0.000E+000
 6.990E+013  1.000E-008  6.236E+001  0.000E+000
 7.010E+013  1.000E-008  6.236E+001  0.000E+000
 7.030E+013  1.000E-008  6.236E+001  0.000E+000
 7.050E+013  1.000E-008  6.236E+001  0.000E+000
 7.070E+013  1.000E-008  6.236E+001  0.000E+000
 7.090E+013  1.000E-008  6.236E+001  0.000E+000
 7.110E+013  1.000E-008  6.236E+001  0.000E+000
 7.130E+013  1.000E-008  6.236E+001  0.000E+000
 7.150E+013  1.000E-008  6.236E+001  0.000E+000
 7.170E+013  1.000E-008  6.236E+001  0.000E+000
 7.190E+013  1.000E-008  6.236E+001  7.674E-013
 7.210E+013  1.000E-008  6.236E+001 -7.674E-013
 7.230E+013  1.000E-008  6.236E+001  0.000E+000
 7.250E+013  1.000E-008  6.236E+001  0.000E+000
 7.270E+013  1.000E-008  6.236E+001  1.535E-012
 7.290E+013  1.000E-008  6.236E+001 -2.332E-033
 7.310E+013  1.000E-008  6.236E+001 -1.535E-012
 7.330E+013  1.000E-008  6.236E+001 -5.308E-031
 7.350E+013  1.000E-008  6.236E+001 -7.674E-013
 7.370E+013  1.000E-008  6.236E+001  7.674E-013
 7.390E+013  1.000E-008  6.236E+001  5.303E-031
 7.410E+013  1.000E-008  6.236E+001  8.660E-068
 7.430E+013  1.000E-008  6.236E+001  1.075E-141
 7.450E+013  1.000E-008  6.236E+001  7.972E-290
 7.470E+013  1.000E-008  6.236E+001  0.000E+000
 7.490E+013  1.000E-008  6.236E+001  0.000E+000
 7.510E+013  1.000E-008  6.236E+001  0.000E+000
 7.530E+013  1.000E-008  6.236E+001  0.000E+000
 7.550E+013  1.000E-008  6.236E+001  0.000E+000
 7.570E+013  1.000E-008  6.236E+001  0.000E+000
 7.590E+013  1.000E-008  6.236E+001  0.000E+000
 7.610E+013  1.000E-008  6.236E+001  0.000E+000
 7.630E+013  1.000E-008  6.236E+001  0.000E+000
 7.650E+013  1.000E-008  6.236E+001  0.000E+000
 7.670E+013  1.000E-008  6.236E+001  1.535E-012
 7.690E+013  1.000E-008  6.236E+001 -1.535E-012
 7.710E+013  1.000E-008  6.236E+001  2.302E-012
 7.730E+013  1.000E-008  6.236E+001 -2.302E-012
 7.750E+013  1.000E-008  6.236E+001  1.257E-031
 7.770E+013  1.000E-008  6.236E+001  1.535E-012
 7.790E+013  1.000E-008  6.236E+001 -4.605E-012
 7.810E+013  1.000E-008  6.236E+001  4.605E-012
 7.830E+013  1.000E-008  6.236E+001 -1.535E-012
 7.850E+013  1.000E-008  6.236E+001 -6.119E-068
 7.870E+013  1.000E-008  6.236E+001 -4.457E-031
 7.890E+013  1.000E-008  6.236E+001 -7.674E-013
 7.910E+013  1.000E-008  6.236E+001 -3.837E-012
 7.930E+013  1.000E-008  6.236E+001  2.302E-012
 7.950E+013  1.000E-008  6.236E+001  2.302E-012
 7.970E+013  1.000E-008  6.236E+001 -3.070E-012
 7.990E+013  1.000E-008  6.236E+001  3.070E-012
 8.010E+013  1.000E-008  6.236E+001  8.485E-030
 8.030E+013  1.000E-008  6.236E+001  2.217E-065
 8.050E+013  1.000E-008  6.236E+001  7.046E-137
 8.070E+013  1.000E-008  6.236E+001 -3.689E-273
 8.090E+013  1.000E-008  6.236E+001 -2.312E-133
 8.110E+013  1.000E-008  6.236E+001 -1.270E-063
 8.130E+013  1.000E-008  6.236E+001 -6.422E-029
 8.150E+013  1.000E-008  6.236E+001 -8.441E-012
 8.170E+013  1.000E-008  6.236E+001  1.074E-011
 8.190E+013  1.000E-008  6.236E+001 -2.302E-012
 8.210E+013  1.000E-008  6.236E+001  0.000E+000
 8.230E+013  1.000E-008  6.236E+001  0.000E+000
 8.250E+013  1.000E-008  6.236E+001  0.000E+000
 8.270E+013  1.000E-008  6.236E+001  0.000E+000
 8.290E+013  1.000E-008  6.236E+001  3.070E-012
 8.310E+013  1.000E-008  6.236E+001 -3.070E-012
 8.330E+013  1.000E-008  6.236E+001 -5.154E-031
 8.350E+013  1.000E-008  6.236E+001  4.605E-012
 8.370E+013  1.000E-008  6.236E+001 -3.837E-012
 8.390E+013  1.000E-008  6.236E+001 -5.308E-031
 8.410E+013  1.000E-008  6.236E+001 -7.674E-013
 8.430E+013  1.000E-008  6.236E+001  7.674E-013
 8.450E+013  1.000E-008  6.236E+001 -5.029E-034
 8.470E+013  1.000E-008  6.236E+001 -7.674E-013
 8.490E+013  1.000E-008  6.236E+001 -2.503E-034
 8.510E+013  1.000E-008  6.236E+001  7.674E-013
 8.530E+013  1.000E-008  6.236E+001 -4.982E-034
 8.550E+013  1.000E-008  6.236E+001 -7.674E-013
 8.570E+013  1.000E-008  6.236E+001 -2.479E-034
 8.590E+013  1.000E-008  6.236E+001  7.674E-013
 8.610E+013  1.000E-008  6.236E+001 -7.674E-013
 8.630E+013  1.000E-008  6.236E+001  0.000E+000
 8.650E+013  1.000E-008  6.236E+001  0.000E+000
 8.670E+013  1.000E-008  6.236E+001  0.000E+000
 8.690E+013  1.000E-008  6.236E+001  0.000E+000
 8.710E+013  1.000E-008  6.236E+001  0.000E+000
 8.730E+013  1.000E-008  6.236E+001  0.000E+000
 8.750E+013  1.000E-008  6.236E+001  7.674E-013
 8.770E+013  1.000E-008  6.236E+001 -7.674E-013
 8.790E+013  1.000E-008  6.236E+001 -2.417E-034
 8.810E+013  1.000E-008  6.236E+001  7.674E-013
 8.830E+013  1.000E-008  6.236E+001 -7.674E-013
 8.850E+013  1.000E-008  6.236E+001  7.674E-013
 8.870E+013  1.000E-008  6.236E+001  7.674E-013
 8.890E+013  1.000E-008  6.236E+001 -1.535E-012
 8.910E+013  1.000E-008  6.236E+001  0.000E+000
 8.930E+013  1.000E-008  6.236E+001  0.000E+000
 8.950E+013  1.000E-008  6.236E+001  0.000E+000
 8.970E+013  1.000E-008  6.236E+001  0.000E+000
 8.990E+013  1.000E-008  6.236E+001  0.000E+000
 9.010E+013  1.000E-008  6.236E+001  7.674E-013
 9.030E+013  1.000E-008  6.236E+001 -4.706E-034
 9.050E+013  1.000E-008  6.236E+001 -7.674E-013
 9.070E+013  1.000E-008  6.236E+001  7.674E-013
 9.090E+013  1.000E-008  6.236E+001 -4.675E-034
 9.110E+013  1.000E-008  6.236E+001 -7.674E-013
 9.130E+013  1.000E-008  6.236E+001  0.000E+000
 9.150E+013  1.000E-008  6.236E+001  0.000E+000
 9.170E+013  1.000E-008  6.236E+001  0.000E+000
 9.190E+013  1.000E-008  6.236E+001  0.000E+000
 9.210E+013  1.000E-008  6.236E+001  0.000E+000
 9.230E+013  1.000E-008  6.236E+001  7.674E-013
 9.250E+013  1.000E-008  6.236E+001 -4.594E-034
 9.270E+013  1.000E-008  6.236E+001 -7.674E-013
 9.290E+013  1.000E-008  6.236E+001  0.000E+000
 9.310E+013  1.000E-008  6.236E+001  0.000E+000
 9.330E+013  1.000E-008  6.236E+001  0.000E+000
 9.350E+013  1.000E-008  6.236E+001  0.000E+000
 9.370E+013  1.000E-008  6.236E+001  7.674E-013
 9.390E+013  1.000E-008  6.236E+001 -7.674E-013
 9.410E+013  1.000E-008  6.236E+001  7.674E-013
 9.430E+013  1.000E-008  6.236E+001 -7.674E-013
 9.450E+013  1.000E-008  6.236E+001  0.000E+000
 9.470E+013  1.000E-008  6.236E+001  0.000E+000
 9.490E+013  1.000E-008  6.236E+001  0.000E+000
 9.510E+013  1.000E-008  6.236E+001  0.000E+000
 9.530E+013  1.000E-008  6.236E+001  7.674E-013
 9.550E+013  1.000E-008  6.236E+001 -7.674E-013
 9.570E+013  1.000E-008  6.236E+001 -8.677E-068
 9.590E+013  1.000E-008  6.236E+001 -5.308E-031
 9.610E+013  1.000E-008  6.236E+001 -7.674E-013
 9.630E+013  1.000E-008  6.236E+001  7.674E-013
 9.650E+013  1.000E-008  6.236E+001  5.303E-031
 9.670E+013  1.000E-008  6.236E+001  7.674E-013
 9.690E+013  1.000E-008  6.236E+001 -7.674E-013
 9.710E+013  1.000E-008  6.236E+001  0.000E+000
 9.730E+013  1.000E-008  6.236E+001  0.000E+000
 9.750E+013  1.000E-008  6.236E+001  0.000E+000
 9.770E+013  1.000E-008  6.236E+001  0.000E+000
 9.790E+013  1.000E-008  6.236E+001  0.000E+000
 9.810E+013  1.000E-008  6.236E+001  0.000E+000
 9.830E+013  1.000E-008  6.236E+001  0.000E+000
 9.850E+013  1.000E-008  6.236E+001  0.000E+000
 9.870E+013  1.000E-008  6.236E+001  0.000E+000
 9.890E+013  1.000E-008  6.236E+001  0.000E+000
 9.910E+013  1.000E-008  6.236E+001  0.000E+000
 9.930E+013  1.000E-008  6.236E+001  0.000E+000
 9.950E+013  1.000E-008  6.236E+001  7.674E-013
 9.970E+013  1.000E-008  6.236E+001 -7.674E-013
 9.990E+013  1.000E-008  6.236E+001  0.000E+000
 1.001E+014  1.000E-099  1.000E-099  0.000E+000
 1.003E+014  1.000E-099  1.000E-099  0.000E+000
 6.850E-003
