 1.681E+005
     x1b        dens       energ       v1
 1.000E+011  1.820E-011  9.566E+006  0.000E+000
 3.000E+011  1.827E-011  9.572E+006  4.955E+005
 5.000E+011  1.848E-011  9.569E+006  4.935E+005
 7.000E+011  1.886E-011  9.570E+006  8.925E+005
 9.000E+011  1.937E-011  9.570E+006  1.129E+006
 1.100E+012  1.996E-011  9.570E+006  1.437E+006
 1.300E+012  2.058E-011  9.570E+006  1.714E+006
 1.500E+012  2.120E-011  9.570E+006  2.004E+006
 1.700E+012  2.176E-011  9.570E+006  2.289E+006
 1.900E+012  2.218E-011  9.570E+006  2.575E+006
 2.100E+012  2.235E-011  9.571E+006  2.861E+006
 2.300E+012  2.237E-011  9.571E+006  3.147E+006
 2.500E+012  2.237E-011  9.571E+006  3.433E+006
 2.700E+012  2.236E-011  9.571E+006  3.719E+006
 2.900E+012  2.233E-011  9.571E+006  4.005E+006
 3.100E+012  2.229E-011  9.571E+006  4.292E+006
 3.300E+012  2.225E-011  9.571E+006  4.578E+006
 3.500E+012  2.224E-011  9.571E+006  4.864E+006
 3.700E+012  2.224E-011  9.572E+006  5.150E+006
 3.900E+012  2.225E-011  9.572E+006  5.436E+006
 4.100E+012  2.228E-011  9.572E+006  5.722E+006
 4.300E+012  2.235E-011  9.572E+006  6.008E+006
 4.500E+012  2.247E-011  9.572E+006  6.295E+006
 4.700E+012  2.266E-011  9.572E+006  6.581E+006
 4.900E+012  2.294E-011  9.573E+006  6.867E+006
 5.100E+012  2.334E-011  9.573E+006  7.153E+006
 5.300E+012  2.389E-011  9.573E+006  7.440E+006
 5.500E+012  2.462E-011  9.573E+006  7.727E+006
 5.700E+012  2.556E-011  9.574E+006  8.013E+006
 5.900E+012  2.677E-011  9.574E+006  8.300E+006
 6.100E+012  2.830E-011  9.574E+006  8.588E+006
 6.300E+012  3.021E-011  9.575E+006  8.876E+006
 6.500E+012  3.261E-011  9.575E+006  9.164E+006
 6.700E+012  3.558E-011  9.575E+006  9.453E+006
 6.900E+012  3.926E-011  9.576E+006  9.742E+006
 7.100E+012  4.381E-011  9.577E+006  1.003E+007
 7.300E+012  4.939E-011  9.577E+006  1.032E+007
 7.500E+012  5.621E-011  9.578E+006  1.061E+007
 7.700E+012  6.449E-011  9.579E+006  1.090E+007
 7.900E+012  7.444E-011  9.580E+006  1.119E+007
 8.100E+012  8.627E-011  9.581E+006  1.148E+007
 8.300E+012  1.001E-010  9.583E+006  1.177E+007
 8.500E+012  1.161E-010  9.584E+006  1.206E+007
 8.700E+012  1.342E-010  9.586E+006  1.235E+007
 8.900E+012  1.543E-010  9.589E+006  1.263E+007
 9.100E+012  1.761E-010  9.592E+006  1.292E+007
 9.300E+012  1.995E-010  9.595E+006  1.320E+007
 9.500E+012  2.240E-010  9.599E+006  1.349E+007
 9.700E+012  2.496E-010  9.603E+006  1.377E+007
 9.900E+012  2.760E-010  9.608E+006  1.406E+007
 1.010E+013  3.032E-010  9.614E+006  1.434E+007
 1.030E+013  3.311E-010  9.620E+006  1.463E+007
 1.050E+013  3.599E-010  9.627E+006  1.492E+007
 1.070E+013  3.898E-010  9.635E+006  1.520E+007
 1.090E+013  4.210E-010  9.643E+006  1.549E+007
 1.110E+013  4.538E-010  9.652E+006  1.578E+007
 1.130E+013  4.886E-010  9.663E+006  1.607E+007
 1.150E+013  5.256E-010  9.674E+006  1.636E+007
 1.170E+013  5.652E-010  9.686E+006  1.666E+007
 1.190E+013  6.079E-010  9.699E+006  1.695E+007
 1.210E+013  6.540E-010  9.714E+006  1.724E+007
 1.230E+013  7.039E-010  9.730E+006  1.754E+007
 1.250E+013  7.578E-010  9.747E+006  1.783E+007
 1.270E+013  8.161E-010  9.767E+006  1.813E+007
 1.290E+013  8.789E-010  9.788E+006  1.842E+007
 1.310E+013  9.464E-010  9.811E+006  1.872E+007
 1.330E+013  1.019E-009  9.836E+006  1.902E+007
 1.350E+013  1.096E-009  9.863E+006  1.932E+007
 1.370E+013  1.178E-009  9.893E+006  1.962E+007
 1.390E+013  1.264E-009  9.926E+006  1.993E+007
 1.410E+013  1.355E-009  9.962E+006  2.023E+007
 1.430E+013  1.451E-009  1.000E+007  2.054E+007
 1.450E+013  1.553E-009  1.004E+007  2.085E+007
 1.470E+013  1.659E-009  1.009E+007  2.116E+007
 1.490E+013  1.771E-009  1.014E+007  2.147E+007
 1.510E+013  1.890E-009  1.019E+007  2.179E+007
 1.530E+013  2.016E-009  1.025E+007  2.211E+007
 1.550E+013  2.149E-009  1.032E+007  2.243E+007
 1.570E+013  2.292E-009  1.038E+007  2.276E+007
 1.590E+013  2.444E-009  1.046E+007  2.309E+007
 1.610E+013  2.608E-009  1.054E+007  2.342E+007
 1.630E+013  2.783E-009  1.063E+007  2.376E+007
 1.650E+013  2.971E-009  1.072E+007  2.410E+007
 1.670E+013  3.174E-009  1.083E+007  2.445E+007
 1.690E+013  3.391E-009  1.094E+007  2.480E+007
 1.710E+013  3.625E-009  1.106E+007  2.516E+007
 1.730E+013  3.876E-009  1.119E+007  2.552E+007
 1.750E+013  4.145E-009  1.134E+007  2.590E+007
 1.770E+013  4.434E-009  1.150E+007  2.627E+007
 1.790E+013  4.745E-009  1.167E+007  2.666E+007
 1.810E+013  5.080E-009  1.185E+007  2.705E+007
 1.830E+013  5.440E-009  1.206E+007  2.746E+007
 1.850E+013  5.829E-009  1.228E+007  2.787E+007
 1.870E+013  6.250E-009  1.252E+007  2.829E+007
 1.890E+013  6.705E-009  1.279E+007  2.872E+007
 1.910E+013  7.198E-009  1.308E+007  2.917E+007
 1.930E+013  7.735E-009  1.339E+007  2.962E+007
 1.950E+013  8.319E-009  1.374E+007  3.009E+007
 1.970E+013  8.956E-009  1.412E+007  3.056E+007
 1.990E+013  9.653E-009  1.454E+007  3.105E+007
 2.010E+013  1.041E-008  1.499E+007  3.155E+007
 2.030E+013  1.125E-008  1.550E+007  3.207E+007
 2.050E+013  1.217E-008  1.605E+007  3.259E+007
 2.070E+013  1.318E-008  1.665E+007  3.313E+007
 2.090E+013  1.431E-008  1.732E+007  3.369E+007
 2.110E+013  1.555E-008  1.806E+007  3.425E+007
 2.130E+013  1.695E-008  1.888E+007  3.484E+007
 2.150E+013  1.850E-008  1.978E+007  3.543E+007
 2.170E+013  2.024E-008  2.079E+007  3.603E+007
 2.190E+013  2.225E-008  2.197E+007  3.668E+007
 2.210E+013  2.445E-008  2.317E+007  3.736E+007
 2.230E+013  2.683E-008  2.436E+007  3.786E+007
 2.250E+013  3.010E-008  2.660E+007  3.854E+007
 2.270E+013  3.373E-008  2.917E+007  4.004E+007
 2.290E+013  3.412E-008  2.721E+007  4.022E+007
 2.310E+013  2.842E-008  1.692E+007  3.720E+007
 2.330E+013  1.721E-008  4.260E+006  2.797E+007
 2.350E+013  1.156E-008  2.553E+005  1.349E+007
 2.370E+013  1.012E-008  5.054E+002  2.168E+006
 2.390E+013  1.000E-008  6.237E+001  2.533E+004
 2.410E+013  1.000E-008  6.236E+001  1.350E+000
 2.430E+013  1.000E-008  6.236E+001  1.510E-008
 2.450E+013  1.000E-008  6.236E+001  3.872E-025
 2.470E+013  1.000E-008  6.236E+001  5.970E-013
 2.490E+013  1.000E-008  6.236E+001 -5.970E-013
 2.510E+013  1.000E-008  6.236E+001  5.970E-013
 2.530E+013  1.000E-008  6.236E+001 -5.970E-013
 2.550E+013  1.000E-008  6.236E+001 -2.204E-288
 2.570E+013  1.000E-008  6.236E+001 -6.415E-141
 2.590E+013  1.000E-008  6.236E+001 -2.400E-067
 2.610E+013  1.000E-008  6.236E+001 -1.001E-030
 2.630E+013  1.000E-008  6.236E+001 -1.194E-012
 2.650E+013  1.000E-008  6.236E+001  1.194E-012
 2.670E+013  1.000E-008  6.236E+001  9.979E-031
 2.690E+013  1.000E-008  6.236E+001  2.385E-067
 2.710E+013  1.000E-008  6.236E+001  5.970E-013
 2.730E+013  1.000E-008  6.236E+001 -5.970E-013
 2.750E+013  1.000E-008  6.236E+001  1.791E-012
 2.770E+013  1.000E-008  6.236E+001 -1.791E-012
 2.790E+013  1.000E-008  6.236E+001  0.000E+000
 2.810E+013  1.000E-008  6.236E+001  0.000E+000
 2.830E+013  1.000E-008  6.236E+001  2.985E-012
 2.850E+013  1.000E-008  6.236E+001 -5.970E-013
 2.870E+013  1.000E-008  6.236E+001 -2.388E-012
 2.890E+013  1.000E-008  6.236E+001 -3.913E-031
 2.910E+013  1.000E-008  6.236E+001  4.179E-012
 2.930E+013  1.000E-008  6.236E+001 -4.179E-012
 2.950E+013  1.000E-008  6.236E+001  0.000E+000
 2.970E+013  1.000E-008  6.236E+001  0.000E+000
 2.990E+013  1.000E-008  6.236E+001  0.000E+000
 3.010E+013  1.000E-008  6.236E+001  5.970E-013
 3.030E+013  1.000E-008  6.236E+001 -5.970E-013
 3.050E+013  1.000E-008  6.236E+001  5.970E-013
 3.070E+013  1.000E-008  6.236E+001 -5.970E-013
 3.090E+013  1.000E-008  6.236E+001  5.970E-013
 3.110E+013  1.000E-008  6.236E+001  5.970E-013
 3.130E+013  1.000E-008  6.236E+001 -1.194E-012
 3.150E+013  1.000E-008  6.236E+001  0.000E+000
 3.170E+013  1.000E-008  6.236E+001  0.000E+000
 3.190E+013  1.000E-008  6.236E+001  0.000E+000
 3.210E+013  1.000E-008  6.236E+001  0.000E+000
 3.230E+013  1.000E-008  6.236E+001  0.000E+000
 3.250E+013  1.000E-008  6.236E+001  0.000E+000
 3.270E+013  1.000E-008  6.236E+001 -3.354E-293
 3.290E+013  1.000E-008  6.236E+001 -2.503E-143
 3.310E+013  1.000E-008  6.236E+001 -1.499E-068
 3.330E+013  1.000E-008  6.236E+001 -2.502E-031
 3.350E+013  1.000E-008  6.236E+001 -5.970E-013
 3.370E+013  1.000E-008  6.236E+001  5.970E-013
 3.390E+013  1.000E-008  6.236E+001  2.496E-031
 3.410E+013  1.000E-008  6.236E+001  1.492E-068
 3.430E+013  1.000E-008  6.236E+001  2.479E-143
 3.450E+013  1.000E-008  6.236E+001  1.194E-012
 3.470E+013  1.000E-008  6.236E+001 -1.194E-012
 3.490E+013  1.000E-008  6.236E+001  0.000E+000
 3.510E+013  1.000E-008  6.236E+001  0.000E+000
 3.530E+013  1.000E-008  6.236E+001  0.000E+000
 3.550E+013  1.000E-008  6.236E+001  0.000E+000
 3.570E+013  1.000E-008  6.236E+001  1.194E-012
 3.590E+013  1.000E-008  6.236E+001 -5.970E-013
 3.610E+013  1.000E-008  6.236E+001 -2.501E-031
 3.630E+013  1.000E-008  6.236E+001 -5.970E-013
 3.650E+013  1.000E-008  6.236E+001 -5.970E-013
 3.670E+013  1.000E-008  6.236E+001  5.970E-013
 3.690E+013  1.000E-008  6.236E+001  5.970E-013
 3.710E+013  1.000E-008  6.236E+001 -5.970E-013
 3.730E+013  1.000E-008  6.236E+001 -2.687E-034
 3.750E+013  1.000E-008  6.236E+001  5.970E-013
 3.770E+013  1.000E-008  6.236E+001 -5.970E-013
 3.790E+013  1.000E-008  6.236E+001  0.000E+000
 3.810E+013  1.000E-008  6.236E+001  0.000E+000
 3.830E+013  1.000E-008  6.236E+001  5.970E-013
 3.850E+013  1.000E-008  6.236E+001 -5.970E-013
 3.870E+013  1.000E-008  6.236E+001 -2.501E-031
 3.890E+013  1.000E-008  6.236E+001 -5.970E-013
 3.910E+013  1.000E-008  6.236E+001 -7.573E-032
 3.930E+013  1.000E-008  6.236E+001  1.791E-012
 3.950E+013  1.000E-008  6.236E+001 -5.970E-013
 3.970E+013  1.000E-008  6.236E+001  1.791E-012
 3.990E+013  1.000E-008  6.236E+001 -2.388E-012
 4.010E+013  1.000E-008  6.236E+001  0.000E+000
 4.030E+013  1.000E-008  6.236E+001  0.000E+000
 4.050E+013  1.000E-008  6.236E+001  0.000E+000
 4.070E+013  1.000E-008  6.236E+001  0.000E+000
 4.090E+013  1.000E-008  6.236E+001  2.207E-011
 4.110E+013  1.000E-008  6.236E+001 -2.207E-011
 4.130E+013  1.000E-008  6.236E+001  1.552E-011
 4.150E+013  1.000E-008  6.236E+001 -1.552E-011
 4.170E+013  1.000E-008  6.236E+001  5.373E-012
 4.190E+013  1.000E-008  6.236E+001 -4.776E-012
 4.210E+013  1.000E-008  6.236E+001 -2.501E-031
 4.230E+013  1.000E-008  6.236E+001 -5.970E-013
 4.250E+013  1.000E-008  6.236E+001  0.000E+000
 4.270E+013  1.000E-008  6.236E+001  0.000E+000
 4.290E+013  1.000E-008  6.236E+001  0.000E+000
 4.310E+013  1.000E-008  6.236E+001  0.000E+000
 4.330E+013  1.000E-008  6.236E+001  0.000E+000
 4.350E+013  1.000E-008  6.236E+001  0.000E+000
 4.370E+013  1.000E-008  6.236E+001  0.000E+000
 4.390E+013  1.000E-008  6.236E+001  0.000E+000
 4.410E+013  1.000E-008  6.236E+001  0.000E+000
 4.430E+013  1.000E-008  6.236E+001  0.000E+000
 4.450E+013  1.000E-008  6.236E+001  0.000E+000
 4.470E+013  1.000E-008  6.236E+001  5.970E-013
 4.490E+013  1.000E-008  6.236E+001 -4.462E-034
 4.510E+013  1.000E-008  6.236E+001 -5.970E-013
 4.530E+013  1.000E-008  6.236E+001 -3.345E-293
 4.550E+013  1.000E-008  6.236E+001 -2.499E-143
 4.570E+013  1.000E-008  6.236E+001 -1.498E-068
 4.590E+013  1.000E-008  6.236E+001 -2.501E-031
 4.610E+013  1.000E-008  6.236E+001 -5.970E-013
 4.630E+013  1.000E-008  6.236E+001  5.970E-013
 4.650E+013  1.000E-008  6.236E+001  5.970E-013
 4.670E+013  1.000E-008  6.236E+001 -5.970E-013
 4.690E+013  1.000E-008  6.236E+001  5.970E-013
 4.710E+013  1.000E-008  6.236E+001 -5.970E-013
 4.730E+013  1.000E-008  6.236E+001  0.000E+000
 4.750E+013  1.000E-008  6.236E+001  0.000E+000
 4.770E+013  1.000E-008  6.236E+001  0.000E+000
 4.790E+013  1.000E-008  6.236E+001  5.970E-013
 4.810E+013  1.000E-008  6.236E+001 -5.970E-013
 4.830E+013  1.000E-008  6.236E+001 -2.074E-034
 4.850E+013  1.000E-008  6.236E+001  5.970E-013
 4.870E+013  1.000E-008  6.236E+001 -5.970E-013
 4.890E+013  1.000E-008  6.236E+001  0.000E+000
 4.910E+013  1.000E-008  6.236E+001  0.000E+000
 4.930E+013  1.000E-008  6.236E+001  0.000E+000
 4.950E+013  1.000E-008  6.236E+001  0.000E+000
 4.970E+013  1.000E-008  6.236E+001  0.000E+000
 4.990E+013  1.000E-008  6.236E+001  1.194E-012
 5.010E+013  1.000E-008  6.236E+001 -1.791E-012
 5.030E+013  1.000E-008  6.236E+001  5.970E-013
 5.050E+013  1.000E-008  6.236E+001  2.497E-031
 5.070E+013  1.000E-008  6.236E+001  1.493E-068
 5.090E+013  1.000E-008  6.236E+001  2.483E-143
 5.110E+013  1.000E-008  6.236E+001  5.970E-013
 5.130E+013  1.000E-008  6.236E+001 -5.970E-013
 5.150E+013  1.000E-008  6.236E+001  0.000E+000
 5.170E+013  1.000E-008  6.236E+001  0.000E+000
 5.190E+013  1.000E-008  6.236E+001 -3.343E-293
 5.210E+013  1.000E-008  6.236E+001 -2.498E-143
 5.230E+013  1.000E-008  6.236E+001 -1.498E-068
 5.250E+013  1.000E-008  6.236E+001 -2.500E-031
 5.270E+013  1.000E-008  6.236E+001 -5.970E-013
 5.290E+013  1.000E-008  6.236E+001  5.970E-013
 5.310E+013  1.000E-008  6.236E+001  2.497E-031
 5.330E+013  1.000E-008  6.236E+001  1.493E-068
 5.350E+013  1.000E-008  6.236E+001  1.194E-012
 5.370E+013  1.000E-008  6.236E+001 -1.194E-012
 5.390E+013  1.000E-008  6.236E+001  3.294E-032
 5.410E+013  1.000E-008  6.236E+001  5.970E-013
 5.430E+013  1.000E-008  6.236E+001  5.970E-013
 5.450E+013  1.000E-008  6.236E+001  5.970E-013
 5.470E+013  1.000E-008  6.236E+001 -1.791E-012
 5.490E+013  1.000E-008  6.236E+001 -2.500E-031
 5.510E+013  1.000E-008  6.236E+001 -5.970E-013
 5.530E+013  1.000E-008  6.236E+001  1.194E-012
 5.550E+013  1.000E-008  6.236E+001 -2.388E-012
 5.570E+013  1.000E-008  6.236E+001  1.194E-012
 5.590E+013  1.000E-008  6.236E+001  5.970E-013
 5.610E+013  1.000E-008  6.236E+001 -5.970E-013
 5.630E+013  1.000E-008  6.236E+001  5.970E-013
 5.650E+013  1.000E-008  6.236E+001 -3.582E-012
 5.670E+013  1.000E-008  6.236E+001  3.582E-012
 5.690E+013  1.000E-008  6.236E+001  3.582E-012
 5.710E+013  1.000E-008  6.236E+001 -3.582E-012
 5.730E+013  1.000E-008  6.236E+001  4.179E-012
 5.750E+013  1.000E-008  6.236E+001 -8.956E-012
 5.770E+013  1.000E-008  6.236E+001 -5.970E-013
 5.790E+013  1.000E-008  6.236E+001  5.373E-012
 5.810E+013  1.000E-008  6.236E+001  2.861E-011
 5.830E+013  1.000E-008  6.236E+001 -2.861E-011
 5.850E+013  1.000E-008  6.236E+001  0.000E+000
 5.870E+013  1.000E-008  6.236E+001  0.000E+000
 5.890E+013  1.000E-008  6.236E+001  0.000E+000
 5.910E+013  1.000E-008  6.236E+001  0.000E+000
 5.930E+013  1.000E-008  6.236E+001  0.000E+000
 5.950E+013  1.000E-008  6.236E+001  0.000E+000
 5.970E+013  1.000E-008  6.236E+001  0.000E+000
 5.990E+013  1.000E-008  6.236E+001  0.000E+000
 6.010E+013  1.000E-008  6.236E+001  0.000E+000
 6.030E+013  1.000E-008  6.236E+001  5.970E-013
 6.050E+013  1.000E-008  6.236E+001 -5.970E-013
 6.070E+013  1.000E-008  6.236E+001  5.970E-013
 6.090E+013  1.000E-008  6.236E+001 -5.970E-013
 6.110E+013  1.000E-008  6.236E+001  0.000E+000
 6.130E+013  1.000E-008  6.236E+001  0.000E+000
 6.150E+013  1.000E-008  6.236E+001  0.000E+000
 6.170E+013  1.000E-008  6.236E+001  5.970E-013
 6.190E+013  1.000E-008  6.236E+001 -5.970E-013
 6.210E+013  1.000E-008  6.236E+001  0.000E+000
 6.230E+013  1.000E-008  6.236E+001  0.000E+000
 6.250E+013  1.000E-008  6.236E+001  0.000E+000
 6.270E+013  1.000E-008  6.236E+001  0.000E+000
 6.290E+013  1.000E-008  6.236E+001  0.000E+000
 6.310E+013  1.000E-008  6.236E+001  0.000E+000
 6.330E+013  1.000E-008  6.236E+001  0.000E+000
 6.350E+013  1.000E-008  6.236E+001  5.970E-013
 6.370E+013  1.000E-008  6.236E+001 -5.970E-013
 6.390E+013  1.000E-008  6.236E+001  0.000E+000
 6.410E+013  1.000E-008  6.236E+001  0.000E+000
 6.430E+013  1.000E-008  6.236E+001  0.000E+000
 6.450E+013  1.000E-008  6.236E+001  0.000E+000
 6.470E+013  1.000E-008  6.236E+001  5.970E-013
 6.490E+013  1.000E-008  6.236E+001 -5.970E-013
 6.510E+013  1.000E-008  6.236E+001  0.000E+000
 6.530E+013  1.000E-008  6.236E+001  0.000E+000
 6.550E+013  1.000E-008  6.236E+001  0.000E+000
 6.570E+013  1.000E-008  6.236E+001  0.000E+000
 6.590E+013  1.000E-008  6.236E+001  5.970E-013
 6.610E+013  1.000E-008  6.236E+001 -5.970E-013
 6.630E+013  1.000E-008  6.236E+001  0.000E+000
 6.650E+013  1.000E-008  6.236E+001  0.000E+000
 6.670E+013  1.000E-008  6.236E+001  0.000E+000
 6.690E+013  1.000E-008  6.236E+001  5.970E-013
 6.710E+013  1.000E-008  6.236E+001 -5.970E-013
 6.730E+013  1.000E-008  6.236E+001  0.000E+000
 6.750E+013  1.000E-008  6.236E+001  0.000E+000
 6.770E+013  1.000E-008  6.236E+001  5.970E-013
 6.790E+013  1.000E-008  6.236E+001 -5.970E-013
 6.810E+013  1.000E-008  6.236E+001  5.970E-013
 6.830E+013  1.000E-008  6.236E+001 -2.931E-034
 6.850E+013  1.000E-008  6.236E+001 -5.970E-013
 6.870E+013  1.000E-008  6.236E+001  0.000E+000
 6.890E+013  1.000E-008  6.236E+001  0.000E+000
 6.910E+013  1.000E-008  6.236E+001  0.000E+000
 6.930E+013  1.000E-008  6.236E+001  5.970E-013
 6.950E+013  1.000E-008  6.236E+001 -5.970E-013
 6.970E+013  1.000E-008  6.236E+001  0.000E+000
 6.990E+013  1.000E-008  6.236E+001  0.000E+000
 7.010E+013  1.000E-008  6.236E+001  0.000E+000
 7.030E+013  1.000E-008  6.236E+001  0.000E+000
 7.050E+013  1.000E-008  6.236E+001  0.000E+000
 7.070E+013  1.000E-008  6.236E+001  0.000E+000
 7.090E+013  1.000E-008  6.236E+001  0.000E+000
 7.110E+013  1.000E-008  6.236E+001  0.000E+000
 7.130E+013  1.000E-008  6.236E+001  0.000E+000
 7.150E+013  1.000E-008  6.236E+001  0.000E+000
 7.170E+013  1.000E-008  6.236E+001  0.000E+000
 7.190E+013  1.000E-008  6.236E+001  5.970E-013
 7.210E+013  1.000E-008  6.236E+001 -5.970E-013
 7.230E+013  1.000E-008  6.236E+001  0.000E+000
 7.250E+013  1.000E-008  6.236E+001  0.000E+000
 7.270E+013  1.000E-008  6.236E+001  1.194E-012
 7.290E+013  1.000E-008  6.236E+001 -1.098E-033
 7.310E+013  1.000E-008  6.236E+001 -1.194E-012
 7.330E+013  1.000E-008  6.236E+001 -2.500E-031
 7.350E+013  1.000E-008  6.236E+001 -5.970E-013
 7.370E+013  1.000E-008  6.236E+001  5.970E-013
 7.390E+013  1.000E-008  6.236E+001  2.497E-031
 7.410E+013  1.000E-008  6.236E+001  1.494E-068
 7.430E+013  1.000E-008  6.236E+001  2.485E-143
 7.450E+013  1.000E-008  6.236E+001  3.308E-293
 7.470E+013  1.000E-008  6.236E+001  0.000E+000
 7.490E+013  1.000E-008  6.236E+001  0.000E+000
 7.510E+013  1.000E-008  6.236E+001  0.000E+000
 7.530E+013  1.000E-008  6.236E+001  0.000E+000
 7.550E+013  1.000E-008  6.236E+001  0.000E+000
 7.570E+013  1.000E-008  6.236E+001  0.000E+000
 7.590E+013  1.000E-008  6.236E+001  0.000E+000
 7.610E+013  1.000E-008  6.236E+001  0.000E+000
 7.630E+013  1.000E-008  6.236E+001  0.000E+000
 7.650E+013  1.000E-008  6.236E+001  0.000E+000
 7.670E+013  1.000E-008  6.236E+001  1.194E-012
 7.690E+013  1.000E-008  6.236E+001 -1.194E-012
 7.710E+013  1.000E-008  6.236E+001  1.791E-012
 7.730E+013  1.000E-008  6.236E+001 -1.791E-012
 7.750E+013  1.000E-008  6.236E+001  5.919E-032
 7.770E+013  1.000E-008  6.236E+001  1.194E-012
 7.790E+013  1.000E-008  6.236E+001 -3.582E-012
 7.810E+013  1.000E-008  6.236E+001  3.582E-012
 7.830E+013  1.000E-008  6.236E+001 -1.194E-012
 7.850E+013  1.000E-008  6.236E+001 -1.055E-068
 7.870E+013  1.000E-008  6.236E+001 -2.099E-031
 7.890E+013  1.000E-008  6.236E+001 -5.970E-013
 7.910E+013  1.000E-008  6.236E+001 -2.985E-012
 7.930E+013  1.000E-008  6.236E+001  1.791E-012
 7.950E+013  1.000E-008  6.236E+001  1.791E-012
 7.970E+013  1.000E-008  6.236E+001 -2.388E-012
 7.990E+013  1.000E-008  6.236E+001  2.388E-012
 8.010E+013  1.000E-008  6.236E+001  3.996E-030
 8.030E+013  1.000E-008  6.236E+001  3.824E-066
 8.050E+013  1.000E-008  6.236E+001  1.629E-138
 8.070E+013  1.000E-008  6.236E+001 -1.530E-276
 8.090E+013  1.000E-008  6.236E+001 -5.345E-135
 8.110E+013  1.000E-008  6.236E+001 -2.190E-064
 8.130E+013  1.000E-008  6.236E+001 -3.024E-029
 8.150E+013  1.000E-008  6.236E+001 -6.567E-012
 8.170E+013  1.000E-008  6.236E+001  8.358E-012
 8.190E+013  1.000E-008  6.236E+001 -1.791E-012
 8.210E+013  1.000E-008  6.236E+001  0.000E+000
 8.230E+013  1.000E-008  6.236E+001  0.000E+000
 8.250E+013  1.000E-008  6.236E+001  0.000E+000
 8.270E+013  1.000E-008  6.236E+001  0.000E+000
 8.290E+013  1.000E-008  6.236E+001  2.388E-012
 8.310E+013  1.000E-008  6.236E+001 -2.388E-012
 8.330E+013  1.000E-008  6.236E+001 -2.427E-031
 8.350E+013  1.000E-008  6.236E+001  3.582E-012
 8.370E+013  1.000E-008  6.236E+001 -2.985E-012
 8.390E+013  1.000E-008  6.236E+001 -2.500E-031
 8.410E+013  1.000E-008  6.236E+001 -5.970E-013
 8.430E+013  1.000E-008  6.236E+001  5.970E-013
 8.450E+013  1.000E-008  6.236E+001 -2.368E-034
 8.470E+013  1.000E-008  6.236E+001 -5.970E-013
 8.490E+013  1.000E-008  6.236E+001 -1.179E-034
 8.510E+013  1.000E-008  6.236E+001  5.970E-013
 8.530E+013  1.000E-008  6.236E+001 -2.346E-034
 8.550E+013  1.000E-008  6.236E+001 -5.970E-013
 8.570E+013  1.000E-008  6.236E+001 -1.168E-034
 8.590E+013  1.000E-008  6.236E+001  5.970E-013
 8.610E+013  1.000E-008  6.236E+001 -5.970E-013
 8.630E+013  1.000E-008  6.236E+001  0.000E+000
 8.650E+013  1.000E-008  6.236E+001  0.000E+000
 8.670E+013  1.000E-008  6.236E+001  0.000E+000
 8.690E+013  1.000E-008  6.236E+001  0.000E+000
 8.710E+013  1.000E-008  6.236E+001  0.000E+000
 8.730E+013  1.000E-008  6.236E+001  0.000E+000
 8.750E+013  1.000E-008  6.236E+001  5.970E-013
 8.770E+013  1.000E-008  6.236E+001 -5.970E-013
 8.790E+013  1.000E-008  6.236E+001 -1.138E-034
 8.810E+013  1.000E-008  6.236E+001  5.970E-013
 8.830E+013  1.000E-008  6.236E+001 -5.970E-013
 8.850E+013  1.000E-008  6.236E+001  5.970E-013
 8.870E+013  1.000E-008  6.236E+001  5.970E-013
 8.890E+013  1.000E-008  6.236E+001 -1.194E-012
 8.910E+013  1.000E-008  6.236E+001  0.000E+000
 8.930E+013  1.000E-008  6.236E+001  0.000E+000
 8.950E+013  1.000E-008  6.236E+001  0.000E+000
 8.970E+013  1.000E-008  6.236E+001  0.000E+000
 8.990E+013  1.000E-008  6.236E+001  0.000E+000
 9.010E+013  1.000E-008  6.236E+001  5.970E-013
 9.030E+013  1.000E-008  6.236E+001 -2.216E-034
 9.050E+013  1.000E-008  6.236E+001 -5.970E-013
 9.070E+013  1.000E-008  6.236E+001  5.970E-013
 9.090E+013  1.000E-008  6.236E+001 -2.201E-034
 9.110E+013  1.000E-008  6.236E+001 -5.970E-013
 9.130E+013  1.000E-008  6.236E+001  0.000E+000
 9.150E+013  1.000E-008  6.236E+001  0.000E+000
 9.170E+013  1.000E-008  6.236E+001  0.000E+000
 9.190E+013  1.000E-008  6.236E+001  0.000E+000
 9.210E+013  1.000E-008  6.236E+001  0.000E+000
 9.230E+013  1.000E-008  6.236E+001  5.970E-013
 9.250E+013  1.000E-008  6.236E+001 -2.163E-034
 9.270E+013  1.000E-008  6.236E+001 -5.970E-013
 9.290E+013  1.000E-008  6.236E+001  0.000E+000
 9.310E+013  1.000E-008  6.236E+001  0.000E+000
 9.330E+013  1.000E-008  6.236E+001  0.000E+000
 9.350E+013  1.000E-008  6.236E+001  0.000E+000
 9.370E+013  1.000E-008  6.236E+001  5.970E-013
 9.390E+013  1.000E-008  6.236E+001 -5.970E-013
 9.410E+013  1.000E-008  6.236E+001  5.970E-013
 9.430E+013  1.000E-008  6.236E+001 -5.970E-013
 9.450E+013  1.000E-008  6.236E+001  0.000E+000
 9.470E+013  1.000E-008  6.236E+001  0.000E+000
 9.490E+013  1.000E-008  6.236E+001  0.000E+000
 9.510E+013  1.000E-008  6.236E+001  0.000E+000
 9.530E+013  1.000E-008  6.236E+001  5.970E-013
 9.550E+013  1.000E-008  6.236E+001 -5.970E-013
 9.570E+013  1.000E-008  6.236E+001 -1.497E-068
 9.590E+013  1.000E-008  6.236E+001 -2.500E-031
 9.610E+013  1.000E-008  6.236E+001 -5.970E-013
 9.630E+013  1.000E-008  6.236E+001  5.970E-013
 9.650E+013  1.000E-008  6.236E+001  2.498E-031
 9.670E+013  1.000E-008  6.236E+001  5.970E-013
 9.690E+013  1.000E-008  6.236E+001 -5.970E-013
 9.710E+013  1.000E-008  6.236E+001  0.000E+000
 9.730E+013  1.000E-008  6.236E+001  0.000E+000
 9.750E+013  1.000E-008  6.236E+001  0.000E+000
 9.770E+013  1.000E-008  6.236E+001  0.000E+000
 9.790E+013  1.000E-008  6.236E+001  0.000E+000
 9.810E+013  1.000E-008  6.236E+001  0.000E+000
 9.830E+013  1.000E-008  6.236E+001  0.000E+000
 9.850E+013  1.000E-008  6.236E+001  0.000E+000
 9.870E+013  1.000E-008  6.236E+001  0.000E+000
 9.890E+013  1.000E-008  6.236E+001  0.000E+000
 9.910E+013  1.000E-008  6.236E+001  0.000E+000
 9.930E+013  1.000E-008  6.236E+001  0.000E+000
 9.950E+013  1.000E-008  6.236E+001  5.970E-013
 9.970E+013  1.000E-008  6.236E+001 -5.970E-013
 9.990E+013  1.000E-008  6.236E+001  0.000E+000
 1.001E+014  1.000E-099  1.000E-099  0.000E+000
 1.003E+014  1.000E-099  1.000E-099  0.000E+000
 5.329E-003
