 2.221E+005
     x1b        dens       energ       v1
 1.000E+011  1.488E-011  6.841E+006  0.000E+000
 3.000E+011  1.493E-011  6.845E+006  3.316E+005
 5.000E+011  1.507E-011  6.844E+006  3.893E+005
 7.000E+011  1.534E-011  6.845E+006  6.682E+005
 9.000E+011  1.571E-011  6.844E+006  8.571E+005
 1.100E+012  1.614E-011  6.844E+006  1.086E+006
 1.300E+012  1.661E-011  6.844E+006  1.297E+006
 1.500E+012  1.709E-011  6.844E+006  1.515E+006
 1.700E+012  1.755E-011  6.844E+006  1.731E+006
 1.900E+012  1.795E-011  6.845E+006  1.948E+006
 2.100E+012  1.820E-011  6.845E+006  2.164E+006
 2.300E+012  1.829E-011  6.845E+006  2.380E+006
 2.500E+012  1.829E-011  6.845E+006  2.597E+006
 2.700E+012  1.829E-011  6.845E+006  2.813E+006
 2.900E+012  1.828E-011  6.845E+006  3.029E+006
 3.100E+012  1.826E-011  6.845E+006  3.246E+006
 3.300E+012  1.823E-011  6.845E+006  3.462E+006
 3.500E+012  1.820E-011  6.845E+006  3.679E+006
 3.700E+012  1.819E-011  6.845E+006  3.895E+006
 3.900E+012  1.819E-011  6.845E+006  4.111E+006
 4.100E+012  1.819E-011  6.845E+006  4.328E+006
 4.300E+012  1.821E-011  6.845E+006  4.544E+006
 4.500E+012  1.825E-011  6.845E+006  4.761E+006
 4.700E+012  1.832E-011  6.845E+006  4.977E+006
 4.900E+012  1.843E-011  6.846E+006  5.194E+006
 5.100E+012  1.860E-011  6.846E+006  5.410E+006
 5.300E+012  1.884E-011  6.846E+006  5.627E+006
 5.500E+012  1.918E-011  6.846E+006  5.843E+006
 5.700E+012  1.962E-011  6.846E+006  6.060E+006
 5.900E+012  2.019E-011  6.846E+006  6.277E+006
 6.100E+012  2.092E-011  6.846E+006  6.493E+006
 6.300E+012  2.184E-011  6.846E+006  6.710E+006
 6.500E+012  2.299E-011  6.847E+006  6.928E+006
 6.700E+012  2.441E-011  6.847E+006  7.145E+006
 6.900E+012  2.615E-011  6.847E+006  7.363E+006
 7.100E+012  2.829E-011  6.847E+006  7.581E+006
 7.300E+012  3.091E-011  6.847E+006  7.800E+006
 7.500E+012  3.409E-011  6.848E+006  8.018E+006
 7.700E+012  3.796E-011  6.848E+006  8.238E+006
 7.900E+012  4.264E-011  6.848E+006  8.457E+006
 8.100E+012  4.827E-011  6.849E+006  8.676E+006
 8.300E+012  5.500E-011  6.849E+006  8.896E+006
 8.500E+012  6.297E-011  6.850E+006  9.115E+006
 8.700E+012  7.231E-011  6.850E+006  9.334E+006
 8.900E+012  8.312E-011  6.851E+006  9.552E+006
 9.100E+012  9.546E-011  6.852E+006  9.770E+006
 9.300E+012  1.093E-010  6.853E+006  9.986E+006
 9.500E+012  1.246E-010  6.854E+006  1.020E+007
 9.700E+012  1.411E-010  6.856E+006  1.042E+007
 9.900E+012  1.588E-010  6.858E+006  1.063E+007
 1.010E+013  1.773E-010  6.859E+006  1.085E+007
 1.030E+013  1.967E-010  6.862E+006  1.106E+007
 1.050E+013  2.166E-010  6.864E+006  1.128E+007
 1.070E+013  2.371E-010  6.867E+006  1.150E+007
 1.090E+013  2.582E-010  6.870E+006  1.171E+007
 1.110E+013  2.798E-010  6.873E+006  1.193E+007
 1.130E+013  3.020E-010  6.877E+006  1.215E+007
 1.150E+013  3.251E-010  6.881E+006  1.236E+007
 1.170E+013  3.491E-010  6.885E+006  1.258E+007
 1.190E+013  3.743E-010  6.890E+006  1.280E+007
 1.210E+013  4.009E-010  6.895E+006  1.302E+007
 1.230E+013  4.292E-010  6.901E+006  1.324E+007
 1.250E+013  4.592E-010  6.907E+006  1.346E+007
 1.270E+013  4.914E-010  6.914E+006  1.368E+007
 1.290E+013  5.260E-010  6.921E+006  1.390E+007
 1.310E+013  5.632E-010  6.929E+006  1.412E+007
 1.330E+013  6.031E-010  6.938E+006  1.435E+007
 1.350E+013  6.461E-010  6.947E+006  1.457E+007
 1.370E+013  6.921E-010  6.957E+006  1.479E+007
 1.390E+013  7.415E-010  6.968E+006  1.502E+007
 1.410E+013  7.941E-010  6.980E+006  1.524E+007
 1.430E+013  8.500E-010  6.994E+006  1.546E+007
 1.450E+013  9.092E-010  7.008E+006  1.569E+007
 1.470E+013  9.717E-010  7.023E+006  1.592E+007
 1.490E+013  1.037E-009  7.040E+006  1.614E+007
 1.510E+013  1.106E-009  7.058E+006  1.637E+007
 1.530E+013  1.179E-009  7.078E+006  1.660E+007
 1.550E+013  1.254E-009  7.099E+006  1.683E+007
 1.570E+013  1.333E-009  7.122E+006  1.706E+007
 1.590E+013  1.416E-009  7.147E+006  1.730E+007
 1.610E+013  1.504E-009  7.174E+006  1.753E+007
 1.630E+013  1.595E-009  7.202E+006  1.777E+007
 1.650E+013  1.692E-009  7.233E+006  1.801E+007
 1.670E+013  1.794E-009  7.266E+006  1.825E+007
 1.690E+013  1.903E-009  7.302E+006  1.849E+007
 1.710E+013  2.018E-009  7.340E+006  1.873E+007
 1.730E+013  2.140E-009  7.381E+006  1.898E+007
 1.750E+013  2.270E-009  7.426E+006  1.923E+007
 1.770E+013  2.409E-009  7.473E+006  1.948E+007
 1.790E+013  2.557E-009  7.524E+006  1.973E+007
 1.810E+013  2.715E-009  7.580E+006  1.999E+007
 1.830E+013  2.882E-009  7.639E+006  2.025E+007
 1.850E+013  3.060E-009  7.703E+006  2.051E+007
 1.870E+013  3.250E-009  7.772E+006  2.078E+007
 1.890E+013  3.451E-009  7.846E+006  2.105E+007
 1.910E+013  3.665E-009  7.926E+006  2.132E+007
 1.930E+013  3.893E-009  8.012E+006  2.160E+007
 1.950E+013  4.135E-009  8.104E+006  2.188E+007
 1.970E+013  4.393E-009  8.204E+006  2.216E+007
 1.990E+013  4.667E-009  8.312E+006  2.245E+007
 2.010E+013  4.960E-009  8.428E+006  2.275E+007
 2.030E+013  5.273E-009  8.554E+006  2.305E+007
 2.050E+013  5.608E-009  8.689E+006  2.336E+007
 2.070E+013  5.966E-009  8.836E+006  2.367E+007
 2.090E+013  6.351E-009  8.994E+006  2.399E+007
 2.110E+013  6.763E-009  9.165E+006  2.431E+007
 2.130E+013  7.206E-009  9.350E+006  2.465E+007
 2.150E+013  7.683E-009  9.551E+006  2.499E+007
 2.170E+013  8.197E-009  9.769E+006  2.534E+007
 2.190E+013  8.752E-009  1.001E+007  2.569E+007
 2.210E+013  9.351E-009  1.026E+007  2.606E+007
 2.230E+013  1.000E-008  1.054E+007  2.643E+007
 2.250E+013  1.071E-008  1.085E+007  2.682E+007
 2.270E+013  1.148E-008  1.118E+007  2.721E+007
 2.290E+013  1.232E-008  1.154E+007  2.761E+007
 2.310E+013  1.324E-008  1.193E+007  2.803E+007
 2.330E+013  1.425E-008  1.236E+007  2.845E+007
 2.350E+013  1.536E-008  1.283E+007  2.888E+007
 2.370E+013  1.659E-008  1.334E+007  2.932E+007
 2.390E+013  1.795E-008  1.391E+007  2.977E+007
 2.410E+013  1.945E-008  1.453E+007  3.023E+007
 2.430E+013  2.112E-008  1.520E+007  3.069E+007
 2.450E+013  2.301E-008  1.598E+007  3.118E+007
 2.470E+013  2.510E-008  1.682E+007  3.170E+007
 2.490E+013  2.730E-008  1.759E+007  3.213E+007
 2.510E+013  3.004E-008  1.879E+007  3.254E+007
 2.530E+013  3.365E-008  2.070E+007  3.354E+007
 2.550E+013  3.501E-008  2.053E+007  3.416E+007
 2.570E+013  3.177E-008  1.539E+007  3.276E+007
 2.590E+013  2.076E-008  5.497E+006  2.690E+007
 2.610E+013  1.280E-008  6.010E+005  1.573E+007
 2.630E+013  1.035E-008  5.226E+003  4.152E+006
 2.650E+013  1.001E-008  6.251E+001  1.502E+005
 2.670E+013  1.000E-008  6.236E+001  7.937E+001
 2.690E+013  1.000E-008  6.236E+001  1.037E-005
 2.710E+013  1.000E-008  6.236E+001  8.674E-013
 2.730E+013  1.000E-008  6.236E+001 -7.890E-013
 2.750E+013  1.000E-008  6.236E+001  2.367E-012
 2.770E+013  1.000E-008  6.236E+001 -2.367E-012
 2.790E+013  1.000E-008  6.236E+001  0.000E+000
 2.810E+013  1.000E-008  6.236E+001  0.000E+000
 2.830E+013  1.000E-008  6.236E+001  3.945E-012
 2.850E+013  1.000E-008  6.236E+001 -7.890E-013
 2.870E+013  1.000E-008  6.236E+001 -3.156E-012
 2.890E+013  1.000E-008  6.236E+001 -9.030E-031
 2.910E+013  1.000E-008  6.236E+001  5.523E-012
 2.930E+013  1.000E-008  6.236E+001 -5.523E-012
 2.950E+013  1.000E-008  6.236E+001  0.000E+000
 2.970E+013  1.000E-008  6.236E+001  0.000E+000
 2.990E+013  1.000E-008  6.236E+001  0.000E+000
 3.010E+013  1.000E-008  6.236E+001  7.890E-013
 3.030E+013  1.000E-008  6.236E+001 -7.890E-013
 3.050E+013  1.000E-008  6.236E+001  7.890E-013
 3.070E+013  1.000E-008  6.236E+001 -7.890E-013
 3.090E+013  1.000E-008  6.236E+001  7.890E-013
 3.110E+013  1.000E-008  6.236E+001  7.890E-013
 3.130E+013  1.000E-008  6.236E+001 -1.578E-012
 3.150E+013  1.000E-008  6.236E+001  0.000E+000
 3.170E+013  1.000E-008  6.236E+001  0.000E+000
 3.190E+013  1.000E-008  6.236E+001  0.000E+000
 3.210E+013  1.000E-008  6.236E+001  0.000E+000
 3.230E+013  1.000E-008  6.236E+001  0.000E+000
 3.250E+013  1.000E-008  6.236E+001  0.000E+000
 3.270E+013  1.000E-008  6.236E+001 -1.912E-289
 3.290E+013  1.000E-008  6.236E+001 -1.642E-141
 3.310E+013  1.000E-008  6.236E+001 -1.055E-067
 3.330E+013  1.000E-008  6.236E+001 -5.773E-031
 3.350E+013  1.000E-008  6.236E+001 -7.890E-013
 3.370E+013  1.000E-008  6.236E+001  7.890E-013
 3.390E+013  1.000E-008  6.236E+001  5.759E-031
 3.410E+013  1.000E-008  6.236E+001  1.050E-067
 3.430E+013  1.000E-008  6.236E+001  1.626E-141
 3.450E+013  1.000E-008  6.236E+001  1.578E-012
 3.470E+013  1.000E-008  6.236E+001 -1.578E-012
 3.490E+013  1.000E-008  6.236E+001  0.000E+000
 3.510E+013  1.000E-008  6.236E+001  0.000E+000
 3.530E+013  1.000E-008  6.236E+001  0.000E+000
 3.550E+013  1.000E-008  6.236E+001  0.000E+000
 3.570E+013  1.000E-008  6.236E+001  1.578E-012
 3.590E+013  1.000E-008  6.236E+001 -7.890E-013
 3.610E+013  1.000E-008  6.236E+001 -5.773E-031
 3.630E+013  1.000E-008  6.236E+001 -7.890E-013
 3.650E+013  1.000E-008  6.236E+001 -7.890E-013
 3.670E+013  1.000E-008  6.236E+001  7.890E-013
 3.690E+013  1.000E-008  6.236E+001  7.890E-013
 3.710E+013  1.000E-008  6.236E+001 -7.890E-013
 3.730E+013  1.000E-008  6.236E+001 -6.200E-034
 3.750E+013  1.000E-008  6.236E+001  7.890E-013
 3.770E+013  1.000E-008  6.236E+001 -7.890E-013
 3.790E+013  1.000E-008  6.236E+001  0.000E+000
 3.810E+013  1.000E-008  6.236E+001  0.000E+000
 3.830E+013  1.000E-008  6.236E+001  7.890E-013
 3.850E+013  1.000E-008  6.236E+001 -7.890E-013
 3.870E+013  1.000E-008  6.236E+001 -5.772E-031
 3.890E+013  1.000E-008  6.236E+001 -7.890E-013
 3.910E+013  1.000E-008  6.236E+001 -1.748E-031
 3.930E+013  1.000E-008  6.236E+001  2.367E-012
 3.950E+013  1.000E-008  6.236E+001 -7.890E-013
 3.970E+013  1.000E-008  6.236E+001  2.367E-012
 3.990E+013  1.000E-008  6.236E+001 -3.156E-012
 4.010E+013  1.000E-008  6.236E+001  0.000E+000
 4.030E+013  1.000E-008  6.236E+001  0.000E+000
 4.050E+013  1.000E-008  6.236E+001  0.000E+000
 4.070E+013  1.000E-008  6.236E+001  0.000E+000
 4.090E+013  1.000E-008  6.236E+001  2.917E-011
 4.110E+013  1.000E-008  6.236E+001 -2.917E-011
 4.130E+013  1.000E-008  6.236E+001  2.051E-011
 4.150E+013  1.000E-008  6.236E+001 -2.051E-011
 4.170E+013  1.000E-008  6.236E+001  7.101E-012
 4.190E+013  1.000E-008  6.236E+001 -6.312E-012
 4.210E+013  1.000E-008  6.236E+001 -5.772E-031
 4.230E+013  1.000E-008  6.236E+001 -7.890E-013
 4.250E+013  1.000E-008  6.236E+001  0.000E+000
 4.270E+013  1.000E-008  6.236E+001  0.000E+000
 4.290E+013  1.000E-008  6.236E+001  0.000E+000
 4.310E+013  1.000E-008  6.236E+001  0.000E+000
 4.330E+013  1.000E-008  6.236E+001  0.000E+000
 4.350E+013  1.000E-008  6.236E+001  0.000E+000
 4.370E+013  1.000E-008  6.236E+001  0.000E+000
 4.390E+013  1.000E-008  6.236E+001  0.000E+000
 4.410E+013  1.000E-008  6.236E+001  0.000E+000
 4.430E+013  1.000E-008  6.236E+001  0.000E+000
 4.450E+013  1.000E-008  6.236E+001  0.000E+000
 4.470E+013  1.000E-008  6.236E+001  7.890E-013
 4.490E+013  1.000E-008  6.236E+001 -1.030E-033
 4.510E+013  1.000E-008  6.236E+001 -7.890E-013
 4.530E+013  1.000E-008  6.236E+001 -1.907E-289
 4.550E+013  1.000E-008  6.236E+001 -1.639E-141
 4.570E+013  1.000E-008  6.236E+001 -1.055E-067
 4.590E+013  1.000E-008  6.236E+001 -5.771E-031
 4.610E+013  1.000E-008  6.236E+001 -7.890E-013
 4.630E+013  1.000E-008  6.236E+001  7.890E-013
 4.650E+013  1.000E-008  6.236E+001  7.890E-013
 4.670E+013  1.000E-008  6.236E+001 -7.890E-013
 4.690E+013  1.000E-008  6.236E+001  7.890E-013
 4.710E+013  1.000E-008  6.236E+001 -7.890E-013
 4.730E+013  1.000E-008  6.236E+001  0.000E+000
 4.750E+013  1.000E-008  6.236E+001  0.000E+000
 4.770E+013  1.000E-008  6.236E+001  0.000E+000
 4.790E+013  1.000E-008  6.236E+001  7.890E-013
 4.810E+013  1.000E-008  6.236E+001 -7.890E-013
 4.830E+013  1.000E-008  6.236E+001 -4.785E-034
 4.850E+013  1.000E-008  6.236E+001  7.890E-013
 4.870E+013  1.000E-008  6.236E+001 -7.890E-013
 4.890E+013  1.000E-008  6.236E+001  0.000E+000
 4.910E+013  1.000E-008  6.236E+001  0.000E+000
 4.930E+013  1.000E-008  6.236E+001  0.000E+000
 4.950E+013  1.000E-008  6.236E+001  0.000E+000
 4.970E+013  1.000E-008  6.236E+001  0.000E+000
 4.990E+013  1.000E-008  6.236E+001  1.578E-012
 5.010E+013  1.000E-008  6.236E+001 -2.367E-012
 5.030E+013  1.000E-008  6.236E+001  7.890E-013
 5.050E+013  1.000E-008  6.236E+001  5.762E-031
 5.070E+013  1.000E-008  6.236E+001  1.051E-067
 5.090E+013  1.000E-008  6.236E+001  1.629E-141
 5.110E+013  1.000E-008  6.236E+001  7.890E-013
 5.130E+013  1.000E-008  6.236E+001 -7.890E-013
 5.150E+013  1.000E-008  6.236E+001  0.000E+000
 5.170E+013  1.000E-008  6.236E+001  0.000E+000
 5.190E+013  1.000E-008  6.236E+001 -1.905E-289
 5.210E+013  1.000E-008  6.236E+001 -1.639E-141
 5.230E+013  1.000E-008  6.236E+001 -1.054E-067
 5.250E+013  1.000E-008  6.236E+001 -5.770E-031
 5.270E+013  1.000E-008  6.236E+001 -7.890E-013
 5.290E+013  1.000E-008  6.236E+001  7.890E-013
 5.310E+013  1.000E-008  6.236E+001  5.762E-031
 5.330E+013  1.000E-008  6.236E+001  1.051E-067
 5.350E+013  1.000E-008  6.236E+001  1.578E-012
 5.370E+013  1.000E-008  6.236E+001 -1.578E-012
 5.390E+013  1.000E-008  6.236E+001  7.602E-032
 5.410E+013  1.000E-008  6.236E+001  7.890E-013
 5.430E+013  1.000E-008  6.236E+001  7.890E-013
 5.450E+013  1.000E-008  6.236E+001  7.890E-013
 5.470E+013  1.000E-008  6.236E+001 -2.367E-012
 5.490E+013  1.000E-008  6.236E+001 -5.770E-031
 5.510E+013  1.000E-008  6.236E+001 -7.890E-013
 5.530E+013  1.000E-008  6.236E+001  1.578E-012
 5.550E+013  1.000E-008  6.236E+001 -3.156E-012
 5.570E+013  1.000E-008  6.236E+001  1.578E-012
 5.590E+013  1.000E-008  6.236E+001  7.890E-013
 5.610E+013  1.000E-008  6.236E+001 -7.890E-013
 5.630E+013  1.000E-008  6.236E+001  7.890E-013
 5.650E+013  1.000E-008  6.236E+001 -4.734E-012
 5.670E+013  1.000E-008  6.236E+001  4.734E-012
 5.690E+013  1.000E-008  6.236E+001  4.734E-012
 5.710E+013  1.000E-008  6.236E+001 -4.734E-012
 5.730E+013  1.000E-008  6.236E+001  5.523E-012
 5.750E+013  1.000E-008  6.236E+001 -1.184E-011
 5.770E+013  1.000E-008  6.236E+001 -7.890E-013
 5.790E+013  1.000E-008  6.236E+001  7.101E-012
 5.810E+013  1.000E-008  6.236E+001  3.782E-011
 5.830E+013  1.000E-008  6.236E+001 -3.782E-011
 5.850E+013  1.000E-008  6.236E+001  0.000E+000
 5.870E+013  1.000E-008  6.236E+001  0.000E+000
 5.890E+013  1.000E-008  6.236E+001  0.000E+000
 5.910E+013  1.000E-008  6.236E+001  0.000E+000
 5.930E+013  1.000E-008  6.236E+001  0.000E+000
 5.950E+013  1.000E-008  6.236E+001  0.000E+000
 5.970E+013  1.000E-008  6.236E+001  0.000E+000
 5.990E+013  1.000E-008  6.236E+001  0.000E+000
 6.010E+013  1.000E-008  6.236E+001  0.000E+000
 6.030E+013  1.000E-008  6.236E+001  7.890E-013
 6.050E+013  1.000E-008  6.236E+001 -7.890E-013
 6.070E+013  1.000E-008  6.236E+001  7.890E-013
 6.090E+013  1.000E-008  6.236E+001 -7.890E-013
 6.110E+013  1.000E-008  6.236E+001  0.000E+000
 6.130E+013  1.000E-008  6.236E+001  0.000E+000
 6.150E+013  1.000E-008  6.236E+001  0.000E+000
 6.170E+013  1.000E-008  6.236E+001  7.890E-013
 6.190E+013  1.000E-008  6.236E+001 -7.890E-013
 6.210E+013  1.000E-008  6.236E+001  0.000E+000
 6.230E+013  1.000E-008  6.236E+001  0.000E+000
 6.250E+013  1.000E-008  6.236E+001  0.000E+000
 6.270E+013  1.000E-008  6.236E+001  0.000E+000
 6.290E+013  1.000E-008  6.236E+001  0.000E+000
 6.310E+013  1.000E-008  6.236E+001  0.000E+000
 6.330E+013  1.000E-008  6.236E+001  0.000E+000
 6.350E+013  1.000E-008  6.236E+001  7.890E-013
 6.370E+013  1.000E-008  6.236E+001 -7.890E-013
 6.390E+013  1.000E-008  6.236E+001  0.000E+000
 6.410E+013  1.000E-008  6.236E+001  0.000E+000
 6.430E+013  1.000E-008  6.236E+001  0.000E+000
 6.450E+013  1.000E-008  6.236E+001  0.000E+000
 6.470E+013  1.000E-008  6.236E+001  7.890E-013
 6.490E+013  1.000E-008  6.236E+001 -7.890E-013
 6.510E+013  1.000E-008  6.236E+001  0.000E+000
 6.530E+013  1.000E-008  6.236E+001  0.000E+000
 6.550E+013  1.000E-008  6.236E+001  0.000E+000
 6.570E+013  1.000E-008  6.236E+001  0.000E+000
 6.590E+013  1.000E-008  6.236E+001  7.890E-013
 6.610E+013  1.000E-008  6.236E+001 -7.890E-013
 6.630E+013  1.000E-008  6.236E+001  0.000E+000
 6.650E+013  1.000E-008  6.236E+001  0.000E+000
 6.670E+013  1.000E-008  6.236E+001  0.000E+000
 6.690E+013  1.000E-008  6.236E+001  7.890E-013
 6.710E+013  1.000E-008  6.236E+001 -7.890E-013
 6.730E+013  1.000E-008  6.236E+001  0.000E+000
 6.750E+013  1.000E-008  6.236E+001  0.000E+000
 6.770E+013  1.000E-008  6.236E+001  7.890E-013
 6.790E+013  1.000E-008  6.236E+001 -7.890E-013
 6.810E+013  1.000E-008  6.236E+001  7.890E-013
 6.830E+013  1.000E-008  6.236E+001 -6.764E-034
 6.850E+013  1.000E-008  6.236E+001 -7.890E-013
 6.870E+013  1.000E-008  6.236E+001  0.000E+000
 6.890E+013  1.000E-008  6.236E+001  0.000E+000
 6.910E+013  1.000E-008  6.236E+001  0.000E+000
 6.930E+013  1.000E-008  6.236E+001  7.890E-013
 6.950E+013  1.000E-008  6.236E+001 -7.890E-013
 6.970E+013  1.000E-008  6.236E+001  0.000E+000
 6.990E+013  1.000E-008  6.236E+001  0.000E+000
 7.010E+013  1.000E-008  6.236E+001  0.000E+000
 7.030E+013  1.000E-008  6.236E+001  0.000E+000
 7.050E+013  1.000E-008  6.236E+001  0.000E+000
 7.070E+013  1.000E-008  6.236E+001  0.000E+000
 7.090E+013  1.000E-008  6.236E+001  0.000E+000
 7.110E+013  1.000E-008  6.236E+001  0.000E+000
 7.130E+013  1.000E-008  6.236E+001  0.000E+000
 7.150E+013  1.000E-008  6.236E+001  0.000E+000
 7.170E+013  1.000E-008  6.236E+001  0.000E+000
 7.190E+013  1.000E-008  6.236E+001  7.890E-013
 7.210E+013  1.000E-008  6.236E+001 -7.890E-013
 7.230E+013  1.000E-008  6.236E+001  0.000E+000
 7.250E+013  1.000E-008  6.236E+001  0.000E+000
 7.270E+013  1.000E-008  6.236E+001  1.578E-012
 7.290E+013  1.000E-008  6.236E+001 -2.535E-033
 7.310E+013  1.000E-008  6.236E+001 -1.578E-012
 7.330E+013  1.000E-008  6.236E+001 -5.769E-031
 7.350E+013  1.000E-008  6.236E+001 -7.890E-013
 7.370E+013  1.000E-008  6.236E+001  7.890E-013
 7.390E+013  1.000E-008  6.236E+001  5.763E-031
 7.410E+013  1.000E-008  6.236E+001  1.052E-067
 7.430E+013  1.000E-008  6.236E+001  1.630E-141
 7.450E+013  1.000E-008  6.236E+001  1.885E-289
 7.470E+013  1.000E-008  6.236E+001  0.000E+000
 7.490E+013  1.000E-008  6.236E+001  0.000E+000
 7.510E+013  1.000E-008  6.236E+001  0.000E+000
 7.530E+013  1.000E-008  6.236E+001  0.000E+000
 7.550E+013  1.000E-008  6.236E+001  0.000E+000
 7.570E+013  1.000E-008  6.236E+001  0.000E+000
 7.590E+013  1.000E-008  6.236E+001  0.000E+000
 7.610E+013  1.000E-008  6.236E+001  0.000E+000
 7.630E+013  1.000E-008  6.236E+001  0.000E+000
 7.650E+013  1.000E-008  6.236E+001  0.000E+000
 7.670E+013  1.000E-008  6.236E+001  1.578E-012
 7.690E+013  1.000E-008  6.236E+001 -1.578E-012
 7.710E+013  1.000E-008  6.236E+001  2.367E-012
 7.730E+013  1.000E-008  6.236E+001 -2.367E-012
 7.750E+013  1.000E-008  6.236E+001  1.366E-031
 7.770E+013  1.000E-008  6.236E+001  1.578E-012
 7.790E+013  1.000E-008  6.236E+001 -4.734E-012
 7.810E+013  1.000E-008  6.236E+001  4.734E-012
 7.830E+013  1.000E-008  6.236E+001 -1.578E-012
 7.850E+013  1.000E-008  6.236E+001 -7.431E-068
 7.870E+013  1.000E-008  6.236E+001 -4.844E-031
 7.890E+013  1.000E-008  6.236E+001 -7.890E-013
 7.910E+013  1.000E-008  6.236E+001 -3.945E-012
 7.930E+013  1.000E-008  6.236E+001  2.367E-012
 7.950E+013  1.000E-008  6.236E+001  2.367E-012
 7.970E+013  1.000E-008  6.236E+001 -3.156E-012
 7.990E+013  1.000E-008  6.236E+001  3.156E-012
 8.010E+013  1.000E-008  6.236E+001  9.221E-030
 8.030E+013  1.000E-008  6.236E+001  2.693E-065
 8.050E+013  1.000E-008  6.236E+001  1.068E-136
 8.070E+013  1.000E-008  6.236E+001 -8.723E-273
 8.090E+013  1.000E-008  6.236E+001 -3.507E-133
 8.110E+013  1.000E-008  6.236E+001 -1.543E-063
 8.130E+013  1.000E-008  6.236E+001 -6.979E-029
 8.150E+013  1.000E-008  6.236E+001 -8.679E-012
 8.170E+013  1.000E-008  6.236E+001  1.105E-011
 8.190E+013  1.000E-008  6.236E+001 -2.367E-012
 8.210E+013  1.000E-008  6.236E+001  0.000E+000
 8.230E+013  1.000E-008  6.236E+001  0.000E+000
 8.250E+013  1.000E-008  6.236E+001  0.000E+000
 8.270E+013  1.000E-008  6.236E+001  0.000E+000
 8.290E+013  1.000E-008  6.236E+001  3.156E-012
 8.310E+013  1.000E-008  6.236E+001 -3.156E-012
 8.330E+013  1.000E-008  6.236E+001 -5.602E-031
 8.350E+013  1.000E-008  6.236E+001  4.734E-012
 8.370E+013  1.000E-008  6.236E+001 -3.945E-012
 8.390E+013  1.000E-008  6.236E+001 -5.769E-031
 8.410E+013  1.000E-008  6.236E+001 -7.890E-013
 8.430E+013  1.000E-008  6.236E+001  7.890E-013
 8.450E+013  1.000E-008  6.236E+001 -5.465E-034
 8.470E+013  1.000E-008  6.236E+001 -7.890E-013
 8.490E+013  1.000E-008  6.236E+001 -2.720E-034
 8.510E+013  1.000E-008  6.236E+001  7.890E-013
 8.530E+013  1.000E-008  6.236E+001 -5.414E-034
 8.550E+013  1.000E-008  6.236E+001 -7.890E-013
 8.570E+013  1.000E-008  6.236E+001 -2.694E-034
 8.590E+013  1.000E-008  6.236E+001  7.890E-013
 8.610E+013  1.000E-008  6.236E+001 -7.890E-013
 8.630E+013  1.000E-008  6.236E+001  0.000E+000
 8.650E+013  1.000E-008  6.236E+001  0.000E+000
 8.670E+013  1.000E-008  6.236E+001  0.000E+000
 8.690E+013  1.000E-008  6.236E+001  0.000E+000
 8.710E+013  1.000E-008  6.236E+001  0.000E+000
 8.730E+013  1.000E-008  6.236E+001  0.000E+000
 8.750E+013  1.000E-008  6.236E+001  7.890E-013
 8.770E+013  1.000E-008  6.236E+001 -7.890E-013
 8.790E+013  1.000E-008  6.236E+001 -2.627E-034
 8.810E+013  1.000E-008  6.236E+001  7.890E-013
 8.830E+013  1.000E-008  6.236E+001 -7.890E-013
 8.850E+013  1.000E-008  6.236E+001  7.890E-013
 8.870E+013  1.000E-008  6.236E+001  7.890E-013
 8.890E+013  1.000E-008  6.236E+001 -1.578E-012
 8.910E+013  1.000E-008  6.236E+001  0.000E+000
 8.930E+013  1.000E-008  6.236E+001  0.000E+000
 8.950E+013  1.000E-008  6.236E+001  0.000E+000
 8.970E+013  1.000E-008  6.236E+001  0.000E+000
 8.990E+013  1.000E-008  6.236E+001  0.000E+000
 9.010E+013  1.000E-008  6.236E+001  7.890E-013
 9.030E+013  1.000E-008  6.236E+001 -5.114E-034
 9.050E+013  1.000E-008  6.236E+001 -7.890E-013
 9.070E+013  1.000E-008  6.236E+001  7.890E-013
 9.090E+013  1.000E-008  6.236E+001 -5.080E-034
 9.110E+013  1.000E-008  6.236E+001 -7.890E-013
 9.130E+013  1.000E-008  6.236E+001  0.000E+000
 9.150E+013  1.000E-008  6.236E+001  0.000E+000
 9.170E+013  1.000E-008  6.236E+001  0.000E+000
 9.190E+013  1.000E-008  6.236E+001  0.000E+000
 9.210E+013  1.000E-008  6.236E+001  0.000E+000
 9.230E+013  1.000E-008  6.236E+001  7.890E-013
 9.250E+013  1.000E-008  6.236E+001 -4.992E-034
 9.270E+013  1.000E-008  6.236E+001 -7.890E-013
 9.290E+013  1.000E-008  6.236E+001  0.000E+000
 9.310E+013  1.000E-008  6.236E+001  0.000E+000
 9.330E+013  1.000E-008  6.236E+001  0.000E+000
 9.350E+013  1.000E-008  6.236E+001  0.000E+000
 9.370E+013  1.000E-008  6.236E+001  7.890E-013
 9.390E+013  1.000E-008  6.236E+001 -7.890E-013
 9.410E+013  1.000E-008  6.236E+001  7.890E-013
 9.430E+013  1.000E-008  6.236E+001 -7.890E-013
 9.450E+013  1.000E-008  6.236E+001  0.000E+000
 9.470E+013  1.000E-008  6.236E+001  0.000E+000
 9.490E+013  1.000E-008  6.236E+001  0.000E+000
 9.510E+013  1.000E-008  6.236E+001  0.000E+000
 9.530E+013  1.000E-008  6.236E+001  7.890E-013
 9.550E+013  1.000E-008  6.236E+001 -7.890E-013
 9.570E+013  1.000E-008  6.236E+001 -1.054E-067
 9.590E+013  1.000E-008  6.236E+001 -5.768E-031
 9.610E+013  1.000E-008  6.236E+001 -7.890E-013
 9.630E+013  1.000E-008  6.236E+001  7.890E-013
 9.650E+013  1.000E-008  6.236E+001  5.764E-031
 9.670E+013  1.000E-008  6.236E+001  7.890E-013
 9.690E+013  1.000E-008  6.236E+001 -7.890E-013
 9.710E+013  1.000E-008  6.236E+001  0.000E+000
 9.730E+013  1.000E-008  6.236E+001  0.000E+000
 9.750E+013  1.000E-008  6.236E+001  0.000E+000
 9.770E+013  1.000E-008  6.236E+001  0.000E+000
 9.790E+013  1.000E-008  6.236E+001  0.000E+000
 9.810E+013  1.000E-008  6.236E+001  0.000E+000
 9.830E+013  1.000E-008  6.236E+001  0.000E+000
 9.850E+013  1.000E-008  6.236E+001  0.000E+000
 9.870E+013  1.000E-008  6.236E+001  0.000E+000
 9.890E+013  1.000E-008  6.236E+001  0.000E+000
 9.910E+013  1.000E-008  6.236E+001  0.000E+000
 9.930E+013  1.000E-008  6.236E+001  0.000E+000
 9.950E+013  1.000E-008  6.236E+001  7.890E-013
 9.970E+013  1.000E-008  6.236E+001 -7.890E-013
 9.990E+013  1.000E-008  6.236E+001  0.000E+000
 1.001E+014  1.000E-099  1.000E-099  0.000E+000
 1.003E+014  1.000E-099  1.000E-099  0.000E+000
 7.043E-003
