 4.203E+004
     x1b        dens       energ       v1
 1.000E+011  4.910E-011  5.000E+007  0.000E+000
 3.000E+011  4.946E-011  4.978E+007  8.253E+005
 5.000E+011  5.084E-011  4.986E+007  2.318E+006
 7.000E+011  5.284E-011  4.983E+007  3.331E+006
 9.000E+011  5.511E-011  4.984E+007  4.484E+006
 1.100E+012  5.732E-011  4.984E+007  5.601E+006
 1.300E+012  5.919E-011  4.984E+007  6.715E+006
 1.500E+012  6.012E-011  4.984E+007  7.838E+006
 1.700E+012  6.024E-011  4.984E+007  8.953E+006
 1.900E+012  6.023E-011  4.985E+007  1.007E+007
 2.100E+012  6.013E-011  4.985E+007  1.120E+007
 2.300E+012  5.994E-011  4.986E+007  1.232E+007
 2.500E+012  5.983E-011  4.986E+007  1.343E+007
 2.700E+012  5.984E-011  4.986E+007  1.455E+007
 2.900E+012  5.991E-011  4.987E+007  1.567E+007
 3.100E+012  6.014E-011  4.987E+007  1.680E+007
 3.300E+012  6.065E-011  4.988E+007  1.792E+007
 3.500E+012  6.159E-011  4.988E+007  1.904E+007
 3.700E+012  6.314E-011  4.989E+007  2.016E+007
 3.900E+012  6.549E-011  4.990E+007  2.128E+007
 4.100E+012  6.890E-011  4.991E+007  2.241E+007
 4.300E+012  7.372E-011  4.991E+007  2.353E+007
 4.500E+012  8.039E-011  4.992E+007  2.466E+007
 4.700E+012  8.951E-011  4.994E+007  2.580E+007
 4.900E+012  1.019E-010  4.995E+007  2.694E+007
 5.100E+012  1.185E-010  4.996E+007  2.809E+007
 5.300E+012  1.407E-010  4.998E+007  2.925E+007
 5.500E+012  1.700E-010  5.001E+007  3.040E+007
 5.700E+012  2.079E-010  5.004E+007  3.156E+007
 5.900E+012  2.558E-010  5.008E+007  3.271E+007
 6.100E+012  3.146E-010  5.013E+007  3.385E+007
 6.300E+012  3.841E-010  5.019E+007  3.498E+007
 6.500E+012  4.635E-010  5.027E+007  3.610E+007
 6.700E+012  5.511E-010  5.037E+007  3.722E+007
 6.900E+012  6.452E-010  5.049E+007  3.834E+007
 7.100E+012  7.445E-010  5.063E+007  3.947E+007
 7.300E+012  8.487E-010  5.080E+007  4.060E+007
 7.500E+012  9.580E-010  5.099E+007  4.176E+007
 7.700E+012  1.074E-009  5.122E+007  4.292E+007
 7.900E+012  1.198E-009  5.148E+007  4.410E+007
 8.100E+012  1.334E-009  5.179E+007  4.530E+007
 8.300E+012  1.483E-009  5.214E+007  4.652E+007
 8.500E+012  1.651E-009  5.254E+007  4.776E+007
 8.700E+012  1.839E-009  5.300E+007  4.902E+007
 8.900E+012  2.052E-009  5.353E+007  5.030E+007
 9.100E+012  2.294E-009  5.414E+007  5.161E+007
 9.300E+012  2.567E-009  5.485E+007  5.295E+007
 9.500E+012  2.875E-009  5.567E+007  5.432E+007
 9.700E+012  3.220E-009  5.663E+007  5.573E+007
 9.900E+012  3.605E-009  5.773E+007  5.719E+007
 1.010E+013  4.034E-009  5.902E+007  5.871E+007
 1.030E+013  4.511E-009  6.051E+007  6.027E+007
 1.050E+013  5.044E-009  6.223E+007  6.190E+007
 1.070E+013  5.646E-009  6.423E+007  6.359E+007
 1.090E+013  6.332E-009  6.654E+007  6.535E+007
 1.110E+013  7.122E-009  6.922E+007  6.720E+007
 1.130E+013  8.039E-009  7.230E+007  6.910E+007
 1.150E+013  9.115E-009  7.589E+007  7.106E+007
 1.170E+013  1.039E-008  8.012E+007  7.313E+007
 1.190E+013  1.189E-008  8.494E+007  7.523E+007
 1.210E+013  1.370E-008  9.079E+007  7.737E+007
 1.230E+013  1.592E-008  9.820E+007  7.986E+007
 1.250E+013  1.845E-008  1.055E+008  8.227E+007
 1.270E+013  2.144E-008  1.139E+008  8.388E+007
 1.290E+013  2.616E-008  1.331E+008  8.713E+007
 1.310E+013  3.056E-008  1.473E+008  9.257E+007
 1.330E+013  3.012E-008  1.209E+008  9.109E+007
 1.350E+013  2.219E-008  5.191E+007  7.756E+007
 1.370E+013  1.358E-008  7.213E+006  4.877E+007
 1.390E+013  1.054E-008  1.085E+005  1.551E+007
 1.410E+013  1.001E-008  6.798E+001  8.332E+005
 1.430E+013  1.000E-008  6.236E+001  8.851E+002
 1.450E+013  1.000E-008  6.236E+001  3.206E-004
 1.470E+013  1.000E-008  6.236E+001  7.018E-013
 1.490E+013  1.000E-008  6.236E+001 -4.479E-013
 1.510E+013  1.000E-008  6.236E+001  0.000E+000
 1.530E+013  1.000E-008  6.236E+001  0.000E+000
 1.550E+013  1.000E-008  6.236E+001  0.000E+000
 1.570E+013  1.000E-008  6.236E+001  0.000E+000
 1.590E+013  1.000E-008  6.236E+001  1.493E-013
 1.610E+013  1.000E-008  6.236E+001 -1.957E-035
 1.630E+013  1.000E-008  6.236E+001 -1.493E-013
 1.650E+013  1.000E-008  6.236E+001 -1.493E-013
 1.670E+013  1.000E-008  6.236E+001  1.493E-013
 1.690E+013  1.000E-008  6.236E+001  3.906E-033
 1.710E+013  1.000E-008  6.236E+001  9.098E-073
 1.730E+013  1.000E-008  6.236E+001  2.282E-152
 1.750E+013  1.000E-008  6.236E+001  6.818E-312
 1.770E+013  1.000E-008  6.236E+001  0.000E+000
 1.790E+013  1.000E-008  6.236E+001  0.000E+000
 1.810E+013  1.000E-008  6.236E+001  0.000E+000
 1.830E+013  1.000E-008  6.236E+001  1.493E-013
 1.850E+013  1.000E-008  6.236E+001 -1.493E-013
 1.870E+013  1.000E-008  6.236E+001  5.972E-013
 1.890E+013  1.000E-008  6.236E+001 -8.958E-013
 1.910E+013  1.000E-008  6.236E+001  5.972E-013
 1.930E+013  1.000E-008  6.236E+001 -2.986E-013
 1.950E+013  1.000E-008  6.236E+001  0.000E+000
 1.970E+013  1.000E-008  6.236E+001  0.000E+000
 1.990E+013  1.000E-008  6.236E+001  0.000E+000
 2.010E+013  1.000E-008  6.236E+001  0.000E+000
 2.030E+013  1.000E-008  6.236E+001  0.000E+000
 2.050E+013  1.000E-008  6.236E+001  0.000E+000
 2.070E+013  1.000E-008  6.236E+001  0.000E+000
 2.090E+013  1.000E-008  6.236E+001  1.493E-013
 2.110E+013  1.000E-008  6.236E+001 -1.491E-035
 2.130E+013  1.000E-008  6.236E+001 -1.493E-013
 2.150E+013  1.000E-008  6.236E+001  0.000E+000
 2.170E+013  1.000E-008  6.236E+001  0.000E+000
 2.190E+013  1.000E-008  6.236E+001  0.000E+000
 2.210E+013  1.000E-008  6.236E+001  0.000E+000
 2.230E+013  1.000E-008  6.236E+001  0.000E+000
 2.250E+013  1.000E-008  6.236E+001  0.000E+000
 2.270E+013  1.000E-008  6.236E+001  1.493E-013
 2.290E+013  1.000E-008  6.236E+001 -1.374E-035
 2.310E+013  1.000E-008  6.236E+001 -1.493E-013
 2.330E+013  1.000E-008  6.236E+001  0.000E+000
 2.350E+013  1.000E-008  6.236E+001  0.000E+000
 2.370E+013  1.000E-008  6.236E+001  1.493E-013
 2.390E+013  1.000E-008  6.236E+001 -1.493E-013
 2.410E+013  1.000E-008  6.236E+001  0.000E+000
 2.430E+013  1.000E-008  6.236E+001  0.000E+000
 2.450E+013  1.000E-008  6.236E+001  0.000E+000
 2.470E+013  1.000E-008  6.236E+001  1.493E-013
 2.490E+013  1.000E-008  6.236E+001 -1.493E-013
 2.510E+013  1.000E-008  6.236E+001  1.493E-013
 2.530E+013  1.000E-008  6.236E+001 -1.493E-013
 2.550E+013  1.000E-008  6.236E+001 -4.612E-307
 2.570E+013  1.000E-008  6.236E+001 -5.934E-150
 2.590E+013  1.000E-008  6.236E+001 -1.467E-071
 2.610E+013  1.000E-008  6.236E+001 -1.568E-032
 2.630E+013  1.000E-008  6.236E+001 -2.986E-013
 2.650E+013  1.000E-008  6.236E+001  2.986E-013
 2.670E+013  1.000E-008  6.236E+001  1.564E-032
 2.690E+013  1.000E-008  6.236E+001  1.458E-071
 2.710E+013  1.000E-008  6.236E+001  1.493E-013
 2.730E+013  1.000E-008  6.236E+001 -1.493E-013
 2.750E+013  1.000E-008  6.236E+001  4.479E-013
 2.770E+013  1.000E-008  6.236E+001 -4.479E-013
 2.790E+013  1.000E-008  6.236E+001  0.000E+000
 2.810E+013  1.000E-008  6.236E+001  0.000E+000
 2.830E+013  1.000E-008  6.236E+001  7.465E-013
 2.850E+013  1.000E-008  6.236E+001 -1.493E-013
 2.870E+013  1.000E-008  6.236E+001 -5.972E-013
 2.890E+013  1.000E-008  6.236E+001 -6.130E-033
 2.910E+013  1.000E-008  6.236E+001  1.045E-012
 2.930E+013  1.000E-008  6.236E+001 -1.045E-012
 2.950E+013  1.000E-008  6.236E+001  0.000E+000
 2.970E+013  1.000E-008  6.236E+001  0.000E+000
 2.990E+013  1.000E-008  6.236E+001  0.000E+000
 3.010E+013  1.000E-008  6.236E+001  1.493E-013
 3.030E+013  1.000E-008  6.236E+001 -1.493E-013
 3.050E+013  1.000E-008  6.236E+001  1.493E-013
 3.070E+013  1.000E-008  6.236E+001 -1.493E-013
 3.090E+013  1.000E-008  6.236E+001  1.493E-013
 3.110E+013  1.000E-008  6.236E+001  1.493E-013
 3.130E+013  1.000E-008  6.236E+001 -2.986E-013
 3.150E+013  1.000E-008  6.236E+001  0.000E+000
 3.170E+013  1.000E-008  6.236E+001  0.000E+000
 3.190E+013  1.000E-008  6.236E+001  0.000E+000
 3.210E+013  1.000E-008  6.236E+001  0.000E+000
 3.230E+013  1.000E-008  6.236E+001  0.000E+000
 3.250E+013  1.000E-008  6.236E+001  0.000E+000
 3.270E+013  1.000E-008  6.236E+001 -7.018E-312
 3.290E+013  1.000E-008  6.236E+001 -2.315E-152
 3.310E+013  1.000E-008  6.236E+001 -9.163E-073
 3.330E+013  1.000E-008  6.236E+001 -3.920E-033
 3.350E+013  1.000E-008  6.236E+001 -1.493E-013
 3.370E+013  1.000E-008  6.236E+001  1.493E-013
 3.390E+013  1.000E-008  6.236E+001  3.910E-033
 3.410E+013  1.000E-008  6.236E+001  9.120E-073
 3.430E+013  1.000E-008  6.236E+001  2.293E-152
 3.450E+013  1.000E-008  6.236E+001  2.986E-013
 3.470E+013  1.000E-008  6.236E+001 -2.986E-013
 3.490E+013  1.000E-008  6.236E+001  0.000E+000
 3.510E+013  1.000E-008  6.236E+001  0.000E+000
 3.530E+013  1.000E-008  6.236E+001  0.000E+000
 3.550E+013  1.000E-008  6.236E+001  0.000E+000
 3.570E+013  1.000E-008  6.236E+001  2.986E-013
 3.590E+013  1.000E-008  6.236E+001 -1.493E-013
 3.610E+013  1.000E-008  6.236E+001 -3.919E-033
 3.630E+013  1.000E-008  6.236E+001 -1.493E-013
 3.650E+013  1.000E-008  6.236E+001 -1.493E-013
 3.670E+013  1.000E-008  6.236E+001  1.493E-013
 3.690E+013  1.000E-008  6.236E+001  1.493E-013
 3.710E+013  1.000E-008  6.236E+001 -1.493E-013
 3.730E+013  1.000E-008  6.236E+001 -4.210E-036
 3.750E+013  1.000E-008  6.236E+001  1.493E-013
 3.770E+013  1.000E-008  6.236E+001 -1.493E-013
 3.790E+013  1.000E-008  6.236E+001  0.000E+000
 3.810E+013  1.000E-008  6.236E+001  0.000E+000
 3.830E+013  1.000E-008  6.236E+001  1.493E-013
 3.850E+013  1.000E-008  6.236E+001 -1.493E-013
 3.870E+013  1.000E-008  6.236E+001 -3.919E-033
 3.890E+013  1.000E-008  6.236E+001 -1.493E-013
 3.910E+013  1.000E-008  6.236E+001 -1.187E-033
 3.930E+013  1.000E-008  6.236E+001  4.479E-013
 3.950E+013  1.000E-008  6.236E+001 -1.493E-013
 3.970E+013  1.000E-008  6.236E+001  4.479E-013
 3.990E+013  1.000E-008  6.236E+001 -5.972E-013
 4.010E+013  1.000E-008  6.236E+001  0.000E+000
 4.030E+013  1.000E-008  6.236E+001  0.000E+000
 4.050E+013  1.000E-008  6.236E+001  0.000E+000
 4.070E+013  1.000E-008  6.236E+001  0.000E+000
 4.090E+013  1.000E-008  6.236E+001  5.500E-012
 4.110E+013  1.000E-008  6.236E+001 -5.500E-012
 4.130E+013  1.000E-008  6.236E+001  3.874E-012
 4.150E+013  1.000E-008  6.236E+001 -3.874E-012
 4.170E+013  1.000E-008  6.236E+001  1.344E-012
 4.190E+013  1.000E-008  6.236E+001 -1.194E-012
 4.210E+013  1.000E-008  6.236E+001 -3.919E-033
 4.230E+013  1.000E-008  6.236E+001 -1.493E-013
 4.250E+013  1.000E-008  6.236E+001  0.000E+000
 4.270E+013  1.000E-008  6.236E+001  0.000E+000
 4.290E+013  1.000E-008  6.236E+001  0.000E+000
 4.310E+013  1.000E-008  6.236E+001  0.000E+000
 4.330E+013  1.000E-008  6.236E+001  0.000E+000
 4.350E+013  1.000E-008  6.236E+001  0.000E+000
 4.370E+013  1.000E-008  6.236E+001  0.000E+000
 4.390E+013  1.000E-008  6.236E+001  0.000E+000
 4.410E+013  1.000E-008  6.236E+001  0.000E+000
 4.430E+013  1.000E-008  6.236E+001  0.000E+000
 4.450E+013  1.000E-008  6.236E+001  0.000E+000
 4.470E+013  1.000E-008  6.236E+001  1.493E-013
 4.490E+013  1.000E-008  6.236E+001 -6.991E-036
 4.510E+013  1.000E-008  6.236E+001 -1.493E-013
 4.530E+013  1.000E-008  6.236E+001 -6.999E-312
 4.550E+013  1.000E-008  6.236E+001 -2.312E-152
 4.570E+013  1.000E-008  6.236E+001 -9.157E-073
 4.590E+013  1.000E-008  6.236E+001 -3.918E-033
 4.610E+013  1.000E-008  6.236E+001 -1.493E-013
 4.630E+013  1.000E-008  6.236E+001  1.493E-013
 4.650E+013  1.000E-008  6.236E+001  1.493E-013
 4.670E+013  1.000E-008  6.236E+001 -1.493E-013
 4.690E+013  1.000E-008  6.236E+001  1.493E-013
 4.710E+013  1.000E-008  6.236E+001 -1.493E-013
 4.730E+013  1.000E-008  6.236E+001  0.000E+000
 4.750E+013  1.000E-008  6.236E+001  0.000E+000
 4.770E+013  1.000E-008  6.236E+001  0.000E+000
 4.790E+013  1.000E-008  6.236E+001  1.493E-013
 4.810E+013  1.000E-008  6.236E+001 -1.493E-013
 4.830E+013  1.000E-008  6.236E+001 -3.249E-036
 4.850E+013  1.000E-008  6.236E+001  1.493E-013
 4.870E+013  1.000E-008  6.236E+001 -1.493E-013
 4.890E+013  1.000E-008  6.236E+001  0.000E+000
 4.910E+013  1.000E-008  6.236E+001  0.000E+000
 4.930E+013  1.000E-008  6.236E+001  0.000E+000
 4.950E+013  1.000E-008  6.236E+001  0.000E+000
 4.970E+013  1.000E-008  6.236E+001  0.000E+000
 4.990E+013  1.000E-008  6.236E+001  2.986E-013
 5.010E+013  1.000E-008  6.236E+001 -4.479E-013
 5.030E+013  1.000E-008  6.236E+001  1.493E-013
 5.050E+013  1.000E-008  6.236E+001  3.912E-033
 5.070E+013  1.000E-008  6.236E+001  9.127E-073
 5.090E+013  1.000E-008  6.236E+001  2.296E-152
 5.110E+013  1.000E-008  6.236E+001  1.493E-013
 5.130E+013  1.000E-008  6.236E+001 -1.493E-013
 5.150E+013  1.000E-008  6.236E+001  0.000E+000
 5.170E+013  1.000E-008  6.236E+001  0.000E+000
 5.190E+013  1.000E-008  6.236E+001 -6.993E-312
 5.210E+013  1.000E-008  6.236E+001 -2.311E-152
 5.230E+013  1.000E-008  6.236E+001 -9.155E-073
 5.250E+013  1.000E-008  6.236E+001 -3.918E-033
 5.270E+013  1.000E-008  6.236E+001 -1.493E-013
 5.290E+013  1.000E-008  6.236E+001  1.493E-013
 5.310E+013  1.000E-008  6.236E+001  3.912E-033
 5.330E+013  1.000E-008  6.236E+001  9.128E-073
 5.350E+013  1.000E-008  6.236E+001  2.986E-013
 5.370E+013  1.000E-008  6.236E+001 -2.986E-013
 5.390E+013  1.000E-008  6.236E+001  5.162E-034
 5.410E+013  1.000E-008  6.236E+001  1.493E-013
 5.430E+013  1.000E-008  6.236E+001  1.493E-013
 5.450E+013  1.000E-008  6.236E+001  1.493E-013
 5.470E+013  1.000E-008  6.236E+001 -4.479E-013
 5.490E+013  1.000E-008  6.236E+001 -3.918E-033
 5.510E+013  1.000E-008  6.236E+001 -1.493E-013
 5.530E+013  1.000E-008  6.236E+001  2.986E-013
 5.550E+013  1.000E-008  6.236E+001 -5.972E-013
 5.570E+013  1.000E-008  6.236E+001  2.986E-013
 5.590E+013  1.000E-008  6.236E+001  1.493E-013
 5.610E+013  1.000E-008  6.236E+001 -1.493E-013
 5.630E+013  1.000E-008  6.236E+001  1.493E-013
 5.650E+013  1.000E-008  6.236E+001 -8.958E-013
 5.670E+013  1.000E-008  6.236E+001  8.958E-013
 5.690E+013  1.000E-008  6.236E+001  8.958E-013
 5.710E+013  1.000E-008  6.236E+001 -8.958E-013
 5.730E+013  1.000E-008  6.236E+001  1.045E-012
 5.750E+013  1.000E-008  6.236E+001 -2.239E-012
 5.770E+013  1.000E-008  6.236E+001 -1.492E-013
 5.790E+013  1.000E-008  6.236E+001  1.344E-012
 5.810E+013  1.000E-008  6.236E+001  7.116E-012
 5.830E+013  1.000E-008  6.236E+001 -7.116E-012
 5.850E+013  1.000E-008  6.236E+001  0.000E+000
 5.870E+013  1.000E-008  6.236E+001  0.000E+000
 5.890E+013  1.000E-008  6.236E+001  0.000E+000
 5.910E+013  1.000E-008  6.236E+001  0.000E+000
 5.930E+013  1.000E-008  6.236E+001  0.000E+000
 5.950E+013  1.000E-008  6.236E+001  0.000E+000
 5.970E+013  1.000E-008  6.236E+001  0.000E+000
 5.990E+013  1.000E-008  6.236E+001  0.000E+000
 6.010E+013  1.000E-008  6.236E+001  0.000E+000
 6.030E+013  1.000E-008  6.236E+001  1.493E-013
 6.050E+013  1.000E-008  6.236E+001 -1.493E-013
 6.070E+013  1.000E-008  6.236E+001  1.493E-013
 6.090E+013  1.000E-008  6.236E+001 -1.493E-013
 6.110E+013  1.000E-008  6.236E+001  0.000E+000
 6.130E+013  1.000E-008  6.236E+001  0.000E+000
 6.150E+013  1.000E-008  6.236E+001  0.000E+000
 6.170E+013  1.000E-008  6.236E+001  1.493E-013
 6.190E+013  1.000E-008  6.236E+001 -1.493E-013
 6.210E+013  1.000E-008  6.236E+001  0.000E+000
 6.230E+013  1.000E-008  6.236E+001  0.000E+000
 6.250E+013  1.000E-008  6.236E+001  0.000E+000
 6.270E+013  1.000E-008  6.236E+001  0.000E+000
 6.290E+013  1.000E-008  6.236E+001  0.000E+000
 6.310E+013  1.000E-008  6.236E+001  0.000E+000
 6.330E+013  1.000E-008  6.236E+001  0.000E+000
 6.350E+013  1.000E-008  6.236E+001  1.493E-013
 6.370E+013  1.000E-008  6.236E+001 -1.493E-013
 6.390E+013  1.000E-008  6.236E+001  0.000E+000
 6.410E+013  1.000E-008  6.236E+001  0.000E+000
 6.430E+013  1.000E-008  6.236E+001  0.000E+000
 6.450E+013  1.000E-008  6.236E+001  0.000E+000
 6.470E+013  1.000E-008  6.236E+001  1.493E-013
 6.490E+013  1.000E-008  6.236E+001 -1.493E-013
 6.510E+013  1.000E-008  6.236E+001  0.000E+000
 6.530E+013  1.000E-008  6.236E+001  0.000E+000
 6.550E+013  1.000E-008  6.236E+001  0.000E+000
 6.570E+013  1.000E-008  6.236E+001  0.000E+000
 6.590E+013  1.000E-008  6.236E+001  1.493E-013
 6.610E+013  1.000E-008  6.236E+001 -1.493E-013
 6.630E+013  1.000E-008  6.236E+001  0.000E+000
 6.650E+013  1.000E-008  6.236E+001  0.000E+000
 6.670E+013  1.000E-008  6.236E+001  0.000E+000
 6.690E+013  1.000E-008  6.236E+001  1.493E-013
 6.710E+013  1.000E-008  6.236E+001 -1.493E-013
 6.730E+013  1.000E-008  6.236E+001  0.000E+000
 6.750E+013  1.000E-008  6.236E+001  0.000E+000
 6.770E+013  1.000E-008  6.236E+001  1.493E-013
 6.790E+013  1.000E-008  6.236E+001 -1.493E-013
 6.810E+013  1.000E-008  6.236E+001  1.493E-013
 6.830E+013  1.000E-008  6.236E+001 -4.592E-036
 6.850E+013  1.000E-008  6.236E+001 -1.493E-013
 6.870E+013  1.000E-008  6.236E+001  0.000E+000
 6.890E+013  1.000E-008  6.236E+001  0.000E+000
 6.910E+013  1.000E-008  6.236E+001  0.000E+000
 6.930E+013  1.000E-008  6.236E+001  1.493E-013
 6.950E+013  1.000E-008  6.236E+001 -1.493E-013
 6.970E+013  1.000E-008  6.236E+001  0.000E+000
 6.990E+013  1.000E-008  6.236E+001  0.000E+000
 7.010E+013  1.000E-008  6.236E+001  0.000E+000
 7.030E+013  1.000E-008  6.236E+001  0.000E+000
 7.050E+013  1.000E-008  6.236E+001  0.000E+000
 7.070E+013  1.000E-008  6.236E+001  0.000E+000
 7.090E+013  1.000E-008  6.236E+001  0.000E+000
 7.110E+013  1.000E-008  6.236E+001  0.000E+000
 7.130E+013  1.000E-008  6.236E+001  0.000E+000
 7.150E+013  1.000E-008  6.236E+001  0.000E+000
 7.170E+013  1.000E-008  6.236E+001  0.000E+000
 7.190E+013  1.000E-008  6.236E+001  1.493E-013
 7.210E+013  1.000E-008  6.236E+001 -1.493E-013
 7.230E+013  1.000E-008  6.236E+001  0.000E+000
 7.250E+013  1.000E-008  6.236E+001  0.000E+000
 7.270E+013  1.000E-008  6.236E+001  2.986E-013
 7.290E+013  1.000E-008  6.236E+001 -1.721E-035
 7.310E+013  1.000E-008  6.236E+001 -2.986E-013
 7.330E+013  1.000E-008  6.236E+001 -3.917E-033
 7.350E+013  1.000E-008  6.236E+001 -1.493E-013
 7.370E+013  1.000E-008  6.236E+001  1.493E-013
 7.390E+013  1.000E-008  6.236E+001  3.913E-033
 7.410E+013  1.000E-008  6.236E+001  9.131E-073
 7.430E+013  1.000E-008  6.236E+001  2.299E-152
 7.450E+013  1.000E-008  6.236E+001  6.918E-312
 7.470E+013  1.000E-008  6.236E+001  0.000E+000
 7.490E+013  1.000E-008  6.236E+001  0.000E+000
 7.510E+013  1.000E-008  6.236E+001  0.000E+000
 7.530E+013  1.000E-008  6.236E+001  0.000E+000
 7.550E+013  1.000E-008  6.236E+001  0.000E+000
 7.570E+013  1.000E-008  6.236E+001  0.000E+000
 7.590E+013  1.000E-008  6.236E+001  0.000E+000
 7.610E+013  1.000E-008  6.236E+001  0.000E+000
 7.630E+013  1.000E-008  6.236E+001  0.000E+000
 7.650E+013  1.000E-008  6.236E+001  0.000E+000
 7.670E+013  1.000E-008  6.236E+001  2.986E-013
 7.690E+013  1.000E-008  6.236E+001 -2.986E-013
 7.710E+013  1.000E-008  6.236E+001  4.479E-013
 7.730E+013  1.000E-008  6.236E+001 -4.479E-013
 7.750E+013  1.000E-008  6.236E+001  9.274E-034
 7.770E+013  1.000E-008  6.236E+001  2.986E-013
 7.790E+013  1.000E-008  6.236E+001 -8.958E-013
 7.810E+013  1.000E-008  6.236E+001  8.958E-013
 7.830E+013  1.000E-008  6.236E+001 -2.986E-013
 7.850E+013  1.000E-008  6.236E+001 -6.452E-073
 7.870E+013  1.000E-008  6.236E+001 -3.289E-033
 7.890E+013  1.000E-008  6.236E+001 -1.493E-013
 7.910E+013  1.000E-008  6.236E+001 -7.465E-013
 7.930E+013  1.000E-008  6.236E+001  4.479E-013
 7.950E+013  1.000E-008  6.236E+001  4.479E-013
 7.970E+013  1.000E-008  6.236E+001 -5.972E-013
 7.990E+013  1.000E-008  6.236E+001  5.972E-013
 8.010E+013  1.000E-008  6.236E+001  6.260E-032
 8.030E+013  1.000E-008  6.236E+001  2.338E-070
 8.050E+013  1.000E-008  6.236E+001  1.506E-147
 8.070E+013  1.000E-008  6.236E+001 -3.184E-295
 8.090E+013  1.000E-008  6.236E+001 -4.931E-144
 8.110E+013  1.000E-008  6.236E+001 -1.338E-068
 8.130E+013  1.000E-008  6.236E+001 -4.736E-031
 8.150E+013  1.000E-008  6.236E+001 -1.642E-012
 8.170E+013  1.000E-008  6.236E+001  2.090E-012
 8.190E+013  1.000E-008  6.236E+001 -4.479E-013
 8.210E+013  1.000E-008  6.236E+001  0.000E+000
 8.230E+013  1.000E-008  6.236E+001  0.000E+000
 8.250E+013  1.000E-008  6.236E+001  0.000E+000
 8.270E+013  1.000E-008  6.236E+001  0.000E+000
 8.290E+013  1.000E-008  6.236E+001  5.972E-013
 8.310E+013  1.000E-008  6.236E+001 -5.972E-013
 8.330E+013  1.000E-008  6.236E+001 -3.803E-033
 8.350E+013  1.000E-008  6.236E+001  8.958E-013
 8.370E+013  1.000E-008  6.236E+001 -7.465E-013
 8.390E+013  1.000E-008  6.236E+001 -3.917E-033
 8.410E+013  1.000E-008  6.236E+001 -1.493E-013
 8.430E+013  1.000E-008  6.236E+001  1.493E-013
 8.450E+013  1.000E-008  6.236E+001 -3.711E-036
 8.470E+013  1.000E-008  6.236E+001 -1.493E-013
 8.490E+013  1.000E-008  6.236E+001 -1.847E-036
 8.510E+013  1.000E-008  6.236E+001  1.493E-013
 8.530E+013  1.000E-008  6.236E+001 -3.676E-036
 8.550E+013  1.000E-008  6.236E+001 -1.493E-013
 8.570E+013  1.000E-008  6.236E+001 -1.829E-036
 8.590E+013  1.000E-008  6.236E+001  1.493E-013
 8.610E+013  1.000E-008  6.236E+001 -1.493E-013
 8.630E+013  1.000E-008  6.236E+001  0.000E+000
 8.650E+013  1.000E-008  6.236E+001  0.000E+000
 8.670E+013  1.000E-008  6.236E+001  0.000E+000
 8.690E+013  1.000E-008  6.236E+001  0.000E+000
 8.710E+013  1.000E-008  6.236E+001  0.000E+000
 8.730E+013  1.000E-008  6.236E+001  0.000E+000
 8.750E+013  1.000E-008  6.236E+001  1.493E-013
 8.770E+013  1.000E-008  6.236E+001 -1.493E-013
 8.790E+013  1.000E-008  6.236E+001 -1.784E-036
 8.810E+013  1.000E-008  6.236E+001  1.493E-013
 8.830E+013  1.000E-008  6.236E+001 -1.493E-013
 8.850E+013  1.000E-008  6.236E+001  1.493E-013
 8.870E+013  1.000E-008  6.236E+001  1.493E-013
 8.890E+013  1.000E-008  6.236E+001 -2.986E-013
 8.910E+013  1.000E-008  6.236E+001  0.000E+000
 8.930E+013  1.000E-008  6.236E+001  0.000E+000
 8.950E+013  1.000E-008  6.236E+001  0.000E+000
 8.970E+013  1.000E-008  6.236E+001  0.000E+000
 8.990E+013  1.000E-008  6.236E+001  0.000E+000
 9.010E+013  1.000E-008  6.236E+001  1.493E-013
 9.030E+013  1.000E-008  6.236E+001 -3.472E-036
 9.050E+013  1.000E-008  6.236E+001 -1.493E-013
 9.070E+013  1.000E-008  6.236E+001  1.493E-013
 9.090E+013  1.000E-008  6.236E+001 -3.449E-036
 9.110E+013  1.000E-008  6.236E+001 -1.493E-013
 9.130E+013  1.000E-008  6.236E+001  0.000E+000
 9.150E+013  1.000E-008  6.236E+001  0.000E+000
 9.170E+013  1.000E-008  6.236E+001  0.000E+000
 9.190E+013  1.000E-008  6.236E+001  0.000E+000
 9.210E+013  1.000E-008  6.236E+001  0.000E+000
 9.230E+013  1.000E-008  6.236E+001  1.493E-013
 9.250E+013  1.000E-008  6.236E+001 -3.390E-036
 9.270E+013  1.000E-008  6.236E+001 -1.493E-013
 9.290E+013  1.000E-008  6.236E+001  0.000E+000
 9.310E+013  1.000E-008  6.236E+001  0.000E+000
 9.330E+013  1.000E-008  6.236E+001  0.000E+000
 9.350E+013  1.000E-008  6.236E+001  0.000E+000
 9.370E+013  1.000E-008  6.236E+001  1.493E-013
 9.390E+013  1.000E-008  6.236E+001 -1.493E-013
 9.410E+013  1.000E-008  6.236E+001  1.493E-013
 9.430E+013  1.000E-008  6.236E+001 -1.493E-013
 9.450E+013  1.000E-008  6.236E+001  0.000E+000
 9.470E+013  1.000E-008  6.236E+001  0.000E+000
 9.490E+013  1.000E-008  6.236E+001  0.000E+000
 9.510E+013  1.000E-008  6.236E+001  0.000E+000
 9.530E+013  1.000E-008  6.236E+001  1.493E-013
 9.550E+013  1.000E-008  6.236E+001 -1.493E-013
 9.570E+013  1.000E-008  6.236E+001 -9.149E-073
 9.590E+013  1.000E-008  6.236E+001 -3.917E-033
 9.610E+013  1.000E-008  6.236E+001 -1.493E-013
 9.630E+013  1.000E-008  6.236E+001  1.493E-013
 9.650E+013  1.000E-008  6.236E+001  3.913E-033
 9.670E+013  1.000E-008  6.236E+001  1.493E-013
 9.690E+013  1.000E-008  6.236E+001 -1.493E-013
 9.710E+013  1.000E-008  6.236E+001  0.000E+000
 9.730E+013  1.000E-008  6.236E+001  0.000E+000
 9.750E+013  1.000E-008  6.236E+001  0.000E+000
 9.770E+013  1.000E-008  6.236E+001  0.000E+000
 9.790E+013  1.000E-008  6.236E+001  0.000E+000
 9.810E+013  1.000E-008  6.236E+001  0.000E+000
 9.830E+013  1.000E-008  6.236E+001  0.000E+000
 9.850E+013  1.000E-008  6.236E+001  0.000E+000
 9.870E+013  1.000E-008  6.236E+001  0.000E+000
 9.890E+013  1.000E-008  6.236E+001  0.000E+000
 9.910E+013  1.000E-008  6.236E+001  0.000E+000
 9.930E+013  1.000E-008  6.236E+001  0.000E+000
 9.950E+013  1.000E-008  6.236E+001  1.493E-013
 9.970E+013  1.000E-008  6.236E+001 -1.493E-013
 9.990E+013  1.000E-008  6.236E+001  0.000E+000
 1.001E+014  1.000E-099  1.000E-099  0.000E+000
 1.003E+014  1.000E-099  1.000E-099  0.000E+000
 1.333E-003
