 1.740E+005
     x1b        dens       energ       v1
 1.000E+011  1.776E-011  9.182E+006  0.000E+000
 3.000E+011  1.781E-011  9.174E+006  1.820E+005
 5.000E+011  1.802E-011  9.177E+006  5.876E+005
 7.000E+011  1.838E-011  9.176E+006  8.138E+005
 9.000E+011  1.887E-011  9.177E+006  1.112E+006
 1.100E+012  1.944E-011  9.176E+006  1.379E+006
 1.300E+012  2.003E-011  9.177E+006  1.659E+006
 1.500E+012  2.063E-011  9.177E+006  1.934E+006
 1.700E+012  2.119E-011  9.177E+006  2.211E+006
 1.900E+012  2.160E-011  9.177E+006  2.487E+006
 2.100E+012  2.178E-011  9.177E+006  2.763E+006
 2.300E+012  2.181E-011  9.177E+006  3.039E+006
 2.500E+012  2.181E-011  9.177E+006  3.316E+006
 2.700E+012  2.180E-011  9.177E+006  3.592E+006
 2.900E+012  2.178E-011  9.177E+006  3.868E+006
 3.100E+012  2.174E-011  9.177E+006  4.145E+006
 3.300E+012  2.170E-011  9.177E+006  4.421E+006
 3.500E+012  2.168E-011  9.178E+006  4.697E+006
 3.700E+012  2.168E-011  9.178E+006  4.974E+006
 3.900E+012  2.169E-011  9.178E+006  5.250E+006
 4.100E+012  2.172E-011  9.178E+006  5.526E+006
 4.300E+012  2.178E-011  9.178E+006  5.803E+006
 4.500E+012  2.188E-011  9.178E+006  6.079E+006
 4.700E+012  2.205E-011  9.179E+006  6.356E+006
 4.900E+012  2.230E-011  9.179E+006  6.632E+006
 5.100E+012  2.267E-011  9.179E+006  6.909E+006
 5.300E+012  2.316E-011  9.179E+006  7.185E+006
 5.500E+012  2.383E-011  9.179E+006  7.462E+006
 5.700E+012  2.468E-011  9.180E+006  7.739E+006
 5.900E+012  2.579E-011  9.180E+006  8.016E+006
 6.100E+012  2.718E-011  9.180E+006  8.293E+006
 6.300E+012  2.893E-011  9.181E+006  8.571E+006
 6.500E+012  3.111E-011  9.181E+006  8.850E+006
 6.700E+012  3.382E-011  9.181E+006  9.128E+006
 6.900E+012  3.717E-011  9.182E+006  9.408E+006
 7.100E+012  4.130E-011  9.182E+006  9.688E+006
 7.300E+012  4.637E-011  9.183E+006  9.968E+006
 7.500E+012  5.257E-011  9.183E+006  1.025E+007
 7.700E+012  6.010E-011  9.184E+006  1.053E+007
 7.900E+012  6.917E-011  9.185E+006  1.081E+007
 8.100E+012  7.998E-011  9.186E+006  1.109E+007
 8.300E+012  9.269E-011  9.187E+006  1.137E+007
 8.500E+012  1.074E-010  9.189E+006  1.165E+007
 8.700E+012  1.242E-010  9.191E+006  1.192E+007
 8.900E+012  1.429E-010  9.193E+006  1.220E+007
 9.100E+012  1.634E-010  9.195E+006  1.248E+007
 9.300E+012  1.854E-010  9.198E+006  1.275E+007
 9.500E+012  2.088E-010  9.202E+006  1.303E+007
 9.700E+012  2.331E-010  9.205E+006  1.330E+007
 9.900E+012  2.583E-010  9.210E+006  1.358E+007
 1.010E+013  2.843E-010  9.215E+006  1.385E+007
 1.030E+013  3.110E-010  9.220E+006  1.413E+007
 1.050E+013  3.384E-010  9.226E+006  1.440E+007
 1.070E+013  3.669E-010  9.233E+006  1.468E+007
 1.090E+013  3.964E-010  9.240E+006  1.496E+007
 1.110E+013  4.274E-010  9.249E+006  1.524E+007
 1.130E+013  4.600E-010  9.258E+006  1.552E+007
 1.150E+013  4.947E-010  9.267E+006  1.580E+007
 1.170E+013  5.317E-010  9.278E+006  1.608E+007
 1.190E+013  5.715E-010  9.290E+006  1.637E+007
 1.210E+013  6.143E-010  9.303E+006  1.665E+007
 1.230E+013  6.606E-010  9.317E+006  1.693E+007
 1.250E+013  7.106E-010  9.332E+006  1.722E+007
 1.270E+013  7.646E-010  9.349E+006  1.750E+007
 1.290E+013  8.229E-010  9.367E+006  1.779E+007
 1.310E+013  8.856E-010  9.387E+006  1.808E+007
 1.330E+013  9.528E-010  9.409E+006  1.836E+007
 1.350E+013  1.025E-009  9.433E+006  1.865E+007
 1.370E+013  1.101E-009  9.460E+006  1.894E+007
 1.390E+013  1.182E-009  9.488E+006  1.923E+007
 1.410E+013  1.267E-009  9.520E+006  1.953E+007
 1.430E+013  1.357E-009  9.554E+006  1.982E+007
 1.450E+013  1.452E-009  9.591E+006  2.012E+007
 1.470E+013  1.551E-009  9.631E+006  2.042E+007
 1.490E+013  1.656E-009  9.674E+006  2.072E+007
 1.510E+013  1.766E-009  9.722E+006  2.102E+007
 1.530E+013  1.883E-009  9.773E+006  2.133E+007
 1.550E+013  2.006E-009  9.828E+006  2.163E+007
 1.570E+013  2.138E-009  9.888E+006  2.195E+007
 1.590E+013  2.278E-009  9.952E+006  2.226E+007
 1.610E+013  2.428E-009  1.002E+007  2.258E+007
 1.630E+013  2.588E-009  1.010E+007  2.290E+007
 1.650E+013  2.760E-009  1.018E+007  2.323E+007
 1.670E+013  2.945E-009  1.027E+007  2.356E+007
 1.690E+013  3.143E-009  1.037E+007  2.389E+007
 1.710E+013  3.355E-009  1.047E+007  2.423E+007
 1.730E+013  3.584E-009  1.058E+007  2.458E+007
 1.750E+013  3.828E-009  1.071E+007  2.493E+007
 1.770E+013  4.091E-009  1.084E+007  2.528E+007
 1.790E+013  4.372E-009  1.099E+007  2.565E+007
 1.810E+013  4.674E-009  1.115E+007  2.602E+007
 1.830E+013  4.998E-009  1.132E+007  2.640E+007
 1.850E+013  5.347E-009  1.151E+007  2.678E+007
 1.870E+013  5.723E-009  1.171E+007  2.718E+007
 1.890E+013  6.129E-009  1.194E+007  2.758E+007
 1.910E+013  6.567E-009  1.218E+007  2.800E+007
 1.930E+013  7.042E-009  1.245E+007  2.842E+007
 1.950E+013  7.558E-009  1.274E+007  2.886E+007
 1.970E+013  8.118E-009  1.306E+007  2.930E+007
 1.990E+013  8.727E-009  1.341E+007  2.976E+007
 2.010E+013  9.392E-009  1.379E+007  3.023E+007
 2.030E+013  1.012E-008  1.421E+007  3.071E+007
 2.050E+013  1.091E-008  1.466E+007  3.120E+007
 2.070E+013  1.179E-008  1.517E+007  3.170E+007
 2.090E+013  1.275E-008  1.572E+007  3.222E+007
 2.110E+013  1.381E-008  1.633E+007  3.275E+007
 2.130E+013  1.498E-008  1.699E+007  3.329E+007
 2.150E+013  1.629E-008  1.774E+007  3.385E+007
 2.170E+013  1.774E-008  1.855E+007  3.442E+007
 2.190E+013  1.937E-008  1.944E+007  3.499E+007
 2.210E+013  2.121E-008  2.047E+007  3.558E+007
 2.230E+013  2.331E-008  2.164E+007  3.624E+007
 2.250E+013  2.555E-008  2.274E+007  3.684E+007
 2.270E+013  2.815E-008  2.412E+007  3.730E+007
 2.290E+013  3.188E-008  2.678E+007  3.830E+007
 2.310E+013  3.441E-008  2.792E+007  3.955E+007
 2.330E+013  3.302E-008  2.326E+007  3.875E+007
 2.350E+013  2.373E-008  1.055E+007  3.355E+007
 2.370E+013  1.413E-008  1.645E+006  2.194E+007
 2.390E+013  1.067E-008  3.477E+004  7.653E+006
 2.410E+013  1.002E-008  6.708E+001  5.383E+005
 2.430E+013  1.000E-008  6.236E+001  1.094E+003
 2.450E+013  1.000E-008  6.236E+001  1.762E-003
 2.470E+013  1.000E-008  6.236E+001  1.146E-011
 2.490E+013  1.000E-008  6.236E+001 -6.183E-013
 2.510E+013  1.000E-008  6.236E+001  6.183E-013
 2.530E+013  1.000E-008  6.236E+001 -6.183E-013
 2.550E+013  1.000E-008  6.236E+001 -6.517E-288
 2.570E+013  1.000E-008  6.236E+001 -1.084E-140
 2.590E+013  1.000E-008  6.236E+001 -3.065E-067
 2.610E+013  1.000E-008  6.236E+001 -1.112E-030
 2.630E+013  1.000E-008  6.236E+001 -1.237E-012
 2.650E+013  1.000E-008  6.236E+001  1.237E-012
 2.670E+013  1.000E-008  6.236E+001  1.108E-030
 2.690E+013  1.000E-008  6.236E+001  3.046E-067
 2.710E+013  1.000E-008  6.236E+001  6.183E-013
 2.730E+013  1.000E-008  6.236E+001 -6.183E-013
 2.750E+013  1.000E-008  6.236E+001  1.855E-012
 2.770E+013  1.000E-008  6.236E+001 -1.855E-012
 2.790E+013  1.000E-008  6.236E+001  0.000E+000
 2.810E+013  1.000E-008  6.236E+001  0.000E+000
 2.830E+013  1.000E-008  6.236E+001  3.091E-012
 2.850E+013  1.000E-008  6.236E+001 -6.183E-013
 2.870E+013  1.000E-008  6.236E+001 -2.473E-012
 2.890E+013  1.000E-008  6.236E+001 -4.345E-031
 2.910E+013  1.000E-008  6.236E+001  4.328E-012
 2.930E+013  1.000E-008  6.236E+001 -4.328E-012
 2.950E+013  1.000E-008  6.236E+001  0.000E+000
 2.970E+013  1.000E-008  6.236E+001  0.000E+000
 2.990E+013  1.000E-008  6.236E+001  0.000E+000
 3.010E+013  1.000E-008  6.236E+001  6.183E-013
 3.030E+013  1.000E-008  6.236E+001 -6.183E-013
 3.050E+013  1.000E-008  6.236E+001  6.183E-013
 3.070E+013  1.000E-008  6.236E+001 -6.183E-013
 3.090E+013  1.000E-008  6.236E+001  6.183E-013
 3.110E+013  1.000E-008  6.236E+001  6.183E-013
 3.130E+013  1.000E-008  6.236E+001 -1.237E-012
 3.150E+013  1.000E-008  6.236E+001  0.000E+000
 3.170E+013  1.000E-008  6.236E+001  0.000E+000
 3.190E+013  1.000E-008  6.236E+001  0.000E+000
 3.210E+013  1.000E-008  6.236E+001  0.000E+000
 3.230E+013  1.000E-008  6.236E+001  0.000E+000
 3.250E+013  1.000E-008  6.236E+001  0.000E+000
 3.270E+013  1.000E-008  6.236E+001 -9.918E-293
 3.290E+013  1.000E-008  6.236E+001 -4.228E-143
 3.310E+013  1.000E-008  6.236E+001 -1.914E-068
 3.330E+013  1.000E-008  6.236E+001 -2.778E-031
 3.350E+013  1.000E-008  6.236E+001 -6.183E-013
 3.370E+013  1.000E-008  6.236E+001  6.183E-013
 3.390E+013  1.000E-008  6.236E+001  2.771E-031
 3.410E+013  1.000E-008  6.236E+001  1.905E-068
 3.430E+013  1.000E-008  6.236E+001  4.188E-143
 3.450E+013  1.000E-008  6.236E+001  1.237E-012
 3.470E+013  1.000E-008  6.236E+001 -1.237E-012
 3.490E+013  1.000E-008  6.236E+001  0.000E+000
 3.510E+013  1.000E-008  6.236E+001  0.000E+000
 3.530E+013  1.000E-008  6.236E+001  0.000E+000
 3.550E+013  1.000E-008  6.236E+001  0.000E+000
 3.570E+013  1.000E-008  6.236E+001  1.237E-012
 3.590E+013  1.000E-008  6.236E+001 -6.183E-013
 3.610E+013  1.000E-008  6.236E+001 -2.778E-031
 3.630E+013  1.000E-008  6.236E+001 -6.183E-013
 3.650E+013  1.000E-008  6.236E+001 -6.183E-013
 3.670E+013  1.000E-008  6.236E+001  6.183E-013
 3.690E+013  1.000E-008  6.236E+001  6.183E-013
 3.710E+013  1.000E-008  6.236E+001 -6.183E-013
 3.730E+013  1.000E-008  6.236E+001 -2.984E-034
 3.750E+013  1.000E-008  6.236E+001  6.183E-013
 3.770E+013  1.000E-008  6.236E+001 -6.183E-013
 3.790E+013  1.000E-008  6.236E+001  0.000E+000
 3.810E+013  1.000E-008  6.236E+001  0.000E+000
 3.830E+013  1.000E-008  6.236E+001  6.183E-013
 3.850E+013  1.000E-008  6.236E+001 -6.183E-013
 3.870E+013  1.000E-008  6.236E+001 -2.778E-031
 3.890E+013  1.000E-008  6.236E+001 -6.183E-013
 3.910E+013  1.000E-008  6.236E+001 -8.410E-032
 3.930E+013  1.000E-008  6.236E+001  1.855E-012
 3.950E+013  1.000E-008  6.236E+001 -6.183E-013
 3.970E+013  1.000E-008  6.236E+001  1.855E-012
 3.990E+013  1.000E-008  6.236E+001 -2.473E-012
 4.010E+013  1.000E-008  6.236E+001  0.000E+000
 4.030E+013  1.000E-008  6.236E+001  0.000E+000
 4.050E+013  1.000E-008  6.236E+001  0.000E+000
 4.070E+013  1.000E-008  6.236E+001  0.000E+000
 4.090E+013  1.000E-008  6.236E+001  2.285E-011
 4.110E+013  1.000E-008  6.236E+001 -2.285E-011
 4.130E+013  1.000E-008  6.236E+001  1.607E-011
 4.150E+013  1.000E-008  6.236E+001 -1.607E-011
 4.170E+013  1.000E-008  6.236E+001  5.564E-012
 4.190E+013  1.000E-008  6.236E+001 -4.946E-012
 4.210E+013  1.000E-008  6.236E+001 -2.777E-031
 4.230E+013  1.000E-008  6.236E+001 -6.183E-013
 4.250E+013  1.000E-008  6.236E+001  0.000E+000
 4.270E+013  1.000E-008  6.236E+001  0.000E+000
 4.290E+013  1.000E-008  6.236E+001  0.000E+000
 4.310E+013  1.000E-008  6.236E+001  0.000E+000
 4.330E+013  1.000E-008  6.236E+001  0.000E+000
 4.350E+013  1.000E-008  6.236E+001  0.000E+000
 4.370E+013  1.000E-008  6.236E+001  0.000E+000
 4.390E+013  1.000E-008  6.236E+001  0.000E+000
 4.410E+013  1.000E-008  6.236E+001  0.000E+000
 4.430E+013  1.000E-008  6.236E+001  0.000E+000
 4.450E+013  1.000E-008  6.236E+001  0.000E+000
 4.470E+013  1.000E-008  6.236E+001  6.183E-013
 4.490E+013  1.000E-008  6.236E+001 -4.955E-034
 4.510E+013  1.000E-008  6.236E+001 -6.183E-013
 4.530E+013  1.000E-008  6.236E+001 -9.891E-293
 4.550E+013  1.000E-008  6.236E+001 -4.223E-143
 4.570E+013  1.000E-008  6.236E+001 -1.913E-068
 4.590E+013  1.000E-008  6.236E+001 -2.777E-031
 4.610E+013  1.000E-008  6.236E+001 -6.183E-013
 4.630E+013  1.000E-008  6.236E+001  6.183E-013
 4.650E+013  1.000E-008  6.236E+001  6.183E-013
 4.670E+013  1.000E-008  6.236E+001 -6.183E-013
 4.690E+013  1.000E-008  6.236E+001  6.183E-013
 4.710E+013  1.000E-008  6.236E+001 -6.183E-013
 4.730E+013  1.000E-008  6.236E+001  0.000E+000
 4.750E+013  1.000E-008  6.236E+001  0.000E+000
 4.770E+013  1.000E-008  6.236E+001  0.000E+000
 4.790E+013  1.000E-008  6.236E+001  6.183E-013
 4.810E+013  1.000E-008  6.236E+001 -6.183E-013
 4.830E+013  1.000E-008  6.236E+001 -2.303E-034
 4.850E+013  1.000E-008  6.236E+001  6.183E-013
 4.870E+013  1.000E-008  6.236E+001 -6.183E-013
 4.890E+013  1.000E-008  6.236E+001  0.000E+000
 4.910E+013  1.000E-008  6.236E+001  0.000E+000
 4.930E+013  1.000E-008  6.236E+001  0.000E+000
 4.950E+013  1.000E-008  6.236E+001  0.000E+000
 4.970E+013  1.000E-008  6.236E+001  0.000E+000
 4.990E+013  1.000E-008  6.236E+001  1.237E-012
 5.010E+013  1.000E-008  6.236E+001 -1.855E-012
 5.030E+013  1.000E-008  6.236E+001  6.183E-013
 5.050E+013  1.000E-008  6.236E+001  2.773E-031
 5.070E+013  1.000E-008  6.236E+001  1.907E-068
 5.090E+013  1.000E-008  6.236E+001  4.194E-143
 5.110E+013  1.000E-008  6.236E+001  6.183E-013
 5.130E+013  1.000E-008  6.236E+001 -6.183E-013
 5.150E+013  1.000E-008  6.236E+001  0.000E+000
 5.170E+013  1.000E-008  6.236E+001  0.000E+000
 5.190E+013  1.000E-008  6.236E+001 -9.883E-293
 5.210E+013  1.000E-008  6.236E+001 -4.221E-143
 5.230E+013  1.000E-008  6.236E+001 -1.913E-068
 5.250E+013  1.000E-008  6.236E+001 -2.777E-031
 5.270E+013  1.000E-008  6.236E+001 -6.183E-013
 5.290E+013  1.000E-008  6.236E+001  6.183E-013
 5.310E+013  1.000E-008  6.236E+001  2.773E-031
 5.330E+013  1.000E-008  6.236E+001  1.907E-068
 5.350E+013  1.000E-008  6.236E+001  1.237E-012
 5.370E+013  1.000E-008  6.236E+001 -1.237E-012
 5.390E+013  1.000E-008  6.236E+001  3.658E-032
 5.410E+013  1.000E-008  6.236E+001  6.183E-013
 5.430E+013  1.000E-008  6.236E+001  6.183E-013
 5.450E+013  1.000E-008  6.236E+001  6.183E-013
 5.470E+013  1.000E-008  6.236E+001 -1.855E-012
 5.490E+013  1.000E-008  6.236E+001 -2.777E-031
 5.510E+013  1.000E-008  6.236E+001 -6.183E-013
 5.530E+013  1.000E-008  6.236E+001  1.237E-012
 5.550E+013  1.000E-008  6.236E+001 -2.473E-012
 5.570E+013  1.000E-008  6.236E+001  1.237E-012
 5.590E+013  1.000E-008  6.236E+001  6.183E-013
 5.610E+013  1.000E-008  6.236E+001 -6.183E-013
 5.630E+013  1.000E-008  6.236E+001  6.183E-013
 5.650E+013  1.000E-008  6.236E+001 -3.710E-012
 5.670E+013  1.000E-008  6.236E+001  3.710E-012
 5.690E+013  1.000E-008  6.236E+001  3.710E-012
 5.710E+013  1.000E-008  6.236E+001 -3.710E-012
 5.730E+013  1.000E-008  6.236E+001  4.328E-012
 5.750E+013  1.000E-008  6.236E+001 -9.274E-012
 5.770E+013  1.000E-008  6.236E+001 -6.182E-013
 5.790E+013  1.000E-008  6.236E+001  5.564E-012
 5.810E+013  1.000E-008  6.236E+001  2.963E-011
 5.830E+013  1.000E-008  6.236E+001 -2.963E-011
 5.850E+013  1.000E-008  6.236E+001  0.000E+000
 5.870E+013  1.000E-008  6.236E+001  0.000E+000
 5.890E+013  1.000E-008  6.236E+001  0.000E+000
 5.910E+013  1.000E-008  6.236E+001  0.000E+000
 5.930E+013  1.000E-008  6.236E+001  0.000E+000
 5.950E+013  1.000E-008  6.236E+001  0.000E+000
 5.970E+013  1.000E-008  6.236E+001  0.000E+000
 5.990E+013  1.000E-008  6.236E+001  0.000E+000
 6.010E+013  1.000E-008  6.236E+001  0.000E+000
 6.030E+013  1.000E-008  6.236E+001  6.183E-013
 6.050E+013  1.000E-008  6.236E+001 -6.183E-013
 6.070E+013  1.000E-008  6.236E+001  6.183E-013
 6.090E+013  1.000E-008  6.236E+001 -6.183E-013
 6.110E+013  1.000E-008  6.236E+001  0.000E+000
 6.130E+013  1.000E-008  6.236E+001  0.000E+000
 6.150E+013  1.000E-008  6.236E+001  0.000E+000
 6.170E+013  1.000E-008  6.236E+001  6.183E-013
 6.190E+013  1.000E-008  6.236E+001 -6.183E-013
 6.210E+013  1.000E-008  6.236E+001  0.000E+000
 6.230E+013  1.000E-008  6.236E+001  0.000E+000
 6.250E+013  1.000E-008  6.236E+001  0.000E+000
 6.270E+013  1.000E-008  6.236E+001  0.000E+000
 6.290E+013  1.000E-008  6.236E+001  0.000E+000
 6.310E+013  1.000E-008  6.236E+001  0.000E+000
 6.330E+013  1.000E-008  6.236E+001  0.000E+000
 6.350E+013  1.000E-008  6.236E+001  6.183E-013
 6.370E+013  1.000E-008  6.236E+001 -6.183E-013
 6.390E+013  1.000E-008  6.236E+001  0.000E+000
 6.410E+013  1.000E-008  6.236E+001  0.000E+000
 6.430E+013  1.000E-008  6.236E+001  0.000E+000
 6.450E+013  1.000E-008  6.236E+001  0.000E+000
 6.470E+013  1.000E-008  6.236E+001  6.183E-013
 6.490E+013  1.000E-008  6.236E+001 -6.183E-013
 6.510E+013  1.000E-008  6.236E+001  0.000E+000
 6.530E+013  1.000E-008  6.236E+001  0.000E+000
 6.550E+013  1.000E-008  6.236E+001  0.000E+000
 6.570E+013  1.000E-008  6.236E+001  0.000E+000
 6.590E+013  1.000E-008  6.236E+001  6.183E-013
 6.610E+013  1.000E-008  6.236E+001 -6.183E-013
 6.630E+013  1.000E-008  6.236E+001  0.000E+000
 6.650E+013  1.000E-008  6.236E+001  0.000E+000
 6.670E+013  1.000E-008  6.236E+001  0.000E+000
 6.690E+013  1.000E-008  6.236E+001  6.183E-013
 6.710E+013  1.000E-008  6.236E+001 -6.183E-013
 6.730E+013  1.000E-008  6.236E+001  0.000E+000
 6.750E+013  1.000E-008  6.236E+001  0.000E+000
 6.770E+013  1.000E-008  6.236E+001  6.183E-013
 6.790E+013  1.000E-008  6.236E+001 -6.183E-013
 6.810E+013  1.000E-008  6.236E+001  6.183E-013
 6.830E+013  1.000E-008  6.236E+001 -3.255E-034
 6.850E+013  1.000E-008  6.236E+001 -6.183E-013
 6.870E+013  1.000E-008  6.236E+001  0.000E+000
 6.890E+013  1.000E-008  6.236E+001  0.000E+000
 6.910E+013  1.000E-008  6.236E+001  0.000E+000
 6.930E+013  1.000E-008  6.236E+001  6.183E-013
 6.950E+013  1.000E-008  6.236E+001 -6.183E-013
 6.970E+013  1.000E-008  6.236E+001  0.000E+000
 6.990E+013  1.000E-008  6.236E+001  0.000E+000
 7.010E+013  1.000E-008  6.236E+001  0.000E+000
 7.030E+013  1.000E-008  6.236E+001  0.000E+000
 7.050E+013  1.000E-008  6.236E+001  0.000E+000
 7.070E+013  1.000E-008  6.236E+001  0.000E+000
 7.090E+013  1.000E-008  6.236E+001  0.000E+000
 7.110E+013  1.000E-008  6.236E+001  0.000E+000
 7.130E+013  1.000E-008  6.236E+001  0.000E+000
 7.150E+013  1.000E-008  6.236E+001  0.000E+000
 7.170E+013  1.000E-008  6.236E+001  0.000E+000
 7.190E+013  1.000E-008  6.236E+001  6.183E-013
 7.210E+013  1.000E-008  6.236E+001 -6.183E-013
 7.230E+013  1.000E-008  6.236E+001  0.000E+000
 7.250E+013  1.000E-008  6.236E+001  0.000E+000
 7.270E+013  1.000E-008  6.236E+001  1.237E-012
 7.290E+013  1.000E-008  6.236E+001 -1.220E-033
 7.310E+013  1.000E-008  6.236E+001 -1.237E-012
 7.330E+013  1.000E-008  6.236E+001 -2.776E-031
 7.350E+013  1.000E-008  6.236E+001 -6.183E-013
 7.370E+013  1.000E-008  6.236E+001  6.183E-013
 7.390E+013  1.000E-008  6.236E+001  2.773E-031
 7.410E+013  1.000E-008  6.236E+001  1.908E-068
 7.430E+013  1.000E-008  6.236E+001  4.199E-143
 7.450E+013  1.000E-008  6.236E+001  9.780E-293
 7.470E+013  1.000E-008  6.236E+001  0.000E+000
 7.490E+013  1.000E-008  6.236E+001  0.000E+000
 7.510E+013  1.000E-008  6.236E+001  0.000E+000
 7.530E+013  1.000E-008  6.236E+001  0.000E+000
 7.550E+013  1.000E-008  6.236E+001  0.000E+000
 7.570E+013  1.000E-008  6.236E+001  0.000E+000
 7.590E+013  1.000E-008  6.236E+001  0.000E+000
 7.610E+013  1.000E-008  6.236E+001  0.000E+000
 7.630E+013  1.000E-008  6.236E+001  0.000E+000
 7.650E+013  1.000E-008  6.236E+001  0.000E+000
 7.670E+013  1.000E-008  6.236E+001  1.237E-012
 7.690E+013  1.000E-008  6.236E+001 -1.237E-012
 7.710E+013  1.000E-008  6.236E+001  1.855E-012
 7.730E+013  1.000E-008  6.236E+001 -1.855E-012
 7.750E+013  1.000E-008  6.236E+001  6.573E-032
 7.770E+013  1.000E-008  6.236E+001  1.237E-012
 7.790E+013  1.000E-008  6.236E+001 -3.710E-012
 7.810E+013  1.000E-008  6.236E+001  3.710E-012
 7.830E+013  1.000E-008  6.236E+001 -1.237E-012
 7.850E+013  1.000E-008  6.236E+001 -1.348E-068
 7.870E+013  1.000E-008  6.236E+001 -2.331E-031
 7.890E+013  1.000E-008  6.236E+001 -6.183E-013
 7.910E+013  1.000E-008  6.236E+001 -3.091E-012
 7.930E+013  1.000E-008  6.236E+001  1.855E-012
 7.950E+013  1.000E-008  6.236E+001  1.855E-012
 7.970E+013  1.000E-008  6.236E+001 -2.473E-012
 7.990E+013  1.000E-008  6.236E+001  2.473E-012
 8.010E+013  1.000E-008  6.236E+001  4.437E-030
 8.030E+013  1.000E-008  6.236E+001  4.884E-066
 8.050E+013  1.000E-008  6.236E+001  2.752E-138
 8.070E+013  1.000E-008  6.236E+001 -4.523E-276
 8.090E+013  1.000E-008  6.236E+001 -9.030E-135
 8.110E+013  1.000E-008  6.236E+001 -2.798E-064
 8.130E+013  1.000E-008  6.236E+001 -3.358E-029
 8.150E+013  1.000E-008  6.236E+001 -6.801E-012
 8.170E+013  1.000E-008  6.236E+001  8.656E-012
 8.190E+013  1.000E-008  6.236E+001 -1.855E-012
 8.210E+013  1.000E-008  6.236E+001  0.000E+000
 8.230E+013  1.000E-008  6.236E+001  0.000E+000
 8.250E+013  1.000E-008  6.236E+001  0.000E+000
 8.270E+013  1.000E-008  6.236E+001  0.000E+000
 8.290E+013  1.000E-008  6.236E+001  2.473E-012
 8.310E+013  1.000E-008  6.236E+001 -2.473E-012
 8.330E+013  1.000E-008  6.236E+001 -2.696E-031
 8.350E+013  1.000E-008  6.236E+001  3.710E-012
 8.370E+013  1.000E-008  6.236E+001 -3.091E-012
 8.390E+013  1.000E-008  6.236E+001 -2.776E-031
 8.410E+013  1.000E-008  6.236E+001 -6.183E-013
 8.430E+013  1.000E-008  6.236E+001  6.183E-013
 8.450E+013  1.000E-008  6.236E+001 -2.630E-034
 8.470E+013  1.000E-008  6.236E+001 -6.183E-013
 8.490E+013  1.000E-008  6.236E+001 -1.309E-034
 8.510E+013  1.000E-008  6.236E+001  6.183E-013
 8.530E+013  1.000E-008  6.236E+001 -2.605E-034
 8.550E+013  1.000E-008  6.236E+001 -6.183E-013
 8.570E+013  1.000E-008  6.236E+001 -1.297E-034
 8.590E+013  1.000E-008  6.236E+001  6.183E-013
 8.610E+013  1.000E-008  6.236E+001 -6.183E-013
 8.630E+013  1.000E-008  6.236E+001  0.000E+000
 8.650E+013  1.000E-008  6.236E+001  0.000E+000
 8.670E+013  1.000E-008  6.236E+001  0.000E+000
 8.690E+013  1.000E-008  6.236E+001  0.000E+000
 8.710E+013  1.000E-008  6.236E+001  0.000E+000
 8.730E+013  1.000E-008  6.236E+001  0.000E+000
 8.750E+013  1.000E-008  6.236E+001  6.183E-013
 8.770E+013  1.000E-008  6.236E+001 -6.183E-013
 8.790E+013  1.000E-008  6.236E+001 -1.264E-034
 8.810E+013  1.000E-008  6.236E+001  6.183E-013
 8.830E+013  1.000E-008  6.236E+001 -6.183E-013
 8.850E+013  1.000E-008  6.236E+001  6.183E-013
 8.870E+013  1.000E-008  6.236E+001  6.183E-013
 8.890E+013  1.000E-008  6.236E+001 -1.237E-012
 8.910E+013  1.000E-008  6.236E+001  0.000E+000
 8.930E+013  1.000E-008  6.236E+001  0.000E+000
 8.950E+013  1.000E-008  6.236E+001  0.000E+000
 8.970E+013  1.000E-008  6.236E+001  0.000E+000
 8.990E+013  1.000E-008  6.236E+001  0.000E+000
 9.010E+013  1.000E-008  6.236E+001  6.183E-013
 9.030E+013  1.000E-008  6.236E+001 -2.461E-034
 9.050E+013  1.000E-008  6.236E+001 -6.183E-013
 9.070E+013  1.000E-008  6.236E+001  6.183E-013
 9.090E+013  1.000E-008  6.236E+001 -2.445E-034
 9.110E+013  1.000E-008  6.236E+001 -6.183E-013
 9.130E+013  1.000E-008  6.236E+001  0.000E+000
 9.150E+013  1.000E-008  6.236E+001  0.000E+000
 9.170E+013  1.000E-008  6.236E+001  0.000E+000
 9.190E+013  1.000E-008  6.236E+001  0.000E+000
 9.210E+013  1.000E-008  6.236E+001  0.000E+000
 9.230E+013  1.000E-008  6.236E+001  6.183E-013
 9.250E+013  1.000E-008  6.236E+001 -2.402E-034
 9.270E+013  1.000E-008  6.236E+001 -6.183E-013
 9.290E+013  1.000E-008  6.236E+001  0.000E+000
 9.310E+013  1.000E-008  6.236E+001  0.000E+000
 9.330E+013  1.000E-008  6.236E+001  0.000E+000
 9.350E+013  1.000E-008  6.236E+001  0.000E+000
 9.370E+013  1.000E-008  6.236E+001  6.183E-013
 9.390E+013  1.000E-008  6.236E+001 -6.183E-013
 9.410E+013  1.000E-008  6.236E+001  6.183E-013
 9.430E+013  1.000E-008  6.236E+001 -6.183E-013
 9.450E+013  1.000E-008  6.236E+001  0.000E+000
 9.470E+013  1.000E-008  6.236E+001  0.000E+000
 9.490E+013  1.000E-008  6.236E+001  0.000E+000
 9.510E+013  1.000E-008  6.236E+001  0.000E+000
 9.530E+013  1.000E-008  6.236E+001  6.183E-013
 9.550E+013  1.000E-008  6.236E+001 -6.183E-013
 9.570E+013  1.000E-008  6.236E+001 -1.911E-068
 9.590E+013  1.000E-008  6.236E+001 -2.776E-031
 9.610E+013  1.000E-008  6.236E+001 -6.183E-013
 9.630E+013  1.000E-008  6.236E+001  6.183E-013
 9.650E+013  1.000E-008  6.236E+001  2.774E-031
 9.670E+013  1.000E-008  6.236E+001  6.183E-013
 9.690E+013  1.000E-008  6.236E+001 -6.183E-013
 9.710E+013  1.000E-008  6.236E+001  0.000E+000
 9.730E+013  1.000E-008  6.236E+001  0.000E+000
 9.750E+013  1.000E-008  6.236E+001  0.000E+000
 9.770E+013  1.000E-008  6.236E+001  0.000E+000
 9.790E+013  1.000E-008  6.236E+001  0.000E+000
 9.810E+013  1.000E-008  6.236E+001  0.000E+000
 9.830E+013  1.000E-008  6.236E+001  0.000E+000
 9.850E+013  1.000E-008  6.236E+001  0.000E+000
 9.870E+013  1.000E-008  6.236E+001  0.000E+000
 9.890E+013  1.000E-008  6.236E+001  0.000E+000
 9.910E+013  1.000E-008  6.236E+001  0.000E+000
 9.930E+013  1.000E-008  6.236E+001  0.000E+000
 9.950E+013  1.000E-008  6.236E+001  6.183E-013
 9.970E+013  1.000E-008  6.236E+001 -6.183E-013
 9.990E+013  1.000E-008  6.236E+001  0.000E+000
 1.001E+014  1.000E-099  1.000E-099  0.000E+000
 1.003E+014  1.000E-099  1.000E-099  0.000E+000
 5.518E-003
