 2.400E+005
     x1b        dens       energ       v1
 1.000E+011  1.408E-011  6.236E+006  0.000E+000
 3.000E+011  1.412E-011  6.235E+006  8.550E+004
 5.000E+011  1.425E-011  6.235E+006  4.443E+005
 7.000E+011  1.448E-011  6.235E+006  5.810E+005
 9.000E+011  1.482E-011  6.235E+006  8.098E+005
 1.100E+012  1.522E-011  6.235E+006  9.971E+005
 1.300E+012  1.565E-011  6.235E+006  1.203E+006
 1.500E+012  1.610E-011  6.235E+006  1.401E+006
 1.700E+012  1.653E-011  6.236E+006  1.602E+006
 1.900E+012  1.692E-011  6.236E+006  1.802E+006
 2.100E+012  1.718E-011  6.236E+006  2.002E+006
 2.300E+012  1.728E-011  6.236E+006  2.202E+006
 2.500E+012  1.730E-011  6.236E+006  2.403E+006
 2.700E+012  1.730E-011  6.236E+006  2.603E+006
 2.900E+012  1.729E-011  6.236E+006  2.803E+006
 3.100E+012  1.728E-011  6.236E+006  3.003E+006
 3.300E+012  1.725E-011  6.236E+006  3.203E+006
 3.500E+012  1.721E-011  6.236E+006  3.404E+006
 3.700E+012  1.720E-011  6.236E+006  3.604E+006
 3.900E+012  1.720E-011  6.236E+006  3.804E+006
 4.100E+012  1.720E-011  6.236E+006  4.004E+006
 4.300E+012  1.721E-011  6.236E+006  4.205E+006
 4.500E+012  1.724E-011  6.236E+006  4.405E+006
 4.700E+012  1.729E-011  6.236E+006  4.605E+006
 4.900E+012  1.737E-011  6.236E+006  4.805E+006
 5.100E+012  1.751E-011  6.236E+006  5.006E+006
 5.300E+012  1.770E-011  6.237E+006  5.206E+006
 5.500E+012  1.796E-011  6.237E+006  5.406E+006
 5.700E+012  1.832E-011  6.237E+006  5.606E+006
 5.900E+012  1.878E-011  6.237E+006  5.807E+006
 6.100E+012  1.938E-011  6.237E+006  6.007E+006
 6.300E+012  2.012E-011  6.237E+006  6.208E+006
 6.500E+012  2.106E-011  6.237E+006  6.409E+006
 6.700E+012  2.221E-011  6.237E+006  6.610E+006
 6.900E+012  2.364E-011  6.237E+006  6.811E+006
 7.100E+012  2.538E-011  6.238E+006  7.013E+006
 7.300E+012  2.750E-011  6.238E+006  7.215E+006
 7.500E+012  3.008E-011  6.238E+006  7.417E+006
 7.700E+012  3.322E-011  6.238E+006  7.619E+006
 7.900E+012  3.700E-011  6.238E+006  7.822E+006
 8.100E+012  4.156E-011  6.239E+006  8.025E+006
 8.300E+012  4.701E-011  6.239E+006  8.228E+006
 8.500E+012  5.350E-011  6.240E+006  8.431E+006
 8.700E+012  6.114E-011  6.240E+006  8.633E+006
 8.900E+012  7.006E-011  6.241E+006  8.835E+006
 9.100E+012  8.033E-011  6.241E+006  9.037E+006
 9.300E+012  9.198E-011  6.242E+006  9.238E+006
 9.500E+012  1.050E-010  6.243E+006  9.438E+006
 9.700E+012  1.193E-010  6.244E+006  9.638E+006
 9.900E+012  1.348E-010  6.245E+006  9.837E+006
 1.010E+013  1.512E-010  6.246E+006  1.004E+007
 1.030E+013  1.685E-010  6.248E+006  1.023E+007
 1.050E+013  1.865E-010  6.250E+006  1.043E+007
 1.070E+013  2.050E-010  6.252E+006  1.063E+007
 1.090E+013  2.240E-010  6.254E+006  1.083E+007
 1.110E+013  2.435E-010  6.256E+006  1.103E+007
 1.130E+013  2.636E-010  6.259E+006  1.123E+007
 1.150E+013  2.842E-010  6.262E+006  1.143E+007
 1.170E+013  3.055E-010  6.265E+006  1.164E+007
 1.190E+013  3.277E-010  6.269E+006  1.184E+007
 1.210E+013  3.510E-010  6.273E+006  1.204E+007
 1.230E+013  3.754E-010  6.277E+006  1.224E+007
 1.250E+013  4.013E-010  6.282E+006  1.244E+007
 1.270E+013  4.289E-010  6.287E+006  1.265E+007
 1.290E+013  4.584E-010  6.292E+006  1.285E+007
 1.310E+013  4.899E-010  6.298E+006  1.306E+007
 1.330E+013  5.238E-010  6.305E+006  1.326E+007
 1.350E+013  5.602E-010  6.312E+006  1.347E+007
 1.370E+013  5.992E-010  6.319E+006  1.367E+007
 1.390E+013  6.411E-010  6.327E+006  1.388E+007
 1.410E+013  6.858E-010  6.336E+006  1.408E+007
 1.430E+013  7.335E-010  6.346E+006  1.429E+007
 1.450E+013  7.842E-010  6.357E+006  1.450E+007
 1.470E+013  8.379E-010  6.368E+006  1.471E+007
 1.490E+013  8.946E-010  6.381E+006  1.492E+007
 1.510E+013  9.542E-010  6.394E+006  1.513E+007
 1.530E+013  1.017E-009  6.408E+006  1.534E+007
 1.550E+013  1.082E-009  6.424E+006  1.555E+007
 1.570E+013  1.151E-009  6.441E+006  1.576E+007
 1.590E+013  1.222E-009  6.459E+006  1.597E+007
 1.610E+013  1.297E-009  6.479E+006  1.619E+007
 1.630E+013  1.375E-009  6.500E+006  1.640E+007
 1.650E+013  1.457E-009  6.523E+006  1.662E+007
 1.670E+013  1.544E-009  6.547E+006  1.684E+007
 1.690E+013  1.635E-009  6.573E+006  1.706E+007
 1.710E+013  1.732E-009  6.601E+006  1.728E+007
 1.730E+013  1.834E-009  6.631E+006  1.750E+007
 1.750E+013  1.942E-009  6.664E+006  1.773E+007
 1.770E+013  2.057E-009  6.698E+006  1.795E+007
 1.790E+013  2.179E-009  6.736E+006  1.818E+007
 1.810E+013  2.309E-009  6.776E+006  1.841E+007
 1.830E+013  2.446E-009  6.819E+006  1.865E+007
 1.850E+013  2.593E-009  6.865E+006  1.888E+007
 1.870E+013  2.749E-009  6.914E+006  1.912E+007
 1.890E+013  2.914E-009  6.968E+006  1.936E+007
 1.910E+013  3.089E-009  7.025E+006  1.961E+007
 1.930E+013  3.274E-009  7.087E+006  1.985E+007
 1.950E+013  3.471E-009  7.153E+006  2.010E+007
 1.970E+013  3.680E-009  7.224E+006  2.036E+007
 1.990E+013  3.901E-009  7.300E+006  2.061E+007
 2.010E+013  4.136E-009  7.382E+006  2.087E+007
 2.030E+013  4.386E-009  7.471E+006  2.114E+007
 2.050E+013  4.652E-009  7.566E+006  2.141E+007
 2.070E+013  4.934E-009  7.668E+006  2.168E+007
 2.090E+013  5.236E-009  7.778E+006  2.196E+007
 2.110E+013  5.558E-009  7.897E+006  2.224E+007
 2.130E+013  5.901E-009  8.024E+006  2.253E+007
 2.150E+013  6.269E-009  8.162E+006  2.283E+007
 2.170E+013  6.662E-009  8.311E+006  2.313E+007
 2.190E+013  7.084E-009  8.471E+006  2.343E+007
 2.210E+013  7.536E-009  8.644E+006  2.375E+007
 2.230E+013  8.021E-009  8.831E+006  2.407E+007
 2.250E+013  8.544E-009  9.034E+006  2.439E+007
 2.270E+013  9.108E-009  9.254E+006  2.473E+007
 2.290E+013  9.717E-009  9.492E+006  2.507E+007
 2.310E+013  1.038E-008  9.750E+006  2.542E+007
 2.330E+013  1.109E-008  1.003E+007  2.578E+007
 2.350E+013  1.187E-008  1.033E+007  2.615E+007
 2.370E+013  1.272E-008  1.067E+007  2.653E+007
 2.390E+013  1.366E-008  1.103E+007  2.691E+007
 2.410E+013  1.468E-008  1.142E+007  2.731E+007
 2.430E+013  1.580E-008  1.185E+007  2.771E+007
 2.450E+013  1.703E-008  1.232E+007  2.812E+007
 2.470E+013  1.840E-008  1.284E+007  2.854E+007
 2.490E+013  1.991E-008  1.339E+007  2.897E+007
 2.510E+013  2.158E-008  1.401E+007  2.940E+007
 2.530E+013  2.346E-008  1.471E+007  2.985E+007
 2.550E+013  2.554E-008  1.546E+007  3.034E+007
 2.570E+013  2.771E-008  1.616E+007  3.073E+007
 2.590E+013  3.044E-008  1.726E+007  3.112E+007
 2.610E+013  3.396E-008  1.895E+007  3.207E+007
 2.630E+013  3.516E-008  1.868E+007  3.260E+007
 2.650E+013  3.167E-008  1.384E+007  3.118E+007
 2.670E+013  2.051E-008  4.832E+006  2.548E+007
 2.690E+013  1.270E-008  5.105E+005  1.473E+007
 2.710E+013  1.033E-008  4.078E+003  3.782E+006
 2.730E+013  1.001E-008  6.247E+001  1.284E+005
 2.750E+013  1.000E-008  6.236E+001  5.994E+001
 2.770E+013  1.000E-008  6.236E+001  6.536E-006
 2.790E+013  1.000E-008  6.236E+001  5.525E-014
 2.810E+013  1.000E-008  6.236E+001  5.843E-036
 2.830E+013  1.000E-008  6.236E+001  4.263E-012
 2.850E+013  1.000E-008  6.236E+001 -8.527E-013
 2.870E+013  1.000E-008  6.236E+001 -3.411E-012
 2.890E+013  1.000E-008  6.236E+001 -1.140E-030
 2.910E+013  1.000E-008  6.236E+001  5.969E-012
 2.930E+013  1.000E-008  6.236E+001 -5.969E-012
 2.950E+013  1.000E-008  6.236E+001  0.000E+000
 2.970E+013  1.000E-008  6.236E+001  0.000E+000
 2.990E+013  1.000E-008  6.236E+001  0.000E+000
 3.010E+013  1.000E-008  6.236E+001  8.527E-013
 3.030E+013  1.000E-008  6.236E+001 -8.527E-013
 3.050E+013  1.000E-008  6.236E+001  8.527E-013
 3.070E+013  1.000E-008  6.236E+001 -8.527E-013
 3.090E+013  1.000E-008  6.236E+001  8.527E-013
 3.110E+013  1.000E-008  6.236E+001  8.527E-013
 3.130E+013  1.000E-008  6.236E+001 -1.705E-012
 3.150E+013  1.000E-008  6.236E+001  0.000E+000
 3.170E+013  1.000E-008  6.236E+001  0.000E+000
 3.190E+013  1.000E-008  6.236E+001  0.000E+000
 3.210E+013  1.000E-008  6.236E+001  0.000E+000
 3.230E+013  1.000E-008  6.236E+001  0.000E+000
 3.250E+013  1.000E-008  6.236E+001  0.000E+000
 3.270E+013  1.000E-008  6.236E+001 -2.120E-288
 3.290E+013  1.000E-008  6.236E+001 -5.257E-141
 3.310E+013  1.000E-008  6.236E+001 -1.817E-067
 3.330E+013  1.000E-008  6.236E+001 -7.285E-031
 3.350E+013  1.000E-008  6.236E+001 -8.527E-013
 3.370E+013  1.000E-008  6.236E+001  8.527E-013
 3.390E+013  1.000E-008  6.236E+001  7.268E-031
 3.410E+013  1.000E-008  6.236E+001  1.808E-067
 3.430E+013  1.000E-008  6.236E+001  5.207E-141
 3.450E+013  1.000E-008  6.236E+001  1.705E-012
 3.470E+013  1.000E-008  6.236E+001 -1.705E-012
 3.490E+013  1.000E-008  6.236E+001  0.000E+000
 3.510E+013  1.000E-008  6.236E+001  0.000E+000
 3.530E+013  1.000E-008  6.236E+001  0.000E+000
 3.550E+013  1.000E-008  6.236E+001  0.000E+000
 3.570E+013  1.000E-008  6.236E+001  1.705E-012
 3.590E+013  1.000E-008  6.236E+001 -8.527E-013
 3.610E+013  1.000E-008  6.236E+001 -7.285E-031
 3.630E+013  1.000E-008  6.236E+001 -8.527E-013
 3.650E+013  1.000E-008  6.236E+001 -8.527E-013
 3.670E+013  1.000E-008  6.236E+001  8.527E-013
 3.690E+013  1.000E-008  6.236E+001  8.527E-013
 3.710E+013  1.000E-008  6.236E+001 -8.527E-013
 3.730E+013  1.000E-008  6.236E+001 -7.824E-034
 3.750E+013  1.000E-008  6.236E+001  8.527E-013
 3.770E+013  1.000E-008  6.236E+001 -8.527E-013
 3.790E+013  1.000E-008  6.236E+001  0.000E+000
 3.810E+013  1.000E-008  6.236E+001  0.000E+000
 3.830E+013  1.000E-008  6.236E+001  8.527E-013
 3.850E+013  1.000E-008  6.236E+001 -8.527E-013
 3.870E+013  1.000E-008  6.236E+001 -7.284E-031
 3.890E+013  1.000E-008  6.236E+001 -8.527E-013
 3.910E+013  1.000E-008  6.236E+001 -2.205E-031
 3.930E+013  1.000E-008  6.236E+001  2.558E-012
 3.950E+013  1.000E-008  6.236E+001 -8.527E-013
 3.970E+013  1.000E-008  6.236E+001  2.558E-012
 3.990E+013  1.000E-008  6.236E+001 -3.411E-012
 4.010E+013  1.000E-008  6.236E+001  0.000E+000
 4.030E+013  1.000E-008  6.236E+001  0.000E+000
 4.050E+013  1.000E-008  6.236E+001  0.000E+000
 4.070E+013  1.000E-008  6.236E+001  0.000E+000
 4.090E+013  1.000E-008  6.236E+001  3.153E-011
 4.110E+013  1.000E-008  6.236E+001 -3.153E-011
 4.130E+013  1.000E-008  6.236E+001  2.216E-011
 4.150E+013  1.000E-008  6.236E+001 -2.216E-011
 4.170E+013  1.000E-008  6.236E+001  7.674E-012
 4.190E+013  1.000E-008  6.236E+001 -6.821E-012
 4.210E+013  1.000E-008  6.236E+001 -7.284E-031
 4.230E+013  1.000E-008  6.236E+001 -8.527E-013
 4.250E+013  1.000E-008  6.236E+001  0.000E+000
 4.270E+013  1.000E-008  6.236E+001  0.000E+000
 4.290E+013  1.000E-008  6.236E+001  0.000E+000
 4.310E+013  1.000E-008  6.236E+001  0.000E+000
 4.330E+013  1.000E-008  6.236E+001  0.000E+000
 4.350E+013  1.000E-008  6.236E+001  0.000E+000
 4.370E+013  1.000E-008  6.236E+001  0.000E+000
 4.390E+013  1.000E-008  6.236E+001  0.000E+000
 4.410E+013  1.000E-008  6.236E+001  0.000E+000
 4.430E+013  1.000E-008  6.236E+001  0.000E+000
 4.450E+013  1.000E-008  6.236E+001  0.000E+000
 4.470E+013  1.000E-008  6.236E+001  8.527E-013
 4.490E+013  1.000E-008  6.236E+001 -1.299E-033
 4.510E+013  1.000E-008  6.236E+001 -8.527E-013
 4.530E+013  1.000E-008  6.236E+001 -2.114E-288
 4.550E+013  1.000E-008  6.236E+001 -5.250E-141
 4.570E+013  1.000E-008  6.236E+001 -1.815E-067
 4.590E+013  1.000E-008  6.236E+001 -7.283E-031
 4.610E+013  1.000E-008  6.236E+001 -8.527E-013
 4.630E+013  1.000E-008  6.236E+001  8.527E-013
 4.650E+013  1.000E-008  6.236E+001  8.527E-013
 4.670E+013  1.000E-008  6.236E+001 -8.527E-013
 4.690E+013  1.000E-008  6.236E+001  8.527E-013
 4.710E+013  1.000E-008  6.236E+001 -8.527E-013
 4.730E+013  1.000E-008  6.236E+001  0.000E+000
 4.750E+013  1.000E-008  6.236E+001  0.000E+000
 4.770E+013  1.000E-008  6.236E+001  0.000E+000
 4.790E+013  1.000E-008  6.236E+001  8.527E-013
 4.810E+013  1.000E-008  6.236E+001 -8.527E-013
 4.830E+013  1.000E-008  6.236E+001 -6.039E-034
 4.850E+013  1.000E-008  6.236E+001  8.527E-013
 4.870E+013  1.000E-008  6.236E+001 -8.527E-013
 4.890E+013  1.000E-008  6.236E+001  0.000E+000
 4.910E+013  1.000E-008  6.236E+001  0.000E+000
 4.930E+013  1.000E-008  6.236E+001  0.000E+000
 4.950E+013  1.000E-008  6.236E+001  0.000E+000
 4.970E+013  1.000E-008  6.236E+001  0.000E+000
 4.990E+013  1.000E-008  6.236E+001  1.705E-012
 5.010E+013  1.000E-008  6.236E+001 -2.558E-012
 5.030E+013  1.000E-008  6.236E+001  8.527E-013
 5.050E+013  1.000E-008  6.236E+001  7.271E-031
 5.070E+013  1.000E-008  6.236E+001  1.809E-067
 5.090E+013  1.000E-008  6.236E+001  5.215E-141
 5.110E+013  1.000E-008  6.236E+001  8.527E-013
 5.130E+013  1.000E-008  6.236E+001 -8.527E-013
 5.150E+013  1.000E-008  6.236E+001  0.000E+000
 5.170E+013  1.000E-008  6.236E+001  0.000E+000
 5.190E+013  1.000E-008  6.236E+001 -2.113E-288
 5.210E+013  1.000E-008  6.236E+001 -5.248E-141
 5.230E+013  1.000E-008  6.236E+001 -1.815E-067
 5.250E+013  1.000E-008  6.236E+001 -7.282E-031
 5.270E+013  1.000E-008  6.236E+001 -8.527E-013
 5.290E+013  1.000E-008  6.236E+001  8.527E-013
 5.310E+013  1.000E-008  6.236E+001  7.271E-031
 5.330E+013  1.000E-008  6.236E+001  1.810E-067
 5.350E+013  1.000E-008  6.236E+001  1.705E-012
 5.370E+013  1.000E-008  6.236E+001 -1.705E-012
 5.390E+013  1.000E-008  6.236E+001  9.594E-032
 5.410E+013  1.000E-008  6.236E+001  8.527E-013
 5.430E+013  1.000E-008  6.236E+001  8.527E-013
 5.450E+013  1.000E-008  6.236E+001  8.527E-013
 5.470E+013  1.000E-008  6.236E+001 -2.558E-012
 5.490E+013  1.000E-008  6.236E+001 -7.282E-031
 5.510E+013  1.000E-008  6.236E+001 -8.527E-013
 5.530E+013  1.000E-008  6.236E+001  1.705E-012
 5.550E+013  1.000E-008  6.236E+001 -3.411E-012
 5.570E+013  1.000E-008  6.236E+001  1.705E-012
 5.590E+013  1.000E-008  6.236E+001  8.527E-013
 5.610E+013  1.000E-008  6.236E+001 -8.527E-013
 5.630E+013  1.000E-008  6.236E+001  8.527E-013
 5.650E+013  1.000E-008  6.236E+001 -5.116E-012
 5.670E+013  1.000E-008  6.236E+001  5.116E-012
 5.690E+013  1.000E-008  6.236E+001  5.116E-012
 5.710E+013  1.000E-008  6.236E+001 -5.116E-012
 5.730E+013  1.000E-008  6.236E+001  5.969E-012
 5.750E+013  1.000E-008  6.236E+001 -1.279E-011
 5.770E+013  1.000E-008  6.236E+001 -8.526E-013
 5.790E+013  1.000E-008  6.236E+001  7.674E-012
 5.810E+013  1.000E-008  6.236E+001  4.088E-011
 5.830E+013  1.000E-008  6.236E+001 -4.088E-011
 5.850E+013  1.000E-008  6.236E+001  0.000E+000
 5.870E+013  1.000E-008  6.236E+001  0.000E+000
 5.890E+013  1.000E-008  6.236E+001  0.000E+000
 5.910E+013  1.000E-008  6.236E+001  0.000E+000
 5.930E+013  1.000E-008  6.236E+001  0.000E+000
 5.950E+013  1.000E-008  6.236E+001  0.000E+000
 5.970E+013  1.000E-008  6.236E+001  0.000E+000
 5.990E+013  1.000E-008  6.236E+001  0.000E+000
 6.010E+013  1.000E-008  6.236E+001  0.000E+000
 6.030E+013  1.000E-008  6.236E+001  8.527E-013
 6.050E+013  1.000E-008  6.236E+001 -8.527E-013
 6.070E+013  1.000E-008  6.236E+001  8.527E-013
 6.090E+013  1.000E-008  6.236E+001 -8.527E-013
 6.110E+013  1.000E-008  6.236E+001  0.000E+000
 6.130E+013  1.000E-008  6.236E+001  0.000E+000
 6.150E+013  1.000E-008  6.236E+001  0.000E+000
 6.170E+013  1.000E-008  6.236E+001  8.527E-013
 6.190E+013  1.000E-008  6.236E+001 -8.527E-013
 6.210E+013  1.000E-008  6.236E+001  0.000E+000
 6.230E+013  1.000E-008  6.236E+001  0.000E+000
 6.250E+013  1.000E-008  6.236E+001  0.000E+000
 6.270E+013  1.000E-008  6.236E+001  0.000E+000
 6.290E+013  1.000E-008  6.236E+001  0.000E+000
 6.310E+013  1.000E-008  6.236E+001  0.000E+000
 6.330E+013  1.000E-008  6.236E+001  0.000E+000
 6.350E+013  1.000E-008  6.236E+001  8.527E-013
 6.370E+013  1.000E-008  6.236E+001 -8.527E-013
 6.390E+013  1.000E-008  6.236E+001  0.000E+000
 6.410E+013  1.000E-008  6.236E+001  0.000E+000
 6.430E+013  1.000E-008  6.236E+001  0.000E+000
 6.450E+013  1.000E-008  6.236E+001  0.000E+000
 6.470E+013  1.000E-008  6.236E+001  8.527E-013
 6.490E+013  1.000E-008  6.236E+001 -8.527E-013
 6.510E+013  1.000E-008  6.236E+001  0.000E+000
 6.530E+013  1.000E-008  6.236E+001  0.000E+000
 6.550E+013  1.000E-008  6.236E+001  0.000E+000
 6.570E+013  1.000E-008  6.236E+001  0.000E+000
 6.590E+013  1.000E-008  6.236E+001  8.527E-013
 6.610E+013  1.000E-008  6.236E+001 -8.527E-013
 6.630E+013  1.000E-008  6.236E+001  0.000E+000
 6.650E+013  1.000E-008  6.236E+001  0.000E+000
 6.670E+013  1.000E-008  6.236E+001  0.000E+000
 6.690E+013  1.000E-008  6.236E+001  8.527E-013
 6.710E+013  1.000E-008  6.236E+001 -8.527E-013
 6.730E+013  1.000E-008  6.236E+001  0.000E+000
 6.750E+013  1.000E-008  6.236E+001  0.000E+000
 6.770E+013  1.000E-008  6.236E+001  8.527E-013
 6.790E+013  1.000E-008  6.236E+001 -8.527E-013
 6.810E+013  1.000E-008  6.236E+001  8.527E-013
 6.830E+013  1.000E-008  6.236E+001 -8.536E-034
 6.850E+013  1.000E-008  6.236E+001 -8.527E-013
 6.870E+013  1.000E-008  6.236E+001  0.000E+000
 6.890E+013  1.000E-008  6.236E+001  0.000E+000
 6.910E+013  1.000E-008  6.236E+001  0.000E+000
 6.930E+013  1.000E-008  6.236E+001  8.527E-013
 6.950E+013  1.000E-008  6.236E+001 -8.527E-013
 6.970E+013  1.000E-008  6.236E+001  0.000E+000
 6.990E+013  1.000E-008  6.236E+001  0.000E+000
 7.010E+013  1.000E-008  6.236E+001  0.000E+000
 7.030E+013  1.000E-008  6.236E+001  0.000E+000
 7.050E+013  1.000E-008  6.236E+001  0.000E+000
 7.070E+013  1.000E-008  6.236E+001  0.000E+000
 7.090E+013  1.000E-008  6.236E+001  0.000E+000
 7.110E+013  1.000E-008  6.236E+001  0.000E+000
 7.130E+013  1.000E-008  6.236E+001  0.000E+000
 7.150E+013  1.000E-008  6.236E+001  0.000E+000
 7.170E+013  1.000E-008  6.236E+001  0.000E+000
 7.190E+013  1.000E-008  6.236E+001  8.527E-013
 7.210E+013  1.000E-008  6.236E+001 -8.527E-013
 7.230E+013  1.000E-008  6.236E+001  0.000E+000
 7.250E+013  1.000E-008  6.236E+001  0.000E+000
 7.270E+013  1.000E-008  6.236E+001  1.705E-012
 7.290E+013  1.000E-008  6.236E+001 -3.199E-033
 7.310E+013  1.000E-008  6.236E+001 -1.705E-012
 7.330E+013  1.000E-008  6.236E+001 -7.281E-031
 7.350E+013  1.000E-008  6.236E+001 -8.527E-013
 7.370E+013  1.000E-008  6.236E+001  8.527E-013
 7.390E+013  1.000E-008  6.236E+001  7.273E-031
 7.410E+013  1.000E-008  6.236E+001  1.810E-067
 7.430E+013  1.000E-008  6.236E+001  5.221E-141
 7.450E+013  1.000E-008  6.236E+001  2.091E-288
 7.470E+013  1.000E-008  6.236E+001  0.000E+000
 7.490E+013  1.000E-008  6.236E+001  0.000E+000
 7.510E+013  1.000E-008  6.236E+001  0.000E+000
 7.530E+013  1.000E-008  6.236E+001  0.000E+000
 7.550E+013  1.000E-008  6.236E+001  0.000E+000
 7.570E+013  1.000E-008  6.236E+001  0.000E+000
 7.590E+013  1.000E-008  6.236E+001  0.000E+000
 7.610E+013  1.000E-008  6.236E+001  0.000E+000
 7.630E+013  1.000E-008  6.236E+001  0.000E+000
 7.650E+013  1.000E-008  6.236E+001  0.000E+000
 7.670E+013  1.000E-008  6.236E+001  1.705E-012
 7.690E+013  1.000E-008  6.236E+001 -1.705E-012
 7.710E+013  1.000E-008  6.236E+001  2.558E-012
 7.730E+013  1.000E-008  6.236E+001 -2.558E-012
 7.750E+013  1.000E-008  6.236E+001  1.724E-031
 7.770E+013  1.000E-008  6.236E+001  1.705E-012
 7.790E+013  1.000E-008  6.236E+001 -5.116E-012
 7.810E+013  1.000E-008  6.236E+001  5.116E-012
 7.830E+013  1.000E-008  6.236E+001 -1.705E-012
 7.850E+013  1.000E-008  6.236E+001 -1.279E-067
 7.870E+013  1.000E-008  6.236E+001 -6.113E-031
 7.890E+013  1.000E-008  6.236E+001 -8.527E-013
 7.910E+013  1.000E-008  6.236E+001 -4.263E-012
 7.930E+013  1.000E-008  6.236E+001  2.558E-012
 7.950E+013  1.000E-008  6.236E+001  2.558E-012
 7.970E+013  1.000E-008  6.236E+001 -3.411E-012
 7.990E+013  1.000E-008  6.236E+001  3.411E-012
 8.010E+013  1.000E-008  6.236E+001  1.164E-029
 8.030E+013  1.000E-008  6.236E+001  4.635E-065
 8.050E+013  1.000E-008  6.236E+001  3.422E-136
 8.070E+013  1.000E-008  6.236E+001 -9.674E-272
 8.090E+013  1.000E-008  6.236E+001 -1.123E-132
 8.110E+013  1.000E-008  6.236E+001 -2.655E-063
 8.130E+013  1.000E-008  6.236E+001 -8.808E-029
 8.150E+013  1.000E-008  6.236E+001 -9.379E-012
 8.170E+013  1.000E-008  6.236E+001  1.194E-011
 8.190E+013  1.000E-008  6.236E+001 -2.558E-012
 8.210E+013  1.000E-008  6.236E+001  0.000E+000
 8.230E+013  1.000E-008  6.236E+001  0.000E+000
 8.250E+013  1.000E-008  6.236E+001  0.000E+000
 8.270E+013  1.000E-008  6.236E+001  0.000E+000
 8.290E+013  1.000E-008  6.236E+001  3.411E-012
 8.310E+013  1.000E-008  6.236E+001 -3.411E-012
 8.330E+013  1.000E-008  6.236E+001 -7.069E-031
 8.350E+013  1.000E-008  6.236E+001  5.116E-012
 8.370E+013  1.000E-008  6.236E+001 -4.263E-012
 8.390E+013  1.000E-008  6.236E+001 -7.280E-031
 8.410E+013  1.000E-008  6.236E+001 -8.527E-013
 8.430E+013  1.000E-008  6.236E+001  8.527E-013
 8.450E+013  1.000E-008  6.236E+001 -6.897E-034
 8.470E+013  1.000E-008  6.236E+001 -8.527E-013
 8.490E+013  1.000E-008  6.236E+001 -3.432E-034
 8.510E+013  1.000E-008  6.236E+001  8.527E-013
 8.530E+013  1.000E-008  6.236E+001 -6.833E-034
 8.550E+013  1.000E-008  6.236E+001 -8.527E-013
 8.570E+013  1.000E-008  6.236E+001 -3.400E-034
 8.590E+013  1.000E-008  6.236E+001  8.527E-013
 8.610E+013  1.000E-008  6.236E+001 -8.527E-013
 8.630E+013  1.000E-008  6.236E+001  0.000E+000
 8.650E+013  1.000E-008  6.236E+001  0.000E+000
 8.670E+013  1.000E-008  6.236E+001  0.000E+000
 8.690E+013  1.000E-008  6.236E+001  0.000E+000
 8.710E+013  1.000E-008  6.236E+001  0.000E+000
 8.730E+013  1.000E-008  6.236E+001  0.000E+000
 8.750E+013  1.000E-008  6.236E+001  8.527E-013
 8.770E+013  1.000E-008  6.236E+001 -8.527E-013
 8.790E+013  1.000E-008  6.236E+001 -3.315E-034
 8.810E+013  1.000E-008  6.236E+001  8.527E-013
 8.830E+013  1.000E-008  6.236E+001 -8.527E-013
 8.850E+013  1.000E-008  6.236E+001  8.527E-013
 8.870E+013  1.000E-008  6.236E+001  8.527E-013
 8.890E+013  1.000E-008  6.236E+001 -1.705E-012
 8.910E+013  1.000E-008  6.236E+001  0.000E+000
 8.930E+013  1.000E-008  6.236E+001  0.000E+000
 8.950E+013  1.000E-008  6.236E+001  0.000E+000
 8.970E+013  1.000E-008  6.236E+001  0.000E+000
 8.990E+013  1.000E-008  6.236E+001  0.000E+000
 9.010E+013  1.000E-008  6.236E+001  8.527E-013
 9.030E+013  1.000E-008  6.236E+001 -6.454E-034
 9.050E+013  1.000E-008  6.236E+001 -8.527E-013
 9.070E+013  1.000E-008  6.236E+001  8.527E-013
 9.090E+013  1.000E-008  6.236E+001 -6.411E-034
 9.110E+013  1.000E-008  6.236E+001 -8.527E-013
 9.130E+013  1.000E-008  6.236E+001  0.000E+000
 9.150E+013  1.000E-008  6.236E+001  0.000E+000
 9.170E+013  1.000E-008  6.236E+001  0.000E+000
 9.190E+013  1.000E-008  6.236E+001  0.000E+000
 9.210E+013  1.000E-008  6.236E+001  0.000E+000
 9.230E+013  1.000E-008  6.236E+001  8.527E-013
 9.250E+013  1.000E-008  6.236E+001 -6.300E-034
 9.270E+013  1.000E-008  6.236E+001 -8.527E-013
 9.290E+013  1.000E-008  6.236E+001  0.000E+000
 9.310E+013  1.000E-008  6.236E+001  0.000E+000
 9.330E+013  1.000E-008  6.236E+001  0.000E+000
 9.350E+013  1.000E-008  6.236E+001  0.000E+000
 9.370E+013  1.000E-008  6.236E+001  8.527E-013
 9.390E+013  1.000E-008  6.236E+001 -8.527E-013
 9.410E+013  1.000E-008  6.236E+001  8.527E-013
 9.430E+013  1.000E-008  6.236E+001 -8.527E-013
 9.450E+013  1.000E-008  6.236E+001  0.000E+000
 9.470E+013  1.000E-008  6.236E+001  0.000E+000
 9.490E+013  1.000E-008  6.236E+001  0.000E+000
 9.510E+013  1.000E-008  6.236E+001  0.000E+000
 9.530E+013  1.000E-008  6.236E+001  8.527E-013
 9.550E+013  1.000E-008  6.236E+001 -8.527E-013
 9.570E+013  1.000E-008  6.236E+001 -1.814E-067
 9.590E+013  1.000E-008  6.236E+001 -7.280E-031
 9.610E+013  1.000E-008  6.236E+001 -8.527E-013
 9.630E+013  1.000E-008  6.236E+001  8.527E-013
 9.650E+013  1.000E-008  6.236E+001  7.274E-031
 9.670E+013  1.000E-008  6.236E+001  8.527E-013
 9.690E+013  1.000E-008  6.236E+001 -8.527E-013
 9.710E+013  1.000E-008  6.236E+001  0.000E+000
 9.730E+013  1.000E-008  6.236E+001  0.000E+000
 9.750E+013  1.000E-008  6.236E+001  0.000E+000
 9.770E+013  1.000E-008  6.236E+001  0.000E+000
 9.790E+013  1.000E-008  6.236E+001  0.000E+000
 9.810E+013  1.000E-008  6.236E+001  0.000E+000
 9.830E+013  1.000E-008  6.236E+001  0.000E+000
 9.850E+013  1.000E-008  6.236E+001  0.000E+000
 9.870E+013  1.000E-008  6.236E+001  0.000E+000
 9.890E+013  1.000E-008  6.236E+001  0.000E+000
 9.910E+013  1.000E-008  6.236E+001  0.000E+000
 9.930E+013  1.000E-008  6.236E+001  0.000E+000
 9.950E+013  1.000E-008  6.236E+001  8.527E-013
 9.970E+013  1.000E-008  6.236E+001 -8.527E-013
 9.990E+013  1.000E-008  6.236E+001  0.000E+000
 1.001E+014  1.000E-099  1.000E-099  0.000E+000
 1.003E+014  1.000E-099  1.000E-099  0.000E+000
 7.611E-003
