 9.008E+004
     x1b        dens       energ       v1
 1.000E+011  2.846E-011  2.015E+007  0.000E+000
 3.000E+011  2.864E-011  2.017E+007  1.044E+006
 5.000E+011  2.912E-011  2.016E+007  8.653E+005
 7.000E+011  2.995E-011  2.016E+007  1.663E+006
 9.000E+011  3.099E-011  2.016E+007  2.078E+006
 1.100E+012  3.210E-011  2.016E+007  2.651E+006
 1.300E+012  3.320E-011  2.016E+007  3.162E+006
 1.500E+012  3.418E-011  2.016E+007  3.696E+006
 1.700E+012  3.481E-011  2.016E+007  4.221E+006
 1.900E+012  3.498E-011  2.016E+007  4.749E+006
 2.100E+012  3.499E-011  2.017E+007  5.277E+006
 2.300E+012  3.498E-011  2.017E+007  5.804E+006
 2.500E+012  3.493E-011  2.017E+007  6.332E+006
 2.700E+012  3.485E-011  2.017E+007  6.860E+006
 2.900E+012  3.478E-011  2.017E+007  7.388E+006
 3.100E+012  3.477E-011  2.017E+007  7.916E+006
 3.300E+012  3.478E-011  2.017E+007  8.444E+006
 3.500E+012  3.483E-011  2.017E+007  8.971E+006
 3.700E+012  3.494E-011  2.017E+007  9.499E+006
 3.900E+012  3.516E-011  2.017E+007  1.003E+007
 4.100E+012  3.554E-011  2.017E+007  1.056E+007
 4.300E+012  3.613E-011  2.017E+007  1.108E+007
 4.500E+012  3.700E-011  2.017E+007  1.161E+007
 4.700E+012  3.822E-011  2.018E+007  1.214E+007
 4.900E+012  3.988E-011  2.018E+007  1.267E+007
 5.100E+012  4.209E-011  2.018E+007  1.320E+007
 5.300E+012  4.500E-011  2.018E+007  1.373E+007
 5.500E+012  4.878E-011  2.018E+007  1.426E+007
 5.700E+012  5.366E-011  2.018E+007  1.480E+007
 5.900E+012  5.993E-011  2.019E+007  1.533E+007
 6.100E+012  6.795E-011  2.019E+007  1.587E+007
 6.300E+012  7.814E-011  2.019E+007  1.641E+007
 6.500E+012  9.100E-011  2.019E+007  1.695E+007
 6.700E+012  1.071E-010  2.020E+007  1.749E+007
 6.900E+012  1.269E-010  2.020E+007  1.803E+007
 7.100E+012  1.508E-010  2.021E+007  1.857E+007
 7.300E+012  1.792E-010  2.022E+007  1.910E+007
 7.500E+012  2.120E-010  2.023E+007  1.963E+007
 7.700E+012  2.489E-010  2.024E+007  2.016E+007
 7.900E+012  2.894E-010  2.025E+007  2.068E+007
 8.100E+012  3.328E-010  2.027E+007  2.121E+007
 8.300E+012  3.787E-010  2.029E+007  2.173E+007
 8.500E+012  4.264E-010  2.031E+007  2.226E+007
 8.700E+012  4.759E-010  2.034E+007  2.279E+007
 8.900E+012  5.271E-010  2.037E+007  2.333E+007
 9.100E+012  5.804E-010  2.040E+007  2.386E+007
 9.300E+012  6.363E-010  2.044E+007  2.440E+007
 9.500E+012  6.954E-010  2.048E+007  2.494E+007
 9.700E+012  7.586E-010  2.053E+007  2.549E+007
 9.900E+012  8.267E-010  2.058E+007  2.604E+007
 1.010E+013  9.008E-010  2.064E+007  2.659E+007
 1.030E+013  9.817E-010  2.071E+007  2.715E+007
 1.050E+013  1.071E-009  2.078E+007  2.771E+007
 1.070E+013  1.168E-009  2.086E+007  2.828E+007
 1.090E+013  1.276E-009  2.095E+007  2.884E+007
 1.110E+013  1.394E-009  2.105E+007  2.942E+007
 1.130E+013  1.522E-009  2.116E+007  3.000E+007
 1.150E+013  1.662E-009  2.128E+007  3.058E+007
 1.170E+013  1.813E-009  2.142E+007  3.117E+007
 1.190E+013  1.976E-009  2.158E+007  3.177E+007
 1.210E+013  2.151E-009  2.175E+007  3.237E+007
 1.230E+013  2.338E-009  2.194E+007  3.299E+007
 1.250E+013  2.538E-009  2.215E+007  3.361E+007
 1.270E+013  2.752E-009  2.238E+007  3.424E+007
 1.290E+013  2.983E-009  2.264E+007  3.489E+007
 1.310E+013  3.233E-009  2.292E+007  3.554E+007
 1.330E+013  3.505E-009  2.324E+007  3.621E+007
 1.350E+013  3.801E-009  2.359E+007  3.689E+007
 1.370E+013  4.126E-009  2.397E+007  3.758E+007
 1.390E+013  4.485E-009  2.440E+007  3.829E+007
 1.410E+013  4.880E-009  2.488E+007  3.902E+007
 1.430E+013  5.318E-009  2.540E+007  3.976E+007
 1.450E+013  5.803E-009  2.599E+007  4.053E+007
 1.470E+013  6.341E-009  2.665E+007  4.131E+007
 1.490E+013  6.939E-009  2.738E+007  4.212E+007
 1.510E+013  7.603E-009  2.821E+007  4.295E+007
 1.530E+013  8.345E-009  2.913E+007  4.381E+007
 1.550E+013  9.174E-009  3.017E+007  4.469E+007
 1.570E+013  1.011E-008  3.135E+007  4.562E+007
 1.590E+013  1.116E-008  3.268E+007  4.657E+007
 1.610E+013  1.235E-008  3.420E+007  4.756E+007
 1.630E+013  1.371E-008  3.594E+007  4.861E+007
 1.650E+013  1.526E-008  3.788E+007  4.968E+007
 1.670E+013  1.705E-008  4.012E+007  5.076E+007
 1.690E+013  1.915E-008  4.285E+007  5.197E+007
 1.710E+013  2.151E-008  4.571E+007  5.324E+007
 1.730E+013  2.411E-008  4.855E+007  5.417E+007
 1.750E+013  2.779E-008  5.406E+007  5.542E+007
 1.770E+013  3.209E-008  6.075E+007  5.821E+007
 1.790E+013  3.271E-008  5.619E+007  5.861E+007
 1.810E+013  2.709E-008  3.332E+007  5.367E+007
 1.830E+013  1.642E-008  7.661E+006  3.928E+007
 1.850E+013  1.132E-008  3.791E+005  1.788E+007
 1.870E+013  1.009E-008  4.486E+002  2.451E+006
 1.890E+013  1.000E-008  6.236E+001  1.972E+004
 1.910E+013  1.000E-008  6.236E+001  4.724E-001
 1.930E+013  1.000E-008  6.236E+001  1.977E-009
 1.950E+013  1.000E-008  6.236E+001  5.208E-027
 1.970E+013  1.000E-008  6.236E+001  1.573E-063
 1.990E+013  1.000E-008  6.236E+001  5.778E-138
 2.010E+013  1.000E-008  6.236E+001  1.131E-289
 2.030E+013  1.000E-008  6.236E+001  0.000E+000
 2.050E+013  1.000E-008  6.236E+001  0.000E+000
 2.070E+013  1.000E-008  6.236E+001  0.000E+000
 2.090E+013  1.000E-008  6.236E+001  3.200E-013
 2.110E+013  1.000E-008  6.236E+001 -1.467E-034
 2.130E+013  1.000E-008  6.236E+001 -3.200E-013
 2.150E+013  1.000E-008  6.236E+001  0.000E+000
 2.170E+013  1.000E-008  6.236E+001  0.000E+000
 2.190E+013  1.000E-008  6.236E+001  0.000E+000
 2.210E+013  1.000E-008  6.236E+001  0.000E+000
 2.230E+013  1.000E-008  6.236E+001  0.000E+000
 2.250E+013  1.000E-008  6.236E+001  0.000E+000
 2.270E+013  1.000E-008  6.236E+001  3.200E-013
 2.290E+013  1.000E-008  6.236E+001 -1.351E-034
 2.310E+013  1.000E-008  6.236E+001 -3.200E-013
 2.330E+013  1.000E-008  6.236E+001  0.000E+000
 2.350E+013  1.000E-008  6.236E+001  0.000E+000
 2.370E+013  1.000E-008  6.236E+001  3.200E-013
 2.390E+013  1.000E-008  6.236E+001 -3.200E-013
 2.410E+013  1.000E-008  6.236E+001  0.000E+000
 2.430E+013  1.000E-008  6.236E+001  0.000E+000
 2.450E+013  1.000E-008  6.236E+001  0.000E+000
 2.470E+013  1.000E-008  6.236E+001  3.200E-013
 2.490E+013  1.000E-008  6.236E+001 -3.200E-013
 2.510E+013  1.000E-008  6.236E+001  3.200E-013
 2.530E+013  1.000E-008  6.236E+001 -3.200E-013
 2.550E+013  1.000E-008  6.236E+001 -8.726E-297
 2.570E+013  1.000E-008  6.236E+001 -5.534E-145
 2.590E+013  1.000E-008  6.236E+001 -3.049E-069
 2.610E+013  1.000E-008  6.236E+001 -1.542E-031
 2.630E+013  1.000E-008  6.236E+001 -6.400E-013
 2.650E+013  1.000E-008  6.236E+001  6.400E-013
 2.670E+013  1.000E-008  6.236E+001  1.538E-031
 2.690E+013  1.000E-008  6.236E+001  3.031E-069
 2.710E+013  1.000E-008  6.236E+001  3.200E-013
 2.730E+013  1.000E-008  6.236E+001 -3.200E-013
 2.750E+013  1.000E-008  6.236E+001  9.600E-013
 2.770E+013  1.000E-008  6.236E+001 -9.600E-013
 2.790E+013  1.000E-008  6.236E+001  0.000E+000
 2.810E+013  1.000E-008  6.236E+001  0.000E+000
 2.830E+013  1.000E-008  6.236E+001  1.600E-012
 2.850E+013  1.000E-008  6.236E+001 -3.200E-013
 2.870E+013  1.000E-008  6.236E+001 -1.280E-012
 2.890E+013  1.000E-008  6.236E+001 -6.029E-032
 2.910E+013  1.000E-008  6.236E+001  2.240E-012
 2.930E+013  1.000E-008  6.236E+001 -2.240E-012
 2.950E+013  1.000E-008  6.236E+001  0.000E+000
 2.970E+013  1.000E-008  6.236E+001  0.000E+000
 2.990E+013  1.000E-008  6.236E+001  0.000E+000
 3.010E+013  1.000E-008  6.236E+001  3.200E-013
 3.030E+013  1.000E-008  6.236E+001 -3.200E-013
 3.050E+013  1.000E-008  6.236E+001  3.200E-013
 3.070E+013  1.000E-008  6.236E+001 -3.200E-013
 3.090E+013  1.000E-008  6.236E+001  3.200E-013
 3.110E+013  1.000E-008  6.236E+001  3.200E-013
 3.130E+013  1.000E-008  6.236E+001 -6.400E-013
 3.150E+013  1.000E-008  6.236E+001  0.000E+000
 3.170E+013  1.000E-008  6.236E+001  0.000E+000
 3.190E+013  1.000E-008  6.236E+001  0.000E+000
 3.210E+013  1.000E-008  6.236E+001  0.000E+000
 3.230E+013  1.000E-008  6.236E+001  0.000E+000
 3.250E+013  1.000E-008  6.236E+001  0.000E+000
 3.270E+013  1.000E-008  6.236E+001 -1.328E-301
 3.290E+013  1.000E-008  6.236E+001 -2.159E-147
 3.310E+013  1.000E-008  6.236E+001 -1.905E-070
 3.330E+013  1.000E-008  6.236E+001 -3.854E-032
 3.350E+013  1.000E-008  6.236E+001 -3.200E-013
 3.370E+013  1.000E-008  6.236E+001  3.200E-013
 3.390E+013  1.000E-008  6.236E+001  3.845E-032
 3.410E+013  1.000E-008  6.236E+001  1.896E-070
 3.430E+013  1.000E-008  6.236E+001  2.138E-147
 3.450E+013  1.000E-008  6.236E+001  6.400E-013
 3.470E+013  1.000E-008  6.236E+001 -6.400E-013
 3.490E+013  1.000E-008  6.236E+001  0.000E+000
 3.510E+013  1.000E-008  6.236E+001  0.000E+000
 3.530E+013  1.000E-008  6.236E+001  0.000E+000
 3.550E+013  1.000E-008  6.236E+001  0.000E+000
 3.570E+013  1.000E-008  6.236E+001  6.400E-013
 3.590E+013  1.000E-008  6.236E+001 -3.200E-013
 3.610E+013  1.000E-008  6.236E+001 -3.854E-032
 3.630E+013  1.000E-008  6.236E+001 -3.200E-013
 3.650E+013  1.000E-008  6.236E+001 -3.200E-013
 3.670E+013  1.000E-008  6.236E+001  3.200E-013
 3.690E+013  1.000E-008  6.236E+001  3.200E-013
 3.710E+013  1.000E-008  6.236E+001 -3.200E-013
 3.730E+013  1.000E-008  6.236E+001 -4.140E-035
 3.750E+013  1.000E-008  6.236E+001  3.200E-013
 3.770E+013  1.000E-008  6.236E+001 -3.200E-013
 3.790E+013  1.000E-008  6.236E+001  0.000E+000
 3.810E+013  1.000E-008  6.236E+001  0.000E+000
 3.830E+013  1.000E-008  6.236E+001  3.200E-013
 3.850E+013  1.000E-008  6.236E+001 -3.200E-013
 3.870E+013  1.000E-008  6.236E+001 -3.854E-032
 3.890E+013  1.000E-008  6.236E+001 -3.200E-013
 3.910E+013  1.000E-008  6.236E+001 -1.167E-032
 3.930E+013  1.000E-008  6.236E+001  9.600E-013
 3.950E+013  1.000E-008  6.236E+001 -3.200E-013
 3.970E+013  1.000E-008  6.236E+001  9.600E-013
 3.990E+013  1.000E-008  6.236E+001 -1.280E-012
 4.010E+013  1.000E-008  6.236E+001  0.000E+000
 4.030E+013  1.000E-008  6.236E+001  0.000E+000
 4.050E+013  1.000E-008  6.236E+001  0.000E+000
 4.070E+013  1.000E-008  6.236E+001  0.000E+000
 4.090E+013  1.000E-008  6.236E+001  1.182E-011
 4.110E+013  1.000E-008  6.236E+001 -1.182E-011
 4.130E+013  1.000E-008  6.236E+001  8.312E-012
 4.150E+013  1.000E-008  6.236E+001 -8.312E-012
 4.170E+013  1.000E-008  6.236E+001  2.880E-012
 4.190E+013  1.000E-008  6.236E+001 -2.560E-012
 4.210E+013  1.000E-008  6.236E+001 -3.854E-032
 4.230E+013  1.000E-008  6.236E+001 -3.200E-013
 4.250E+013  1.000E-008  6.236E+001  0.000E+000
 4.270E+013  1.000E-008  6.236E+001  0.000E+000
 4.290E+013  1.000E-008  6.236E+001  0.000E+000
 4.310E+013  1.000E-008  6.236E+001  0.000E+000
 4.330E+013  1.000E-008  6.236E+001  0.000E+000
 4.350E+013  1.000E-008  6.236E+001  0.000E+000
 4.370E+013  1.000E-008  6.236E+001  0.000E+000
 4.390E+013  1.000E-008  6.236E+001  0.000E+000
 4.410E+013  1.000E-008  6.236E+001  0.000E+000
 4.430E+013  1.000E-008  6.236E+001  0.000E+000
 4.450E+013  1.000E-008  6.236E+001  0.000E+000
 4.470E+013  1.000E-008  6.236E+001  3.200E-013
 4.490E+013  1.000E-008  6.236E+001 -6.875E-035
 4.510E+013  1.000E-008  6.236E+001 -3.200E-013
 4.530E+013  1.000E-008  6.236E+001 -1.324E-301
 4.550E+013  1.000E-008  6.236E+001 -2.156E-147
 4.570E+013  1.000E-008  6.236E+001 -1.903E-070
 4.590E+013  1.000E-008  6.236E+001 -3.853E-032
 4.610E+013  1.000E-008  6.236E+001 -3.200E-013
 4.630E+013  1.000E-008  6.236E+001  3.200E-013
 4.650E+013  1.000E-008  6.236E+001  3.200E-013
 4.670E+013  1.000E-008  6.236E+001 -3.200E-013
 4.690E+013  1.000E-008  6.236E+001  3.200E-013
 4.710E+013  1.000E-008  6.236E+001 -3.200E-013
 4.730E+013  1.000E-008  6.236E+001  0.000E+000
 4.750E+013  1.000E-008  6.236E+001  0.000E+000
 4.770E+013  1.000E-008  6.236E+001  0.000E+000
 4.790E+013  1.000E-008  6.236E+001  3.200E-013
 4.810E+013  1.000E-008  6.236E+001 -3.200E-013
 4.830E+013  1.000E-008  6.236E+001 -3.195E-035
 4.850E+013  1.000E-008  6.236E+001  3.200E-013
 4.870E+013  1.000E-008  6.236E+001 -3.200E-013
 4.890E+013  1.000E-008  6.236E+001  0.000E+000
 4.910E+013  1.000E-008  6.236E+001  0.000E+000
 4.930E+013  1.000E-008  6.236E+001  0.000E+000
 4.950E+013  1.000E-008  6.236E+001  0.000E+000
 4.970E+013  1.000E-008  6.236E+001  0.000E+000
 4.990E+013  1.000E-008  6.236E+001  6.400E-013
 5.010E+013  1.000E-008  6.236E+001 -9.600E-013
 5.030E+013  1.000E-008  6.236E+001  3.200E-013
 5.050E+013  1.000E-008  6.236E+001  3.847E-032
 5.070E+013  1.000E-008  6.236E+001  1.897E-070
 5.090E+013  1.000E-008  6.236E+001  2.142E-147
 5.110E+013  1.000E-008  6.236E+001  3.200E-013
 5.130E+013  1.000E-008  6.236E+001 -3.200E-013
 5.150E+013  1.000E-008  6.236E+001  0.000E+000
 5.170E+013  1.000E-008  6.236E+001  0.000E+000
 5.190E+013  1.000E-008  6.236E+001 -1.323E-301
 5.210E+013  1.000E-008  6.236E+001 -2.155E-147
 5.230E+013  1.000E-008  6.236E+001 -1.903E-070
 5.250E+013  1.000E-008  6.236E+001 -3.853E-032
 5.270E+013  1.000E-008  6.236E+001 -3.200E-013
 5.290E+013  1.000E-008  6.236E+001  3.200E-013
 5.310E+013  1.000E-008  6.236E+001  3.847E-032
 5.330E+013  1.000E-008  6.236E+001  1.897E-070
 5.350E+013  1.000E-008  6.236E+001  6.400E-013
 5.370E+013  1.000E-008  6.236E+001 -6.400E-013
 5.390E+013  1.000E-008  6.236E+001  5.076E-033
 5.410E+013  1.000E-008  6.236E+001  3.200E-013
 5.430E+013  1.000E-008  6.236E+001  3.200E-013
 5.450E+013  1.000E-008  6.236E+001  3.200E-013
 5.470E+013  1.000E-008  6.236E+001 -9.600E-013
 5.490E+013  1.000E-008  6.236E+001 -3.853E-032
 5.510E+013  1.000E-008  6.236E+001 -3.200E-013
 5.530E+013  1.000E-008  6.236E+001  6.400E-013
 5.550E+013  1.000E-008  6.236E+001 -1.280E-012
 5.570E+013  1.000E-008  6.236E+001  6.400E-013
 5.590E+013  1.000E-008  6.236E+001  3.200E-013
 5.610E+013  1.000E-008  6.236E+001 -3.200E-013
 5.630E+013  1.000E-008  6.236E+001  3.200E-013
 5.650E+013  1.000E-008  6.236E+001 -1.920E-012
 5.670E+013  1.000E-008  6.236E+001  1.920E-012
 5.690E+013  1.000E-008  6.236E+001  1.920E-012
 5.710E+013  1.000E-008  6.236E+001 -1.920E-012
 5.730E+013  1.000E-008  6.236E+001  2.240E-012
 5.750E+013  1.000E-008  6.236E+001 -4.800E-012
 5.770E+013  1.000E-008  6.236E+001 -3.200E-013
 5.790E+013  1.000E-008  6.236E+001  2.880E-012
 5.810E+013  1.000E-008  6.236E+001  1.531E-011
 5.830E+013  1.000E-008  6.236E+001 -1.531E-011
 5.850E+013  1.000E-008  6.236E+001  0.000E+000
 5.870E+013  1.000E-008  6.236E+001  0.000E+000
 5.890E+013  1.000E-008  6.236E+001  0.000E+000
 5.910E+013  1.000E-008  6.236E+001  0.000E+000
 5.930E+013  1.000E-008  6.236E+001  0.000E+000
 5.950E+013  1.000E-008  6.236E+001  0.000E+000
 5.970E+013  1.000E-008  6.236E+001  0.000E+000
 5.990E+013  1.000E-008  6.236E+001  0.000E+000
 6.010E+013  1.000E-008  6.236E+001  0.000E+000
 6.030E+013  1.000E-008  6.236E+001  3.200E-013
 6.050E+013  1.000E-008  6.236E+001 -3.200E-013
 6.070E+013  1.000E-008  6.236E+001  3.200E-013
 6.090E+013  1.000E-008  6.236E+001 -3.200E-013
 6.110E+013  1.000E-008  6.236E+001  0.000E+000
 6.130E+013  1.000E-008  6.236E+001  0.000E+000
 6.150E+013  1.000E-008  6.236E+001  0.000E+000
 6.170E+013  1.000E-008  6.236E+001  3.200E-013
 6.190E+013  1.000E-008  6.236E+001 -3.200E-013
 6.210E+013  1.000E-008  6.236E+001  0.000E+000
 6.230E+013  1.000E-008  6.236E+001  0.000E+000
 6.250E+013  1.000E-008  6.236E+001  0.000E+000
 6.270E+013  1.000E-008  6.236E+001  0.000E+000
 6.290E+013  1.000E-008  6.236E+001  0.000E+000
 6.310E+013  1.000E-008  6.236E+001  0.000E+000
 6.330E+013  1.000E-008  6.236E+001  0.000E+000
 6.350E+013  1.000E-008  6.236E+001  3.200E-013
 6.370E+013  1.000E-008  6.236E+001 -3.200E-013
 6.390E+013  1.000E-008  6.236E+001  0.000E+000
 6.410E+013  1.000E-008  6.236E+001  0.000E+000
 6.430E+013  1.000E-008  6.236E+001  0.000E+000
 6.450E+013  1.000E-008  6.236E+001  0.000E+000
 6.470E+013  1.000E-008  6.236E+001  3.200E-013
 6.490E+013  1.000E-008  6.236E+001 -3.200E-013
 6.510E+013  1.000E-008  6.236E+001  0.000E+000
 6.530E+013  1.000E-008  6.236E+001  0.000E+000
 6.550E+013  1.000E-008  6.236E+001  0.000E+000
 6.570E+013  1.000E-008  6.236E+001  0.000E+000
 6.590E+013  1.000E-008  6.236E+001  3.200E-013
 6.610E+013  1.000E-008  6.236E+001 -3.200E-013
 6.630E+013  1.000E-008  6.236E+001  0.000E+000
 6.650E+013  1.000E-008  6.236E+001  0.000E+000
 6.670E+013  1.000E-008  6.236E+001  0.000E+000
 6.690E+013  1.000E-008  6.236E+001  3.200E-013
 6.710E+013  1.000E-008  6.236E+001 -3.200E-013
 6.730E+013  1.000E-008  6.236E+001  0.000E+000
 6.750E+013  1.000E-008  6.236E+001  0.000E+000
 6.770E+013  1.000E-008  6.236E+001  3.200E-013
 6.790E+013  1.000E-008  6.236E+001 -3.200E-013
 6.810E+013  1.000E-008  6.236E+001  3.200E-013
 6.830E+013  1.000E-008  6.236E+001 -4.516E-035
 6.850E+013  1.000E-008  6.236E+001 -3.200E-013
 6.870E+013  1.000E-008  6.236E+001  0.000E+000
 6.890E+013  1.000E-008  6.236E+001  0.000E+000
 6.910E+013  1.000E-008  6.236E+001  0.000E+000
 6.930E+013  1.000E-008  6.236E+001  3.200E-013
 6.950E+013  1.000E-008  6.236E+001 -3.200E-013
 6.970E+013  1.000E-008  6.236E+001  0.000E+000
 6.990E+013  1.000E-008  6.236E+001  0.000E+000
 7.010E+013  1.000E-008  6.236E+001  0.000E+000
 7.030E+013  1.000E-008  6.236E+001  0.000E+000
 7.050E+013  1.000E-008  6.236E+001  0.000E+000
 7.070E+013  1.000E-008  6.236E+001  0.000E+000
 7.090E+013  1.000E-008  6.236E+001  0.000E+000
 7.110E+013  1.000E-008  6.236E+001  0.000E+000
 7.130E+013  1.000E-008  6.236E+001  0.000E+000
 7.150E+013  1.000E-008  6.236E+001  0.000E+000
 7.170E+013  1.000E-008  6.236E+001  0.000E+000
 7.190E+013  1.000E-008  6.236E+001  3.200E-013
 7.210E+013  1.000E-008  6.236E+001 -3.200E-013
 7.230E+013  1.000E-008  6.236E+001  0.000E+000
 7.250E+013  1.000E-008  6.236E+001  0.000E+000
 7.270E+013  1.000E-008  6.236E+001  6.400E-013
 7.290E+013  1.000E-008  6.236E+001 -1.692E-034
 7.310E+013  1.000E-008  6.236E+001 -6.400E-013
 7.330E+013  1.000E-008  6.236E+001 -3.852E-032
 7.350E+013  1.000E-008  6.236E+001 -3.200E-013
 7.370E+013  1.000E-008  6.236E+001  3.200E-013
 7.390E+013  1.000E-008  6.236E+001  3.848E-032
 7.410E+013  1.000E-008  6.236E+001  1.898E-070
 7.430E+013  1.000E-008  6.236E+001  2.144E-147
 7.450E+013  1.000E-008  6.236E+001  1.310E-301
 7.470E+013  1.000E-008  6.236E+001  0.000E+000
 7.490E+013  1.000E-008  6.236E+001  0.000E+000
 7.510E+013  1.000E-008  6.236E+001  0.000E+000
 7.530E+013  1.000E-008  6.236E+001  0.000E+000
 7.550E+013  1.000E-008  6.236E+001  0.000E+000
 7.570E+013  1.000E-008  6.236E+001  0.000E+000
 7.590E+013  1.000E-008  6.236E+001  0.000E+000
 7.610E+013  1.000E-008  6.236E+001  0.000E+000
 7.630E+013  1.000E-008  6.236E+001  0.000E+000
 7.650E+013  1.000E-008  6.236E+001  0.000E+000
 7.670E+013  1.000E-008  6.236E+001  6.400E-013
 7.690E+013  1.000E-008  6.236E+001 -6.400E-013
 7.710E+013  1.000E-008  6.236E+001  9.600E-013
 7.730E+013  1.000E-008  6.236E+001 -9.600E-013
 7.750E+013  1.000E-008  6.236E+001  9.120E-033
 7.770E+013  1.000E-008  6.236E+001  6.400E-013
 7.790E+013  1.000E-008  6.236E+001 -1.920E-012
 7.810E+013  1.000E-008  6.236E+001  1.920E-012
 7.830E+013  1.000E-008  6.236E+001 -6.400E-013
 7.850E+013  1.000E-008  6.236E+001 -1.341E-070
 7.870E+013  1.000E-008  6.236E+001 -3.234E-032
 7.890E+013  1.000E-008  6.236E+001 -3.200E-013
 7.910E+013  1.000E-008  6.236E+001 -1.600E-012
 7.930E+013  1.000E-008  6.236E+001  9.600E-013
 7.950E+013  1.000E-008  6.236E+001  9.600E-013
 7.970E+013  1.000E-008  6.236E+001 -1.280E-012
 7.990E+013  1.000E-008  6.236E+001  1.280E-012
 8.010E+013  1.000E-008  6.236E+001  6.157E-031
 8.030E+013  1.000E-008  6.236E+001  4.859E-068
 8.050E+013  1.000E-008  6.236E+001  1.405E-142
 8.070E+013  1.000E-008  6.236E+001 -6.047E-285
 8.090E+013  1.000E-008  6.236E+001 -4.607E-139
 8.110E+013  1.000E-008  6.236E+001 -2.783E-066
 8.130E+013  1.000E-008  6.236E+001 -4.659E-030
 8.150E+013  1.000E-008  6.236E+001 -3.520E-012
 8.170E+013  1.000E-008  6.236E+001  4.480E-012
 8.190E+013  1.000E-008  6.236E+001 -9.600E-013
 8.210E+013  1.000E-008  6.236E+001  0.000E+000
 8.230E+013  1.000E-008  6.236E+001  0.000E+000
 8.250E+013  1.000E-008  6.236E+001  0.000E+000
 8.270E+013  1.000E-008  6.236E+001  0.000E+000
 8.290E+013  1.000E-008  6.236E+001  1.280E-012
 8.310E+013  1.000E-008  6.236E+001 -1.280E-012
 8.330E+013  1.000E-008  6.236E+001 -3.740E-032
 8.350E+013  1.000E-008  6.236E+001  1.920E-012
 8.370E+013  1.000E-008  6.236E+001 -1.600E-012
 8.390E+013  1.000E-008  6.236E+001 -3.852E-032
 8.410E+013  1.000E-008  6.236E+001 -3.200E-013
 8.430E+013  1.000E-008  6.236E+001  3.200E-013
 8.450E+013  1.000E-008  6.236E+001 -3.649E-035
 8.470E+013  1.000E-008  6.236E+001 -3.200E-013
 8.490E+013  1.000E-008  6.236E+001 -1.816E-035
 8.510E+013  1.000E-008  6.236E+001  3.200E-013
 8.530E+013  1.000E-008  6.236E+001 -3.615E-035
 8.550E+013  1.000E-008  6.236E+001 -3.200E-013
 8.570E+013  1.000E-008  6.236E+001 -1.799E-035
 8.590E+013  1.000E-008  6.236E+001  3.200E-013
 8.610E+013  1.000E-008  6.236E+001 -3.200E-013
 8.630E+013  1.000E-008  6.236E+001  0.000E+000
 8.650E+013  1.000E-008  6.236E+001  0.000E+000
 8.670E+013  1.000E-008  6.236E+001  0.000E+000
 8.690E+013  1.000E-008  6.236E+001  0.000E+000
 8.710E+013  1.000E-008  6.236E+001  0.000E+000
 8.730E+013  1.000E-008  6.236E+001  0.000E+000
 8.750E+013  1.000E-008  6.236E+001  3.200E-013
 8.770E+013  1.000E-008  6.236E+001 -3.200E-013
 8.790E+013  1.000E-008  6.236E+001 -1.754E-035
 8.810E+013  1.000E-008  6.236E+001  3.200E-013
 8.830E+013  1.000E-008  6.236E+001 -3.200E-013
 8.850E+013  1.000E-008  6.236E+001  3.200E-013
 8.870E+013  1.000E-008  6.236E+001  3.200E-013
 8.890E+013  1.000E-008  6.236E+001 -6.400E-013
 8.910E+013  1.000E-008  6.236E+001  0.000E+000
 8.930E+013  1.000E-008  6.236E+001  0.000E+000
 8.950E+013  1.000E-008  6.236E+001  0.000E+000
 8.970E+013  1.000E-008  6.236E+001  0.000E+000
 8.990E+013  1.000E-008  6.236E+001  0.000E+000
 9.010E+013  1.000E-008  6.236E+001  3.200E-013
 9.030E+013  1.000E-008  6.236E+001 -3.415E-035
 9.050E+013  1.000E-008  6.236E+001 -3.200E-013
 9.070E+013  1.000E-008  6.236E+001  3.200E-013
 9.090E+013  1.000E-008  6.236E+001 -3.392E-035
 9.110E+013  1.000E-008  6.236E+001 -3.200E-013
 9.130E+013  1.000E-008  6.236E+001  0.000E+000
 9.150E+013  1.000E-008  6.236E+001  0.000E+000
 9.170E+013  1.000E-008  6.236E+001  0.000E+000
 9.190E+013  1.000E-008  6.236E+001  0.000E+000
 9.210E+013  1.000E-008  6.236E+001  0.000E+000
 9.230E+013  1.000E-008  6.236E+001  3.200E-013
 9.250E+013  1.000E-008  6.236E+001 -3.333E-035
 9.270E+013  1.000E-008  6.236E+001 -3.200E-013
 9.290E+013  1.000E-008  6.236E+001  0.000E+000
 9.310E+013  1.000E-008  6.236E+001  0.000E+000
 9.330E+013  1.000E-008  6.236E+001  0.000E+000
 9.350E+013  1.000E-008  6.236E+001  0.000E+000
 9.370E+013  1.000E-008  6.236E+001  3.200E-013
 9.390E+013  1.000E-008  6.236E+001 -3.200E-013
 9.410E+013  1.000E-008  6.236E+001  3.200E-013
 9.430E+013  1.000E-008  6.236E+001 -3.200E-013
 9.450E+013  1.000E-008  6.236E+001  0.000E+000
 9.470E+013  1.000E-008  6.236E+001  0.000E+000
 9.490E+013  1.000E-008  6.236E+001  0.000E+000
 9.510E+013  1.000E-008  6.236E+001  0.000E+000
 9.530E+013  1.000E-008  6.236E+001  3.200E-013
 9.550E+013  1.000E-008  6.236E+001 -3.200E-013
 9.570E+013  1.000E-008  6.236E+001 -1.902E-070
 9.590E+013  1.000E-008  6.236E+001 -3.851E-032
 9.610E+013  1.000E-008  6.236E+001 -3.200E-013
 9.630E+013  1.000E-008  6.236E+001  3.200E-013
 9.650E+013  1.000E-008  6.236E+001  3.848E-032
 9.670E+013  1.000E-008  6.236E+001  3.200E-013
 9.690E+013  1.000E-008  6.236E+001 -3.200E-013
 9.710E+013  1.000E-008  6.236E+001  0.000E+000
 9.730E+013  1.000E-008  6.236E+001  0.000E+000
 9.750E+013  1.000E-008  6.236E+001  0.000E+000
 9.770E+013  1.000E-008  6.236E+001  0.000E+000
 9.790E+013  1.000E-008  6.236E+001  0.000E+000
 9.810E+013  1.000E-008  6.236E+001  0.000E+000
 9.830E+013  1.000E-008  6.236E+001  0.000E+000
 9.850E+013  1.000E-008  6.236E+001  0.000E+000
 9.870E+013  1.000E-008  6.236E+001  0.000E+000
 9.890E+013  1.000E-008  6.236E+001  0.000E+000
 9.910E+013  1.000E-008  6.236E+001  0.000E+000
 9.930E+013  1.000E-008  6.236E+001  0.000E+000
 9.950E+013  1.000E-008  6.236E+001  3.200E-013
 9.970E+013  1.000E-008  6.236E+001 -3.200E-013
 9.990E+013  1.000E-008  6.236E+001  0.000E+000
 1.001E+014  1.000E-099  1.000E-099  0.000E+000
 1.003E+014  1.000E-099  1.000E-099  0.000E+000
 2.856E-003
