 2.880E+005
     x1b        dens       energ       v1
 1.000E+011  1.234E-011  5.010E+006  0.000E+000
 3.000E+011  1.237E-011  5.009E+006  2.288E+005
 5.000E+011  1.248E-011  5.009E+006  3.096E+005
 7.000E+011  1.266E-011  5.009E+006  5.112E+005
 9.000E+011  1.293E-011  5.009E+006  6.620E+005
 1.100E+012  1.326E-011  5.009E+006  8.362E+005
 1.300E+012  1.362E-011  5.009E+006  9.996E+005
 1.500E+012  1.399E-011  5.009E+006  1.168E+006
 1.700E+012  1.436E-011  5.009E+006  1.334E+006
 1.900E+012  1.470E-011  5.009E+006  1.501E+006
 2.100E+012  1.498E-011  5.009E+006  1.668E+006
 2.300E+012  1.513E-011  5.009E+006  1.834E+006
 2.500E+012  1.517E-011  5.009E+006  2.001E+006
 2.700E+012  1.517E-011  5.009E+006  2.168E+006
 2.900E+012  1.516E-011  5.009E+006  2.335E+006
 3.100E+012  1.516E-011  5.009E+006  2.501E+006
 3.300E+012  1.514E-011  5.009E+006  2.668E+006
 3.500E+012  1.512E-011  5.010E+006  2.835E+006
 3.700E+012  1.509E-011  5.010E+006  3.002E+006
 3.900E+012  1.508E-011  5.010E+006  3.168E+006
 4.100E+012  1.508E-011  5.010E+006  3.335E+006
 4.300E+012  1.508E-011  5.010E+006  3.502E+006
 4.500E+012  1.509E-011  5.010E+006  3.669E+006
 4.700E+012  1.511E-011  5.010E+006  3.836E+006
 4.900E+012  1.516E-011  5.010E+006  4.002E+006
 5.100E+012  1.523E-011  5.010E+006  4.169E+006
 5.300E+012  1.533E-011  5.010E+006  4.336E+006
 5.500E+012  1.548E-011  5.010E+006  4.503E+006
 5.700E+012  1.569E-011  5.010E+006  4.670E+006
 5.900E+012  1.597E-011  5.010E+006  4.836E+006
 6.100E+012  1.633E-011  5.010E+006  5.003E+006
 6.300E+012  1.679E-011  5.010E+006  5.170E+006
 6.500E+012  1.737E-011  5.010E+006  5.337E+006
 6.700E+012  1.809E-011  5.010E+006  5.505E+006
 6.900E+012  1.897E-011  5.010E+006  5.672E+006
 7.100E+012  2.004E-011  5.011E+006  5.839E+006
 7.300E+012  2.135E-011  5.011E+006  6.007E+006
 7.500E+012  2.293E-011  5.011E+006  6.175E+006
 7.700E+012  2.485E-011  5.011E+006  6.343E+006
 7.900E+012  2.716E-011  5.011E+006  6.511E+006
 8.100E+012  2.993E-011  5.011E+006  6.680E+006
 8.300E+012  3.325E-011  5.011E+006  6.848E+006
 8.500E+012  3.721E-011  5.012E+006  7.017E+006
 8.700E+012  4.190E-011  5.012E+006  7.186E+006
 8.900E+012  4.744E-011  5.012E+006  7.355E+006
 9.100E+012  5.392E-011  5.012E+006  7.523E+006
 9.300E+012  6.143E-011  5.013E+006  7.692E+006
 9.500E+012  7.002E-011  5.013E+006  7.859E+006
 9.700E+012  7.972E-011  5.014E+006  8.027E+006
 9.900E+012  9.053E-011  5.014E+006  8.194E+006
 1.010E+013  1.024E-010  5.015E+006  8.360E+006
 1.030E+013  1.152E-010  5.015E+006  8.526E+006
 1.050E+013  1.288E-010  5.016E+006  8.692E+006
 1.070E+013  1.432E-010  5.017E+006  8.857E+006
 1.090E+013  1.581E-010  5.018E+006  9.023E+006
 1.110E+013  1.735E-010  5.020E+006  9.189E+006
 1.130E+013  1.893E-010  5.021E+006  9.355E+006
 1.150E+013  2.054E-010  5.022E+006  9.522E+006
 1.170E+013  2.220E-010  5.024E+006  9.688E+006
 1.190E+013  2.390E-010  5.026E+006  9.855E+006
 1.210E+013  2.565E-010  5.028E+006  1.002E+007
 1.230E+013  2.747E-010  5.030E+006  1.019E+007
 1.250E+013  2.936E-010  5.032E+006  1.036E+007
 1.270E+013  3.133E-010  5.035E+006  1.053E+007
 1.290E+013  3.341E-010  5.038E+006  1.069E+007
 1.310E+013  3.561E-010  5.041E+006  1.086E+007
 1.330E+013  3.794E-010  5.044E+006  1.103E+007
 1.350E+013  4.042E-010  5.047E+006  1.120E+007
 1.370E+013  4.308E-010  5.051E+006  1.137E+007
 1.390E+013  4.591E-010  5.055E+006  1.154E+007
 1.410E+013  4.895E-010  5.060E+006  1.171E+007
 1.430E+013  5.220E-010  5.064E+006  1.188E+007
 1.450E+013  5.567E-010  5.069E+006  1.205E+007
 1.470E+013  5.937E-010  5.075E+006  1.222E+007
 1.490E+013  6.331E-010  5.081E+006  1.239E+007
 1.510E+013  6.748E-010  5.088E+006  1.257E+007
 1.530E+013  7.189E-010  5.095E+006  1.274E+007
 1.550E+013  7.654E-010  5.102E+006  1.291E+007
 1.570E+013  8.141E-010  5.111E+006  1.308E+007
 1.590E+013  8.652E-010  5.119E+006  1.326E+007
 1.610E+013  9.185E-010  5.129E+006  1.343E+007
 1.630E+013  9.741E-010  5.139E+006  1.361E+007
 1.650E+013  1.032E-009  5.150E+006  1.378E+007
 1.670E+013  1.093E-009  5.162E+006  1.396E+007
 1.690E+013  1.156E-009  5.175E+006  1.413E+007
 1.710E+013  1.222E-009  5.188E+006  1.431E+007
 1.730E+013  1.290E-009  5.203E+006  1.449E+007
 1.750E+013  1.363E-009  5.219E+006  1.467E+007
 1.770E+013  1.439E-009  5.235E+006  1.485E+007
 1.790E+013  1.519E-009  5.253E+006  1.503E+007
 1.810E+013  1.603E-009  5.272E+006  1.522E+007
 1.830E+013  1.692E-009  5.293E+006  1.540E+007
 1.850E+013  1.787E-009  5.315E+006  1.559E+007
 1.870E+013  1.886E-009  5.338E+006  1.578E+007
 1.890E+013  1.992E-009  5.363E+006  1.596E+007
 1.910E+013  2.104E-009  5.390E+006  1.615E+007
 1.930E+013  2.222E-009  5.418E+006  1.635E+007
 1.950E+013  2.347E-009  5.449E+006  1.654E+007
 1.970E+013  2.478E-009  5.482E+006  1.673E+007
 1.990E+013  2.618E-009  5.517E+006  1.693E+007
 2.010E+013  2.764E-009  5.554E+006  1.713E+007
 2.030E+013  2.919E-009  5.594E+006  1.733E+007
 2.050E+013  3.082E-009  5.637E+006  1.754E+007
 2.070E+013  3.254E-009  5.683E+006  1.774E+007
 2.090E+013  3.436E-009  5.732E+006  1.795E+007
 2.110E+013  3.628E-009  5.784E+006  1.816E+007
 2.130E+013  3.830E-009  5.840E+006  1.838E+007
 2.150E+013  4.044E-009  5.901E+006  1.860E+007
 2.170E+013  4.271E-009  5.965E+006  1.882E+007
 2.190E+013  4.511E-009  6.033E+006  1.904E+007
 2.210E+013  4.765E-009  6.107E+006  1.927E+007
 2.230E+013  5.034E-009  6.186E+006  1.950E+007
 2.250E+013  5.320E-009  6.270E+006  1.973E+007
 2.270E+013  5.624E-009  6.360E+006  1.997E+007
 2.290E+013  5.947E-009  6.457E+006  2.021E+007
 2.310E+013  6.290E-009  6.561E+006  2.046E+007
 2.330E+013  6.655E-009  6.672E+006  2.071E+007
 2.350E+013  7.044E-009  6.791E+006  2.097E+007
 2.370E+013  7.460E-009  6.920E+006  2.123E+007
 2.390E+013  7.904E-009  7.057E+006  2.149E+007
 2.410E+013  8.380E-009  7.205E+006  2.177E+007
 2.430E+013  8.890E-009  7.364E+006  2.204E+007
 2.450E+013  9.439E-009  7.536E+006  2.233E+007
 2.470E+013  1.003E-008  7.721E+006  2.261E+007
 2.490E+013  1.067E-008  7.920E+006  2.291E+007
 2.510E+013  1.136E-008  8.135E+006  2.321E+007
 2.530E+013  1.211E-008  8.368E+006  2.352E+007
 2.550E+013  1.292E-008  8.620E+006  2.383E+007
 2.570E+013  1.381E-008  8.893E+006  2.415E+007
 2.590E+013  1.477E-008  9.189E+006  2.448E+007
 2.610E+013  1.582E-008  9.511E+006  2.482E+007
 2.630E+013  1.698E-008  9.861E+006  2.516E+007
 2.650E+013  1.824E-008  1.024E+007  2.551E+007
 2.670E+013  1.963E-008  1.066E+007  2.587E+007
 2.690E+013  2.115E-008  1.111E+007  2.623E+007
 2.710E+013  2.283E-008  1.160E+007  2.660E+007
 2.730E+013  2.471E-008  1.216E+007  2.699E+007
 2.750E+013  2.675E-008  1.274E+007  2.739E+007
 2.770E+013  2.889E-008  1.329E+007  2.770E+007
 2.790E+013  3.170E-008  1.426E+007  2.808E+007
 2.810E+013  3.489E-008  1.544E+007  2.895E+007
 2.830E+013  3.537E-008  1.474E+007  2.914E+007
 2.850E+013  3.039E-008  1.001E+007  2.742E+007
 2.870E+013  1.877E-008  2.966E+006  2.154E+007
 2.890E+013  1.207E-008  2.403E+005  1.143E+007
 2.910E+013  1.020E-008  1.005E+003  2.359E+006
 2.930E+013  1.000E-008  6.238E+001  4.884E+004
 2.950E+013  1.000E-008  6.236E+001  8.482E+000
 2.970E+013  1.000E-008  6.236E+001  3.116E-007
 2.990E+013  1.000E-008  6.236E+001  1.050E-015
 3.010E+013  1.000E-008  6.236E+001  1.023E-012
 3.030E+013  1.000E-008  6.236E+001 -1.023E-012
 3.050E+013  1.000E-008  6.236E+001  1.023E-012
 3.070E+013  1.000E-008  6.236E+001 -1.023E-012
 3.090E+013  1.000E-008  6.236E+001  1.023E-012
 3.110E+013  1.000E-008  6.236E+001  1.023E-012
 3.130E+013  1.000E-008  6.236E+001 -2.046E-012
 3.150E+013  1.000E-008  6.236E+001  0.000E+000
 3.170E+013  1.000E-008  6.236E+001  0.000E+000
 3.190E+013  1.000E-008  6.236E+001  0.000E+000
 3.210E+013  1.000E-008  6.236E+001  0.000E+000
 3.230E+013  1.000E-008  6.236E+001  0.000E+000
 3.250E+013  1.000E-008  6.236E+001  0.000E+000
 3.270E+013  1.000E-008  6.236E+001 -6.054E-286
 3.290E+013  1.000E-008  6.236E+001 -8.105E-140
 3.310E+013  1.000E-008  6.236E+001 -6.510E-067
 3.330E+013  1.000E-008  6.236E+001 -1.259E-030
 3.350E+013  1.000E-008  6.236E+001 -1.023E-012
 3.370E+013  1.000E-008  6.236E+001  1.023E-012
 3.390E+013  1.000E-008  6.236E+001  1.256E-030
 3.410E+013  1.000E-008  6.236E+001  6.479E-067
 3.430E+013  1.000E-008  6.236E+001  8.028E-140
 3.450E+013  1.000E-008  6.236E+001  2.046E-012
 3.470E+013  1.000E-008  6.236E+001 -2.046E-012
 3.490E+013  1.000E-008  6.236E+001  0.000E+000
 3.510E+013  1.000E-008  6.236E+001  0.000E+000
 3.530E+013  1.000E-008  6.236E+001  0.000E+000
 3.550E+013  1.000E-008  6.236E+001  0.000E+000
 3.570E+013  1.000E-008  6.236E+001  2.046E-012
 3.590E+013  1.000E-008  6.236E+001 -1.023E-012
 3.610E+013  1.000E-008  6.236E+001 -1.259E-030
 3.630E+013  1.000E-008  6.236E+001 -1.023E-012
 3.650E+013  1.000E-008  6.236E+001 -1.023E-012
 3.670E+013  1.000E-008  6.236E+001  1.023E-012
 3.690E+013  1.000E-008  6.236E+001  1.023E-012
 3.710E+013  1.000E-008  6.236E+001 -1.023E-012
 3.730E+013  1.000E-008  6.236E+001 -1.352E-033
 3.750E+013  1.000E-008  6.236E+001  1.023E-012
 3.770E+013  1.000E-008  6.236E+001 -1.023E-012
 3.790E+013  1.000E-008  6.236E+001  0.000E+000
 3.810E+013  1.000E-008  6.236E+001  0.000E+000
 3.830E+013  1.000E-008  6.236E+001  1.023E-012
 3.850E+013  1.000E-008  6.236E+001 -1.023E-012
 3.870E+013  1.000E-008  6.236E+001 -1.259E-030
 3.890E+013  1.000E-008  6.236E+001 -1.023E-012
 3.910E+013  1.000E-008  6.236E+001 -3.811E-031
 3.930E+013  1.000E-008  6.236E+001  3.070E-012
 3.950E+013  1.000E-008  6.236E+001 -1.023E-012
 3.970E+013  1.000E-008  6.236E+001  3.070E-012
 3.990E+013  1.000E-008  6.236E+001 -4.093E-012
 4.010E+013  1.000E-008  6.236E+001  0.000E+000
 4.030E+013  1.000E-008  6.236E+001  0.000E+000
 4.050E+013  1.000E-008  6.236E+001  0.000E+000
 4.070E+013  1.000E-008  6.236E+001  0.000E+000
 4.090E+013  1.000E-008  6.236E+001  3.784E-011
 4.110E+013  1.000E-008  6.236E+001 -3.784E-011
 4.130E+013  1.000E-008  6.236E+001  2.660E-011
 4.150E+013  1.000E-008  6.236E+001 -2.660E-011
 4.170E+013  1.000E-008  6.236E+001  9.209E-012
 4.190E+013  1.000E-008  6.236E+001 -8.186E-012
 4.210E+013  1.000E-008  6.236E+001 -1.258E-030
 4.230E+013  1.000E-008  6.236E+001 -1.023E-012
 4.250E+013  1.000E-008  6.236E+001  0.000E+000
 4.270E+013  1.000E-008  6.236E+001  0.000E+000
 4.290E+013  1.000E-008  6.236E+001  0.000E+000
 4.310E+013  1.000E-008  6.236E+001  0.000E+000
 4.330E+013  1.000E-008  6.236E+001  0.000E+000
 4.350E+013  1.000E-008  6.236E+001  0.000E+000
 4.370E+013  1.000E-008  6.236E+001  0.000E+000
 4.390E+013  1.000E-008  6.236E+001  0.000E+000
 4.410E+013  1.000E-008  6.236E+001  0.000E+000
 4.430E+013  1.000E-008  6.236E+001  0.000E+000
 4.450E+013  1.000E-008  6.236E+001  0.000E+000
 4.470E+013  1.000E-008  6.236E+001  1.023E-012
 4.490E+013  1.000E-008  6.236E+001 -2.245E-033
 4.510E+013  1.000E-008  6.236E+001 -1.023E-012
 4.530E+013  1.000E-008  6.236E+001 -6.038E-286
 4.550E+013  1.000E-008  6.236E+001 -8.094E-140
 4.570E+013  1.000E-008  6.236E+001 -6.505E-067
 4.590E+013  1.000E-008  6.236E+001 -1.258E-030
 4.610E+013  1.000E-008  6.236E+001 -1.023E-012
 4.630E+013  1.000E-008  6.236E+001  1.023E-012
 4.650E+013  1.000E-008  6.236E+001  1.023E-012
 4.670E+013  1.000E-008  6.236E+001 -1.023E-012
 4.690E+013  1.000E-008  6.236E+001  1.023E-012
 4.710E+013  1.000E-008  6.236E+001 -1.023E-012
 4.730E+013  1.000E-008  6.236E+001  0.000E+000
 4.750E+013  1.000E-008  6.236E+001  0.000E+000
 4.770E+013  1.000E-008  6.236E+001  0.000E+000
 4.790E+013  1.000E-008  6.236E+001  1.023E-012
 4.810E+013  1.000E-008  6.236E+001 -1.023E-012
 4.830E+013  1.000E-008  6.236E+001 -1.043E-033
 4.850E+013  1.000E-008  6.236E+001  1.023E-012
 4.870E+013  1.000E-008  6.236E+001 -1.023E-012
 4.890E+013  1.000E-008  6.236E+001  0.000E+000
 4.910E+013  1.000E-008  6.236E+001  0.000E+000
 4.930E+013  1.000E-008  6.236E+001  0.000E+000
 4.950E+013  1.000E-008  6.236E+001  0.000E+000
 4.970E+013  1.000E-008  6.236E+001  0.000E+000
 4.990E+013  1.000E-008  6.236E+001  2.046E-012
 5.010E+013  1.000E-008  6.236E+001 -3.070E-012
 5.030E+013  1.000E-008  6.236E+001  1.023E-012
 5.050E+013  1.000E-008  6.236E+001  1.256E-030
 5.070E+013  1.000E-008  6.236E+001  6.484E-067
 5.090E+013  1.000E-008  6.236E+001  8.041E-140
 5.110E+013  1.000E-008  6.236E+001  1.023E-012
 5.130E+013  1.000E-008  6.236E+001 -1.023E-012
 5.150E+013  1.000E-008  6.236E+001  0.000E+000
 5.170E+013  1.000E-008  6.236E+001  0.000E+000
 5.190E+013  1.000E-008  6.236E+001 -6.033E-286
 5.210E+013  1.000E-008  6.236E+001 -8.091E-140
 5.230E+013  1.000E-008  6.236E+001 -6.504E-067
 5.250E+013  1.000E-008  6.236E+001 -1.258E-030
 5.270E+013  1.000E-008  6.236E+001 -1.023E-012
 5.290E+013  1.000E-008  6.236E+001  1.023E-012
 5.310E+013  1.000E-008  6.236E+001  1.256E-030
 5.330E+013  1.000E-008  6.236E+001  6.484E-067
 5.350E+013  1.000E-008  6.236E+001  2.046E-012
 5.370E+013  1.000E-008  6.236E+001 -2.046E-012
 5.390E+013  1.000E-008  6.236E+001  1.658E-031
 5.410E+013  1.000E-008  6.236E+001  1.023E-012
 5.430E+013  1.000E-008  6.236E+001  1.023E-012
 5.450E+013  1.000E-008  6.236E+001  1.023E-012
 5.470E+013  1.000E-008  6.236E+001 -3.070E-012
 5.490E+013  1.000E-008  6.236E+001 -1.258E-030
 5.510E+013  1.000E-008  6.236E+001 -1.023E-012
 5.530E+013  1.000E-008  6.236E+001  2.046E-012
 5.550E+013  1.000E-008  6.236E+001 -4.093E-012
 5.570E+013  1.000E-008  6.236E+001  2.046E-012
 5.590E+013  1.000E-008  6.236E+001  1.023E-012
 5.610E+013  1.000E-008  6.236E+001 -1.023E-012
 5.630E+013  1.000E-008  6.236E+001  1.023E-012
 5.650E+013  1.000E-008  6.236E+001 -6.139E-012
 5.670E+013  1.000E-008  6.236E+001  6.139E-012
 5.690E+013  1.000E-008  6.236E+001  6.139E-012
 5.710E+013  1.000E-008  6.236E+001 -6.139E-012
 5.730E+013  1.000E-008  6.236E+001  7.163E-012
 5.750E+013  1.000E-008  6.236E+001 -1.535E-011
 5.770E+013  1.000E-008  6.236E+001 -1.023E-012
 5.790E+013  1.000E-008  6.236E+001  9.209E-012
 5.810E+013  1.000E-008  6.236E+001  4.906E-011
 5.830E+013  1.000E-008  6.236E+001 -4.906E-011
 5.850E+013  1.000E-008  6.236E+001  0.000E+000
 5.870E+013  1.000E-008  6.236E+001  0.000E+000
 5.890E+013  1.000E-008  6.236E+001  0.000E+000
 5.910E+013  1.000E-008  6.236E+001  0.000E+000
 5.930E+013  1.000E-008  6.236E+001  0.000E+000
 5.950E+013  1.000E-008  6.236E+001  0.000E+000
 5.970E+013  1.000E-008  6.236E+001  0.000E+000
 5.990E+013  1.000E-008  6.236E+001  0.000E+000
 6.010E+013  1.000E-008  6.236E+001  0.000E+000
 6.030E+013  1.000E-008  6.236E+001  1.023E-012
 6.050E+013  1.000E-008  6.236E+001 -1.023E-012
 6.070E+013  1.000E-008  6.236E+001  1.023E-012
 6.090E+013  1.000E-008  6.236E+001 -1.023E-012
 6.110E+013  1.000E-008  6.236E+001  0.000E+000
 6.130E+013  1.000E-008  6.236E+001  0.000E+000
 6.150E+013  1.000E-008  6.236E+001  0.000E+000
 6.170E+013  1.000E-008  6.236E+001  1.023E-012
 6.190E+013  1.000E-008  6.236E+001 -1.023E-012
 6.210E+013  1.000E-008  6.236E+001  0.000E+000
 6.230E+013  1.000E-008  6.236E+001  0.000E+000
 6.250E+013  1.000E-008  6.236E+001  0.000E+000
 6.270E+013  1.000E-008  6.236E+001  0.000E+000
 6.290E+013  1.000E-008  6.236E+001  0.000E+000
 6.310E+013  1.000E-008  6.236E+001  0.000E+000
 6.330E+013  1.000E-008  6.236E+001  0.000E+000
 6.350E+013  1.000E-008  6.236E+001  1.023E-012
 6.370E+013  1.000E-008  6.236E+001 -1.023E-012
 6.390E+013  1.000E-008  6.236E+001  0.000E+000
 6.410E+013  1.000E-008  6.236E+001  0.000E+000
 6.430E+013  1.000E-008  6.236E+001  0.000E+000
 6.450E+013  1.000E-008  6.236E+001  0.000E+000
 6.470E+013  1.000E-008  6.236E+001  1.023E-012
 6.490E+013  1.000E-008  6.236E+001 -1.023E-012
 6.510E+013  1.000E-008  6.236E+001  0.000E+000
 6.530E+013  1.000E-008  6.236E+001  0.000E+000
 6.550E+013  1.000E-008  6.236E+001  0.000E+000
 6.570E+013  1.000E-008  6.236E+001  0.000E+000
 6.590E+013  1.000E-008  6.236E+001  1.023E-012
 6.610E+013  1.000E-008  6.236E+001 -1.023E-012
 6.630E+013  1.000E-008  6.236E+001  0.000E+000
 6.650E+013  1.000E-008  6.236E+001  0.000E+000
 6.670E+013  1.000E-008  6.236E+001  0.000E+000
 6.690E+013  1.000E-008  6.236E+001  1.023E-012
 6.710E+013  1.000E-008  6.236E+001 -1.023E-012
 6.730E+013  1.000E-008  6.236E+001  0.000E+000
 6.750E+013  1.000E-008  6.236E+001  0.000E+000
 6.770E+013  1.000E-008  6.236E+001  1.023E-012
 6.790E+013  1.000E-008  6.236E+001 -1.023E-012
 6.810E+013  1.000E-008  6.236E+001  1.023E-012
 6.830E+013  1.000E-008  6.236E+001 -1.475E-033
 6.850E+013  1.000E-008  6.236E+001 -1.023E-012
 6.870E+013  1.000E-008  6.236E+001  0.000E+000
 6.890E+013  1.000E-008  6.236E+001  0.000E+000
 6.910E+013  1.000E-008  6.236E+001  0.000E+000
 6.930E+013  1.000E-008  6.236E+001  1.023E-012
 6.950E+013  1.000E-008  6.236E+001 -1.023E-012
 6.970E+013  1.000E-008  6.236E+001  0.000E+000
 6.990E+013  1.000E-008  6.236E+001  0.000E+000
 7.010E+013  1.000E-008  6.236E+001  0.000E+000
 7.030E+013  1.000E-008  6.236E+001  0.000E+000
 7.050E+013  1.000E-008  6.236E+001  0.000E+000
 7.070E+013  1.000E-008  6.236E+001  0.000E+000
 7.090E+013  1.000E-008  6.236E+001  0.000E+000
 7.110E+013  1.000E-008  6.236E+001  0.000E+000
 7.130E+013  1.000E-008  6.236E+001  0.000E+000
 7.150E+013  1.000E-008  6.236E+001  0.000E+000
 7.170E+013  1.000E-008  6.236E+001  0.000E+000
 7.190E+013  1.000E-008  6.236E+001  1.023E-012
 7.210E+013  1.000E-008  6.236E+001 -1.023E-012
 7.230E+013  1.000E-008  6.236E+001  0.000E+000
 7.250E+013  1.000E-008  6.236E+001  0.000E+000
 7.270E+013  1.000E-008  6.236E+001  2.046E-012
 7.290E+013  1.000E-008  6.236E+001 -5.527E-033
 7.310E+013  1.000E-008  6.236E+001 -2.046E-012
 7.330E+013  1.000E-008  6.236E+001 -1.258E-030
 7.350E+013  1.000E-008  6.236E+001 -1.023E-012
 7.370E+013  1.000E-008  6.236E+001  1.023E-012
 7.390E+013  1.000E-008  6.236E+001  1.257E-030
 7.410E+013  1.000E-008  6.236E+001  6.487E-067
 7.430E+013  1.000E-008  6.236E+001  8.049E-140
 7.450E+013  1.000E-008  6.236E+001  5.970E-286
 7.470E+013  1.000E-008  6.236E+001  0.000E+000
 7.490E+013  1.000E-008  6.236E+001  0.000E+000
 7.510E+013  1.000E-008  6.236E+001  0.000E+000
 7.530E+013  1.000E-008  6.236E+001  0.000E+000
 7.550E+013  1.000E-008  6.236E+001  0.000E+000
 7.570E+013  1.000E-008  6.236E+001  0.000E+000
 7.590E+013  1.000E-008  6.236E+001  0.000E+000
 7.610E+013  1.000E-008  6.236E+001  0.000E+000
 7.630E+013  1.000E-008  6.236E+001  0.000E+000
 7.650E+013  1.000E-008  6.236E+001  0.000E+000
 7.670E+013  1.000E-008  6.236E+001  2.046E-012
 7.690E+013  1.000E-008  6.236E+001 -2.046E-012
 7.710E+013  1.000E-008  6.236E+001  3.070E-012
 7.730E+013  1.000E-008  6.236E+001 -3.070E-012
 7.750E+013  1.000E-008  6.236E+001  2.978E-031
 7.770E+013  1.000E-008  6.236E+001  2.046E-012
 7.790E+013  1.000E-008  6.236E+001 -6.139E-012
 7.810E+013  1.000E-008  6.236E+001  6.139E-012
 7.830E+013  1.000E-008  6.236E+001 -2.046E-012
 7.850E+013  1.000E-008  6.236E+001 -4.583E-067
 7.870E+013  1.000E-008  6.236E+001 -1.056E-030
 7.890E+013  1.000E-008  6.236E+001 -1.023E-012
 7.910E+013  1.000E-008  6.236E+001 -5.116E-012
 7.930E+013  1.000E-008  6.236E+001  3.070E-012
 7.950E+013  1.000E-008  6.236E+001  3.070E-012
 7.970E+013  1.000E-008  6.236E+001 -4.093E-012
 7.990E+013  1.000E-008  6.236E+001  4.093E-012
 8.010E+013  1.000E-008  6.236E+001  2.011E-029
 8.030E+013  1.000E-008  6.236E+001  1.661E-064
 8.050E+013  1.000E-008  6.236E+001  5.276E-135
 8.070E+013  1.000E-008  6.236E+001 -2.763E-269
 8.090E+013  1.000E-008  6.236E+001 -1.732E-131
 8.110E+013  1.000E-008  6.236E+001 -9.515E-063
 8.130E+013  1.000E-008  6.236E+001 -1.522E-028
 8.150E+013  1.000E-008  6.236E+001 -1.126E-011
 8.170E+013  1.000E-008  6.236E+001  1.432E-011
 8.190E+013  1.000E-008  6.236E+001 -3.070E-012
 8.210E+013  1.000E-008  6.236E+001  0.000E+000
 8.230E+013  1.000E-008  6.236E+001  0.000E+000
 8.250E+013  1.000E-008  6.236E+001  0.000E+000
 8.270E+013  1.000E-008  6.236E+001  0.000E+000
 8.290E+013  1.000E-008  6.236E+001  4.093E-012
 8.310E+013  1.000E-008  6.236E+001 -4.093E-012
 8.330E+013  1.000E-008  6.236E+001 -1.221E-030
 8.350E+013  1.000E-008  6.236E+001  6.139E-012
 8.370E+013  1.000E-008  6.236E+001 -5.116E-012
 8.390E+013  1.000E-008  6.236E+001 -1.258E-030
 8.410E+013  1.000E-008  6.236E+001 -1.023E-012
 8.430E+013  1.000E-008  6.236E+001  1.023E-012
 8.450E+013  1.000E-008  6.236E+001 -1.192E-033
 8.470E+013  1.000E-008  6.236E+001 -1.023E-012
 8.490E+013  1.000E-008  6.236E+001 -5.931E-034
 8.510E+013  1.000E-008  6.236E+001  1.023E-012
 8.530E+013  1.000E-008  6.236E+001 -1.181E-033
 8.550E+013  1.000E-008  6.236E+001 -1.023E-012
 8.570E+013  1.000E-008  6.236E+001 -5.875E-034
 8.590E+013  1.000E-008  6.236E+001  1.023E-012
 8.610E+013  1.000E-008  6.236E+001 -1.023E-012
 8.630E+013  1.000E-008  6.236E+001  0.000E+000
 8.650E+013  1.000E-008  6.236E+001  0.000E+000
 8.670E+013  1.000E-008  6.236E+001  0.000E+000
 8.690E+013  1.000E-008  6.236E+001  0.000E+000
 8.710E+013  1.000E-008  6.236E+001  0.000E+000
 8.730E+013  1.000E-008  6.236E+001  0.000E+000
 8.750E+013  1.000E-008  6.236E+001  1.023E-012
 8.770E+013  1.000E-008  6.236E+001 -1.023E-012
 8.790E+013  1.000E-008  6.236E+001 -5.728E-034
 8.810E+013  1.000E-008  6.236E+001  1.023E-012
 8.830E+013  1.000E-008  6.236E+001 -1.023E-012
 8.850E+013  1.000E-008  6.236E+001  1.023E-012
 8.870E+013  1.000E-008  6.236E+001  1.023E-012
 8.890E+013  1.000E-008  6.236E+001 -2.046E-012
 8.910E+013  1.000E-008  6.236E+001  0.000E+000
 8.930E+013  1.000E-008  6.236E+001  0.000E+000
 8.950E+013  1.000E-008  6.236E+001  0.000E+000
 8.970E+013  1.000E-008  6.236E+001  0.000E+000
 8.990E+013  1.000E-008  6.236E+001  0.000E+000
 9.010E+013  1.000E-008  6.236E+001  1.023E-012
 9.030E+013  1.000E-008  6.236E+001 -1.115E-033
 9.050E+013  1.000E-008  6.236E+001 -1.023E-012
 9.070E+013  1.000E-008  6.236E+001  1.023E-012
 9.090E+013  1.000E-008  6.236E+001 -1.108E-033
 9.110E+013  1.000E-008  6.236E+001 -1.023E-012
 9.130E+013  1.000E-008  6.236E+001  0.000E+000
 9.150E+013  1.000E-008  6.236E+001  0.000E+000
 9.170E+013  1.000E-008  6.236E+001  0.000E+000
 9.190E+013  1.000E-008  6.236E+001  0.000E+000
 9.210E+013  1.000E-008  6.236E+001  0.000E+000
 9.230E+013  1.000E-008  6.236E+001  1.023E-012
 9.250E+013  1.000E-008  6.236E+001 -1.089E-033
 9.270E+013  1.000E-008  6.236E+001 -1.023E-012
 9.290E+013  1.000E-008  6.236E+001  0.000E+000
 9.310E+013  1.000E-008  6.236E+001  0.000E+000
 9.330E+013  1.000E-008  6.236E+001  0.000E+000
 9.350E+013  1.000E-008  6.236E+001  0.000E+000
 9.370E+013  1.000E-008  6.236E+001  1.023E-012
 9.390E+013  1.000E-008  6.236E+001 -1.023E-012
 9.410E+013  1.000E-008  6.236E+001  1.023E-012
 9.430E+013  1.000E-008  6.236E+001 -1.023E-012
 9.450E+013  1.000E-008  6.236E+001  0.000E+000
 9.470E+013  1.000E-008  6.236E+001  0.000E+000
 9.490E+013  1.000E-008  6.236E+001  0.000E+000
 9.510E+013  1.000E-008  6.236E+001  0.000E+000
 9.530E+013  1.000E-008  6.236E+001  1.023E-012
 9.550E+013  1.000E-008  6.236E+001 -1.023E-012
 9.570E+013  1.000E-008  6.236E+001 -6.499E-067
 9.590E+013  1.000E-008  6.236E+001 -1.258E-030
 9.610E+013  1.000E-008  6.236E+001 -1.023E-012
 9.630E+013  1.000E-008  6.236E+001  1.023E-012
 9.650E+013  1.000E-008  6.236E+001  1.257E-030
 9.670E+013  1.000E-008  6.236E+001  1.023E-012
 9.690E+013  1.000E-008  6.236E+001 -1.023E-012
 9.710E+013  1.000E-008  6.236E+001  0.000E+000
 9.730E+013  1.000E-008  6.236E+001  0.000E+000
 9.750E+013  1.000E-008  6.236E+001  0.000E+000
 9.770E+013  1.000E-008  6.236E+001  0.000E+000
 9.790E+013  1.000E-008  6.236E+001  0.000E+000
 9.810E+013  1.000E-008  6.236E+001  0.000E+000
 9.830E+013  1.000E-008  6.236E+001  0.000E+000
 9.850E+013  1.000E-008  6.236E+001  0.000E+000
 9.870E+013  1.000E-008  6.236E+001  0.000E+000
 9.890E+013  1.000E-008  6.236E+001  0.000E+000
 9.910E+013  1.000E-008  6.236E+001  0.000E+000
 9.930E+013  1.000E-008  6.236E+001  0.000E+000
 9.950E+013  1.000E-008  6.236E+001  1.023E-012
 9.970E+013  1.000E-008  6.236E+001 -1.023E-012
 9.990E+013  1.000E-008  6.236E+001  0.000E+000
 1.001E+014  1.000E-099  1.000E-099  0.000E+000
 1.003E+014  1.000E-099  1.000E-099  0.000E+000
 9.133E-003
