 2.521E+005
     x1b        dens       energ       v1
 1.000E+011  1.359E-011  5.880E+006  0.000E+000
 3.000E+011  1.362E-011  5.877E+006  1.069E+005
 5.000E+011  1.375E-011  5.879E+006  4.130E+005
 7.000E+011  1.397E-011  5.878E+006  5.577E+005
 9.000E+011  1.428E-011  5.878E+006  7.689E+005
 1.100E+012  1.466E-011  5.878E+006  9.503E+005
 1.300E+012  1.508E-011  5.878E+006  1.145E+006
 1.500E+012  1.550E-011  5.878E+006  1.334E+006
 1.700E+012  1.591E-011  5.878E+006  1.525E+006
 1.900E+012  1.629E-011  5.878E+006  1.716E+006
 2.100E+012  1.656E-011  5.878E+006  1.906E+006
 2.300E+012  1.668E-011  5.878E+006  2.097E+006
 2.500E+012  1.669E-011  5.878E+006  2.287E+006
 2.700E+012  1.669E-011  5.878E+006  2.478E+006
 2.900E+012  1.669E-011  5.878E+006  2.669E+006
 3.100E+012  1.668E-011  5.878E+006  2.859E+006
 3.300E+012  1.665E-011  5.879E+006  3.050E+006
 3.500E+012  1.662E-011  5.879E+006  3.240E+006
 3.700E+012  1.660E-011  5.879E+006  3.431E+006
 3.900E+012  1.660E-011  5.879E+006  3.622E+006
 4.100E+012  1.660E-011  5.879E+006  3.812E+006
 4.300E+012  1.661E-011  5.879E+006  4.003E+006
 4.500E+012  1.663E-011  5.879E+006  4.194E+006
 4.700E+012  1.667E-011  5.879E+006  4.384E+006
 4.900E+012  1.674E-011  5.879E+006  4.575E+006
 5.100E+012  1.685E-011  5.879E+006  4.765E+006
 5.300E+012  1.702E-011  5.879E+006  4.956E+006
 5.500E+012  1.725E-011  5.879E+006  5.147E+006
 5.700E+012  1.756E-011  5.879E+006  5.338E+006
 5.900E+012  1.796E-011  5.879E+006  5.528E+006
 6.100E+012  1.848E-011  5.879E+006  5.719E+006
 6.300E+012  1.914E-011  5.880E+006  5.910E+006
 6.500E+012  1.996E-011  5.880E+006  6.101E+006
 6.700E+012  2.097E-011  5.880E+006  6.293E+006
 6.900E+012  2.222E-011  5.880E+006  6.484E+006
 7.100E+012  2.375E-011  5.880E+006  6.676E+006
 7.300E+012  2.561E-011  5.880E+006  6.868E+006
 7.500E+012  2.788E-011  5.880E+006  7.060E+006
 7.700E+012  3.062E-011  5.881E+006  7.253E+006
 7.900E+012  3.393E-011  5.881E+006  7.445E+006
 8.100E+012  3.792E-011  5.881E+006  7.638E+006
 8.300E+012  4.269E-011  5.881E+006  7.832E+006
 8.500E+012  4.837E-011  5.882E+006  8.025E+006
 8.700E+012  5.509E-011  5.882E+006  8.218E+006
 8.900E+012  6.295E-011  5.883E+006  8.410E+006
 9.100E+012  7.205E-011  5.883E+006  8.602E+006
 9.300E+012  8.245E-011  5.884E+006  8.794E+006
 9.500E+012  9.416E-011  5.884E+006  8.985E+006
 9.700E+012  1.071E-010  5.885E+006  9.175E+006
 9.900E+012  1.213E-010  5.886E+006  9.365E+006
 1.010E+013  1.364E-010  5.887E+006  9.555E+006
 1.030E+013  1.525E-010  5.889E+006  9.744E+006
 1.050E+013  1.692E-010  5.890E+006  9.933E+006
 1.070E+013  1.866E-010  5.892E+006  1.012E+007
 1.090E+013  2.044E-010  5.893E+006  1.031E+007
 1.110E+013  2.227E-010  5.896E+006  1.050E+007
 1.130E+013  2.415E-010  5.898E+006  1.069E+007
 1.150E+013  2.607E-010  5.900E+006  1.088E+007
 1.170E+013  2.806E-010  5.903E+006  1.108E+007
 1.190E+013  3.012E-010  5.906E+006  1.127E+007
 1.210E+013  3.226E-010  5.909E+006  1.146E+007
 1.230E+013  3.451E-010  5.913E+006  1.165E+007
 1.250E+013  3.688E-010  5.917E+006  1.184E+007
 1.270E+013  3.939E-010  5.921E+006  1.204E+007
 1.290E+013  4.206E-010  5.925E+006  1.223E+007
 1.310E+013  4.491E-010  5.930E+006  1.242E+007
 1.330E+013  4.797E-010  5.935E+006  1.262E+007
 1.350E+013  5.124E-010  5.941E+006  1.281E+007
 1.370E+013  5.476E-010  5.948E+006  1.301E+007
 1.390E+013  5.852E-010  5.954E+006  1.320E+007
 1.410E+013  6.256E-010  5.962E+006  1.340E+007
 1.430E+013  6.686E-010  5.970E+006  1.360E+007
 1.450E+013  7.145E-010  5.978E+006  1.379E+007
 1.470E+013  7.632E-010  5.988E+006  1.399E+007
 1.490E+013  8.147E-010  5.998E+006  1.419E+007
 1.510E+013  8.689E-010  6.009E+006  1.439E+007
 1.530E+013  9.259E-010  6.021E+006  1.459E+007
 1.550E+013  9.857E-010  6.034E+006  1.479E+007
 1.570E+013  1.048E-009  6.048E+006  1.499E+007
 1.590E+013  1.113E-009  6.063E+006  1.519E+007
 1.610E+013  1.182E-009  6.079E+006  1.539E+007
 1.630E+013  1.253E-009  6.097E+006  1.559E+007
 1.650E+013  1.327E-009  6.115E+006  1.580E+007
 1.670E+013  1.406E-009  6.135E+006  1.600E+007
 1.690E+013  1.488E-009  6.157E+006  1.621E+007
 1.710E+013  1.574E-009  6.180E+006  1.642E+007
 1.730E+013  1.666E-009  6.205E+006  1.663E+007
 1.750E+013  1.762E-009  6.231E+006  1.684E+007
 1.770E+013  1.864E-009  6.260E+006  1.706E+007
 1.790E+013  1.973E-009  6.290E+006  1.727E+007
 1.810E+013  2.088E-009  6.323E+006  1.749E+007
 1.830E+013  2.210E-009  6.358E+006  1.771E+007
 1.850E+013  2.340E-009  6.396E+006  1.793E+007
 1.870E+013  2.478E-009  6.436E+006  1.815E+007
 1.890E+013  2.624E-009  6.480E+006  1.837E+007
 1.910E+013  2.779E-009  6.526E+006  1.860E+007
 1.930E+013  2.942E-009  6.576E+006  1.883E+007
 1.950E+013  3.116E-009  6.630E+006  1.907E+007
 1.970E+013  3.300E-009  6.687E+006  1.930E+007
 1.990E+013  3.494E-009  6.749E+006  1.954E+007
 2.010E+013  3.700E-009  6.815E+006  1.978E+007
 2.030E+013  3.918E-009  6.887E+006  2.003E+007
 2.050E+013  4.149E-009  6.963E+006  2.028E+007
 2.070E+013  4.395E-009  7.045E+006  2.053E+007
 2.090E+013  4.656E-009  7.133E+006  2.079E+007
 2.110E+013  4.934E-009  7.228E+006  2.105E+007
 2.130E+013  5.229E-009  7.329E+006  2.131E+007
 2.150E+013  5.544E-009  7.439E+006  2.158E+007
 2.170E+013  5.880E-009  7.556E+006  2.186E+007
 2.190E+013  6.238E-009  7.683E+006  2.214E+007
 2.210E+013  6.621E-009  7.819E+006  2.242E+007
 2.230E+013  7.031E-009  7.966E+006  2.271E+007
 2.250E+013  7.470E-009  8.125E+006  2.301E+007
 2.270E+013  7.941E-009  8.296E+006  2.331E+007
 2.290E+013  8.446E-009  8.480E+006  2.362E+007
 2.310E+013  8.991E-009  8.680E+006  2.394E+007
 2.330E+013  9.578E-009  8.896E+006  2.427E+007
 2.350E+013  1.021E-008  9.130E+006  2.460E+007
 2.370E+013  1.090E-008  9.383E+006  2.494E+007
 2.390E+013  1.165E-008  9.659E+006  2.529E+007
 2.410E+013  1.246E-008  9.957E+006  2.564E+007
 2.430E+013  1.335E-008  1.028E+007  2.601E+007
 2.450E+013  1.433E-008  1.064E+007  2.638E+007
 2.470E+013  1.539E-008  1.102E+007  2.676E+007
 2.490E+013  1.657E-008  1.144E+007  2.715E+007
 2.510E+013  1.786E-008  1.190E+007  2.754E+007
 2.530E+013  1.928E-008  1.240E+007  2.795E+007
 2.550E+013  2.085E-008  1.295E+007  2.836E+007
 2.570E+013  2.259E-008  1.355E+007  2.878E+007
 2.590E+013  2.456E-008  1.425E+007  2.923E+007
 2.610E+013  2.666E-008  1.492E+007  2.967E+007
 2.630E+013  2.894E-008  1.564E+007  3.000E+007
 2.650E+013  3.211E-008  1.700E+007  3.054E+007
 2.670E+013  3.500E-008  1.814E+007  3.153E+007
 2.690E+013  3.471E-008  1.645E+007  3.140E+007
 2.710E+013  2.752E-008  9.462E+006  2.858E+007
 2.730E+013  1.633E-008  2.124E+006  2.084E+007
 2.750E+013  1.129E-008  1.024E+005  9.378E+006
 2.770E+013  1.008E-008  1.661E+002  1.264E+006
 2.790E+013  1.000E-008  6.236E+001  1.023E+004
 2.810E+013  1.000E-008  6.236E+001  2.677E-001
 2.830E+013  1.000E-008  6.236E+001  4.043E-009
 2.850E+013  1.000E-008  6.236E+001 -8.956E-013
 2.870E+013  1.000E-008  6.236E+001 -3.582E-012
 2.890E+013  1.000E-008  6.236E+001 -1.321E-030
 2.910E+013  1.000E-008  6.236E+001  6.269E-012
 2.930E+013  1.000E-008  6.236E+001 -6.269E-012
 2.950E+013  1.000E-008  6.236E+001  0.000E+000
 2.970E+013  1.000E-008  6.236E+001  0.000E+000
 2.990E+013  1.000E-008  6.236E+001  0.000E+000
 3.010E+013  1.000E-008  6.236E+001  8.956E-013
 3.030E+013  1.000E-008  6.236E+001 -8.956E-013
 3.050E+013  1.000E-008  6.236E+001  8.956E-013
 3.070E+013  1.000E-008  6.236E+001 -8.956E-013
 3.090E+013  1.000E-008  6.236E+001  8.956E-013
 3.110E+013  1.000E-008  6.236E+001  8.956E-013
 3.130E+013  1.000E-008  6.236E+001 -1.791E-012
 3.150E+013  1.000E-008  6.236E+001  0.000E+000
 3.170E+013  1.000E-008  6.236E+001  0.000E+000
 3.190E+013  1.000E-008  6.236E+001  0.000E+000
 3.210E+013  1.000E-008  6.236E+001  0.000E+000
 3.230E+013  1.000E-008  6.236E+001  0.000E+000
 3.250E+013  1.000E-008  6.236E+001  0.000E+000
 3.270E+013  1.000E-008  6.236E+001 -9.726E-288
 3.290E+013  1.000E-008  6.236E+001 -1.099E-140
 3.310E+013  1.000E-008  6.236E+001 -2.562E-067
 3.330E+013  1.000E-008  6.236E+001 -8.442E-031
 3.350E+013  1.000E-008  6.236E+001 -8.956E-013
 3.370E+013  1.000E-008  6.236E+001  8.956E-013
 3.390E+013  1.000E-008  6.236E+001  8.422E-031
 3.410E+013  1.000E-008  6.236E+001  2.550E-067
 3.430E+013  1.000E-008  6.236E+001  1.088E-140
 3.450E+013  1.000E-008  6.236E+001  1.791E-012
 3.470E+013  1.000E-008  6.236E+001 -1.791E-012
 3.490E+013  1.000E-008  6.236E+001  0.000E+000
 3.510E+013  1.000E-008  6.236E+001  0.000E+000
 3.530E+013  1.000E-008  6.236E+001  0.000E+000
 3.550E+013  1.000E-008  6.236E+001  0.000E+000
 3.570E+013  1.000E-008  6.236E+001  1.791E-012
 3.590E+013  1.000E-008  6.236E+001 -8.956E-013
 3.610E+013  1.000E-008  6.236E+001 -8.441E-031
 3.630E+013  1.000E-008  6.236E+001 -8.956E-013
 3.650E+013  1.000E-008  6.236E+001 -8.956E-013
 3.670E+013  1.000E-008  6.236E+001  8.956E-013
 3.690E+013  1.000E-008  6.236E+001  8.956E-013
 3.710E+013  1.000E-008  6.236E+001 -8.956E-013
 3.730E+013  1.000E-008  6.236E+001 -9.066E-034
 3.750E+013  1.000E-008  6.236E+001  8.956E-013
 3.770E+013  1.000E-008  6.236E+001 -8.956E-013
 3.790E+013  1.000E-008  6.236E+001  0.000E+000
 3.810E+013  1.000E-008  6.236E+001  0.000E+000
 3.830E+013  1.000E-008  6.236E+001  8.956E-013
 3.850E+013  1.000E-008  6.236E+001 -8.956E-013
 3.870E+013  1.000E-008  6.236E+001 -8.440E-031
 3.890E+013  1.000E-008  6.236E+001 -8.956E-013
 3.910E+013  1.000E-008  6.236E+001 -2.555E-031
 3.930E+013  1.000E-008  6.236E+001  2.687E-012
 3.950E+013  1.000E-008  6.236E+001 -8.956E-013
 3.970E+013  1.000E-008  6.236E+001  2.687E-012
 3.990E+013  1.000E-008  6.236E+001 -3.582E-012
 4.010E+013  1.000E-008  6.236E+001  0.000E+000
 4.030E+013  1.000E-008  6.236E+001  0.000E+000
 4.050E+013  1.000E-008  6.236E+001  0.000E+000
 4.070E+013  1.000E-008  6.236E+001  0.000E+000
 4.090E+013  1.000E-008  6.236E+001  3.311E-011
 4.110E+013  1.000E-008  6.236E+001 -3.311E-011
 4.130E+013  1.000E-008  6.236E+001  2.328E-011
 4.150E+013  1.000E-008  6.236E+001 -2.328E-011
 4.170E+013  1.000E-008  6.236E+001  8.060E-012
 4.190E+013  1.000E-008  6.236E+001 -7.165E-012
 4.210E+013  1.000E-008  6.236E+001 -8.440E-031
 4.230E+013  1.000E-008  6.236E+001 -8.956E-013
 4.250E+013  1.000E-008  6.236E+001  0.000E+000
 4.270E+013  1.000E-008  6.236E+001  0.000E+000
 4.290E+013  1.000E-008  6.236E+001  0.000E+000
 4.310E+013  1.000E-008  6.236E+001  0.000E+000
 4.330E+013  1.000E-008  6.236E+001  0.000E+000
 4.350E+013  1.000E-008  6.236E+001  0.000E+000
 4.370E+013  1.000E-008  6.236E+001  0.000E+000
 4.390E+013  1.000E-008  6.236E+001  0.000E+000
 4.410E+013  1.000E-008  6.236E+001  0.000E+000
 4.430E+013  1.000E-008  6.236E+001  0.000E+000
 4.450E+013  1.000E-008  6.236E+001  0.000E+000
 4.470E+013  1.000E-008  6.236E+001  8.956E-013
 4.490E+013  1.000E-008  6.236E+001 -1.506E-033
 4.510E+013  1.000E-008  6.236E+001 -8.956E-013
 4.530E+013  1.000E-008  6.236E+001 -9.700E-288
 4.550E+013  1.000E-008  6.236E+001 -1.097E-140
 4.570E+013  1.000E-008  6.236E+001 -2.560E-067
 4.590E+013  1.000E-008  6.236E+001 -8.439E-031
 4.610E+013  1.000E-008  6.236E+001 -8.956E-013
 4.630E+013  1.000E-008  6.236E+001  8.956E-013
 4.650E+013  1.000E-008  6.236E+001  8.956E-013
 4.670E+013  1.000E-008  6.236E+001 -8.956E-013
 4.690E+013  1.000E-008  6.236E+001  8.956E-013
 4.710E+013  1.000E-008  6.236E+001 -8.956E-013
 4.730E+013  1.000E-008  6.236E+001  0.000E+000
 4.750E+013  1.000E-008  6.236E+001  0.000E+000
 4.770E+013  1.000E-008  6.236E+001  0.000E+000
 4.790E+013  1.000E-008  6.236E+001  8.956E-013
 4.810E+013  1.000E-008  6.236E+001 -8.956E-013
 4.830E+013  1.000E-008  6.236E+001 -6.997E-034
 4.850E+013  1.000E-008  6.236E+001  8.956E-013
 4.870E+013  1.000E-008  6.236E+001 -8.956E-013
 4.890E+013  1.000E-008  6.236E+001  0.000E+000
 4.910E+013  1.000E-008  6.236E+001  0.000E+000
 4.930E+013  1.000E-008  6.236E+001  0.000E+000
 4.950E+013  1.000E-008  6.236E+001  0.000E+000
 4.970E+013  1.000E-008  6.236E+001  0.000E+000
 4.990E+013  1.000E-008  6.236E+001  1.791E-012
 5.010E+013  1.000E-008  6.236E+001 -2.687E-012
 5.030E+013  1.000E-008  6.236E+001  8.956E-013
 5.050E+013  1.000E-008  6.236E+001  8.425E-031
 5.070E+013  1.000E-008  6.236E+001  2.552E-067
 5.090E+013  1.000E-008  6.236E+001  1.090E-140
 5.110E+013  1.000E-008  6.236E+001  8.956E-013
 5.130E+013  1.000E-008  6.236E+001 -8.956E-013
 5.150E+013  1.000E-008  6.236E+001  0.000E+000
 5.170E+013  1.000E-008  6.236E+001  0.000E+000
 5.190E+013  1.000E-008  6.236E+001 -9.692E-288
 5.210E+013  1.000E-008  6.236E+001 -1.097E-140
 5.230E+013  1.000E-008  6.236E+001 -2.560E-067
 5.250E+013  1.000E-008  6.236E+001 -8.438E-031
 5.270E+013  1.000E-008  6.236E+001 -8.956E-013
 5.290E+013  1.000E-008  6.236E+001  8.956E-013
 5.310E+013  1.000E-008  6.236E+001  8.425E-031
 5.330E+013  1.000E-008  6.236E+001  2.552E-067
 5.350E+013  1.000E-008  6.236E+001  1.791E-012
 5.370E+013  1.000E-008  6.236E+001 -1.791E-012
 5.390E+013  1.000E-008  6.236E+001  1.112E-031
 5.410E+013  1.000E-008  6.236E+001  8.956E-013
 5.430E+013  1.000E-008  6.236E+001  8.956E-013
 5.450E+013  1.000E-008  6.236E+001  8.956E-013
 5.470E+013  1.000E-008  6.236E+001 -2.687E-012
 5.490E+013  1.000E-008  6.236E+001 -8.438E-031
 5.510E+013  1.000E-008  6.236E+001 -8.956E-013
 5.530E+013  1.000E-008  6.236E+001  1.791E-012
 5.550E+013  1.000E-008  6.236E+001 -3.582E-012
 5.570E+013  1.000E-008  6.236E+001  1.791E-012
 5.590E+013  1.000E-008  6.236E+001  8.956E-013
 5.610E+013  1.000E-008  6.236E+001 -8.956E-013
 5.630E+013  1.000E-008  6.236E+001  8.956E-013
 5.650E+013  1.000E-008  6.236E+001 -5.374E-012
 5.670E+013  1.000E-008  6.236E+001  5.374E-012
 5.690E+013  1.000E-008  6.236E+001  5.374E-012
 5.710E+013  1.000E-008  6.236E+001 -5.374E-012
 5.730E+013  1.000E-008  6.236E+001  6.269E-012
 5.750E+013  1.000E-008  6.236E+001 -1.343E-011
 5.770E+013  1.000E-008  6.236E+001 -8.955E-013
 5.790E+013  1.000E-008  6.236E+001  8.060E-012
 5.810E+013  1.000E-008  6.236E+001  4.294E-011
 5.830E+013  1.000E-008  6.236E+001 -4.294E-011
 5.850E+013  1.000E-008  6.236E+001  0.000E+000
 5.870E+013  1.000E-008  6.236E+001  0.000E+000
 5.890E+013  1.000E-008  6.236E+001  0.000E+000
 5.910E+013  1.000E-008  6.236E+001  0.000E+000
 5.930E+013  1.000E-008  6.236E+001  0.000E+000
 5.950E+013  1.000E-008  6.236E+001  0.000E+000
 5.970E+013  1.000E-008  6.236E+001  0.000E+000
 5.990E+013  1.000E-008  6.236E+001  0.000E+000
 6.010E+013  1.000E-008  6.236E+001  0.000E+000
 6.030E+013  1.000E-008  6.236E+001  8.956E-013
 6.050E+013  1.000E-008  6.236E+001 -8.956E-013
 6.070E+013  1.000E-008  6.236E+001  8.956E-013
 6.090E+013  1.000E-008  6.236E+001 -8.956E-013
 6.110E+013  1.000E-008  6.236E+001  0.000E+000
 6.130E+013  1.000E-008  6.236E+001  0.000E+000
 6.150E+013  1.000E-008  6.236E+001  0.000E+000
 6.170E+013  1.000E-008  6.236E+001  8.956E-013
 6.190E+013  1.000E-008  6.236E+001 -8.956E-013
 6.210E+013  1.000E-008  6.236E+001  0.000E+000
 6.230E+013  1.000E-008  6.236E+001  0.000E+000
 6.250E+013  1.000E-008  6.236E+001  0.000E+000
 6.270E+013  1.000E-008  6.236E+001  0.000E+000
 6.290E+013  1.000E-008  6.236E+001  0.000E+000
 6.310E+013  1.000E-008  6.236E+001  0.000E+000
 6.330E+013  1.000E-008  6.236E+001  0.000E+000
 6.350E+013  1.000E-008  6.236E+001  8.956E-013
 6.370E+013  1.000E-008  6.236E+001 -8.956E-013
 6.390E+013  1.000E-008  6.236E+001  0.000E+000
 6.410E+013  1.000E-008  6.236E+001  0.000E+000
 6.430E+013  1.000E-008  6.236E+001  0.000E+000
 6.450E+013  1.000E-008  6.236E+001  0.000E+000
 6.470E+013  1.000E-008  6.236E+001  8.956E-013
 6.490E+013  1.000E-008  6.236E+001 -8.956E-013
 6.510E+013  1.000E-008  6.236E+001  0.000E+000
 6.530E+013  1.000E-008  6.236E+001  0.000E+000
 6.550E+013  1.000E-008  6.236E+001  0.000E+000
 6.570E+013  1.000E-008  6.236E+001  0.000E+000
 6.590E+013  1.000E-008  6.236E+001  8.956E-013
 6.610E+013  1.000E-008  6.236E+001 -8.956E-013
 6.630E+013  1.000E-008  6.236E+001  0.000E+000
 6.650E+013  1.000E-008  6.236E+001  0.000E+000
 6.670E+013  1.000E-008  6.236E+001  0.000E+000
 6.690E+013  1.000E-008  6.236E+001  8.956E-013
 6.710E+013  1.000E-008  6.236E+001 -8.956E-013
 6.730E+013  1.000E-008  6.236E+001  0.000E+000
 6.750E+013  1.000E-008  6.236E+001  0.000E+000
 6.770E+013  1.000E-008  6.236E+001  8.956E-013
 6.790E+013  1.000E-008  6.236E+001 -8.956E-013
 6.810E+013  1.000E-008  6.236E+001  8.956E-013
 6.830E+013  1.000E-008  6.236E+001 -9.891E-034
 6.850E+013  1.000E-008  6.236E+001 -8.956E-013
 6.870E+013  1.000E-008  6.236E+001  0.000E+000
 6.890E+013  1.000E-008  6.236E+001  0.000E+000
 6.910E+013  1.000E-008  6.236E+001  0.000E+000
 6.930E+013  1.000E-008  6.236E+001  8.956E-013
 6.950E+013  1.000E-008  6.236E+001 -8.956E-013
 6.970E+013  1.000E-008  6.236E+001  0.000E+000
 6.990E+013  1.000E-008  6.236E+001  0.000E+000
 7.010E+013  1.000E-008  6.236E+001  0.000E+000
 7.030E+013  1.000E-008  6.236E+001  0.000E+000
 7.050E+013  1.000E-008  6.236E+001  0.000E+000
 7.070E+013  1.000E-008  6.236E+001  0.000E+000
 7.090E+013  1.000E-008  6.236E+001  0.000E+000
 7.110E+013  1.000E-008  6.236E+001  0.000E+000
 7.130E+013  1.000E-008  6.236E+001  0.000E+000
 7.150E+013  1.000E-008  6.236E+001  0.000E+000
 7.170E+013  1.000E-008  6.236E+001  0.000E+000
 7.190E+013  1.000E-008  6.236E+001  8.956E-013
 7.210E+013  1.000E-008  6.236E+001 -8.956E-013
 7.230E+013  1.000E-008  6.236E+001  0.000E+000
 7.250E+013  1.000E-008  6.236E+001  0.000E+000
 7.270E+013  1.000E-008  6.236E+001  1.791E-012
 7.290E+013  1.000E-008  6.236E+001 -3.706E-033
 7.310E+013  1.000E-008  6.236E+001 -1.791E-012
 7.330E+013  1.000E-008  6.236E+001 -8.436E-031
 7.350E+013  1.000E-008  6.236E+001 -8.956E-013
 7.370E+013  1.000E-008  6.236E+001  8.956E-013
 7.390E+013  1.000E-008  6.236E+001  8.427E-031
 7.410E+013  1.000E-008  6.236E+001  2.553E-067
 7.430E+013  1.000E-008  6.236E+001  1.091E-140
 7.450E+013  1.000E-008  6.236E+001  9.591E-288
 7.470E+013  1.000E-008  6.236E+001  0.000E+000
 7.490E+013  1.000E-008  6.236E+001  0.000E+000
 7.510E+013  1.000E-008  6.236E+001  0.000E+000
 7.530E+013  1.000E-008  6.236E+001  0.000E+000
 7.550E+013  1.000E-008  6.236E+001  0.000E+000
 7.570E+013  1.000E-008  6.236E+001  0.000E+000
 7.590E+013  1.000E-008  6.236E+001  0.000E+000
 7.610E+013  1.000E-008  6.236E+001  0.000E+000
 7.630E+013  1.000E-008  6.236E+001  0.000E+000
 7.650E+013  1.000E-008  6.236E+001  0.000E+000
 7.670E+013  1.000E-008  6.236E+001  1.791E-012
 7.690E+013  1.000E-008  6.236E+001 -1.791E-012
 7.710E+013  1.000E-008  6.236E+001  2.687E-012
 7.730E+013  1.000E-008  6.236E+001 -2.687E-012
 7.750E+013  1.000E-008  6.236E+001  1.997E-031
 7.770E+013  1.000E-008  6.236E+001  1.791E-012
 7.790E+013  1.000E-008  6.236E+001 -5.374E-012
 7.810E+013  1.000E-008  6.236E+001  5.374E-012
 7.830E+013  1.000E-008  6.236E+001 -1.791E-012
 7.850E+013  1.000E-008  6.236E+001 -1.804E-067
 7.870E+013  1.000E-008  6.236E+001 -7.083E-031
 7.890E+013  1.000E-008  6.236E+001 -8.956E-013
 7.910E+013  1.000E-008  6.236E+001 -4.478E-012
 7.930E+013  1.000E-008  6.236E+001  2.687E-012
 7.950E+013  1.000E-008  6.236E+001  2.687E-012
 7.970E+013  1.000E-008  6.236E+001 -3.582E-012
 7.990E+013  1.000E-008  6.236E+001  3.582E-012
 8.010E+013  1.000E-008  6.236E+001  1.348E-029
 8.030E+013  1.000E-008  6.236E+001  6.536E-065
 8.050E+013  1.000E-008  6.236E+001  7.150E-136
 8.070E+013  1.000E-008  6.236E+001 -4.438E-271
 8.090E+013  1.000E-008  6.236E+001 -2.347E-132
 8.110E+013  1.000E-008  6.236E+001 -3.745E-063
 8.130E+013  1.000E-008  6.236E+001 -1.021E-028
 8.150E+013  1.000E-008  6.236E+001 -9.851E-012
 8.170E+013  1.000E-008  6.236E+001  1.254E-011
 8.190E+013  1.000E-008  6.236E+001 -2.687E-012
 8.210E+013  1.000E-008  6.236E+001  0.000E+000
 8.230E+013  1.000E-008  6.236E+001  0.000E+000
 8.250E+013  1.000E-008  6.236E+001  0.000E+000
 8.270E+013  1.000E-008  6.236E+001  0.000E+000
 8.290E+013  1.000E-008  6.236E+001  3.582E-012
 8.310E+013  1.000E-008  6.236E+001 -3.582E-012
 8.330E+013  1.000E-008  6.236E+001 -8.192E-031
 8.350E+013  1.000E-008  6.236E+001  5.374E-012
 8.370E+013  1.000E-008  6.236E+001 -4.478E-012
 8.390E+013  1.000E-008  6.236E+001 -8.436E-031
 8.410E+013  1.000E-008  6.236E+001 -8.956E-013
 8.430E+013  1.000E-008  6.236E+001  8.956E-013
 8.450E+013  1.000E-008  6.236E+001 -7.992E-034
 8.470E+013  1.000E-008  6.236E+001 -8.956E-013
 8.490E+013  1.000E-008  6.236E+001 -3.977E-034
 8.510E+013  1.000E-008  6.236E+001  8.956E-013
 8.530E+013  1.000E-008  6.236E+001 -7.917E-034
 8.550E+013  1.000E-008  6.236E+001 -8.956E-013
 8.570E+013  1.000E-008  6.236E+001 -3.940E-034
 8.590E+013  1.000E-008  6.236E+001  8.956E-013
 8.610E+013  1.000E-008  6.236E+001 -8.956E-013
 8.630E+013  1.000E-008  6.236E+001  0.000E+000
 8.650E+013  1.000E-008  6.236E+001  0.000E+000
 8.670E+013  1.000E-008  6.236E+001  0.000E+000
 8.690E+013  1.000E-008  6.236E+001  0.000E+000
 8.710E+013  1.000E-008  6.236E+001  0.000E+000
 8.730E+013  1.000E-008  6.236E+001  0.000E+000
 8.750E+013  1.000E-008  6.236E+001  8.956E-013
 8.770E+013  1.000E-008  6.236E+001 -8.956E-013
 8.790E+013  1.000E-008  6.236E+001 -3.841E-034
 8.810E+013  1.000E-008  6.236E+001  8.956E-013
 8.830E+013  1.000E-008  6.236E+001 -8.956E-013
 8.850E+013  1.000E-008  6.236E+001  8.956E-013
 8.870E+013  1.000E-008  6.236E+001  8.956E-013
 8.890E+013  1.000E-008  6.236E+001 -1.791E-012
 8.910E+013  1.000E-008  6.236E+001  0.000E+000
 8.930E+013  1.000E-008  6.236E+001  0.000E+000
 8.950E+013  1.000E-008  6.236E+001  0.000E+000
 8.970E+013  1.000E-008  6.236E+001  0.000E+000
 8.990E+013  1.000E-008  6.236E+001  0.000E+000
 9.010E+013  1.000E-008  6.236E+001  8.956E-013
 9.030E+013  1.000E-008  6.236E+001 -7.478E-034
 9.050E+013  1.000E-008  6.236E+001 -8.956E-013
 9.070E+013  1.000E-008  6.236E+001  8.956E-013
 9.090E+013  1.000E-008  6.236E+001 -7.429E-034
 9.110E+013  1.000E-008  6.236E+001 -8.956E-013
 9.130E+013  1.000E-008  6.236E+001  0.000E+000
 9.150E+013  1.000E-008  6.236E+001  0.000E+000
 9.170E+013  1.000E-008  6.236E+001  0.000E+000
 9.190E+013  1.000E-008  6.236E+001  0.000E+000
 9.210E+013  1.000E-008  6.236E+001  0.000E+000
 9.230E+013  1.000E-008  6.236E+001  8.956E-013
 9.250E+013  1.000E-008  6.236E+001 -7.300E-034
 9.270E+013  1.000E-008  6.236E+001 -8.956E-013
 9.290E+013  1.000E-008  6.236E+001  0.000E+000
 9.310E+013  1.000E-008  6.236E+001  0.000E+000
 9.330E+013  1.000E-008  6.236E+001  0.000E+000
 9.350E+013  1.000E-008  6.236E+001  0.000E+000
 9.370E+013  1.000E-008  6.236E+001  8.956E-013
 9.390E+013  1.000E-008  6.236E+001 -8.956E-013
 9.410E+013  1.000E-008  6.236E+001  8.956E-013
 9.430E+013  1.000E-008  6.236E+001 -8.956E-013
 9.450E+013  1.000E-008  6.236E+001  0.000E+000
 9.470E+013  1.000E-008  6.236E+001  0.000E+000
 9.490E+013  1.000E-008  6.236E+001  0.000E+000
 9.510E+013  1.000E-008  6.236E+001  0.000E+000
 9.530E+013  1.000E-008  6.236E+001  8.956E-013
 9.550E+013  1.000E-008  6.236E+001 -8.956E-013
 9.570E+013  1.000E-008  6.236E+001 -2.558E-067
 9.590E+013  1.000E-008  6.236E+001 -8.435E-031
 9.610E+013  1.000E-008  6.236E+001 -8.956E-013
 9.630E+013  1.000E-008  6.236E+001  8.956E-013
 9.650E+013  1.000E-008  6.236E+001  8.428E-031
 9.670E+013  1.000E-008  6.236E+001  8.956E-013
 9.690E+013  1.000E-008  6.236E+001 -8.956E-013
 9.710E+013  1.000E-008  6.236E+001  0.000E+000
 9.730E+013  1.000E-008  6.236E+001  0.000E+000
 9.750E+013  1.000E-008  6.236E+001  0.000E+000
 9.770E+013  1.000E-008  6.236E+001  0.000E+000
 9.790E+013  1.000E-008  6.236E+001  0.000E+000
 9.810E+013  1.000E-008  6.236E+001  0.000E+000
 9.830E+013  1.000E-008  6.236E+001  0.000E+000
 9.850E+013  1.000E-008  6.236E+001  0.000E+000
 9.870E+013  1.000E-008  6.236E+001  0.000E+000
 9.890E+013  1.000E-008  6.236E+001  0.000E+000
 9.910E+013  1.000E-008  6.236E+001  0.000E+000
 9.930E+013  1.000E-008  6.236E+001  0.000E+000
 9.950E+013  1.000E-008  6.236E+001  8.956E-013
 9.970E+013  1.000E-008  6.236E+001 -8.956E-013
 9.990E+013  1.000E-008  6.236E+001  0.000E+000
 1.001E+014  1.000E-099  1.000E-099  0.000E+000
 1.003E+014  1.000E-099  1.000E-099  0.000E+000
 7.994E-003
