 7.800E+004
     x1b        dens       energ       v1
 1.000E+011  3.158E-011  2.396E+007  0.000E+000
 3.000E+011  3.174E-011  2.391E+007  5.332E+005
 5.000E+011  3.235E-011  2.393E+007  1.243E+006
 7.000E+011  3.332E-011  2.392E+007  1.822E+006
 9.000E+011  3.453E-011  2.392E+007  2.440E+006
 1.100E+012  3.581E-011  2.392E+007  3.049E+006
 1.300E+012  3.705E-011  2.392E+007  3.659E+006
 1.500E+012  3.811E-011  2.392E+007  4.269E+006
 1.700E+012  3.867E-011  2.393E+007  4.878E+006
 1.900E+012  3.877E-011  2.393E+007  5.488E+006
 2.100E+012  3.877E-011  2.393E+007  6.097E+006
 2.300E+012  3.874E-011  2.393E+007  6.707E+006
 2.500E+012  3.867E-011  2.393E+007  7.317E+006
 2.700E+012  3.857E-011  2.393E+007  7.927E+006
 2.900E+012  3.853E-011  2.393E+007  8.537E+006
 3.100E+012  3.853E-011  2.393E+007  9.147E+006
 3.300E+012  3.856E-011  2.393E+007  9.757E+006
 3.500E+012  3.865E-011  2.393E+007  1.037E+007
 3.700E+012  3.885E-011  2.393E+007  1.098E+007
 3.900E+012  3.922E-011  2.394E+007  1.159E+007
 4.100E+012  3.982E-011  2.394E+007  1.220E+007
 4.300E+012  4.073E-011  2.394E+007  1.281E+007
 4.500E+012  4.202E-011  2.394E+007  1.342E+007
 4.700E+012  4.382E-011  2.394E+007  1.403E+007
 4.900E+012  4.624E-011  2.394E+007  1.464E+007
 5.100E+012  4.946E-011  2.395E+007  1.526E+007
 5.300E+012  5.370E-011  2.395E+007  1.587E+007
 5.500E+012  5.922E-011  2.395E+007  1.649E+007
 5.700E+012  6.639E-011  2.396E+007  1.711E+007
 5.900E+012  7.562E-011  2.396E+007  1.773E+007
 6.100E+012  8.747E-011  2.396E+007  1.836E+007
 6.300E+012  1.025E-010  2.397E+007  1.898E+007
 6.500E+012  1.215E-010  2.398E+007  1.961E+007
 6.700E+012  1.449E-010  2.398E+007  2.023E+007
 6.900E+012  1.733E-010  2.399E+007  2.085E+007
 7.100E+012  2.070E-010  2.400E+007  2.147E+007
 7.300E+012  2.459E-010  2.402E+007  2.208E+007
 7.500E+012  2.895E-010  2.404E+007  2.269E+007
 7.700E+012  3.372E-010  2.406E+007  2.330E+007
 7.900E+012  3.881E-010  2.409E+007  2.390E+007
 8.100E+012  4.416E-010  2.412E+007  2.451E+007
 8.300E+012  4.974E-010  2.415E+007  2.512E+007
 8.500E+012  5.551E-010  2.419E+007  2.574E+007
 8.700E+012  6.152E-010  2.424E+007  2.635E+007
 8.900E+012  6.781E-010  2.429E+007  2.698E+007
 9.100E+012  7.445E-010  2.435E+007  2.760E+007
 9.300E+012  8.155E-010  2.441E+007  2.823E+007
 9.500E+012  8.920E-010  2.448E+007  2.887E+007
 9.700E+012  9.752E-010  2.456E+007  2.951E+007
 9.900E+012  1.066E-009  2.466E+007  3.015E+007
 1.010E+013  1.167E-009  2.476E+007  3.080E+007
 1.030E+013  1.278E-009  2.487E+007  3.145E+007
 1.050E+013  1.401E-009  2.500E+007  3.211E+007
 1.070E+013  1.536E-009  2.514E+007  3.278E+007
 1.090E+013  1.684E-009  2.530E+007  3.345E+007
 1.110E+013  1.847E-009  2.548E+007  3.413E+007
 1.130E+013  2.023E-009  2.568E+007  3.482E+007
 1.150E+013  2.213E-009  2.590E+007  3.552E+007
 1.170E+013  2.419E-009  2.615E+007  3.622E+007
 1.190E+013  2.640E-009  2.642E+007  3.694E+007
 1.210E+013  2.878E-009  2.673E+007  3.767E+007
 1.230E+013  3.135E-009  2.707E+007  3.841E+007
 1.250E+013  3.413E-009  2.746E+007  3.917E+007
 1.270E+013  3.716E-009  2.788E+007  3.994E+007
 1.290E+013  4.049E-009  2.835E+007  4.073E+007
 1.310E+013  4.415E-009  2.887E+007  4.154E+007
 1.330E+013  4.821E-009  2.946E+007  4.237E+007
 1.350E+013  5.273E-009  3.011E+007  4.322E+007
 1.370E+013  5.777E-009  3.085E+007  4.410E+007
 1.390E+013  6.341E-009  3.167E+007  4.500E+007
 1.410E+013  6.973E-009  3.260E+007  4.594E+007
 1.430E+013  7.682E-009  3.365E+007  4.691E+007
 1.450E+013  8.480E-009  3.485E+007  4.791E+007
 1.470E+013  9.382E-009  3.621E+007  4.896E+007
 1.490E+013  1.040E-008  3.775E+007  5.005E+007
 1.510E+013  1.157E-008  3.953E+007  5.118E+007
 1.530E+013  1.290E-008  4.157E+007  5.238E+007
 1.550E+013  1.443E-008  4.387E+007  5.361E+007
 1.570E+013  1.620E-008  4.652E+007  5.485E+007
 1.590E+013  1.830E-008  4.978E+007  5.622E+007
 1.610E+013  2.069E-008  5.325E+007  5.769E+007
 1.630E+013  2.332E-008  5.664E+007  5.877E+007
 1.650E+013  2.703E-008  6.316E+007  6.014E+007
 1.670E+013  3.156E-008  7.172E+007  6.331E+007
 1.690E+013  3.245E-008  6.700E+007  6.399E+007
 1.710E+013  2.723E-008  4.053E+007  5.884E+007
 1.730E+013  1.663E-008  9.603E+006  4.339E+007
 1.750E+013  1.139E-008  5.024E+005  2.010E+007
 1.770E+013  1.010E-008  6.473E+002  2.881E+006
 1.790E+013  1.000E-008  6.236E+001  2.535E+004
 1.810E+013  1.000E-008  6.236E+001  7.174E-001
 1.830E+013  1.000E-008  6.236E+001  2.646E-009
 1.850E+013  1.000E-008  6.236E+001 -2.771E-013
 1.870E+013  1.000E-008  6.236E+001  1.108E-012
 1.890E+013  1.000E-008  6.236E+001 -1.663E-012
 1.910E+013  1.000E-008  6.236E+001  1.108E-012
 1.930E+013  1.000E-008  6.236E+001 -5.542E-013
 1.950E+013  1.000E-008  6.236E+001  0.000E+000
 1.970E+013  1.000E-008  6.236E+001  0.000E+000
 1.990E+013  1.000E-008  6.236E+001  0.000E+000
 2.010E+013  1.000E-008  6.236E+001  0.000E+000
 2.030E+013  1.000E-008  6.236E+001  0.000E+000
 2.050E+013  1.000E-008  6.236E+001  0.000E+000
 2.070E+013  1.000E-008  6.236E+001  0.000E+000
 2.090E+013  1.000E-008  6.236E+001  2.771E-013
 2.110E+013  1.000E-008  6.236E+001 -9.526E-035
 2.130E+013  1.000E-008  6.236E+001 -2.771E-013
 2.150E+013  1.000E-008  6.236E+001  0.000E+000
 2.170E+013  1.000E-008  6.236E+001  0.000E+000
 2.190E+013  1.000E-008  6.236E+001  0.000E+000
 2.210E+013  1.000E-008  6.236E+001  0.000E+000
 2.230E+013  1.000E-008  6.236E+001  0.000E+000
 2.250E+013  1.000E-008  6.236E+001  0.000E+000
 2.270E+013  1.000E-008  6.236E+001  2.771E-013
 2.290E+013  1.000E-008  6.236E+001 -8.774E-035
 2.310E+013  1.000E-008  6.236E+001 -2.771E-013
 2.330E+013  1.000E-008  6.236E+001  0.000E+000
 2.350E+013  1.000E-008  6.236E+001  0.000E+000
 2.370E+013  1.000E-008  6.236E+001  2.771E-013
 2.390E+013  1.000E-008  6.236E+001 -2.771E-013
 2.410E+013  1.000E-008  6.236E+001  0.000E+000
 2.430E+013  1.000E-008  6.236E+001  0.000E+000
 2.450E+013  1.000E-008  6.236E+001  0.000E+000
 2.470E+013  1.000E-008  6.236E+001  2.771E-013
 2.490E+013  1.000E-008  6.236E+001 -2.771E-013
 2.510E+013  1.000E-008  6.236E+001  2.771E-013
 2.530E+013  1.000E-008  6.236E+001 -2.771E-013
 2.550E+013  1.000E-008  6.236E+001 -1.003E-298
 2.570E+013  1.000E-008  6.236E+001 -6.384E-146
 2.590E+013  1.000E-008  6.236E+001 -1.114E-069
 2.610E+013  1.000E-008  6.236E+001 -1.002E-031
 2.630E+013  1.000E-008  6.236E+001 -5.542E-013
 2.650E+013  1.000E-008  6.236E+001  5.542E-013
 2.670E+013  1.000E-008  6.236E+001  9.987E-032
 2.690E+013  1.000E-008  6.236E+001  1.107E-069
 2.710E+013  1.000E-008  6.236E+001  2.771E-013
 2.730E+013  1.000E-008  6.236E+001 -2.771E-013
 2.750E+013  1.000E-008  6.236E+001  8.314E-013
 2.770E+013  1.000E-008  6.236E+001 -8.314E-013
 2.790E+013  1.000E-008  6.236E+001  0.000E+000
 2.810E+013  1.000E-008  6.236E+001  0.000E+000
 2.830E+013  1.000E-008  6.236E+001  1.386E-012
 2.850E+013  1.000E-008  6.236E+001 -2.771E-013
 2.870E+013  1.000E-008  6.236E+001 -1.108E-012
 2.890E+013  1.000E-008  6.236E+001 -3.916E-032
 2.910E+013  1.000E-008  6.236E+001  1.940E-012
 2.930E+013  1.000E-008  6.236E+001 -1.940E-012
 2.950E+013  1.000E-008  6.236E+001  0.000E+000
 2.970E+013  1.000E-008  6.236E+001  0.000E+000
 2.990E+013  1.000E-008  6.236E+001  0.000E+000
 3.010E+013  1.000E-008  6.236E+001  2.771E-013
 3.030E+013  1.000E-008  6.236E+001 -2.771E-013
 3.050E+013  1.000E-008  6.236E+001  2.771E-013
 3.070E+013  1.000E-008  6.236E+001 -2.771E-013
 3.090E+013  1.000E-008  6.236E+001  2.771E-013
 3.110E+013  1.000E-008  6.236E+001  2.771E-013
 3.130E+013  1.000E-008  6.236E+001 -5.542E-013
 3.150E+013  1.000E-008  6.236E+001  0.000E+000
 3.170E+013  1.000E-008  6.236E+001  0.000E+000
 3.190E+013  1.000E-008  6.236E+001  0.000E+000
 3.210E+013  1.000E-008  6.236E+001  0.000E+000
 3.230E+013  1.000E-008  6.236E+001  0.000E+000
 3.250E+013  1.000E-008  6.236E+001  0.000E+000
 3.270E+013  1.000E-008  6.236E+001 -1.527E-303
 3.290E+013  1.000E-008  6.236E+001 -2.490E-148
 3.310E+013  1.000E-008  6.236E+001 -6.955E-071
 3.330E+013  1.000E-008  6.236E+001 -2.504E-032
 3.350E+013  1.000E-008  6.236E+001 -2.771E-013
 3.370E+013  1.000E-008  6.236E+001  2.771E-013
 3.390E+013  1.000E-008  6.236E+001  2.498E-032
 3.410E+013  1.000E-008  6.236E+001  6.922E-071
 3.430E+013  1.000E-008  6.236E+001  2.467E-148
 3.450E+013  1.000E-008  6.236E+001  5.542E-013
 3.470E+013  1.000E-008  6.236E+001 -5.542E-013
 3.490E+013  1.000E-008  6.236E+001  0.000E+000
 3.510E+013  1.000E-008  6.236E+001  0.000E+000
 3.530E+013  1.000E-008  6.236E+001  0.000E+000
 3.550E+013  1.000E-008  6.236E+001  0.000E+000
 3.570E+013  1.000E-008  6.236E+001  5.542E-013
 3.590E+013  1.000E-008  6.236E+001 -2.771E-013
 3.610E+013  1.000E-008  6.236E+001 -2.503E-032
 3.630E+013  1.000E-008  6.236E+001 -2.771E-013
 3.650E+013  1.000E-008  6.236E+001 -2.771E-013
 3.670E+013  1.000E-008  6.236E+001  2.771E-013
 3.690E+013  1.000E-008  6.236E+001  2.771E-013
 3.710E+013  1.000E-008  6.236E+001 -2.771E-013
 3.730E+013  1.000E-008  6.236E+001 -2.689E-035
 3.750E+013  1.000E-008  6.236E+001  2.771E-013
 3.770E+013  1.000E-008  6.236E+001 -2.771E-013
 3.790E+013  1.000E-008  6.236E+001  0.000E+000
 3.810E+013  1.000E-008  6.236E+001  0.000E+000
 3.830E+013  1.000E-008  6.236E+001  2.771E-013
 3.850E+013  1.000E-008  6.236E+001 -2.771E-013
 3.870E+013  1.000E-008  6.236E+001 -2.503E-032
 3.890E+013  1.000E-008  6.236E+001 -2.771E-013
 3.910E+013  1.000E-008  6.236E+001 -7.579E-033
 3.930E+013  1.000E-008  6.236E+001  8.314E-013
 3.950E+013  1.000E-008  6.236E+001 -2.771E-013
 3.970E+013  1.000E-008  6.236E+001  8.314E-013
 3.990E+013  1.000E-008  6.236E+001 -1.108E-012
 4.010E+013  1.000E-008  6.236E+001  0.000E+000
 4.030E+013  1.000E-008  6.236E+001  0.000E+000
 4.050E+013  1.000E-008  6.236E+001  0.000E+000
 4.070E+013  1.000E-008  6.236E+001  0.000E+000
 4.090E+013  1.000E-008  6.236E+001  1.023E-011
 4.110E+013  1.000E-008  6.236E+001 -1.023E-011
 4.130E+013  1.000E-008  6.236E+001  7.197E-012
 4.150E+013  1.000E-008  6.236E+001 -7.197E-012
 4.170E+013  1.000E-008  6.236E+001  2.494E-012
 4.190E+013  1.000E-008  6.236E+001 -2.217E-012
 4.210E+013  1.000E-008  6.236E+001 -2.503E-032
 4.230E+013  1.000E-008  6.236E+001 -2.771E-013
 4.250E+013  1.000E-008  6.236E+001  0.000E+000
 4.270E+013  1.000E-008  6.236E+001  0.000E+000
 4.290E+013  1.000E-008  6.236E+001  0.000E+000
 4.310E+013  1.000E-008  6.236E+001  0.000E+000
 4.330E+013  1.000E-008  6.236E+001  0.000E+000
 4.350E+013  1.000E-008  6.236E+001  0.000E+000
 4.370E+013  1.000E-008  6.236E+001  0.000E+000
 4.390E+013  1.000E-008  6.236E+001  0.000E+000
 4.410E+013  1.000E-008  6.236E+001  0.000E+000
 4.430E+013  1.000E-008  6.236E+001  0.000E+000
 4.450E+013  1.000E-008  6.236E+001  0.000E+000
 4.470E+013  1.000E-008  6.236E+001  2.771E-013
 4.490E+013  1.000E-008  6.236E+001 -4.465E-035
 4.510E+013  1.000E-008  6.236E+001 -2.771E-013
 4.530E+013  1.000E-008  6.236E+001 -1.523E-303
 4.550E+013  1.000E-008  6.236E+001 -2.487E-148
 4.570E+013  1.000E-008  6.236E+001 -6.951E-071
 4.590E+013  1.000E-008  6.236E+001 -2.503E-032
 4.610E+013  1.000E-008  6.236E+001 -2.771E-013
 4.630E+013  1.000E-008  6.236E+001  2.771E-013
 4.650E+013  1.000E-008  6.236E+001  2.771E-013
 4.670E+013  1.000E-008  6.236E+001 -2.771E-013
 4.690E+013  1.000E-008  6.236E+001  2.771E-013
 4.710E+013  1.000E-008  6.236E+001 -2.771E-013
 4.730E+013  1.000E-008  6.236E+001  0.000E+000
 4.750E+013  1.000E-008  6.236E+001  0.000E+000
 4.770E+013  1.000E-008  6.236E+001  0.000E+000
 4.790E+013  1.000E-008  6.236E+001  2.771E-013
 4.810E+013  1.000E-008  6.236E+001 -2.771E-013
 4.830E+013  1.000E-008  6.236E+001 -2.075E-035
 4.850E+013  1.000E-008  6.236E+001  2.771E-013
 4.870E+013  1.000E-008  6.236E+001 -2.771E-013
 4.890E+013  1.000E-008  6.236E+001  0.000E+000
 4.910E+013  1.000E-008  6.236E+001  0.000E+000
 4.930E+013  1.000E-008  6.236E+001  0.000E+000
 4.950E+013  1.000E-008  6.236E+001  0.000E+000
 4.970E+013  1.000E-008  6.236E+001  0.000E+000
 4.990E+013  1.000E-008  6.236E+001  5.542E-013
 5.010E+013  1.000E-008  6.236E+001 -8.314E-013
 5.030E+013  1.000E-008  6.236E+001  2.771E-013
 5.050E+013  1.000E-008  6.236E+001  2.499E-032
 5.070E+013  1.000E-008  6.236E+001  6.928E-071
 5.090E+013  1.000E-008  6.236E+001  2.471E-148
 5.110E+013  1.000E-008  6.236E+001  2.771E-013
 5.130E+013  1.000E-008  6.236E+001 -2.771E-013
 5.150E+013  1.000E-008  6.236E+001  0.000E+000
 5.170E+013  1.000E-008  6.236E+001  0.000E+000
 5.190E+013  1.000E-008  6.236E+001 -1.522E-303
 5.210E+013  1.000E-008  6.236E+001 -2.486E-148
 5.230E+013  1.000E-008  6.236E+001 -6.949E-071
 5.250E+013  1.000E-008  6.236E+001 -2.502E-032
 5.270E+013  1.000E-008  6.236E+001 -2.771E-013
 5.290E+013  1.000E-008  6.236E+001  2.771E-013
 5.310E+013  1.000E-008  6.236E+001  2.499E-032
 5.330E+013  1.000E-008  6.236E+001  6.928E-071
 5.350E+013  1.000E-008  6.236E+001  5.542E-013
 5.370E+013  1.000E-008  6.236E+001 -5.542E-013
 5.390E+013  1.000E-008  6.236E+001  3.297E-033
 5.410E+013  1.000E-008  6.236E+001  2.771E-013
 5.430E+013  1.000E-008  6.236E+001  2.771E-013
 5.450E+013  1.000E-008  6.236E+001  2.771E-013
 5.470E+013  1.000E-008  6.236E+001 -8.314E-013
 5.490E+013  1.000E-008  6.236E+001 -2.502E-032
 5.510E+013  1.000E-008  6.236E+001 -2.771E-013
 5.530E+013  1.000E-008  6.236E+001  5.542E-013
 5.550E+013  1.000E-008  6.236E+001 -1.108E-012
 5.570E+013  1.000E-008  6.236E+001  5.542E-013
 5.590E+013  1.000E-008  6.236E+001  2.771E-013
 5.610E+013  1.000E-008  6.236E+001 -2.771E-013
 5.630E+013  1.000E-008  6.236E+001  2.771E-013
 5.650E+013  1.000E-008  6.236E+001 -1.663E-012
 5.670E+013  1.000E-008  6.236E+001  1.663E-012
 5.690E+013  1.000E-008  6.236E+001  1.663E-012
 5.710E+013  1.000E-008  6.236E+001 -1.663E-012
 5.730E+013  1.000E-008  6.236E+001  1.940E-012
 5.750E+013  1.000E-008  6.236E+001 -4.157E-012
 5.770E+013  1.000E-008  6.236E+001 -2.771E-013
 5.790E+013  1.000E-008  6.236E+001  2.494E-012
 5.810E+013  1.000E-008  6.236E+001  1.325E-011
 5.830E+013  1.000E-008  6.236E+001 -1.325E-011
 5.850E+013  1.000E-008  6.236E+001  0.000E+000
 5.870E+013  1.000E-008  6.236E+001  0.000E+000
 5.890E+013  1.000E-008  6.236E+001  0.000E+000
 5.910E+013  1.000E-008  6.236E+001  0.000E+000
 5.930E+013  1.000E-008  6.236E+001  0.000E+000
 5.950E+013  1.000E-008  6.236E+001  0.000E+000
 5.970E+013  1.000E-008  6.236E+001  0.000E+000
 5.990E+013  1.000E-008  6.236E+001  0.000E+000
 6.010E+013  1.000E-008  6.236E+001  0.000E+000
 6.030E+013  1.000E-008  6.236E+001  2.771E-013
 6.050E+013  1.000E-008  6.236E+001 -2.771E-013
 6.070E+013  1.000E-008  6.236E+001  2.771E-013
 6.090E+013  1.000E-008  6.236E+001 -2.771E-013
 6.110E+013  1.000E-008  6.236E+001  0.000E+000
 6.130E+013  1.000E-008  6.236E+001  0.000E+000
 6.150E+013  1.000E-008  6.236E+001  0.000E+000
 6.170E+013  1.000E-008  6.236E+001  2.771E-013
 6.190E+013  1.000E-008  6.236E+001 -2.771E-013
 6.210E+013  1.000E-008  6.236E+001  0.000E+000
 6.230E+013  1.000E-008  6.236E+001  0.000E+000
 6.250E+013  1.000E-008  6.236E+001  0.000E+000
 6.270E+013  1.000E-008  6.236E+001  0.000E+000
 6.290E+013  1.000E-008  6.236E+001  0.000E+000
 6.310E+013  1.000E-008  6.236E+001  0.000E+000
 6.330E+013  1.000E-008  6.236E+001  0.000E+000
 6.350E+013  1.000E-008  6.236E+001  2.771E-013
 6.370E+013  1.000E-008  6.236E+001 -2.771E-013
 6.390E+013  1.000E-008  6.236E+001  0.000E+000
 6.410E+013  1.000E-008  6.236E+001  0.000E+000
 6.430E+013  1.000E-008  6.236E+001  0.000E+000
 6.450E+013  1.000E-008  6.236E+001  0.000E+000
 6.470E+013  1.000E-008  6.236E+001  2.771E-013
 6.490E+013  1.000E-008  6.236E+001 -2.771E-013
 6.510E+013  1.000E-008  6.236E+001  0.000E+000
 6.530E+013  1.000E-008  6.236E+001  0.000E+000
 6.550E+013  1.000E-008  6.236E+001  0.000E+000
 6.570E+013  1.000E-008  6.236E+001  0.000E+000
 6.590E+013  1.000E-008  6.236E+001  2.771E-013
 6.610E+013  1.000E-008  6.236E+001 -2.771E-013
 6.630E+013  1.000E-008  6.236E+001  0.000E+000
 6.650E+013  1.000E-008  6.236E+001  0.000E+000
 6.670E+013  1.000E-008  6.236E+001  0.000E+000
 6.690E+013  1.000E-008  6.236E+001  2.771E-013
 6.710E+013  1.000E-008  6.236E+001 -2.771E-013
 6.730E+013  1.000E-008  6.236E+001  0.000E+000
 6.750E+013  1.000E-008  6.236E+001  0.000E+000
 6.770E+013  1.000E-008  6.236E+001  2.771E-013
 6.790E+013  1.000E-008  6.236E+001 -2.771E-013
 6.810E+013  1.000E-008  6.236E+001  2.771E-013
 6.830E+013  1.000E-008  6.236E+001 -2.933E-035
 6.850E+013  1.000E-008  6.236E+001 -2.771E-013
 6.870E+013  1.000E-008  6.236E+001  0.000E+000
 6.890E+013  1.000E-008  6.236E+001  0.000E+000
 6.910E+013  1.000E-008  6.236E+001  0.000E+000
 6.930E+013  1.000E-008  6.236E+001  2.771E-013
 6.950E+013  1.000E-008  6.236E+001 -2.771E-013
 6.970E+013  1.000E-008  6.236E+001  0.000E+000
 6.990E+013  1.000E-008  6.236E+001  0.000E+000
 7.010E+013  1.000E-008  6.236E+001  0.000E+000
 7.030E+013  1.000E-008  6.236E+001  0.000E+000
 7.050E+013  1.000E-008  6.236E+001  0.000E+000
 7.070E+013  1.000E-008  6.236E+001  0.000E+000
 7.090E+013  1.000E-008  6.236E+001  0.000E+000
 7.110E+013  1.000E-008  6.236E+001  0.000E+000
 7.130E+013  1.000E-008  6.236E+001  0.000E+000
 7.150E+013  1.000E-008  6.236E+001  0.000E+000
 7.170E+013  1.000E-008  6.236E+001  0.000E+000
 7.190E+013  1.000E-008  6.236E+001  2.771E-013
 7.210E+013  1.000E-008  6.236E+001 -2.771E-013
 7.230E+013  1.000E-008  6.236E+001  0.000E+000
 7.250E+013  1.000E-008  6.236E+001  0.000E+000
 7.270E+013  1.000E-008  6.236E+001  5.542E-013
 7.290E+013  1.000E-008  6.236E+001 -1.099E-034
 7.310E+013  1.000E-008  6.236E+001 -5.542E-013
 7.330E+013  1.000E-008  6.236E+001 -2.502E-032
 7.350E+013  1.000E-008  6.236E+001 -2.771E-013
 7.370E+013  1.000E-008  6.236E+001  2.771E-013
 7.390E+013  1.000E-008  6.236E+001  2.499E-032
 7.410E+013  1.000E-008  6.236E+001  6.931E-071
 7.430E+013  1.000E-008  6.236E+001  2.473E-148
 7.450E+013  1.000E-008  6.236E+001  1.506E-303
 7.470E+013  1.000E-008  6.236E+001  0.000E+000
 7.490E+013  1.000E-008  6.236E+001  0.000E+000
 7.510E+013  1.000E-008  6.236E+001  0.000E+000
 7.530E+013  1.000E-008  6.236E+001  0.000E+000
 7.550E+013  1.000E-008  6.236E+001  0.000E+000
 7.570E+013  1.000E-008  6.236E+001  0.000E+000
 7.590E+013  1.000E-008  6.236E+001  0.000E+000
 7.610E+013  1.000E-008  6.236E+001  0.000E+000
 7.630E+013  1.000E-008  6.236E+001  0.000E+000
 7.650E+013  1.000E-008  6.236E+001  0.000E+000
 7.670E+013  1.000E-008  6.236E+001  5.542E-013
 7.690E+013  1.000E-008  6.236E+001 -5.542E-013
 7.710E+013  1.000E-008  6.236E+001  8.314E-013
 7.730E+013  1.000E-008  6.236E+001 -8.314E-013
 7.750E+013  1.000E-008  6.236E+001  5.924E-033
 7.770E+013  1.000E-008  6.236E+001  5.542E-013
 7.790E+013  1.000E-008  6.236E+001 -1.663E-012
 7.810E+013  1.000E-008  6.236E+001  1.663E-012
 7.830E+013  1.000E-008  6.236E+001 -5.542E-013
 7.850E+013  1.000E-008  6.236E+001 -4.897E-071
 7.870E+013  1.000E-008  6.236E+001 -2.101E-032
 7.890E+013  1.000E-008  6.236E+001 -2.771E-013
 7.910E+013  1.000E-008  6.236E+001 -1.386E-012
 7.930E+013  1.000E-008  6.236E+001  8.313E-013
 7.950E+013  1.000E-008  6.236E+001  8.314E-013
 7.970E+013  1.000E-008  6.236E+001 -1.108E-012
 7.990E+013  1.000E-008  6.236E+001  1.108E-012
 8.010E+013  1.000E-008  6.236E+001  3.999E-031
 8.030E+013  1.000E-008  6.236E+001  1.774E-068
 8.050E+013  1.000E-008  6.236E+001  1.621E-143
 8.070E+013  1.000E-008  6.236E+001 -6.950E-287
 8.090E+013  1.000E-008  6.236E+001 -5.313E-140
 8.110E+013  1.000E-008  6.236E+001 -1.016E-066
 8.130E+013  1.000E-008  6.236E+001 -3.026E-030
 8.150E+013  1.000E-008  6.236E+001 -3.048E-012
 8.170E+013  1.000E-008  6.236E+001  3.879E-012
 8.190E+013  1.000E-008  6.236E+001 -8.314E-013
 8.210E+013  1.000E-008  6.236E+001  0.000E+000
 8.230E+013  1.000E-008  6.236E+001  0.000E+000
 8.250E+013  1.000E-008  6.236E+001  0.000E+000
 8.270E+013  1.000E-008  6.236E+001  0.000E+000
 8.290E+013  1.000E-008  6.236E+001  1.108E-012
 8.310E+013  1.000E-008  6.236E+001 -1.108E-012
 8.330E+013  1.000E-008  6.236E+001 -2.429E-032
 8.350E+013  1.000E-008  6.236E+001  1.663E-012
 8.370E+013  1.000E-008  6.236E+001 -1.386E-012
 8.390E+013  1.000E-008  6.236E+001 -2.502E-032
 8.410E+013  1.000E-008  6.236E+001 -2.771E-013
 8.430E+013  1.000E-008  6.236E+001  2.771E-013
 8.450E+013  1.000E-008  6.236E+001 -2.370E-035
 8.470E+013  1.000E-008  6.236E+001 -2.771E-013
 8.490E+013  1.000E-008  6.236E+001 -1.180E-035
 8.510E+013  1.000E-008  6.236E+001  2.771E-013
 8.530E+013  1.000E-008  6.236E+001 -2.348E-035
 8.550E+013  1.000E-008  6.236E+001 -2.771E-013
 8.570E+013  1.000E-008  6.236E+001 -1.168E-035
 8.590E+013  1.000E-008  6.236E+001  2.771E-013
 8.610E+013  1.000E-008  6.236E+001 -2.771E-013
 8.630E+013  1.000E-008  6.236E+001  0.000E+000
 8.650E+013  1.000E-008  6.236E+001  0.000E+000
 8.670E+013  1.000E-008  6.236E+001  0.000E+000
 8.690E+013  1.000E-008  6.236E+001  0.000E+000
 8.710E+013  1.000E-008  6.236E+001  0.000E+000
 8.730E+013  1.000E-008  6.236E+001  0.000E+000
 8.750E+013  1.000E-008  6.236E+001  2.771E-013
 8.770E+013  1.000E-008  6.236E+001 -2.771E-013
 8.790E+013  1.000E-008  6.236E+001 -1.139E-035
 8.810E+013  1.000E-008  6.236E+001  2.771E-013
 8.830E+013  1.000E-008  6.236E+001 -2.771E-013
 8.850E+013  1.000E-008  6.236E+001  2.771E-013
 8.870E+013  1.000E-008  6.236E+001  2.771E-013
 8.890E+013  1.000E-008  6.236E+001 -5.542E-013
 8.910E+013  1.000E-008  6.236E+001  0.000E+000
 8.930E+013  1.000E-008  6.236E+001  0.000E+000
 8.950E+013  1.000E-008  6.236E+001  0.000E+000
 8.970E+013  1.000E-008  6.236E+001  0.000E+000
 8.990E+013  1.000E-008  6.236E+001  0.000E+000
 9.010E+013  1.000E-008  6.236E+001  2.771E-013
 9.030E+013  1.000E-008  6.236E+001 -2.218E-035
 9.050E+013  1.000E-008  6.236E+001 -2.771E-013
 9.070E+013  1.000E-008  6.236E+001  2.771E-013
 9.090E+013  1.000E-008  6.236E+001 -2.203E-035
 9.110E+013  1.000E-008  6.236E+001 -2.771E-013
 9.130E+013  1.000E-008  6.236E+001  0.000E+000
 9.150E+013  1.000E-008  6.236E+001  0.000E+000
 9.170E+013  1.000E-008  6.236E+001  0.000E+000
 9.190E+013  1.000E-008  6.236E+001  0.000E+000
 9.210E+013  1.000E-008  6.236E+001  0.000E+000
 9.230E+013  1.000E-008  6.236E+001  2.771E-013
 9.250E+013  1.000E-008  6.236E+001 -2.165E-035
 9.270E+013  1.000E-008  6.236E+001 -2.771E-013
 9.290E+013  1.000E-008  6.236E+001  0.000E+000
 9.310E+013  1.000E-008  6.236E+001  0.000E+000
 9.330E+013  1.000E-008  6.236E+001  0.000E+000
 9.350E+013  1.000E-008  6.236E+001  0.000E+000
 9.370E+013  1.000E-008  6.236E+001  2.771E-013
 9.390E+013  1.000E-008  6.236E+001 -2.771E-013
 9.410E+013  1.000E-008  6.236E+001  2.771E-013
 9.430E+013  1.000E-008  6.236E+001 -2.771E-013
 9.450E+013  1.000E-008  6.236E+001  0.000E+000
 9.470E+013  1.000E-008  6.236E+001  0.000E+000
 9.490E+013  1.000E-008  6.236E+001  0.000E+000
 9.510E+013  1.000E-008  6.236E+001  0.000E+000
 9.530E+013  1.000E-008  6.236E+001  2.771E-013
 9.550E+013  1.000E-008  6.236E+001 -2.771E-013
 9.570E+013  1.000E-008  6.236E+001 -6.945E-071
 9.590E+013  1.000E-008  6.236E+001 -2.502E-032
 9.610E+013  1.000E-008  6.236E+001 -2.771E-013
 9.630E+013  1.000E-008  6.236E+001  2.771E-013
 9.650E+013  1.000E-008  6.236E+001  2.500E-032
 9.670E+013  1.000E-008  6.236E+001  2.771E-013
 9.690E+013  1.000E-008  6.236E+001 -2.771E-013
 9.710E+013  1.000E-008  6.236E+001  0.000E+000
 9.730E+013  1.000E-008  6.236E+001  0.000E+000
 9.750E+013  1.000E-008  6.236E+001  0.000E+000
 9.770E+013  1.000E-008  6.236E+001  0.000E+000
 9.790E+013  1.000E-008  6.236E+001  0.000E+000
 9.810E+013  1.000E-008  6.236E+001  0.000E+000
 9.830E+013  1.000E-008  6.236E+001  0.000E+000
 9.850E+013  1.000E-008  6.236E+001  0.000E+000
 9.870E+013  1.000E-008  6.236E+001  0.000E+000
 9.890E+013  1.000E-008  6.236E+001  0.000E+000
 9.910E+013  1.000E-008  6.236E+001  0.000E+000
 9.930E+013  1.000E-008  6.236E+001  0.000E+000
 9.950E+013  1.000E-008  6.236E+001  2.771E-013
 9.970E+013  1.000E-008  6.236E+001 -2.771E-013
 9.990E+013  1.000E-008  6.236E+001  0.000E+000
 1.001E+014  1.000E-099  1.000E-099  0.000E+000
 1.003E+014  1.000E-099  1.000E-099  0.000E+000
 2.473E-003
