 8.404E+004
     x1b        dens       energ       v1
 1.000E+011  2.991E-011  2.189E+007  0.000E+000
 3.000E+011  3.010E-011  2.190E+007  1.085E+006
 5.000E+011  3.063E-011  2.189E+007  9.388E+005
 7.000E+011  3.153E-011  2.190E+007  1.778E+006
 9.000E+011  3.265E-011  2.190E+007  2.229E+006
 1.100E+012  3.383E-011  2.190E+007  2.842E+006
 1.300E+012  3.500E-011  2.190E+007  3.389E+006
 1.500E+012  3.602E-011  2.190E+007  3.961E+006
 1.700E+012  3.662E-011  2.190E+007  4.524E+006
 1.900E+012  3.676E-011  2.190E+007  5.091E+006
 2.100E+012  3.676E-011  2.190E+007  5.656E+006
 2.300E+012  3.674E-011  2.190E+007  6.222E+006
 2.500E+012  3.669E-011  2.190E+007  6.788E+006
 2.700E+012  3.659E-011  2.190E+007  7.353E+006
 2.900E+012  3.653E-011  2.190E+007  7.919E+006
 3.100E+012  3.653E-011  2.190E+007  8.485E+006
 3.300E+012  3.655E-011  2.190E+007  9.051E+006
 3.500E+012  3.662E-011  2.190E+007  9.617E+006
 3.700E+012  3.677E-011  2.190E+007  1.018E+007
 3.900E+012  3.705E-011  2.191E+007  1.075E+007
 4.100E+012  3.753E-011  2.191E+007  1.132E+007
 4.300E+012  3.826E-011  2.191E+007  1.188E+007
 4.500E+012  3.931E-011  2.191E+007  1.245E+007
 4.700E+012  4.078E-011  2.191E+007  1.302E+007
 4.900E+012  4.277E-011  2.191E+007  1.358E+007
 5.100E+012  4.542E-011  2.191E+007  1.415E+007
 5.300E+012  4.891E-011  2.192E+007  1.472E+007
 5.500E+012  5.344E-011  2.192E+007  1.529E+007
 5.700E+012  5.931E-011  2.192E+007  1.587E+007
 5.900E+012  6.687E-011  2.192E+007  1.644E+007
 6.100E+012  7.654E-011  2.193E+007  1.702E+007
 6.300E+012  8.885E-011  2.193E+007  1.760E+007
 6.500E+012  1.044E-010  2.194E+007  1.818E+007
 6.700E+012  1.237E-010  2.194E+007  1.876E+007
 6.900E+012  1.473E-010  2.195E+007  1.933E+007
 7.100E+012  1.756E-010  2.196E+007  1.991E+007
 7.300E+012  2.088E-010  2.197E+007  2.048E+007
 7.500E+012  2.466E-010  2.198E+007  2.104E+007
 7.700E+012  2.885E-010  2.200E+007  2.161E+007
 7.900E+012  3.339E-010  2.202E+007  2.217E+007
 8.100E+012  3.821E-010  2.204E+007  2.274E+007
 8.300E+012  4.326E-010  2.206E+007  2.330E+007
 8.500E+012  4.849E-010  2.209E+007  2.387E+007
 8.700E+012  5.391E-010  2.213E+007  2.444E+007
 8.900E+012  5.955E-010  2.217E+007  2.501E+007
 9.100E+012  6.546E-010  2.221E+007  2.559E+007
 9.300E+012  7.170E-010  2.226E+007  2.617E+007
 9.500E+012  7.837E-010  2.231E+007  2.676E+007
 9.700E+012  8.556E-010  2.238E+007  2.735E+007
 9.900E+012  9.338E-010  2.244E+007  2.794E+007
 1.010E+013  1.019E-009  2.252E+007  2.854E+007
 1.030E+013  1.113E-009  2.261E+007  2.914E+007
 1.050E+013  1.217E-009  2.270E+007  2.975E+007
 1.070E+013  1.331E-009  2.281E+007  3.036E+007
 1.090E+013  1.457E-009  2.293E+007  3.098E+007
 1.110E+013  1.594E-009  2.306E+007  3.160E+007
 1.130E+013  1.744E-009  2.321E+007  3.223E+007
 1.150E+013  1.907E-009  2.337E+007  3.286E+007
 1.170E+013  2.082E-009  2.355E+007  3.351E+007
 1.190E+013  2.270E-009  2.376E+007  3.416E+007
 1.210E+013  2.472E-009  2.399E+007  3.482E+007
 1.230E+013  2.689E-009  2.424E+007  3.549E+007
 1.250E+013  2.923E-009  2.452E+007  3.617E+007
 1.270E+013  3.175E-009  2.483E+007  3.687E+007
 1.290E+013  3.448E-009  2.517E+007  3.758E+007
 1.310E+013  3.747E-009  2.555E+007  3.830E+007
 1.330E+013  4.074E-009  2.597E+007  3.904E+007
 1.350E+013  4.434E-009  2.644E+007  3.979E+007
 1.370E+013  4.833E-009  2.697E+007  4.057E+007
 1.390E+013  5.276E-009  2.755E+007  4.136E+007
 1.410E+013  5.768E-009  2.820E+007  4.217E+007
 1.430E+013  6.315E-009  2.893E+007  4.301E+007
 1.450E+013  6.926E-009  2.975E+007  4.388E+007
 1.470E+013  7.609E-009  3.067E+007  4.477E+007
 1.490E+013  8.373E-009  3.171E+007  4.570E+007
 1.510E+013  9.231E-009  3.288E+007  4.665E+007
 1.530E+013  1.020E-008  3.422E+007  4.765E+007
 1.550E+013  1.130E-008  3.573E+007  4.869E+007
 1.570E+013  1.255E-008  3.748E+007  4.977E+007
 1.590E+013  1.398E-008  3.946E+007  5.090E+007
 1.610E+013  1.562E-008  4.169E+007  5.205E+007
 1.630E+013  1.753E-008  4.435E+007  5.324E+007
 1.650E+013  1.978E-008  4.750E+007  5.460E+007
 1.670E+013  2.223E-008  5.050E+007  5.584E+007
 1.690E+013  2.516E-008  5.435E+007  5.678E+007
 1.710E+013  2.955E-008  6.218E+007  5.883E+007
 1.730E+013  3.270E-008  6.579E+007  6.140E+007
 1.750E+013  3.135E-008  5.304E+007  5.991E+007
 1.770E+013  2.220E-008  2.201E+007  5.075E+007
 1.790E+013  1.348E-008  2.959E+006  3.166E+007
 1.810E+013  1.051E-008  4.221E+004  9.842E+006
 1.830E+013  1.001E-008  6.453E+001  5.118E+005
 1.850E+013  1.000E-008  6.236E+001  5.358E+002
 1.870E+013  1.000E-008  6.236E+001  2.107E-004
 1.890E+013  1.000E-008  6.236E+001 -1.374E-012
 1.910E+013  1.000E-008  6.236E+001  1.194E-012
 1.930E+013  1.000E-008  6.236E+001 -5.971E-013
 1.950E+013  1.000E-008  6.236E+001  0.000E+000
 1.970E+013  1.000E-008  6.236E+001  0.000E+000
 1.990E+013  1.000E-008  6.236E+001  0.000E+000
 2.010E+013  1.000E-008  6.236E+001  0.000E+000
 2.030E+013  1.000E-008  6.236E+001  0.000E+000
 2.050E+013  1.000E-008  6.236E+001  0.000E+000
 2.070E+013  1.000E-008  6.236E+001  0.000E+000
 2.090E+013  1.000E-008  6.236E+001  2.986E-013
 2.110E+013  1.000E-008  6.236E+001 -1.191E-034
 2.130E+013  1.000E-008  6.236E+001 -2.986E-013
 2.150E+013  1.000E-008  6.236E+001  0.000E+000
 2.170E+013  1.000E-008  6.236E+001  0.000E+000
 2.190E+013  1.000E-008  6.236E+001  0.000E+000
 2.210E+013  1.000E-008  6.236E+001  0.000E+000
 2.230E+013  1.000E-008  6.236E+001  0.000E+000
 2.250E+013  1.000E-008  6.236E+001  0.000E+000
 2.270E+013  1.000E-008  6.236E+001  2.986E-013
 2.290E+013  1.000E-008  6.236E+001 -1.097E-034
 2.310E+013  1.000E-008  6.236E+001 -2.986E-013
 2.330E+013  1.000E-008  6.236E+001  0.000E+000
 2.350E+013  1.000E-008  6.236E+001  0.000E+000
 2.370E+013  1.000E-008  6.236E+001  2.986E-013
 2.390E+013  1.000E-008  6.236E+001 -2.986E-013
 2.410E+013  1.000E-008  6.236E+001  0.000E+000
 2.430E+013  1.000E-008  6.236E+001  0.000E+000
 2.450E+013  1.000E-008  6.236E+001  0.000E+000
 2.470E+013  1.000E-008  6.236E+001  2.986E-013
 2.490E+013  1.000E-008  6.236E+001 -2.986E-013
 2.510E+013  1.000E-008  6.236E+001  2.986E-013
 2.530E+013  1.000E-008  6.236E+001 -2.986E-013
 2.550E+013  1.000E-008  6.236E+001 -1.014E-297
 2.570E+013  1.000E-008  6.236E+001 -1.954E-145
 2.590E+013  1.000E-008  6.236E+001 -1.877E-069
 2.610E+013  1.000E-008  6.236E+001 -1.253E-031
 2.630E+013  1.000E-008  6.236E+001 -5.971E-013
 2.650E+013  1.000E-008  6.236E+001  5.971E-013
 2.670E+013  1.000E-008  6.236E+001  1.249E-031
 2.690E+013  1.000E-008  6.236E+001  1.865E-069
 2.710E+013  1.000E-008  6.236E+001  2.986E-013
 2.730E+013  1.000E-008  6.236E+001 -2.986E-013
 2.750E+013  1.000E-008  6.236E+001  8.957E-013
 2.770E+013  1.000E-008  6.236E+001 -8.957E-013
 2.790E+013  1.000E-008  6.236E+001  0.000E+000
 2.810E+013  1.000E-008  6.236E+001  0.000E+000
 2.830E+013  1.000E-008  6.236E+001  1.493E-012
 2.850E+013  1.000E-008  6.236E+001 -2.986E-013
 2.870E+013  1.000E-008  6.236E+001 -1.194E-012
 2.890E+013  1.000E-008  6.236E+001 -4.897E-032
 2.910E+013  1.000E-008  6.236E+001  2.090E-012
 2.930E+013  1.000E-008  6.236E+001 -2.090E-012
 2.950E+013  1.000E-008  6.236E+001  0.000E+000
 2.970E+013  1.000E-008  6.236E+001  0.000E+000
 2.990E+013  1.000E-008  6.236E+001  0.000E+000
 3.010E+013  1.000E-008  6.236E+001  2.986E-013
 3.030E+013  1.000E-008  6.236E+001 -2.986E-013
 3.050E+013  1.000E-008  6.236E+001  2.986E-013
 3.070E+013  1.000E-008  6.236E+001 -2.986E-013
 3.090E+013  1.000E-008  6.236E+001  2.986E-013
 3.110E+013  1.000E-008  6.236E+001  2.986E-013
 3.130E+013  1.000E-008  6.236E+001 -5.971E-013
 3.150E+013  1.000E-008  6.236E+001  0.000E+000
 3.170E+013  1.000E-008  6.236E+001  0.000E+000
 3.190E+013  1.000E-008  6.236E+001  0.000E+000
 3.210E+013  1.000E-008  6.236E+001  0.000E+000
 3.230E+013  1.000E-008  6.236E+001  0.000E+000
 3.250E+013  1.000E-008  6.236E+001  0.000E+000
 3.270E+013  1.000E-008  6.236E+001 -1.543E-302
 3.290E+013  1.000E-008  6.236E+001 -7.623E-148
 3.310E+013  1.000E-008  6.236E+001 -1.172E-070
 3.330E+013  1.000E-008  6.236E+001 -3.131E-032
 3.350E+013  1.000E-008  6.236E+001 -2.986E-013
 3.370E+013  1.000E-008  6.236E+001  2.986E-013
 3.390E+013  1.000E-008  6.236E+001  3.123E-032
 3.410E+013  1.000E-008  6.236E+001  1.166E-070
 3.430E+013  1.000E-008  6.236E+001  7.551E-148
 3.450E+013  1.000E-008  6.236E+001  5.971E-013
 3.470E+013  1.000E-008  6.236E+001 -5.971E-013
 3.490E+013  1.000E-008  6.236E+001  0.000E+000
 3.510E+013  1.000E-008  6.236E+001  0.000E+000
 3.530E+013  1.000E-008  6.236E+001  0.000E+000
 3.550E+013  1.000E-008  6.236E+001  0.000E+000
 3.570E+013  1.000E-008  6.236E+001  5.971E-013
 3.590E+013  1.000E-008  6.236E+001 -2.986E-013
 3.610E+013  1.000E-008  6.236E+001 -3.130E-032
 3.630E+013  1.000E-008  6.236E+001 -2.986E-013
 3.650E+013  1.000E-008  6.236E+001 -2.986E-013
 3.670E+013  1.000E-008  6.236E+001  2.986E-013
 3.690E+013  1.000E-008  6.236E+001  2.986E-013
 3.710E+013  1.000E-008  6.236E+001 -2.986E-013
 3.730E+013  1.000E-008  6.236E+001 -3.362E-035
 3.750E+013  1.000E-008  6.236E+001  2.986E-013
 3.770E+013  1.000E-008  6.236E+001 -2.986E-013
 3.790E+013  1.000E-008  6.236E+001  0.000E+000
 3.810E+013  1.000E-008  6.236E+001  0.000E+000
 3.830E+013  1.000E-008  6.236E+001  2.986E-013
 3.850E+013  1.000E-008  6.236E+001 -2.986E-013
 3.870E+013  1.000E-008  6.236E+001 -3.130E-032
 3.890E+013  1.000E-008  6.236E+001 -2.986E-013
 3.910E+013  1.000E-008  6.236E+001 -9.477E-033
 3.930E+013  1.000E-008  6.236E+001  8.957E-013
 3.950E+013  1.000E-008  6.236E+001 -2.986E-013
 3.970E+013  1.000E-008  6.236E+001  8.957E-013
 3.990E+013  1.000E-008  6.236E+001 -1.194E-012
 4.010E+013  1.000E-008  6.236E+001  0.000E+000
 4.030E+013  1.000E-008  6.236E+001  0.000E+000
 4.050E+013  1.000E-008  6.236E+001  0.000E+000
 4.070E+013  1.000E-008  6.236E+001  0.000E+000
 4.090E+013  1.000E-008  6.236E+001  1.102E-011
 4.110E+013  1.000E-008  6.236E+001 -1.102E-011
 4.130E+013  1.000E-008  6.236E+001  7.755E-012
 4.150E+013  1.000E-008  6.236E+001 -7.755E-012
 4.170E+013  1.000E-008  6.236E+001  2.687E-012
 4.190E+013  1.000E-008  6.236E+001 -2.388E-012
 4.210E+013  1.000E-008  6.236E+001 -3.130E-032
 4.230E+013  1.000E-008  6.236E+001 -2.986E-013
 4.250E+013  1.000E-008  6.236E+001  0.000E+000
 4.270E+013  1.000E-008  6.236E+001  0.000E+000
 4.290E+013  1.000E-008  6.236E+001  0.000E+000
 4.310E+013  1.000E-008  6.236E+001  0.000E+000
 4.330E+013  1.000E-008  6.236E+001  0.000E+000
 4.350E+013  1.000E-008  6.236E+001  0.000E+000
 4.370E+013  1.000E-008  6.236E+001  0.000E+000
 4.390E+013  1.000E-008  6.236E+001  0.000E+000
 4.410E+013  1.000E-008  6.236E+001  0.000E+000
 4.430E+013  1.000E-008  6.236E+001  0.000E+000
 4.450E+013  1.000E-008  6.236E+001  0.000E+000
 4.470E+013  1.000E-008  6.236E+001  2.986E-013
 4.490E+013  1.000E-008  6.236E+001 -5.584E-035
 4.510E+013  1.000E-008  6.236E+001 -2.986E-013
 4.530E+013  1.000E-008  6.236E+001 -1.539E-302
 4.550E+013  1.000E-008  6.236E+001 -7.613E-148
 4.570E+013  1.000E-008  6.236E+001 -1.171E-070
 4.590E+013  1.000E-008  6.236E+001 -3.130E-032
 4.610E+013  1.000E-008  6.236E+001 -2.986E-013
 4.630E+013  1.000E-008  6.236E+001  2.986E-013
 4.650E+013  1.000E-008  6.236E+001  2.986E-013
 4.670E+013  1.000E-008  6.236E+001 -2.986E-013
 4.690E+013  1.000E-008  6.236E+001  2.986E-013
 4.710E+013  1.000E-008  6.236E+001 -2.986E-013
 4.730E+013  1.000E-008  6.236E+001  0.000E+000
 4.750E+013  1.000E-008  6.236E+001  0.000E+000
 4.770E+013  1.000E-008  6.236E+001  0.000E+000
 4.790E+013  1.000E-008  6.236E+001  2.986E-013
 4.810E+013  1.000E-008  6.236E+001 -2.986E-013
 4.830E+013  1.000E-008  6.236E+001 -2.595E-035
 4.850E+013  1.000E-008  6.236E+001  2.986E-013
 4.870E+013  1.000E-008  6.236E+001 -2.986E-013
 4.890E+013  1.000E-008  6.236E+001  0.000E+000
 4.910E+013  1.000E-008  6.236E+001  0.000E+000
 4.930E+013  1.000E-008  6.236E+001  0.000E+000
 4.950E+013  1.000E-008  6.236E+001  0.000E+000
 4.970E+013  1.000E-008  6.236E+001  0.000E+000
 4.990E+013  1.000E-008  6.236E+001  5.971E-013
 5.010E+013  1.000E-008  6.236E+001 -8.957E-013
 5.030E+013  1.000E-008  6.236E+001  2.986E-013
 5.050E+013  1.000E-008  6.236E+001  3.124E-032
 5.070E+013  1.000E-008  6.236E+001  1.167E-070
 5.090E+013  1.000E-008  6.236E+001  7.562E-148
 5.110E+013  1.000E-008  6.236E+001  2.986E-013
 5.130E+013  1.000E-008  6.236E+001 -2.986E-013
 5.150E+013  1.000E-008  6.236E+001  0.000E+000
 5.170E+013  1.000E-008  6.236E+001  0.000E+000
 5.190E+013  1.000E-008  6.236E+001 -1.538E-302
 5.210E+013  1.000E-008  6.236E+001 -7.610E-148
 5.230E+013  1.000E-008  6.236E+001 -1.171E-070
 5.250E+013  1.000E-008  6.236E+001 -3.129E-032
 5.270E+013  1.000E-008  6.236E+001 -2.986E-013
 5.290E+013  1.000E-008  6.236E+001  2.986E-013
 5.310E+013  1.000E-008  6.236E+001  3.125E-032
 5.330E+013  1.000E-008  6.236E+001  1.167E-070
 5.350E+013  1.000E-008  6.236E+001  5.971E-013
 5.370E+013  1.000E-008  6.236E+001 -5.971E-013
 5.390E+013  1.000E-008  6.236E+001  4.123E-033
 5.410E+013  1.000E-008  6.236E+001  2.986E-013
 5.430E+013  1.000E-008  6.236E+001  2.986E-013
 5.450E+013  1.000E-008  6.236E+001  2.986E-013
 5.470E+013  1.000E-008  6.236E+001 -8.957E-013
 5.490E+013  1.000E-008  6.236E+001 -3.129E-032
 5.510E+013  1.000E-008  6.236E+001 -2.986E-013
 5.530E+013  1.000E-008  6.236E+001  5.971E-013
 5.550E+013  1.000E-008  6.236E+001 -1.194E-012
 5.570E+013  1.000E-008  6.236E+001  5.971E-013
 5.590E+013  1.000E-008  6.236E+001  2.986E-013
 5.610E+013  1.000E-008  6.236E+001 -2.986E-013
 5.630E+013  1.000E-008  6.236E+001  2.986E-013
 5.650E+013  1.000E-008  6.236E+001 -1.791E-012
 5.670E+013  1.000E-008  6.236E+001  1.791E-012
 5.690E+013  1.000E-008  6.236E+001  1.791E-012
 5.710E+013  1.000E-008  6.236E+001 -1.791E-012
 5.730E+013  1.000E-008  6.236E+001  2.090E-012
 5.750E+013  1.000E-008  6.236E+001 -4.478E-012
 5.770E+013  1.000E-008  6.236E+001 -2.985E-013
 5.790E+013  1.000E-008  6.236E+001  2.687E-012
 5.810E+013  1.000E-008  6.236E+001  1.428E-011
 5.830E+013  1.000E-008  6.236E+001 -1.428E-011
 5.850E+013  1.000E-008  6.236E+001  0.000E+000
 5.870E+013  1.000E-008  6.236E+001  0.000E+000
 5.890E+013  1.000E-008  6.236E+001  0.000E+000
 5.910E+013  1.000E-008  6.236E+001  0.000E+000
 5.930E+013  1.000E-008  6.236E+001  0.000E+000
 5.950E+013  1.000E-008  6.236E+001  0.000E+000
 5.970E+013  1.000E-008  6.236E+001  0.000E+000
 5.990E+013  1.000E-008  6.236E+001  0.000E+000
 6.010E+013  1.000E-008  6.236E+001  0.000E+000
 6.030E+013  1.000E-008  6.236E+001  2.986E-013
 6.050E+013  1.000E-008  6.236E+001 -2.986E-013
 6.070E+013  1.000E-008  6.236E+001  2.986E-013
 6.090E+013  1.000E-008  6.236E+001 -2.986E-013
 6.110E+013  1.000E-008  6.236E+001  0.000E+000
 6.130E+013  1.000E-008  6.236E+001  0.000E+000
 6.150E+013  1.000E-008  6.236E+001  0.000E+000
 6.170E+013  1.000E-008  6.236E+001  2.986E-013
 6.190E+013  1.000E-008  6.236E+001 -2.986E-013
 6.210E+013  1.000E-008  6.236E+001  0.000E+000
 6.230E+013  1.000E-008  6.236E+001  0.000E+000
 6.250E+013  1.000E-008  6.236E+001  0.000E+000
 6.270E+013  1.000E-008  6.236E+001  0.000E+000
 6.290E+013  1.000E-008  6.236E+001  0.000E+000
 6.310E+013  1.000E-008  6.236E+001  0.000E+000
 6.330E+013  1.000E-008  6.236E+001  0.000E+000
 6.350E+013  1.000E-008  6.236E+001  2.986E-013
 6.370E+013  1.000E-008  6.236E+001 -2.986E-013
 6.390E+013  1.000E-008  6.236E+001  0.000E+000
 6.410E+013  1.000E-008  6.236E+001  0.000E+000
 6.430E+013  1.000E-008  6.236E+001  0.000E+000
 6.450E+013  1.000E-008  6.236E+001  0.000E+000
 6.470E+013  1.000E-008  6.236E+001  2.986E-013
 6.490E+013  1.000E-008  6.236E+001 -2.986E-013
 6.510E+013  1.000E-008  6.236E+001  0.000E+000
 6.530E+013  1.000E-008  6.236E+001  0.000E+000
 6.550E+013  1.000E-008  6.236E+001  0.000E+000
 6.570E+013  1.000E-008  6.236E+001  0.000E+000
 6.590E+013  1.000E-008  6.236E+001  2.986E-013
 6.610E+013  1.000E-008  6.236E+001 -2.986E-013
 6.630E+013  1.000E-008  6.236E+001  0.000E+000
 6.650E+013  1.000E-008  6.236E+001  0.000E+000
 6.670E+013  1.000E-008  6.236E+001  0.000E+000
 6.690E+013  1.000E-008  6.236E+001  2.986E-013
 6.710E+013  1.000E-008  6.236E+001 -2.986E-013
 6.730E+013  1.000E-008  6.236E+001  0.000E+000
 6.750E+013  1.000E-008  6.236E+001  0.000E+000
 6.770E+013  1.000E-008  6.236E+001  2.986E-013
 6.790E+013  1.000E-008  6.236E+001 -2.986E-013
 6.810E+013  1.000E-008  6.236E+001  2.986E-013
 6.830E+013  1.000E-008  6.236E+001 -3.668E-035
 6.850E+013  1.000E-008  6.236E+001 -2.986E-013
 6.870E+013  1.000E-008  6.236E+001  0.000E+000
 6.890E+013  1.000E-008  6.236E+001  0.000E+000
 6.910E+013  1.000E-008  6.236E+001  0.000E+000
 6.930E+013  1.000E-008  6.236E+001  2.986E-013
 6.950E+013  1.000E-008  6.236E+001 -2.986E-013
 6.970E+013  1.000E-008  6.236E+001  0.000E+000
 6.990E+013  1.000E-008  6.236E+001  0.000E+000
 7.010E+013  1.000E-008  6.236E+001  0.000E+000
 7.030E+013  1.000E-008  6.236E+001  0.000E+000
 7.050E+013  1.000E-008  6.236E+001  0.000E+000
 7.070E+013  1.000E-008  6.236E+001  0.000E+000
 7.090E+013  1.000E-008  6.236E+001  0.000E+000
 7.110E+013  1.000E-008  6.236E+001  0.000E+000
 7.130E+013  1.000E-008  6.236E+001  0.000E+000
 7.150E+013  1.000E-008  6.236E+001  0.000E+000
 7.170E+013  1.000E-008  6.236E+001  0.000E+000
 7.190E+013  1.000E-008  6.236E+001  2.986E-013
 7.210E+013  1.000E-008  6.236E+001 -2.986E-013
 7.230E+013  1.000E-008  6.236E+001  0.000E+000
 7.250E+013  1.000E-008  6.236E+001  0.000E+000
 7.270E+013  1.000E-008  6.236E+001  5.971E-013
 7.290E+013  1.000E-008  6.236E+001 -1.374E-034
 7.310E+013  1.000E-008  6.236E+001 -5.971E-013
 7.330E+013  1.000E-008  6.236E+001 -3.129E-032
 7.350E+013  1.000E-008  6.236E+001 -2.986E-013
 7.370E+013  1.000E-008  6.236E+001  2.986E-013
 7.390E+013  1.000E-008  6.236E+001  3.125E-032
 7.410E+013  1.000E-008  6.236E+001  1.168E-070
 7.430E+013  1.000E-008  6.236E+001  7.570E-148
 7.450E+013  1.000E-008  6.236E+001  1.522E-302
 7.470E+013  1.000E-008  6.236E+001  0.000E+000
 7.490E+013  1.000E-008  6.236E+001  0.000E+000
 7.510E+013  1.000E-008  6.236E+001  0.000E+000
 7.530E+013  1.000E-008  6.236E+001  0.000E+000
 7.550E+013  1.000E-008  6.236E+001  0.000E+000
 7.570E+013  1.000E-008  6.236E+001  0.000E+000
 7.590E+013  1.000E-008  6.236E+001  0.000E+000
 7.610E+013  1.000E-008  6.236E+001  0.000E+000
 7.630E+013  1.000E-008  6.236E+001  0.000E+000
 7.650E+013  1.000E-008  6.236E+001  0.000E+000
 7.670E+013  1.000E-008  6.236E+001  5.971E-013
 7.690E+013  1.000E-008  6.236E+001 -5.971E-013
 7.710E+013  1.000E-008  6.236E+001  8.957E-013
 7.730E+013  1.000E-008  6.236E+001 -8.957E-013
 7.750E+013  1.000E-008  6.236E+001  7.408E-033
 7.770E+013  1.000E-008  6.236E+001  5.971E-013
 7.790E+013  1.000E-008  6.236E+001 -1.791E-012
 7.810E+013  1.000E-008  6.236E+001  1.791E-012
 7.830E+013  1.000E-008  6.236E+001 -5.971E-013
 7.850E+013  1.000E-008  6.236E+001 -8.252E-071
 7.870E+013  1.000E-008  6.236E+001 -2.627E-032
 7.890E+013  1.000E-008  6.236E+001 -2.986E-013
 7.910E+013  1.000E-008  6.236E+001 -1.493E-012
 7.930E+013  1.000E-008  6.236E+001  8.957E-013
 7.950E+013  1.000E-008  6.236E+001  8.957E-013
 7.970E+013  1.000E-008  6.236E+001 -1.194E-012
 7.990E+013  1.000E-008  6.236E+001  1.194E-012
 8.010E+013  1.000E-008  6.236E+001  5.000E-031
 8.030E+013  1.000E-008  6.236E+001  2.990E-068
 8.050E+013  1.000E-008  6.236E+001  4.961E-143
 8.070E+013  1.000E-008  6.236E+001 -7.026E-286
 8.090E+013  1.000E-008  6.236E+001 -1.627E-139
 8.110E+013  1.000E-008  6.236E+001 -1.712E-066
 8.130E+013  1.000E-008  6.236E+001 -3.784E-030
 8.150E+013  1.000E-008  6.236E+001 -3.284E-012
 8.170E+013  1.000E-008  6.236E+001  4.180E-012
 8.190E+013  1.000E-008  6.236E+001 -8.957E-013
 8.210E+013  1.000E-008  6.236E+001  0.000E+000
 8.230E+013  1.000E-008  6.236E+001  0.000E+000
 8.250E+013  1.000E-008  6.236E+001  0.000E+000
 8.270E+013  1.000E-008  6.236E+001  0.000E+000
 8.290E+013  1.000E-008  6.236E+001  1.194E-012
 8.310E+013  1.000E-008  6.236E+001 -1.194E-012
 8.330E+013  1.000E-008  6.236E+001 -3.038E-032
 8.350E+013  1.000E-008  6.236E+001  1.791E-012
 8.370E+013  1.000E-008  6.236E+001 -1.493E-012
 8.390E+013  1.000E-008  6.236E+001 -3.128E-032
 8.410E+013  1.000E-008  6.236E+001 -2.986E-013
 8.430E+013  1.000E-008  6.236E+001  2.986E-013
 8.450E+013  1.000E-008  6.236E+001 -2.964E-035
 8.470E+013  1.000E-008  6.236E+001 -2.986E-013
 8.490E+013  1.000E-008  6.236E+001 -1.475E-035
 8.510E+013  1.000E-008  6.236E+001  2.986E-013
 8.530E+013  1.000E-008  6.236E+001 -2.936E-035
 8.550E+013  1.000E-008  6.236E+001 -2.986E-013
 8.570E+013  1.000E-008  6.236E+001 -1.461E-035
 8.590E+013  1.000E-008  6.236E+001  2.986E-013
 8.610E+013  1.000E-008  6.236E+001 -2.986E-013
 8.630E+013  1.000E-008  6.236E+001  0.000E+000
 8.650E+013  1.000E-008  6.236E+001  0.000E+000
 8.670E+013  1.000E-008  6.236E+001  0.000E+000
 8.690E+013  1.000E-008  6.236E+001  0.000E+000
 8.710E+013  1.000E-008  6.236E+001  0.000E+000
 8.730E+013  1.000E-008  6.236E+001  0.000E+000
 8.750E+013  1.000E-008  6.236E+001  2.986E-013
 8.770E+013  1.000E-008  6.236E+001 -2.986E-013
 8.790E+013  1.000E-008  6.236E+001 -1.425E-035
 8.810E+013  1.000E-008  6.236E+001  2.986E-013
 8.830E+013  1.000E-008  6.236E+001 -2.986E-013
 8.850E+013  1.000E-008  6.236E+001  2.986E-013
 8.870E+013  1.000E-008  6.236E+001  2.986E-013
 8.890E+013  1.000E-008  6.236E+001 -5.971E-013
 8.910E+013  1.000E-008  6.236E+001  0.000E+000
 8.930E+013  1.000E-008  6.236E+001  0.000E+000
 8.950E+013  1.000E-008  6.236E+001  0.000E+000
 8.970E+013  1.000E-008  6.236E+001  0.000E+000
 8.990E+013  1.000E-008  6.236E+001  0.000E+000
 9.010E+013  1.000E-008  6.236E+001  2.986E-013
 9.030E+013  1.000E-008  6.236E+001 -2.773E-035
 9.050E+013  1.000E-008  6.236E+001 -2.986E-013
 9.070E+013  1.000E-008  6.236E+001  2.986E-013
 9.090E+013  1.000E-008  6.236E+001 -2.755E-035
 9.110E+013  1.000E-008  6.236E+001 -2.986E-013
 9.130E+013  1.000E-008  6.236E+001  0.000E+000
 9.150E+013  1.000E-008  6.236E+001  0.000E+000
 9.170E+013  1.000E-008  6.236E+001  0.000E+000
 9.190E+013  1.000E-008  6.236E+001  0.000E+000
 9.210E+013  1.000E-008  6.236E+001  0.000E+000
 9.230E+013  1.000E-008  6.236E+001  2.986E-013
 9.250E+013  1.000E-008  6.236E+001 -2.707E-035
 9.270E+013  1.000E-008  6.236E+001 -2.986E-013
 9.290E+013  1.000E-008  6.236E+001  0.000E+000
 9.310E+013  1.000E-008  6.236E+001  0.000E+000
 9.330E+013  1.000E-008  6.236E+001  0.000E+000
 9.350E+013  1.000E-008  6.236E+001  0.000E+000
 9.370E+013  1.000E-008  6.236E+001  2.986E-013
 9.390E+013  1.000E-008  6.236E+001 -2.986E-013
 9.410E+013  1.000E-008  6.236E+001  2.986E-013
 9.430E+013  1.000E-008  6.236E+001 -2.986E-013
 9.450E+013  1.000E-008  6.236E+001  0.000E+000
 9.470E+013  1.000E-008  6.236E+001  0.000E+000
 9.490E+013  1.000E-008  6.236E+001  0.000E+000
 9.510E+013  1.000E-008  6.236E+001  0.000E+000
 9.530E+013  1.000E-008  6.236E+001  2.986E-013
 9.550E+013  1.000E-008  6.236E+001 -2.986E-013
 9.570E+013  1.000E-008  6.236E+001 -1.170E-070
 9.590E+013  1.000E-008  6.236E+001 -3.128E-032
 9.610E+013  1.000E-008  6.236E+001 -2.986E-013
 9.630E+013  1.000E-008  6.236E+001  2.986E-013
 9.650E+013  1.000E-008  6.236E+001  3.126E-032
 9.670E+013  1.000E-008  6.236E+001  2.986E-013
 9.690E+013  1.000E-008  6.236E+001 -2.986E-013
 9.710E+013  1.000E-008  6.236E+001  0.000E+000
 9.730E+013  1.000E-008  6.236E+001  0.000E+000
 9.750E+013  1.000E-008  6.236E+001  0.000E+000
 9.770E+013  1.000E-008  6.236E+001  0.000E+000
 9.790E+013  1.000E-008  6.236E+001  0.000E+000
 9.810E+013  1.000E-008  6.236E+001  0.000E+000
 9.830E+013  1.000E-008  6.236E+001  0.000E+000
 9.850E+013  1.000E-008  6.236E+001  0.000E+000
 9.870E+013  1.000E-008  6.236E+001  0.000E+000
 9.890E+013  1.000E-008  6.236E+001  0.000E+000
 9.910E+013  1.000E-008  6.236E+001  0.000E+000
 9.930E+013  1.000E-008  6.236E+001  0.000E+000
 9.950E+013  1.000E-008  6.236E+001  2.986E-013
 9.970E+013  1.000E-008  6.236E+001 -2.986E-013
 9.990E+013  1.000E-008  6.236E+001  0.000E+000
 1.001E+014  1.000E-099  1.000E-099  0.000E+000
 1.003E+014  1.000E-099  1.000E-099  0.000E+000
 2.665E-003
