 1.921E+005
     x1b        dens       energ       v1
 1.000E+011  1.653E-011  8.148E+006  0.000E+000
 3.000E+011  1.658E-011  8.147E+006  8.389E+004
 5.000E+011  1.676E-011  8.147E+006  5.641E+005
 7.000E+011  1.708E-011  8.147E+006  7.231E+005
 9.000E+011  1.751E-011  8.147E+006  1.014E+006
 1.100E+012  1.803E-011  8.147E+006  1.247E+006
 1.300E+012  1.857E-011  8.147E+006  1.505E+006
 1.500E+012  1.911E-011  8.147E+006  1.752E+006
 1.700E+012  1.963E-011  8.147E+006  2.004E+006
 1.900E+012  2.005E-011  8.147E+006  2.254E+006
 2.100E+012  2.026E-011  8.148E+006  2.504E+006
 2.300E+012  2.031E-011  8.148E+006  2.754E+006
 2.500E+012  2.031E-011  8.148E+006  3.005E+006
 2.700E+012  2.030E-011  8.148E+006  3.255E+006
 2.900E+012  2.029E-011  8.148E+006  3.506E+006
 3.100E+012  2.026E-011  8.148E+006  3.756E+006
 3.300E+012  2.021E-011  8.148E+006  4.006E+006
 3.500E+012  2.019E-011  8.148E+006  4.257E+006
 3.700E+012  2.019E-011  8.148E+006  4.507E+006
 3.900E+012  2.019E-011  8.148E+006  4.758E+006
 4.100E+012  2.021E-011  8.148E+006  5.008E+006
 4.300E+012  2.024E-011  8.149E+006  5.259E+006
 4.500E+012  2.032E-011  8.149E+006  5.509E+006
 4.700E+012  2.044E-011  8.149E+006  5.759E+006
 4.900E+012  2.062E-011  8.149E+006  6.010E+006
 5.100E+012  2.089E-011  8.149E+006  6.260E+006
 5.300E+012  2.126E-011  8.149E+006  6.511E+006
 5.500E+012  2.177E-011  8.149E+006  6.762E+006
 5.700E+012  2.243E-011  8.150E+006  7.013E+006
 5.900E+012  2.327E-011  8.150E+006  7.263E+006
 6.100E+012  2.434E-011  8.150E+006  7.515E+006
 6.300E+012  2.569E-011  8.150E+006  7.766E+006
 6.500E+012  2.737E-011  8.151E+006  8.018E+006
 6.700E+012  2.945E-011  8.151E+006  8.270E+006
 6.900E+012  3.202E-011  8.151E+006  8.523E+006
 7.100E+012  3.518E-011  8.151E+006  8.776E+006
 7.300E+012  3.905E-011  8.152E+006  9.029E+006
 7.500E+012  4.378E-011  8.152E+006  9.283E+006
 7.700E+012  4.953E-011  8.153E+006  9.537E+006
 7.900E+012  5.648E-011  8.153E+006  9.791E+006
 8.100E+012  6.480E-011  8.154E+006  1.005E+007
 8.300E+012  7.468E-011  8.155E+006  1.030E+007
 8.500E+012  8.625E-011  8.156E+006  1.055E+007
 8.700E+012  9.961E-011  8.157E+006  1.080E+007
 8.900E+012  1.148E-010  8.159E+006  1.106E+007
 9.100E+012  1.317E-010  8.160E+006  1.131E+007
 9.300E+012  1.502E-010  8.162E+006  1.155E+007
 9.500E+012  1.701E-010  8.164E+006  1.180E+007
 9.700E+012  1.912E-010  8.167E+006  1.205E+007
 9.900E+012  2.132E-010  8.170E+006  1.230E+007
 1.010E+013  2.360E-010  8.173E+006  1.255E+007
 1.030E+013  2.594E-010  8.177E+006  1.280E+007
 1.050E+013  2.835E-010  8.181E+006  1.305E+007
 1.070E+013  3.083E-010  8.186E+006  1.330E+007
 1.090E+013  3.339E-010  8.191E+006  1.355E+007
 1.110E+013  3.604E-010  8.197E+006  1.380E+007
 1.130E+013  3.880E-010  8.203E+006  1.406E+007
 1.150E+013  4.171E-010  8.210E+006  1.431E+007
 1.170E+013  4.479E-010  8.217E+006  1.456E+007
 1.190E+013  4.806E-010  8.225E+006  1.482E+007
 1.210E+013  5.156E-010  8.234E+006  1.507E+007
 1.230E+013  5.532E-010  8.244E+006  1.533E+007
 1.250E+013  5.937E-010  8.255E+006  1.558E+007
 1.270E+013  6.373E-010  8.266E+006  1.584E+007
 1.290E+013  6.844E-010  8.279E+006  1.610E+007
 1.310E+013  7.351E-010  8.293E+006  1.636E+007
 1.330E+013  7.896E-010  8.308E+006  1.661E+007
 1.350E+013  8.481E-010  8.324E+006  1.687E+007
 1.370E+013  9.106E-010  8.342E+006  1.714E+007
 1.390E+013  9.770E-010  8.362E+006  1.740E+007
 1.410E+013  1.047E-009  8.383E+006  1.766E+007
 1.430E+013  1.122E-009  8.406E+006  1.792E+007
 1.450E+013  1.200E-009  8.432E+006  1.819E+007
 1.470E+013  1.283E-009  8.459E+006  1.845E+007
 1.490E+013  1.369E-009  8.489E+006  1.872E+007
 1.510E+013  1.460E-009  8.521E+006  1.899E+007
 1.530E+013  1.555E-009  8.555E+006  1.926E+007
 1.550E+013  1.655E-009  8.593E+006  1.954E+007
 1.570E+013  1.761E-009  8.633E+006  1.981E+007
 1.590E+013  1.873E-009  8.677E+006  2.009E+007
 1.610E+013  1.992E-009  8.724E+006  2.037E+007
 1.630E+013  2.118E-009  8.775E+006  2.065E+007
 1.650E+013  2.252E-009  8.829E+006  2.094E+007
 1.670E+013  2.396E-009  8.889E+006  2.123E+007
 1.690E+013  2.550E-009  8.953E+006  2.152E+007
 1.710E+013  2.714E-009  9.022E+006  2.181E+007
 1.730E+013  2.890E-009  9.096E+006  2.211E+007
 1.750E+013  3.078E-009  9.177E+006  2.241E+007
 1.770E+013  3.279E-009  9.264E+006  2.272E+007
 1.790E+013  3.493E-009  9.358E+006  2.303E+007
 1.810E+013  3.723E-009  9.460E+006  2.335E+007
 1.830E+013  3.968E-009  9.571E+006  2.367E+007
 1.850E+013  4.230E-009  9.691E+006  2.399E+007
 1.870E+013  4.510E-009  9.821E+006  2.433E+007
 1.890E+013  4.809E-009  9.961E+006  2.466E+007
 1.910E+013  5.130E-009  1.011E+007  2.501E+007
 1.930E+013  5.475E-009  1.028E+007  2.536E+007
 1.950E+013  5.845E-009  1.046E+007  2.572E+007
 1.970E+013  6.244E-009  1.065E+007  2.609E+007
 1.990E+013  6.674E-009  1.087E+007  2.646E+007
 2.010E+013  7.139E-009  1.110E+007  2.685E+007
 2.030E+013  7.641E-009  1.135E+007  2.724E+007
 2.050E+013  8.184E-009  1.162E+007  2.765E+007
 2.070E+013  8.774E-009  1.192E+007  2.806E+007
 2.090E+013  9.415E-009  1.225E+007  2.849E+007
 2.110E+013  1.011E-008  1.261E+007  2.892E+007
 2.130E+013  1.087E-008  1.300E+007  2.937E+007
 2.150E+013  1.171E-008  1.342E+007  2.982E+007
 2.170E+013  1.262E-008  1.389E+007  3.029E+007
 2.190E+013  1.363E-008  1.440E+007  3.077E+007
 2.210E+013  1.474E-008  1.497E+007  3.126E+007
 2.230E+013  1.597E-008  1.558E+007  3.176E+007
 2.250E+013  1.733E-008  1.627E+007  3.228E+007
 2.270E+013  1.885E-008  1.701E+007  3.280E+007
 2.290E+013  2.055E-008  1.783E+007  3.333E+007
 2.310E+013  2.248E-008  1.879E+007  3.389E+007
 2.330E+013  2.463E-008  1.981E+007  3.449E+007
 2.350E+013  2.689E-008  2.076E+007  3.496E+007
 2.370E+013  2.982E-008  2.234E+007  3.547E+007
 2.390E+013  3.354E-008  2.468E+007  3.669E+007
 2.410E+013  3.464E-008  2.406E+007  3.725E+007
 2.430E+013  3.069E-008  1.706E+007  3.534E+007
 2.450E+013  1.946E-008  5.443E+006  2.824E+007
 2.470E+013  1.232E-008  4.955E+005  1.556E+007
 2.490E+013  1.025E-008  2.670E+003  3.534E+006
 2.510E+013  1.000E-008  6.241E+001  8.984E+004
 2.530E+013  1.000E-008  6.236E+001  2.309E+001
 2.550E+013  1.000E-008  6.236E+001  9.528E-007
 2.570E+013  1.000E-008  6.236E+001  3.802E-015
 2.590E+013  1.000E-008  6.236E+001  2.055E-038
 2.610E+013  1.000E-008  6.236E+001 -1.496E-030
 2.630E+013  1.000E-008  6.236E+001 -1.365E-012
 2.650E+013  1.000E-008  6.236E+001  1.365E-012
 2.670E+013  1.000E-008  6.236E+001  1.491E-030
 2.690E+013  1.000E-008  6.236E+001  6.089E-067
 2.710E+013  1.000E-008  6.236E+001  6.826E-013
 2.730E+013  1.000E-008  6.236E+001 -6.826E-013
 2.750E+013  1.000E-008  6.236E+001  2.048E-012
 2.770E+013  1.000E-008  6.236E+001 -2.048E-012
 2.790E+013  1.000E-008  6.236E+001  0.000E+000
 2.810E+013  1.000E-008  6.236E+001  0.000E+000
 2.830E+013  1.000E-008  6.236E+001  3.413E-012
 2.850E+013  1.000E-008  6.236E+001 -6.826E-013
 2.870E+013  1.000E-008  6.236E+001 -2.730E-012
 2.890E+013  1.000E-008  6.236E+001 -5.847E-031
 2.910E+013  1.000E-008  6.236E+001  4.778E-012
 2.930E+013  1.000E-008  6.236E+001 -4.778E-012
 2.950E+013  1.000E-008  6.236E+001  0.000E+000
 2.970E+013  1.000E-008  6.236E+001  0.000E+000
 2.990E+013  1.000E-008  6.236E+001  0.000E+000
 3.010E+013  1.000E-008  6.236E+001  6.826E-013
 3.030E+013  1.000E-008  6.236E+001 -6.826E-013
 3.050E+013  1.000E-008  6.236E+001  6.826E-013
 3.070E+013  1.000E-008  6.236E+001 -6.826E-013
 3.090E+013  1.000E-008  6.236E+001  6.826E-013
 3.110E+013  1.000E-008  6.236E+001  6.826E-013
 3.130E+013  1.000E-008  6.236E+001 -1.365E-012
 3.150E+013  1.000E-008  6.236E+001  0.000E+000
 3.170E+013  1.000E-008  6.236E+001  0.000E+000
 3.190E+013  1.000E-008  6.236E+001  0.000E+000
 3.210E+013  1.000E-008  6.236E+001  0.000E+000
 3.230E+013  1.000E-008  6.236E+001  0.000E+000
 3.250E+013  1.000E-008  6.236E+001  0.000E+000
 3.270E+013  1.000E-008  6.236E+001 -2.134E-291
 3.290E+013  1.000E-008  6.236E+001 -1.866E-142
 3.310E+013  1.000E-008  6.236E+001 -3.827E-068
 3.330E+013  1.000E-008  6.236E+001 -3.738E-031
 3.350E+013  1.000E-008  6.236E+001 -6.826E-013
 3.370E+013  1.000E-008  6.236E+001  6.826E-013
 3.390E+013  1.000E-008  6.236E+001  3.729E-031
 3.410E+013  1.000E-008  6.236E+001  3.808E-068
 3.430E+013  1.000E-008  6.236E+001  1.848E-142
 3.450E+013  1.000E-008  6.236E+001  1.365E-012
 3.470E+013  1.000E-008  6.236E+001 -1.365E-012
 3.490E+013  1.000E-008  6.236E+001  0.000E+000
 3.510E+013  1.000E-008  6.236E+001  0.000E+000
 3.530E+013  1.000E-008  6.236E+001  0.000E+000
 3.550E+013  1.000E-008  6.236E+001  0.000E+000
 3.570E+013  1.000E-008  6.236E+001  1.365E-012
 3.590E+013  1.000E-008  6.236E+001 -6.826E-013
 3.610E+013  1.000E-008  6.236E+001 -3.737E-031
 3.630E+013  1.000E-008  6.236E+001 -6.826E-013
 3.650E+013  1.000E-008  6.236E+001 -6.826E-013
 3.670E+013  1.000E-008  6.236E+001  6.826E-013
 3.690E+013  1.000E-008  6.236E+001  6.826E-013
 3.710E+013  1.000E-008  6.236E+001 -6.826E-013
 3.730E+013  1.000E-008  6.236E+001 -4.014E-034
 3.750E+013  1.000E-008  6.236E+001  6.826E-013
 3.770E+013  1.000E-008  6.236E+001 -6.826E-013
 3.790E+013  1.000E-008  6.236E+001  0.000E+000
 3.810E+013  1.000E-008  6.236E+001  0.000E+000
 3.830E+013  1.000E-008  6.236E+001  6.826E-013
 3.850E+013  1.000E-008  6.236E+001 -6.826E-013
 3.870E+013  1.000E-008  6.236E+001 -3.737E-031
 3.890E+013  1.000E-008  6.236E+001 -6.826E-013
 3.910E+013  1.000E-008  6.236E+001 -1.131E-031
 3.930E+013  1.000E-008  6.236E+001  2.048E-012
 3.950E+013  1.000E-008  6.236E+001 -6.826E-013
 3.970E+013  1.000E-008  6.236E+001  2.048E-012
 3.990E+013  1.000E-008  6.236E+001 -2.730E-012
 4.010E+013  1.000E-008  6.236E+001  0.000E+000
 4.030E+013  1.000E-008  6.236E+001  0.000E+000
 4.050E+013  1.000E-008  6.236E+001  0.000E+000
 4.070E+013  1.000E-008  6.236E+001  0.000E+000
 4.090E+013  1.000E-008  6.236E+001  2.523E-011
 4.110E+013  1.000E-008  6.236E+001 -2.523E-011
 4.130E+013  1.000E-008  6.236E+001  1.774E-011
 4.150E+013  1.000E-008  6.236E+001 -1.774E-011
 4.170E+013  1.000E-008  6.236E+001  6.143E-012
 4.190E+013  1.000E-008  6.236E+001 -5.461E-012
 4.210E+013  1.000E-008  6.236E+001 -3.737E-031
 4.230E+013  1.000E-008  6.236E+001 -6.826E-013
 4.250E+013  1.000E-008  6.236E+001  0.000E+000
 4.270E+013  1.000E-008  6.236E+001  0.000E+000
 4.290E+013  1.000E-008  6.236E+001  0.000E+000
 4.310E+013  1.000E-008  6.236E+001  0.000E+000
 4.330E+013  1.000E-008  6.236E+001  0.000E+000
 4.350E+013  1.000E-008  6.236E+001  0.000E+000
 4.370E+013  1.000E-008  6.236E+001  0.000E+000
 4.390E+013  1.000E-008  6.236E+001  0.000E+000
 4.410E+013  1.000E-008  6.236E+001  0.000E+000
 4.430E+013  1.000E-008  6.236E+001  0.000E+000
 4.450E+013  1.000E-008  6.236E+001  0.000E+000
 4.470E+013  1.000E-008  6.236E+001  6.826E-013
 4.490E+013  1.000E-008  6.236E+001 -6.667E-034
 4.510E+013  1.000E-008  6.236E+001 -6.826E-013
 4.530E+013  1.000E-008  6.236E+001 -2.128E-291
 4.550E+013  1.000E-008  6.236E+001 -1.863E-142
 4.570E+013  1.000E-008  6.236E+001 -3.824E-068
 4.590E+013  1.000E-008  6.236E+001 -3.737E-031
 4.610E+013  1.000E-008  6.236E+001 -6.826E-013
 4.630E+013  1.000E-008  6.236E+001  6.826E-013
 4.650E+013  1.000E-008  6.236E+001  6.826E-013
 4.670E+013  1.000E-008  6.236E+001 -6.826E-013
 4.690E+013  1.000E-008  6.236E+001  6.826E-013
 4.710E+013  1.000E-008  6.236E+001 -6.826E-013
 4.730E+013  1.000E-008  6.236E+001  0.000E+000
 4.750E+013  1.000E-008  6.236E+001  0.000E+000
 4.770E+013  1.000E-008  6.236E+001  0.000E+000
 4.790E+013  1.000E-008  6.236E+001  6.826E-013
 4.810E+013  1.000E-008  6.236E+001 -6.826E-013
 4.830E+013  1.000E-008  6.236E+001 -3.098E-034
 4.850E+013  1.000E-008  6.236E+001  6.826E-013
 4.870E+013  1.000E-008  6.236E+001 -6.826E-013
 4.890E+013  1.000E-008  6.236E+001  0.000E+000
 4.910E+013  1.000E-008  6.236E+001  0.000E+000
 4.930E+013  1.000E-008  6.236E+001  0.000E+000
 4.950E+013  1.000E-008  6.236E+001  0.000E+000
 4.970E+013  1.000E-008  6.236E+001  0.000E+000
 4.990E+013  1.000E-008  6.236E+001  1.365E-012
 5.010E+013  1.000E-008  6.236E+001 -2.048E-012
 5.030E+013  1.000E-008  6.236E+001  6.826E-013
 5.050E+013  1.000E-008  6.236E+001  3.730E-031
 5.070E+013  1.000E-008  6.236E+001  3.811E-068
 5.090E+013  1.000E-008  6.236E+001  1.851E-142
 5.110E+013  1.000E-008  6.236E+001  6.826E-013
 5.130E+013  1.000E-008  6.236E+001 -6.826E-013
 5.150E+013  1.000E-008  6.236E+001  0.000E+000
 5.170E+013  1.000E-008  6.236E+001  0.000E+000
 5.190E+013  1.000E-008  6.236E+001 -2.127E-291
 5.210E+013  1.000E-008  6.236E+001 -1.863E-142
 5.230E+013  1.000E-008  6.236E+001 -3.823E-068
 5.250E+013  1.000E-008  6.236E+001 -3.736E-031
 5.270E+013  1.000E-008  6.236E+001 -6.826E-013
 5.290E+013  1.000E-008  6.236E+001  6.826E-013
 5.310E+013  1.000E-008  6.236E+001  3.730E-031
 5.330E+013  1.000E-008  6.236E+001  3.812E-068
 5.350E+013  1.000E-008  6.236E+001  1.365E-012
 5.370E+013  1.000E-008  6.236E+001 -1.365E-012
 5.390E+013  1.000E-008  6.236E+001  4.922E-032
 5.410E+013  1.000E-008  6.236E+001  6.826E-013
 5.430E+013  1.000E-008  6.236E+001  6.826E-013
 5.450E+013  1.000E-008  6.236E+001  6.826E-013
 5.470E+013  1.000E-008  6.236E+001 -2.048E-012
 5.490E+013  1.000E-008  6.236E+001 -3.736E-031
 5.510E+013  1.000E-008  6.236E+001 -6.826E-013
 5.530E+013  1.000E-008  6.236E+001  1.365E-012
 5.550E+013  1.000E-008  6.236E+001 -2.730E-012
 5.570E+013  1.000E-008  6.236E+001  1.365E-012
 5.590E+013  1.000E-008  6.236E+001  6.826E-013
 5.610E+013  1.000E-008  6.236E+001 -6.826E-013
 5.630E+013  1.000E-008  6.236E+001  6.826E-013
 5.650E+013  1.000E-008  6.236E+001 -4.095E-012
 5.670E+013  1.000E-008  6.236E+001  4.095E-012
 5.690E+013  1.000E-008  6.236E+001  4.095E-012
 5.710E+013  1.000E-008  6.236E+001 -4.095E-012
 5.730E+013  1.000E-008  6.236E+001  4.778E-012
 5.750E+013  1.000E-008  6.236E+001 -1.024E-011
 5.770E+013  1.000E-008  6.236E+001 -6.825E-013
 5.790E+013  1.000E-008  6.236E+001  6.143E-012
 5.810E+013  1.000E-008  6.236E+001  3.271E-011
 5.830E+013  1.000E-008  6.236E+001 -3.271E-011
 5.850E+013  1.000E-008  6.236E+001  0.000E+000
 5.870E+013  1.000E-008  6.236E+001  0.000E+000
 5.890E+013  1.000E-008  6.236E+001  0.000E+000
 5.910E+013  1.000E-008  6.236E+001  0.000E+000
 5.930E+013  1.000E-008  6.236E+001  0.000E+000
 5.950E+013  1.000E-008  6.236E+001  0.000E+000
 5.970E+013  1.000E-008  6.236E+001  0.000E+000
 5.990E+013  1.000E-008  6.236E+001  0.000E+000
 6.010E+013  1.000E-008  6.236E+001  0.000E+000
 6.030E+013  1.000E-008  6.236E+001  6.826E-013
 6.050E+013  1.000E-008  6.236E+001 -6.826E-013
 6.070E+013  1.000E-008  6.236E+001  6.826E-013
 6.090E+013  1.000E-008  6.236E+001 -6.826E-013
 6.110E+013  1.000E-008  6.236E+001  0.000E+000
 6.130E+013  1.000E-008  6.236E+001  0.000E+000
 6.150E+013  1.000E-008  6.236E+001  0.000E+000
 6.170E+013  1.000E-008  6.236E+001  6.826E-013
 6.190E+013  1.000E-008  6.236E+001 -6.826E-013
 6.210E+013  1.000E-008  6.236E+001  0.000E+000
 6.230E+013  1.000E-008  6.236E+001  0.000E+000
 6.250E+013  1.000E-008  6.236E+001  0.000E+000
 6.270E+013  1.000E-008  6.236E+001  0.000E+000
 6.290E+013  1.000E-008  6.236E+001  0.000E+000
 6.310E+013  1.000E-008  6.236E+001  0.000E+000
 6.330E+013  1.000E-008  6.236E+001  0.000E+000
 6.350E+013  1.000E-008  6.236E+001  6.826E-013
 6.370E+013  1.000E-008  6.236E+001 -6.826E-013
 6.390E+013  1.000E-008  6.236E+001  0.000E+000
 6.410E+013  1.000E-008  6.236E+001  0.000E+000
 6.430E+013  1.000E-008  6.236E+001  0.000E+000
 6.450E+013  1.000E-008  6.236E+001  0.000E+000
 6.470E+013  1.000E-008  6.236E+001  6.826E-013
 6.490E+013  1.000E-008  6.236E+001 -6.826E-013
 6.510E+013  1.000E-008  6.236E+001  0.000E+000
 6.530E+013  1.000E-008  6.236E+001  0.000E+000
 6.550E+013  1.000E-008  6.236E+001  0.000E+000
 6.570E+013  1.000E-008  6.236E+001  0.000E+000
 6.590E+013  1.000E-008  6.236E+001  6.826E-013
 6.610E+013  1.000E-008  6.236E+001 -6.826E-013
 6.630E+013  1.000E-008  6.236E+001  0.000E+000
 6.650E+013  1.000E-008  6.236E+001  0.000E+000
 6.670E+013  1.000E-008  6.236E+001  0.000E+000
 6.690E+013  1.000E-008  6.236E+001  6.826E-013
 6.710E+013  1.000E-008  6.236E+001 -6.826E-013
 6.730E+013  1.000E-008  6.236E+001  0.000E+000
 6.750E+013  1.000E-008  6.236E+001  0.000E+000
 6.770E+013  1.000E-008  6.236E+001  6.826E-013
 6.790E+013  1.000E-008  6.236E+001 -6.826E-013
 6.810E+013  1.000E-008  6.236E+001  6.826E-013
 6.830E+013  1.000E-008  6.236E+001 -4.379E-034
 6.850E+013  1.000E-008  6.236E+001 -6.826E-013
 6.870E+013  1.000E-008  6.236E+001  0.000E+000
 6.890E+013  1.000E-008  6.236E+001  0.000E+000
 6.910E+013  1.000E-008  6.236E+001  0.000E+000
 6.930E+013  1.000E-008  6.236E+001  6.826E-013
 6.950E+013  1.000E-008  6.236E+001 -6.826E-013
 6.970E+013  1.000E-008  6.236E+001  0.000E+000
 6.990E+013  1.000E-008  6.236E+001  0.000E+000
 7.010E+013  1.000E-008  6.236E+001  0.000E+000
 7.030E+013  1.000E-008  6.236E+001  0.000E+000
 7.050E+013  1.000E-008  6.236E+001  0.000E+000
 7.070E+013  1.000E-008  6.236E+001  0.000E+000
 7.090E+013  1.000E-008  6.236E+001  0.000E+000
 7.110E+013  1.000E-008  6.236E+001  0.000E+000
 7.130E+013  1.000E-008  6.236E+001  0.000E+000
 7.150E+013  1.000E-008  6.236E+001  0.000E+000
 7.170E+013  1.000E-008  6.236E+001  0.000E+000
 7.190E+013  1.000E-008  6.236E+001  6.826E-013
 7.210E+013  1.000E-008  6.236E+001 -6.826E-013
 7.230E+013  1.000E-008  6.236E+001  0.000E+000
 7.250E+013  1.000E-008  6.236E+001  0.000E+000
 7.270E+013  1.000E-008  6.236E+001  1.365E-012
 7.290E+013  1.000E-008  6.236E+001 -1.641E-033
 7.310E+013  1.000E-008  6.236E+001 -1.365E-012
 7.330E+013  1.000E-008  6.236E+001 -3.735E-031
 7.350E+013  1.000E-008  6.236E+001 -6.826E-013
 7.370E+013  1.000E-008  6.236E+001  6.826E-013
 7.390E+013  1.000E-008  6.236E+001  3.731E-031
 7.410E+013  1.000E-008  6.236E+001  3.813E-068
 7.430E+013  1.000E-008  6.236E+001  1.853E-142
 7.450E+013  1.000E-008  6.236E+001  2.104E-291
 7.470E+013  1.000E-008  6.236E+001  0.000E+000
 7.490E+013  1.000E-008  6.236E+001  0.000E+000
 7.510E+013  1.000E-008  6.236E+001  0.000E+000
 7.530E+013  1.000E-008  6.236E+001  0.000E+000
 7.550E+013  1.000E-008  6.236E+001  0.000E+000
 7.570E+013  1.000E-008  6.236E+001  0.000E+000
 7.590E+013  1.000E-008  6.236E+001  0.000E+000
 7.610E+013  1.000E-008  6.236E+001  0.000E+000
 7.630E+013  1.000E-008  6.236E+001  0.000E+000
 7.650E+013  1.000E-008  6.236E+001  0.000E+000
 7.670E+013  1.000E-008  6.236E+001  1.365E-012
 7.690E+013  1.000E-008  6.236E+001 -1.365E-012
 7.710E+013  1.000E-008  6.236E+001  2.048E-012
 7.730E+013  1.000E-008  6.236E+001 -2.048E-012
 7.750E+013  1.000E-008  6.236E+001  8.844E-032
 7.770E+013  1.000E-008  6.236E+001  1.365E-012
 7.790E+013  1.000E-008  6.236E+001 -4.095E-012
 7.810E+013  1.000E-008  6.236E+001  4.095E-012
 7.830E+013  1.000E-008  6.236E+001 -1.365E-012
 7.850E+013  1.000E-008  6.236E+001 -2.694E-068
 7.870E+013  1.000E-008  6.236E+001 -3.136E-031
 7.890E+013  1.000E-008  6.236E+001 -6.826E-013
 7.910E+013  1.000E-008  6.236E+001 -3.413E-012
 7.930E+013  1.000E-008  6.236E+001  2.048E-012
 7.950E+013  1.000E-008  6.236E+001  2.048E-012
 7.970E+013  1.000E-008  6.236E+001 -2.730E-012
 7.990E+013  1.000E-008  6.236E+001  2.730E-012
 8.010E+013  1.000E-008  6.236E+001  5.970E-030
 8.030E+013  1.000E-008  6.236E+001  9.762E-066
 8.050E+013  1.000E-008  6.236E+001  1.214E-137
 8.070E+013  1.000E-008  6.236E+001 -9.735E-275
 8.090E+013  1.000E-008  6.236E+001 -3.985E-134
 8.110E+013  1.000E-008  6.236E+001 -5.593E-064
 8.130E+013  1.000E-008  6.236E+001 -4.519E-029
 8.150E+013  1.000E-008  6.236E+001 -7.508E-012
 8.170E+013  1.000E-008  6.236E+001  9.556E-012
 8.190E+013  1.000E-008  6.236E+001 -2.048E-012
 8.210E+013  1.000E-008  6.236E+001  0.000E+000
 8.230E+013  1.000E-008  6.236E+001  0.000E+000
 8.250E+013  1.000E-008  6.236E+001  0.000E+000
 8.270E+013  1.000E-008  6.236E+001  0.000E+000
 8.290E+013  1.000E-008  6.236E+001  2.730E-012
 8.310E+013  1.000E-008  6.236E+001 -2.730E-012
 8.330E+013  1.000E-008  6.236E+001 -3.627E-031
 8.350E+013  1.000E-008  6.236E+001  4.095E-012
 8.370E+013  1.000E-008  6.236E+001 -3.413E-012
 8.390E+013  1.000E-008  6.236E+001 -3.735E-031
 8.410E+013  1.000E-008  6.236E+001 -6.826E-013
 8.430E+013  1.000E-008  6.236E+001  6.826E-013
 8.450E+013  1.000E-008  6.236E+001 -3.539E-034
 8.470E+013  1.000E-008  6.236E+001 -6.826E-013
 8.490E+013  1.000E-008  6.236E+001 -1.761E-034
 8.510E+013  1.000E-008  6.236E+001  6.826E-013
 8.530E+013  1.000E-008  6.236E+001 -3.505E-034
 8.550E+013  1.000E-008  6.236E+001 -6.826E-013
 8.570E+013  1.000E-008  6.236E+001 -1.745E-034
 8.590E+013  1.000E-008  6.236E+001  6.826E-013
 8.610E+013  1.000E-008  6.236E+001 -6.826E-013
 8.630E+013  1.000E-008  6.236E+001  0.000E+000
 8.650E+013  1.000E-008  6.236E+001  0.000E+000
 8.670E+013  1.000E-008  6.236E+001  0.000E+000
 8.690E+013  1.000E-008  6.236E+001  0.000E+000
 8.710E+013  1.000E-008  6.236E+001  0.000E+000
 8.730E+013  1.000E-008  6.236E+001  0.000E+000
 8.750E+013  1.000E-008  6.236E+001  6.826E-013
 8.770E+013  1.000E-008  6.236E+001 -6.826E-013
 8.790E+013  1.000E-008  6.236E+001 -1.701E-034
 8.810E+013  1.000E-008  6.236E+001  6.826E-013
 8.830E+013  1.000E-008  6.236E+001 -6.826E-013
 8.850E+013  1.000E-008  6.236E+001  6.826E-013
 8.870E+013  1.000E-008  6.236E+001  6.826E-013
 8.890E+013  1.000E-008  6.236E+001 -1.365E-012
 8.910E+013  1.000E-008  6.236E+001  0.000E+000
 8.930E+013  1.000E-008  6.236E+001  0.000E+000
 8.950E+013  1.000E-008  6.236E+001  0.000E+000
 8.970E+013  1.000E-008  6.236E+001  0.000E+000
 8.990E+013  1.000E-008  6.236E+001  0.000E+000
 9.010E+013  1.000E-008  6.236E+001  6.826E-013
 9.030E+013  1.000E-008  6.236E+001 -3.311E-034
 9.050E+013  1.000E-008  6.236E+001 -6.826E-013
 9.070E+013  1.000E-008  6.236E+001  6.826E-013
 9.090E+013  1.000E-008  6.236E+001 -3.289E-034
 9.110E+013  1.000E-008  6.236E+001 -6.826E-013
 9.130E+013  1.000E-008  6.236E+001  0.000E+000
 9.150E+013  1.000E-008  6.236E+001  0.000E+000
 9.170E+013  1.000E-008  6.236E+001  0.000E+000
 9.190E+013  1.000E-008  6.236E+001  0.000E+000
 9.210E+013  1.000E-008  6.236E+001  0.000E+000
 9.230E+013  1.000E-008  6.236E+001  6.826E-013
 9.250E+013  1.000E-008  6.236E+001 -3.232E-034
 9.270E+013  1.000E-008  6.236E+001 -6.826E-013
 9.290E+013  1.000E-008  6.236E+001  0.000E+000
 9.310E+013  1.000E-008  6.236E+001  0.000E+000
 9.330E+013  1.000E-008  6.236E+001  0.000E+000
 9.350E+013  1.000E-008  6.236E+001  0.000E+000
 9.370E+013  1.000E-008  6.236E+001  6.826E-013
 9.390E+013  1.000E-008  6.236E+001 -6.826E-013
 9.410E+013  1.000E-008  6.236E+001  6.826E-013
 9.430E+013  1.000E-008  6.236E+001 -6.826E-013
 9.450E+013  1.000E-008  6.236E+001  0.000E+000
 9.470E+013  1.000E-008  6.236E+001  0.000E+000
 9.490E+013  1.000E-008  6.236E+001  0.000E+000
 9.510E+013  1.000E-008  6.236E+001  0.000E+000
 9.530E+013  1.000E-008  6.236E+001  6.826E-013
 9.550E+013  1.000E-008  6.236E+001 -6.826E-013
 9.570E+013  1.000E-008  6.236E+001 -3.821E-068
 9.590E+013  1.000E-008  6.236E+001 -3.735E-031
 9.610E+013  1.000E-008  6.236E+001 -6.826E-013
 9.630E+013  1.000E-008  6.236E+001  6.826E-013
 9.650E+013  1.000E-008  6.236E+001  3.732E-031
 9.670E+013  1.000E-008  6.236E+001  6.826E-013
 9.690E+013  1.000E-008  6.236E+001 -6.826E-013
 9.710E+013  1.000E-008  6.236E+001  0.000E+000
 9.730E+013  1.000E-008  6.236E+001  0.000E+000
 9.750E+013  1.000E-008  6.236E+001  0.000E+000
 9.770E+013  1.000E-008  6.236E+001  0.000E+000
 9.790E+013  1.000E-008  6.236E+001  0.000E+000
 9.810E+013  1.000E-008  6.236E+001  0.000E+000
 9.830E+013  1.000E-008  6.236E+001  0.000E+000
 9.850E+013  1.000E-008  6.236E+001  0.000E+000
 9.870E+013  1.000E-008  6.236E+001  0.000E+000
 9.890E+013  1.000E-008  6.236E+001  0.000E+000
 9.910E+013  1.000E-008  6.236E+001  0.000E+000
 9.930E+013  1.000E-008  6.236E+001  0.000E+000
 9.950E+013  1.000E-008  6.236E+001  6.826E-013
 9.970E+013  1.000E-008  6.236E+001 -6.826E-013
 9.990E+013  1.000E-008  6.236E+001  0.000E+000
 1.001E+014  1.000E-099  1.000E-099  0.000E+000
 1.003E+014  1.000E-099  1.000E-099  0.000E+000
 6.092E-003
