 1.801E+005
     x1b        dens       energ       v1
 1.000E+011  1.732E-011  8.805E+006  0.000E+000
 3.000E+011  1.738E-011  8.810E+006  1.881E+005
 5.000E+011  1.757E-011  8.808E+006  5.648E+005
 7.000E+011  1.792E-011  8.809E+006  7.874E+005
 9.000E+011  1.839E-011  8.808E+006  1.075E+006
 1.100E+012  1.894E-011  8.809E+006  1.333E+006
 1.300E+012  1.952E-011  8.809E+006  1.604E+006
 1.500E+012  2.010E-011  8.809E+006  1.869E+006
 1.700E+012  2.064E-011  8.809E+006  2.137E+006
 1.900E+012  2.105E-011  8.809E+006  2.404E+006
 2.100E+012  2.125E-011  8.809E+006  2.671E+006
 2.300E+012  2.128E-011  8.809E+006  2.938E+006
 2.500E+012  2.128E-011  8.809E+006  3.205E+006
 2.700E+012  2.128E-011  8.809E+006  3.472E+006
 2.900E+012  2.126E-011  8.809E+006  3.739E+006
 3.100E+012  2.122E-011  8.809E+006  4.007E+006
 3.300E+012  2.117E-011  8.809E+006  4.274E+006
 3.500E+012  2.116E-011  8.810E+006  4.541E+006
 3.700E+012  2.116E-011  8.810E+006  4.808E+006
 3.900E+012  2.116E-011  8.810E+006  5.075E+006
 4.100E+012  2.119E-011  8.810E+006  5.342E+006
 4.300E+012  2.124E-011  8.810E+006  5.610E+006
 4.500E+012  2.133E-011  8.810E+006  5.877E+006
 4.700E+012  2.148E-011  8.810E+006  6.144E+006
 4.900E+012  2.171E-011  8.811E+006  6.411E+006
 5.100E+012  2.203E-011  8.811E+006  6.678E+006
 5.300E+012  2.249E-011  8.811E+006  6.946E+006
 5.500E+012  2.309E-011  8.811E+006  7.213E+006
 5.700E+012  2.387E-011  8.811E+006  7.481E+006
 5.900E+012  2.488E-011  8.812E+006  7.749E+006
 6.100E+012  2.615E-011  8.812E+006  8.017E+006
 6.300E+012  2.775E-011  8.812E+006  8.285E+006
 6.500E+012  2.974E-011  8.812E+006  8.554E+006
 6.700E+012  3.221E-011  8.813E+006  8.823E+006
 6.900E+012  3.527E-011  8.813E+006  9.093E+006
 7.100E+012  3.904E-011  8.814E+006  9.364E+006
 7.300E+012  4.366E-011  8.814E+006  9.634E+006
 7.500E+012  4.931E-011  8.815E+006  9.905E+006
 7.700E+012  5.617E-011  8.815E+006  1.018E+007
 7.900E+012  6.445E-011  8.816E+006  1.045E+007
 8.100E+012  7.434E-011  8.817E+006  1.072E+007
 8.300E+012  8.601E-011  8.818E+006  1.099E+007
 8.500E+012  9.958E-011  8.820E+006  1.126E+007
 8.700E+012  1.151E-010  8.821E+006  1.153E+007
 8.900E+012  1.326E-010  8.823E+006  1.179E+007
 9.100E+012  1.518E-010  8.825E+006  1.206E+007
 9.300E+012  1.726E-010  8.828E+006  1.233E+007
 9.500E+012  1.947E-010  8.830E+006  1.259E+007
 9.700E+012  2.179E-010  8.834E+006  1.286E+007
 9.900E+012  2.420E-010  8.838E+006  1.312E+007
 1.010E+013  2.668E-010  8.842E+006  1.339E+007
 1.030E+013  2.923E-010  8.847E+006  1.366E+007
 1.050E+013  3.186E-010  8.852E+006  1.392E+007
 1.070E+013  3.457E-010  8.858E+006  1.419E+007
 1.090E+013  3.737E-010  8.865E+006  1.446E+007
 1.110E+013  4.030E-010  8.872E+006  1.473E+007
 1.130E+013  4.338E-010  8.880E+006  1.500E+007
 1.150E+013  4.664E-010  8.888E+006  1.527E+007
 1.170E+013  5.011E-010  8.898E+006  1.554E+007
 1.190E+013  5.382E-010  8.908E+006  1.582E+007
 1.210E+013  5.781E-010  8.920E+006  1.609E+007
 1.230E+013  6.212E-010  8.932E+006  1.636E+007
 1.250E+013  6.677E-010  8.946E+006  1.664E+007
 1.270E+013  7.178E-010  8.960E+006  1.691E+007
 1.290E+013  7.720E-010  8.976E+006  1.719E+007
 1.310E+013  8.303E-010  8.994E+006  1.747E+007
 1.330E+013  8.929E-010  9.014E+006  1.774E+007
 1.350E+013  9.598E-010  9.035E+006  1.802E+007
 1.370E+013  1.031E-009  9.058E+006  1.830E+007
 1.390E+013  1.107E-009  9.083E+006  1.858E+007
 1.410E+013  1.187E-009  9.110E+006  1.886E+007
 1.430E+013  1.271E-009  9.140E+006  1.915E+007
 1.450E+013  1.360E-009  9.172E+006  1.943E+007
 1.470E+013  1.453E-009  9.208E+006  1.972E+007
 1.490E+013  1.551E-009  9.246E+006  2.001E+007
 1.510E+013  1.654E-009  9.287E+006  2.030E+007
 1.530E+013  1.762E-009  9.332E+006  2.059E+007
 1.550E+013  1.877E-009  9.380E+006  2.089E+007
 1.570E+013  1.999E-009  9.432E+006  2.119E+007
 1.590E+013  2.128E-009  9.489E+006  2.149E+007
 1.610E+013  2.266E-009  9.550E+006  2.179E+007
 1.630E+013  2.414E-009  9.616E+006  2.210E+007
 1.650E+013  2.571E-009  9.687E+006  2.241E+007
 1.670E+013  2.740E-009  9.764E+006  2.272E+007
 1.690E+013  2.922E-009  9.848E+006  2.304E+007
 1.710E+013  3.116E-009  9.939E+006  2.337E+007
 1.730E+013  3.324E-009  1.004E+007  2.369E+007
 1.750E+013  3.547E-009  1.014E+007  2.403E+007
 1.770E+013  3.786E-009  1.026E+007  2.436E+007
 1.790E+013  4.042E-009  1.038E+007  2.471E+007
 1.810E+013  4.316E-009  1.052E+007  2.506E+007
 1.830E+013  4.610E-009  1.067E+007  2.542E+007
 1.850E+013  4.925E-009  1.083E+007  2.578E+007
 1.870E+013  5.264E-009  1.100E+007  2.615E+007
 1.890E+013  5.628E-009  1.119E+007  2.653E+007
 1.910E+013  6.020E-009  1.140E+007  2.692E+007
 1.930E+013  6.444E-009  1.163E+007  2.732E+007
 1.950E+013  6.902E-009  1.187E+007  2.772E+007
 1.970E+013  7.398E-009  1.214E+007  2.814E+007
 1.990E+013  7.937E-009  1.243E+007  2.857E+007
 2.010E+013  8.522E-009  1.275E+007  2.900E+007
 2.030E+013  9.158E-009  1.310E+007  2.945E+007
 2.050E+013  9.852E-009  1.349E+007  2.991E+007
 2.070E+013  1.061E-008  1.391E+007  3.038E+007
 2.090E+013  1.144E-008  1.437E+007  3.087E+007
 2.110E+013  1.235E-008  1.487E+007  3.136E+007
 2.130E+013  1.336E-008  1.543E+007  3.187E+007
 2.150E+013  1.447E-008  1.603E+007  3.239E+007
 2.170E+013  1.570E-008  1.670E+007  3.292E+007
 2.190E+013  1.707E-008  1.745E+007  3.347E+007
 2.210E+013  1.860E-008  1.826E+007  3.403E+007
 2.230E+013  2.030E-008  1.916E+007  3.458E+007
 2.250E+013  2.226E-008  2.021E+007  3.518E+007
 2.270E+013  2.443E-008  2.132E+007  3.582E+007
 2.290E+013  2.673E-008  2.237E+007  3.632E+007
 2.310E+013  2.975E-008  2.417E+007  3.687E+007
 2.330E+013  3.351E-008  2.671E+007  3.821E+007
 2.350E+013  3.446E-008  2.578E+007  3.870E+007
 2.370E+013  3.011E-008  1.774E+007  3.651E+007
 2.390E+013  1.885E-008  5.336E+006  2.875E+007
 2.410E+013  1.210E-008  4.399E+005  1.535E+007
 2.430E+013  1.021E-008  1.838E+003  3.211E+006
 2.450E+013  1.000E-008  6.239E+001  6.760E+004
 2.470E+013  1.000E-008  6.236E+001  1.184E+001
 2.490E+013  1.000E-008  6.236E+001  3.000E-007
 2.510E+013  1.000E-008  6.236E+001  6.402E-013
 2.530E+013  1.000E-008  6.236E+001 -6.397E-013
 2.550E+013  1.000E-008  6.236E+001 -1.873E-287
 2.570E+013  1.000E-008  6.236E+001 -1.806E-140
 2.590E+013  1.000E-008  6.236E+001 -3.890E-067
 2.610E+013  1.000E-008  6.236E+001 -1.231E-030
 2.630E+013  1.000E-008  6.236E+001 -1.279E-012
 2.650E+013  1.000E-008  6.236E+001  1.279E-012
 2.670E+013  1.000E-008  6.236E+001  1.227E-030
 2.690E+013  1.000E-008  6.236E+001  3.866E-067
 2.710E+013  1.000E-008  6.236E+001  6.397E-013
 2.730E+013  1.000E-008  6.236E+001 -6.397E-013
 2.750E+013  1.000E-008  6.236E+001  1.919E-012
 2.770E+013  1.000E-008  6.236E+001 -1.919E-012
 2.790E+013  1.000E-008  6.236E+001  0.000E+000
 2.810E+013  1.000E-008  6.236E+001  0.000E+000
 2.830E+013  1.000E-008  6.236E+001  3.198E-012
 2.850E+013  1.000E-008  6.236E+001 -6.397E-013
 2.870E+013  1.000E-008  6.236E+001 -2.559E-012
 2.890E+013  1.000E-008  6.236E+001 -4.813E-031
 2.910E+013  1.000E-008  6.236E+001  4.478E-012
 2.930E+013  1.000E-008  6.236E+001 -4.478E-012
 2.950E+013  1.000E-008  6.236E+001  0.000E+000
 2.970E+013  1.000E-008  6.236E+001  0.000E+000
 2.990E+013  1.000E-008  6.236E+001  0.000E+000
 3.010E+013  1.000E-008  6.236E+001  6.397E-013
 3.030E+013  1.000E-008  6.236E+001 -6.397E-013
 3.050E+013  1.000E-008  6.236E+001  6.397E-013
 3.070E+013  1.000E-008  6.236E+001 -6.397E-013
 3.090E+013  1.000E-008  6.236E+001  6.397E-013
 3.110E+013  1.000E-008  6.236E+001  6.397E-013
 3.130E+013  1.000E-008  6.236E+001 -1.279E-012
 3.150E+013  1.000E-008  6.236E+001  0.000E+000
 3.170E+013  1.000E-008  6.236E+001  0.000E+000
 3.190E+013  1.000E-008  6.236E+001  0.000E+000
 3.210E+013  1.000E-008  6.236E+001  0.000E+000
 3.230E+013  1.000E-008  6.236E+001  0.000E+000
 3.250E+013  1.000E-008  6.236E+001  0.000E+000
 3.270E+013  1.000E-008  6.236E+001 -2.851E-292
 3.290E+013  1.000E-008  6.236E+001 -7.047E-143
 3.310E+013  1.000E-008  6.236E+001 -2.429E-068
 3.330E+013  1.000E-008  6.236E+001 -3.077E-031
 3.350E+013  1.000E-008  6.236E+001 -6.397E-013
 3.370E+013  1.000E-008  6.236E+001  6.397E-013
 3.390E+013  1.000E-008  6.236E+001  3.069E-031
 3.410E+013  1.000E-008  6.236E+001  2.418E-068
 3.430E+013  1.000E-008  6.236E+001  6.980E-143
 3.450E+013  1.000E-008  6.236E+001  1.279E-012
 3.470E+013  1.000E-008  6.236E+001 -1.279E-012
 3.490E+013  1.000E-008  6.236E+001  0.000E+000
 3.510E+013  1.000E-008  6.236E+001  0.000E+000
 3.530E+013  1.000E-008  6.236E+001  0.000E+000
 3.550E+013  1.000E-008  6.236E+001  0.000E+000
 3.570E+013  1.000E-008  6.236E+001  1.279E-012
 3.590E+013  1.000E-008  6.236E+001 -6.397E-013
 3.610E+013  1.000E-008  6.236E+001 -3.076E-031
 3.630E+013  1.000E-008  6.236E+001 -6.397E-013
 3.650E+013  1.000E-008  6.236E+001 -6.397E-013
 3.670E+013  1.000E-008  6.236E+001  6.397E-013
 3.690E+013  1.000E-008  6.236E+001  6.397E-013
 3.710E+013  1.000E-008  6.236E+001 -6.397E-013
 3.730E+013  1.000E-008  6.236E+001 -3.304E-034
 3.750E+013  1.000E-008  6.236E+001  6.397E-013
 3.770E+013  1.000E-008  6.236E+001 -6.397E-013
 3.790E+013  1.000E-008  6.236E+001  0.000E+000
 3.810E+013  1.000E-008  6.236E+001  0.000E+000
 3.830E+013  1.000E-008  6.236E+001  6.397E-013
 3.850E+013  1.000E-008  6.236E+001 -6.397E-013
 3.870E+013  1.000E-008  6.236E+001 -3.076E-031
 3.890E+013  1.000E-008  6.236E+001 -6.397E-013
 3.910E+013  1.000E-008  6.236E+001 -9.314E-032
 3.930E+013  1.000E-008  6.236E+001  1.919E-012
 3.950E+013  1.000E-008  6.236E+001 -6.397E-013
 3.970E+013  1.000E-008  6.236E+001  1.919E-012
 3.990E+013  1.000E-008  6.236E+001 -2.559E-012
 4.010E+013  1.000E-008  6.236E+001  0.000E+000
 4.030E+013  1.000E-008  6.236E+001  0.000E+000
 4.050E+013  1.000E-008  6.236E+001  0.000E+000
 4.070E+013  1.000E-008  6.236E+001  0.000E+000
 4.090E+013  1.000E-008  6.236E+001  2.364E-011
 4.110E+013  1.000E-008  6.236E+001 -2.364E-011
 4.130E+013  1.000E-008  6.236E+001  1.662E-011
 4.150E+013  1.000E-008  6.236E+001 -1.662E-011
 4.170E+013  1.000E-008  6.236E+001  5.757E-012
 4.190E+013  1.000E-008  6.236E+001 -5.117E-012
 4.210E+013  1.000E-008  6.236E+001 -3.076E-031
 4.230E+013  1.000E-008  6.236E+001 -6.397E-013
 4.250E+013  1.000E-008  6.236E+001  0.000E+000
 4.270E+013  1.000E-008  6.236E+001  0.000E+000
 4.290E+013  1.000E-008  6.236E+001  0.000E+000
 4.310E+013  1.000E-008  6.236E+001  0.000E+000
 4.330E+013  1.000E-008  6.236E+001  0.000E+000
 4.350E+013  1.000E-008  6.236E+001  0.000E+000
 4.370E+013  1.000E-008  6.236E+001  0.000E+000
 4.390E+013  1.000E-008  6.236E+001  0.000E+000
 4.410E+013  1.000E-008  6.236E+001  0.000E+000
 4.430E+013  1.000E-008  6.236E+001  0.000E+000
 4.450E+013  1.000E-008  6.236E+001  0.000E+000
 4.470E+013  1.000E-008  6.236E+001  6.397E-013
 4.490E+013  1.000E-008  6.236E+001 -5.488E-034
 4.510E+013  1.000E-008  6.236E+001 -6.397E-013
 4.530E+013  1.000E-008  6.236E+001 -2.844E-292
 4.550E+013  1.000E-008  6.236E+001 -7.038E-143
 4.570E+013  1.000E-008  6.236E+001 -2.428E-068
 4.590E+013  1.000E-008  6.236E+001 -3.076E-031
 4.610E+013  1.000E-008  6.236E+001 -6.397E-013
 4.630E+013  1.000E-008  6.236E+001  6.397E-013
 4.650E+013  1.000E-008  6.236E+001  6.397E-013
 4.670E+013  1.000E-008  6.236E+001 -6.397E-013
 4.690E+013  1.000E-008  6.236E+001  6.397E-013
 4.710E+013  1.000E-008  6.236E+001 -6.397E-013
 4.730E+013  1.000E-008  6.236E+001  0.000E+000
 4.750E+013  1.000E-008  6.236E+001  0.000E+000
 4.770E+013  1.000E-008  6.236E+001  0.000E+000
 4.790E+013  1.000E-008  6.236E+001  6.397E-013
 4.810E+013  1.000E-008  6.236E+001 -6.397E-013
 4.830E+013  1.000E-008  6.236E+001 -2.550E-034
 4.850E+013  1.000E-008  6.236E+001  6.397E-013
 4.870E+013  1.000E-008  6.236E+001 -6.397E-013
 4.890E+013  1.000E-008  6.236E+001  0.000E+000
 4.910E+013  1.000E-008  6.236E+001  0.000E+000
 4.930E+013  1.000E-008  6.236E+001  0.000E+000
 4.950E+013  1.000E-008  6.236E+001  0.000E+000
 4.970E+013  1.000E-008  6.236E+001  0.000E+000
 4.990E+013  1.000E-008  6.236E+001  1.279E-012
 5.010E+013  1.000E-008  6.236E+001 -1.919E-012
 5.030E+013  1.000E-008  6.236E+001  6.397E-013
 5.050E+013  1.000E-008  6.236E+001  3.071E-031
 5.070E+013  1.000E-008  6.236E+001  2.420E-068
 5.090E+013  1.000E-008  6.236E+001  6.991E-143
 5.110E+013  1.000E-008  6.236E+001  6.397E-013
 5.130E+013  1.000E-008  6.236E+001 -6.397E-013
 5.150E+013  1.000E-008  6.236E+001  0.000E+000
 5.170E+013  1.000E-008  6.236E+001  0.000E+000
 5.190E+013  1.000E-008  6.236E+001 -2.841E-292
 5.210E+013  1.000E-008  6.236E+001 -7.034E-143
 5.230E+013  1.000E-008  6.236E+001 -2.427E-068
 5.250E+013  1.000E-008  6.236E+001 -3.075E-031
 5.270E+013  1.000E-008  6.236E+001 -6.397E-013
 5.290E+013  1.000E-008  6.236E+001  6.397E-013
 5.310E+013  1.000E-008  6.236E+001  3.071E-031
 5.330E+013  1.000E-008  6.236E+001  2.420E-068
 5.350E+013  1.000E-008  6.236E+001  1.279E-012
 5.370E+013  1.000E-008  6.236E+001 -1.279E-012
 5.390E+013  1.000E-008  6.236E+001  4.052E-032
 5.410E+013  1.000E-008  6.236E+001  6.397E-013
 5.430E+013  1.000E-008  6.236E+001  6.397E-013
 5.450E+013  1.000E-008  6.236E+001  6.397E-013
 5.470E+013  1.000E-008  6.236E+001 -1.919E-012
 5.490E+013  1.000E-008  6.236E+001 -3.075E-031
 5.510E+013  1.000E-008  6.236E+001 -6.397E-013
 5.530E+013  1.000E-008  6.236E+001  1.279E-012
 5.550E+013  1.000E-008  6.236E+001 -2.559E-012
 5.570E+013  1.000E-008  6.236E+001  1.279E-012
 5.590E+013  1.000E-008  6.236E+001  6.397E-013
 5.610E+013  1.000E-008  6.236E+001 -6.397E-013
 5.630E+013  1.000E-008  6.236E+001  6.397E-013
 5.650E+013  1.000E-008  6.236E+001 -3.838E-012
 5.670E+013  1.000E-008  6.236E+001  3.838E-012
 5.690E+013  1.000E-008  6.236E+001  3.838E-012
 5.710E+013  1.000E-008  6.236E+001 -3.838E-012
 5.730E+013  1.000E-008  6.236E+001  4.478E-012
 5.750E+013  1.000E-008  6.236E+001 -9.595E-012
 5.770E+013  1.000E-008  6.236E+001 -6.396E-013
 5.790E+013  1.000E-008  6.236E+001  5.757E-012
 5.810E+013  1.000E-008  6.236E+001  3.065E-011
 5.830E+013  1.000E-008  6.236E+001 -3.065E-011
 5.850E+013  1.000E-008  6.236E+001  0.000E+000
 5.870E+013  1.000E-008  6.236E+001  0.000E+000
 5.890E+013  1.000E-008  6.236E+001  0.000E+000
 5.910E+013  1.000E-008  6.236E+001  0.000E+000
 5.930E+013  1.000E-008  6.236E+001  0.000E+000
 5.950E+013  1.000E-008  6.236E+001  0.000E+000
 5.970E+013  1.000E-008  6.236E+001  0.000E+000
 5.990E+013  1.000E-008  6.236E+001  0.000E+000
 6.010E+013  1.000E-008  6.236E+001  0.000E+000
 6.030E+013  1.000E-008  6.236E+001  6.397E-013
 6.050E+013  1.000E-008  6.236E+001 -6.397E-013
 6.070E+013  1.000E-008  6.236E+001  6.397E-013
 6.090E+013  1.000E-008  6.236E+001 -6.397E-013
 6.110E+013  1.000E-008  6.236E+001  0.000E+000
 6.130E+013  1.000E-008  6.236E+001  0.000E+000
 6.150E+013  1.000E-008  6.236E+001  0.000E+000
 6.170E+013  1.000E-008  6.236E+001  6.397E-013
 6.190E+013  1.000E-008  6.236E+001 -6.397E-013
 6.210E+013  1.000E-008  6.236E+001  0.000E+000
 6.230E+013  1.000E-008  6.236E+001  0.000E+000
 6.250E+013  1.000E-008  6.236E+001  0.000E+000
 6.270E+013  1.000E-008  6.236E+001  0.000E+000
 6.290E+013  1.000E-008  6.236E+001  0.000E+000
 6.310E+013  1.000E-008  6.236E+001  0.000E+000
 6.330E+013  1.000E-008  6.236E+001  0.000E+000
 6.350E+013  1.000E-008  6.236E+001  6.397E-013
 6.370E+013  1.000E-008  6.236E+001 -6.397E-013
 6.390E+013  1.000E-008  6.236E+001  0.000E+000
 6.410E+013  1.000E-008  6.236E+001  0.000E+000
 6.430E+013  1.000E-008  6.236E+001  0.000E+000
 6.450E+013  1.000E-008  6.236E+001  0.000E+000
 6.470E+013  1.000E-008  6.236E+001  6.397E-013
 6.490E+013  1.000E-008  6.236E+001 -6.397E-013
 6.510E+013  1.000E-008  6.236E+001  0.000E+000
 6.530E+013  1.000E-008  6.236E+001  0.000E+000
 6.550E+013  1.000E-008  6.236E+001  0.000E+000
 6.570E+013  1.000E-008  6.236E+001  0.000E+000
 6.590E+013  1.000E-008  6.236E+001  6.397E-013
 6.610E+013  1.000E-008  6.236E+001 -6.397E-013
 6.630E+013  1.000E-008  6.236E+001  0.000E+000
 6.650E+013  1.000E-008  6.236E+001  0.000E+000
 6.670E+013  1.000E-008  6.236E+001  0.000E+000
 6.690E+013  1.000E-008  6.236E+001  6.397E-013
 6.710E+013  1.000E-008  6.236E+001 -6.397E-013
 6.730E+013  1.000E-008  6.236E+001  0.000E+000
 6.750E+013  1.000E-008  6.236E+001  0.000E+000
 6.770E+013  1.000E-008  6.236E+001  6.397E-013
 6.790E+013  1.000E-008  6.236E+001 -6.397E-013
 6.810E+013  1.000E-008  6.236E+001  6.397E-013
 6.830E+013  1.000E-008  6.236E+001 -3.605E-034
 6.850E+013  1.000E-008  6.236E+001 -6.397E-013
 6.870E+013  1.000E-008  6.236E+001  0.000E+000
 6.890E+013  1.000E-008  6.236E+001  0.000E+000
 6.910E+013  1.000E-008  6.236E+001  0.000E+000
 6.930E+013  1.000E-008  6.236E+001  6.397E-013
 6.950E+013  1.000E-008  6.236E+001 -6.397E-013
 6.970E+013  1.000E-008  6.236E+001  0.000E+000
 6.990E+013  1.000E-008  6.236E+001  0.000E+000
 7.010E+013  1.000E-008  6.236E+001  0.000E+000
 7.030E+013  1.000E-008  6.236E+001  0.000E+000
 7.050E+013  1.000E-008  6.236E+001  0.000E+000
 7.070E+013  1.000E-008  6.236E+001  0.000E+000
 7.090E+013  1.000E-008  6.236E+001  0.000E+000
 7.110E+013  1.000E-008  6.236E+001  0.000E+000
 7.130E+013  1.000E-008  6.236E+001  0.000E+000
 7.150E+013  1.000E-008  6.236E+001  0.000E+000
 7.170E+013  1.000E-008  6.236E+001  0.000E+000
 7.190E+013  1.000E-008  6.236E+001  6.397E-013
 7.210E+013  1.000E-008  6.236E+001 -6.397E-013
 7.230E+013  1.000E-008  6.236E+001  0.000E+000
 7.250E+013  1.000E-008  6.236E+001  0.000E+000
 7.270E+013  1.000E-008  6.236E+001  1.279E-012
 7.290E+013  1.000E-008  6.236E+001 -1.351E-033
 7.310E+013  1.000E-008  6.236E+001 -1.279E-012
 7.330E+013  1.000E-008  6.236E+001 -3.075E-031
 7.350E+013  1.000E-008  6.236E+001 -6.397E-013
 7.370E+013  1.000E-008  6.236E+001  6.397E-013
 7.390E+013  1.000E-008  6.236E+001  3.071E-031
 7.410E+013  1.000E-008  6.236E+001  2.421E-068
 7.430E+013  1.000E-008  6.236E+001  6.998E-143
 7.450E+013  1.000E-008  6.236E+001  2.812E-292
 7.470E+013  1.000E-008  6.236E+001  0.000E+000
 7.490E+013  1.000E-008  6.236E+001  0.000E+000
 7.510E+013  1.000E-008  6.236E+001  0.000E+000
 7.530E+013  1.000E-008  6.236E+001  0.000E+000
 7.550E+013  1.000E-008  6.236E+001  0.000E+000
 7.570E+013  1.000E-008  6.236E+001  0.000E+000
 7.590E+013  1.000E-008  6.236E+001  0.000E+000
 7.610E+013  1.000E-008  6.236E+001  0.000E+000
 7.630E+013  1.000E-008  6.236E+001  0.000E+000
 7.650E+013  1.000E-008  6.236E+001  0.000E+000
 7.670E+013  1.000E-008  6.236E+001  1.279E-012
 7.690E+013  1.000E-008  6.236E+001 -1.279E-012
 7.710E+013  1.000E-008  6.236E+001  1.919E-012
 7.730E+013  1.000E-008  6.236E+001 -1.919E-012
 7.750E+013  1.000E-008  6.236E+001  7.280E-032
 7.770E+013  1.000E-008  6.236E+001  1.279E-012
 7.790E+013  1.000E-008  6.236E+001 -3.838E-012
 7.810E+013  1.000E-008  6.236E+001  3.838E-012
 7.830E+013  1.000E-008  6.236E+001 -1.279E-012
 7.850E+013  1.000E-008  6.236E+001 -1.711E-068
 7.870E+013  1.000E-008  6.236E+001 -2.582E-031
 7.890E+013  1.000E-008  6.236E+001 -6.397E-013
 7.910E+013  1.000E-008  6.236E+001 -3.198E-012
 7.930E+013  1.000E-008  6.236E+001  1.919E-012
 7.950E+013  1.000E-008  6.236E+001  1.919E-012
 7.970E+013  1.000E-008  6.236E+001 -2.559E-012
 7.990E+013  1.000E-008  6.236E+001  2.559E-012
 8.010E+013  1.000E-008  6.236E+001  4.914E-030
 8.030E+013  1.000E-008  6.236E+001  6.198E-066
 8.050E+013  1.000E-008  6.236E+001  4.587E-138
 8.070E+013  1.000E-008  6.236E+001 -1.300E-275
 8.090E+013  1.000E-008  6.236E+001 -1.505E-134
 8.110E+013  1.000E-008  6.236E+001 -3.551E-064
 8.130E+013  1.000E-008  6.236E+001 -3.720E-029
 8.150E+013  1.000E-008  6.236E+001 -7.036E-012
 8.170E+013  1.000E-008  6.236E+001  8.955E-012
 8.190E+013  1.000E-008  6.236E+001 -1.919E-012
 8.210E+013  1.000E-008  6.236E+001  0.000E+000
 8.230E+013  1.000E-008  6.236E+001  0.000E+000
 8.250E+013  1.000E-008  6.236E+001  0.000E+000
 8.270E+013  1.000E-008  6.236E+001  0.000E+000
 8.290E+013  1.000E-008  6.236E+001  2.559E-012
 8.310E+013  1.000E-008  6.236E+001 -2.559E-012
 8.330E+013  1.000E-008  6.236E+001 -2.985E-031
 8.350E+013  1.000E-008  6.236E+001  3.838E-012
 8.370E+013  1.000E-008  6.236E+001 -3.198E-012
 8.390E+013  1.000E-008  6.236E+001 -3.074E-031
 8.410E+013  1.000E-008  6.236E+001 -6.397E-013
 8.430E+013  1.000E-008  6.236E+001  6.397E-013
 8.450E+013  1.000E-008  6.236E+001 -2.913E-034
 8.470E+013  1.000E-008  6.236E+001 -6.397E-013
 8.490E+013  1.000E-008  6.236E+001 -1.450E-034
 8.510E+013  1.000E-008  6.236E+001  6.397E-013
 8.530E+013  1.000E-008  6.236E+001 -2.885E-034
 8.550E+013  1.000E-008  6.236E+001 -6.397E-013
 8.570E+013  1.000E-008  6.236E+001 -1.436E-034
 8.590E+013  1.000E-008  6.236E+001  6.397E-013
 8.610E+013  1.000E-008  6.236E+001 -6.397E-013
 8.630E+013  1.000E-008  6.236E+001  0.000E+000
 8.650E+013  1.000E-008  6.236E+001  0.000E+000
 8.670E+013  1.000E-008  6.236E+001  0.000E+000
 8.690E+013  1.000E-008  6.236E+001  0.000E+000
 8.710E+013  1.000E-008  6.236E+001  0.000E+000
 8.730E+013  1.000E-008  6.236E+001  0.000E+000
 8.750E+013  1.000E-008  6.236E+001  6.397E-013
 8.770E+013  1.000E-008  6.236E+001 -6.397E-013
 8.790E+013  1.000E-008  6.236E+001 -1.400E-034
 8.810E+013  1.000E-008  6.236E+001  6.397E-013
 8.830E+013  1.000E-008  6.236E+001 -6.397E-013
 8.850E+013  1.000E-008  6.236E+001  6.397E-013
 8.870E+013  1.000E-008  6.236E+001  6.397E-013
 8.890E+013  1.000E-008  6.236E+001 -1.279E-012
 8.910E+013  1.000E-008  6.236E+001  0.000E+000
 8.930E+013  1.000E-008  6.236E+001  0.000E+000
 8.950E+013  1.000E-008  6.236E+001  0.000E+000
 8.970E+013  1.000E-008  6.236E+001  0.000E+000
 8.990E+013  1.000E-008  6.236E+001  0.000E+000
 9.010E+013  1.000E-008  6.236E+001  6.397E-013
 9.030E+013  1.000E-008  6.236E+001 -2.726E-034
 9.050E+013  1.000E-008  6.236E+001 -6.397E-013
 9.070E+013  1.000E-008  6.236E+001  6.397E-013
 9.090E+013  1.000E-008  6.236E+001 -2.707E-034
 9.110E+013  1.000E-008  6.236E+001 -6.397E-013
 9.130E+013  1.000E-008  6.236E+001  0.000E+000
 9.150E+013  1.000E-008  6.236E+001  0.000E+000
 9.170E+013  1.000E-008  6.236E+001  0.000E+000
 9.190E+013  1.000E-008  6.236E+001  0.000E+000
 9.210E+013  1.000E-008  6.236E+001  0.000E+000
 9.230E+013  1.000E-008  6.236E+001  6.397E-013
 9.250E+013  1.000E-008  6.236E+001 -2.661E-034
 9.270E+013  1.000E-008  6.236E+001 -6.397E-013
 9.290E+013  1.000E-008  6.236E+001  0.000E+000
 9.310E+013  1.000E-008  6.236E+001  0.000E+000
 9.330E+013  1.000E-008  6.236E+001  0.000E+000
 9.350E+013  1.000E-008  6.236E+001  0.000E+000
 9.370E+013  1.000E-008  6.236E+001  6.397E-013
 9.390E+013  1.000E-008  6.236E+001 -6.397E-013
 9.410E+013  1.000E-008  6.236E+001  6.397E-013
 9.430E+013  1.000E-008  6.236E+001 -6.397E-013
 9.450E+013  1.000E-008  6.236E+001  0.000E+000
 9.470E+013  1.000E-008  6.236E+001  0.000E+000
 9.490E+013  1.000E-008  6.236E+001  0.000E+000
 9.510E+013  1.000E-008  6.236E+001  0.000E+000
 9.530E+013  1.000E-008  6.236E+001  6.397E-013
 9.550E+013  1.000E-008  6.236E+001 -6.397E-013
 9.570E+013  1.000E-008  6.236E+001 -2.426E-068
 9.590E+013  1.000E-008  6.236E+001 -3.074E-031
 9.610E+013  1.000E-008  6.236E+001 -6.397E-013
 9.630E+013  1.000E-008  6.236E+001  6.397E-013
 9.650E+013  1.000E-008  6.236E+001  3.072E-031
 9.670E+013  1.000E-008  6.236E+001  6.397E-013
 9.690E+013  1.000E-008  6.236E+001 -6.397E-013
 9.710E+013  1.000E-008  6.236E+001  0.000E+000
 9.730E+013  1.000E-008  6.236E+001  0.000E+000
 9.750E+013  1.000E-008  6.236E+001  0.000E+000
 9.770E+013  1.000E-008  6.236E+001  0.000E+000
 9.790E+013  1.000E-008  6.236E+001  0.000E+000
 9.810E+013  1.000E-008  6.236E+001  0.000E+000
 9.830E+013  1.000E-008  6.236E+001  0.000E+000
 9.850E+013  1.000E-008  6.236E+001  0.000E+000
 9.870E+013  1.000E-008  6.236E+001  0.000E+000
 9.890E+013  1.000E-008  6.236E+001  0.000E+000
 9.910E+013  1.000E-008  6.236E+001  0.000E+000
 9.930E+013  1.000E-008  6.236E+001  0.000E+000
 9.950E+013  1.000E-008  6.236E+001  6.397E-013
 9.970E+013  1.000E-008  6.236E+001 -6.397E-013
 9.990E+013  1.000E-008  6.236E+001  0.000E+000
 1.001E+014  1.000E-099  1.000E-099  0.000E+000
 1.003E+014  1.000E-099  1.000E-099  0.000E+000
 5.710E-003
