 9.610E+004
     x1b        dens       energ       v1
 1.000E+011  2.719E-011  1.868E+007  0.000E+000
 3.000E+011  2.733E-011  1.867E+007  8.064E+005
 5.000E+011  2.779E-011  1.867E+007  8.722E+005
 7.000E+011  2.855E-011  1.867E+007  1.535E+006
 9.000E+011  2.951E-011  1.867E+007  1.957E+006
 1.100E+012  3.055E-011  1.867E+007  2.483E+006
 1.300E+012  3.160E-011  1.867E+007  2.965E+006
 1.500E+012  3.255E-011  1.867E+007  3.465E+006
 1.700E+012  3.319E-011  1.867E+007  3.958E+006
 1.900E+012  3.340E-011  1.867E+007  4.453E+006
 2.100E+012  3.341E-011  1.867E+007  4.947E+006
 2.300E+012  3.340E-011  1.867E+007  5.442E+006
 2.500E+012  3.336E-011  1.867E+007  5.937E+006
 2.700E+012  3.329E-011  1.867E+007  6.432E+006
 2.900E+012  3.322E-011  1.867E+007  6.926E+006
 3.100E+012  3.320E-011  1.867E+007  7.421E+006
 3.300E+012  3.321E-011  1.867E+007  7.916E+006
 3.500E+012  3.324E-011  1.868E+007  8.411E+006
 3.700E+012  3.332E-011  1.868E+007  8.906E+006
 3.900E+012  3.350E-011  1.868E+007  9.401E+006
 4.100E+012  3.380E-011  1.868E+007  9.896E+006
 4.300E+012  3.429E-011  1.868E+007  1.039E+007
 4.500E+012  3.501E-011  1.868E+007  1.089E+007
 4.700E+012  3.604E-011  1.868E+007  1.138E+007
 4.900E+012  3.743E-011  1.868E+007  1.188E+007
 5.100E+012  3.930E-011  1.868E+007  1.238E+007
 5.300E+012  4.175E-011  1.868E+007  1.287E+007
 5.500E+012  4.494E-011  1.868E+007  1.337E+007
 5.700E+012  4.905E-011  1.869E+007  1.387E+007
 5.900E+012  5.433E-011  1.869E+007  1.437E+007
 6.100E+012  6.106E-011  1.869E+007  1.488E+007
 6.300E+012  6.962E-011  1.869E+007  1.538E+007
 6.500E+012  8.041E-011  1.870E+007  1.589E+007
 6.700E+012  9.391E-011  1.870E+007  1.639E+007
 6.900E+012  1.106E-010  1.870E+007  1.690E+007
 7.100E+012  1.310E-010  1.871E+007  1.740E+007
 7.300E+012  1.553E-010  1.871E+007  1.790E+007
 7.500E+012  1.838E-010  1.872E+007  1.840E+007
 7.700E+012  2.163E-010  1.873E+007  1.890E+007
 7.900E+012  2.524E-010  1.874E+007  1.939E+007
 8.100E+012  2.916E-010  1.875E+007  1.989E+007
 8.300E+012  3.334E-010  1.877E+007  2.038E+007
 8.500E+012  3.771E-010  1.879E+007  2.087E+007
 8.700E+012  4.225E-010  1.881E+007  2.137E+007
 8.900E+012  4.695E-010  1.883E+007  2.186E+007
 9.100E+012  5.182E-010  1.885E+007  2.236E+007
 9.300E+012  5.689E-010  1.888E+007  2.287E+007
 9.500E+012  6.221E-010  1.892E+007  2.337E+007
 9.700E+012  6.785E-010  1.895E+007  2.388E+007
 9.900E+012  7.388E-010  1.899E+007  2.439E+007
 1.010E+013  8.039E-010  1.904E+007  2.491E+007
 1.030E+013  8.746E-010  1.909E+007  2.542E+007
 1.050E+013  9.518E-010  1.915E+007  2.595E+007
 1.070E+013  1.037E-009  1.921E+007  2.647E+007
 1.090E+013  1.129E-009  1.928E+007  2.700E+007
 1.110E+013  1.231E-009  1.936E+007  2.753E+007
 1.130E+013  1.343E-009  1.944E+007  2.807E+007
 1.150E+013  1.464E-009  1.954E+007  2.861E+007
 1.170E+013  1.596E-009  1.964E+007  2.915E+007
 1.190E+013  1.738E-009  1.976E+007  2.971E+007
 1.210E+013  1.890E-009  1.989E+007  3.026E+007
 1.230E+013  2.054E-009  2.004E+007  3.083E+007
 1.250E+013  2.228E-009  2.020E+007  3.140E+007
 1.270E+013  2.414E-009  2.038E+007  3.198E+007
 1.290E+013  2.614E-009  2.058E+007  3.257E+007
 1.310E+013  2.828E-009  2.079E+007  3.316E+007
 1.330E+013  3.059E-009  2.103E+007  3.377E+007
 1.350E+013  3.309E-009  2.130E+007  3.439E+007
 1.370E+013  3.581E-009  2.159E+007  3.502E+007
 1.390E+013  3.878E-009  2.191E+007  3.567E+007
 1.410E+013  4.205E-009  2.227E+007  3.632E+007
 1.430E+013  4.564E-009  2.267E+007  3.699E+007
 1.450E+013  4.960E-009  2.310E+007  3.768E+007
 1.470E+013  5.396E-009  2.359E+007  3.838E+007
 1.490E+013  5.878E-009  2.413E+007  3.910E+007
 1.510E+013  6.411E-009  2.473E+007  3.984E+007
 1.530E+013  7.001E-009  2.540E+007  4.060E+007
 1.550E+013  7.655E-009  2.615E+007  4.138E+007
 1.570E+013  8.382E-009  2.699E+007  4.218E+007
 1.590E+013  9.193E-009  2.793E+007  4.301E+007
 1.610E+013  1.010E-008  2.899E+007  4.388E+007
 1.630E+013  1.112E-008  3.019E+007  4.477E+007
 1.650E+013  1.228E-008  3.154E+007  4.569E+007
 1.670E+013  1.359E-008  3.308E+007  4.665E+007
 1.690E+013  1.508E-008  3.482E+007  4.765E+007
 1.710E+013  1.678E-008  3.677E+007  4.866E+007
 1.730E+013  1.877E-008  3.914E+007  4.974E+007
 1.750E+013  2.105E-008  4.180E+007  5.095E+007
 1.770E+013  2.351E-008  4.428E+007  5.194E+007
 1.790E+013  2.667E-008  4.817E+007  5.286E+007
 1.810E+013  3.112E-008  5.494E+007  5.511E+007
 1.830E+013  3.312E-008  5.503E+007  5.668E+007
 1.850E+013  3.010E-008  3.982E+007  5.404E+007
 1.870E+013  1.961E-008  1.310E+007  4.340E+007
 1.890E+013  1.240E-008  1.235E+006  2.420E+007
 1.910E+013  1.027E-008  6.990E+003  5.645E+006
 1.930E+013  1.000E-008  6.244E+001  1.492E+005
 1.950E+013  1.000E-008  6.236E+001  3.964E+001
 1.970E+013  1.000E-008  6.236E+001  1.242E-006
 1.990E+013  1.000E-008  6.236E+001  1.600E-015
 2.010E+013  1.000E-008  6.236E+001  2.881E-039
 2.030E+013  1.000E-008  6.236E+001  2.619E-103
 2.050E+013  1.000E-008  6.236E+001  1.029E-249
 2.070E+013  1.000E-008  6.236E+001  0.000E+000
 2.090E+013  1.000E-008  6.236E+001  3.414E-013
 2.110E+013  1.000E-008  6.236E+001 -1.781E-034
 2.130E+013  1.000E-008  6.236E+001 -3.414E-013
 2.150E+013  1.000E-008  6.236E+001  0.000E+000
 2.170E+013  1.000E-008  6.236E+001  0.000E+000
 2.190E+013  1.000E-008  6.236E+001  0.000E+000
 2.210E+013  1.000E-008  6.236E+001  0.000E+000
 2.230E+013  1.000E-008  6.236E+001  0.000E+000
 2.250E+013  1.000E-008  6.236E+001  0.000E+000
 2.270E+013  1.000E-008  6.236E+001  3.414E-013
 2.290E+013  1.000E-008  6.236E+001 -1.640E-034
 2.310E+013  1.000E-008  6.236E+001 -3.414E-013
 2.330E+013  1.000E-008  6.236E+001  0.000E+000
 2.350E+013  1.000E-008  6.236E+001  0.000E+000
 2.370E+013  1.000E-008  6.236E+001  3.414E-013
 2.390E+013  1.000E-008  6.236E+001 -3.414E-013
 2.410E+013  1.000E-008  6.236E+001  0.000E+000
 2.430E+013  1.000E-008  6.236E+001  0.000E+000
 2.450E+013  1.000E-008  6.236E+001  0.000E+000
 2.470E+013  1.000E-008  6.236E+001  3.414E-013
 2.490E+013  1.000E-008  6.236E+001 -3.414E-013
 2.510E+013  1.000E-008  6.236E+001  3.414E-013
 2.530E+013  1.000E-008  6.236E+001 -3.414E-013
 2.550E+013  1.000E-008  6.236E+001 -6.510E-296
 2.570E+013  1.000E-008  6.236E+001 -1.463E-144
 2.590E+013  1.000E-008  6.236E+001 -4.799E-069
 2.610E+013  1.000E-008  6.236E+001 -1.873E-031
 2.630E+013  1.000E-008  6.236E+001 -6.829E-013
 2.650E+013  1.000E-008  6.236E+001  6.829E-013
 2.670E+013  1.000E-008  6.236E+001  1.867E-031
 2.690E+013  1.000E-008  6.236E+001  4.770E-069
 2.710E+013  1.000E-008  6.236E+001  3.414E-013
 2.730E+013  1.000E-008  6.236E+001 -3.414E-013
 2.750E+013  1.000E-008  6.236E+001  1.024E-012
 2.770E+013  1.000E-008  6.236E+001 -1.024E-012
 2.790E+013  1.000E-008  6.236E+001  0.000E+000
 2.810E+013  1.000E-008  6.236E+001  0.000E+000
 2.830E+013  1.000E-008  6.236E+001  1.707E-012
 2.850E+013  1.000E-008  6.236E+001 -3.414E-013
 2.870E+013  1.000E-008  6.236E+001 -1.366E-012
 2.890E+013  1.000E-008  6.236E+001 -7.322E-032
 2.910E+013  1.000E-008  6.236E+001  2.390E-012
 2.930E+013  1.000E-008  6.236E+001 -2.390E-012
 2.950E+013  1.000E-008  6.236E+001  0.000E+000
 2.970E+013  1.000E-008  6.236E+001  0.000E+000
 2.990E+013  1.000E-008  6.236E+001  0.000E+000
 3.010E+013  1.000E-008  6.236E+001  3.414E-013
 3.030E+013  1.000E-008  6.236E+001 -3.414E-013
 3.050E+013  1.000E-008  6.236E+001  3.414E-013
 3.070E+013  1.000E-008  6.236E+001 -3.414E-013
 3.090E+013  1.000E-008  6.236E+001  3.414E-013
 3.110E+013  1.000E-008  6.236E+001  3.414E-013
 3.130E+013  1.000E-008  6.236E+001 -6.829E-013
 3.150E+013  1.000E-008  6.236E+001  0.000E+000
 3.170E+013  1.000E-008  6.236E+001  0.000E+000
 3.190E+013  1.000E-008  6.236E+001  0.000E+000
 3.210E+013  1.000E-008  6.236E+001  0.000E+000
 3.230E+013  1.000E-008  6.236E+001  0.000E+000
 3.250E+013  1.000E-008  6.236E+001  0.000E+000
 3.270E+013  1.000E-008  6.236E+001 -9.908E-301
 3.290E+013  1.000E-008  6.236E+001 -5.706E-147
 3.310E+013  1.000E-008  6.236E+001 -2.997E-070
 3.330E+013  1.000E-008  6.236E+001 -4.681E-032
 3.350E+013  1.000E-008  6.236E+001 -3.414E-013
 3.370E+013  1.000E-008  6.236E+001  3.414E-013
 3.390E+013  1.000E-008  6.236E+001  4.670E-032
 3.410E+013  1.000E-008  6.236E+001  2.983E-070
 3.430E+013  1.000E-008  6.236E+001  5.652E-147
 3.450E+013  1.000E-008  6.236E+001  6.829E-013
 3.470E+013  1.000E-008  6.236E+001 -6.829E-013
 3.490E+013  1.000E-008  6.236E+001  0.000E+000
 3.510E+013  1.000E-008  6.236E+001  0.000E+000
 3.530E+013  1.000E-008  6.236E+001  0.000E+000
 3.550E+013  1.000E-008  6.236E+001  0.000E+000
 3.570E+013  1.000E-008  6.236E+001  6.829E-013
 3.590E+013  1.000E-008  6.236E+001 -3.414E-013
 3.610E+013  1.000E-008  6.236E+001 -4.680E-032
 3.630E+013  1.000E-008  6.236E+001 -3.414E-013
 3.650E+013  1.000E-008  6.236E+001 -3.414E-013
 3.670E+013  1.000E-008  6.236E+001  3.414E-013
 3.690E+013  1.000E-008  6.236E+001  3.414E-013
 3.710E+013  1.000E-008  6.236E+001 -3.414E-013
 3.730E+013  1.000E-008  6.236E+001 -5.027E-035
 3.750E+013  1.000E-008  6.236E+001  3.414E-013
 3.770E+013  1.000E-008  6.236E+001 -3.414E-013
 3.790E+013  1.000E-008  6.236E+001  0.000E+000
 3.810E+013  1.000E-008  6.236E+001  0.000E+000
 3.830E+013  1.000E-008  6.236E+001  3.414E-013
 3.850E+013  1.000E-008  6.236E+001 -3.414E-013
 3.870E+013  1.000E-008  6.236E+001 -4.680E-032
 3.890E+013  1.000E-008  6.236E+001 -3.414E-013
 3.910E+013  1.000E-008  6.236E+001 -1.417E-032
 3.930E+013  1.000E-008  6.236E+001  1.024E-012
 3.950E+013  1.000E-008  6.236E+001 -3.414E-013
 3.970E+013  1.000E-008  6.236E+001  1.024E-012
 3.990E+013  1.000E-008  6.236E+001 -1.366E-012
 4.010E+013  1.000E-008  6.236E+001  0.000E+000
 4.030E+013  1.000E-008  6.236E+001  0.000E+000
 4.050E+013  1.000E-008  6.236E+001  0.000E+000
 4.070E+013  1.000E-008  6.236E+001  0.000E+000
 4.090E+013  1.000E-008  6.236E+001  1.261E-011
 4.110E+013  1.000E-008  6.236E+001 -1.261E-011
 4.130E+013  1.000E-008  6.236E+001  8.869E-012
 4.150E+013  1.000E-008  6.236E+001 -8.869E-012
 4.170E+013  1.000E-008  6.236E+001  3.073E-012
 4.190E+013  1.000E-008  6.236E+001 -2.731E-012
 4.210E+013  1.000E-008  6.236E+001 -4.680E-032
 4.230E+013  1.000E-008  6.236E+001 -3.414E-013
 4.250E+013  1.000E-008  6.236E+001  0.000E+000
 4.270E+013  1.000E-008  6.236E+001  0.000E+000
 4.290E+013  1.000E-008  6.236E+001  0.000E+000
 4.310E+013  1.000E-008  6.236E+001  0.000E+000
 4.330E+013  1.000E-008  6.236E+001  0.000E+000
 4.350E+013  1.000E-008  6.236E+001  0.000E+000
 4.370E+013  1.000E-008  6.236E+001  0.000E+000
 4.390E+013  1.000E-008  6.236E+001  0.000E+000
 4.410E+013  1.000E-008  6.236E+001  0.000E+000
 4.430E+013  1.000E-008  6.236E+001  0.000E+000
 4.450E+013  1.000E-008  6.236E+001  0.000E+000
 4.470E+013  1.000E-008  6.236E+001  3.414E-013
 4.490E+013  1.000E-008  6.236E+001 -8.349E-035
 4.510E+013  1.000E-008  6.236E+001 -3.414E-013
 4.530E+013  1.000E-008  6.236E+001 -9.882E-301
 4.550E+013  1.000E-008  6.236E+001 -5.698E-147
 4.570E+013  1.000E-008  6.236E+001 -2.995E-070
 4.590E+013  1.000E-008  6.236E+001 -4.679E-032
 4.610E+013  1.000E-008  6.236E+001 -3.414E-013
 4.630E+013  1.000E-008  6.236E+001  3.414E-013
 4.650E+013  1.000E-008  6.236E+001  3.414E-013
 4.670E+013  1.000E-008  6.236E+001 -3.414E-013
 4.690E+013  1.000E-008  6.236E+001  3.414E-013
 4.710E+013  1.000E-008  6.236E+001 -3.414E-013
 4.730E+013  1.000E-008  6.236E+001  0.000E+000
 4.750E+013  1.000E-008  6.236E+001  0.000E+000
 4.770E+013  1.000E-008  6.236E+001  0.000E+000
 4.790E+013  1.000E-008  6.236E+001  3.414E-013
 4.810E+013  1.000E-008  6.236E+001 -3.414E-013
 4.830E+013  1.000E-008  6.236E+001 -3.880E-035
 4.850E+013  1.000E-008  6.236E+001  3.414E-013
 4.870E+013  1.000E-008  6.236E+001 -3.414E-013
 4.890E+013  1.000E-008  6.236E+001  0.000E+000
 4.910E+013  1.000E-008  6.236E+001  0.000E+000
 4.930E+013  1.000E-008  6.236E+001  0.000E+000
 4.950E+013  1.000E-008  6.236E+001  0.000E+000
 4.970E+013  1.000E-008  6.236E+001  0.000E+000
 4.990E+013  1.000E-008  6.236E+001  6.829E-013
 5.010E+013  1.000E-008  6.236E+001 -1.024E-012
 5.030E+013  1.000E-008  6.236E+001  3.414E-013
 5.050E+013  1.000E-008  6.236E+001  4.671E-032
 5.070E+013  1.000E-008  6.236E+001  2.985E-070
 5.090E+013  1.000E-008  6.236E+001  5.661E-147
 5.110E+013  1.000E-008  6.236E+001  3.414E-013
 5.130E+013  1.000E-008  6.236E+001 -3.414E-013
 5.150E+013  1.000E-008  6.236E+001  0.000E+000
 5.170E+013  1.000E-008  6.236E+001  0.000E+000
 5.190E+013  1.000E-008  6.236E+001 -9.873E-301
 5.210E+013  1.000E-008  6.236E+001 -5.696E-147
 5.230E+013  1.000E-008  6.236E+001 -2.995E-070
 5.250E+013  1.000E-008  6.236E+001 -4.679E-032
 5.270E+013  1.000E-008  6.236E+001 -3.414E-013
 5.290E+013  1.000E-008  6.236E+001  3.414E-013
 5.310E+013  1.000E-008  6.236E+001  4.672E-032
 5.330E+013  1.000E-008  6.236E+001  2.986E-070
 5.350E+013  1.000E-008  6.236E+001  6.829E-013
 5.370E+013  1.000E-008  6.236E+001 -6.829E-013
 5.390E+013  1.000E-008  6.236E+001  6.164E-033
 5.410E+013  1.000E-008  6.236E+001  3.414E-013
 5.430E+013  1.000E-008  6.236E+001  3.414E-013
 5.450E+013  1.000E-008  6.236E+001  3.414E-013
 5.470E+013  1.000E-008  6.236E+001 -1.024E-012
 5.490E+013  1.000E-008  6.236E+001 -4.679E-032
 5.510E+013  1.000E-008  6.236E+001 -3.414E-013
 5.530E+013  1.000E-008  6.236E+001  6.829E-013
 5.550E+013  1.000E-008  6.236E+001 -1.366E-012
 5.570E+013  1.000E-008  6.236E+001  6.828E-013
 5.590E+013  1.000E-008  6.236E+001  3.414E-013
 5.610E+013  1.000E-008  6.236E+001 -3.414E-013
 5.630E+013  1.000E-008  6.236E+001  3.414E-013
 5.650E+013  1.000E-008  6.236E+001 -2.049E-012
 5.670E+013  1.000E-008  6.236E+001  2.049E-012
 5.690E+013  1.000E-008  6.236E+001  2.049E-012
 5.710E+013  1.000E-008  6.236E+001 -2.049E-012
 5.730E+013  1.000E-008  6.236E+001  2.390E-012
 5.750E+013  1.000E-008  6.236E+001 -5.121E-012
 5.770E+013  1.000E-008  6.236E+001 -3.414E-013
 5.790E+013  1.000E-008  6.236E+001  3.073E-012
 5.810E+013  1.000E-008  6.236E+001  1.634E-011
 5.830E+013  1.000E-008  6.236E+001 -1.634E-011
 5.850E+013  1.000E-008  6.236E+001  0.000E+000
 5.870E+013  1.000E-008  6.236E+001  0.000E+000
 5.890E+013  1.000E-008  6.236E+001  0.000E+000
 5.910E+013  1.000E-008  6.236E+001  0.000E+000
 5.930E+013  1.000E-008  6.236E+001  0.000E+000
 5.950E+013  1.000E-008  6.236E+001  0.000E+000
 5.970E+013  1.000E-008  6.236E+001  0.000E+000
 5.990E+013  1.000E-008  6.236E+001  0.000E+000
 6.010E+013  1.000E-008  6.236E+001  0.000E+000
 6.030E+013  1.000E-008  6.236E+001  3.414E-013
 6.050E+013  1.000E-008  6.236E+001 -3.414E-013
 6.070E+013  1.000E-008  6.236E+001  3.414E-013
 6.090E+013  1.000E-008  6.236E+001 -3.414E-013
 6.110E+013  1.000E-008  6.236E+001  0.000E+000
 6.130E+013  1.000E-008  6.236E+001  0.000E+000
 6.150E+013  1.000E-008  6.236E+001  0.000E+000
 6.170E+013  1.000E-008  6.236E+001  3.414E-013
 6.190E+013  1.000E-008  6.236E+001 -3.414E-013
 6.210E+013  1.000E-008  6.236E+001  0.000E+000
 6.230E+013  1.000E-008  6.236E+001  0.000E+000
 6.250E+013  1.000E-008  6.236E+001  0.000E+000
 6.270E+013  1.000E-008  6.236E+001  0.000E+000
 6.290E+013  1.000E-008  6.236E+001  0.000E+000
 6.310E+013  1.000E-008  6.236E+001  0.000E+000
 6.330E+013  1.000E-008  6.236E+001  0.000E+000
 6.350E+013  1.000E-008  6.236E+001  3.414E-013
 6.370E+013  1.000E-008  6.236E+001 -3.414E-013
 6.390E+013  1.000E-008  6.236E+001  0.000E+000
 6.410E+013  1.000E-008  6.236E+001  0.000E+000
 6.430E+013  1.000E-008  6.236E+001  0.000E+000
 6.450E+013  1.000E-008  6.236E+001  0.000E+000
 6.470E+013  1.000E-008  6.236E+001  3.414E-013
 6.490E+013  1.000E-008  6.236E+001 -3.414E-013
 6.510E+013  1.000E-008  6.236E+001  0.000E+000
 6.530E+013  1.000E-008  6.236E+001  0.000E+000
 6.550E+013  1.000E-008  6.236E+001  0.000E+000
 6.570E+013  1.000E-008  6.236E+001  0.000E+000
 6.590E+013  1.000E-008  6.236E+001  3.414E-013
 6.610E+013  1.000E-008  6.236E+001 -3.414E-013
 6.630E+013  1.000E-008  6.236E+001  0.000E+000
 6.650E+013  1.000E-008  6.236E+001  0.000E+000
 6.670E+013  1.000E-008  6.236E+001  0.000E+000
 6.690E+013  1.000E-008  6.236E+001  3.414E-013
 6.710E+013  1.000E-008  6.236E+001 -3.414E-013
 6.730E+013  1.000E-008  6.236E+001  0.000E+000
 6.750E+013  1.000E-008  6.236E+001  0.000E+000
 6.770E+013  1.000E-008  6.236E+001  3.414E-013
 6.790E+013  1.000E-008  6.236E+001 -3.414E-013
 6.810E+013  1.000E-008  6.236E+001  3.414E-013
 6.830E+013  1.000E-008  6.236E+001 -5.484E-035
 6.850E+013  1.000E-008  6.236E+001 -3.414E-013
 6.870E+013  1.000E-008  6.236E+001  0.000E+000
 6.890E+013  1.000E-008  6.236E+001  0.000E+000
 6.910E+013  1.000E-008  6.236E+001  0.000E+000
 6.930E+013  1.000E-008  6.236E+001  3.414E-013
 6.950E+013  1.000E-008  6.236E+001 -3.414E-013
 6.970E+013  1.000E-008  6.236E+001  0.000E+000
 6.990E+013  1.000E-008  6.236E+001  0.000E+000
 7.010E+013  1.000E-008  6.236E+001  0.000E+000
 7.030E+013  1.000E-008  6.236E+001  0.000E+000
 7.050E+013  1.000E-008  6.236E+001  0.000E+000
 7.070E+013  1.000E-008  6.236E+001  0.000E+000
 7.090E+013  1.000E-008  6.236E+001  0.000E+000
 7.110E+013  1.000E-008  6.236E+001  0.000E+000
 7.130E+013  1.000E-008  6.236E+001  0.000E+000
 7.150E+013  1.000E-008  6.236E+001  0.000E+000
 7.170E+013  1.000E-008  6.236E+001  0.000E+000
 7.190E+013  1.000E-008  6.236E+001  3.414E-013
 7.210E+013  1.000E-008  6.236E+001 -3.414E-013
 7.230E+013  1.000E-008  6.236E+001  0.000E+000
 7.250E+013  1.000E-008  6.236E+001  0.000E+000
 7.270E+013  1.000E-008  6.236E+001  6.829E-013
 7.290E+013  1.000E-008  6.236E+001 -2.055E-034
 7.310E+013  1.000E-008  6.236E+001 -6.829E-013
 7.330E+013  1.000E-008  6.236E+001 -4.678E-032
 7.350E+013  1.000E-008  6.236E+001 -3.414E-013
 7.370E+013  1.000E-008  6.236E+001  3.414E-013
 7.390E+013  1.000E-008  6.236E+001  4.673E-032
 7.410E+013  1.000E-008  6.236E+001  2.987E-070
 7.430E+013  1.000E-008  6.236E+001  5.666E-147
 7.450E+013  1.000E-008  6.236E+001  9.770E-301
 7.470E+013  1.000E-008  6.236E+001  0.000E+000
 7.490E+013  1.000E-008  6.236E+001  0.000E+000
 7.510E+013  1.000E-008  6.236E+001  0.000E+000
 7.530E+013  1.000E-008  6.236E+001  0.000E+000
 7.550E+013  1.000E-008  6.236E+001  0.000E+000
 7.570E+013  1.000E-008  6.236E+001  0.000E+000
 7.590E+013  1.000E-008  6.236E+001  0.000E+000
 7.610E+013  1.000E-008  6.236E+001  0.000E+000
 7.630E+013  1.000E-008  6.236E+001  0.000E+000
 7.650E+013  1.000E-008  6.236E+001  0.000E+000
 7.670E+013  1.000E-008  6.236E+001  6.829E-013
 7.690E+013  1.000E-008  6.236E+001 -6.829E-013
 7.710E+013  1.000E-008  6.236E+001  1.024E-012
 7.730E+013  1.000E-008  6.236E+001 -1.024E-012
 7.750E+013  1.000E-008  6.236E+001  1.108E-032
 7.770E+013  1.000E-008  6.236E+001  6.829E-013
 7.790E+013  1.000E-008  6.236E+001 -2.049E-012
 7.810E+013  1.000E-008  6.236E+001  2.049E-012
 7.830E+013  1.000E-008  6.236E+001 -6.829E-013
 7.850E+013  1.000E-008  6.236E+001 -2.110E-070
 7.870E+013  1.000E-008  6.236E+001 -3.928E-032
 7.890E+013  1.000E-008  6.236E+001 -3.414E-013
 7.910E+013  1.000E-008  6.236E+001 -1.707E-012
 7.930E+013  1.000E-008  6.236E+001  1.024E-012
 7.950E+013  1.000E-008  6.236E+001  1.024E-012
 7.970E+013  1.000E-008  6.236E+001 -1.366E-012
 7.990E+013  1.000E-008  6.236E+001  1.366E-012
 8.010E+013  1.000E-008  6.236E+001  7.476E-031
 8.030E+013  1.000E-008  6.236E+001  7.646E-068
 8.050E+013  1.000E-008  6.236E+001  3.714E-142
 8.070E+013  1.000E-008  6.236E+001 -4.512E-284
 8.090E+013  1.000E-008  6.236E+001 -1.218E-138
 8.110E+013  1.000E-008  6.236E+001 -4.379E-066
 8.130E+013  1.000E-008  6.236E+001 -5.658E-030
 8.150E+013  1.000E-008  6.236E+001 -3.755E-012
 8.170E+013  1.000E-008  6.236E+001  4.780E-012
 8.190E+013  1.000E-008  6.236E+001 -1.024E-012
 8.210E+013  1.000E-008  6.236E+001  0.000E+000
 8.230E+013  1.000E-008  6.236E+001  0.000E+000
 8.250E+013  1.000E-008  6.236E+001  0.000E+000
 8.270E+013  1.000E-008  6.236E+001  0.000E+000
 8.290E+013  1.000E-008  6.236E+001  1.366E-012
 8.310E+013  1.000E-008  6.236E+001 -1.366E-012
 8.330E+013  1.000E-008  6.236E+001 -4.542E-032
 8.350E+013  1.000E-008  6.236E+001  2.049E-012
 8.370E+013  1.000E-008  6.236E+001 -1.707E-012
 8.390E+013  1.000E-008  6.236E+001 -4.677E-032
 8.410E+013  1.000E-008  6.236E+001 -3.414E-013
 8.430E+013  1.000E-008  6.236E+001  3.414E-013
 8.450E+013  1.000E-008  6.236E+001 -4.431E-035
 8.470E+013  1.000E-008  6.236E+001 -3.414E-013
 8.490E+013  1.000E-008  6.236E+001 -2.205E-035
 8.510E+013  1.000E-008  6.236E+001  3.414E-013
 8.530E+013  1.000E-008  6.236E+001 -4.390E-035
 8.550E+013  1.000E-008  6.236E+001 -3.414E-013
 8.570E+013  1.000E-008  6.236E+001 -2.185E-035
 8.590E+013  1.000E-008  6.236E+001  3.414E-013
 8.610E+013  1.000E-008  6.236E+001 -3.414E-013
 8.630E+013  1.000E-008  6.236E+001  0.000E+000
 8.650E+013  1.000E-008  6.236E+001  0.000E+000
 8.670E+013  1.000E-008  6.236E+001  0.000E+000
 8.690E+013  1.000E-008  6.236E+001  0.000E+000
 8.710E+013  1.000E-008  6.236E+001  0.000E+000
 8.730E+013  1.000E-008  6.236E+001  0.000E+000
 8.750E+013  1.000E-008  6.236E+001  3.414E-013
 8.770E+013  1.000E-008  6.236E+001 -3.414E-013
 8.790E+013  1.000E-008  6.236E+001 -2.130E-035
 8.810E+013  1.000E-008  6.236E+001  3.414E-013
 8.830E+013  1.000E-008  6.236E+001 -3.414E-013
 8.850E+013  1.000E-008  6.236E+001  3.414E-013
 8.870E+013  1.000E-008  6.236E+001  3.414E-013
 8.890E+013  1.000E-008  6.236E+001 -6.829E-013
 8.910E+013  1.000E-008  6.236E+001  0.000E+000
 8.930E+013  1.000E-008  6.236E+001  0.000E+000
 8.950E+013  1.000E-008  6.236E+001  0.000E+000
 8.970E+013  1.000E-008  6.236E+001  0.000E+000
 8.990E+013  1.000E-008  6.236E+001  0.000E+000
 9.010E+013  1.000E-008  6.236E+001  3.414E-013
 9.030E+013  1.000E-008  6.236E+001 -4.147E-035
 9.050E+013  1.000E-008  6.236E+001 -3.414E-013
 9.070E+013  1.000E-008  6.236E+001  3.414E-013
 9.090E+013  1.000E-008  6.236E+001 -4.119E-035
 9.110E+013  1.000E-008  6.236E+001 -3.414E-013
 9.130E+013  1.000E-008  6.236E+001  0.000E+000
 9.150E+013  1.000E-008  6.236E+001  0.000E+000
 9.170E+013  1.000E-008  6.236E+001  0.000E+000
 9.190E+013  1.000E-008  6.236E+001  0.000E+000
 9.210E+013  1.000E-008  6.236E+001  0.000E+000
 9.230E+013  1.000E-008  6.236E+001  3.414E-013
 9.250E+013  1.000E-008  6.236E+001 -4.048E-035
 9.270E+013  1.000E-008  6.236E+001 -3.414E-013
 9.290E+013  1.000E-008  6.236E+001  0.000E+000
 9.310E+013  1.000E-008  6.236E+001  0.000E+000
 9.330E+013  1.000E-008  6.236E+001  0.000E+000
 9.350E+013  1.000E-008  6.236E+001  0.000E+000
 9.370E+013  1.000E-008  6.236E+001  3.414E-013
 9.390E+013  1.000E-008  6.236E+001 -3.414E-013
 9.410E+013  1.000E-008  6.236E+001  3.414E-013
 9.430E+013  1.000E-008  6.236E+001 -3.414E-013
 9.450E+013  1.000E-008  6.236E+001  0.000E+000
 9.470E+013  1.000E-008  6.236E+001  0.000E+000
 9.490E+013  1.000E-008  6.236E+001  0.000E+000
 9.510E+013  1.000E-008  6.236E+001  0.000E+000
 9.530E+013  1.000E-008  6.236E+001  3.414E-013
 9.550E+013  1.000E-008  6.236E+001 -3.414E-013
 9.570E+013  1.000E-008  6.236E+001 -2.993E-070
 9.590E+013  1.000E-008  6.236E+001 -4.677E-032
 9.610E+013  1.000E-008  6.236E+001 -3.414E-013
 9.630E+013  1.000E-008  6.236E+001  3.414E-013
 9.650E+013  1.000E-008  6.236E+001  4.673E-032
 9.670E+013  1.000E-008  6.236E+001  3.414E-013
 9.690E+013  1.000E-008  6.236E+001 -3.414E-013
 9.710E+013  1.000E-008  6.236E+001  0.000E+000
 9.730E+013  1.000E-008  6.236E+001  0.000E+000
 9.750E+013  1.000E-008  6.236E+001  0.000E+000
 9.770E+013  1.000E-008  6.236E+001  0.000E+000
 9.790E+013  1.000E-008  6.236E+001  0.000E+000
 9.810E+013  1.000E-008  6.236E+001  0.000E+000
 9.830E+013  1.000E-008  6.236E+001  0.000E+000
 9.850E+013  1.000E-008  6.236E+001  0.000E+000
 9.870E+013  1.000E-008  6.236E+001  0.000E+000
 9.890E+013  1.000E-008  6.236E+001  0.000E+000
 9.910E+013  1.000E-008  6.236E+001  0.000E+000
 9.930E+013  1.000E-008  6.236E+001  0.000E+000
 9.950E+013  1.000E-008  6.236E+001  3.414E-013
 9.970E+013  1.000E-008  6.236E+001 -3.414E-013
 9.990E+013  1.000E-008  6.236E+001  0.000E+000
 1.001E+014  1.000E-099  1.000E-099  0.000E+000
 1.003E+014  1.000E-099  1.000E-099  0.000E+000
 3.047E-003
