 2.101E+005
     x1b        dens       energ       v1
 1.000E+011  1.550E-011  7.319E+006  0.000E+000
 3.000E+011  1.554E-011  7.315E+006  1.061E+005
 5.000E+011  1.570E-011  7.316E+006  5.040E+005
 7.000E+011  1.598E-011  7.316E+006  6.665E+005
 9.000E+011  1.637E-011  7.316E+006  9.245E+005
 1.100E+012  1.684E-011  7.316E+006  1.141E+006
 1.300E+012  1.733E-011  7.316E+006  1.375E+006
 1.500E+012  1.783E-011  7.316E+006  1.602E+006
 1.700E+012  1.832E-011  7.316E+006  1.832E+006
 1.900E+012  1.873E-011  7.316E+006  2.060E+006
 2.100E+012  1.897E-011  7.316E+006  2.289E+006
 2.300E+012  1.903E-011  7.316E+006  2.518E+006
 2.500E+012  1.904E-011  7.316E+006  2.747E+006
 2.700E+012  1.904E-011  7.316E+006  2.976E+006
 2.900E+012  1.903E-011  7.316E+006  3.205E+006
 3.100E+012  1.900E-011  7.316E+006  3.433E+006
 3.300E+012  1.896E-011  7.317E+006  3.662E+006
 3.500E+012  1.893E-011  7.317E+006  3.891E+006
 3.700E+012  1.893E-011  7.317E+006  4.120E+006
 3.900E+012  1.893E-011  7.317E+006  4.349E+006
 4.100E+012  1.894E-011  7.317E+006  4.578E+006
 4.300E+012  1.896E-011  7.317E+006  4.807E+006
 4.500E+012  1.901E-011  7.317E+006  5.036E+006
 4.700E+012  1.910E-011  7.317E+006  5.265E+006
 4.900E+012  1.923E-011  7.317E+006  5.494E+006
 5.100E+012  1.944E-011  7.317E+006  5.723E+006
 5.300E+012  1.972E-011  7.318E+006  5.952E+006
 5.500E+012  2.011E-011  7.318E+006  6.181E+006
 5.700E+012  2.063E-011  7.318E+006  6.410E+006
 5.900E+012  2.130E-011  7.318E+006  6.639E+006
 6.100E+012  2.214E-011  7.318E+006  6.869E+006
 6.300E+012  2.321E-011  7.318E+006  7.098E+006
 6.500E+012  2.453E-011  7.319E+006  7.328E+006
 6.700E+012  2.617E-011  7.319E+006  7.558E+006
 6.900E+012  2.819E-011  7.319E+006  7.789E+006
 7.100E+012  3.068E-011  7.319E+006  8.020E+006
 7.300E+012  3.372E-011  7.320E+006  8.251E+006
 7.500E+012  3.742E-011  7.320E+006  8.483E+006
 7.700E+012  4.192E-011  7.320E+006  8.715E+006
 7.900E+012  4.736E-011  7.321E+006  8.947E+006
 8.100E+012  5.391E-011  7.321E+006  9.179E+006
 8.300E+012  6.171E-011  7.322E+006  9.411E+006
 8.500E+012  7.092E-011  7.322E+006  9.643E+006
 8.700E+012  8.167E-011  7.323E+006  9.874E+006
 8.900E+012  9.402E-011  7.324E+006  1.010E+007
 9.100E+012  1.080E-010  7.325E+006  1.033E+007
 9.300E+012  1.235E-010  7.327E+006  1.056E+007
 9.500E+012  1.405E-010  7.328E+006  1.079E+007
 9.700E+012  1.587E-010  7.330E+006  1.102E+007
 9.900E+012  1.780E-010  7.332E+006  1.124E+007
 1.010E+013  1.982E-010  7.335E+006  1.147E+007
 1.030E+013  2.190E-010  7.337E+006  1.170E+007
 1.050E+013  2.405E-010  7.340E+006  1.193E+007
 1.070E+013  2.625E-010  7.344E+006  1.216E+007
 1.090E+013  2.851E-010  7.347E+006  1.239E+007
 1.110E+013  3.084E-010  7.351E+006  1.261E+007
 1.130E+013  3.326E-010  7.356E+006  1.284E+007
 1.150E+013  3.577E-010  7.361E+006  1.308E+007
 1.170E+013  3.840E-010  7.366E+006  1.331E+007
 1.190E+013  4.117E-010  7.372E+006  1.354E+007
 1.210E+013  4.412E-010  7.379E+006  1.377E+007
 1.230E+013  4.726E-010  7.386E+006  1.400E+007
 1.250E+013  5.062E-010  7.393E+006  1.424E+007
 1.270E+013  5.423E-010  7.401E+006  1.447E+007
 1.290E+013  5.812E-010  7.410E+006  1.470E+007
 1.310E+013  6.230E-010  7.420E+006  1.494E+007
 1.330E+013  6.680E-010  7.431E+006  1.517E+007
 1.350E+013  7.164E-010  7.443E+006  1.541E+007
 1.370E+013  7.682E-010  7.455E+006  1.565E+007
 1.390E+013  8.235E-010  7.469E+006  1.588E+007
 1.410E+013  8.825E-010  7.484E+006  1.612E+007
 1.430E+013  9.449E-010  7.500E+006  1.636E+007
 1.450E+013  1.011E-009  7.518E+006  1.660E+007
 1.470E+013  1.080E-009  7.537E+006  1.684E+007
 1.490E+013  1.153E-009  7.558E+006  1.709E+007
 1.510E+013  1.230E-009  7.581E+006  1.733E+007
 1.530E+013  1.310E-009  7.605E+006  1.757E+007
 1.550E+013  1.394E-009  7.632E+006  1.782E+007
 1.570E+013  1.482E-009  7.660E+006  1.807E+007
 1.590E+013  1.575E-009  7.691E+006  1.832E+007
 1.610E+013  1.673E-009  7.724E+006  1.857E+007
 1.630E+013  1.776E-009  7.760E+006  1.882E+007
 1.650E+013  1.885E-009  7.798E+006  1.908E+007
 1.670E+013  2.001E-009  7.839E+006  1.933E+007
 1.690E+013  2.124E-009  7.884E+006  1.959E+007
 1.710E+013  2.256E-009  7.932E+006  1.985E+007
 1.730E+013  2.396E-009  7.983E+006  2.012E+007
 1.750E+013  2.546E-009  8.039E+006  2.039E+007
 1.770E+013  2.705E-009  8.099E+006  2.066E+007
 1.790E+013  2.875E-009  8.163E+006  2.093E+007
 1.810E+013  3.057E-009  8.233E+006  2.121E+007
 1.830E+013  3.250E-009  8.308E+006  2.149E+007
 1.850E+013  3.456E-009  8.389E+006  2.177E+007
 1.870E+013  3.675E-009  8.476E+006  2.206E+007
 1.890E+013  3.908E-009  8.570E+006  2.235E+007
 1.910E+013  4.157E-009  8.672E+006  2.265E+007
 1.930E+013  4.422E-009  8.782E+006  2.295E+007
 1.950E+013  4.704E-009  8.901E+006  2.326E+007
 1.970E+013  5.007E-009  9.029E+006  2.357E+007
 1.990E+013  5.330E-009  9.168E+006  2.389E+007
 2.010E+013  5.676E-009  9.318E+006  2.421E+007
 2.030E+013  6.048E-009  9.481E+006  2.455E+007
 2.050E+013  6.448E-009  9.657E+006  2.489E+007
 2.070E+013  6.877E-009  9.848E+006  2.523E+007
 2.090E+013  7.340E-009  1.006E+007  2.559E+007
 2.110E+013  7.839E-009  1.028E+007  2.595E+007
 2.130E+013  8.378E-009  1.053E+007  2.632E+007
 2.150E+013  8.961E-009  1.079E+007  2.670E+007
 2.170E+013  9.593E-009  1.108E+007  2.709E+007
 2.190E+013  1.028E-008  1.140E+007  2.749E+007
 2.210E+013  1.103E-008  1.174E+007  2.790E+007
 2.230E+013  1.185E-008  1.212E+007  2.832E+007
 2.250E+013  1.274E-008  1.253E+007  2.875E+007
 2.270E+013  1.372E-008  1.298E+007  2.919E+007
 2.290E+013  1.480E-008  1.347E+007  2.964E+007
 2.310E+013  1.600E-008  1.400E+007  3.010E+007
 2.330E+013  1.732E-008  1.460E+007  3.058E+007
 2.350E+013  1.879E-008  1.525E+007  3.106E+007
 2.370E+013  2.042E-008  1.595E+007  3.154E+007
 2.390E+013  2.226E-008  1.676E+007  3.204E+007
 2.410E+013  2.433E-008  1.767E+007  3.259E+007
 2.430E+013  2.651E-008  1.851E+007  3.308E+007
 2.450E+013  2.907E-008  1.960E+007  3.347E+007
 2.470E+013  3.266E-008  2.163E+007  3.434E+007
 2.490E+013  3.487E-008  2.231E+007  3.533E+007
 2.510E+013  3.318E-008  1.840E+007  3.451E+007
 2.530E+013  2.349E-008  8.151E+006  2.974E+007
 2.550E+013  1.399E-008  1.232E+006  1.927E+007
 2.570E+013  1.063E-008  2.429E+004  6.570E+006
 2.590E+013  1.002E-008  6.526E+001  4.384E+005
 2.610E+013  1.000E-008  6.236E+001  8.065E+002
 2.630E+013  1.000E-008  6.236E+001  1.086E-003
 2.650E+013  1.000E-008  6.236E+001  9.855E-012
 2.670E+013  1.000E-008  6.236E+001  2.129E-030
 2.690E+013  1.000E-008  6.236E+001  1.138E-066
 2.710E+013  1.000E-008  6.236E+001  7.465E-013
 2.730E+013  1.000E-008  6.236E+001 -7.465E-013
 2.750E+013  1.000E-008  6.236E+001  2.239E-012
 2.770E+013  1.000E-008  6.236E+001 -2.239E-012
 2.790E+013  1.000E-008  6.236E+001  0.000E+000
 2.810E+013  1.000E-008  6.236E+001  0.000E+000
 2.830E+013  1.000E-008  6.236E+001  3.732E-012
 2.850E+013  1.000E-008  6.236E+001 -7.465E-013
 2.870E+013  1.000E-008  6.236E+001 -2.986E-012
 2.890E+013  1.000E-008  6.236E+001 -7.647E-031
 2.910E+013  1.000E-008  6.236E+001  5.225E-012
 2.930E+013  1.000E-008  6.236E+001 -5.225E-012
 2.950E+013  1.000E-008  6.236E+001  0.000E+000
 2.970E+013  1.000E-008  6.236E+001  0.000E+000
 2.990E+013  1.000E-008  6.236E+001  0.000E+000
 3.010E+013  1.000E-008  6.236E+001  7.465E-013
 3.030E+013  1.000E-008  6.236E+001 -7.465E-013
 3.050E+013  1.000E-008  6.236E+001  7.465E-013
 3.070E+013  1.000E-008  6.236E+001 -7.465E-013
 3.090E+013  1.000E-008  6.236E+001  7.465E-013
 3.110E+013  1.000E-008  6.236E+001  7.465E-013
 3.130E+013  1.000E-008  6.236E+001 -1.493E-012
 3.150E+013  1.000E-008  6.236E+001  0.000E+000
 3.170E+013  1.000E-008  6.236E+001  0.000E+000
 3.190E+013  1.000E-008  6.236E+001  0.000E+000
 3.210E+013  1.000E-008  6.236E+001  0.000E+000
 3.230E+013  1.000E-008  6.236E+001  0.000E+000
 3.250E+013  1.000E-008  6.236E+001  0.000E+000
 3.270E+013  1.000E-008  6.236E+001 -3.426E-290
 3.290E+013  1.000E-008  6.236E+001 -7.146E-142
 3.310E+013  1.000E-008  6.236E+001 -7.160E-068
 3.330E+013  1.000E-008  6.236E+001 -4.889E-031
 3.350E+013  1.000E-008  6.236E+001 -7.465E-013
 3.370E+013  1.000E-008  6.236E+001  7.465E-013
 3.390E+013  1.000E-008  6.236E+001  4.877E-031
 3.410E+013  1.000E-008  6.236E+001  7.125E-068
 3.430E+013  1.000E-008  6.236E+001  7.078E-142
 3.450E+013  1.000E-008  6.236E+001  1.493E-012
 3.470E+013  1.000E-008  6.236E+001 -1.493E-012
 3.490E+013  1.000E-008  6.236E+001  0.000E+000
 3.510E+013  1.000E-008  6.236E+001  0.000E+000
 3.530E+013  1.000E-008  6.236E+001  0.000E+000
 3.550E+013  1.000E-008  6.236E+001  0.000E+000
 3.570E+013  1.000E-008  6.236E+001  1.493E-012
 3.590E+013  1.000E-008  6.236E+001 -7.465E-013
 3.610E+013  1.000E-008  6.236E+001 -4.888E-031
 3.630E+013  1.000E-008  6.236E+001 -7.465E-013
 3.650E+013  1.000E-008  6.236E+001 -7.465E-013
 3.670E+013  1.000E-008  6.236E+001  7.465E-013
 3.690E+013  1.000E-008  6.236E+001  7.465E-013
 3.710E+013  1.000E-008  6.236E+001 -7.465E-013
 3.730E+013  1.000E-008  6.236E+001 -5.250E-034
 3.750E+013  1.000E-008  6.236E+001  7.465E-013
 3.770E+013  1.000E-008  6.236E+001 -7.465E-013
 3.790E+013  1.000E-008  6.236E+001  0.000E+000
 3.810E+013  1.000E-008  6.236E+001  0.000E+000
 3.830E+013  1.000E-008  6.236E+001  7.465E-013
 3.850E+013  1.000E-008  6.236E+001 -7.465E-013
 3.870E+013  1.000E-008  6.236E+001 -4.888E-031
 3.890E+013  1.000E-008  6.236E+001 -7.465E-013
 3.910E+013  1.000E-008  6.236E+001 -1.480E-031
 3.930E+013  1.000E-008  6.236E+001  2.239E-012
 3.950E+013  1.000E-008  6.236E+001 -7.465E-013
 3.970E+013  1.000E-008  6.236E+001  2.239E-012
 3.990E+013  1.000E-008  6.236E+001 -2.986E-012
 4.010E+013  1.000E-008  6.236E+001  0.000E+000
 4.030E+013  1.000E-008  6.236E+001  0.000E+000
 4.050E+013  1.000E-008  6.236E+001  0.000E+000
 4.070E+013  1.000E-008  6.236E+001  0.000E+000
 4.090E+013  1.000E-008  6.236E+001  2.760E-011
 4.110E+013  1.000E-008  6.236E+001 -2.760E-011
 4.130E+013  1.000E-008  6.236E+001  1.940E-011
 4.150E+013  1.000E-008  6.236E+001 -1.940E-011
 4.170E+013  1.000E-008  6.236E+001  6.718E-012
 4.190E+013  1.000E-008  6.236E+001 -5.972E-012
 4.210E+013  1.000E-008  6.236E+001 -4.887E-031
 4.230E+013  1.000E-008  6.236E+001 -7.465E-013
 4.250E+013  1.000E-008  6.236E+001  0.000E+000
 4.270E+013  1.000E-008  6.236E+001  0.000E+000
 4.290E+013  1.000E-008  6.236E+001  0.000E+000
 4.310E+013  1.000E-008  6.236E+001  0.000E+000
 4.330E+013  1.000E-008  6.236E+001  0.000E+000
 4.350E+013  1.000E-008  6.236E+001  0.000E+000
 4.370E+013  1.000E-008  6.236E+001  0.000E+000
 4.390E+013  1.000E-008  6.236E+001  0.000E+000
 4.410E+013  1.000E-008  6.236E+001  0.000E+000
 4.430E+013  1.000E-008  6.236E+001  0.000E+000
 4.450E+013  1.000E-008  6.236E+001  0.000E+000
 4.470E+013  1.000E-008  6.236E+001  7.465E-013
 4.490E+013  1.000E-008  6.236E+001 -8.719E-034
 4.510E+013  1.000E-008  6.236E+001 -7.465E-013
 4.530E+013  1.000E-008  6.236E+001 -3.416E-290
 4.550E+013  1.000E-008  6.236E+001 -7.136E-142
 4.570E+013  1.000E-008  6.236E+001 -7.155E-068
 4.590E+013  1.000E-008  6.236E+001 -4.887E-031
 4.610E+013  1.000E-008  6.236E+001 -7.465E-013
 4.630E+013  1.000E-008  6.236E+001  7.465E-013
 4.650E+013  1.000E-008  6.236E+001  7.465E-013
 4.670E+013  1.000E-008  6.236E+001 -7.465E-013
 4.690E+013  1.000E-008  6.236E+001  7.465E-013
 4.710E+013  1.000E-008  6.236E+001 -7.465E-013
 4.730E+013  1.000E-008  6.236E+001  0.000E+000
 4.750E+013  1.000E-008  6.236E+001  0.000E+000
 4.770E+013  1.000E-008  6.236E+001  0.000E+000
 4.790E+013  1.000E-008  6.236E+001  7.465E-013
 4.810E+013  1.000E-008  6.236E+001 -7.465E-013
 4.830E+013  1.000E-008  6.236E+001 -4.052E-034
 4.850E+013  1.000E-008  6.236E+001  7.465E-013
 4.870E+013  1.000E-008  6.236E+001 -7.465E-013
 4.890E+013  1.000E-008  6.236E+001  0.000E+000
 4.910E+013  1.000E-008  6.236E+001  0.000E+000
 4.930E+013  1.000E-008  6.236E+001  0.000E+000
 4.950E+013  1.000E-008  6.236E+001  0.000E+000
 4.970E+013  1.000E-008  6.236E+001  0.000E+000
 4.990E+013  1.000E-008  6.236E+001  1.493E-012
 5.010E+013  1.000E-008  6.236E+001 -2.239E-012
 5.030E+013  1.000E-008  6.236E+001  7.465E-013
 5.050E+013  1.000E-008  6.236E+001  4.879E-031
 5.070E+013  1.000E-008  6.236E+001  7.131E-068
 5.090E+013  1.000E-008  6.236E+001  7.089E-142
 5.110E+013  1.000E-008  6.236E+001  7.465E-013
 5.130E+013  1.000E-008  6.236E+001 -7.465E-013
 5.150E+013  1.000E-008  6.236E+001  0.000E+000
 5.170E+013  1.000E-008  6.236E+001  0.000E+000
 5.190E+013  1.000E-008  6.236E+001 -3.413E-290
 5.210E+013  1.000E-008  6.236E+001 -7.133E-142
 5.230E+013  1.000E-008  6.236E+001 -7.153E-068
 5.250E+013  1.000E-008  6.236E+001 -4.887E-031
 5.270E+013  1.000E-008  6.236E+001 -7.465E-013
 5.290E+013  1.000E-008  6.236E+001  7.465E-013
 5.310E+013  1.000E-008  6.236E+001  4.879E-031
 5.330E+013  1.000E-008  6.236E+001  7.132E-068
 5.350E+013  1.000E-008  6.236E+001  1.493E-012
 5.370E+013  1.000E-008  6.236E+001 -1.493E-012
 5.390E+013  1.000E-008  6.236E+001  6.438E-032
 5.410E+013  1.000E-008  6.236E+001  7.465E-013
 5.430E+013  1.000E-008  6.236E+001  7.465E-013
 5.450E+013  1.000E-008  6.236E+001  7.465E-013
 5.470E+013  1.000E-008  6.236E+001 -2.239E-012
 5.490E+013  1.000E-008  6.236E+001 -4.886E-031
 5.510E+013  1.000E-008  6.236E+001 -7.465E-013
 5.530E+013  1.000E-008  6.236E+001  1.493E-012
 5.550E+013  1.000E-008  6.236E+001 -2.986E-012
 5.570E+013  1.000E-008  6.236E+001  1.493E-012
 5.590E+013  1.000E-008  6.236E+001  7.465E-013
 5.610E+013  1.000E-008  6.236E+001 -7.465E-013
 5.630E+013  1.000E-008  6.236E+001  7.465E-013
 5.650E+013  1.000E-008  6.236E+001 -4.479E-012
 5.670E+013  1.000E-008  6.236E+001  4.479E-012
 5.690E+013  1.000E-008  6.236E+001  4.479E-012
 5.710E+013  1.000E-008  6.236E+001 -4.479E-012
 5.730E+013  1.000E-008  6.236E+001  5.225E-012
 5.750E+013  1.000E-008  6.236E+001 -1.120E-011
 5.770E+013  1.000E-008  6.236E+001 -7.464E-013
 5.790E+013  1.000E-008  6.236E+001  6.718E-012
 5.810E+013  1.000E-008  6.236E+001  3.578E-011
 5.830E+013  1.000E-008  6.236E+001 -3.578E-011
 5.850E+013  1.000E-008  6.236E+001  0.000E+000
 5.870E+013  1.000E-008  6.236E+001  0.000E+000
 5.890E+013  1.000E-008  6.236E+001  0.000E+000
 5.910E+013  1.000E-008  6.236E+001  0.000E+000
 5.930E+013  1.000E-008  6.236E+001  0.000E+000
 5.950E+013  1.000E-008  6.236E+001  0.000E+000
 5.970E+013  1.000E-008  6.236E+001  0.000E+000
 5.990E+013  1.000E-008  6.236E+001  0.000E+000
 6.010E+013  1.000E-008  6.236E+001  0.000E+000
 6.030E+013  1.000E-008  6.236E+001  7.465E-013
 6.050E+013  1.000E-008  6.236E+001 -7.465E-013
 6.070E+013  1.000E-008  6.236E+001  7.465E-013
 6.090E+013  1.000E-008  6.236E+001 -7.465E-013
 6.110E+013  1.000E-008  6.236E+001  0.000E+000
 6.130E+013  1.000E-008  6.236E+001  0.000E+000
 6.150E+013  1.000E-008  6.236E+001  0.000E+000
 6.170E+013  1.000E-008  6.236E+001  7.465E-013
 6.190E+013  1.000E-008  6.236E+001 -7.465E-013
 6.210E+013  1.000E-008  6.236E+001  0.000E+000
 6.230E+013  1.000E-008  6.236E+001  0.000E+000
 6.250E+013  1.000E-008  6.236E+001  0.000E+000
 6.270E+013  1.000E-008  6.236E+001  0.000E+000
 6.290E+013  1.000E-008  6.236E+001  0.000E+000
 6.310E+013  1.000E-008  6.236E+001  0.000E+000
 6.330E+013  1.000E-008  6.236E+001  0.000E+000
 6.350E+013  1.000E-008  6.236E+001  7.465E-013
 6.370E+013  1.000E-008  6.236E+001 -7.465E-013
 6.390E+013  1.000E-008  6.236E+001  0.000E+000
 6.410E+013  1.000E-008  6.236E+001  0.000E+000
 6.430E+013  1.000E-008  6.236E+001  0.000E+000
 6.450E+013  1.000E-008  6.236E+001  0.000E+000
 6.470E+013  1.000E-008  6.236E+001  7.465E-013
 6.490E+013  1.000E-008  6.236E+001 -7.465E-013
 6.510E+013  1.000E-008  6.236E+001  0.000E+000
 6.530E+013  1.000E-008  6.236E+001  0.000E+000
 6.550E+013  1.000E-008  6.236E+001  0.000E+000
 6.570E+013  1.000E-008  6.236E+001  0.000E+000
 6.590E+013  1.000E-008  6.236E+001  7.465E-013
 6.610E+013  1.000E-008  6.236E+001 -7.465E-013
 6.630E+013  1.000E-008  6.236E+001  0.000E+000
 6.650E+013  1.000E-008  6.236E+001  0.000E+000
 6.670E+013  1.000E-008  6.236E+001  0.000E+000
 6.690E+013  1.000E-008  6.236E+001  7.465E-013
 6.710E+013  1.000E-008  6.236E+001 -7.465E-013
 6.730E+013  1.000E-008  6.236E+001  0.000E+000
 6.750E+013  1.000E-008  6.236E+001  0.000E+000
 6.770E+013  1.000E-008  6.236E+001  7.465E-013
 6.790E+013  1.000E-008  6.236E+001 -7.465E-013
 6.810E+013  1.000E-008  6.236E+001  7.465E-013
 6.830E+013  1.000E-008  6.236E+001 -5.728E-034
 6.850E+013  1.000E-008  6.236E+001 -7.465E-013
 6.870E+013  1.000E-008  6.236E+001  0.000E+000
 6.890E+013  1.000E-008  6.236E+001  0.000E+000
 6.910E+013  1.000E-008  6.236E+001  0.000E+000
 6.930E+013  1.000E-008  6.236E+001  7.465E-013
 6.950E+013  1.000E-008  6.236E+001 -7.465E-013
 6.970E+013  1.000E-008  6.236E+001  0.000E+000
 6.990E+013  1.000E-008  6.236E+001  0.000E+000
 7.010E+013  1.000E-008  6.236E+001  0.000E+000
 7.030E+013  1.000E-008  6.236E+001  0.000E+000
 7.050E+013  1.000E-008  6.236E+001  0.000E+000
 7.070E+013  1.000E-008  6.236E+001  0.000E+000
 7.090E+013  1.000E-008  6.236E+001  0.000E+000
 7.110E+013  1.000E-008  6.236E+001  0.000E+000
 7.130E+013  1.000E-008  6.236E+001  0.000E+000
 7.150E+013  1.000E-008  6.236E+001  0.000E+000
 7.170E+013  1.000E-008  6.236E+001  0.000E+000
 7.190E+013  1.000E-008  6.236E+001  7.465E-013
 7.210E+013  1.000E-008  6.236E+001 -7.465E-013
 7.230E+013  1.000E-008  6.236E+001  0.000E+000
 7.250E+013  1.000E-008  6.236E+001  0.000E+000
 7.270E+013  1.000E-008  6.236E+001  1.493E-012
 7.290E+013  1.000E-008  6.236E+001 -2.146E-033
 7.310E+013  1.000E-008  6.236E+001 -1.493E-012
 7.330E+013  1.000E-008  6.236E+001 -4.885E-031
 7.350E+013  1.000E-008  6.236E+001 -7.465E-013
 7.370E+013  1.000E-008  6.236E+001  7.465E-013
 7.390E+013  1.000E-008  6.236E+001  4.880E-031
 7.410E+013  1.000E-008  6.236E+001  7.135E-068
 7.430E+013  1.000E-008  6.236E+001  7.096E-142
 7.450E+013  1.000E-008  6.236E+001  3.378E-290
 7.470E+013  1.000E-008  6.236E+001  0.000E+000
 7.490E+013  1.000E-008  6.236E+001  0.000E+000
 7.510E+013  1.000E-008  6.236E+001  0.000E+000
 7.530E+013  1.000E-008  6.236E+001  0.000E+000
 7.550E+013  1.000E-008  6.236E+001  0.000E+000
 7.570E+013  1.000E-008  6.236E+001  0.000E+000
 7.590E+013  1.000E-008  6.236E+001  0.000E+000
 7.610E+013  1.000E-008  6.236E+001  0.000E+000
 7.630E+013  1.000E-008  6.236E+001  0.000E+000
 7.650E+013  1.000E-008  6.236E+001  0.000E+000
 7.670E+013  1.000E-008  6.236E+001  1.493E-012
 7.690E+013  1.000E-008  6.236E+001 -1.493E-012
 7.710E+013  1.000E-008  6.236E+001  2.239E-012
 7.730E+013  1.000E-008  6.236E+001 -2.239E-012
 7.750E+013  1.000E-008  6.236E+001  1.157E-031
 7.770E+013  1.000E-008  6.236E+001  1.493E-012
 7.790E+013  1.000E-008  6.236E+001 -4.479E-012
 7.810E+013  1.000E-008  6.236E+001  4.479E-012
 7.830E+013  1.000E-008  6.236E+001 -1.493E-012
 7.850E+013  1.000E-008  6.236E+001 -5.041E-068
 7.870E+013  1.000E-008  6.236E+001 -4.102E-031
 7.890E+013  1.000E-008  6.236E+001 -7.465E-013
 7.910E+013  1.000E-008  6.236E+001 -3.732E-012
 7.930E+013  1.000E-008  6.236E+001  2.239E-012
 7.950E+013  1.000E-008  6.236E+001  2.239E-012
 7.970E+013  1.000E-008  6.236E+001 -2.986E-012
 7.990E+013  1.000E-008  6.236E+001  2.986E-012
 8.010E+013  1.000E-008  6.236E+001  7.808E-030
 8.030E+013  1.000E-008  6.236E+001  1.827E-065
 8.050E+013  1.000E-008  6.236E+001  4.651E-137
 8.070E+013  1.000E-008  6.236E+001 -1.563E-273
 8.090E+013  1.000E-008  6.236E+001 -1.526E-133
 8.110E+013  1.000E-008  6.236E+001 -1.046E-063
 8.130E+013  1.000E-008  6.236E+001 -5.910E-029
 8.150E+013  1.000E-008  6.236E+001 -8.211E-012
 8.170E+013  1.000E-008  6.236E+001  1.045E-011
 8.190E+013  1.000E-008  6.236E+001 -2.239E-012
 8.210E+013  1.000E-008  6.236E+001  0.000E+000
 8.230E+013  1.000E-008  6.236E+001  0.000E+000
 8.250E+013  1.000E-008  6.236E+001  0.000E+000
 8.270E+013  1.000E-008  6.236E+001  0.000E+000
 8.290E+013  1.000E-008  6.236E+001  2.986E-012
 8.310E+013  1.000E-008  6.236E+001 -2.986E-012
 8.330E+013  1.000E-008  6.236E+001 -4.744E-031
 8.350E+013  1.000E-008  6.236E+001  4.479E-012
 8.370E+013  1.000E-008  6.236E+001 -3.732E-012
 8.390E+013  1.000E-008  6.236E+001 -4.885E-031
 8.410E+013  1.000E-008  6.236E+001 -7.465E-013
 8.430E+013  1.000E-008  6.236E+001  7.465E-013
 8.450E+013  1.000E-008  6.236E+001 -4.628E-034
 8.470E+013  1.000E-008  6.236E+001 -7.465E-013
 8.490E+013  1.000E-008  6.236E+001 -2.303E-034
 8.510E+013  1.000E-008  6.236E+001  7.465E-013
 8.530E+013  1.000E-008  6.236E+001 -4.585E-034
 8.550E+013  1.000E-008  6.236E+001 -7.465E-013
 8.570E+013  1.000E-008  6.236E+001 -2.282E-034
 8.590E+013  1.000E-008  6.236E+001  7.465E-013
 8.610E+013  1.000E-008  6.236E+001 -7.465E-013
 8.630E+013  1.000E-008  6.236E+001  0.000E+000
 8.650E+013  1.000E-008  6.236E+001  0.000E+000
 8.670E+013  1.000E-008  6.236E+001  0.000E+000
 8.690E+013  1.000E-008  6.236E+001  0.000E+000
 8.710E+013  1.000E-008  6.236E+001  0.000E+000
 8.730E+013  1.000E-008  6.236E+001  0.000E+000
 8.750E+013  1.000E-008  6.236E+001  7.465E-013
 8.770E+013  1.000E-008  6.236E+001 -7.465E-013
 8.790E+013  1.000E-008  6.236E+001 -2.225E-034
 8.810E+013  1.000E-008  6.236E+001  7.465E-013
 8.830E+013  1.000E-008  6.236E+001 -7.465E-013
 8.850E+013  1.000E-008  6.236E+001  7.465E-013
 8.870E+013  1.000E-008  6.236E+001  7.465E-013
 8.890E+013  1.000E-008  6.236E+001 -1.493E-012
 8.910E+013  1.000E-008  6.236E+001  0.000E+000
 8.930E+013  1.000E-008  6.236E+001  0.000E+000
 8.950E+013  1.000E-008  6.236E+001  0.000E+000
 8.970E+013  1.000E-008  6.236E+001  0.000E+000
 8.990E+013  1.000E-008  6.236E+001  0.000E+000
 9.010E+013  1.000E-008  6.236E+001  7.465E-013
 9.030E+013  1.000E-008  6.236E+001 -4.331E-034
 9.050E+013  1.000E-008  6.236E+001 -7.465E-013
 9.070E+013  1.000E-008  6.236E+001  7.465E-013
 9.090E+013  1.000E-008  6.236E+001 -4.302E-034
 9.110E+013  1.000E-008  6.236E+001 -7.465E-013
 9.130E+013  1.000E-008  6.236E+001  0.000E+000
 9.150E+013  1.000E-008  6.236E+001  0.000E+000
 9.170E+013  1.000E-008  6.236E+001  0.000E+000
 9.190E+013  1.000E-008  6.236E+001  0.000E+000
 9.210E+013  1.000E-008  6.236E+001  0.000E+000
 9.230E+013  1.000E-008  6.236E+001  7.465E-013
 9.250E+013  1.000E-008  6.236E+001 -4.228E-034
 9.270E+013  1.000E-008  6.236E+001 -7.465E-013
 9.290E+013  1.000E-008  6.236E+001  0.000E+000
 9.310E+013  1.000E-008  6.236E+001  0.000E+000
 9.330E+013  1.000E-008  6.236E+001  0.000E+000
 9.350E+013  1.000E-008  6.236E+001  0.000E+000
 9.370E+013  1.000E-008  6.236E+001  7.465E-013
 9.390E+013  1.000E-008  6.236E+001 -7.465E-013
 9.410E+013  1.000E-008  6.236E+001  7.465E-013
 9.430E+013  1.000E-008  6.236E+001 -7.465E-013
 9.450E+013  1.000E-008  6.236E+001  0.000E+000
 9.470E+013  1.000E-008  6.236E+001  0.000E+000
 9.490E+013  1.000E-008  6.236E+001  0.000E+000
 9.510E+013  1.000E-008  6.236E+001  0.000E+000
 9.530E+013  1.000E-008  6.236E+001  7.465E-013
 9.550E+013  1.000E-008  6.236E+001 -7.465E-013
 9.570E+013  1.000E-008  6.236E+001 -7.148E-068
 9.590E+013  1.000E-008  6.236E+001 -4.885E-031
 9.610E+013  1.000E-008  6.236E+001 -7.465E-013
 9.630E+013  1.000E-008  6.236E+001  7.465E-013
 9.650E+013  1.000E-008  6.236E+001  4.881E-031
 9.670E+013  1.000E-008  6.236E+001  7.465E-013
 9.690E+013  1.000E-008  6.236E+001 -7.465E-013
 9.710E+013  1.000E-008  6.236E+001  0.000E+000
 9.730E+013  1.000E-008  6.236E+001  0.000E+000
 9.750E+013  1.000E-008  6.236E+001  0.000E+000
 9.770E+013  1.000E-008  6.236E+001  0.000E+000
 9.790E+013  1.000E-008  6.236E+001  0.000E+000
 9.810E+013  1.000E-008  6.236E+001  0.000E+000
 9.830E+013  1.000E-008  6.236E+001  0.000E+000
 9.850E+013  1.000E-008  6.236E+001  0.000E+000
 9.870E+013  1.000E-008  6.236E+001  0.000E+000
 9.890E+013  1.000E-008  6.236E+001  0.000E+000
 9.910E+013  1.000E-008  6.236E+001  0.000E+000
 9.930E+013  1.000E-008  6.236E+001  0.000E+000
 9.950E+013  1.000E-008  6.236E+001  7.465E-013
 9.970E+013  1.000E-008  6.236E+001 -7.465E-013
 9.990E+013  1.000E-008  6.236E+001  0.000E+000
 1.001E+014  1.000E-099  1.000E-099  0.000E+000
 1.003E+014  1.000E-099  1.000E-099  0.000E+000
 6.663E-003
