 1.381E+005
     x1b        dens       energ       v1
 1.000E+011  2.098E-011  1.212E+007  0.000E+000
 3.000E+011  2.105E-011  1.211E+007  2.600E+005
 5.000E+011  2.133E-011  1.211E+007  7.253E+005
 7.000E+011  2.182E-011  1.211E+007  1.029E+006
 9.000E+011  2.246E-011  1.211E+007  1.393E+006
 1.100E+012  2.319E-011  1.211E+007  1.734E+006
 1.300E+012  2.393E-011  1.211E+007  2.083E+006
 1.500E+012  2.466E-011  1.211E+007  2.430E+006
 1.700E+012  2.529E-011  1.211E+007  2.777E+006
 1.900E+012  2.566E-011  1.211E+007  3.124E+006
 2.100E+012  2.576E-011  1.211E+007  3.471E+006
 2.300E+012  2.577E-011  1.211E+007  3.818E+006
 2.500E+012  2.576E-011  1.211E+007  4.165E+006
 2.700E+012  2.574E-011  1.211E+007  4.512E+006
 2.900E+012  2.569E-011  1.211E+007  4.859E+006
 3.100E+012  2.563E-011  1.211E+007  5.206E+006
 3.300E+012  2.561E-011  1.211E+007  5.554E+006
 3.500E+012  2.561E-011  1.211E+007  5.901E+006
 3.700E+012  2.562E-011  1.211E+007  6.248E+006
 3.900E+012  2.566E-011  1.211E+007  6.595E+006
 4.100E+012  2.574E-011  1.212E+007  6.942E+006
 4.300E+012  2.588E-011  1.212E+007  7.290E+006
 4.500E+012  2.612E-011  1.212E+007  7.637E+006
 4.700E+012  2.648E-011  1.212E+007  7.984E+006
 4.900E+012  2.699E-011  1.212E+007  8.332E+006
 5.100E+012  2.769E-011  1.212E+007  8.679E+006
 5.300E+012  2.863E-011  1.212E+007  9.027E+006
 5.500E+012  2.986E-011  1.212E+007  9.375E+006
 5.700E+012  3.145E-011  1.212E+007  9.724E+006
 5.900E+012  3.347E-011  1.212E+007  1.007E+007
 6.100E+012  3.604E-011  1.212E+007  1.042E+007
 6.300E+012  3.926E-011  1.212E+007  1.077E+007
 6.500E+012  4.331E-011  1.212E+007  1.112E+007
 6.700E+012  4.836E-011  1.212E+007  1.148E+007
 6.900E+012  5.463E-011  1.212E+007  1.183E+007
 7.100E+012  6.240E-011  1.212E+007  1.218E+007
 7.300E+012  7.193E-011  1.212E+007  1.254E+007
 7.500E+012  8.352E-011  1.213E+007  1.289E+007
 7.700E+012  9.744E-011  1.213E+007  1.324E+007
 7.900E+012  1.139E-010  1.213E+007  1.359E+007
 8.100E+012  1.331E-010  1.213E+007  1.394E+007
 8.300E+012  1.549E-010  1.214E+007  1.429E+007
 8.500E+012  1.792E-010  1.214E+007  1.464E+007
 8.700E+012  2.057E-010  1.215E+007  1.498E+007
 8.900E+012  2.341E-010  1.215E+007  1.533E+007
 9.100E+012  2.640E-010  1.216E+007  1.567E+007
 9.300E+012  2.951E-010  1.216E+007  1.602E+007
 9.500E+012  3.272E-010  1.217E+007  1.636E+007
 9.700E+012  3.604E-010  1.218E+007  1.671E+007
 9.900E+012  3.945E-010  1.219E+007  1.706E+007
 1.010E+013  4.299E-010  1.220E+007  1.741E+007
 1.030E+013  4.668E-010  1.222E+007  1.776E+007
 1.050E+013  5.056E-010  1.223E+007  1.811E+007
 1.070E+013  5.466E-010  1.225E+007  1.846E+007
 1.090E+013  5.903E-010  1.226E+007  1.882E+007
 1.110E+013  6.373E-010  1.228E+007  1.917E+007
 1.130E+013  6.880E-010  1.230E+007  1.953E+007
 1.150E+013  7.430E-010  1.233E+007  1.988E+007
 1.170E+013  8.027E-010  1.235E+007  2.024E+007
 1.190E+013  8.676E-010  1.238E+007  2.060E+007
 1.210E+013  9.380E-010  1.241E+007  2.097E+007
 1.230E+013  1.014E-009  1.244E+007  2.133E+007
 1.250E+013  1.097E-009  1.248E+007  2.169E+007
 1.270E+013  1.185E-009  1.252E+007  2.206E+007
 1.290E+013  1.280E-009  1.257E+007  2.243E+007
 1.310E+013  1.381E-009  1.261E+007  2.280E+007
 1.330E+013  1.488E-009  1.267E+007  2.318E+007
 1.350E+013  1.601E-009  1.273E+007  2.355E+007
 1.370E+013  1.721E-009  1.279E+007  2.393E+007
 1.390E+013  1.848E-009  1.286E+007  2.432E+007
 1.410E+013  1.982E-009  1.294E+007  2.470E+007
 1.430E+013  2.125E-009  1.303E+007  2.510E+007
 1.450E+013  2.276E-009  1.312E+007  2.549E+007
 1.470E+013  2.438E-009  1.322E+007  2.589E+007
 1.490E+013  2.611E-009  1.333E+007  2.630E+007
 1.510E+013  2.798E-009  1.345E+007  2.671E+007
 1.530E+013  2.998E-009  1.358E+007  2.713E+007
 1.550E+013  3.216E-009  1.373E+007  2.756E+007
 1.570E+013  3.451E-009  1.388E+007  2.799E+007
 1.590E+013  3.705E-009  1.406E+007  2.844E+007
 1.610E+013  3.981E-009  1.424E+007  2.889E+007
 1.630E+013  4.280E-009  1.445E+007  2.935E+007
 1.650E+013  4.603E-009  1.468E+007  2.982E+007
 1.670E+013  4.954E-009  1.492E+007  3.029E+007
 1.690E+013  5.335E-009  1.520E+007  3.078E+007
 1.710E+013  5.747E-009  1.550E+007  3.129E+007
 1.730E+013  6.196E-009  1.582E+007  3.180E+007
 1.750E+013  6.685E-009  1.618E+007  3.232E+007
 1.770E+013  7.219E-009  1.658E+007  3.286E+007
 1.790E+013  7.803E-009  1.702E+007  3.342E+007
 1.810E+013  8.443E-009  1.750E+007  3.398E+007
 1.830E+013  9.147E-009  1.803E+007  3.456E+007
 1.850E+013  9.923E-009  1.861E+007  3.516E+007
 1.870E+013  1.078E-008  1.926E+007  3.577E+007
 1.890E+013  1.173E-008  1.998E+007  3.640E+007
 1.910E+013  1.278E-008  2.077E+007  3.705E+007
 1.930E+013  1.396E-008  2.166E+007  3.771E+007
 1.950E+013  1.527E-008  2.265E+007  3.840E+007
 1.970E+013  1.674E-008  2.374E+007  3.910E+007
 1.990E+013  1.839E-008  2.495E+007  3.981E+007
 2.010E+013  2.029E-008  2.638E+007  4.056E+007
 2.030E+013  2.245E-008  2.799E+007  4.139E+007
 2.050E+013  2.477E-008  2.949E+007  4.212E+007
 2.070E+013  2.758E-008  3.157E+007  4.272E+007
 2.090E+013  3.161E-008  3.545E+007  4.412E+007
 2.110E+013  3.393E-008  3.643E+007  4.552E+007
 2.130E+013  3.189E-008  2.876E+007  4.414E+007
 2.150E+013  2.191E-008  1.144E+007  3.710E+007
 2.170E+013  1.330E-008  1.461E+006  2.279E+007
 2.190E+013  1.046E-008  1.861E+004  6.810E+006
 2.210E+013  1.001E-008  6.319E+001  3.265E+005
 2.230E+013  1.000E-008  6.236E+001  2.984E+002
 2.250E+013  1.000E-008  6.236E+001  9.680E-005
 2.270E+013  1.000E-008  6.236E+001  8.839E-013
 2.290E+013  1.000E-008  6.236E+001 -1.188E-033
 2.310E+013  1.000E-008  6.236E+001 -4.907E-013
 2.330E+013  1.000E-008  6.236E+001  0.000E+000
 2.350E+013  1.000E-008  6.236E+001  0.000E+000
 2.370E+013  1.000E-008  6.236E+001  4.907E-013
 2.390E+013  1.000E-008  6.236E+001 -4.907E-013
 2.410E+013  1.000E-008  6.236E+001  0.000E+000
 2.430E+013  1.000E-008  6.236E+001  0.000E+000
 2.450E+013  1.000E-008  6.236E+001  0.000E+000
 2.470E+013  1.000E-008  6.236E+001  4.907E-013
 2.490E+013  1.000E-008  6.236E+001 -4.907E-013
 2.510E+013  1.000E-008  6.236E+001  4.907E-013
 2.530E+013  1.000E-008  6.236E+001 -4.907E-013
 2.550E+013  1.000E-008  6.236E+001 -5.015E-291
 2.570E+013  1.000E-008  6.236E+001 -3.379E-142
 2.590E+013  1.000E-008  6.236E+001 -6.078E-068
 2.610E+013  1.000E-008  6.236E+001 -5.558E-031
 2.630E+013  1.000E-008  6.236E+001 -9.814E-013
 2.650E+013  1.000E-008  6.236E+001  9.814E-013
 2.670E+013  1.000E-008  6.236E+001  5.541E-031
 2.690E+013  1.000E-008  6.236E+001  6.041E-068
 2.710E+013  1.000E-008  6.236E+001  4.907E-013
 2.730E+013  1.000E-008  6.236E+001 -4.907E-013
 2.750E+013  1.000E-008  6.236E+001  1.472E-012
 2.770E+013  1.000E-008  6.236E+001 -1.472E-012
 2.790E+013  1.000E-008  6.236E+001  0.000E+000
 2.810E+013  1.000E-008  6.236E+001  0.000E+000
 2.830E+013  1.000E-008  6.236E+001  2.453E-012
 2.850E+013  1.000E-008  6.236E+001 -4.907E-013
 2.870E+013  1.000E-008  6.236E+001 -1.963E-012
 2.890E+013  1.000E-008  6.236E+001 -2.173E-031
 2.910E+013  1.000E-008  6.236E+001  3.435E-012
 2.930E+013  1.000E-008  6.236E+001 -3.435E-012
 2.950E+013  1.000E-008  6.236E+001  0.000E+000
 2.970E+013  1.000E-008  6.236E+001  0.000E+000
 2.990E+013  1.000E-008  6.236E+001  0.000E+000
 3.010E+013  1.000E-008  6.236E+001  4.907E-013
 3.030E+013  1.000E-008  6.236E+001 -4.907E-013
 3.050E+013  1.000E-008  6.236E+001  4.907E-013
 3.070E+013  1.000E-008  6.236E+001 -4.907E-013
 3.090E+013  1.000E-008  6.236E+001  4.907E-013
 3.110E+013  1.000E-008  6.236E+001  4.907E-013
 3.130E+013  1.000E-008  6.236E+001 -9.814E-013
 3.150E+013  1.000E-008  6.236E+001  0.000E+000
 3.170E+013  1.000E-008  6.236E+001  0.000E+000
 3.190E+013  1.000E-008  6.236E+001  0.000E+000
 3.210E+013  1.000E-008  6.236E+001  0.000E+000
 3.230E+013  1.000E-008  6.236E+001  0.000E+000
 3.250E+013  1.000E-008  6.236E+001  0.000E+000
 3.270E+013  1.000E-008  6.236E+001 -7.632E-296
 3.290E+013  1.000E-008  6.236E+001 -1.318E-144
 3.310E+013  1.000E-008  6.236E+001 -3.796E-069
 3.330E+013  1.000E-008  6.236E+001 -1.389E-031
 3.350E+013  1.000E-008  6.236E+001 -4.907E-013
 3.370E+013  1.000E-008  6.236E+001  4.907E-013
 3.390E+013  1.000E-008  6.236E+001  1.386E-031
 3.410E+013  1.000E-008  6.236E+001  3.778E-069
 3.430E+013  1.000E-008  6.236E+001  1.306E-144
 3.450E+013  1.000E-008  6.236E+001  9.814E-013
 3.470E+013  1.000E-008  6.236E+001 -9.814E-013
 3.490E+013  1.000E-008  6.236E+001  0.000E+000
 3.510E+013  1.000E-008  6.236E+001  0.000E+000
 3.530E+013  1.000E-008  6.236E+001  0.000E+000
 3.550E+013  1.000E-008  6.236E+001  0.000E+000
 3.570E+013  1.000E-008  6.236E+001  9.814E-013
 3.590E+013  1.000E-008  6.236E+001 -4.907E-013
 3.610E+013  1.000E-008  6.236E+001 -1.389E-031
 3.630E+013  1.000E-008  6.236E+001 -4.907E-013
 3.650E+013  1.000E-008  6.236E+001 -4.907E-013
 3.670E+013  1.000E-008  6.236E+001  4.907E-013
 3.690E+013  1.000E-008  6.236E+001  4.907E-013
 3.710E+013  1.000E-008  6.236E+001 -4.907E-013
 3.730E+013  1.000E-008  6.236E+001 -1.492E-034
 3.750E+013  1.000E-008  6.236E+001  4.907E-013
 3.770E+013  1.000E-008  6.236E+001 -4.907E-013
 3.790E+013  1.000E-008  6.236E+001  0.000E+000
 3.810E+013  1.000E-008  6.236E+001  0.000E+000
 3.830E+013  1.000E-008  6.236E+001  4.907E-013
 3.850E+013  1.000E-008  6.236E+001 -4.907E-013
 3.870E+013  1.000E-008  6.236E+001 -1.389E-031
 3.890E+013  1.000E-008  6.236E+001 -4.907E-013
 3.910E+013  1.000E-008  6.236E+001 -4.205E-032
 3.930E+013  1.000E-008  6.236E+001  1.472E-012
 3.950E+013  1.000E-008  6.236E+001 -4.907E-013
 3.970E+013  1.000E-008  6.236E+001  1.472E-012
 3.990E+013  1.000E-008  6.236E+001 -1.963E-012
 4.010E+013  1.000E-008  6.236E+001  0.000E+000
 4.030E+013  1.000E-008  6.236E+001  0.000E+000
 4.050E+013  1.000E-008  6.236E+001  0.000E+000
 4.070E+013  1.000E-008  6.236E+001  0.000E+000
 4.090E+013  1.000E-008  6.236E+001  1.813E-011
 4.110E+013  1.000E-008  6.236E+001 -1.813E-011
 4.130E+013  1.000E-008  6.236E+001  1.275E-011
 4.150E+013  1.000E-008  6.236E+001 -1.275E-011
 4.170E+013  1.000E-008  6.236E+001  4.416E-012
 4.190E+013  1.000E-008  6.236E+001 -3.925E-012
 4.210E+013  1.000E-008  6.236E+001 -1.389E-031
 4.230E+013  1.000E-008  6.236E+001 -4.907E-013
 4.250E+013  1.000E-008  6.236E+001  0.000E+000
 4.270E+013  1.000E-008  6.236E+001  0.000E+000
 4.290E+013  1.000E-008  6.236E+001  0.000E+000
 4.310E+013  1.000E-008  6.236E+001  0.000E+000
 4.330E+013  1.000E-008  6.236E+001  0.000E+000
 4.350E+013  1.000E-008  6.236E+001  0.000E+000
 4.370E+013  1.000E-008  6.236E+001  0.000E+000
 4.390E+013  1.000E-008  6.236E+001  0.000E+000
 4.410E+013  1.000E-008  6.236E+001  0.000E+000
 4.430E+013  1.000E-008  6.236E+001  0.000E+000
 4.450E+013  1.000E-008  6.236E+001  0.000E+000
 4.470E+013  1.000E-008  6.236E+001  4.907E-013
 4.490E+013  1.000E-008  6.236E+001 -2.477E-034
 4.510E+013  1.000E-008  6.236E+001 -4.907E-013
 4.530E+013  1.000E-008  6.236E+001 -7.612E-296
 4.550E+013  1.000E-008  6.236E+001 -1.316E-144
 4.570E+013  1.000E-008  6.236E+001 -3.794E-069
 4.590E+013  1.000E-008  6.236E+001 -1.388E-031
 4.610E+013  1.000E-008  6.236E+001 -4.907E-013
 4.630E+013  1.000E-008  6.236E+001  4.907E-013
 4.650E+013  1.000E-008  6.236E+001  4.907E-013
 4.670E+013  1.000E-008  6.236E+001 -4.907E-013
 4.690E+013  1.000E-008  6.236E+001  4.907E-013
 4.710E+013  1.000E-008  6.236E+001 -4.907E-013
 4.730E+013  1.000E-008  6.236E+001  0.000E+000
 4.750E+013  1.000E-008  6.236E+001  0.000E+000
 4.770E+013  1.000E-008  6.236E+001  0.000E+000
 4.790E+013  1.000E-008  6.236E+001  4.907E-013
 4.810E+013  1.000E-008  6.236E+001 -4.907E-013
 4.830E+013  1.000E-008  6.236E+001 -1.151E-034
 4.850E+013  1.000E-008  6.236E+001  4.907E-013
 4.870E+013  1.000E-008  6.236E+001 -4.907E-013
 4.890E+013  1.000E-008  6.236E+001  0.000E+000
 4.910E+013  1.000E-008  6.236E+001  0.000E+000
 4.930E+013  1.000E-008  6.236E+001  0.000E+000
 4.950E+013  1.000E-008  6.236E+001  0.000E+000
 4.970E+013  1.000E-008  6.236E+001  0.000E+000
 4.990E+013  1.000E-008  6.236E+001  9.814E-013
 5.010E+013  1.000E-008  6.236E+001 -1.472E-012
 5.030E+013  1.000E-008  6.236E+001  4.907E-013
 5.050E+013  1.000E-008  6.236E+001  1.386E-031
 5.070E+013  1.000E-008  6.236E+001  3.781E-069
 5.090E+013  1.000E-008  6.236E+001  1.308E-144
 5.110E+013  1.000E-008  6.236E+001  4.907E-013
 5.130E+013  1.000E-008  6.236E+001 -4.907E-013
 5.150E+013  1.000E-008  6.236E+001  0.000E+000
 5.170E+013  1.000E-008  6.236E+001  0.000E+000
 5.190E+013  1.000E-008  6.236E+001 -7.605E-296
 5.210E+013  1.000E-008  6.236E+001 -1.316E-144
 5.230E+013  1.000E-008  6.236E+001 -3.793E-069
 5.250E+013  1.000E-008  6.236E+001 -1.388E-031
 5.270E+013  1.000E-008  6.236E+001 -4.907E-013
 5.290E+013  1.000E-008  6.236E+001  4.907E-013
 5.310E+013  1.000E-008  6.236E+001  1.386E-031
 5.330E+013  1.000E-008  6.236E+001  3.781E-069
 5.350E+013  1.000E-008  6.236E+001  9.814E-013
 5.370E+013  1.000E-008  6.236E+001 -9.814E-013
 5.390E+013  1.000E-008  6.236E+001  1.829E-032
 5.410E+013  1.000E-008  6.236E+001  4.907E-013
 5.430E+013  1.000E-008  6.236E+001  4.907E-013
 5.450E+013  1.000E-008  6.236E+001  4.907E-013
 5.470E+013  1.000E-008  6.236E+001 -1.472E-012
 5.490E+013  1.000E-008  6.236E+001 -1.388E-031
 5.510E+013  1.000E-008  6.236E+001 -4.907E-013
 5.530E+013  1.000E-008  6.236E+001  9.814E-013
 5.550E+013  1.000E-008  6.236E+001 -1.963E-012
 5.570E+013  1.000E-008  6.236E+001  9.814E-013
 5.590E+013  1.000E-008  6.236E+001  4.907E-013
 5.610E+013  1.000E-008  6.236E+001 -4.907E-013
 5.630E+013  1.000E-008  6.236E+001  4.907E-013
 5.650E+013  1.000E-008  6.236E+001 -2.944E-012
 5.670E+013  1.000E-008  6.236E+001  2.944E-012
 5.690E+013  1.000E-008  6.236E+001  2.944E-012
 5.710E+013  1.000E-008  6.236E+001 -2.944E-012
 5.730E+013  1.000E-008  6.236E+001  3.435E-012
 5.750E+013  1.000E-008  6.236E+001 -7.360E-012
 5.770E+013  1.000E-008  6.236E+001 -4.906E-013
 5.790E+013  1.000E-008  6.236E+001  4.416E-012
 5.810E+013  1.000E-008  6.236E+001  2.350E-011
 5.830E+013  1.000E-008  6.236E+001 -2.350E-011
 5.850E+013  1.000E-008  6.236E+001  0.000E+000
 5.870E+013  1.000E-008  6.236E+001  0.000E+000
 5.890E+013  1.000E-008  6.236E+001  0.000E+000
 5.910E+013  1.000E-008  6.236E+001  0.000E+000
 5.930E+013  1.000E-008  6.236E+001  0.000E+000
 5.950E+013  1.000E-008  6.236E+001  0.000E+000
 5.970E+013  1.000E-008  6.236E+001  0.000E+000
 5.990E+013  1.000E-008  6.236E+001  0.000E+000
 6.010E+013  1.000E-008  6.236E+001  0.000E+000
 6.030E+013  1.000E-008  6.236E+001  4.907E-013
 6.050E+013  1.000E-008  6.236E+001 -4.907E-013
 6.070E+013  1.000E-008  6.236E+001  4.907E-013
 6.090E+013  1.000E-008  6.236E+001 -4.907E-013
 6.110E+013  1.000E-008  6.236E+001  0.000E+000
 6.130E+013  1.000E-008  6.236E+001  0.000E+000
 6.150E+013  1.000E-008  6.236E+001  0.000E+000
 6.170E+013  1.000E-008  6.236E+001  4.907E-013
 6.190E+013  1.000E-008  6.236E+001 -4.907E-013
 6.210E+013  1.000E-008  6.236E+001  0.000E+000
 6.230E+013  1.000E-008  6.236E+001  0.000E+000
 6.250E+013  1.000E-008  6.236E+001  0.000E+000
 6.270E+013  1.000E-008  6.236E+001  0.000E+000
 6.290E+013  1.000E-008  6.236E+001  0.000E+000
 6.310E+013  1.000E-008  6.236E+001  0.000E+000
 6.330E+013  1.000E-008  6.236E+001  0.000E+000
 6.350E+013  1.000E-008  6.236E+001  4.907E-013
 6.370E+013  1.000E-008  6.236E+001 -4.907E-013
 6.390E+013  1.000E-008  6.236E+001  0.000E+000
 6.410E+013  1.000E-008  6.236E+001  0.000E+000
 6.430E+013  1.000E-008  6.236E+001  0.000E+000
 6.450E+013  1.000E-008  6.236E+001  0.000E+000
 6.470E+013  1.000E-008  6.236E+001  4.907E-013
 6.490E+013  1.000E-008  6.236E+001 -4.907E-013
 6.510E+013  1.000E-008  6.236E+001  0.000E+000
 6.530E+013  1.000E-008  6.236E+001  0.000E+000
 6.550E+013  1.000E-008  6.236E+001  0.000E+000
 6.570E+013  1.000E-008  6.236E+001  0.000E+000
 6.590E+013  1.000E-008  6.236E+001  4.907E-013
 6.610E+013  1.000E-008  6.236E+001 -4.907E-013
 6.630E+013  1.000E-008  6.236E+001  0.000E+000
 6.650E+013  1.000E-008  6.236E+001  0.000E+000
 6.670E+013  1.000E-008  6.236E+001  0.000E+000
 6.690E+013  1.000E-008  6.236E+001  4.907E-013
 6.710E+013  1.000E-008  6.236E+001 -4.907E-013
 6.730E+013  1.000E-008  6.236E+001  0.000E+000
 6.750E+013  1.000E-008  6.236E+001  0.000E+000
 6.770E+013  1.000E-008  6.236E+001  4.907E-013
 6.790E+013  1.000E-008  6.236E+001 -4.907E-013
 6.810E+013  1.000E-008  6.236E+001  4.907E-013
 6.830E+013  1.000E-008  6.236E+001 -1.627E-034
 6.850E+013  1.000E-008  6.236E+001 -4.907E-013
 6.870E+013  1.000E-008  6.236E+001  0.000E+000
 6.890E+013  1.000E-008  6.236E+001  0.000E+000
 6.910E+013  1.000E-008  6.236E+001  0.000E+000
 6.930E+013  1.000E-008  6.236E+001  4.907E-013
 6.950E+013  1.000E-008  6.236E+001 -4.907E-013
 6.970E+013  1.000E-008  6.236E+001  0.000E+000
 6.990E+013  1.000E-008  6.236E+001  0.000E+000
 7.010E+013  1.000E-008  6.236E+001  0.000E+000
 7.030E+013  1.000E-008  6.236E+001  0.000E+000
 7.050E+013  1.000E-008  6.236E+001  0.000E+000
 7.070E+013  1.000E-008  6.236E+001  0.000E+000
 7.090E+013  1.000E-008  6.236E+001  0.000E+000
 7.110E+013  1.000E-008  6.236E+001  0.000E+000
 7.130E+013  1.000E-008  6.236E+001  0.000E+000
 7.150E+013  1.000E-008  6.236E+001  0.000E+000
 7.170E+013  1.000E-008  6.236E+001  0.000E+000
 7.190E+013  1.000E-008  6.236E+001  4.907E-013
 7.210E+013  1.000E-008  6.236E+001 -4.907E-013
 7.230E+013  1.000E-008  6.236E+001  0.000E+000
 7.250E+013  1.000E-008  6.236E+001  0.000E+000
 7.270E+013  1.000E-008  6.236E+001  9.814E-013
 7.290E+013  1.000E-008  6.236E+001 -6.098E-034
 7.310E+013  1.000E-008  6.236E+001 -9.814E-013
 7.330E+013  1.000E-008  6.236E+001 -1.388E-031
 7.350E+013  1.000E-008  6.236E+001 -4.907E-013
 7.370E+013  1.000E-008  6.236E+001  4.907E-013
 7.390E+013  1.000E-008  6.236E+001  1.387E-031
 7.410E+013  1.000E-008  6.236E+001  3.783E-069
 7.430E+013  1.000E-008  6.236E+001  1.309E-144
 7.450E+013  1.000E-008  6.236E+001  7.526E-296
 7.470E+013  1.000E-008  6.236E+001  0.000E+000
 7.490E+013  1.000E-008  6.236E+001  0.000E+000
 7.510E+013  1.000E-008  6.236E+001  0.000E+000
 7.530E+013  1.000E-008  6.236E+001  0.000E+000
 7.550E+013  1.000E-008  6.236E+001  0.000E+000
 7.570E+013  1.000E-008  6.236E+001  0.000E+000
 7.590E+013  1.000E-008  6.236E+001  0.000E+000
 7.610E+013  1.000E-008  6.236E+001  0.000E+000
 7.630E+013  1.000E-008  6.236E+001  0.000E+000
 7.650E+013  1.000E-008  6.236E+001  0.000E+000
 7.670E+013  1.000E-008  6.236E+001  9.814E-013
 7.690E+013  1.000E-008  6.236E+001 -9.814E-013
 7.710E+013  1.000E-008  6.236E+001  1.472E-012
 7.730E+013  1.000E-008  6.236E+001 -1.472E-012
 7.750E+013  1.000E-008  6.236E+001  3.286E-032
 7.770E+013  1.000E-008  6.236E+001  9.814E-013
 7.790E+013  1.000E-008  6.236E+001 -2.944E-012
 7.810E+013  1.000E-008  6.236E+001  2.944E-012
 7.830E+013  1.000E-008  6.236E+001 -9.814E-013
 7.850E+013  1.000E-008  6.236E+001 -2.673E-069
 7.870E+013  1.000E-008  6.236E+001 -1.165E-031
 7.890E+013  1.000E-008  6.236E+001 -4.907E-013
 7.910E+013  1.000E-008  6.236E+001 -2.453E-012
 7.930E+013  1.000E-008  6.236E+001  1.472E-012
 7.950E+013  1.000E-008  6.236E+001  1.472E-012
 7.970E+013  1.000E-008  6.236E+001 -1.963E-012
 7.990E+013  1.000E-008  6.236E+001  1.963E-012
 8.010E+013  1.000E-008  6.236E+001  2.218E-030
 8.030E+013  1.000E-008  6.236E+001  9.684E-067
 8.050E+013  1.000E-008  6.236E+001  8.579E-140
 8.070E+013  1.000E-008  6.236E+001 -3.479E-279
 8.090E+013  1.000E-008  6.236E+001 -2.814E-136
 8.110E+013  1.000E-008  6.236E+001 -5.547E-065
 8.130E+013  1.000E-008  6.236E+001 -1.679E-029
 8.150E+013  1.000E-008  6.236E+001 -5.397E-012
 8.170E+013  1.000E-008  6.236E+001  6.869E-012
 8.190E+013  1.000E-008  6.236E+001 -1.472E-012
 8.210E+013  1.000E-008  6.236E+001  0.000E+000
 8.230E+013  1.000E-008  6.236E+001  0.000E+000
 8.250E+013  1.000E-008  6.236E+001  0.000E+000
 8.270E+013  1.000E-008  6.236E+001  0.000E+000
 8.290E+013  1.000E-008  6.236E+001  1.963E-012
 8.310E+013  1.000E-008  6.236E+001 -1.963E-012
 8.330E+013  1.000E-008  6.236E+001 -1.348E-031
 8.350E+013  1.000E-008  6.236E+001  2.944E-012
 8.370E+013  1.000E-008  6.236E+001 -2.453E-012
 8.390E+013  1.000E-008  6.236E+001 -1.388E-031
 8.410E+013  1.000E-008  6.236E+001 -4.907E-013
 8.430E+013  1.000E-008  6.236E+001  4.907E-013
 8.450E+013  1.000E-008  6.236E+001 -1.315E-034
 8.470E+013  1.000E-008  6.236E+001 -4.907E-013
 8.490E+013  1.000E-008  6.236E+001 -6.544E-035
 8.510E+013  1.000E-008  6.236E+001  4.907E-013
 8.530E+013  1.000E-008  6.236E+001 -1.303E-034
 8.550E+013  1.000E-008  6.236E+001 -4.907E-013
 8.570E+013  1.000E-008  6.236E+001 -6.483E-035
 8.590E+013  1.000E-008  6.236E+001  4.907E-013
 8.610E+013  1.000E-008  6.236E+001 -4.907E-013
 8.630E+013  1.000E-008  6.236E+001  0.000E+000
 8.650E+013  1.000E-008  6.236E+001  0.000E+000
 8.670E+013  1.000E-008  6.236E+001  0.000E+000
 8.690E+013  1.000E-008  6.236E+001  0.000E+000
 8.710E+013  1.000E-008  6.236E+001  0.000E+000
 8.730E+013  1.000E-008  6.236E+001  0.000E+000
 8.750E+013  1.000E-008  6.236E+001  4.907E-013
 8.770E+013  1.000E-008  6.236E+001 -4.907E-013
 8.790E+013  1.000E-008  6.236E+001 -6.320E-035
 8.810E+013  1.000E-008  6.236E+001  4.907E-013
 8.830E+013  1.000E-008  6.236E+001 -4.907E-013
 8.850E+013  1.000E-008  6.236E+001  4.907E-013
 8.870E+013  1.000E-008  6.236E+001  4.907E-013
 8.890E+013  1.000E-008  6.236E+001 -9.814E-013
 8.910E+013  1.000E-008  6.236E+001  0.000E+000
 8.930E+013  1.000E-008  6.236E+001  0.000E+000
 8.950E+013  1.000E-008  6.236E+001  0.000E+000
 8.970E+013  1.000E-008  6.236E+001  0.000E+000
 8.990E+013  1.000E-008  6.236E+001  0.000E+000
 9.010E+013  1.000E-008  6.236E+001  4.907E-013
 9.030E+013  1.000E-008  6.236E+001 -1.230E-034
 9.050E+013  1.000E-008  6.236E+001 -4.907E-013
 9.070E+013  1.000E-008  6.236E+001  4.907E-013
 9.090E+013  1.000E-008  6.236E+001 -1.222E-034
 9.110E+013  1.000E-008  6.236E+001 -4.907E-013
 9.130E+013  1.000E-008  6.236E+001  0.000E+000
 9.150E+013  1.000E-008  6.236E+001  0.000E+000
 9.170E+013  1.000E-008  6.236E+001  0.000E+000
 9.190E+013  1.000E-008  6.236E+001  0.000E+000
 9.210E+013  1.000E-008  6.236E+001  0.000E+000
 9.230E+013  1.000E-008  6.236E+001  4.907E-013
 9.250E+013  1.000E-008  6.236E+001 -1.201E-034
 9.270E+013  1.000E-008  6.236E+001 -4.907E-013
 9.290E+013  1.000E-008  6.236E+001  0.000E+000
 9.310E+013  1.000E-008  6.236E+001  0.000E+000
 9.330E+013  1.000E-008  6.236E+001  0.000E+000
 9.350E+013  1.000E-008  6.236E+001  0.000E+000
 9.370E+013  1.000E-008  6.236E+001  4.907E-013
 9.390E+013  1.000E-008  6.236E+001 -4.907E-013
 9.410E+013  1.000E-008  6.236E+001  4.907E-013
 9.430E+013  1.000E-008  6.236E+001 -4.907E-013
 9.450E+013  1.000E-008  6.236E+001  0.000E+000
 9.470E+013  1.000E-008  6.236E+001  0.000E+000
 9.490E+013  1.000E-008  6.236E+001  0.000E+000
 9.510E+013  1.000E-008  6.236E+001  0.000E+000
 9.530E+013  1.000E-008  6.236E+001  4.907E-013
 9.550E+013  1.000E-008  6.236E+001 -4.907E-013
 9.570E+013  1.000E-008  6.236E+001 -3.790E-069
 9.590E+013  1.000E-008  6.236E+001 -1.388E-031
 9.610E+013  1.000E-008  6.236E+001 -4.907E-013
 9.630E+013  1.000E-008  6.236E+001  4.907E-013
 9.650E+013  1.000E-008  6.236E+001  1.387E-031
 9.670E+013  1.000E-008  6.236E+001  4.907E-013
 9.690E+013  1.000E-008  6.236E+001 -4.907E-013
 9.710E+013  1.000E-008  6.236E+001  0.000E+000
 9.730E+013  1.000E-008  6.236E+001  0.000E+000
 9.750E+013  1.000E-008  6.236E+001  0.000E+000
 9.770E+013  1.000E-008  6.236E+001  0.000E+000
 9.790E+013  1.000E-008  6.236E+001  0.000E+000
 9.810E+013  1.000E-008  6.236E+001  0.000E+000
 9.830E+013  1.000E-008  6.236E+001  0.000E+000
 9.850E+013  1.000E-008  6.236E+001  0.000E+000
 9.870E+013  1.000E-008  6.236E+001  0.000E+000
 9.890E+013  1.000E-008  6.236E+001  0.000E+000
 9.910E+013  1.000E-008  6.236E+001  0.000E+000
 9.930E+013  1.000E-008  6.236E+001  0.000E+000
 9.950E+013  1.000E-008  6.236E+001  4.907E-013
 9.970E+013  1.000E-008  6.236E+001 -4.907E-013
 9.990E+013  1.000E-008  6.236E+001  0.000E+000
 1.001E+014  1.000E-099  1.000E-099  0.000E+000
 1.003E+014  1.000E-099  1.000E-099  0.000E+000
 4.380E-003
