 1.321E+005
     x1b        dens       energ       v1
 1.000E+011  2.166E-011  1.278E+007  0.000E+000
 3.000E+011  2.174E-011  1.277E+007  1.021E+005
 5.000E+011  2.204E-011  1.278E+007  8.221E+005
 7.000E+011  2.255E-011  1.277E+007  1.046E+006
 9.000E+011  2.323E-011  1.277E+007  1.468E+006
 1.100E+012  2.399E-011  1.277E+007  1.805E+006
 1.300E+012  2.476E-011  1.277E+007  2.178E+006
 1.500E+012  2.552E-011  1.277E+007  2.537E+006
 1.700E+012  2.616E-011  1.277E+007  2.901E+006
 1.900E+012  2.652E-011  1.277E+007  3.262E+006
 2.100E+012  2.660E-011  1.278E+007  3.625E+006
 2.300E+012  2.660E-011  1.278E+007  3.987E+006
 2.500E+012  2.659E-011  1.278E+007  4.350E+006
 2.700E+012  2.657E-011  1.278E+007  4.712E+006
 2.900E+012  2.651E-011  1.278E+007  5.075E+006
 3.100E+012  2.646E-011  1.278E+007  5.437E+006
 3.300E+012  2.644E-011  1.278E+007  5.800E+006
 3.500E+012  2.644E-011  1.278E+007  6.162E+006
 3.700E+012  2.646E-011  1.278E+007  6.525E+006
 3.900E+012  2.650E-011  1.278E+007  6.888E+006
 4.100E+012  2.660E-011  1.278E+007  7.250E+006
 4.300E+012  2.677E-011  1.278E+007  7.613E+006
 4.500E+012  2.704E-011  1.278E+007  7.975E+006
 4.700E+012  2.745E-011  1.278E+007  8.338E+006
 4.900E+012  2.803E-011  1.278E+007  8.701E+006
 5.100E+012  2.883E-011  1.278E+007  9.064E+006
 5.300E+012  2.989E-011  1.278E+007  9.427E+006
 5.500E+012  3.127E-011  1.278E+007  9.791E+006
 5.700E+012  3.306E-011  1.278E+007  1.016E+007
 5.900E+012  3.533E-011  1.278E+007  1.052E+007
 6.100E+012  3.821E-011  1.278E+007  1.089E+007
 6.300E+012  4.184E-011  1.278E+007  1.125E+007
 6.500E+012  4.640E-011  1.278E+007  1.162E+007
 6.700E+012  5.210E-011  1.278E+007  1.199E+007
 6.900E+012  5.919E-011  1.279E+007  1.236E+007
 7.100E+012  6.795E-011  1.279E+007  1.272E+007
 7.300E+012  7.869E-011  1.279E+007  1.309E+007
 7.500E+012  9.173E-011  1.279E+007  1.346E+007
 7.700E+012  1.073E-010  1.279E+007  1.383E+007
 7.900E+012  1.257E-010  1.280E+007  1.420E+007
 8.100E+012  1.469E-010  1.280E+007  1.456E+007
 8.300E+012  1.708E-010  1.280E+007  1.492E+007
 8.500E+012  1.972E-010  1.281E+007  1.528E+007
 8.700E+012  2.259E-010  1.281E+007  1.564E+007
 8.900E+012  2.563E-010  1.282E+007  1.600E+007
 9.100E+012  2.881E-010  1.283E+007  1.636E+007
 9.300E+012  3.211E-010  1.284E+007  1.673E+007
 9.500E+012  3.552E-010  1.285E+007  1.709E+007
 9.700E+012  3.903E-010  1.286E+007  1.745E+007
 9.900E+012  4.267E-010  1.287E+007  1.782E+007
 1.010E+013  4.644E-010  1.288E+007  1.818E+007
 1.030E+013  5.039E-010  1.290E+007  1.855E+007
 1.050E+013  5.457E-010  1.291E+007  1.892E+007
 1.070E+013  5.901E-010  1.293E+007  1.929E+007
 1.090E+013  6.377E-010  1.295E+007  1.966E+007
 1.110E+013  6.890E-010  1.297E+007  2.003E+007
 1.130E+013  7.446E-010  1.300E+007  2.040E+007
 1.150E+013  8.051E-010  1.303E+007  2.078E+007
 1.170E+013  8.708E-010  1.306E+007  2.116E+007
 1.190E+013  9.423E-010  1.309E+007  2.153E+007
 1.210E+013  1.020E-009  1.313E+007  2.191E+007
 1.230E+013  1.104E-009  1.317E+007  2.230E+007
 1.250E+013  1.194E-009  1.321E+007  2.268E+007
 1.270E+013  1.291E-009  1.326E+007  2.307E+007
 1.290E+013  1.395E-009  1.331E+007  2.346E+007
 1.310E+013  1.505E-009  1.337E+007  2.385E+007
 1.330E+013  1.622E-009  1.344E+007  2.424E+007
 1.350E+013  1.746E-009  1.351E+007  2.464E+007
 1.370E+013  1.877E-009  1.358E+007  2.504E+007
 1.390E+013  2.016E-009  1.367E+007  2.545E+007
 1.410E+013  2.163E-009  1.376E+007  2.586E+007
 1.430E+013  2.320E-009  1.386E+007  2.628E+007
 1.450E+013  2.487E-009  1.398E+007  2.670E+007
 1.470E+013  2.667E-009  1.410E+007  2.713E+007
 1.490E+013  2.861E-009  1.423E+007  2.756E+007
 1.510E+013  3.070E-009  1.438E+007  2.800E+007
 1.530E+013  3.296E-009  1.453E+007  2.845E+007
 1.550E+013  3.541E-009  1.471E+007  2.891E+007
 1.570E+013  3.806E-009  1.490E+007  2.938E+007
 1.590E+013  4.095E-009  1.511E+007  2.985E+007
 1.610E+013  4.408E-009  1.534E+007  3.034E+007
 1.630E+013  4.749E-009  1.559E+007  3.083E+007
 1.650E+013  5.118E-009  1.587E+007  3.134E+007
 1.670E+013  5.520E-009  1.617E+007  3.186E+007
 1.690E+013  5.956E-009  1.651E+007  3.239E+007
 1.710E+013  6.432E-009  1.688E+007  3.293E+007
 1.730E+013  6.952E-009  1.728E+007  3.349E+007
 1.750E+013  7.521E-009  1.773E+007  3.406E+007
 1.770E+013  8.145E-009  1.822E+007  3.464E+007
 1.790E+013  8.832E-009  1.877E+007  3.524E+007
 1.810E+013  9.590E-009  1.937E+007  3.586E+007
 1.830E+013  1.043E-008  2.004E+007  3.649E+007
 1.850E+013  1.136E-008  2.078E+007  3.714E+007
 1.870E+013  1.239E-008  2.160E+007  3.781E+007
 1.890E+013  1.354E-008  2.251E+007  3.849E+007
 1.910E+013  1.482E-008  2.353E+007  3.920E+007
 1.930E+013  1.627E-008  2.467E+007  3.994E+007
 1.950E+013  1.789E-008  2.593E+007  4.068E+007
 1.970E+013  1.974E-008  2.740E+007  4.144E+007
 1.990E+013  2.188E-008  2.910E+007  4.230E+007
 2.010E+013  2.419E-008  3.072E+007  4.310E+007
 2.030E+013  2.688E-008  3.271E+007  4.371E+007
 2.050E+013  3.081E-008  3.666E+007  4.497E+007
 2.070E+013  3.372E-008  3.872E+007  4.669E+007
 2.090E+013  3.260E-008  3.240E+007  4.584E+007
 2.110E+013  2.368E-008  1.479E+007  3.971E+007
 2.130E+013  1.414E-008  2.316E+006  2.599E+007
 2.150E+013  1.067E-008  4.910E+004  9.092E+006
 2.170E+013  1.002E-008  6.886E+001  6.399E+005
 2.190E+013  1.000E-008  6.236E+001  1.285E+003
 2.210E+013  1.000E-008  6.236E+001  1.961E-003
 2.230E+013  1.000E-008  6.236E+001  8.384E-012
 2.250E+013  1.000E-008  6.236E+001  1.085E-031
 2.270E+013  1.000E-008  6.236E+001  4.694E-013
 2.290E+013  1.000E-008  6.236E+001 -4.260E-034
 2.310E+013  1.000E-008  6.236E+001 -4.694E-013
 2.330E+013  1.000E-008  6.236E+001  0.000E+000
 2.350E+013  1.000E-008  6.236E+001  0.000E+000
 2.370E+013  1.000E-008  6.236E+001  4.694E-013
 2.390E+013  1.000E-008  6.236E+001 -4.694E-013
 2.410E+013  1.000E-008  6.236E+001  0.000E+000
 2.430E+013  1.000E-008  6.236E+001  0.000E+000
 2.450E+013  1.000E-008  6.236E+001  0.000E+000
 2.470E+013  1.000E-008  6.236E+001  4.694E-013
 2.490E+013  1.000E-008  6.236E+001 -4.694E-013
 2.510E+013  1.000E-008  6.236E+001  4.694E-013
 2.530E+013  1.000E-008  6.236E+001 -4.694E-013
 2.550E+013  1.000E-008  6.236E+001 -1.264E-291
 2.570E+013  1.000E-008  6.236E+001 -1.735E-142
 2.590E+013  1.000E-008  6.236E+001 -4.453E-068
 2.610E+013  1.000E-008  6.236E+001 -4.864E-031
 2.630E+013  1.000E-008  6.236E+001 -9.387E-013
 2.650E+013  1.000E-008  6.236E+001  9.387E-013
 2.670E+013  1.000E-008  6.236E+001  4.849E-031
 2.690E+013  1.000E-008  6.236E+001  4.426E-068
 2.710E+013  1.000E-008  6.236E+001  4.694E-013
 2.730E+013  1.000E-008  6.236E+001 -4.694E-013
 2.750E+013  1.000E-008  6.236E+001  1.408E-012
 2.770E+013  1.000E-008  6.236E+001 -1.408E-012
 2.790E+013  1.000E-008  6.236E+001  0.000E+000
 2.810E+013  1.000E-008  6.236E+001  0.000E+000
 2.830E+013  1.000E-008  6.236E+001  2.347E-012
 2.850E+013  1.000E-008  6.236E+001 -4.694E-013
 2.870E+013  1.000E-008  6.236E+001 -1.877E-012
 2.890E+013  1.000E-008  6.236E+001 -1.902E-031
 2.910E+013  1.000E-008  6.236E+001  3.285E-012
 2.930E+013  1.000E-008  6.236E+001 -3.285E-012
 2.950E+013  1.000E-008  6.236E+001  0.000E+000
 2.970E+013  1.000E-008  6.236E+001  0.000E+000
 2.990E+013  1.000E-008  6.236E+001  0.000E+000
 3.010E+013  1.000E-008  6.236E+001  4.694E-013
 3.030E+013  1.000E-008  6.236E+001 -4.694E-013
 3.050E+013  1.000E-008  6.236E+001  4.694E-013
 3.070E+013  1.000E-008  6.236E+001 -4.694E-013
 3.090E+013  1.000E-008  6.236E+001  4.694E-013
 3.110E+013  1.000E-008  6.236E+001  4.694E-013
 3.130E+013  1.000E-008  6.236E+001 -9.387E-013
 3.150E+013  1.000E-008  6.236E+001  0.000E+000
 3.170E+013  1.000E-008  6.236E+001  0.000E+000
 3.190E+013  1.000E-008  6.236E+001  0.000E+000
 3.210E+013  1.000E-008  6.236E+001  0.000E+000
 3.230E+013  1.000E-008  6.236E+001  0.000E+000
 3.250E+013  1.000E-008  6.236E+001  0.000E+000
 3.270E+013  1.000E-008  6.236E+001 -1.923E-296
 3.290E+013  1.000E-008  6.236E+001 -6.767E-145
 3.310E+013  1.000E-008  6.236E+001 -2.781E-069
 3.330E+013  1.000E-008  6.236E+001 -1.216E-031
 3.350E+013  1.000E-008  6.236E+001 -4.694E-013
 3.370E+013  1.000E-008  6.236E+001  4.694E-013
 3.390E+013  1.000E-008  6.236E+001  1.213E-031
 3.410E+013  1.000E-008  6.236E+001  2.768E-069
 3.430E+013  1.000E-008  6.236E+001  6.702E-145
 3.450E+013  1.000E-008  6.236E+001  9.387E-013
 3.470E+013  1.000E-008  6.236E+001 -9.387E-013
 3.490E+013  1.000E-008  6.236E+001  0.000E+000
 3.510E+013  1.000E-008  6.236E+001  0.000E+000
 3.530E+013  1.000E-008  6.236E+001  0.000E+000
 3.550E+013  1.000E-008  6.236E+001  0.000E+000
 3.570E+013  1.000E-008  6.236E+001  9.387E-013
 3.590E+013  1.000E-008  6.236E+001 -4.694E-013
 3.610E+013  1.000E-008  6.236E+001 -1.216E-031
 3.630E+013  1.000E-008  6.236E+001 -4.694E-013
 3.650E+013  1.000E-008  6.236E+001 -4.694E-013
 3.670E+013  1.000E-008  6.236E+001  4.694E-013
 3.690E+013  1.000E-008  6.236E+001  4.694E-013
 3.710E+013  1.000E-008  6.236E+001 -4.694E-013
 3.730E+013  1.000E-008  6.236E+001 -1.306E-034
 3.750E+013  1.000E-008  6.236E+001  4.694E-013
 3.770E+013  1.000E-008  6.236E+001 -4.694E-013
 3.790E+013  1.000E-008  6.236E+001  0.000E+000
 3.810E+013  1.000E-008  6.236E+001  0.000E+000
 3.830E+013  1.000E-008  6.236E+001  4.694E-013
 3.850E+013  1.000E-008  6.236E+001 -4.694E-013
 3.870E+013  1.000E-008  6.236E+001 -1.215E-031
 3.890E+013  1.000E-008  6.236E+001 -4.694E-013
 3.910E+013  1.000E-008  6.236E+001 -3.680E-032
 3.930E+013  1.000E-008  6.236E+001  1.408E-012
 3.950E+013  1.000E-008  6.236E+001 -4.694E-013
 3.970E+013  1.000E-008  6.236E+001  1.408E-012
 3.990E+013  1.000E-008  6.236E+001 -1.877E-012
 4.010E+013  1.000E-008  6.236E+001  0.000E+000
 4.030E+013  1.000E-008  6.236E+001  0.000E+000
 4.050E+013  1.000E-008  6.236E+001  0.000E+000
 4.070E+013  1.000E-008  6.236E+001  0.000E+000
 4.090E+013  1.000E-008  6.236E+001  1.734E-011
 4.110E+013  1.000E-008  6.236E+001 -1.734E-011
 4.130E+013  1.000E-008  6.236E+001  1.220E-011
 4.150E+013  1.000E-008  6.236E+001 -1.220E-011
 4.170E+013  1.000E-008  6.236E+001  4.224E-012
 4.190E+013  1.000E-008  6.236E+001 -3.755E-012
 4.210E+013  1.000E-008  6.236E+001 -1.215E-031
 4.230E+013  1.000E-008  6.236E+001 -4.694E-013
 4.250E+013  1.000E-008  6.236E+001  0.000E+000
 4.270E+013  1.000E-008  6.236E+001  0.000E+000
 4.290E+013  1.000E-008  6.236E+001  0.000E+000
 4.310E+013  1.000E-008  6.236E+001  0.000E+000
 4.330E+013  1.000E-008  6.236E+001  0.000E+000
 4.350E+013  1.000E-008  6.236E+001  0.000E+000
 4.370E+013  1.000E-008  6.236E+001  0.000E+000
 4.390E+013  1.000E-008  6.236E+001  0.000E+000
 4.410E+013  1.000E-008  6.236E+001  0.000E+000
 4.430E+013  1.000E-008  6.236E+001  0.000E+000
 4.450E+013  1.000E-008  6.236E+001  0.000E+000
 4.470E+013  1.000E-008  6.236E+001  4.694E-013
 4.490E+013  1.000E-008  6.236E+001 -2.168E-034
 4.510E+013  1.000E-008  6.236E+001 -4.694E-013
 4.530E+013  1.000E-008  6.236E+001 -1.918E-296
 4.550E+013  1.000E-008  6.236E+001 -6.758E-145
 4.570E+013  1.000E-008  6.236E+001 -2.779E-069
 4.590E+013  1.000E-008  6.236E+001 -1.215E-031
 4.610E+013  1.000E-008  6.236E+001 -4.694E-013
 4.630E+013  1.000E-008  6.236E+001  4.694E-013
 4.650E+013  1.000E-008  6.236E+001  4.694E-013
 4.670E+013  1.000E-008  6.236E+001 -4.694E-013
 4.690E+013  1.000E-008  6.236E+001  4.694E-013
 4.710E+013  1.000E-008  6.236E+001 -4.694E-013
 4.730E+013  1.000E-008  6.236E+001  0.000E+000
 4.750E+013  1.000E-008  6.236E+001  0.000E+000
 4.770E+013  1.000E-008  6.236E+001  0.000E+000
 4.790E+013  1.000E-008  6.236E+001  4.694E-013
 4.810E+013  1.000E-008  6.236E+001 -4.694E-013
 4.830E+013  1.000E-008  6.236E+001 -1.008E-034
 4.850E+013  1.000E-008  6.236E+001  4.694E-013
 4.870E+013  1.000E-008  6.236E+001 -4.694E-013
 4.890E+013  1.000E-008  6.236E+001  0.000E+000
 4.910E+013  1.000E-008  6.236E+001  0.000E+000
 4.930E+013  1.000E-008  6.236E+001  0.000E+000
 4.950E+013  1.000E-008  6.236E+001  0.000E+000
 4.970E+013  1.000E-008  6.236E+001  0.000E+000
 4.990E+013  1.000E-008  6.236E+001  9.387E-013
 5.010E+013  1.000E-008  6.236E+001 -1.408E-012
 5.030E+013  1.000E-008  6.236E+001  4.694E-013
 5.050E+013  1.000E-008  6.236E+001  1.213E-031
 5.070E+013  1.000E-008  6.236E+001  2.770E-069
 5.090E+013  1.000E-008  6.236E+001  6.713E-145
 5.110E+013  1.000E-008  6.236E+001  4.694E-013
 5.130E+013  1.000E-008  6.236E+001 -4.694E-013
 5.150E+013  1.000E-008  6.236E+001  0.000E+000
 5.170E+013  1.000E-008  6.236E+001  0.000E+000
 5.190E+013  1.000E-008  6.236E+001 -1.916E-296
 5.210E+013  1.000E-008  6.236E+001 -6.755E-145
 5.230E+013  1.000E-008  6.236E+001 -2.779E-069
 5.250E+013  1.000E-008  6.236E+001 -1.215E-031
 5.270E+013  1.000E-008  6.236E+001 -4.694E-013
 5.290E+013  1.000E-008  6.236E+001  4.694E-013
 5.310E+013  1.000E-008  6.236E+001  1.213E-031
 5.330E+013  1.000E-008  6.236E+001  2.770E-069
 5.350E+013  1.000E-008  6.236E+001  9.387E-013
 5.370E+013  1.000E-008  6.236E+001 -9.387E-013
 5.390E+013  1.000E-008  6.236E+001  1.601E-032
 5.410E+013  1.000E-008  6.236E+001  4.694E-013
 5.430E+013  1.000E-008  6.236E+001  4.694E-013
 5.450E+013  1.000E-008  6.236E+001  4.694E-013
 5.470E+013  1.000E-008  6.236E+001 -1.408E-012
 5.490E+013  1.000E-008  6.236E+001 -1.215E-031
 5.510E+013  1.000E-008  6.236E+001 -4.694E-013
 5.530E+013  1.000E-008  6.236E+001  9.387E-013
 5.550E+013  1.000E-008  6.236E+001 -1.877E-012
 5.570E+013  1.000E-008  6.236E+001  9.387E-013
 5.590E+013  1.000E-008  6.236E+001  4.694E-013
 5.610E+013  1.000E-008  6.236E+001 -4.694E-013
 5.630E+013  1.000E-008  6.236E+001  4.694E-013
 5.650E+013  1.000E-008  6.236E+001 -2.816E-012
 5.670E+013  1.000E-008  6.236E+001  2.816E-012
 5.690E+013  1.000E-008  6.236E+001  2.816E-012
 5.710E+013  1.000E-008  6.236E+001 -2.816E-012
 5.730E+013  1.000E-008  6.236E+001  3.285E-012
 5.750E+013  1.000E-008  6.236E+001 -7.040E-012
 5.770E+013  1.000E-008  6.236E+001 -4.693E-013
 5.790E+013  1.000E-008  6.236E+001  4.224E-012
 5.810E+013  1.000E-008  6.236E+001  2.248E-011
 5.830E+013  1.000E-008  6.236E+001 -2.248E-011
 5.850E+013  1.000E-008  6.236E+001  0.000E+000
 5.870E+013  1.000E-008  6.236E+001  0.000E+000
 5.890E+013  1.000E-008  6.236E+001  0.000E+000
 5.910E+013  1.000E-008  6.236E+001  0.000E+000
 5.930E+013  1.000E-008  6.236E+001  0.000E+000
 5.950E+013  1.000E-008  6.236E+001  0.000E+000
 5.970E+013  1.000E-008  6.236E+001  0.000E+000
 5.990E+013  1.000E-008  6.236E+001  0.000E+000
 6.010E+013  1.000E-008  6.236E+001  0.000E+000
 6.030E+013  1.000E-008  6.236E+001  4.694E-013
 6.050E+013  1.000E-008  6.236E+001 -4.694E-013
 6.070E+013  1.000E-008  6.236E+001  4.694E-013
 6.090E+013  1.000E-008  6.236E+001 -4.694E-013
 6.110E+013  1.000E-008  6.236E+001  0.000E+000
 6.130E+013  1.000E-008  6.236E+001  0.000E+000
 6.150E+013  1.000E-008  6.236E+001  0.000E+000
 6.170E+013  1.000E-008  6.236E+001  4.694E-013
 6.190E+013  1.000E-008  6.236E+001 -4.694E-013
 6.210E+013  1.000E-008  6.236E+001  0.000E+000
 6.230E+013  1.000E-008  6.236E+001  0.000E+000
 6.250E+013  1.000E-008  6.236E+001  0.000E+000
 6.270E+013  1.000E-008  6.236E+001  0.000E+000
 6.290E+013  1.000E-008  6.236E+001  0.000E+000
 6.310E+013  1.000E-008  6.236E+001  0.000E+000
 6.330E+013  1.000E-008  6.236E+001  0.000E+000
 6.350E+013  1.000E-008  6.236E+001  4.694E-013
 6.370E+013  1.000E-008  6.236E+001 -4.694E-013
 6.390E+013  1.000E-008  6.236E+001  0.000E+000
 6.410E+013  1.000E-008  6.236E+001  0.000E+000
 6.430E+013  1.000E-008  6.236E+001  0.000E+000
 6.450E+013  1.000E-008  6.236E+001  0.000E+000
 6.470E+013  1.000E-008  6.236E+001  4.694E-013
 6.490E+013  1.000E-008  6.236E+001 -4.694E-013
 6.510E+013  1.000E-008  6.236E+001  0.000E+000
 6.530E+013  1.000E-008  6.236E+001  0.000E+000
 6.550E+013  1.000E-008  6.236E+001  0.000E+000
 6.570E+013  1.000E-008  6.236E+001  0.000E+000
 6.590E+013  1.000E-008  6.236E+001  4.694E-013
 6.610E+013  1.000E-008  6.236E+001 -4.694E-013
 6.630E+013  1.000E-008  6.236E+001  0.000E+000
 6.650E+013  1.000E-008  6.236E+001  0.000E+000
 6.670E+013  1.000E-008  6.236E+001  0.000E+000
 6.690E+013  1.000E-008  6.236E+001  4.694E-013
 6.710E+013  1.000E-008  6.236E+001 -4.694E-013
 6.730E+013  1.000E-008  6.236E+001  0.000E+000
 6.750E+013  1.000E-008  6.236E+001  0.000E+000
 6.770E+013  1.000E-008  6.236E+001  4.694E-013
 6.790E+013  1.000E-008  6.236E+001 -4.694E-013
 6.810E+013  1.000E-008  6.236E+001  4.694E-013
 6.830E+013  1.000E-008  6.236E+001 -1.424E-034
 6.850E+013  1.000E-008  6.236E+001 -4.694E-013
 6.870E+013  1.000E-008  6.236E+001  0.000E+000
 6.890E+013  1.000E-008  6.236E+001  0.000E+000
 6.910E+013  1.000E-008  6.236E+001  0.000E+000
 6.930E+013  1.000E-008  6.236E+001  4.694E-013
 6.950E+013  1.000E-008  6.236E+001 -4.694E-013
 6.970E+013  1.000E-008  6.236E+001  0.000E+000
 6.990E+013  1.000E-008  6.236E+001  0.000E+000
 7.010E+013  1.000E-008  6.236E+001  0.000E+000
 7.030E+013  1.000E-008  6.236E+001  0.000E+000
 7.050E+013  1.000E-008  6.236E+001  0.000E+000
 7.070E+013  1.000E-008  6.236E+001  0.000E+000
 7.090E+013  1.000E-008  6.236E+001  0.000E+000
 7.110E+013  1.000E-008  6.236E+001  0.000E+000
 7.130E+013  1.000E-008  6.236E+001  0.000E+000
 7.150E+013  1.000E-008  6.236E+001  0.000E+000
 7.170E+013  1.000E-008  6.236E+001  0.000E+000
 7.190E+013  1.000E-008  6.236E+001  4.694E-013
 7.210E+013  1.000E-008  6.236E+001 -4.694E-013
 7.230E+013  1.000E-008  6.236E+001  0.000E+000
 7.250E+013  1.000E-008  6.236E+001  0.000E+000
 7.270E+013  1.000E-008  6.236E+001  9.387E-013
 7.290E+013  1.000E-008  6.236E+001 -5.337E-034
 7.310E+013  1.000E-008  6.236E+001 -9.387E-013
 7.330E+013  1.000E-008  6.236E+001 -1.215E-031
 7.350E+013  1.000E-008  6.236E+001 -4.694E-013
 7.370E+013  1.000E-008  6.236E+001  4.694E-013
 7.390E+013  1.000E-008  6.236E+001  1.214E-031
 7.410E+013  1.000E-008  6.236E+001  2.772E-069
 7.430E+013  1.000E-008  6.236E+001  6.720E-145
 7.450E+013  1.000E-008  6.236E+001  1.896E-296
 7.470E+013  1.000E-008  6.236E+001  0.000E+000
 7.490E+013  1.000E-008  6.236E+001  0.000E+000
 7.510E+013  1.000E-008  6.236E+001  0.000E+000
 7.530E+013  1.000E-008  6.236E+001  0.000E+000
 7.550E+013  1.000E-008  6.236E+001  0.000E+000
 7.570E+013  1.000E-008  6.236E+001  0.000E+000
 7.590E+013  1.000E-008  6.236E+001  0.000E+000
 7.610E+013  1.000E-008  6.236E+001  0.000E+000
 7.630E+013  1.000E-008  6.236E+001  0.000E+000
 7.650E+013  1.000E-008  6.236E+001  0.000E+000
 7.670E+013  1.000E-008  6.236E+001  9.387E-013
 7.690E+013  1.000E-008  6.236E+001 -9.387E-013
 7.710E+013  1.000E-008  6.236E+001  1.408E-012
 7.730E+013  1.000E-008  6.236E+001 -1.408E-012
 7.750E+013  1.000E-008  6.236E+001  2.876E-032
 7.770E+013  1.000E-008  6.236E+001  9.387E-013
 7.790E+013  1.000E-008  6.236E+001 -2.816E-012
 7.810E+013  1.000E-008  6.236E+001  2.816E-012
 7.830E+013  1.000E-008  6.236E+001 -9.387E-013
 7.850E+013  1.000E-008  6.236E+001 -1.958E-069
 7.870E+013  1.000E-008  6.236E+001 -1.020E-031
 7.890E+013  1.000E-008  6.236E+001 -4.694E-013
 7.910E+013  1.000E-008  6.236E+001 -2.347E-012
 7.930E+013  1.000E-008  6.236E+001  1.408E-012
 7.950E+013  1.000E-008  6.236E+001  1.408E-012
 7.970E+013  1.000E-008  6.236E+001 -1.877E-012
 7.990E+013  1.000E-008  6.236E+001  1.877E-012
 8.010E+013  1.000E-008  6.236E+001  1.942E-030
 8.030E+013  1.000E-008  6.236E+001  7.096E-067
 8.050E+013  1.000E-008  6.236E+001  4.404E-140
 8.070E+013  1.000E-008  6.236E+001 -8.766E-280
 8.090E+013  1.000E-008  6.236E+001 -1.445E-136
 8.110E+013  1.000E-008  6.236E+001 -4.064E-065
 8.130E+013  1.000E-008  6.236E+001 -1.470E-029
 8.150E+013  1.000E-008  6.236E+001 -5.163E-012
 8.170E+013  1.000E-008  6.236E+001  6.571E-012
 8.190E+013  1.000E-008  6.236E+001 -1.408E-012
 8.210E+013  1.000E-008  6.236E+001  0.000E+000
 8.230E+013  1.000E-008  6.236E+001  0.000E+000
 8.250E+013  1.000E-008  6.236E+001  0.000E+000
 8.270E+013  1.000E-008  6.236E+001  0.000E+000
 8.290E+013  1.000E-008  6.236E+001  1.877E-012
 8.310E+013  1.000E-008  6.236E+001 -1.877E-012
 8.330E+013  1.000E-008  6.236E+001 -1.180E-031
 8.350E+013  1.000E-008  6.236E+001  2.816E-012
 8.370E+013  1.000E-008  6.236E+001 -2.347E-012
 8.390E+013  1.000E-008  6.236E+001 -1.215E-031
 8.410E+013  1.000E-008  6.236E+001 -4.694E-013
 8.430E+013  1.000E-008  6.236E+001  4.694E-013
 8.450E+013  1.000E-008  6.236E+001 -1.151E-034
 8.470E+013  1.000E-008  6.236E+001 -4.694E-013
 8.490E+013  1.000E-008  6.236E+001 -5.727E-035
 8.510E+013  1.000E-008  6.236E+001  4.694E-013
 8.530E+013  1.000E-008  6.236E+001 -1.140E-034
 8.550E+013  1.000E-008  6.236E+001 -4.694E-013
 8.570E+013  1.000E-008  6.236E+001 -5.674E-035
 8.590E+013  1.000E-008  6.236E+001  4.694E-013
 8.610E+013  1.000E-008  6.236E+001 -4.694E-013
 8.630E+013  1.000E-008  6.236E+001  0.000E+000
 8.650E+013  1.000E-008  6.236E+001  0.000E+000
 8.670E+013  1.000E-008  6.236E+001  0.000E+000
 8.690E+013  1.000E-008  6.236E+001  0.000E+000
 8.710E+013  1.000E-008  6.236E+001  0.000E+000
 8.730E+013  1.000E-008  6.236E+001  0.000E+000
 8.750E+013  1.000E-008  6.236E+001  4.694E-013
 8.770E+013  1.000E-008  6.236E+001 -4.694E-013
 8.790E+013  1.000E-008  6.236E+001 -5.532E-035
 8.810E+013  1.000E-008  6.236E+001  4.694E-013
 8.830E+013  1.000E-008  6.236E+001 -4.694E-013
 8.850E+013  1.000E-008  6.236E+001  4.694E-013
 8.870E+013  1.000E-008  6.236E+001  4.694E-013
 8.890E+013  1.000E-008  6.236E+001 -9.387E-013
 8.910E+013  1.000E-008  6.236E+001  0.000E+000
 8.930E+013  1.000E-008  6.236E+001  0.000E+000
 8.950E+013  1.000E-008  6.236E+001  0.000E+000
 8.970E+013  1.000E-008  6.236E+001  0.000E+000
 8.990E+013  1.000E-008  6.236E+001  0.000E+000
 9.010E+013  1.000E-008  6.236E+001  4.694E-013
 9.030E+013  1.000E-008  6.236E+001 -1.077E-034
 9.050E+013  1.000E-008  6.236E+001 -4.694E-013
 9.070E+013  1.000E-008  6.236E+001  4.694E-013
 9.090E+013  1.000E-008  6.236E+001 -1.070E-034
 9.110E+013  1.000E-008  6.236E+001 -4.694E-013
 9.130E+013  1.000E-008  6.236E+001  0.000E+000
 9.150E+013  1.000E-008  6.236E+001  0.000E+000
 9.170E+013  1.000E-008  6.236E+001  0.000E+000
 9.190E+013  1.000E-008  6.236E+001  0.000E+000
 9.210E+013  1.000E-008  6.236E+001  0.000E+000
 9.230E+013  1.000E-008  6.236E+001  4.694E-013
 9.250E+013  1.000E-008  6.236E+001 -1.051E-034
 9.270E+013  1.000E-008  6.236E+001 -4.694E-013
 9.290E+013  1.000E-008  6.236E+001  0.000E+000
 9.310E+013  1.000E-008  6.236E+001  0.000E+000
 9.330E+013  1.000E-008  6.236E+001  0.000E+000
 9.350E+013  1.000E-008  6.236E+001  0.000E+000
 9.370E+013  1.000E-008  6.236E+001  4.694E-013
 9.390E+013  1.000E-008  6.236E+001 -4.694E-013
 9.410E+013  1.000E-008  6.236E+001  4.694E-013
 9.430E+013  1.000E-008  6.236E+001 -4.694E-013
 9.450E+013  1.000E-008  6.236E+001  0.000E+000
 9.470E+013  1.000E-008  6.236E+001  0.000E+000
 9.490E+013  1.000E-008  6.236E+001  0.000E+000
 9.510E+013  1.000E-008  6.236E+001  0.000E+000
 9.530E+013  1.000E-008  6.236E+001  4.694E-013
 9.550E+013  1.000E-008  6.236E+001 -4.694E-013
 9.570E+013  1.000E-008  6.236E+001 -2.777E-069
 9.590E+013  1.000E-008  6.236E+001 -1.215E-031
 9.610E+013  1.000E-008  6.236E+001 -4.694E-013
 9.630E+013  1.000E-008  6.236E+001  4.694E-013
 9.650E+013  1.000E-008  6.236E+001  1.214E-031
 9.670E+013  1.000E-008  6.236E+001  4.694E-013
 9.690E+013  1.000E-008  6.236E+001 -4.694E-013
 9.710E+013  1.000E-008  6.236E+001  0.000E+000
 9.730E+013  1.000E-008  6.236E+001  0.000E+000
 9.750E+013  1.000E-008  6.236E+001  0.000E+000
 9.770E+013  1.000E-008  6.236E+001  0.000E+000
 9.790E+013  1.000E-008  6.236E+001  0.000E+000
 9.810E+013  1.000E-008  6.236E+001  0.000E+000
 9.830E+013  1.000E-008  6.236E+001  0.000E+000
 9.850E+013  1.000E-008  6.236E+001  0.000E+000
 9.870E+013  1.000E-008  6.236E+001  0.000E+000
 9.890E+013  1.000E-008  6.236E+001  0.000E+000
 9.910E+013  1.000E-008  6.236E+001  0.000E+000
 9.930E+013  1.000E-008  6.236E+001  0.000E+000
 9.950E+013  1.000E-008  6.236E+001  4.694E-013
 9.970E+013  1.000E-008  6.236E+001 -4.694E-013
 9.990E+013  1.000E-008  6.236E+001  0.000E+000
 1.001E+014  1.000E-099  1.000E-099  0.000E+000
 1.003E+014  1.000E-099  1.000E-099  0.000E+000
 4.189E-003
