 1.860E+005
     x1b        dens       energ       v1
 1.000E+011  1.692E-011  8.474E+006  0.000E+000
 3.000E+011  1.698E-011  8.470E+006  3.190E+005
 5.000E+011  1.716E-011  8.472E+006  4.939E+005
 7.000E+011  1.749E-011  8.471E+006  7.863E+005
 9.000E+011  1.795E-011  8.471E+006  1.030E+006
 1.100E+012  1.848E-011  8.471E+006  1.295E+006
 1.300E+012  1.903E-011  8.471E+006  1.551E+006
 1.500E+012  1.960E-011  8.471E+006  1.811E+006
 1.700E+012  2.013E-011  8.471E+006  2.069E+006
 1.900E+012  2.054E-011  8.471E+006  2.328E+006
 2.100E+012  2.075E-011  8.471E+006  2.586E+006
 2.300E+012  2.079E-011  8.471E+006  2.845E+006
 2.500E+012  2.079E-011  8.471E+006  3.103E+006
 2.700E+012  2.078E-011  8.472E+006  3.362E+006
 2.900E+012  2.077E-011  8.472E+006  3.620E+006
 3.100E+012  2.073E-011  8.472E+006  3.879E+006
 3.300E+012  2.069E-011  8.472E+006  4.138E+006
 3.500E+012  2.067E-011  8.472E+006  4.396E+006
 3.700E+012  2.067E-011  8.472E+006  4.655E+006
 3.900E+012  2.067E-011  8.472E+006  4.914E+006
 4.100E+012  2.069E-011  8.472E+006  5.172E+006
 4.300E+012  2.073E-011  8.472E+006  5.431E+006
 4.500E+012  2.081E-011  8.473E+006  5.690E+006
 4.700E+012  2.095E-011  8.473E+006  5.948E+006
 4.900E+012  2.115E-011  8.473E+006  6.207E+006
 5.100E+012  2.145E-011  8.473E+006  6.466E+006
 5.300E+012  2.186E-011  8.473E+006  6.725E+006
 5.500E+012  2.241E-011  8.473E+006  6.984E+006
 5.700E+012  2.313E-011  8.474E+006  7.243E+006
 5.900E+012  2.405E-011  8.474E+006  7.502E+006
 6.100E+012  2.522E-011  8.474E+006  7.761E+006
 6.300E+012  2.669E-011  8.474E+006  8.021E+006
 6.500E+012  2.852E-011  8.475E+006  8.281E+006
 6.700E+012  3.079E-011  8.475E+006  8.542E+006
 6.900E+012  3.359E-011  8.475E+006  8.803E+006
 7.100E+012  3.704E-011  8.476E+006  9.065E+006
 7.300E+012  4.127E-011  8.476E+006  9.327E+006
 7.500E+012  4.643E-011  8.477E+006  9.589E+006
 7.700E+012  5.272E-011  8.477E+006  9.851E+006
 7.900E+012  6.030E-011  8.478E+006  1.011E+007
 8.100E+012  6.937E-011  8.479E+006  1.038E+007
 8.300E+012  8.011E-011  8.480E+006  1.064E+007
 8.500E+012  9.266E-011  8.481E+006  1.090E+007
 8.700E+012  1.071E-010  8.482E+006  1.116E+007
 8.900E+012  1.234E-010  8.484E+006  1.142E+007
 9.100E+012  1.414E-010  8.486E+006  1.168E+007
 9.300E+012  1.610E-010  8.488E+006  1.193E+007
 9.500E+012  1.820E-010  8.490E+006  1.219E+007
 9.700E+012  2.042E-010  8.493E+006  1.245E+007
 9.900E+012  2.272E-010  8.497E+006  1.270E+007
 1.010E+013  2.510E-010  8.500E+006  1.296E+007
 1.030E+013  2.755E-010  8.505E+006  1.322E+007
 1.050E+013  3.006E-010  8.509E+006  1.348E+007
 1.070E+013  3.265E-010  8.515E+006  1.374E+007
 1.090E+013  3.533E-010  8.521E+006  1.400E+007
 1.110E+013  3.811E-010  8.527E+006  1.426E+007
 1.130E+013  4.103E-010  8.534E+006  1.452E+007
 1.150E+013  4.410E-010  8.542E+006  1.478E+007
 1.170E+013  4.737E-010  8.550E+006  1.504E+007
 1.190E+013  5.085E-010  8.559E+006  1.531E+007
 1.210E+013  5.458E-010  8.569E+006  1.557E+007
 1.230E+013  5.860E-010  8.580E+006  1.584E+007
 1.250E+013  6.294E-010  8.592E+006  1.610E+007
 1.270E+013  6.762E-010  8.605E+006  1.637E+007
 1.290E+013  7.267E-010  8.620E+006  1.663E+007
 1.310E+013  7.811E-010  8.635E+006  1.690E+007
 1.330E+013  8.395E-010  8.653E+006  1.717E+007
 1.350E+013  9.021E-010  8.671E+006  1.744E+007
 1.370E+013  9.688E-010  8.692E+006  1.771E+007
 1.390E+013  1.040E-009  8.714E+006  1.798E+007
 1.410E+013  1.115E-009  8.738E+006  1.825E+007
 1.430E+013  1.194E-009  8.764E+006  1.852E+007
 1.450E+013  1.277E-009  8.793E+006  1.880E+007
 1.470E+013  1.365E-009  8.824E+006  1.908E+007
 1.490E+013  1.457E-009  8.857E+006  1.935E+007
 1.510E+013  1.553E-009  8.894E+006  1.963E+007
 1.530E+013  1.655E-009  8.933E+006  1.992E+007
 1.550E+013  1.762E-009  8.975E+006  2.020E+007
 1.570E+013  1.875E-009  9.021E+006  2.049E+007
 1.590E+013  1.996E-009  9.071E+006  2.078E+007
 1.610E+013  2.124E-009  9.124E+006  2.107E+007
 1.630E+013  2.260E-009  9.182E+006  2.136E+007
 1.650E+013  2.405E-009  9.245E+006  2.166E+007
 1.670E+013  2.561E-009  9.312E+006  2.196E+007
 1.690E+013  2.728E-009  9.385E+006  2.227E+007
 1.710E+013  2.906E-009  9.464E+006  2.257E+007
 1.730E+013  3.098E-009  9.550E+006  2.289E+007
 1.750E+013  3.302E-009  9.643E+006  2.320E+007
 1.770E+013  3.521E-009  9.743E+006  2.352E+007
 1.790E+013  3.755E-009  9.851E+006  2.385E+007
 1.810E+013  4.006E-009  9.969E+006  2.418E+007
 1.830E+013  4.274E-009  1.010E+007  2.452E+007
 1.850E+013  4.561E-009  1.024E+007  2.486E+007
 1.870E+013  4.868E-009  1.039E+007  2.522E+007
 1.890E+013  5.198E-009  1.055E+007  2.557E+007
 1.910E+013  5.552E-009  1.073E+007  2.594E+007
 1.930E+013  5.933E-009  1.092E+007  2.631E+007
 1.950E+013  6.345E-009  1.113E+007  2.669E+007
 1.970E+013  6.789E-009  1.136E+007  2.709E+007
 1.990E+013  7.269E-009  1.161E+007  2.749E+007
 2.010E+013  7.789E-009  1.188E+007  2.790E+007
 2.030E+013  8.353E-009  1.218E+007  2.832E+007
 2.050E+013  8.965E-009  1.250E+007  2.875E+007
 2.070E+013  9.632E-009  1.285E+007  2.919E+007
 2.090E+013  1.036E-008  1.324E+007  2.964E+007
 2.110E+013  1.116E-008  1.366E+007  3.011E+007
 2.130E+013  1.203E-008  1.413E+007  3.058E+007
 2.150E+013  1.299E-008  1.464E+007  3.107E+007
 2.170E+013  1.404E-008  1.520E+007  3.157E+007
 2.190E+013  1.521E-008  1.581E+007  3.208E+007
 2.210E+013  1.651E-008  1.649E+007  3.260E+007
 2.230E+013  1.795E-008  1.723E+007  3.314E+007
 2.250E+013  1.956E-008  1.805E+007  3.368E+007
 2.270E+013  2.138E-008  1.897E+007  3.423E+007
 2.290E+013  2.345E-008  2.004E+007  3.485E+007
 2.310E+013  2.566E-008  2.105E+007  3.542E+007
 2.330E+013  2.817E-008  2.224E+007  3.585E+007
 2.350E+013  3.176E-008  2.457E+007  3.671E+007
 2.370E+013  3.449E-008  2.590E+007  3.796E+007
 2.390E+013  3.354E-008  2.224E+007  3.742E+007
 2.410E+013  2.489E-008  1.092E+007  3.295E+007
 2.430E+013  1.473E-008  1.916E+006  2.235E+007
 2.450E+013  1.083E-008  5.378E+004  8.504E+006
 2.470E+013  1.004E-008  7.651E+001  7.446E+005
 2.490E+013  1.000E-008  6.236E+001  2.392E+003
 2.510E+013  1.000E-008  6.236E+001  9.654E-003
 2.530E+013  1.000E-008  6.236E+001  7.218E-011
 2.550E+013  1.000E-008  6.236E+001  9.428E-030
 2.570E+013  1.000E-008  6.236E+001  9.065E-069
 2.590E+013  1.000E-008  6.236E+001 -4.883E-067
 2.610E+013  1.000E-008  6.236E+001 -1.357E-030
 2.630E+013  1.000E-008  6.236E+001 -1.322E-012
 2.650E+013  1.000E-008  6.236E+001  1.322E-012
 2.670E+013  1.000E-008  6.236E+001  1.353E-030
 2.690E+013  1.000E-008  6.236E+001  4.854E-067
 2.710E+013  1.000E-008  6.236E+001  6.608E-013
 2.730E+013  1.000E-008  6.236E+001 -6.608E-013
 2.750E+013  1.000E-008  6.236E+001  1.982E-012
 2.770E+013  1.000E-008  6.236E+001 -1.982E-012
 2.790E+013  1.000E-008  6.236E+001  0.000E+000
 2.810E+013  1.000E-008  6.236E+001  0.000E+000
 2.830E+013  1.000E-008  6.236E+001  3.304E-012
 2.850E+013  1.000E-008  6.236E+001 -6.608E-013
 2.870E+013  1.000E-008  6.236E+001 -2.643E-012
 2.890E+013  1.000E-008  6.236E+001 -5.305E-031
 2.910E+013  1.000E-008  6.236E+001  4.626E-012
 2.930E+013  1.000E-008  6.236E+001 -4.626E-012
 2.950E+013  1.000E-008  6.236E+001  0.000E+000
 2.970E+013  1.000E-008  6.236E+001  0.000E+000
 2.990E+013  1.000E-008  6.236E+001  0.000E+000
 3.010E+013  1.000E-008  6.236E+001  6.608E-013
 3.030E+013  1.000E-008  6.236E+001 -6.608E-013
 3.050E+013  1.000E-008  6.236E+001  6.608E-013
 3.070E+013  1.000E-008  6.236E+001 -6.608E-013
 3.090E+013  1.000E-008  6.236E+001  6.608E-013
 3.110E+013  1.000E-008  6.236E+001  6.608E-013
 3.130E+013  1.000E-008  6.236E+001 -1.322E-012
 3.150E+013  1.000E-008  6.236E+001  0.000E+000
 3.170E+013  1.000E-008  6.236E+001  0.000E+000
 3.190E+013  1.000E-008  6.236E+001  0.000E+000
 3.210E+013  1.000E-008  6.236E+001  0.000E+000
 3.230E+013  1.000E-008  6.236E+001  0.000E+000
 3.250E+013  1.000E-008  6.236E+001  0.000E+000
 3.270E+013  1.000E-008  6.236E+001 -7.811E-292
 3.290E+013  1.000E-008  6.236E+001 -1.147E-142
 3.310E+013  1.000E-008  6.236E+001 -3.050E-068
 3.330E+013  1.000E-008  6.236E+001 -3.392E-031
 3.350E+013  1.000E-008  6.236E+001 -6.608E-013
 3.370E+013  1.000E-008  6.236E+001  6.608E-013
 3.390E+013  1.000E-008  6.236E+001  3.384E-031
 3.410E+013  1.000E-008  6.236E+001  3.035E-068
 3.430E+013  1.000E-008  6.236E+001  1.137E-142
 3.450E+013  1.000E-008  6.236E+001  1.322E-012
 3.470E+013  1.000E-008  6.236E+001 -1.322E-012
 3.490E+013  1.000E-008  6.236E+001  0.000E+000
 3.510E+013  1.000E-008  6.236E+001  0.000E+000
 3.530E+013  1.000E-008  6.236E+001  0.000E+000
 3.550E+013  1.000E-008  6.236E+001  0.000E+000
 3.570E+013  1.000E-008  6.236E+001  1.322E-012
 3.590E+013  1.000E-008  6.236E+001 -6.608E-013
 3.610E+013  1.000E-008  6.236E+001 -3.391E-031
 3.630E+013  1.000E-008  6.236E+001 -6.608E-013
 3.650E+013  1.000E-008  6.236E+001 -6.608E-013
 3.670E+013  1.000E-008  6.236E+001  6.608E-013
 3.690E+013  1.000E-008  6.236E+001  6.608E-013
 3.710E+013  1.000E-008  6.236E+001 -6.608E-013
 3.730E+013  1.000E-008  6.236E+001 -3.643E-034
 3.750E+013  1.000E-008  6.236E+001  6.608E-013
 3.770E+013  1.000E-008  6.236E+001 -6.608E-013
 3.790E+013  1.000E-008  6.236E+001  0.000E+000
 3.810E+013  1.000E-008  6.236E+001  0.000E+000
 3.830E+013  1.000E-008  6.236E+001  6.608E-013
 3.850E+013  1.000E-008  6.236E+001 -6.608E-013
 3.870E+013  1.000E-008  6.236E+001 -3.391E-031
 3.890E+013  1.000E-008  6.236E+001 -6.608E-013
 3.910E+013  1.000E-008  6.236E+001 -1.027E-031
 3.930E+013  1.000E-008  6.236E+001  1.982E-012
 3.950E+013  1.000E-008  6.236E+001 -6.608E-013
 3.970E+013  1.000E-008  6.236E+001  1.982E-012
 3.990E+013  1.000E-008  6.236E+001 -2.643E-012
 4.010E+013  1.000E-008  6.236E+001  0.000E+000
 4.030E+013  1.000E-008  6.236E+001  0.000E+000
 4.050E+013  1.000E-008  6.236E+001  0.000E+000
 4.070E+013  1.000E-008  6.236E+001  0.000E+000
 4.090E+013  1.000E-008  6.236E+001  2.443E-011
 4.110E+013  1.000E-008  6.236E+001 -2.443E-011
 4.130E+013  1.000E-008  6.236E+001  1.717E-011
 4.150E+013  1.000E-008  6.236E+001 -1.717E-011
 4.170E+013  1.000E-008  6.236E+001  5.947E-012
 4.190E+013  1.000E-008  6.236E+001 -5.286E-012
 4.210E+013  1.000E-008  6.236E+001 -3.391E-031
 4.230E+013  1.000E-008  6.236E+001 -6.608E-013
 4.250E+013  1.000E-008  6.236E+001  0.000E+000
 4.270E+013  1.000E-008  6.236E+001  0.000E+000
 4.290E+013  1.000E-008  6.236E+001  0.000E+000
 4.310E+013  1.000E-008  6.236E+001  0.000E+000
 4.330E+013  1.000E-008  6.236E+001  0.000E+000
 4.350E+013  1.000E-008  6.236E+001  0.000E+000
 4.370E+013  1.000E-008  6.236E+001  0.000E+000
 4.390E+013  1.000E-008  6.236E+001  0.000E+000
 4.410E+013  1.000E-008  6.236E+001  0.000E+000
 4.430E+013  1.000E-008  6.236E+001  0.000E+000
 4.450E+013  1.000E-008  6.236E+001  0.000E+000
 4.470E+013  1.000E-008  6.236E+001  6.608E-013
 4.490E+013  1.000E-008  6.236E+001 -6.049E-034
 4.510E+013  1.000E-008  6.236E+001 -6.608E-013
 4.530E+013  1.000E-008  6.236E+001 -7.790E-292
 4.550E+013  1.000E-008  6.236E+001 -1.146E-142
 4.570E+013  1.000E-008  6.236E+001 -3.048E-068
 4.590E+013  1.000E-008  6.236E+001 -3.390E-031
 4.610E+013  1.000E-008  6.236E+001 -6.608E-013
 4.630E+013  1.000E-008  6.236E+001  6.608E-013
 4.650E+013  1.000E-008  6.236E+001  6.608E-013
 4.670E+013  1.000E-008  6.236E+001 -6.608E-013
 4.690E+013  1.000E-008  6.236E+001  6.608E-013
 4.710E+013  1.000E-008  6.236E+001 -6.608E-013
 4.730E+013  1.000E-008  6.236E+001  0.000E+000
 4.750E+013  1.000E-008  6.236E+001  0.000E+000
 4.770E+013  1.000E-008  6.236E+001  0.000E+000
 4.790E+013  1.000E-008  6.236E+001  6.608E-013
 4.810E+013  1.000E-008  6.236E+001 -6.608E-013
 4.830E+013  1.000E-008  6.236E+001 -2.811E-034
 4.850E+013  1.000E-008  6.236E+001  6.608E-013
 4.870E+013  1.000E-008  6.236E+001 -6.608E-013
 4.890E+013  1.000E-008  6.236E+001  0.000E+000
 4.910E+013  1.000E-008  6.236E+001  0.000E+000
 4.930E+013  1.000E-008  6.236E+001  0.000E+000
 4.950E+013  1.000E-008  6.236E+001  0.000E+000
 4.970E+013  1.000E-008  6.236E+001  0.000E+000
 4.990E+013  1.000E-008  6.236E+001  1.322E-012
 5.010E+013  1.000E-008  6.236E+001 -1.982E-012
 5.030E+013  1.000E-008  6.236E+001  6.608E-013
 5.050E+013  1.000E-008  6.236E+001  3.385E-031
 5.070E+013  1.000E-008  6.236E+001  3.038E-068
 5.090E+013  1.000E-008  6.236E+001  1.138E-142
 5.110E+013  1.000E-008  6.236E+001  6.608E-013
 5.130E+013  1.000E-008  6.236E+001 -6.608E-013
 5.150E+013  1.000E-008  6.236E+001  0.000E+000
 5.170E+013  1.000E-008  6.236E+001  0.000E+000
 5.190E+013  1.000E-008  6.236E+001 -7.783E-292
 5.210E+013  1.000E-008  6.236E+001 -1.145E-142
 5.230E+013  1.000E-008  6.236E+001 -3.047E-068
 5.250E+013  1.000E-008  6.236E+001 -3.390E-031
 5.270E+013  1.000E-008  6.236E+001 -6.608E-013
 5.290E+013  1.000E-008  6.236E+001  6.608E-013
 5.310E+013  1.000E-008  6.236E+001  3.385E-031
 5.330E+013  1.000E-008  6.236E+001  3.038E-068
 5.350E+013  1.000E-008  6.236E+001  1.322E-012
 5.370E+013  1.000E-008  6.236E+001 -1.322E-012
 5.390E+013  1.000E-008  6.236E+001  4.466E-032
 5.410E+013  1.000E-008  6.236E+001  6.608E-013
 5.430E+013  1.000E-008  6.236E+001  6.608E-013
 5.450E+013  1.000E-008  6.236E+001  6.608E-013
 5.470E+013  1.000E-008  6.236E+001 -1.982E-012
 5.490E+013  1.000E-008  6.236E+001 -3.390E-031
 5.510E+013  1.000E-008  6.236E+001 -6.608E-013
 5.530E+013  1.000E-008  6.236E+001  1.322E-012
 5.550E+013  1.000E-008  6.236E+001 -2.643E-012
 5.570E+013  1.000E-008  6.236E+001  1.322E-012
 5.590E+013  1.000E-008  6.236E+001  6.608E-013
 5.610E+013  1.000E-008  6.236E+001 -6.608E-013
 5.630E+013  1.000E-008  6.236E+001  6.608E-013
 5.650E+013  1.000E-008  6.236E+001 -3.965E-012
 5.670E+013  1.000E-008  6.236E+001  3.965E-012
 5.690E+013  1.000E-008  6.236E+001  3.965E-012
 5.710E+013  1.000E-008  6.236E+001 -3.965E-012
 5.730E+013  1.000E-008  6.236E+001  4.626E-012
 5.750E+013  1.000E-008  6.236E+001 -9.912E-012
 5.770E+013  1.000E-008  6.236E+001 -6.608E-013
 5.790E+013  1.000E-008  6.236E+001  5.947E-012
 5.810E+013  1.000E-008  6.236E+001  3.167E-011
 5.830E+013  1.000E-008  6.236E+001 -3.167E-011
 5.850E+013  1.000E-008  6.236E+001  0.000E+000
 5.870E+013  1.000E-008  6.236E+001  0.000E+000
 5.890E+013  1.000E-008  6.236E+001  0.000E+000
 5.910E+013  1.000E-008  6.236E+001  0.000E+000
 5.930E+013  1.000E-008  6.236E+001  0.000E+000
 5.950E+013  1.000E-008  6.236E+001  0.000E+000
 5.970E+013  1.000E-008  6.236E+001  0.000E+000
 5.990E+013  1.000E-008  6.236E+001  0.000E+000
 6.010E+013  1.000E-008  6.236E+001  0.000E+000
 6.030E+013  1.000E-008  6.236E+001  6.608E-013
 6.050E+013  1.000E-008  6.236E+001 -6.608E-013
 6.070E+013  1.000E-008  6.236E+001  6.608E-013
 6.090E+013  1.000E-008  6.236E+001 -6.608E-013
 6.110E+013  1.000E-008  6.236E+001  0.000E+000
 6.130E+013  1.000E-008  6.236E+001  0.000E+000
 6.150E+013  1.000E-008  6.236E+001  0.000E+000
 6.170E+013  1.000E-008  6.236E+001  6.608E-013
 6.190E+013  1.000E-008  6.236E+001 -6.608E-013
 6.210E+013  1.000E-008  6.236E+001  0.000E+000
 6.230E+013  1.000E-008  6.236E+001  0.000E+000
 6.250E+013  1.000E-008  6.236E+001  0.000E+000
 6.270E+013  1.000E-008  6.236E+001  0.000E+000
 6.290E+013  1.000E-008  6.236E+001  0.000E+000
 6.310E+013  1.000E-008  6.236E+001  0.000E+000
 6.330E+013  1.000E-008  6.236E+001  0.000E+000
 6.350E+013  1.000E-008  6.236E+001  6.608E-013
 6.370E+013  1.000E-008  6.236E+001 -6.608E-013
 6.390E+013  1.000E-008  6.236E+001  0.000E+000
 6.410E+013  1.000E-008  6.236E+001  0.000E+000
 6.430E+013  1.000E-008  6.236E+001  0.000E+000
 6.450E+013  1.000E-008  6.236E+001  0.000E+000
 6.470E+013  1.000E-008  6.236E+001  6.608E-013
 6.490E+013  1.000E-008  6.236E+001 -6.608E-013
 6.510E+013  1.000E-008  6.236E+001  0.000E+000
 6.530E+013  1.000E-008  6.236E+001  0.000E+000
 6.550E+013  1.000E-008  6.236E+001  0.000E+000
 6.570E+013  1.000E-008  6.236E+001  0.000E+000
 6.590E+013  1.000E-008  6.236E+001  6.608E-013
 6.610E+013  1.000E-008  6.236E+001 -6.608E-013
 6.630E+013  1.000E-008  6.236E+001  0.000E+000
 6.650E+013  1.000E-008  6.236E+001  0.000E+000
 6.670E+013  1.000E-008  6.236E+001  0.000E+000
 6.690E+013  1.000E-008  6.236E+001  6.608E-013
 6.710E+013  1.000E-008  6.236E+001 -6.608E-013
 6.730E+013  1.000E-008  6.236E+001  0.000E+000
 6.750E+013  1.000E-008  6.236E+001  0.000E+000
 6.770E+013  1.000E-008  6.236E+001  6.608E-013
 6.790E+013  1.000E-008  6.236E+001 -6.608E-013
 6.810E+013  1.000E-008  6.236E+001  6.608E-013
 6.830E+013  1.000E-008  6.236E+001 -3.974E-034
 6.850E+013  1.000E-008  6.236E+001 -6.608E-013
 6.870E+013  1.000E-008  6.236E+001  0.000E+000
 6.890E+013  1.000E-008  6.236E+001  0.000E+000
 6.910E+013  1.000E-008  6.236E+001  0.000E+000
 6.930E+013  1.000E-008  6.236E+001  6.608E-013
 6.950E+013  1.000E-008  6.236E+001 -6.608E-013
 6.970E+013  1.000E-008  6.236E+001  0.000E+000
 6.990E+013  1.000E-008  6.236E+001  0.000E+000
 7.010E+013  1.000E-008  6.236E+001  0.000E+000
 7.030E+013  1.000E-008  6.236E+001  0.000E+000
 7.050E+013  1.000E-008  6.236E+001  0.000E+000
 7.070E+013  1.000E-008  6.236E+001  0.000E+000
 7.090E+013  1.000E-008  6.236E+001  0.000E+000
 7.110E+013  1.000E-008  6.236E+001  0.000E+000
 7.130E+013  1.000E-008  6.236E+001  0.000E+000
 7.150E+013  1.000E-008  6.236E+001  0.000E+000
 7.170E+013  1.000E-008  6.236E+001  0.000E+000
 7.190E+013  1.000E-008  6.236E+001  6.608E-013
 7.210E+013  1.000E-008  6.236E+001 -6.608E-013
 7.230E+013  1.000E-008  6.236E+001  0.000E+000
 7.250E+013  1.000E-008  6.236E+001  0.000E+000
 7.270E+013  1.000E-008  6.236E+001  1.322E-012
 7.290E+013  1.000E-008  6.236E+001 -1.489E-033
 7.310E+013  1.000E-008  6.236E+001 -1.322E-012
 7.330E+013  1.000E-008  6.236E+001 -3.389E-031
 7.350E+013  1.000E-008  6.236E+001 -6.608E-013
 7.370E+013  1.000E-008  6.236E+001  6.608E-013
 7.390E+013  1.000E-008  6.236E+001  3.386E-031
 7.410E+013  1.000E-008  6.236E+001  3.039E-068
 7.430E+013  1.000E-008  6.236E+001  1.139E-142
 7.450E+013  1.000E-008  6.236E+001  7.702E-292
 7.470E+013  1.000E-008  6.236E+001  0.000E+000
 7.490E+013  1.000E-008  6.236E+001  0.000E+000
 7.510E+013  1.000E-008  6.236E+001  0.000E+000
 7.530E+013  1.000E-008  6.236E+001  0.000E+000
 7.550E+013  1.000E-008  6.236E+001  0.000E+000
 7.570E+013  1.000E-008  6.236E+001  0.000E+000
 7.590E+013  1.000E-008  6.236E+001  0.000E+000
 7.610E+013  1.000E-008  6.236E+001  0.000E+000
 7.630E+013  1.000E-008  6.236E+001  0.000E+000
 7.650E+013  1.000E-008  6.236E+001  0.000E+000
 7.670E+013  1.000E-008  6.236E+001  1.322E-012
 7.690E+013  1.000E-008  6.236E+001 -1.322E-012
 7.710E+013  1.000E-008  6.236E+001  1.982E-012
 7.730E+013  1.000E-008  6.236E+001 -1.982E-012
 7.750E+013  1.000E-008  6.236E+001  8.025E-032
 7.770E+013  1.000E-008  6.236E+001  1.322E-012
 7.790E+013  1.000E-008  6.236E+001 -3.965E-012
 7.810E+013  1.000E-008  6.236E+001  3.965E-012
 7.830E+013  1.000E-008  6.236E+001 -1.322E-012
 7.850E+013  1.000E-008  6.236E+001 -2.147E-068
 7.870E+013  1.000E-008  6.236E+001 -2.846E-031
 7.890E+013  1.000E-008  6.236E+001 -6.608E-013
 7.910E+013  1.000E-008  6.236E+001 -3.304E-012
 7.930E+013  1.000E-008  6.236E+001  1.982E-012
 7.950E+013  1.000E-008  6.236E+001  1.982E-012
 7.970E+013  1.000E-008  6.236E+001 -2.643E-012
 7.990E+013  1.000E-008  6.236E+001  2.643E-012
 8.010E+013  1.000E-008  6.236E+001  5.417E-030
 8.030E+013  1.000E-008  6.236E+001  7.781E-066
 8.050E+013  1.000E-008  6.236E+001  7.468E-138
 8.070E+013  1.000E-008  6.236E+001 -3.563E-275
 8.090E+013  1.000E-008  6.236E+001 -2.451E-134
 8.110E+013  1.000E-008  6.236E+001 -4.457E-064
 8.130E+013  1.000E-008  6.236E+001 -4.100E-029
 8.150E+013  1.000E-008  6.236E+001 -7.269E-012
 8.170E+013  1.000E-008  6.236E+001  9.251E-012
 8.190E+013  1.000E-008  6.236E+001 -1.982E-012
 8.210E+013  1.000E-008  6.236E+001  0.000E+000
 8.230E+013  1.000E-008  6.236E+001  0.000E+000
 8.250E+013  1.000E-008  6.236E+001  0.000E+000
 8.270E+013  1.000E-008  6.236E+001  0.000E+000
 8.290E+013  1.000E-008  6.236E+001  2.643E-012
 8.310E+013  1.000E-008  6.236E+001 -2.643E-012
 8.330E+013  1.000E-008  6.236E+001 -3.291E-031
 8.350E+013  1.000E-008  6.236E+001  3.965E-012
 8.370E+013  1.000E-008  6.236E+001 -3.304E-012
 8.390E+013  1.000E-008  6.236E+001 -3.389E-031
 8.410E+013  1.000E-008  6.236E+001 -6.608E-013
 8.430E+013  1.000E-008  6.236E+001  6.608E-013
 8.450E+013  1.000E-008  6.236E+001 -3.211E-034
 8.470E+013  1.000E-008  6.236E+001 -6.608E-013
 8.490E+013  1.000E-008  6.236E+001 -1.598E-034
 8.510E+013  1.000E-008  6.236E+001  6.608E-013
 8.530E+013  1.000E-008  6.236E+001 -3.181E-034
 8.550E+013  1.000E-008  6.236E+001 -6.608E-013
 8.570E+013  1.000E-008  6.236E+001 -1.583E-034
 8.590E+013  1.000E-008  6.236E+001  6.608E-013
 8.610E+013  1.000E-008  6.236E+001 -6.608E-013
 8.630E+013  1.000E-008  6.236E+001  0.000E+000
 8.650E+013  1.000E-008  6.236E+001  0.000E+000
 8.670E+013  1.000E-008  6.236E+001  0.000E+000
 8.690E+013  1.000E-008  6.236E+001  0.000E+000
 8.710E+013  1.000E-008  6.236E+001  0.000E+000
 8.730E+013  1.000E-008  6.236E+001  0.000E+000
 8.750E+013  1.000E-008  6.236E+001  6.608E-013
 8.770E+013  1.000E-008  6.236E+001 -6.608E-013
 8.790E+013  1.000E-008  6.236E+001 -1.543E-034
 8.810E+013  1.000E-008  6.236E+001  6.608E-013
 8.830E+013  1.000E-008  6.236E+001 -6.608E-013
 8.850E+013  1.000E-008  6.236E+001  6.608E-013
 8.870E+013  1.000E-008  6.236E+001  6.608E-013
 8.890E+013  1.000E-008  6.236E+001 -1.322E-012
 8.910E+013  1.000E-008  6.236E+001  0.000E+000
 8.930E+013  1.000E-008  6.236E+001  0.000E+000
 8.950E+013  1.000E-008  6.236E+001  0.000E+000
 8.970E+013  1.000E-008  6.236E+001  0.000E+000
 8.990E+013  1.000E-008  6.236E+001  0.000E+000
 9.010E+013  1.000E-008  6.236E+001  6.608E-013
 9.030E+013  1.000E-008  6.236E+001 -3.004E-034
 9.050E+013  1.000E-008  6.236E+001 -6.608E-013
 9.070E+013  1.000E-008  6.236E+001  6.608E-013
 9.090E+013  1.000E-008  6.236E+001 -2.985E-034
 9.110E+013  1.000E-008  6.236E+001 -6.608E-013
 9.130E+013  1.000E-008  6.236E+001  0.000E+000
 9.150E+013  1.000E-008  6.236E+001  0.000E+000
 9.170E+013  1.000E-008  6.236E+001  0.000E+000
 9.190E+013  1.000E-008  6.236E+001  0.000E+000
 9.210E+013  1.000E-008  6.236E+001  0.000E+000
 9.230E+013  1.000E-008  6.236E+001  6.608E-013
 9.250E+013  1.000E-008  6.236E+001 -2.933E-034
 9.270E+013  1.000E-008  6.236E+001 -6.608E-013
 9.290E+013  1.000E-008  6.236E+001  0.000E+000
 9.310E+013  1.000E-008  6.236E+001  0.000E+000
 9.330E+013  1.000E-008  6.236E+001  0.000E+000
 9.350E+013  1.000E-008  6.236E+001  0.000E+000
 9.370E+013  1.000E-008  6.236E+001  6.608E-013
 9.390E+013  1.000E-008  6.236E+001 -6.608E-013
 9.410E+013  1.000E-008  6.236E+001  6.608E-013
 9.430E+013  1.000E-008  6.236E+001 -6.608E-013
 9.450E+013  1.000E-008  6.236E+001  0.000E+000
 9.470E+013  1.000E-008  6.236E+001  0.000E+000
 9.490E+013  1.000E-008  6.236E+001  0.000E+000
 9.510E+013  1.000E-008  6.236E+001  0.000E+000
 9.530E+013  1.000E-008  6.236E+001  6.608E-013
 9.550E+013  1.000E-008  6.236E+001 -6.608E-013
 9.570E+013  1.000E-008  6.236E+001 -3.045E-068
 9.590E+013  1.000E-008  6.236E+001 -3.389E-031
 9.610E+013  1.000E-008  6.236E+001 -6.608E-013
 9.630E+013  1.000E-008  6.236E+001  6.608E-013
 9.650E+013  1.000E-008  6.236E+001  3.386E-031
 9.670E+013  1.000E-008  6.236E+001  6.608E-013
 9.690E+013  1.000E-008  6.236E+001 -6.608E-013
 9.710E+013  1.000E-008  6.236E+001  0.000E+000
 9.730E+013  1.000E-008  6.236E+001  0.000E+000
 9.750E+013  1.000E-008  6.236E+001  0.000E+000
 9.770E+013  1.000E-008  6.236E+001  0.000E+000
 9.790E+013  1.000E-008  6.236E+001  0.000E+000
 9.810E+013  1.000E-008  6.236E+001  0.000E+000
 9.830E+013  1.000E-008  6.236E+001  0.000E+000
 9.850E+013  1.000E-008  6.236E+001  0.000E+000
 9.870E+013  1.000E-008  6.236E+001  0.000E+000
 9.890E+013  1.000E-008  6.236E+001  0.000E+000
 9.910E+013  1.000E-008  6.236E+001  0.000E+000
 9.930E+013  1.000E-008  6.236E+001  0.000E+000
 9.950E+013  1.000E-008  6.236E+001  6.608E-013
 9.970E+013  1.000E-008  6.236E+001 -6.608E-013
 9.990E+013  1.000E-008  6.236E+001  0.000E+000
 1.001E+014  1.000E-099  1.000E-099  0.000E+000
 1.003E+014  1.000E-099  1.000E-099  0.000E+000
 5.898E-003
