 3.604E+004
     x1b        dens       energ       v1
 1.000E+011  5.461E-011  5.968E+007  0.000E+000
 3.000E+011  5.521E-011  5.968E+007  2.836E+006
 5.000E+011  5.682E-011  5.967E+007  2.009E+006
 7.000E+011  5.922E-011  5.968E+007  4.109E+006
 9.000E+011  6.184E-011  5.968E+007  5.108E+006
 1.100E+012  6.434E-011  5.968E+007  6.533E+006
 1.300E+012  6.630E-011  5.968E+007  7.765E+006
 1.500E+012  6.708E-011  5.969E+007  9.074E+006
 1.700E+012  6.713E-011  5.969E+007  1.037E+007
 1.900E+012  6.709E-011  5.970E+007  1.168E+007
 2.100E+012  6.693E-011  5.970E+007  1.297E+007
 2.300E+012  6.671E-011  5.971E+007  1.426E+007
 2.500E+012  6.666E-011  5.971E+007  1.556E+007
 2.700E+012  6.670E-011  5.972E+007  1.687E+007
 2.900E+012  6.686E-011  5.973E+007  1.816E+007
 3.100E+012  6.728E-011  5.973E+007  1.946E+007
 3.300E+012  6.814E-011  5.974E+007  2.076E+007
 3.500E+012  6.964E-011  5.975E+007  2.206E+007
 3.700E+012  7.202E-011  5.976E+007  2.337E+007
 3.900E+012  7.556E-011  5.977E+007  2.467E+007
 4.100E+012  8.066E-011  5.979E+007  2.597E+007
 4.300E+012  8.784E-011  5.980E+007  2.729E+007
 4.500E+012  9.780E-011  5.982E+007  2.861E+007
 4.700E+012  1.115E-010  5.984E+007  2.993E+007
 4.900E+012  1.301E-010  5.986E+007  3.127E+007
 5.100E+012  1.553E-010  5.989E+007  3.261E+007
 5.300E+012  1.888E-010  5.992E+007  3.396E+007
 5.500E+012  2.327E-010  5.997E+007  3.531E+007
 5.700E+012  2.887E-010  6.003E+007  3.665E+007
 5.900E+012  3.576E-010  6.010E+007  3.798E+007
 6.100E+012  4.394E-010  6.020E+007  3.930E+007
 6.300E+012  5.328E-010  6.032E+007  4.061E+007
 6.500E+012  6.358E-010  6.048E+007  4.192E+007
 6.700E+012  7.463E-010  6.066E+007  4.323E+007
 6.900E+012  8.630E-010  6.089E+007  4.456E+007
 7.100E+012  9.859E-010  6.115E+007  4.591E+007
 7.300E+012  1.116E-009  6.147E+007  4.727E+007
 7.500E+012  1.254E-009  6.183E+007  4.866E+007
 7.700E+012  1.405E-009  6.226E+007  5.008E+007
 7.900E+012  1.571E-009  6.275E+007  5.152E+007
 8.100E+012  1.757E-009  6.331E+007  5.299E+007
 8.300E+012  1.967E-009  6.397E+007  5.450E+007
 8.500E+012  2.207E-009  6.474E+007  5.604E+007
 8.700E+012  2.482E-009  6.563E+007  5.763E+007
 8.900E+012  2.795E-009  6.667E+007  5.926E+007
 9.100E+012  3.153E-009  6.789E+007  6.094E+007
 9.300E+012  3.558E-009  6.931E+007  6.267E+007
 9.500E+012  4.016E-009  7.096E+007  6.446E+007
 9.700E+012  4.530E-009  7.289E+007  6.630E+007
 9.900E+012  5.111E-009  7.515E+007  6.823E+007
 1.010E+013  5.768E-009  7.777E+007  7.023E+007
 1.030E+013  6.518E-009  8.081E+007  7.230E+007
 1.050E+013  7.382E-009  8.432E+007  7.442E+007
 1.070E+013  8.395E-009  8.842E+007  7.661E+007
 1.090E+013  9.598E-009  9.332E+007  7.894E+007
 1.110E+013  1.103E-008  9.895E+007  8.135E+007
 1.130E+013  1.276E-008  1.057E+008  8.376E+007
 1.150E+013  1.490E-008  1.143E+008  8.651E+007
 1.170E+013  1.738E-008  1.230E+008  8.926E+007
 1.190E+013  2.030E-008  1.324E+008  9.107E+007
 1.210E+013  2.491E-008  1.547E+008  9.438E+007
 1.230E+013  2.983E-008  1.761E+008  1.010E+008
 1.250E+013  2.995E-008  1.492E+008  1.004E+008
 1.270E+013  2.290E-008  6.878E+007  8.686E+007
 1.290E+013  1.399E-008  1.055E+007  5.626E+007
 1.310E+013  1.064E-008  2.025E+005  1.929E+007
 1.330E+013  1.002E-008  8.046E+001  1.244E+006
 1.350E+013  1.000E-008  6.236E+001  1.906E+003
 1.370E+013  1.000E-008  6.236E+001  1.413E-003
 1.390E+013  1.000E-008  6.236E+001  1.513E-012
 1.410E+013  1.000E-008  6.236E+001 -5.121E-013
 1.430E+013  1.000E-008  6.236E+001 -1.919E-012
 1.450E+013  1.000E-008  6.236E+001  1.919E-012
 1.470E+013  1.000E-008  6.236E+001  3.841E-013
 1.490E+013  1.000E-008  6.236E+001 -3.841E-013
 1.510E+013  1.000E-008  6.236E+001  0.000E+000
 1.530E+013  1.000E-008  6.236E+001  0.000E+000
 1.550E+013  1.000E-008  6.236E+001  0.000E+000
 1.570E+013  1.000E-008  6.236E+001  0.000E+000
 1.590E+013  1.000E-008  6.236E+001  1.280E-013
 1.610E+013  1.000E-008  6.236E+001 -1.234E-035
 1.630E+013  1.000E-008  6.236E+001 -1.280E-013
 1.650E+013  1.000E-008  6.236E+001 -1.280E-013
 1.670E+013  1.000E-008  6.236E+001  1.280E-013
 1.690E+013  1.000E-008  6.236E+001  2.463E-033
 1.710E+013  1.000E-008  6.236E+001  3.100E-073
 1.730E+013  1.000E-008  6.236E+001  2.267E-153
 1.750E+013  1.000E-008  6.236E+001  5.484E-314
 1.770E+013  1.000E-008  6.236E+001  0.000E+000
 1.790E+013  1.000E-008  6.236E+001  0.000E+000
 1.810E+013  1.000E-008  6.236E+001  0.000E+000
 1.830E+013  1.000E-008  6.236E+001  1.280E-013
 1.850E+013  1.000E-008  6.236E+001 -1.280E-013
 1.870E+013  1.000E-008  6.236E+001  5.121E-013
 1.890E+013  1.000E-008  6.236E+001 -7.681E-013
 1.910E+013  1.000E-008  6.236E+001  5.121E-013
 1.930E+013  1.000E-008  6.236E+001 -2.561E-013
 1.950E+013  1.000E-008  6.236E+001  0.000E+000
 1.970E+013  1.000E-008  6.236E+001  0.000E+000
 1.990E+013  1.000E-008  6.236E+001  0.000E+000
 2.010E+013  1.000E-008  6.236E+001  0.000E+000
 2.030E+013  1.000E-008  6.236E+001  0.000E+000
 2.050E+013  1.000E-008  6.236E+001  0.000E+000
 2.070E+013  1.000E-008  6.236E+001  0.000E+000
 2.090E+013  1.000E-008  6.236E+001  1.280E-013
 2.110E+013  1.000E-008  6.236E+001 -9.406E-036
 2.130E+013  1.000E-008  6.236E+001 -1.280E-013
 2.150E+013  1.000E-008  6.236E+001  0.000E+000
 2.170E+013  1.000E-008  6.236E+001  0.000E+000
 2.190E+013  1.000E-008  6.236E+001  0.000E+000
 2.210E+013  1.000E-008  6.236E+001  0.000E+000
 2.230E+013  1.000E-008  6.236E+001  0.000E+000
 2.250E+013  1.000E-008  6.236E+001  0.000E+000
 2.270E+013  1.000E-008  6.236E+001  1.280E-013
 2.290E+013  1.000E-008  6.236E+001 -8.663E-036
 2.310E+013  1.000E-008  6.236E+001 -1.280E-013
 2.330E+013  1.000E-008  6.236E+001  0.000E+000
 2.350E+013  1.000E-008  6.236E+001  0.000E+000
 2.370E+013  1.000E-008  6.236E+001  1.280E-013
 2.390E+013  1.000E-008  6.236E+001 -1.280E-013
 2.410E+013  1.000E-008  6.236E+001  0.000E+000
 2.430E+013  1.000E-008  6.236E+001  0.000E+000
 2.450E+013  1.000E-008  6.236E+001  0.000E+000
 2.470E+013  1.000E-008  6.236E+001  1.280E-013
 2.490E+013  1.000E-008  6.236E+001 -1.280E-013
 2.510E+013  1.000E-008  6.236E+001  1.280E-013
 2.530E+013  1.000E-008  6.236E+001 -1.280E-013
 2.550E+013  1.000E-008  6.236E+001 -3.888E-309
 2.570E+013  1.000E-008  6.236E+001 -5.896E-151
 2.590E+013  1.000E-008  6.236E+001 -4.999E-072
 2.610E+013  1.000E-008  6.236E+001 -9.891E-033
 2.630E+013  1.000E-008  6.236E+001 -2.561E-013
 2.650E+013  1.000E-008  6.236E+001  2.561E-013
 2.670E+013  1.000E-008  6.236E+001  9.861E-033
 2.690E+013  1.000E-008  6.236E+001  4.969E-072
 2.710E+013  1.000E-008  6.236E+001  1.280E-013
 2.730E+013  1.000E-008  6.236E+001 -1.280E-013
 2.750E+013  1.000E-008  6.236E+001  3.841E-013
 2.770E+013  1.000E-008  6.236E+001 -3.841E-013
 2.790E+013  1.000E-008  6.236E+001  0.000E+000
 2.810E+013  1.000E-008  6.236E+001  0.000E+000
 2.830E+013  1.000E-008  6.236E+001  6.401E-013
 2.850E+013  1.000E-008  6.236E+001 -1.280E-013
 2.870E+013  1.000E-008  6.236E+001 -5.121E-013
 2.890E+013  1.000E-008  6.236E+001 -3.866E-033
 2.910E+013  1.000E-008  6.236E+001  8.961E-013
 2.930E+013  1.000E-008  6.236E+001 -8.961E-013
 2.950E+013  1.000E-008  6.236E+001  0.000E+000
 2.970E+013  1.000E-008  6.236E+001  0.000E+000
 2.990E+013  1.000E-008  6.236E+001  0.000E+000
 3.010E+013  1.000E-008  6.236E+001  1.280E-013
 3.030E+013  1.000E-008  6.236E+001 -1.280E-013
 3.050E+013  1.000E-008  6.236E+001  1.280E-013
 3.070E+013  1.000E-008  6.236E+001 -1.280E-013
 3.090E+013  1.000E-008  6.236E+001  1.280E-013
 3.110E+013  1.000E-008  6.236E+001  1.280E-013
 3.130E+013  1.000E-008  6.236E+001 -2.561E-013
 3.150E+013  1.000E-008  6.236E+001  0.000E+000
 3.170E+013  1.000E-008  6.236E+001  0.000E+000
 3.190E+013  1.000E-008  6.236E+001  0.000E+000
 3.210E+013  1.000E-008  6.236E+001  0.000E+000
 3.230E+013  1.000E-008  6.236E+001  0.000E+000
 3.250E+013  1.000E-008  6.236E+001  0.000E+000
 3.270E+013  1.000E-008  6.236E+001 -5.781E-314
 3.290E+013  1.000E-008  6.236E+001 -2.300E-153
 3.310E+013  1.000E-008  6.236E+001 -3.122E-073
 3.330E+013  1.000E-008  6.236E+001 -2.472E-033
 3.350E+013  1.000E-008  6.236E+001 -1.280E-013
 3.370E+013  1.000E-008  6.236E+001  1.280E-013
 3.390E+013  1.000E-008  6.236E+001  2.466E-033
 3.410E+013  1.000E-008  6.236E+001  3.108E-073
 3.430E+013  1.000E-008  6.236E+001  2.278E-153
 3.450E+013  1.000E-008  6.236E+001  2.561E-013
 3.470E+013  1.000E-008  6.236E+001 -2.561E-013
 3.490E+013  1.000E-008  6.236E+001  0.000E+000
 3.510E+013  1.000E-008  6.236E+001  0.000E+000
 3.530E+013  1.000E-008  6.236E+001  0.000E+000
 3.550E+013  1.000E-008  6.236E+001  0.000E+000
 3.570E+013  1.000E-008  6.236E+001  2.561E-013
 3.590E+013  1.000E-008  6.236E+001 -1.280E-013
 3.610E+013  1.000E-008  6.236E+001 -2.472E-033
 3.630E+013  1.000E-008  6.236E+001 -1.280E-013
 3.650E+013  1.000E-008  6.236E+001 -1.280E-013
 3.670E+013  1.000E-008  6.236E+001  1.280E-013
 3.690E+013  1.000E-008  6.236E+001  1.280E-013
 3.710E+013  1.000E-008  6.236E+001 -1.280E-013
 3.730E+013  1.000E-008  6.236E+001 -2.655E-036
 3.750E+013  1.000E-008  6.236E+001  1.280E-013
 3.770E+013  1.000E-008  6.236E+001 -1.280E-013
 3.790E+013  1.000E-008  6.236E+001  0.000E+000
 3.810E+013  1.000E-008  6.236E+001  0.000E+000
 3.830E+013  1.000E-008  6.236E+001  1.280E-013
 3.850E+013  1.000E-008  6.236E+001 -1.280E-013
 3.870E+013  1.000E-008  6.236E+001 -2.472E-033
 3.890E+013  1.000E-008  6.236E+001 -1.280E-013
 3.910E+013  1.000E-008  6.236E+001 -7.483E-034
 3.930E+013  1.000E-008  6.236E+001  3.841E-013
 3.950E+013  1.000E-008  6.236E+001 -1.280E-013
 3.970E+013  1.000E-008  6.236E+001  3.841E-013
 3.990E+013  1.000E-008  6.236E+001 -5.121E-013
 4.010E+013  1.000E-008  6.236E+001  0.000E+000
 4.030E+013  1.000E-008  6.236E+001  0.000E+000
 4.050E+013  1.000E-008  6.236E+001  0.000E+000
 4.070E+013  1.000E-008  6.236E+001  0.000E+000
 4.090E+013  1.000E-008  6.236E+001  4.713E-012
 4.110E+013  1.000E-008  6.236E+001 -4.713E-012
 4.130E+013  1.000E-008  6.236E+001  3.321E-012
 4.150E+013  1.000E-008  6.236E+001 -3.321E-012
 4.170E+013  1.000E-008  6.236E+001  1.152E-012
 4.190E+013  1.000E-008  6.236E+001 -1.024E-012
 4.210E+013  1.000E-008  6.236E+001 -2.471E-033
 4.230E+013  1.000E-008  6.236E+001 -1.280E-013
 4.250E+013  1.000E-008  6.236E+001  0.000E+000
 4.270E+013  1.000E-008  6.236E+001  0.000E+000
 4.290E+013  1.000E-008  6.236E+001  0.000E+000
 4.310E+013  1.000E-008  6.236E+001  0.000E+000
 4.330E+013  1.000E-008  6.236E+001  0.000E+000
 4.350E+013  1.000E-008  6.236E+001  0.000E+000
 4.370E+013  1.000E-008  6.236E+001  0.000E+000
 4.390E+013  1.000E-008  6.236E+001  0.000E+000
 4.410E+013  1.000E-008  6.236E+001  0.000E+000
 4.430E+013  1.000E-008  6.236E+001  0.000E+000
 4.450E+013  1.000E-008  6.236E+001  0.000E+000
 4.470E+013  1.000E-008  6.236E+001  1.280E-013
 4.490E+013  1.000E-008  6.236E+001 -4.409E-036
 4.510E+013  1.000E-008  6.236E+001 -1.280E-013
 4.530E+013  1.000E-008  6.236E+001 -5.731E-314
 4.550E+013  1.000E-008  6.236E+001 -2.297E-153
 4.570E+013  1.000E-008  6.236E+001 -3.120E-073
 4.590E+013  1.000E-008  6.236E+001 -2.471E-033
 4.610E+013  1.000E-008  6.236E+001 -1.280E-013
 4.630E+013  1.000E-008  6.236E+001  1.280E-013
 4.650E+013  1.000E-008  6.236E+001  1.280E-013
 4.670E+013  1.000E-008  6.236E+001 -1.280E-013
 4.690E+013  1.000E-008  6.236E+001  1.280E-013
 4.710E+013  1.000E-008  6.236E+001 -1.280E-013
 4.730E+013  1.000E-008  6.236E+001  0.000E+000
 4.750E+013  1.000E-008  6.236E+001  0.000E+000
 4.770E+013  1.000E-008  6.236E+001  0.000E+000
 4.790E+013  1.000E-008  6.236E+001  1.280E-013
 4.810E+013  1.000E-008  6.236E+001 -1.280E-013
 4.830E+013  1.000E-008  6.236E+001 -2.049E-036
 4.850E+013  1.000E-008  6.236E+001  1.280E-013
 4.870E+013  1.000E-008  6.236E+001 -1.280E-013
 4.890E+013  1.000E-008  6.236E+001  0.000E+000
 4.910E+013  1.000E-008  6.236E+001  0.000E+000
 4.930E+013  1.000E-008  6.236E+001  0.000E+000
 4.950E+013  1.000E-008  6.236E+001  0.000E+000
 4.970E+013  1.000E-008  6.236E+001  0.000E+000
 4.990E+013  1.000E-008  6.236E+001  2.561E-013
 5.010E+013  1.000E-008  6.236E+001 -3.841E-013
 5.030E+013  1.000E-008  6.236E+001  1.280E-013
 5.050E+013  1.000E-008  6.236E+001  2.467E-033
 5.070E+013  1.000E-008  6.236E+001  3.110E-073
 5.090E+013  1.000E-008  6.236E+001  2.282E-153
 5.110E+013  1.000E-008  6.236E+001  1.280E-013
 5.130E+013  1.000E-008  6.236E+001 -1.280E-013
 5.150E+013  1.000E-008  6.236E+001  0.000E+000
 5.170E+013  1.000E-008  6.236E+001  0.000E+000
 5.190E+013  1.000E-008  6.236E+001 -5.731E-314
 5.210E+013  1.000E-008  6.236E+001 -2.296E-153
 5.230E+013  1.000E-008  6.236E+001 -3.120E-073
 5.250E+013  1.000E-008  6.236E+001 -2.471E-033
 5.270E+013  1.000E-008  6.236E+001 -1.280E-013
 5.290E+013  1.000E-008  6.236E+001  1.280E-013
 5.310E+013  1.000E-008  6.236E+001  2.467E-033
 5.330E+013  1.000E-008  6.236E+001  3.110E-073
 5.350E+013  1.000E-008  6.236E+001  2.561E-013
 5.370E+013  1.000E-008  6.236E+001 -2.561E-013
 5.390E+013  1.000E-008  6.236E+001  3.255E-034
 5.410E+013  1.000E-008  6.236E+001  1.280E-013
 5.430E+013  1.000E-008  6.236E+001  1.280E-013
 5.450E+013  1.000E-008  6.236E+001  1.280E-013
 5.470E+013  1.000E-008  6.236E+001 -3.841E-013
 5.490E+013  1.000E-008  6.236E+001 -2.471E-033
 5.510E+013  1.000E-008  6.236E+001 -1.280E-013
 5.530E+013  1.000E-008  6.236E+001  2.561E-013
 5.550E+013  1.000E-008  6.236E+001 -5.121E-013
 5.570E+013  1.000E-008  6.236E+001  2.560E-013
 5.590E+013  1.000E-008  6.236E+001  1.280E-013
 5.610E+013  1.000E-008  6.236E+001 -1.280E-013
 5.630E+013  1.000E-008  6.236E+001  1.280E-013
 5.650E+013  1.000E-008  6.236E+001 -7.681E-013
 5.670E+013  1.000E-008  6.236E+001  7.681E-013
 5.690E+013  1.000E-008  6.236E+001  7.681E-013
 5.710E+013  1.000E-008  6.236E+001 -7.681E-013
 5.730E+013  1.000E-008  6.236E+001  8.961E-013
 5.750E+013  1.000E-008  6.236E+001 -1.920E-012
 5.770E+013  1.000E-008  6.236E+001 -1.280E-013
 5.790E+013  1.000E-008  6.236E+001  1.152E-012
 5.810E+013  1.000E-008  6.236E+001  6.095E-012
 5.830E+013  1.000E-008  6.236E+001 -6.095E-012
 5.850E+013  1.000E-008  6.236E+001  0.000E+000
 5.870E+013  1.000E-008  6.236E+001  0.000E+000
 5.890E+013  1.000E-008  6.236E+001  0.000E+000
 5.910E+013  1.000E-008  6.236E+001  0.000E+000
 5.930E+013  1.000E-008  6.236E+001  0.000E+000
 5.950E+013  1.000E-008  6.236E+001  0.000E+000
 5.970E+013  1.000E-008  6.236E+001  0.000E+000
 5.990E+013  1.000E-008  6.236E+001  0.000E+000
 6.010E+013  1.000E-008  6.236E+001  0.000E+000
 6.030E+013  1.000E-008  6.236E+001  1.280E-013
 6.050E+013  1.000E-008  6.236E+001 -1.280E-013
 6.070E+013  1.000E-008  6.236E+001  1.280E-013
 6.090E+013  1.000E-008  6.236E+001 -1.280E-013
 6.110E+013  1.000E-008  6.236E+001  0.000E+000
 6.130E+013  1.000E-008  6.236E+001  0.000E+000
 6.150E+013  1.000E-008  6.236E+001  0.000E+000
 6.170E+013  1.000E-008  6.236E+001  1.280E-013
 6.190E+013  1.000E-008  6.236E+001 -1.280E-013
 6.210E+013  1.000E-008  6.236E+001  0.000E+000
 6.230E+013  1.000E-008  6.236E+001  0.000E+000
 6.250E+013  1.000E-008  6.236E+001  0.000E+000
 6.270E+013  1.000E-008  6.236E+001  0.000E+000
 6.290E+013  1.000E-008  6.236E+001  0.000E+000
 6.310E+013  1.000E-008  6.236E+001  0.000E+000
 6.330E+013  1.000E-008  6.236E+001  0.000E+000
 6.350E+013  1.000E-008  6.236E+001  1.280E-013
 6.370E+013  1.000E-008  6.236E+001 -1.280E-013
 6.390E+013  1.000E-008  6.236E+001  0.000E+000
 6.410E+013  1.000E-008  6.236E+001  0.000E+000
 6.430E+013  1.000E-008  6.236E+001  0.000E+000
 6.450E+013  1.000E-008  6.236E+001  0.000E+000
 6.470E+013  1.000E-008  6.236E+001  1.280E-013
 6.490E+013  1.000E-008  6.236E+001 -1.280E-013
 6.510E+013  1.000E-008  6.236E+001  0.000E+000
 6.530E+013  1.000E-008  6.236E+001  0.000E+000
 6.550E+013  1.000E-008  6.236E+001  0.000E+000
 6.570E+013  1.000E-008  6.236E+001  0.000E+000
 6.590E+013  1.000E-008  6.236E+001  1.280E-013
 6.610E+013  1.000E-008  6.236E+001 -1.280E-013
 6.630E+013  1.000E-008  6.236E+001  0.000E+000
 6.650E+013  1.000E-008  6.236E+001  0.000E+000
 6.670E+013  1.000E-008  6.236E+001  0.000E+000
 6.690E+013  1.000E-008  6.236E+001  1.280E-013
 6.710E+013  1.000E-008  6.236E+001 -1.280E-013
 6.730E+013  1.000E-008  6.236E+001  0.000E+000
 6.750E+013  1.000E-008  6.236E+001  0.000E+000
 6.770E+013  1.000E-008  6.236E+001  1.280E-013
 6.790E+013  1.000E-008  6.236E+001 -1.280E-013
 6.810E+013  1.000E-008  6.236E+001  1.280E-013
 6.830E+013  1.000E-008  6.236E+001 -2.896E-036
 6.850E+013  1.000E-008  6.236E+001 -1.280E-013
 6.870E+013  1.000E-008  6.236E+001  0.000E+000
 6.890E+013  1.000E-008  6.236E+001  0.000E+000
 6.910E+013  1.000E-008  6.236E+001  0.000E+000
 6.930E+013  1.000E-008  6.236E+001  1.280E-013
 6.950E+013  1.000E-008  6.236E+001 -1.280E-013
 6.970E+013  1.000E-008  6.236E+001  0.000E+000
 6.990E+013  1.000E-008  6.236E+001  0.000E+000
 7.010E+013  1.000E-008  6.236E+001  0.000E+000
 7.030E+013  1.000E-008  6.236E+001  0.000E+000
 7.050E+013  1.000E-008  6.236E+001  0.000E+000
 7.070E+013  1.000E-008  6.236E+001  0.000E+000
 7.090E+013  1.000E-008  6.236E+001  0.000E+000
 7.110E+013  1.000E-008  6.236E+001  0.000E+000
 7.130E+013  1.000E-008  6.236E+001  0.000E+000
 7.150E+013  1.000E-008  6.236E+001  0.000E+000
 7.170E+013  1.000E-008  6.236E+001  0.000E+000
 7.190E+013  1.000E-008  6.236E+001  1.280E-013
 7.210E+013  1.000E-008  6.236E+001 -1.280E-013
 7.230E+013  1.000E-008  6.236E+001  0.000E+000
 7.250E+013  1.000E-008  6.236E+001  0.000E+000
 7.270E+013  1.000E-008  6.236E+001  2.561E-013
 7.290E+013  1.000E-008  6.236E+001 -1.085E-035
 7.310E+013  1.000E-008  6.236E+001 -2.561E-013
 7.330E+013  1.000E-008  6.236E+001 -2.470E-033
 7.350E+013  1.000E-008  6.236E+001 -1.280E-013
 7.370E+013  1.000E-008  6.236E+001  1.280E-013
 7.390E+013  1.000E-008  6.236E+001  2.468E-033
 7.410E+013  1.000E-008  6.236E+001  3.112E-073
 7.430E+013  1.000E-008  6.236E+001  2.284E-153
 7.450E+013  1.000E-008  6.236E+001  5.682E-314
 7.470E+013  1.000E-008  6.236E+001  0.000E+000
 7.490E+013  1.000E-008  6.236E+001  0.000E+000
 7.510E+013  1.000E-008  6.236E+001  0.000E+000
 7.530E+013  1.000E-008  6.236E+001  0.000E+000
 7.550E+013  1.000E-008  6.236E+001  0.000E+000
 7.570E+013  1.000E-008  6.236E+001  0.000E+000
 7.590E+013  1.000E-008  6.236E+001  0.000E+000
 7.610E+013  1.000E-008  6.236E+001  0.000E+000
 7.630E+013  1.000E-008  6.236E+001  0.000E+000
 7.650E+013  1.000E-008  6.236E+001  0.000E+000
 7.670E+013  1.000E-008  6.236E+001  2.561E-013
 7.690E+013  1.000E-008  6.236E+001 -2.561E-013
 7.710E+013  1.000E-008  6.236E+001  3.841E-013
 7.730E+013  1.000E-008  6.236E+001 -3.841E-013
 7.750E+013  1.000E-008  6.236E+001  5.849E-034
 7.770E+013  1.000E-008  6.236E+001  2.561E-013
 7.790E+013  1.000E-008  6.236E+001 -7.681E-013
 7.810E+013  1.000E-008  6.236E+001  7.681E-013
 7.830E+013  1.000E-008  6.236E+001 -2.561E-013
 7.850E+013  1.000E-008  6.236E+001 -2.198E-073
 7.870E+013  1.000E-008  6.236E+001 -2.074E-033
 7.890E+013  1.000E-008  6.236E+001 -1.280E-013
 7.910E+013  1.000E-008  6.236E+001 -6.401E-013
 7.930E+013  1.000E-008  6.236E+001  3.840E-013
 7.950E+013  1.000E-008  6.236E+001  3.841E-013
 7.970E+013  1.000E-008  6.236E+001 -5.121E-013
 7.990E+013  1.000E-008  6.236E+001  5.121E-013
 8.010E+013  1.000E-008  6.236E+001  3.948E-032
 8.030E+013  1.000E-008  6.236E+001  7.965E-071
 8.050E+013  1.000E-008  6.236E+001  1.497E-148
 8.070E+013  1.000E-008  6.236E+001 -2.681E-297
 8.090E+013  1.000E-008  6.236E+001 -4.897E-145
 8.110E+013  1.000E-008  6.236E+001 -4.556E-069
 8.130E+013  1.000E-008  6.236E+001 -2.986E-031
 8.150E+013  1.000E-008  6.236E+001 -1.408E-012
 8.170E+013  1.000E-008  6.236E+001  1.792E-012
 8.190E+013  1.000E-008  6.236E+001 -3.841E-013
 8.210E+013  1.000E-008  6.236E+001  0.000E+000
 8.230E+013  1.000E-008  6.236E+001  0.000E+000
 8.250E+013  1.000E-008  6.236E+001  0.000E+000
 8.270E+013  1.000E-008  6.236E+001  0.000E+000
 8.290E+013  1.000E-008  6.236E+001  5.121E-013
 8.310E+013  1.000E-008  6.236E+001 -5.121E-013
 8.330E+013  1.000E-008  6.236E+001 -2.398E-033
 8.350E+013  1.000E-008  6.236E+001  7.681E-013
 8.370E+013  1.000E-008  6.236E+001 -6.401E-013
 8.390E+013  1.000E-008  6.236E+001 -2.470E-033
 8.410E+013  1.000E-008  6.236E+001 -1.280E-013
 8.430E+013  1.000E-008  6.236E+001  1.280E-013
 8.450E+013  1.000E-008  6.236E+001 -2.340E-036
 8.470E+013  1.000E-008  6.236E+001 -1.280E-013
 8.490E+013  1.000E-008  6.236E+001 -1.165E-036
 8.510E+013  1.000E-008  6.236E+001  1.280E-013
 8.530E+013  1.000E-008  6.236E+001 -2.318E-036
 8.550E+013  1.000E-008  6.236E+001 -1.280E-013
 8.570E+013  1.000E-008  6.236E+001 -1.154E-036
 8.590E+013  1.000E-008  6.236E+001  1.280E-013
 8.610E+013  1.000E-008  6.236E+001 -1.280E-013
 8.630E+013  1.000E-008  6.236E+001  0.000E+000
 8.650E+013  1.000E-008  6.236E+001  0.000E+000
 8.670E+013  1.000E-008  6.236E+001  0.000E+000
 8.690E+013  1.000E-008  6.236E+001  0.000E+000
 8.710E+013  1.000E-008  6.236E+001  0.000E+000
 8.730E+013  1.000E-008  6.236E+001  0.000E+000
 8.750E+013  1.000E-008  6.236E+001  1.280E-013
 8.770E+013  1.000E-008  6.236E+001 -1.280E-013
 8.790E+013  1.000E-008  6.236E+001 -1.125E-036
 8.810E+013  1.000E-008  6.236E+001  1.280E-013
 8.830E+013  1.000E-008  6.236E+001 -1.280E-013
 8.850E+013  1.000E-008  6.236E+001  1.280E-013
 8.870E+013  1.000E-008  6.236E+001  1.280E-013
 8.890E+013  1.000E-008  6.236E+001 -2.561E-013
 8.910E+013  1.000E-008  6.236E+001  0.000E+000
 8.930E+013  1.000E-008  6.236E+001  0.000E+000
 8.950E+013  1.000E-008  6.236E+001  0.000E+000
 8.970E+013  1.000E-008  6.236E+001  0.000E+000
 8.990E+013  1.000E-008  6.236E+001  0.000E+000
 9.010E+013  1.000E-008  6.236E+001  1.280E-013
 9.030E+013  1.000E-008  6.236E+001 -2.190E-036
 9.050E+013  1.000E-008  6.236E+001 -1.280E-013
 9.070E+013  1.000E-008  6.236E+001  1.280E-013
 9.090E+013  1.000E-008  6.236E+001 -2.175E-036
 9.110E+013  1.000E-008  6.236E+001 -1.280E-013
 9.130E+013  1.000E-008  6.236E+001  0.000E+000
 9.150E+013  1.000E-008  6.236E+001  0.000E+000
 9.170E+013  1.000E-008  6.236E+001  0.000E+000
 9.190E+013  1.000E-008  6.236E+001  0.000E+000
 9.210E+013  1.000E-008  6.236E+001  0.000E+000
 9.230E+013  1.000E-008  6.236E+001  1.280E-013
 9.250E+013  1.000E-008  6.236E+001 -2.138E-036
 9.270E+013  1.000E-008  6.236E+001 -1.280E-013
 9.290E+013  1.000E-008  6.236E+001  0.000E+000
 9.310E+013  1.000E-008  6.236E+001  0.000E+000
 9.330E+013  1.000E-008  6.236E+001  0.000E+000
 9.350E+013  1.000E-008  6.236E+001  0.000E+000
 9.370E+013  1.000E-008  6.236E+001  1.280E-013
 9.390E+013  1.000E-008  6.236E+001 -1.280E-013
 9.410E+013  1.000E-008  6.236E+001  1.280E-013
 9.430E+013  1.000E-008  6.236E+001 -1.280E-013
 9.450E+013  1.000E-008  6.236E+001  0.000E+000
 9.470E+013  1.000E-008  6.236E+001  0.000E+000
 9.490E+013  1.000E-008  6.236E+001  0.000E+000
 9.510E+013  1.000E-008  6.236E+001  0.000E+000
 9.530E+013  1.000E-008  6.236E+001  1.280E-013
 9.550E+013  1.000E-008  6.236E+001 -1.280E-013
 9.570E+013  1.000E-008  6.236E+001 -3.117E-073
 9.590E+013  1.000E-008  6.236E+001 -2.470E-033
 9.610E+013  1.000E-008  6.236E+001 -1.280E-013
 9.630E+013  1.000E-008  6.236E+001  1.280E-013
 9.650E+013  1.000E-008  6.236E+001  2.468E-033
 9.670E+013  1.000E-008  6.236E+001  1.280E-013
 9.690E+013  1.000E-008  6.236E+001 -1.280E-013
 9.710E+013  1.000E-008  6.236E+001  0.000E+000
 9.730E+013  1.000E-008  6.236E+001  0.000E+000
 9.750E+013  1.000E-008  6.236E+001  0.000E+000
 9.770E+013  1.000E-008  6.236E+001  0.000E+000
 9.790E+013  1.000E-008  6.236E+001  0.000E+000
 9.810E+013  1.000E-008  6.236E+001  0.000E+000
 9.830E+013  1.000E-008  6.236E+001  0.000E+000
 9.850E+013  1.000E-008  6.236E+001  0.000E+000
 9.870E+013  1.000E-008  6.236E+001  0.000E+000
 9.890E+013  1.000E-008  6.236E+001  0.000E+000
 9.910E+013  1.000E-008  6.236E+001  0.000E+000
 9.930E+013  1.000E-008  6.236E+001  0.000E+000
 9.950E+013  1.000E-008  6.236E+001  1.280E-013
 9.970E+013  1.000E-008  6.236E+001 -1.280E-013
 9.990E+013  1.000E-008  6.236E+001  0.000E+000
 1.001E+014  1.000E-099  1.000E-099  0.000E+000
 1.003E+014  1.000E-099  1.000E-099  0.000E+000
 1.143E-003
