 2.821E+005
     x1b        dens       energ       v1
 1.000E+011  1.253E-011  5.133E+006  0.000E+000
 3.000E+011  1.256E-011  5.136E+006  2.101E+005
 5.000E+011  1.266E-011  5.135E+006  3.255E+005
 7.000E+011  1.286E-011  5.135E+006  5.173E+005
 9.000E+011  1.313E-011  5.135E+006  6.781E+005
 1.100E+012  1.347E-011  5.135E+006  8.526E+005
 1.300E+012  1.383E-011  5.135E+006  1.021E+006
 1.500E+012  1.421E-011  5.135E+006  1.192E+006
 1.700E+012  1.459E-011  5.135E+006  1.362E+006
 1.900E+012  1.494E-011  5.135E+006  1.532E+006
 2.100E+012  1.522E-011  5.135E+006  1.703E+006
 2.300E+012  1.536E-011  5.135E+006  1.873E+006
 2.500E+012  1.539E-011  5.135E+006  2.043E+006
 2.700E+012  1.539E-011  5.135E+006  2.213E+006
 2.900E+012  1.539E-011  5.135E+006  2.383E+006
 3.100E+012  1.538E-011  5.135E+006  2.554E+006
 3.300E+012  1.537E-011  5.135E+006  2.724E+006
 3.500E+012  1.534E-011  5.136E+006  2.894E+006
 3.700E+012  1.532E-011  5.136E+006  3.064E+006
 3.900E+012  1.531E-011  5.136E+006  3.235E+006
 4.100E+012  1.531E-011  5.136E+006  3.405E+006
 4.300E+012  1.531E-011  5.136E+006  3.575E+006
 4.500E+012  1.532E-011  5.136E+006  3.746E+006
 4.700E+012  1.535E-011  5.136E+006  3.916E+006
 4.900E+012  1.539E-011  5.136E+006  4.086E+006
 5.100E+012  1.547E-011  5.136E+006  4.256E+006
 5.300E+012  1.558E-011  5.136E+006  4.427E+006
 5.500E+012  1.574E-011  5.136E+006  4.597E+006
 5.700E+012  1.597E-011  5.136E+006  4.767E+006
 5.900E+012  1.626E-011  5.136E+006  4.938E+006
 6.100E+012  1.664E-011  5.136E+006  5.108E+006
 6.300E+012  1.713E-011  5.136E+006  5.279E+006
 6.500E+012  1.774E-011  5.136E+006  5.449E+006
 6.700E+012  1.849E-011  5.136E+006  5.620E+006
 6.900E+012  1.942E-011  5.137E+006  5.791E+006
 7.100E+012  2.056E-011  5.137E+006  5.962E+006
 7.300E+012  2.194E-011  5.137E+006  6.133E+006
 7.500E+012  2.362E-011  5.137E+006  6.304E+006
 7.700E+012  2.564E-011  5.137E+006  6.476E+006
 7.900E+012  2.808E-011  5.137E+006  6.648E+006
 8.100E+012  3.101E-011  5.137E+006  6.820E+006
 8.300E+012  3.452E-011  5.137E+006  6.992E+006
 8.500E+012  3.871E-011  5.138E+006  7.165E+006
 8.700E+012  4.368E-011  5.138E+006  7.337E+006
 8.900E+012  4.953E-011  5.138E+006  7.509E+006
 9.100E+012  5.637E-011  5.139E+006  7.681E+006
 9.300E+012  6.428E-011  5.139E+006  7.853E+006
 9.500E+012  7.330E-011  5.139E+006  8.024E+006
 9.700E+012  8.348E-011  5.140E+006  8.195E+006
 9.900E+012  9.477E-011  5.140E+006  8.365E+006
 1.010E+013  1.071E-010  5.141E+006  8.535E+006
 1.030E+013  1.204E-010  5.142E+006  8.704E+006
 1.050E+013  1.345E-010  5.143E+006  8.874E+006
 1.070E+013  1.493E-010  5.144E+006  9.043E+006
 1.090E+013  1.647E-010  5.145E+006  9.212E+006
 1.110E+013  1.805E-010  5.146E+006  9.381E+006
 1.130E+013  1.967E-010  5.148E+006  9.551E+006
 1.150E+013  2.133E-010  5.149E+006  9.721E+006
 1.170E+013  2.303E-010  5.151E+006  9.891E+006
 1.190E+013  2.478E-010  5.153E+006  1.006E+007
 1.210E+013  2.659E-010  5.155E+006  1.023E+007
 1.230E+013  2.846E-010  5.158E+006  1.040E+007
 1.250E+013  3.041E-010  5.160E+006  1.058E+007
 1.270E+013  3.246E-010  5.163E+006  1.075E+007
 1.290E+013  3.462E-010  5.166E+006  1.092E+007
 1.310E+013  3.690E-010  5.169E+006  1.109E+007
 1.330E+013  3.933E-010  5.173E+006  1.126E+007
 1.350E+013  4.192E-010  5.176E+006  1.144E+007
 1.370E+013  4.469E-010  5.180E+006  1.161E+007
 1.390E+013  4.766E-010  5.185E+006  1.178E+007
 1.410E+013  5.083E-010  5.190E+006  1.196E+007
 1.430E+013  5.423E-010  5.195E+006  1.213E+007
 1.450E+013  5.785E-010  5.200E+006  1.231E+007
 1.470E+013  6.172E-010  5.206E+006  1.248E+007
 1.490E+013  6.582E-010  5.213E+006  1.266E+007
 1.510E+013  7.017E-010  5.220E+006  1.283E+007
 1.530E+013  7.477E-010  5.228E+006  1.301E+007
 1.550E+013  7.960E-010  5.236E+006  1.318E+007
 1.570E+013  8.467E-010  5.245E+006  1.336E+007
 1.590E+013  8.997E-010  5.255E+006  1.354E+007
 1.610E+013  9.551E-010  5.265E+006  1.372E+007
 1.630E+013  1.013E-009  5.276E+006  1.390E+007
 1.650E+013  1.073E-009  5.288E+006  1.408E+007
 1.670E+013  1.136E-009  5.301E+006  1.426E+007
 1.690E+013  1.202E-009  5.315E+006  1.444E+007
 1.710E+013  1.270E-009  5.330E+006  1.462E+007
 1.730E+013  1.342E-009  5.345E+006  1.480E+007
 1.750E+013  1.418E-009  5.362E+006  1.499E+007
 1.770E+013  1.497E-009  5.380E+006  1.517E+007
 1.790E+013  1.581E-009  5.400E+006  1.536E+007
 1.810E+013  1.669E-009  5.421E+006  1.555E+007
 1.830E+013  1.763E-009  5.443E+006  1.574E+007
 1.850E+013  1.862E-009  5.467E+006  1.593E+007
 1.870E+013  1.967E-009  5.492E+006  1.612E+007
 1.890E+013  2.077E-009  5.519E+006  1.631E+007
 1.910E+013  2.195E-009  5.548E+006  1.651E+007
 1.930E+013  2.319E-009  5.580E+006  1.671E+007
 1.950E+013  2.450E-009  5.613E+006  1.691E+007
 1.970E+013  2.589E-009  5.649E+006  1.711E+007
 1.990E+013  2.735E-009  5.687E+006  1.731E+007
 2.010E+013  2.890E-009  5.728E+006  1.751E+007
 2.030E+013  3.053E-009  5.771E+006  1.772E+007
 2.050E+013  3.225E-009  5.818E+006  1.793E+007
 2.070E+013  3.406E-009  5.868E+006  1.815E+007
 2.090E+013  3.598E-009  5.922E+006  1.836E+007
 2.110E+013  3.800E-009  5.979E+006  1.858E+007
 2.130E+013  4.014E-009  6.041E+006  1.880E+007
 2.150E+013  4.241E-009  6.107E+006  1.903E+007
 2.170E+013  4.481E-009  6.177E+006  1.925E+007
 2.190E+013  4.736E-009  6.253E+006  1.948E+007
 2.210E+013  5.006E-009  6.333E+006  1.972E+007
 2.230E+013  5.293E-009  6.420E+006  1.996E+007
 2.250E+013  5.597E-009  6.513E+006  2.020E+007
 2.270E+013  5.921E-009  6.612E+006  2.045E+007
 2.290E+013  6.265E-009  6.719E+006  2.070E+007
 2.310E+013  6.632E-009  6.833E+006  2.096E+007
 2.330E+013  7.023E-009  6.956E+006  2.122E+007
 2.350E+013  7.441E-009  7.088E+006  2.148E+007
 2.370E+013  7.888E-009  7.230E+006  2.175E+007
 2.390E+013  8.366E-009  7.382E+006  2.203E+007
 2.410E+013  8.880E-009  7.547E+006  2.231E+007
 2.430E+013  9.433E-009  7.724E+006  2.260E+007
 2.450E+013  1.003E-008  7.914E+006  2.290E+007
 2.470E+013  1.067E-008  8.121E+006  2.320E+007
 2.490E+013  1.137E-008  8.343E+006  2.351E+007
 2.510E+013  1.212E-008  8.584E+006  2.382E+007
 2.530E+013  1.295E-008  8.846E+006  2.414E+007
 2.550E+013  1.384E-008  9.129E+006  2.447E+007
 2.570E+013  1.481E-008  9.436E+006  2.481E+007
 2.590E+013  1.588E-008  9.770E+006  2.515E+007
 2.610E+013  1.705E-008  1.013E+007  2.550E+007
 2.630E+013  1.833E-008  1.053E+007  2.586E+007
 2.650E+013  1.974E-008  1.096E+007  2.622E+007
 2.670E+013  2.128E-008  1.143E+007  2.659E+007
 2.690E+013  2.299E-008  1.194E+007  2.697E+007
 2.710E+013  2.492E-008  1.253E+007  2.737E+007
 2.730E+013  2.697E-008  1.312E+007  2.778E+007
 2.750E+013  2.916E-008  1.371E+007  2.808E+007
 2.770E+013  3.215E-008  1.481E+007  2.852E+007
 2.790E+013  3.512E-008  1.588E+007  2.942E+007
 2.810E+013  3.512E-008  1.472E+007  2.942E+007
 2.830E+013  2.878E-008  9.100E+006  2.718E+007
 2.850E+013  1.727E-008  2.294E+006  2.047E+007
 2.870E+013  1.157E-008  1.391E+005  9.897E+006
 2.890E+013  1.012E-008  3.173E+002  1.609E+006
 2.910E+013  1.000E-008  6.237E+001  1.959E+004
 2.930E+013  1.000E-008  6.236E+001  1.171E+000
 2.950E+013  1.000E-008  6.236E+001  2.477E-008
 2.970E+013  1.000E-008  6.236E+001  1.396E-024
 2.990E+013  1.000E-008  6.236E+001  5.416E-058
 3.010E+013  1.000E-008  6.236E+001  1.002E-012
 3.030E+013  1.000E-008  6.236E+001 -1.002E-012
 3.050E+013  1.000E-008  6.236E+001  1.002E-012
 3.070E+013  1.000E-008  6.236E+001 -1.002E-012
 3.090E+013  1.000E-008  6.236E+001  1.002E-012
 3.110E+013  1.000E-008  6.236E+001  1.002E-012
 3.130E+013  1.000E-008  6.236E+001 -2.005E-012
 3.150E+013  1.000E-008  6.236E+001  0.000E+000
 3.170E+013  1.000E-008  6.236E+001  0.000E+000
 3.190E+013  1.000E-008  6.236E+001  0.000E+000
 3.210E+013  1.000E-008  6.236E+001  0.000E+000
 3.230E+013  1.000E-008  6.236E+001  0.000E+000
 3.250E+013  1.000E-008  6.236E+001  0.000E+000
 3.270E+013  1.000E-008  6.236E+001 -3.188E-286
 3.290E+013  1.000E-008  6.236E+001 -5.943E-140
 3.310E+013  1.000E-008  6.236E+001 -5.632E-067
 3.330E+013  1.000E-008  6.236E+001 -1.183E-030
 3.350E+013  1.000E-008  6.236E+001 -1.002E-012
 3.370E+013  1.000E-008  6.236E+001  1.002E-012
 3.390E+013  1.000E-008  6.236E+001  1.180E-030
 3.410E+013  1.000E-008  6.236E+001  5.605E-067
 3.430E+013  1.000E-008  6.236E+001  5.886E-140
 3.450E+013  1.000E-008  6.236E+001  2.005E-012
 3.470E+013  1.000E-008  6.236E+001 -2.005E-012
 3.490E+013  1.000E-008  6.236E+001  0.000E+000
 3.510E+013  1.000E-008  6.236E+001  0.000E+000
 3.530E+013  1.000E-008  6.236E+001  0.000E+000
 3.550E+013  1.000E-008  6.236E+001  0.000E+000
 3.570E+013  1.000E-008  6.236E+001  2.005E-012
 3.590E+013  1.000E-008  6.236E+001 -1.002E-012
 3.610E+013  1.000E-008  6.236E+001 -1.183E-030
 3.630E+013  1.000E-008  6.236E+001 -1.002E-012
 3.650E+013  1.000E-008  6.236E+001 -1.002E-012
 3.670E+013  1.000E-008  6.236E+001  1.002E-012
 3.690E+013  1.000E-008  6.236E+001  1.002E-012
 3.710E+013  1.000E-008  6.236E+001 -1.002E-012
 3.730E+013  1.000E-008  6.236E+001 -1.271E-033
 3.750E+013  1.000E-008  6.236E+001  1.002E-012
 3.770E+013  1.000E-008  6.236E+001 -1.002E-012
 3.790E+013  1.000E-008  6.236E+001  0.000E+000
 3.810E+013  1.000E-008  6.236E+001  0.000E+000
 3.830E+013  1.000E-008  6.236E+001  1.002E-012
 3.850E+013  1.000E-008  6.236E+001 -1.002E-012
 3.870E+013  1.000E-008  6.236E+001 -1.183E-030
 3.890E+013  1.000E-008  6.236E+001 -1.002E-012
 3.910E+013  1.000E-008  6.236E+001 -3.581E-031
 3.930E+013  1.000E-008  6.236E+001  3.007E-012
 3.950E+013  1.000E-008  6.236E+001 -1.002E-012
 3.970E+013  1.000E-008  6.236E+001  3.007E-012
 3.990E+013  1.000E-008  6.236E+001 -4.009E-012
 4.010E+013  1.000E-008  6.236E+001  0.000E+000
 4.030E+013  1.000E-008  6.236E+001  0.000E+000
 4.050E+013  1.000E-008  6.236E+001  0.000E+000
 4.070E+013  1.000E-008  6.236E+001  0.000E+000
 4.090E+013  1.000E-008  6.236E+001  3.706E-011
 4.110E+013  1.000E-008  6.236E+001 -3.706E-011
 4.130E+013  1.000E-008  6.236E+001  2.605E-011
 4.150E+013  1.000E-008  6.236E+001 -2.605E-011
 4.170E+013  1.000E-008  6.236E+001  9.020E-012
 4.190E+013  1.000E-008  6.236E+001 -8.018E-012
 4.210E+013  1.000E-008  6.236E+001 -1.183E-030
 4.230E+013  1.000E-008  6.236E+001 -1.002E-012
 4.250E+013  1.000E-008  6.236E+001  0.000E+000
 4.270E+013  1.000E-008  6.236E+001  0.000E+000
 4.290E+013  1.000E-008  6.236E+001  0.000E+000
 4.310E+013  1.000E-008  6.236E+001  0.000E+000
 4.330E+013  1.000E-008  6.236E+001  0.000E+000
 4.350E+013  1.000E-008  6.236E+001  0.000E+000
 4.370E+013  1.000E-008  6.236E+001  0.000E+000
 4.390E+013  1.000E-008  6.236E+001  0.000E+000
 4.410E+013  1.000E-008  6.236E+001  0.000E+000
 4.430E+013  1.000E-008  6.236E+001  0.000E+000
 4.450E+013  1.000E-008  6.236E+001  0.000E+000
 4.470E+013  1.000E-008  6.236E+001  1.002E-012
 4.490E+013  1.000E-008  6.236E+001 -2.110E-033
 4.510E+013  1.000E-008  6.236E+001 -1.002E-012
 4.530E+013  1.000E-008  6.236E+001 -3.179E-286
 4.550E+013  1.000E-008  6.236E+001 -5.935E-140
 4.570E+013  1.000E-008  6.236E+001 -5.628E-067
 4.590E+013  1.000E-008  6.236E+001 -1.183E-030
 4.610E+013  1.000E-008  6.236E+001 -1.002E-012
 4.630E+013  1.000E-008  6.236E+001  1.002E-012
 4.650E+013  1.000E-008  6.236E+001  1.002E-012
 4.670E+013  1.000E-008  6.236E+001 -1.002E-012
 4.690E+013  1.000E-008  6.236E+001  1.002E-012
 4.710E+013  1.000E-008  6.236E+001 -1.002E-012
 4.730E+013  1.000E-008  6.236E+001  0.000E+000
 4.750E+013  1.000E-008  6.236E+001  0.000E+000
 4.770E+013  1.000E-008  6.236E+001  0.000E+000
 4.790E+013  1.000E-008  6.236E+001  1.002E-012
 4.810E+013  1.000E-008  6.236E+001 -1.002E-012
 4.830E+013  1.000E-008  6.236E+001 -9.806E-034
 4.850E+013  1.000E-008  6.236E+001  1.002E-012
 4.870E+013  1.000E-008  6.236E+001 -1.002E-012
 4.890E+013  1.000E-008  6.236E+001  0.000E+000
 4.910E+013  1.000E-008  6.236E+001  0.000E+000
 4.930E+013  1.000E-008  6.236E+001  0.000E+000
 4.950E+013  1.000E-008  6.236E+001  0.000E+000
 4.970E+013  1.000E-008  6.236E+001  0.000E+000
 4.990E+013  1.000E-008  6.236E+001  2.005E-012
 5.010E+013  1.000E-008  6.236E+001 -3.007E-012
 5.030E+013  1.000E-008  6.236E+001  1.002E-012
 5.050E+013  1.000E-008  6.236E+001  1.181E-030
 5.070E+013  1.000E-008  6.236E+001  5.610E-067
 5.090E+013  1.000E-008  6.236E+001  5.895E-140
 5.110E+013  1.000E-008  6.236E+001  1.002E-012
 5.130E+013  1.000E-008  6.236E+001 -1.002E-012
 5.150E+013  1.000E-008  6.236E+001  0.000E+000
 5.170E+013  1.000E-008  6.236E+001  0.000E+000
 5.190E+013  1.000E-008  6.236E+001 -3.176E-286
 5.210E+013  1.000E-008  6.236E+001 -5.932E-140
 5.230E+013  1.000E-008  6.236E+001 -5.627E-067
 5.250E+013  1.000E-008  6.236E+001 -1.183E-030
 5.270E+013  1.000E-008  6.236E+001 -1.002E-012
 5.290E+013  1.000E-008  6.236E+001  1.002E-012
 5.310E+013  1.000E-008  6.236E+001  1.181E-030
 5.330E+013  1.000E-008  6.236E+001  5.610E-067
 5.350E+013  1.000E-008  6.236E+001  2.005E-012
 5.370E+013  1.000E-008  6.236E+001 -2.005E-012
 5.390E+013  1.000E-008  6.236E+001  1.558E-031
 5.410E+013  1.000E-008  6.236E+001  1.002E-012
 5.430E+013  1.000E-008  6.236E+001  1.002E-012
 5.450E+013  1.000E-008  6.236E+001  1.002E-012
 5.470E+013  1.000E-008  6.236E+001 -3.007E-012
 5.490E+013  1.000E-008  6.236E+001 -1.183E-030
 5.510E+013  1.000E-008  6.236E+001 -1.002E-012
 5.530E+013  1.000E-008  6.236E+001  2.005E-012
 5.550E+013  1.000E-008  6.236E+001 -4.009E-012
 5.570E+013  1.000E-008  6.236E+001  2.005E-012
 5.590E+013  1.000E-008  6.236E+001  1.002E-012
 5.610E+013  1.000E-008  6.236E+001 -1.002E-012
 5.630E+013  1.000E-008  6.236E+001  1.002E-012
 5.650E+013  1.000E-008  6.236E+001 -6.014E-012
 5.670E+013  1.000E-008  6.236E+001  6.014E-012
 5.690E+013  1.000E-008  6.236E+001  6.014E-012
 5.710E+013  1.000E-008  6.236E+001 -6.014E-012
 5.730E+013  1.000E-008  6.236E+001  7.016E-012
 5.750E+013  1.000E-008  6.236E+001 -1.503E-011
 5.770E+013  1.000E-008  6.236E+001 -1.002E-012
 5.790E+013  1.000E-008  6.236E+001  9.020E-012
 5.810E+013  1.000E-008  6.236E+001  4.806E-011
 5.830E+013  1.000E-008  6.236E+001 -4.806E-011
 5.850E+013  1.000E-008  6.236E+001  0.000E+000
 5.870E+013  1.000E-008  6.236E+001  0.000E+000
 5.890E+013  1.000E-008  6.236E+001  0.000E+000
 5.910E+013  1.000E-008  6.236E+001  0.000E+000
 5.930E+013  1.000E-008  6.236E+001  0.000E+000
 5.950E+013  1.000E-008  6.236E+001  0.000E+000
 5.970E+013  1.000E-008  6.236E+001  0.000E+000
 5.990E+013  1.000E-008  6.236E+001  0.000E+000
 6.010E+013  1.000E-008  6.236E+001  0.000E+000
 6.030E+013  1.000E-008  6.236E+001  1.002E-012
 6.050E+013  1.000E-008  6.236E+001 -1.002E-012
 6.070E+013  1.000E-008  6.236E+001  1.002E-012
 6.090E+013  1.000E-008  6.236E+001 -1.002E-012
 6.110E+013  1.000E-008  6.236E+001  0.000E+000
 6.130E+013  1.000E-008  6.236E+001  0.000E+000
 6.150E+013  1.000E-008  6.236E+001  0.000E+000
 6.170E+013  1.000E-008  6.236E+001  1.002E-012
 6.190E+013  1.000E-008  6.236E+001 -1.002E-012
 6.210E+013  1.000E-008  6.236E+001  0.000E+000
 6.230E+013  1.000E-008  6.236E+001  0.000E+000
 6.250E+013  1.000E-008  6.236E+001  0.000E+000
 6.270E+013  1.000E-008  6.236E+001  0.000E+000
 6.290E+013  1.000E-008  6.236E+001  0.000E+000
 6.310E+013  1.000E-008  6.236E+001  0.000E+000
 6.330E+013  1.000E-008  6.236E+001  0.000E+000
 6.350E+013  1.000E-008  6.236E+001  1.002E-012
 6.370E+013  1.000E-008  6.236E+001 -1.002E-012
 6.390E+013  1.000E-008  6.236E+001  0.000E+000
 6.410E+013  1.000E-008  6.236E+001  0.000E+000
 6.430E+013  1.000E-008  6.236E+001  0.000E+000
 6.450E+013  1.000E-008  6.236E+001  0.000E+000
 6.470E+013  1.000E-008  6.236E+001  1.002E-012
 6.490E+013  1.000E-008  6.236E+001 -1.002E-012
 6.510E+013  1.000E-008  6.236E+001  0.000E+000
 6.530E+013  1.000E-008  6.236E+001  0.000E+000
 6.550E+013  1.000E-008  6.236E+001  0.000E+000
 6.570E+013  1.000E-008  6.236E+001  0.000E+000
 6.590E+013  1.000E-008  6.236E+001  1.002E-012
 6.610E+013  1.000E-008  6.236E+001 -1.002E-012
 6.630E+013  1.000E-008  6.236E+001  0.000E+000
 6.650E+013  1.000E-008  6.236E+001  0.000E+000
 6.670E+013  1.000E-008  6.236E+001  0.000E+000
 6.690E+013  1.000E-008  6.236E+001  1.002E-012
 6.710E+013  1.000E-008  6.236E+001 -1.002E-012
 6.730E+013  1.000E-008  6.236E+001  0.000E+000
 6.750E+013  1.000E-008  6.236E+001  0.000E+000
 6.770E+013  1.000E-008  6.236E+001  1.002E-012
 6.790E+013  1.000E-008  6.236E+001 -1.002E-012
 6.810E+013  1.000E-008  6.236E+001  1.002E-012
 6.830E+013  1.000E-008  6.236E+001 -1.386E-033
 6.850E+013  1.000E-008  6.236E+001 -1.002E-012
 6.870E+013  1.000E-008  6.236E+001  0.000E+000
 6.890E+013  1.000E-008  6.236E+001  0.000E+000
 6.910E+013  1.000E-008  6.236E+001  0.000E+000
 6.930E+013  1.000E-008  6.236E+001  1.002E-012
 6.950E+013  1.000E-008  6.236E+001 -1.002E-012
 6.970E+013  1.000E-008  6.236E+001  0.000E+000
 6.990E+013  1.000E-008  6.236E+001  0.000E+000
 7.010E+013  1.000E-008  6.236E+001  0.000E+000
 7.030E+013  1.000E-008  6.236E+001  0.000E+000
 7.050E+013  1.000E-008  6.236E+001  0.000E+000
 7.070E+013  1.000E-008  6.236E+001  0.000E+000
 7.090E+013  1.000E-008  6.236E+001  0.000E+000
 7.110E+013  1.000E-008  6.236E+001  0.000E+000
 7.130E+013  1.000E-008  6.236E+001  0.000E+000
 7.150E+013  1.000E-008  6.236E+001  0.000E+000
 7.170E+013  1.000E-008  6.236E+001  0.000E+000
 7.190E+013  1.000E-008  6.236E+001  1.002E-012
 7.210E+013  1.000E-008  6.236E+001 -1.002E-012
 7.230E+013  1.000E-008  6.236E+001  0.000E+000
 7.250E+013  1.000E-008  6.236E+001  0.000E+000
 7.270E+013  1.000E-008  6.236E+001  2.005E-012
 7.290E+013  1.000E-008  6.236E+001 -5.194E-033
 7.310E+013  1.000E-008  6.236E+001 -2.005E-012
 7.330E+013  1.000E-008  6.236E+001 -1.182E-030
 7.350E+013  1.000E-008  6.236E+001 -1.002E-012
 7.370E+013  1.000E-008  6.236E+001  1.002E-012
 7.390E+013  1.000E-008  6.236E+001  1.181E-030
 7.410E+013  1.000E-008  6.236E+001  5.612E-067
 7.430E+013  1.000E-008  6.236E+001  5.901E-140
 7.450E+013  1.000E-008  6.236E+001  3.143E-286
 7.470E+013  1.000E-008  6.236E+001  0.000E+000
 7.490E+013  1.000E-008  6.236E+001  0.000E+000
 7.510E+013  1.000E-008  6.236E+001  0.000E+000
 7.530E+013  1.000E-008  6.236E+001  0.000E+000
 7.550E+013  1.000E-008  6.236E+001  0.000E+000
 7.570E+013  1.000E-008  6.236E+001  0.000E+000
 7.590E+013  1.000E-008  6.236E+001  0.000E+000
 7.610E+013  1.000E-008  6.236E+001  0.000E+000
 7.630E+013  1.000E-008  6.236E+001  0.000E+000
 7.650E+013  1.000E-008  6.236E+001  0.000E+000
 7.670E+013  1.000E-008  6.236E+001  2.005E-012
 7.690E+013  1.000E-008  6.236E+001 -2.005E-012
 7.710E+013  1.000E-008  6.236E+001  3.007E-012
 7.730E+013  1.000E-008  6.236E+001 -3.007E-012
 7.750E+013  1.000E-008  6.236E+001  2.799E-031
 7.770E+013  1.000E-008  6.236E+001  2.005E-012
 7.790E+013  1.000E-008  6.236E+001 -6.014E-012
 7.810E+013  1.000E-008  6.236E+001  6.014E-012
 7.830E+013  1.000E-008  6.236E+001 -2.005E-012
 7.850E+013  1.000E-008  6.236E+001 -3.965E-067
 7.870E+013  1.000E-008  6.236E+001 -9.927E-031
 7.890E+013  1.000E-008  6.236E+001 -1.002E-012
 7.910E+013  1.000E-008  6.236E+001 -5.011E-012
 7.930E+013  1.000E-008  6.236E+001  3.007E-012
 7.950E+013  1.000E-008  6.236E+001  3.007E-012
 7.970E+013  1.000E-008  6.236E+001 -4.009E-012
 7.990E+013  1.000E-008  6.236E+001  4.009E-012
 8.010E+013  1.000E-008  6.236E+001  1.890E-029
 8.030E+013  1.000E-008  6.236E+001  1.437E-064
 8.050E+013  1.000E-008  6.236E+001  3.868E-135
 8.070E+013  1.000E-008  6.236E+001 -1.455E-269
 8.090E+013  1.000E-008  6.236E+001 -1.270E-131
 8.110E+013  1.000E-008  6.236E+001 -8.232E-063
 8.130E+013  1.000E-008  6.236E+001 -1.430E-028
 8.150E+013  1.000E-008  6.236E+001 -1.102E-011
 8.170E+013  1.000E-008  6.236E+001  1.403E-011
 8.190E+013  1.000E-008  6.236E+001 -3.007E-012
 8.210E+013  1.000E-008  6.236E+001  0.000E+000
 8.230E+013  1.000E-008  6.236E+001  0.000E+000
 8.250E+013  1.000E-008  6.236E+001  0.000E+000
 8.270E+013  1.000E-008  6.236E+001  0.000E+000
 8.290E+013  1.000E-008  6.236E+001  4.009E-012
 8.310E+013  1.000E-008  6.236E+001 -4.009E-012
 8.330E+013  1.000E-008  6.236E+001 -1.148E-030
 8.350E+013  1.000E-008  6.236E+001  6.014E-012
 8.370E+013  1.000E-008  6.236E+001 -5.011E-012
 8.390E+013  1.000E-008  6.236E+001 -1.182E-030
 8.410E+013  1.000E-008  6.236E+001 -1.002E-012
 8.430E+013  1.000E-008  6.236E+001  1.002E-012
 8.450E+013  1.000E-008  6.236E+001 -1.120E-033
 8.470E+013  1.000E-008  6.236E+001 -1.002E-012
 8.490E+013  1.000E-008  6.236E+001 -5.574E-034
 8.510E+013  1.000E-008  6.236E+001  1.002E-012
 8.530E+013  1.000E-008  6.236E+001 -1.110E-033
 8.550E+013  1.000E-008  6.236E+001 -1.002E-012
 8.570E+013  1.000E-008  6.236E+001 -5.522E-034
 8.590E+013  1.000E-008  6.236E+001  1.002E-012
 8.610E+013  1.000E-008  6.236E+001 -1.002E-012
 8.630E+013  1.000E-008  6.236E+001  0.000E+000
 8.650E+013  1.000E-008  6.236E+001  0.000E+000
 8.670E+013  1.000E-008  6.236E+001  0.000E+000
 8.690E+013  1.000E-008  6.236E+001  0.000E+000
 8.710E+013  1.000E-008  6.236E+001  0.000E+000
 8.730E+013  1.000E-008  6.236E+001  0.000E+000
 8.750E+013  1.000E-008  6.236E+001  1.002E-012
 8.770E+013  1.000E-008  6.236E+001 -1.002E-012
 8.790E+013  1.000E-008  6.236E+001 -5.383E-034
 8.810E+013  1.000E-008  6.236E+001  1.002E-012
 8.830E+013  1.000E-008  6.236E+001 -1.002E-012
 8.850E+013  1.000E-008  6.236E+001  1.002E-012
 8.870E+013  1.000E-008  6.236E+001  1.002E-012
 8.890E+013  1.000E-008  6.236E+001 -2.005E-012
 8.910E+013  1.000E-008  6.236E+001  0.000E+000
 8.930E+013  1.000E-008  6.236E+001  0.000E+000
 8.950E+013  1.000E-008  6.236E+001  0.000E+000
 8.970E+013  1.000E-008  6.236E+001  0.000E+000
 8.990E+013  1.000E-008  6.236E+001  0.000E+000
 9.010E+013  1.000E-008  6.236E+001  1.002E-012
 9.030E+013  1.000E-008  6.236E+001 -1.048E-033
 9.050E+013  1.000E-008  6.236E+001 -1.002E-012
 9.070E+013  1.000E-008  6.236E+001  1.002E-012
 9.090E+013  1.000E-008  6.236E+001 -1.041E-033
 9.110E+013  1.000E-008  6.236E+001 -1.002E-012
 9.130E+013  1.000E-008  6.236E+001  0.000E+000
 9.150E+013  1.000E-008  6.236E+001  0.000E+000
 9.170E+013  1.000E-008  6.236E+001  0.000E+000
 9.190E+013  1.000E-008  6.236E+001  0.000E+000
 9.210E+013  1.000E-008  6.236E+001  0.000E+000
 9.230E+013  1.000E-008  6.236E+001  1.002E-012
 9.250E+013  1.000E-008  6.236E+001 -1.023E-033
 9.270E+013  1.000E-008  6.236E+001 -1.002E-012
 9.290E+013  1.000E-008  6.236E+001  0.000E+000
 9.310E+013  1.000E-008  6.236E+001  0.000E+000
 9.330E+013  1.000E-008  6.236E+001  0.000E+000
 9.350E+013  1.000E-008  6.236E+001  0.000E+000
 9.370E+013  1.000E-008  6.236E+001  1.002E-012
 9.390E+013  1.000E-008  6.236E+001 -1.002E-012
 9.410E+013  1.000E-008  6.236E+001  1.002E-012
 9.430E+013  1.000E-008  6.236E+001 -1.002E-012
 9.450E+013  1.000E-008  6.236E+001  0.000E+000
 9.470E+013  1.000E-008  6.236E+001  0.000E+000
 9.490E+013  1.000E-008  6.236E+001  0.000E+000
 9.510E+013  1.000E-008  6.236E+001  0.000E+000
 9.530E+013  1.000E-008  6.236E+001  1.002E-012
 9.550E+013  1.000E-008  6.236E+001 -1.002E-012
 9.570E+013  1.000E-008  6.236E+001 -5.623E-067
 9.590E+013  1.000E-008  6.236E+001 -1.182E-030
 9.610E+013  1.000E-008  6.236E+001 -1.002E-012
 9.630E+013  1.000E-008  6.236E+001  1.002E-012
 9.650E+013  1.000E-008  6.236E+001  1.181E-030
 9.670E+013  1.000E-008  6.236E+001  1.002E-012
 9.690E+013  1.000E-008  6.236E+001 -1.002E-012
 9.710E+013  1.000E-008  6.236E+001  0.000E+000
 9.730E+013  1.000E-008  6.236E+001  0.000E+000
 9.750E+013  1.000E-008  6.236E+001  0.000E+000
 9.770E+013  1.000E-008  6.236E+001  0.000E+000
 9.790E+013  1.000E-008  6.236E+001  0.000E+000
 9.810E+013  1.000E-008  6.236E+001  0.000E+000
 9.830E+013  1.000E-008  6.236E+001  0.000E+000
 9.850E+013  1.000E-008  6.236E+001  0.000E+000
 9.870E+013  1.000E-008  6.236E+001  0.000E+000
 9.890E+013  1.000E-008  6.236E+001  0.000E+000
 9.910E+013  1.000E-008  6.236E+001  0.000E+000
 9.930E+013  1.000E-008  6.236E+001  0.000E+000
 9.950E+013  1.000E-008  6.236E+001  1.002E-012
 9.970E+013  1.000E-008  6.236E+001 -1.002E-012
 9.990E+013  1.000E-008  6.236E+001  0.000E+000
 1.001E+014  1.000E-099  1.000E-099  0.000E+000
 1.003E+014  1.000E-099  1.000E-099  0.000E+000
 8.946E-003
