 2.640E+005
     x1b        dens       energ       v1
 1.000E+011  1.314E-011  5.561E+006  0.000E+000
 3.000E+011  1.318E-011  5.560E+006  7.625E+004
 5.000E+011  1.329E-011  5.561E+006  4.043E+005
 7.000E+011  1.350E-011  5.560E+006  5.276E+005
 9.000E+011  1.380E-011  5.560E+006  7.361E+005
 1.100E+012  1.416E-011  5.560E+006  9.060E+005
 1.300E+012  1.455E-011  5.560E+006  1.093E+006
 1.500E+012  1.495E-011  5.560E+006  1.273E+006
 1.700E+012  1.535E-011  5.560E+006  1.456E+006
 1.900E+012  1.572E-011  5.560E+006  1.637E+006
 2.100E+012  1.600E-011  5.561E+006  1.819E+006
 2.300E+012  1.612E-011  5.561E+006  2.001E+006
 2.500E+012  1.615E-011  5.561E+006  2.183E+006
 2.700E+012  1.615E-011  5.561E+006  2.365E+006
 2.900E+012  1.614E-011  5.561E+006  2.547E+006
 3.100E+012  1.613E-011  5.561E+006  2.729E+006
 3.300E+012  1.611E-011  5.561E+006  2.911E+006
 3.500E+012  1.608E-011  5.561E+006  3.093E+006
 3.700E+012  1.606E-011  5.561E+006  3.275E+006
 3.900E+012  1.605E-011  5.561E+006  3.457E+006
 4.100E+012  1.606E-011  5.561E+006  3.639E+006
 4.300E+012  1.606E-011  5.561E+006  3.821E+006
 4.500E+012  1.608E-011  5.561E+006  4.003E+006
 4.700E+012  1.611E-011  5.561E+006  4.185E+006
 4.900E+012  1.617E-011  5.561E+006  4.367E+006
 5.100E+012  1.627E-011  5.561E+006  4.548E+006
 5.300E+012  1.641E-011  5.561E+006  4.730E+006
 5.500E+012  1.661E-011  5.561E+006  4.913E+006
 5.700E+012  1.688E-011  5.561E+006  5.095E+006
 5.900E+012  1.723E-011  5.561E+006  5.277E+006
 6.100E+012  1.769E-011  5.562E+006  5.459E+006
 6.300E+012  1.827E-011  5.562E+006  5.641E+006
 6.500E+012  1.900E-011  5.562E+006  5.823E+006
 6.700E+012  1.990E-011  5.562E+006  6.006E+006
 6.900E+012  2.100E-011  5.562E+006  6.189E+006
 7.100E+012  2.236E-011  5.562E+006  6.372E+006
 7.300E+012  2.400E-011  5.562E+006  6.555E+006
 7.500E+012  2.600E-011  5.562E+006  6.738E+006
 7.700E+012  2.842E-011  5.563E+006  6.922E+006
 7.900E+012  3.134E-011  5.563E+006  7.106E+006
 8.100E+012  3.485E-011  5.563E+006  7.290E+006
 8.300E+012  3.906E-011  5.563E+006  7.474E+006
 8.500E+012  4.407E-011  5.563E+006  7.658E+006
 8.700E+012  5.001E-011  5.564E+006  7.843E+006
 8.900E+012  5.698E-011  5.564E+006  8.027E+006
 9.100E+012  6.509E-011  5.565E+006  8.210E+006
 9.300E+012  7.440E-011  5.565E+006  8.394E+006
 9.500E+012  8.494E-011  5.566E+006  8.576E+006
 9.700E+012  9.671E-011  5.566E+006  8.758E+006
 9.900E+012  1.096E-010  5.567E+006  8.940E+006
 1.010E+013  1.236E-010  5.568E+006  9.121E+006
 1.030E+013  1.385E-010  5.569E+006  9.302E+006
 1.050E+013  1.542E-010  5.570E+006  9.483E+006
 1.070E+013  1.704E-010  5.572E+006  9.664E+006
 1.090E+013  1.872E-010  5.573E+006  9.845E+006
 1.110E+013  2.045E-010  5.575E+006  1.003E+007
 1.130E+013  2.221E-010  5.577E+006  1.021E+007
 1.150E+013  2.403E-010  5.579E+006  1.039E+007
 1.170E+013  2.589E-010  5.581E+006  1.057E+007
 1.190E+013  2.781E-010  5.584E+006  1.075E+007
 1.210E+013  2.980E-010  5.586E+006  1.094E+007
 1.230E+013  3.188E-010  5.589E+006  1.112E+007
 1.250E+013  3.406E-010  5.593E+006  1.130E+007
 1.270E+013  3.637E-010  5.596E+006  1.149E+007
 1.290E+013  3.881E-010  5.600E+006  1.167E+007
 1.310E+013  4.141E-010  5.604E+006  1.186E+007
 1.330E+013  4.418E-010  5.609E+006  1.204E+007
 1.350E+013  4.716E-010  5.613E+006  1.223E+007
 1.370E+013  5.034E-010  5.619E+006  1.241E+007
 1.390E+013  5.375E-010  5.624E+006  1.260E+007
 1.410E+013  5.741E-010  5.630E+006  1.279E+007
 1.430E+013  6.132E-010  5.637E+006  1.297E+007
 1.450E+013  6.548E-010  5.644E+006  1.316E+007
 1.470E+013  6.991E-010  5.652E+006  1.335E+007
 1.490E+013  7.461E-010  5.661E+006  1.354E+007
 1.510E+013  7.957E-010  5.670E+006  1.372E+007
 1.530E+013  8.479E-010  5.680E+006  1.391E+007
 1.550E+013  9.027E-010  5.691E+006  1.410E+007
 1.570E+013  9.600E-010  5.702E+006  1.429E+007
 1.590E+013  1.020E-009  5.715E+006  1.449E+007
 1.610E+013  1.083E-009  5.728E+006  1.468E+007
 1.630E+013  1.148E-009  5.743E+006  1.487E+007
 1.650E+013  1.216E-009  5.758E+006  1.506E+007
 1.670E+013  1.287E-009  5.775E+006  1.526E+007
 1.690E+013  1.362E-009  5.793E+006  1.546E+007
 1.710E+013  1.441E-009  5.812E+006  1.565E+007
 1.730E+013  1.523E-009  5.833E+006  1.585E+007
 1.750E+013  1.610E-009  5.855E+006  1.605E+007
 1.770E+013  1.702E-009  5.879E+006  1.625E+007
 1.790E+013  1.800E-009  5.904E+006  1.646E+007
 1.810E+013  1.903E-009  5.931E+006  1.666E+007
 1.830E+013  2.012E-009  5.960E+006  1.687E+007
 1.850E+013  2.128E-009  5.991E+006  1.707E+007
 1.870E+013  2.251E-009  6.025E+006  1.728E+007
 1.890E+013  2.381E-009  6.060E+006  1.749E+007
 1.910E+013  2.519E-009  6.099E+006  1.771E+007
 1.930E+013  2.665E-009  6.140E+006  1.792E+007
 1.950E+013  2.820E-009  6.184E+006  1.814E+007
 1.970E+013  2.983E-009  6.231E+006  1.836E+007
 1.990E+013  3.156E-009  6.282E+006  1.859E+007
 2.010E+013  3.338E-009  6.336E+006  1.881E+007
 2.030E+013  3.531E-009  6.394E+006  1.904E+007
 2.050E+013  3.735E-009  6.457E+006  1.927E+007
 2.070E+013  3.951E-009  6.523E+006  1.951E+007
 2.090E+013  4.180E-009  6.595E+006  1.975E+007
 2.110E+013  4.423E-009  6.672E+006  1.999E+007
 2.130E+013  4.681E-009  6.755E+006  2.023E+007
 2.150E+013  4.955E-009  6.843E+006  2.048E+007
 2.170E+013  5.247E-009  6.938E+006  2.074E+007
 2.190E+013  5.557E-009  7.040E+006  2.100E+007
 2.210E+013  5.887E-009  7.150E+006  2.126E+007
 2.230E+013  6.239E-009  7.267E+006  2.153E+007
 2.250E+013  6.615E-009  7.394E+006  2.180E+007
 2.270E+013  7.016E-009  7.530E+006  2.208E+007
 2.290E+013  7.445E-009  7.677E+006  2.236E+007
 2.310E+013  7.905E-009  7.835E+006  2.265E+007
 2.330E+013  8.398E-009  8.005E+006  2.295E+007
 2.350E+013  8.928E-009  8.189E+006  2.325E+007
 2.370E+013  9.500E-009  8.387E+006  2.356E+007
 2.390E+013  1.012E-008  8.602E+006  2.387E+007
 2.410E+013  1.078E-008  8.834E+006  2.420E+007
 2.430E+013  1.151E-008  9.086E+006  2.453E+007
 2.450E+013  1.230E-008  9.359E+006  2.487E+007
 2.470E+013  1.316E-008  9.655E+006  2.521E+007
 2.490E+013  1.409E-008  9.977E+006  2.556E+007
 2.510E+013  1.512E-008  1.033E+007  2.593E+007
 2.530E+013  1.624E-008  1.071E+007  2.630E+007
 2.550E+013  1.748E-008  1.112E+007  2.667E+007
 2.570E+013  1.884E-008  1.158E+007  2.706E+007
 2.590E+013  2.033E-008  1.207E+007  2.745E+007
 2.610E+013  2.198E-008  1.261E+007  2.784E+007
 2.630E+013  2.384E-008  1.323E+007  2.826E+007
 2.650E+013  2.588E-008  1.389E+007  2.870E+007
 2.670E+013  2.800E-008  1.449E+007  2.907E+007
 2.690E+013  3.064E-008  1.542E+007  2.941E+007
 2.710E+013  3.407E-008  1.689E+007  3.025E+007
 2.730E+013  3.537E-008  1.678E+007  3.079E+007
 2.750E+013  3.223E-008  1.277E+007  2.960E+007
 2.770E+013  2.121E-008  4.722E+006  2.452E+007
 2.790E+013  1.297E-008  5.461E+005  1.459E+007
 2.810E+013  1.039E-008  5.524E+003  4.033E+006
 2.830E+013  1.001E-008  6.257E+001  1.631E+005
 2.850E+013  1.000E-008  6.236E+001  1.090E+002
 2.870E+013  1.000E-008  6.236E+001  2.238E-005
 2.890E+013  1.000E-008  6.236E+001  2.036E-013
 2.910E+013  1.000E-008  6.236E+001  6.566E-012
 2.930E+013  1.000E-008  6.236E+001 -6.566E-012
 2.950E+013  1.000E-008  6.236E+001  0.000E+000
 2.970E+013  1.000E-008  6.236E+001  0.000E+000
 2.990E+013  1.000E-008  6.236E+001  0.000E+000
 3.010E+013  1.000E-008  6.236E+001  9.380E-013
 3.030E+013  1.000E-008  6.236E+001 -9.380E-013
 3.050E+013  1.000E-008  6.236E+001  9.380E-013
 3.070E+013  1.000E-008  6.236E+001 -9.380E-013
 3.090E+013  1.000E-008  6.236E+001  9.380E-013
 3.110E+013  1.000E-008  6.236E+001  9.380E-013
 3.130E+013  1.000E-008  6.236E+001 -1.876E-012
 3.150E+013  1.000E-008  6.236E+001  0.000E+000
 3.170E+013  1.000E-008  6.236E+001  0.000E+000
 3.190E+013  1.000E-008  6.236E+001  0.000E+000
 3.210E+013  1.000E-008  6.236E+001  0.000E+000
 3.230E+013  1.000E-008  6.236E+001  0.000E+000
 3.250E+013  1.000E-008  6.236E+001  0.000E+000
 3.270E+013  1.000E-008  6.236E+001 -4.085E-287
 3.290E+013  1.000E-008  6.236E+001 -2.199E-140
 3.310E+013  1.000E-008  6.236E+001 -3.542E-067
 3.330E+013  1.000E-008  6.236E+001 -9.699E-031
 3.350E+013  1.000E-008  6.236E+001 -9.380E-013
 3.370E+013  1.000E-008  6.236E+001  9.380E-013
 3.390E+013  1.000E-008  6.236E+001  9.676E-031
 3.410E+013  1.000E-008  6.236E+001  3.525E-067
 3.430E+013  1.000E-008  6.236E+001  2.179E-140
 3.450E+013  1.000E-008  6.236E+001  1.876E-012
 3.470E+013  1.000E-008  6.236E+001 -1.876E-012
 3.490E+013  1.000E-008  6.236E+001  0.000E+000
 3.510E+013  1.000E-008  6.236E+001  0.000E+000
 3.530E+013  1.000E-008  6.236E+001  0.000E+000
 3.550E+013  1.000E-008  6.236E+001  0.000E+000
 3.570E+013  1.000E-008  6.236E+001  1.876E-012
 3.590E+013  1.000E-008  6.236E+001 -9.380E-013
 3.610E+013  1.000E-008  6.236E+001 -9.698E-031
 3.630E+013  1.000E-008  6.236E+001 -9.380E-013
 3.650E+013  1.000E-008  6.236E+001 -9.380E-013
 3.670E+013  1.000E-008  6.236E+001  9.380E-013
 3.690E+013  1.000E-008  6.236E+001  9.380E-013
 3.710E+013  1.000E-008  6.236E+001 -9.380E-013
 3.730E+013  1.000E-008  6.236E+001 -1.042E-033
 3.750E+013  1.000E-008  6.236E+001  9.380E-013
 3.770E+013  1.000E-008  6.236E+001 -9.380E-013
 3.790E+013  1.000E-008  6.236E+001  0.000E+000
 3.810E+013  1.000E-008  6.236E+001  0.000E+000
 3.830E+013  1.000E-008  6.236E+001  9.380E-013
 3.850E+013  1.000E-008  6.236E+001 -9.380E-013
 3.870E+013  1.000E-008  6.236E+001 -9.697E-031
 3.890E+013  1.000E-008  6.236E+001 -9.380E-013
 3.910E+013  1.000E-008  6.236E+001 -2.936E-031
 3.930E+013  1.000E-008  6.236E+001  2.814E-012
 3.950E+013  1.000E-008  6.236E+001 -9.380E-013
 3.970E+013  1.000E-008  6.236E+001  2.814E-012
 3.990E+013  1.000E-008  6.236E+001 -3.752E-012
 4.010E+013  1.000E-008  6.236E+001  0.000E+000
 4.030E+013  1.000E-008  6.236E+001  0.000E+000
 4.050E+013  1.000E-008  6.236E+001  0.000E+000
 4.070E+013  1.000E-008  6.236E+001  0.000E+000
 4.090E+013  1.000E-008  6.236E+001  3.468E-011
 4.110E+013  1.000E-008  6.236E+001 -3.468E-011
 4.130E+013  1.000E-008  6.236E+001  2.438E-011
 4.150E+013  1.000E-008  6.236E+001 -2.438E-011
 4.170E+013  1.000E-008  6.236E+001  8.442E-012
 4.190E+013  1.000E-008  6.236E+001 -7.504E-012
 4.210E+013  1.000E-008  6.236E+001 -9.696E-031
 4.230E+013  1.000E-008  6.236E+001 -9.380E-013
 4.250E+013  1.000E-008  6.236E+001  0.000E+000
 4.270E+013  1.000E-008  6.236E+001  0.000E+000
 4.290E+013  1.000E-008  6.236E+001  0.000E+000
 4.310E+013  1.000E-008  6.236E+001  0.000E+000
 4.330E+013  1.000E-008  6.236E+001  0.000E+000
 4.350E+013  1.000E-008  6.236E+001  0.000E+000
 4.370E+013  1.000E-008  6.236E+001  0.000E+000
 4.390E+013  1.000E-008  6.236E+001  0.000E+000
 4.410E+013  1.000E-008  6.236E+001  0.000E+000
 4.430E+013  1.000E-008  6.236E+001  0.000E+000
 4.450E+013  1.000E-008  6.236E+001  0.000E+000
 4.470E+013  1.000E-008  6.236E+001  9.380E-013
 4.490E+013  1.000E-008  6.236E+001 -1.730E-033
 4.510E+013  1.000E-008  6.236E+001 -9.380E-013
 4.530E+013  1.000E-008  6.236E+001 -4.074E-287
 4.550E+013  1.000E-008  6.236E+001 -2.197E-140
 4.570E+013  1.000E-008  6.236E+001 -3.540E-067
 4.590E+013  1.000E-008  6.236E+001 -9.695E-031
 4.610E+013  1.000E-008  6.236E+001 -9.380E-013
 4.630E+013  1.000E-008  6.236E+001  9.380E-013
 4.650E+013  1.000E-008  6.236E+001  9.380E-013
 4.670E+013  1.000E-008  6.236E+001 -9.380E-013
 4.690E+013  1.000E-008  6.236E+001  9.380E-013
 4.710E+013  1.000E-008  6.236E+001 -9.380E-013
 4.730E+013  1.000E-008  6.236E+001  0.000E+000
 4.750E+013  1.000E-008  6.236E+001  0.000E+000
 4.770E+013  1.000E-008  6.236E+001  0.000E+000
 4.790E+013  1.000E-008  6.236E+001  9.380E-013
 4.810E+013  1.000E-008  6.236E+001 -9.380E-013
 4.830E+013  1.000E-008  6.236E+001 -8.039E-034
 4.850E+013  1.000E-008  6.236E+001  9.380E-013
 4.870E+013  1.000E-008  6.236E+001 -9.380E-013
 4.890E+013  1.000E-008  6.236E+001  0.000E+000
 4.910E+013  1.000E-008  6.236E+001  0.000E+000
 4.930E+013  1.000E-008  6.236E+001  0.000E+000
 4.950E+013  1.000E-008  6.236E+001  0.000E+000
 4.970E+013  1.000E-008  6.236E+001  0.000E+000
 4.990E+013  1.000E-008  6.236E+001  1.876E-012
 5.010E+013  1.000E-008  6.236E+001 -2.814E-012
 5.030E+013  1.000E-008  6.236E+001  9.380E-013
 5.050E+013  1.000E-008  6.236E+001  9.679E-031
 5.070E+013  1.000E-008  6.236E+001  3.528E-067
 5.090E+013  1.000E-008  6.236E+001  2.182E-140
 5.110E+013  1.000E-008  6.236E+001  9.380E-013
 5.130E+013  1.000E-008  6.236E+001 -9.380E-013
 5.150E+013  1.000E-008  6.236E+001  0.000E+000
 5.170E+013  1.000E-008  6.236E+001  0.000E+000
 5.190E+013  1.000E-008  6.236E+001 -4.070E-287
 5.210E+013  1.000E-008  6.236E+001 -2.196E-140
 5.230E+013  1.000E-008  6.236E+001 -3.539E-067
 5.250E+013  1.000E-008  6.236E+001 -9.694E-031
 5.270E+013  1.000E-008  6.236E+001 -9.380E-013
 5.290E+013  1.000E-008  6.236E+001  9.380E-013
 5.310E+013  1.000E-008  6.236E+001  9.680E-031
 5.330E+013  1.000E-008  6.236E+001  3.528E-067
 5.350E+013  1.000E-008  6.236E+001  1.876E-012
 5.370E+013  1.000E-008  6.236E+001 -1.876E-012
 5.390E+013  1.000E-008  6.236E+001  1.277E-031
 5.410E+013  1.000E-008  6.236E+001  9.380E-013
 5.430E+013  1.000E-008  6.236E+001  9.380E-013
 5.450E+013  1.000E-008  6.236E+001  9.380E-013
 5.470E+013  1.000E-008  6.236E+001 -2.814E-012
 5.490E+013  1.000E-008  6.236E+001 -9.694E-031
 5.510E+013  1.000E-008  6.236E+001 -9.380E-013
 5.530E+013  1.000E-008  6.236E+001  1.876E-012
 5.550E+013  1.000E-008  6.236E+001 -3.752E-012
 5.570E+013  1.000E-008  6.236E+001  1.876E-012
 5.590E+013  1.000E-008  6.236E+001  9.380E-013
 5.610E+013  1.000E-008  6.236E+001 -9.380E-013
 5.630E+013  1.000E-008  6.236E+001  9.380E-013
 5.650E+013  1.000E-008  6.236E+001 -5.628E-012
 5.670E+013  1.000E-008  6.236E+001  5.628E-012
 5.690E+013  1.000E-008  6.236E+001  5.628E-012
 5.710E+013  1.000E-008  6.236E+001 -5.628E-012
 5.730E+013  1.000E-008  6.236E+001  6.566E-012
 5.750E+013  1.000E-008  6.236E+001 -1.407E-011
 5.770E+013  1.000E-008  6.236E+001 -9.380E-013
 5.790E+013  1.000E-008  6.236E+001  8.442E-012
 5.810E+013  1.000E-008  6.236E+001  4.497E-011
 5.830E+013  1.000E-008  6.236E+001 -4.497E-011
 5.850E+013  1.000E-008  6.236E+001  0.000E+000
 5.870E+013  1.000E-008  6.236E+001  0.000E+000
 5.890E+013  1.000E-008  6.236E+001  0.000E+000
 5.910E+013  1.000E-008  6.236E+001  0.000E+000
 5.930E+013  1.000E-008  6.236E+001  0.000E+000
 5.950E+013  1.000E-008  6.236E+001  0.000E+000
 5.970E+013  1.000E-008  6.236E+001  0.000E+000
 5.990E+013  1.000E-008  6.236E+001  0.000E+000
 6.010E+013  1.000E-008  6.236E+001  0.000E+000
 6.030E+013  1.000E-008  6.236E+001  9.380E-013
 6.050E+013  1.000E-008  6.236E+001 -9.380E-013
 6.070E+013  1.000E-008  6.236E+001  9.380E-013
 6.090E+013  1.000E-008  6.236E+001 -9.380E-013
 6.110E+013  1.000E-008  6.236E+001  0.000E+000
 6.130E+013  1.000E-008  6.236E+001  0.000E+000
 6.150E+013  1.000E-008  6.236E+001  0.000E+000
 6.170E+013  1.000E-008  6.236E+001  9.380E-013
 6.190E+013  1.000E-008  6.236E+001 -9.380E-013
 6.210E+013  1.000E-008  6.236E+001  0.000E+000
 6.230E+013  1.000E-008  6.236E+001  0.000E+000
 6.250E+013  1.000E-008  6.236E+001  0.000E+000
 6.270E+013  1.000E-008  6.236E+001  0.000E+000
 6.290E+013  1.000E-008  6.236E+001  0.000E+000
 6.310E+013  1.000E-008  6.236E+001  0.000E+000
 6.330E+013  1.000E-008  6.236E+001  0.000E+000
 6.350E+013  1.000E-008  6.236E+001  9.380E-013
 6.370E+013  1.000E-008  6.236E+001 -9.380E-013
 6.390E+013  1.000E-008  6.236E+001  0.000E+000
 6.410E+013  1.000E-008  6.236E+001  0.000E+000
 6.430E+013  1.000E-008  6.236E+001  0.000E+000
 6.450E+013  1.000E-008  6.236E+001  0.000E+000
 6.470E+013  1.000E-008  6.236E+001  9.380E-013
 6.490E+013  1.000E-008  6.236E+001 -9.380E-013
 6.510E+013  1.000E-008  6.236E+001  0.000E+000
 6.530E+013  1.000E-008  6.236E+001  0.000E+000
 6.550E+013  1.000E-008  6.236E+001  0.000E+000
 6.570E+013  1.000E-008  6.236E+001  0.000E+000
 6.590E+013  1.000E-008  6.236E+001  9.380E-013
 6.610E+013  1.000E-008  6.236E+001 -9.380E-013
 6.630E+013  1.000E-008  6.236E+001  0.000E+000
 6.650E+013  1.000E-008  6.236E+001  0.000E+000
 6.670E+013  1.000E-008  6.236E+001  0.000E+000
 6.690E+013  1.000E-008  6.236E+001  9.380E-013
 6.710E+013  1.000E-008  6.236E+001 -9.380E-013
 6.730E+013  1.000E-008  6.236E+001  0.000E+000
 6.750E+013  1.000E-008  6.236E+001  0.000E+000
 6.770E+013  1.000E-008  6.236E+001  9.380E-013
 6.790E+013  1.000E-008  6.236E+001 -9.380E-013
 6.810E+013  1.000E-008  6.236E+001  9.380E-013
 6.830E+013  1.000E-008  6.236E+001 -1.136E-033
 6.850E+013  1.000E-008  6.236E+001 -9.380E-013
 6.870E+013  1.000E-008  6.236E+001  0.000E+000
 6.890E+013  1.000E-008  6.236E+001  0.000E+000
 6.910E+013  1.000E-008  6.236E+001  0.000E+000
 6.930E+013  1.000E-008  6.236E+001  9.380E-013
 6.950E+013  1.000E-008  6.236E+001 -9.380E-013
 6.970E+013  1.000E-008  6.236E+001  0.000E+000
 6.990E+013  1.000E-008  6.236E+001  0.000E+000
 7.010E+013  1.000E-008  6.236E+001  0.000E+000
 7.030E+013  1.000E-008  6.236E+001  0.000E+000
 7.050E+013  1.000E-008  6.236E+001  0.000E+000
 7.070E+013  1.000E-008  6.236E+001  0.000E+000
 7.090E+013  1.000E-008  6.236E+001  0.000E+000
 7.110E+013  1.000E-008  6.236E+001  0.000E+000
 7.130E+013  1.000E-008  6.236E+001  0.000E+000
 7.150E+013  1.000E-008  6.236E+001  0.000E+000
 7.170E+013  1.000E-008  6.236E+001  0.000E+000
 7.190E+013  1.000E-008  6.236E+001  9.380E-013
 7.210E+013  1.000E-008  6.236E+001 -9.380E-013
 7.230E+013  1.000E-008  6.236E+001  0.000E+000
 7.250E+013  1.000E-008  6.236E+001  0.000E+000
 7.270E+013  1.000E-008  6.236E+001  1.876E-012
 7.290E+013  1.000E-008  6.236E+001 -4.258E-033
 7.310E+013  1.000E-008  6.236E+001 -1.876E-012
 7.330E+013  1.000E-008  6.236E+001 -9.692E-031
 7.350E+013  1.000E-008  6.236E+001 -9.380E-013
 7.370E+013  1.000E-008  6.236E+001  9.380E-013
 7.390E+013  1.000E-008  6.236E+001  9.682E-031
 7.410E+013  1.000E-008  6.236E+001  3.530E-067
 7.430E+013  1.000E-008  6.236E+001  2.184E-140
 7.450E+013  1.000E-008  6.236E+001  4.028E-287
 7.470E+013  1.000E-008  6.236E+001  0.000E+000
 7.490E+013  1.000E-008  6.236E+001  0.000E+000
 7.510E+013  1.000E-008  6.236E+001  0.000E+000
 7.530E+013  1.000E-008  6.236E+001  0.000E+000
 7.550E+013  1.000E-008  6.236E+001  0.000E+000
 7.570E+013  1.000E-008  6.236E+001  0.000E+000
 7.590E+013  1.000E-008  6.236E+001  0.000E+000
 7.610E+013  1.000E-008  6.236E+001  0.000E+000
 7.630E+013  1.000E-008  6.236E+001  0.000E+000
 7.650E+013  1.000E-008  6.236E+001  0.000E+000
 7.670E+013  1.000E-008  6.236E+001  1.876E-012
 7.690E+013  1.000E-008  6.236E+001 -1.876E-012
 7.710E+013  1.000E-008  6.236E+001  2.814E-012
 7.730E+013  1.000E-008  6.236E+001 -2.814E-012
 7.750E+013  1.000E-008  6.236E+001  2.295E-031
 7.770E+013  1.000E-008  6.236E+001  1.876E-012
 7.790E+013  1.000E-008  6.236E+001 -5.628E-012
 7.810E+013  1.000E-008  6.236E+001  5.628E-012
 7.830E+013  1.000E-008  6.236E+001 -1.876E-012
 7.850E+013  1.000E-008  6.236E+001 -2.494E-067
 7.870E+013  1.000E-008  6.236E+001 -8.138E-031
 7.890E+013  1.000E-008  6.236E+001 -9.380E-013
 7.910E+013  1.000E-008  6.236E+001 -4.690E-012
 7.930E+013  1.000E-008  6.236E+001  2.814E-012
 7.950E+013  1.000E-008  6.236E+001  2.814E-012
 7.970E+013  1.000E-008  6.236E+001 -3.752E-012
 7.990E+013  1.000E-008  6.236E+001  3.752E-012
 8.010E+013  1.000E-008  6.236E+001  1.549E-029
 8.030E+013  1.000E-008  6.236E+001  9.037E-065
 8.050E+013  1.000E-008  6.236E+001  1.432E-135
 8.070E+013  1.000E-008  6.236E+001 -1.864E-270
 8.090E+013  1.000E-008  6.236E+001 -4.699E-132
 8.110E+013  1.000E-008  6.236E+001 -5.177E-063
 8.130E+013  1.000E-008  6.236E+001 -1.173E-028
 8.150E+013  1.000E-008  6.236E+001 -1.032E-011
 8.170E+013  1.000E-008  6.236E+001  1.313E-011
 8.190E+013  1.000E-008  6.236E+001 -2.814E-012
 8.210E+013  1.000E-008  6.236E+001  0.000E+000
 8.230E+013  1.000E-008  6.236E+001  0.000E+000
 8.250E+013  1.000E-008  6.236E+001  0.000E+000
 8.270E+013  1.000E-008  6.236E+001  0.000E+000
 8.290E+013  1.000E-008  6.236E+001  3.752E-012
 8.310E+013  1.000E-008  6.236E+001 -3.752E-012
 8.330E+013  1.000E-008  6.236E+001 -9.411E-031
 8.350E+013  1.000E-008  6.236E+001  5.628E-012
 8.370E+013  1.000E-008  6.236E+001 -4.690E-012
 8.390E+013  1.000E-008  6.236E+001 -9.692E-031
 8.410E+013  1.000E-008  6.236E+001 -9.380E-013
 8.430E+013  1.000E-008  6.236E+001  9.380E-013
 8.450E+013  1.000E-008  6.236E+001 -9.182E-034
 8.470E+013  1.000E-008  6.236E+001 -9.380E-013
 8.490E+013  1.000E-008  6.236E+001 -4.569E-034
 8.510E+013  1.000E-008  6.236E+001  9.380E-013
 8.530E+013  1.000E-008  6.236E+001 -9.096E-034
 8.550E+013  1.000E-008  6.236E+001 -9.380E-013
 8.570E+013  1.000E-008  6.236E+001 -4.527E-034
 8.590E+013  1.000E-008  6.236E+001  9.380E-013
 8.610E+013  1.000E-008  6.236E+001 -9.380E-013
 8.630E+013  1.000E-008  6.236E+001  0.000E+000
 8.650E+013  1.000E-008  6.236E+001  0.000E+000
 8.670E+013  1.000E-008  6.236E+001  0.000E+000
 8.690E+013  1.000E-008  6.236E+001  0.000E+000
 8.710E+013  1.000E-008  6.236E+001  0.000E+000
 8.730E+013  1.000E-008  6.236E+001  0.000E+000
 8.750E+013  1.000E-008  6.236E+001  9.380E-013
 8.770E+013  1.000E-008  6.236E+001 -9.380E-013
 8.790E+013  1.000E-008  6.236E+001 -4.413E-034
 8.810E+013  1.000E-008  6.236E+001  9.380E-013
 8.830E+013  1.000E-008  6.236E+001 -9.380E-013
 8.850E+013  1.000E-008  6.236E+001  9.380E-013
 8.870E+013  1.000E-008  6.236E+001  9.380E-013
 8.890E+013  1.000E-008  6.236E+001 -1.876E-012
 8.910E+013  1.000E-008  6.236E+001  0.000E+000
 8.930E+013  1.000E-008  6.236E+001  0.000E+000
 8.950E+013  1.000E-008  6.236E+001  0.000E+000
 8.970E+013  1.000E-008  6.236E+001  0.000E+000
 8.990E+013  1.000E-008  6.236E+001  0.000E+000
 9.010E+013  1.000E-008  6.236E+001  9.380E-013
 9.030E+013  1.000E-008  6.236E+001 -8.592E-034
 9.050E+013  1.000E-008  6.236E+001 -9.380E-013
 9.070E+013  1.000E-008  6.236E+001  9.380E-013
 9.090E+013  1.000E-008  6.236E+001 -8.535E-034
 9.110E+013  1.000E-008  6.236E+001 -9.380E-013
 9.130E+013  1.000E-008  6.236E+001  0.000E+000
 9.150E+013  1.000E-008  6.236E+001  0.000E+000
 9.170E+013  1.000E-008  6.236E+001  0.000E+000
 9.190E+013  1.000E-008  6.236E+001  0.000E+000
 9.210E+013  1.000E-008  6.236E+001  0.000E+000
 9.230E+013  1.000E-008  6.236E+001  9.380E-013
 9.250E+013  1.000E-008  6.236E+001 -8.387E-034
 9.270E+013  1.000E-008  6.236E+001 -9.380E-013
 9.290E+013  1.000E-008  6.236E+001  0.000E+000
 9.310E+013  1.000E-008  6.236E+001  0.000E+000
 9.330E+013  1.000E-008  6.236E+001  0.000E+000
 9.350E+013  1.000E-008  6.236E+001  0.000E+000
 9.370E+013  1.000E-008  6.236E+001  9.380E-013
 9.390E+013  1.000E-008  6.236E+001 -9.380E-013
 9.410E+013  1.000E-008  6.236E+001  9.380E-013
 9.430E+013  1.000E-008  6.236E+001 -9.380E-013
 9.450E+013  1.000E-008  6.236E+001  0.000E+000
 9.470E+013  1.000E-008  6.236E+001  0.000E+000
 9.490E+013  1.000E-008  6.236E+001  0.000E+000
 9.510E+013  1.000E-008  6.236E+001  0.000E+000
 9.530E+013  1.000E-008  6.236E+001  9.380E-013
 9.550E+013  1.000E-008  6.236E+001 -9.380E-013
 9.570E+013  1.000E-008  6.236E+001 -3.537E-067
 9.590E+013  1.000E-008  6.236E+001 -9.691E-031
 9.610E+013  1.000E-008  6.236E+001 -9.380E-013
 9.630E+013  1.000E-008  6.236E+001  9.380E-013
 9.650E+013  1.000E-008  6.236E+001  9.683E-031
 9.670E+013  1.000E-008  6.236E+001  9.380E-013
 9.690E+013  1.000E-008  6.236E+001 -9.380E-013
 9.710E+013  1.000E-008  6.236E+001  0.000E+000
 9.730E+013  1.000E-008  6.236E+001  0.000E+000
 9.750E+013  1.000E-008  6.236E+001  0.000E+000
 9.770E+013  1.000E-008  6.236E+001  0.000E+000
 9.790E+013  1.000E-008  6.236E+001  0.000E+000
 9.810E+013  1.000E-008  6.236E+001  0.000E+000
 9.830E+013  1.000E-008  6.236E+001  0.000E+000
 9.850E+013  1.000E-008  6.236E+001  0.000E+000
 9.870E+013  1.000E-008  6.236E+001  0.000E+000
 9.890E+013  1.000E-008  6.236E+001  0.000E+000
 9.910E+013  1.000E-008  6.236E+001  0.000E+000
 9.930E+013  1.000E-008  6.236E+001  0.000E+000
 9.950E+013  1.000E-008  6.236E+001  9.380E-013
 9.970E+013  1.000E-008  6.236E+001 -9.380E-013
 9.990E+013  1.000E-008  6.236E+001  0.000E+000
 1.001E+014  1.000E-099  1.000E-099  0.000E+000
 1.003E+014  1.000E-099  1.000E-099  0.000E+000
 8.372E-003
