 1.206E+004
     x1b        dens       energ       v1
 1.000E+011  1.188E-010  2.179E+008  0.000E+000
 3.000E+011  1.226E-010  2.208E+008  1.028E+007
 5.000E+011  1.285E-010  2.198E+008  5.659E+006
 7.000E+011  1.361E-010  2.203E+008  1.268E+007
 9.000E+011  1.424E-010  2.202E+008  1.564E+007
 1.100E+012  1.465E-010  2.204E+008  1.977E+007
 1.300E+012  1.471E-010  2.203E+008  2.336E+007
 1.500E+012  1.470E-010  2.203E+008  2.739E+007
 1.700E+012  1.464E-010  2.205E+008  3.113E+007
 1.900E+012  1.459E-010  2.205E+008  3.511E+007
 2.100E+012  1.460E-010  2.206E+008  3.940E+007
 2.300E+012  1.467E-010  2.208E+008  4.345E+007
 2.500E+012  1.486E-010  2.209E+008  4.718E+007
 2.700E+012  1.526E-010  2.209E+008  5.098E+007
 2.900E+012  1.601E-010  2.211E+008  5.502E+007
 3.100E+012  1.724E-010  2.213E+008  5.909E+007
 3.300E+012  1.918E-010  2.215E+008  6.329E+007
 3.500E+012  2.218E-010  2.217E+008  6.755E+007
 3.700E+012  2.673E-010  2.221E+008  7.153E+007
 3.900E+012  3.353E-010  2.224E+008  7.571E+007
 4.100E+012  4.348E-010  2.231E+008  8.020E+007
 4.300E+012  5.748E-010  2.238E+008  8.460E+007
 4.500E+012  7.626E-010  2.249E+008  8.881E+007
 4.700E+012  9.994E-010  2.264E+008  9.306E+007
 4.900E+012  1.280E-009  2.282E+008  9.715E+007
 5.100E+012  1.596E-009  2.305E+008  1.010E+008
 5.300E+012  1.943E-009  2.333E+008  1.048E+008
 5.500E+012  2.321E-009  2.369E+008  1.087E+008
 5.700E+012  2.742E-009  2.416E+008  1.128E+008
 5.900E+012  3.223E-009  2.474E+008  1.172E+008
 6.100E+012  3.787E-009  2.545E+008  1.216E+008
 6.300E+012  4.467E-009  2.628E+008  1.261E+008
 6.500E+012  5.317E-009  2.740E+008  1.308E+008
 6.700E+012  6.403E-009  2.892E+008  1.364E+008
 6.900E+012  7.828E-009  3.112E+008  1.428E+008
 7.100E+012  9.747E-009  3.438E+008  1.513E+008
 7.300E+012  1.204E-008  3.755E+008  1.597E+008
 7.500E+012  1.477E-008  4.077E+008  1.639E+008
 7.700E+012  1.960E-008  5.044E+008  1.725E+008
 7.900E+012  2.591E-008  6.254E+008  1.936E+008
 8.100E+012  2.678E-008  5.204E+008  1.940E+008
 8.300E+012  2.080E-008  2.180E+008  1.641E+008
 8.500E+012  1.321E-008  2.784E+007  1.001E+008
 8.700E+012  1.045E-008  3.084E+005  2.961E+007
 8.900E+012  1.001E-008  6.866E+001  1.243E+006
 9.100E+012  1.000E-008  6.236E+001  6.855E+002
 9.300E+012  1.000E-008  6.236E+001  4.780E-005
 9.500E+012  1.000E-008  6.236E+001  5.318E-015
 9.700E+012  1.000E-008  6.236E+001  1.856E-038
 9.900E+012  1.000E-008  6.236E+001  2.142E-013
 1.010E+013  1.000E-008  6.236E+001 -4.284E-014
 1.030E+013  1.000E-008  6.236E+001 -1.714E-013
 1.050E+013  1.000E-008  6.236E+001  0.000E+000
 1.070E+013  1.000E-008  6.236E+001  0.000E+000
 1.090E+013  1.000E-008  6.236E+001  0.000E+000
 1.110E+013  1.000E-008  6.236E+001  0.000E+000
 1.130E+013  1.000E-008  6.236E+001  4.285E-014
 1.150E+013  1.000E-008  6.236E+001 -4.285E-014
 1.170E+013  1.000E-008  6.236E+001  0.000E+000
 1.190E+013  1.000E-008  6.236E+001  0.000E+000
 1.210E+013  1.000E-008  6.236E+001  4.285E-014
 1.230E+013  1.000E-008  6.236E+001 -6.091E-037
 1.250E+013  1.000E-008  6.236E+001 -4.285E-014
 1.270E+013  1.000E-008  6.236E+001  0.000E+000
 1.290E+013  1.000E-008  6.236E+001  0.000E+000
 1.310E+013  1.000E-008  6.236E+001  0.000E+000
 1.330E+013  1.000E-008  6.236E+001  0.000E+000
 1.350E+013  1.000E-008  6.236E+001  0.000E+000
 1.370E+013  1.000E-008  6.236E+001  0.000E+000
 1.390E+013  1.000E-008  6.236E+001  1.714E-013
 1.410E+013  1.000E-008  6.236E+001 -1.714E-013
 1.430E+013  1.000E-008  6.236E+001 -6.413E-013
 1.450E+013  1.000E-008  6.236E+001  6.413E-013
 1.470E+013  1.000E-008  6.236E+001  1.285E-013
 1.490E+013  1.000E-008  6.236E+001 -1.285E-013
 1.510E+013  1.000E-008  6.236E+001  0.000E+000
 1.530E+013  1.000E-008  6.236E+001  0.000E+000
 1.550E+013  1.000E-008  6.236E+001  0.000E+000
 1.570E+013  1.000E-008  6.236E+001  0.000E+000
 1.590E+013  1.000E-008  6.236E+001  4.285E-014
 1.610E+013  1.000E-008  6.236E+001 -4.644E-037
 1.630E+013  1.000E-008  6.236E+001 -4.285E-014
 1.650E+013  1.000E-008  6.236E+001 -4.284E-014
 1.670E+013  1.000E-008  6.236E+001  4.284E-014
 1.690E+013  1.000E-008  6.236E+001  9.266E-035
 1.710E+013  1.000E-008  6.236E+001  1.455E-076
 1.730E+013  1.000E-008  6.236E+001  1.636E-160
 1.750E+013  1.000E-008  6.236E+001  0.000E+000
 1.770E+013  1.000E-008  6.236E+001  0.000E+000
 1.790E+013  1.000E-008  6.236E+001  0.000E+000
 1.810E+013  1.000E-008  6.236E+001  0.000E+000
 1.830E+013  1.000E-008  6.236E+001  4.285E-014
 1.850E+013  1.000E-008  6.236E+001 -4.285E-014
 1.870E+013  1.000E-008  6.236E+001  1.714E-013
 1.890E+013  1.000E-008  6.236E+001 -2.571E-013
 1.910E+013  1.000E-008  6.236E+001  1.714E-013
 1.930E+013  1.000E-008  6.236E+001 -8.569E-014
 1.950E+013  1.000E-008  6.236E+001  0.000E+000
 1.970E+013  1.000E-008  6.236E+001  0.000E+000
 1.990E+013  1.000E-008  6.236E+001  0.000E+000
 2.010E+013  1.000E-008  6.236E+001  0.000E+000
 2.030E+013  1.000E-008  6.236E+001  0.000E+000
 2.050E+013  1.000E-008  6.236E+001  0.000E+000
 2.070E+013  1.000E-008  6.236E+001  0.000E+000
 2.090E+013  1.000E-008  6.236E+001  4.285E-014
 2.110E+013  1.000E-008  6.236E+001 -3.539E-037
 2.130E+013  1.000E-008  6.236E+001 -4.285E-014
 2.150E+013  1.000E-008  6.236E+001  0.000E+000
 2.170E+013  1.000E-008  6.236E+001  0.000E+000
 2.190E+013  1.000E-008  6.236E+001  0.000E+000
 2.210E+013  1.000E-008  6.236E+001  0.000E+000
 2.230E+013  1.000E-008  6.236E+001  0.000E+000
 2.250E+013  1.000E-008  6.236E+001  0.000E+000
 2.270E+013  1.000E-008  6.236E+001  4.285E-014
 2.290E+013  1.000E-008  6.236E+001 -3.259E-037
 2.310E+013  1.000E-008  6.236E+001 -4.285E-014
 2.330E+013  1.000E-008  6.236E+001  0.000E+000
 2.350E+013  1.000E-008  6.236E+001  0.000E+000
 2.370E+013  1.000E-008  6.236E+001  4.285E-014
 2.390E+013  1.000E-008  6.236E+001 -4.285E-014
 2.410E+013  1.000E-008  6.236E+001  0.000E+000
 2.430E+013  1.000E-008  6.236E+001  0.000E+000
 2.450E+013  1.000E-008  6.236E+001  0.000E+000
 2.470E+013  1.000E-008  6.236E+001  4.285E-014
 2.490E+013  1.000E-008  6.236E+001 -4.285E-014
 2.510E+013  1.000E-008  6.236E+001  4.285E-014
 2.530E+013  1.000E-008  6.236E+001 -4.285E-014
 2.550E+013  1.000E-008  6.236E+001  0.000E+000
 2.570E+013  1.000E-008  6.236E+001 -4.252E-158
 2.590E+013  1.000E-008  6.236E+001 -2.346E-075
 2.610E+013  1.000E-008  6.236E+001 -3.721E-034
 2.630E+013  1.000E-008  6.236E+001 -8.569E-014
 2.650E+013  1.000E-008  6.236E+001  8.569E-014
 2.670E+013  1.000E-008  6.236E+001  3.710E-034
 2.690E+013  1.000E-008  6.236E+001  2.332E-075
 2.710E+013  1.000E-008  6.236E+001  4.285E-014
 2.730E+013  1.000E-008  6.236E+001 -4.285E-014
 2.750E+013  1.000E-008  6.236E+001  1.285E-013
 2.770E+013  1.000E-008  6.236E+001 -1.285E-013
 2.790E+013  1.000E-008  6.236E+001  0.000E+000
 2.810E+013  1.000E-008  6.236E+001  0.000E+000
 2.830E+013  1.000E-008  6.236E+001  2.142E-013
 2.850E+013  1.000E-008  6.236E+001 -4.284E-014
 2.870E+013  1.000E-008  6.236E+001 -1.714E-013
 2.890E+013  1.000E-008  6.236E+001 -1.454E-034
 2.910E+013  1.000E-008  6.236E+001  2.999E-013
 2.930E+013  1.000E-008  6.236E+001 -2.999E-013
 2.950E+013  1.000E-008  6.236E+001  0.000E+000
 2.970E+013  1.000E-008  6.236E+001  0.000E+000
 2.990E+013  1.000E-008  6.236E+001  0.000E+000
 3.010E+013  1.000E-008  6.236E+001  4.285E-014
 3.030E+013  1.000E-008  6.236E+001 -4.285E-014
 3.050E+013  1.000E-008  6.236E+001  4.285E-014
 3.070E+013  1.000E-008  6.236E+001 -4.285E-014
 3.090E+013  1.000E-008  6.236E+001  4.285E-014
 3.110E+013  1.000E-008  6.236E+001  4.284E-014
 3.130E+013  1.000E-008  6.236E+001 -8.569E-014
 3.150E+013  1.000E-008  6.236E+001  0.000E+000
 3.170E+013  1.000E-008  6.236E+001  0.000E+000
 3.190E+013  1.000E-008  6.236E+001  0.000E+000
 3.210E+013  1.000E-008  6.236E+001  0.000E+000
 3.230E+013  1.000E-008  6.236E+001  0.000E+000
 3.250E+013  1.000E-008  6.236E+001  0.000E+000
 3.270E+013  1.000E-008  6.236E+001  0.000E+000
 3.290E+013  1.000E-008  6.236E+001 -1.659E-160
 3.310E+013  1.000E-008  6.236E+001 -1.466E-076
 3.330E+013  1.000E-008  6.236E+001 -9.299E-035
 3.350E+013  1.000E-008  6.236E+001 -4.284E-014
 3.370E+013  1.000E-008  6.236E+001  4.284E-014
 3.390E+013  1.000E-008  6.236E+001  9.277E-035
 3.410E+013  1.000E-008  6.236E+001  1.459E-076
 3.430E+013  1.000E-008  6.236E+001  1.643E-160
 3.450E+013  1.000E-008  6.236E+001  8.569E-014
 3.470E+013  1.000E-008  6.236E+001 -8.569E-014
 3.490E+013  1.000E-008  6.236E+001  0.000E+000
 3.510E+013  1.000E-008  6.236E+001  0.000E+000
 3.530E+013  1.000E-008  6.236E+001  0.000E+000
 3.550E+013  1.000E-008  6.236E+001  0.000E+000
 3.570E+013  1.000E-008  6.236E+001  8.569E-014
 3.590E+013  1.000E-008  6.236E+001 -4.284E-014
 3.610E+013  1.000E-008  6.236E+001 -9.299E-035
 3.630E+013  1.000E-008  6.236E+001 -4.285E-014
 3.650E+013  1.000E-008  6.236E+001 -4.284E-014
 3.670E+013  1.000E-008  6.236E+001  4.284E-014
 3.690E+013  1.000E-008  6.236E+001  4.285E-014
 3.710E+013  1.000E-008  6.236E+001 -4.285E-014
 3.730E+013  1.000E-008  6.236E+001 -9.988E-038
 3.750E+013  1.000E-008  6.236E+001  4.285E-014
 3.770E+013  1.000E-008  6.236E+001 -4.285E-014
 3.790E+013  1.000E-008  6.236E+001  0.000E+000
 3.810E+013  1.000E-008  6.236E+001  0.000E+000
 3.830E+013  1.000E-008  6.236E+001  4.285E-014
 3.850E+013  1.000E-008  6.236E+001 -4.285E-014
 3.870E+013  1.000E-008  6.236E+001 -9.298E-035
 3.890E+013  1.000E-008  6.236E+001 -4.284E-014
 3.910E+013  1.000E-008  6.236E+001 -2.815E-035
 3.930E+013  1.000E-008  6.236E+001  1.285E-013
 3.950E+013  1.000E-008  6.236E+001 -4.284E-014
 3.970E+013  1.000E-008  6.236E+001  1.285E-013
 3.990E+013  1.000E-008  6.236E+001 -1.714E-013
 4.010E+013  1.000E-008  6.236E+001  0.000E+000
 4.030E+013  1.000E-008  6.236E+001  0.000E+000
 4.050E+013  1.000E-008  6.236E+001  0.000E+000
 4.070E+013  1.000E-008  6.236E+001  0.000E+000
 4.090E+013  1.000E-008  6.236E+001  1.561E-012
 4.110E+013  1.000E-008  6.236E+001 -1.561E-012
 4.130E+013  1.000E-008  6.236E+001  1.106E-012
 4.150E+013  1.000E-008  6.236E+001 -1.106E-012
 4.170E+013  1.000E-008  6.236E+001  3.855E-013
 4.190E+013  1.000E-008  6.236E+001 -3.426E-013
 4.210E+013  1.000E-008  6.236E+001 -9.297E-035
 4.230E+013  1.000E-008  6.236E+001 -4.285E-014
 4.250E+013  1.000E-008  6.236E+001  0.000E+000
 4.270E+013  1.000E-008  6.236E+001  0.000E+000
 4.290E+013  1.000E-008  6.236E+001  0.000E+000
 4.310E+013  1.000E-008  6.236E+001  0.000E+000
 4.330E+013  1.000E-008  6.236E+001  0.000E+000
 4.350E+013  1.000E-008  6.236E+001  0.000E+000
 4.370E+013  1.000E-008  6.236E+001  0.000E+000
 4.390E+013  1.000E-008  6.236E+001  0.000E+000
 4.410E+013  1.000E-008  6.236E+001  0.000E+000
 4.430E+013  1.000E-008  6.236E+001  0.000E+000
 4.450E+013  1.000E-008  6.236E+001  0.000E+000
 4.470E+013  1.000E-008  6.236E+001  4.285E-014
 4.490E+013  1.000E-008  6.236E+001 -1.659E-037
 4.510E+013  1.000E-008  6.236E+001 -4.285E-014
 4.530E+013  1.000E-008  6.236E+001  0.000E+000
 4.550E+013  1.000E-008  6.236E+001 -1.657E-160
 4.570E+013  1.000E-008  6.236E+001 -1.465E-076
 4.590E+013  1.000E-008  6.236E+001 -9.296E-035
 4.610E+013  1.000E-008  6.236E+001 -4.284E-014
 4.630E+013  1.000E-008  6.236E+001  4.284E-014
 4.650E+013  1.000E-008  6.236E+001  4.285E-014
 4.670E+013  1.000E-008  6.236E+001 -4.285E-014
 4.690E+013  1.000E-008  6.236E+001  4.285E-014
 4.710E+013  1.000E-008  6.236E+001 -4.285E-014
 4.730E+013  1.000E-008  6.236E+001  0.000E+000
 4.750E+013  1.000E-008  6.236E+001  0.000E+000
 4.770E+013  1.000E-008  6.236E+001  0.000E+000
 4.790E+013  1.000E-008  6.236E+001  4.285E-014
 4.810E+013  1.000E-008  6.236E+001 -4.285E-014
 4.830E+013  1.000E-008  6.236E+001 -7.708E-038
 4.850E+013  1.000E-008  6.236E+001  4.285E-014
 4.870E+013  1.000E-008  6.236E+001 -4.285E-014
 4.890E+013  1.000E-008  6.236E+001  0.000E+000
 4.910E+013  1.000E-008  6.236E+001  0.000E+000
 4.930E+013  1.000E-008  6.236E+001  0.000E+000
 4.950E+013  1.000E-008  6.236E+001  0.000E+000
 4.970E+013  1.000E-008  6.236E+001  0.000E+000
 4.990E+013  1.000E-008  6.236E+001  8.569E-014
 5.010E+013  1.000E-008  6.236E+001 -1.285E-013
 5.030E+013  1.000E-008  6.236E+001  4.284E-014
 5.050E+013  1.000E-008  6.236E+001  9.281E-035
 5.070E+013  1.000E-008  6.236E+001  1.460E-076
 5.090E+013  1.000E-008  6.236E+001  1.646E-160
 5.110E+013  1.000E-008  6.236E+001  4.285E-014
 5.130E+013  1.000E-008  6.236E+001 -4.285E-014
 5.150E+013  1.000E-008  6.236E+001  0.000E+000
 5.170E+013  1.000E-008  6.236E+001  0.000E+000
 5.190E+013  1.000E-008  6.236E+001  0.000E+000
 5.210E+013  1.000E-008  6.236E+001 -1.656E-160
 5.230E+013  1.000E-008  6.236E+001 -1.464E-076
 5.250E+013  1.000E-008  6.236E+001 -9.295E-035
 5.270E+013  1.000E-008  6.236E+001 -4.284E-014
 5.290E+013  1.000E-008  6.236E+001  4.284E-014
 5.310E+013  1.000E-008  6.236E+001  9.281E-035
 5.330E+013  1.000E-008  6.236E+001  1.460E-076
 5.350E+013  1.000E-008  6.236E+001  8.569E-014
 5.370E+013  1.000E-008  6.236E+001 -8.569E-014
 5.390E+013  1.000E-008  6.236E+001  1.225E-035
 5.410E+013  1.000E-008  6.236E+001  4.285E-014
 5.430E+013  1.000E-008  6.236E+001  4.284E-014
 5.450E+013  1.000E-008  6.236E+001  4.284E-014
 5.470E+013  1.000E-008  6.236E+001 -1.285E-013
 5.490E+013  1.000E-008  6.236E+001 -9.295E-035
 5.510E+013  1.000E-008  6.236E+001 -4.284E-014
 5.530E+013  1.000E-008  6.236E+001  8.569E-014
 5.550E+013  1.000E-008  6.236E+001 -1.714E-013
 5.570E+013  1.000E-008  6.236E+001  8.568E-014
 5.590E+013  1.000E-008  6.236E+001  4.284E-014
 5.610E+013  1.000E-008  6.236E+001 -4.284E-014
 5.630E+013  1.000E-008  6.236E+001  4.284E-014
 5.650E+013  1.000E-008  6.236E+001 -2.570E-013
 5.670E+013  1.000E-008  6.236E+001  2.570E-013
 5.690E+013  1.000E-008  6.236E+001  2.570E-013
 5.710E+013  1.000E-008  6.236E+001 -2.570E-013
 5.730E+013  1.000E-008  6.236E+001  2.999E-013
 5.750E+013  1.000E-008  6.236E+001 -6.425E-013
 5.770E+013  1.000E-008  6.236E+001 -4.278E-014
 5.790E+013  1.000E-008  6.236E+001  3.854E-013
 5.810E+013  1.000E-008  6.236E+001  2.006E-012
 5.830E+013  1.000E-008  6.236E+001 -2.006E-012
 5.850E+013  1.000E-008  6.236E+001  0.000E+000
 5.870E+013  1.000E-008  6.236E+001  0.000E+000
 5.890E+013  1.000E-008  6.236E+001  0.000E+000
 5.910E+013  1.000E-008  6.236E+001  0.000E+000
 5.930E+013  1.000E-008  6.236E+001  0.000E+000
 5.950E+013  1.000E-008  6.236E+001  0.000E+000
 5.970E+013  1.000E-008  6.236E+001  0.000E+000
 5.990E+013  1.000E-008  6.236E+001  0.000E+000
 6.010E+013  1.000E-008  6.236E+001  0.000E+000
 6.030E+013  1.000E-008  6.236E+001  4.285E-014
 6.050E+013  1.000E-008  6.236E+001 -4.285E-014
 6.070E+013  1.000E-008  6.236E+001  4.285E-014
 6.090E+013  1.000E-008  6.236E+001 -4.285E-014
 6.110E+013  1.000E-008  6.236E+001  0.000E+000
 6.130E+013  1.000E-008  6.236E+001  0.000E+000
 6.150E+013  1.000E-008  6.236E+001  0.000E+000
 6.170E+013  1.000E-008  6.236E+001  4.285E-014
 6.190E+013  1.000E-008  6.236E+001 -4.285E-014
 6.210E+013  1.000E-008  6.236E+001  0.000E+000
 6.230E+013  1.000E-008  6.236E+001  0.000E+000
 6.250E+013  1.000E-008  6.236E+001  0.000E+000
 6.270E+013  1.000E-008  6.236E+001  0.000E+000
 6.290E+013  1.000E-008  6.236E+001  0.000E+000
 6.310E+013  1.000E-008  6.236E+001  0.000E+000
 6.330E+013  1.000E-008  6.236E+001  0.000E+000
 6.350E+013  1.000E-008  6.236E+001  4.285E-014
 6.370E+013  1.000E-008  6.236E+001 -4.285E-014
 6.390E+013  1.000E-008  6.236E+001  0.000E+000
 6.410E+013  1.000E-008  6.236E+001  0.000E+000
 6.430E+013  1.000E-008  6.236E+001  0.000E+000
 6.450E+013  1.000E-008  6.236E+001  0.000E+000
 6.470E+013  1.000E-008  6.236E+001  4.285E-014
 6.490E+013  1.000E-008  6.236E+001 -4.285E-014
 6.510E+013  1.000E-008  6.236E+001  0.000E+000
 6.530E+013  1.000E-008  6.236E+001  0.000E+000
 6.550E+013  1.000E-008  6.236E+001  0.000E+000
 6.570E+013  1.000E-008  6.236E+001  0.000E+000
 6.590E+013  1.000E-008  6.236E+001  4.285E-014
 6.610E+013  1.000E-008  6.236E+001 -4.285E-014
 6.630E+013  1.000E-008  6.236E+001  0.000E+000
 6.650E+013  1.000E-008  6.236E+001  0.000E+000
 6.670E+013  1.000E-008  6.236E+001  0.000E+000
 6.690E+013  1.000E-008  6.236E+001  4.285E-014
 6.710E+013  1.000E-008  6.236E+001 -4.285E-014
 6.730E+013  1.000E-008  6.236E+001  0.000E+000
 6.750E+013  1.000E-008  6.236E+001  0.000E+000
 6.770E+013  1.000E-008  6.236E+001  4.285E-014
 6.790E+013  1.000E-008  6.236E+001 -4.285E-014
 6.810E+013  1.000E-008  6.236E+001  4.285E-014
 6.830E+013  1.000E-008  6.236E+001 -1.090E-037
 6.850E+013  1.000E-008  6.236E+001 -4.285E-014
 6.870E+013  1.000E-008  6.236E+001  0.000E+000
 6.890E+013  1.000E-008  6.236E+001  0.000E+000
 6.910E+013  1.000E-008  6.236E+001  0.000E+000
 6.930E+013  1.000E-008  6.236E+001  4.285E-014
 6.950E+013  1.000E-008  6.236E+001 -4.285E-014
 6.970E+013  1.000E-008  6.236E+001  0.000E+000
 6.990E+013  1.000E-008  6.236E+001  0.000E+000
 7.010E+013  1.000E-008  6.236E+001  0.000E+000
 7.030E+013  1.000E-008  6.236E+001  0.000E+000
 7.050E+013  1.000E-008  6.236E+001  0.000E+000
 7.070E+013  1.000E-008  6.236E+001  0.000E+000
 7.090E+013  1.000E-008  6.236E+001  0.000E+000
 7.110E+013  1.000E-008  6.236E+001  0.000E+000
 7.130E+013  1.000E-008  6.236E+001  0.000E+000
 7.150E+013  1.000E-008  6.236E+001  0.000E+000
 7.170E+013  1.000E-008  6.236E+001  0.000E+000
 7.190E+013  1.000E-008  6.236E+001  4.285E-014
 7.210E+013  1.000E-008  6.236E+001 -4.285E-014
 7.230E+013  1.000E-008  6.236E+001  0.000E+000
 7.250E+013  1.000E-008  6.236E+001  0.000E+000
 7.270E+013  1.000E-008  6.236E+001  8.569E-014
 7.290E+013  1.000E-008  6.236E+001 -4.083E-037
 7.310E+013  1.000E-008  6.236E+001 -8.569E-014
 7.330E+013  1.000E-008  6.236E+001 -9.293E-035
 7.350E+013  1.000E-008  6.236E+001 -4.284E-014
 7.370E+013  1.000E-008  6.236E+001  4.284E-014
 7.390E+013  1.000E-008  6.236E+001  9.283E-035
 7.410E+013  1.000E-008  6.236E+001  1.460E-076
 7.430E+013  1.000E-008  6.236E+001  1.648E-160
 7.450E+013  1.000E-008  6.236E+001  0.000E+000
 7.470E+013  1.000E-008  6.236E+001  0.000E+000
 7.490E+013  1.000E-008  6.236E+001  0.000E+000
 7.510E+013  1.000E-008  6.236E+001  0.000E+000
 7.530E+013  1.000E-008  6.236E+001  0.000E+000
 7.550E+013  1.000E-008  6.236E+001  0.000E+000
 7.570E+013  1.000E-008  6.236E+001  0.000E+000
 7.590E+013  1.000E-008  6.236E+001  0.000E+000
 7.610E+013  1.000E-008  6.236E+001  0.000E+000
 7.630E+013  1.000E-008  6.236E+001  0.000E+000
 7.650E+013  1.000E-008  6.236E+001  0.000E+000
 7.670E+013  1.000E-008  6.236E+001  8.569E-014
 7.690E+013  1.000E-008  6.236E+001 -8.569E-014
 7.710E+013  1.000E-008  6.236E+001  1.285E-013
 7.730E+013  1.000E-008  6.236E+001 -1.285E-013
 7.750E+013  1.000E-008  6.236E+001  2.200E-035
 7.770E+013  1.000E-008  6.236E+001  8.569E-014
 7.790E+013  1.000E-008  6.236E+001 -2.571E-013
 7.810E+013  1.000E-008  6.236E+001  2.571E-013
 7.830E+013  1.000E-008  6.236E+001 -8.569E-014
 7.850E+013  1.000E-008  6.236E+001 -1.032E-076
 7.870E+013  1.000E-008  6.236E+001 -7.803E-035
 7.890E+013  1.000E-008  6.236E+001 -4.284E-014
 7.910E+013  1.000E-008  6.236E+001 -2.142E-013
 7.930E+013  1.000E-008  6.236E+001  1.285E-013
 7.950E+013  1.000E-008  6.236E+001  1.285E-013
 7.970E+013  1.000E-008  6.236E+001 -1.714E-013
 7.990E+013  1.000E-008  6.236E+001  1.714E-013
 8.010E+013  1.000E-008  6.236E+001  1.485E-033
 8.030E+013  1.000E-008  6.236E+001  3.737E-074
 8.050E+013  1.000E-008  6.236E+001  1.079E-155
 8.070E+013  1.000E-008  6.236E+001 -4.375E-312
 8.090E+013  1.000E-008  6.236E+001 -3.503E-152
 8.110E+013  1.000E-008  6.236E+001 -2.131E-072
 8.130E+013  1.000E-008  6.236E+001 -1.122E-032
 8.150E+013  1.000E-008  6.236E+001 -4.709E-013
 8.170E+013  1.000E-008  6.236E+001  5.994E-013
 8.190E+013  1.000E-008  6.236E+001 -1.285E-013
 8.210E+013  1.000E-008  6.236E+001  0.000E+000
 8.230E+013  1.000E-008  6.236E+001  0.000E+000
 8.250E+013  1.000E-008  6.236E+001  0.000E+000
 8.270E+013  1.000E-008  6.236E+001  0.000E+000
 8.290E+013  1.000E-008  6.236E+001  1.714E-013
 8.310E+013  1.000E-008  6.236E+001 -1.714E-013
 8.330E+013  1.000E-008  6.236E+001 -9.019E-035
 8.350E+013  1.000E-008  6.236E+001  2.570E-013
 8.370E+013  1.000E-008  6.236E+001 -2.142E-013
 8.390E+013  1.000E-008  6.236E+001 -9.293E-035
 8.410E+013  1.000E-008  6.236E+001 -4.285E-014
 8.430E+013  1.000E-008  6.236E+001  4.285E-014
 8.450E+013  1.000E-008  6.236E+001 -8.804E-038
 8.470E+013  1.000E-008  6.236E+001 -4.285E-014
 8.490E+013  1.000E-008  6.236E+001 -4.381E-038
 8.510E+013  1.000E-008  6.236E+001  4.285E-014
 8.530E+013  1.000E-008  6.236E+001 -8.722E-038
 8.550E+013  1.000E-008  6.236E+001 -4.285E-014
 8.570E+013  1.000E-008  6.236E+001 -4.340E-038
 8.590E+013  1.000E-008  6.236E+001  4.285E-014
 8.610E+013  1.000E-008  6.236E+001 -4.285E-014
 8.630E+013  1.000E-008  6.236E+001  0.000E+000
 8.650E+013  1.000E-008  6.236E+001  0.000E+000
 8.670E+013  1.000E-008  6.236E+001  0.000E+000
 8.690E+013  1.000E-008  6.236E+001  0.000E+000
 8.710E+013  1.000E-008  6.236E+001  0.000E+000
 8.730E+013  1.000E-008  6.236E+001  0.000E+000
 8.750E+013  1.000E-008  6.236E+001  4.285E-014
 8.770E+013  1.000E-008  6.236E+001 -4.285E-014
 8.790E+013  1.000E-008  6.236E+001 -4.232E-038
 8.810E+013  1.000E-008  6.236E+001  4.285E-014
 8.830E+013  1.000E-008  6.236E+001 -4.285E-014
 8.850E+013  1.000E-008  6.236E+001  4.285E-014
 8.870E+013  1.000E-008  6.236E+001  4.284E-014
 8.890E+013  1.000E-008  6.236E+001 -8.569E-014
 8.910E+013  1.000E-008  6.236E+001  0.000E+000
 8.930E+013  1.000E-008  6.236E+001  0.000E+000
 8.950E+013  1.000E-008  6.236E+001  0.000E+000
 8.970E+013  1.000E-008  6.236E+001  0.000E+000
 8.990E+013  1.000E-008  6.236E+001  0.000E+000
 9.010E+013  1.000E-008  6.236E+001  4.285E-014
 9.030E+013  1.000E-008  6.236E+001 -8.238E-038
 9.050E+013  1.000E-008  6.236E+001 -4.285E-014
 9.070E+013  1.000E-008  6.236E+001  4.285E-014
 9.090E+013  1.000E-008  6.236E+001 -8.184E-038
 9.110E+013  1.000E-008  6.236E+001 -4.285E-014
 9.130E+013  1.000E-008  6.236E+001  0.000E+000
 9.150E+013  1.000E-008  6.236E+001  0.000E+000
 9.170E+013  1.000E-008  6.236E+001  0.000E+000
 9.190E+013  1.000E-008  6.236E+001  0.000E+000
 9.210E+013  1.000E-008  6.236E+001  0.000E+000
 9.230E+013  1.000E-008  6.236E+001  4.285E-014
 9.250E+013  1.000E-008  6.236E+001 -8.042E-038
 9.270E+013  1.000E-008  6.236E+001 -4.285E-014
 9.290E+013  1.000E-008  6.236E+001  0.000E+000
 9.310E+013  1.000E-008  6.236E+001  0.000E+000
 9.330E+013  1.000E-008  6.236E+001  0.000E+000
 9.350E+013  1.000E-008  6.236E+001  0.000E+000
 9.370E+013  1.000E-008  6.236E+001  4.285E-014
 9.390E+013  1.000E-008  6.236E+001 -4.285E-014
 9.410E+013  1.000E-008  6.236E+001  4.285E-014
 9.430E+013  1.000E-008  6.236E+001 -4.285E-014
 9.450E+013  1.000E-008  6.236E+001  0.000E+000
 9.470E+013  1.000E-008  6.236E+001  0.000E+000
 9.490E+013  1.000E-008  6.236E+001  0.000E+000
 9.510E+013  1.000E-008  6.236E+001  0.000E+000
 9.530E+013  1.000E-008  6.236E+001  4.285E-014
 9.550E+013  1.000E-008  6.236E+001 -4.285E-014
 9.570E+013  1.000E-008  6.236E+001 -1.463E-076
 9.590E+013  1.000E-008  6.236E+001 -9.292E-035
 9.610E+013  1.000E-008  6.236E+001 -4.284E-014
 9.630E+013  1.000E-008  6.236E+001  4.284E-014
 9.650E+013  1.000E-008  6.236E+001  9.284E-035
 9.670E+013  1.000E-008  6.236E+001  4.285E-014
 9.690E+013  1.000E-008  6.236E+001 -4.285E-014
 9.710E+013  1.000E-008  6.236E+001  0.000E+000
 9.730E+013  1.000E-008  6.236E+001  0.000E+000
 9.750E+013  1.000E-008  6.236E+001  0.000E+000
 9.770E+013  1.000E-008  6.236E+001  0.000E+000
 9.790E+013  1.000E-008  6.236E+001  0.000E+000
 9.810E+013  1.000E-008  6.236E+001  0.000E+000
 9.830E+013  1.000E-008  6.236E+001  0.000E+000
 9.850E+013  1.000E-008  6.236E+001  0.000E+000
 9.870E+013  1.000E-008  6.236E+001  0.000E+000
 9.890E+013  1.000E-008  6.236E+001  0.000E+000
 9.910E+013  1.000E-008  6.236E+001  0.000E+000
 9.930E+013  1.000E-008  6.236E+001  0.000E+000
 9.950E+013  1.000E-008  6.236E+001  4.285E-014
 9.970E+013  1.000E-008  6.236E+001 -4.285E-014
 9.990E+013  1.000E-008  6.236E+001  0.000E+000
 1.001E+014  1.000E-099  1.000E-099  0.000E+000
 1.003E+014  1.000E-099  1.000E-099  0.000E+000
 3.824E-004
