 1.800E+004
     x1b        dens       energ       v1
 1.000E+011  7.553E-012  2.209E+009  0.000E+000
 3.000E+011  7.565E-012  2.209E+009  3.551E+006
 5.000E+011  7.603E-012  2.209E+009  5.002E+006
 7.000E+011  7.678E-012  2.209E+009  8.175E+006
 9.000E+011  7.792E-012  2.209E+009  1.061E+007
 1.100E+012  7.940E-012  2.209E+009  1.340E+007
 1.300E+012  8.111E-012  2.209E+009  1.602E+007
 1.500E+012  8.297E-012  2.209E+009  1.871E+007
 1.700E+012  8.490E-012  2.209E+009  2.138E+007
 1.900E+012  8.685E-012  2.209E+009  2.405E+007
 2.100E+012  8.875E-012  2.209E+009  2.672E+007
 2.300E+012  9.049E-012  2.209E+009  2.940E+007
 2.500E+012  9.184E-012  2.209E+009  3.207E+007
 2.700E+012  9.259E-012  2.209E+009  3.474E+007
 2.900E+012  9.279E-012  2.209E+009  3.741E+007
 3.100E+012  9.280E-012  2.209E+009  4.008E+007
 3.300E+012  9.280E-012  2.209E+009  4.276E+007
 3.500E+012  9.278E-012  2.209E+009  4.543E+007
 3.700E+012  9.273E-012  2.209E+009  4.810E+007
 3.900E+012  9.264E-012  2.209E+009  5.077E+007
 4.100E+012  9.251E-012  2.209E+009  5.345E+007
 4.300E+012  9.237E-012  2.209E+009  5.612E+007
 4.500E+012  9.229E-012  2.209E+009  5.879E+007
 4.700E+012  9.228E-012  2.209E+009  6.146E+007
 4.900E+012  9.229E-012  2.209E+009  6.413E+007
 5.100E+012  9.231E-012  2.209E+009  6.681E+007
 5.300E+012  9.236E-012  2.209E+009  6.948E+007
 5.500E+012  9.247E-012  2.210E+009  7.215E+007
 5.700E+012  9.267E-012  2.210E+009  7.482E+007
 5.900E+012  9.297E-012  2.210E+009  7.750E+007
 6.100E+012  9.341E-012  2.210E+009  8.017E+007
 6.300E+012  9.403E-012  2.210E+009  8.284E+007
 6.500E+012  9.487E-012  2.210E+009  8.552E+007
 6.700E+012  9.596E-012  2.210E+009  8.819E+007
 6.900E+012  9.735E-012  2.210E+009  9.086E+007
 7.100E+012  9.909E-012  2.210E+009  9.354E+007
 7.300E+012  1.012E-011  2.210E+009  9.621E+007
 7.500E+012  1.039E-011  2.210E+009  9.889E+007
 7.700E+012  1.070E-011  2.210E+009  1.016E+008
 7.900E+012  1.108E-011  2.210E+009  1.042E+008
 8.100E+012  1.153E-011  2.210E+009  1.069E+008
 8.300E+012  1.207E-011  2.210E+009  1.096E+008
 8.500E+012  1.270E-011  2.210E+009  1.123E+008
 8.700E+012  1.345E-011  2.210E+009  1.150E+008
 8.900E+012  1.433E-011  2.210E+009  1.176E+008
 9.100E+012  1.536E-011  2.210E+009  1.203E+008
 9.300E+012  1.656E-011  2.210E+009  1.230E+008
 9.500E+012  1.797E-011  2.210E+009  1.257E+008
 9.700E+012  1.961E-011  2.210E+009  1.284E+008
 9.900E+012  2.151E-011  2.210E+009  1.311E+008
 1.010E+013  2.372E-011  2.210E+009  1.338E+008
 1.030E+013  2.627E-011  2.210E+009  1.365E+008
 1.050E+013  2.920E-011  2.210E+009  1.392E+008
 1.070E+013  3.255E-011  2.210E+009  1.419E+008
 1.090E+013  3.635E-011  2.210E+009  1.446E+008
 1.110E+013  4.062E-011  2.210E+009  1.473E+008
 1.130E+013  4.538E-011  2.210E+009  1.499E+008
 1.150E+013  5.063E-011  2.210E+009  1.526E+008
 1.170E+013  5.637E-011  2.210E+009  1.553E+008
 1.190E+013  6.257E-011  2.211E+009  1.580E+008
 1.210E+013  6.920E-011  2.211E+009  1.606E+008
 1.230E+013  7.620E-011  2.211E+009  1.633E+008
 1.250E+013  8.352E-011  2.211E+009  1.659E+008
 1.270E+013  9.113E-011  2.211E+009  1.686E+008
 1.290E+013  9.896E-011  2.211E+009  1.713E+008
 1.310E+013  1.070E-010  2.212E+009  1.739E+008
 1.330E+013  1.152E-010  2.212E+009  1.766E+008
 1.350E+013  1.236E-010  2.212E+009  1.792E+008
 1.370E+013  1.321E-010  2.212E+009  1.819E+008
 1.390E+013  1.408E-010  2.213E+009  1.846E+008
 1.410E+013  1.497E-010  2.213E+009  1.873E+008
 1.430E+013  1.589E-010  2.213E+009  1.899E+008
 1.450E+013  1.683E-010  2.214E+009  1.926E+008
 1.470E+013  1.781E-010  2.214E+009  1.953E+008
 1.490E+013  1.882E-010  2.215E+009  1.980E+008
 1.510E+013  1.987E-010  2.215E+009  2.006E+008
 1.530E+013  2.097E-010  2.216E+009  2.033E+008
 1.550E+013  2.213E-010  2.216E+009  2.060E+008
 1.570E+013  2.335E-010  2.217E+009  2.087E+008
 1.590E+013  2.463E-010  2.218E+009  2.114E+008
 1.610E+013  2.599E-010  2.218E+009  2.141E+008
 1.630E+013  2.743E-010  2.219E+009  2.168E+008
 1.650E+013  2.894E-010  2.220E+009  2.195E+008
 1.670E+013  3.055E-010  2.221E+009  2.222E+008
 1.690E+013  3.225E-010  2.221E+009  2.249E+008
 1.710E+013  3.405E-010  2.222E+009  2.276E+008
 1.730E+013  3.595E-010  2.223E+009  2.303E+008
 1.750E+013  3.794E-010  2.224E+009  2.330E+008
 1.770E+013  4.004E-010  2.226E+009  2.357E+008
 1.790E+013  4.224E-010  2.227E+009  2.384E+008
 1.810E+013  4.453E-010  2.228E+009  2.411E+008
 1.830E+013  4.693E-010  2.230E+009  2.439E+008
 1.850E+013  4.942E-010  2.231E+009  2.466E+008
 1.870E+013  5.201E-010  2.233E+009  2.493E+008
 1.890E+013  5.469E-010  2.234E+009  2.520E+008
 1.910E+013  5.747E-010  2.236E+009  2.548E+008
 1.930E+013  6.034E-010  2.238E+009  2.575E+008
 1.950E+013  6.331E-010  2.240E+009  2.603E+008
 1.970E+013  6.638E-010  2.242E+009  2.630E+008
 1.990E+013  6.955E-010  2.244E+009  2.657E+008
 2.010E+013  7.284E-010  2.247E+009  2.685E+008
 2.030E+013  7.624E-010  2.249E+009  2.713E+008
 2.050E+013  7.977E-010  2.252E+009  2.740E+008
 2.070E+013  8.344E-010  2.255E+009  2.768E+008
 2.090E+013  8.726E-010  2.258E+009  2.796E+008
 2.110E+013  9.124E-010  2.261E+009  2.824E+008
 2.130E+013  9.538E-010  2.265E+009  2.852E+008
 2.150E+013  9.971E-010  2.268E+009  2.880E+008
 2.170E+013  1.042E-009  2.272E+009  2.908E+008
 2.190E+013  1.090E-009  2.276E+009  2.936E+008
 2.210E+013  1.139E-009  2.280E+009  2.965E+008
 2.230E+013  1.190E-009  2.284E+009  2.993E+008
 2.250E+013  1.244E-009  2.289E+009  3.022E+008
 2.270E+013  1.301E-009  2.294E+009  3.050E+008
 2.290E+013  1.359E-009  2.299E+009  3.079E+008
 2.310E+013  1.420E-009  2.305E+009  3.108E+008
 2.330E+013  1.484E-009  2.310E+009  3.137E+008
 2.350E+013  1.551E-009  2.317E+009  3.166E+008
 2.370E+013  1.620E-009  2.323E+009  3.196E+008
 2.390E+013  1.691E-009  2.330E+009  3.225E+008
 2.410E+013  1.766E-009  2.337E+009  3.255E+008
 2.430E+013  1.844E-009  2.344E+009  3.284E+008
 2.450E+013  1.924E-009  2.352E+009  3.314E+008
 2.470E+013  2.008E-009  2.361E+009  3.344E+008
 2.490E+013  2.095E-009  2.370E+009  3.375E+008
 2.510E+013  2.185E-009  2.379E+009  3.405E+008
 2.530E+013  2.279E-009  2.389E+009  3.436E+008
 2.550E+013  2.377E-009  2.399E+009  3.467E+008
 2.570E+013  2.479E-009  2.410E+009  3.498E+008
 2.590E+013  2.584E-009  2.422E+009  3.530E+008
 2.610E+013  2.694E-009  2.434E+009  3.561E+008
 2.630E+013  2.808E-009  2.446E+009  3.593E+008
 2.650E+013  2.927E-009  2.460E+009  3.625E+008
 2.670E+013  3.051E-009  2.474E+009  3.658E+008
 2.690E+013  3.180E-009  2.489E+009  3.691E+008
 2.710E+013  3.314E-009  2.505E+009  3.724E+008
 2.730E+013  3.453E-009  2.521E+009  3.757E+008
 2.750E+013  3.598E-009  2.538E+009  3.791E+008
 2.770E+013  3.749E-009  2.557E+009  3.825E+008
 2.790E+013  3.907E-009  2.576E+009  3.860E+008
 2.810E+013  4.071E-009  2.596E+009  3.895E+008
 2.830E+013  4.242E-009  2.618E+009  3.930E+008
 2.850E+013  4.421E-009  2.640E+009  3.966E+008
 2.870E+013  4.607E-009  2.664E+009  4.002E+008
 2.890E+013  4.802E-009  2.689E+009  4.038E+008
 2.910E+013  5.007E-009  2.715E+009  4.076E+008
 2.930E+013  5.220E-009  2.743E+009  4.113E+008
 2.950E+013  5.444E-009  2.772E+009  4.151E+008
 2.970E+013  5.679E-009  2.803E+009  4.190E+008
 2.990E+013  5.926E-009  2.835E+009  4.229E+008
 3.010E+013  6.186E-009  2.870E+009  4.268E+008
 3.030E+013  6.458E-009  2.906E+009  4.309E+008
 3.050E+013  6.745E-009  2.944E+009  4.349E+008
 3.070E+013  7.048E-009  2.984E+009  4.391E+008
 3.090E+013  7.366E-009  3.027E+009  4.433E+008
 3.110E+013  7.702E-009  3.072E+009  4.476E+008
 3.130E+013  8.057E-009  3.120E+009  4.519E+008
 3.150E+013  8.432E-009  3.171E+009  4.563E+008
 3.170E+013  8.828E-009  3.224E+009  4.608E+008
 3.190E+013  9.247E-009  3.281E+009  4.653E+008
 3.210E+013  9.690E-009  3.341E+009  4.699E+008
 3.230E+013  1.016E-008  3.404E+009  4.746E+008
 3.250E+013  1.066E-008  3.472E+009  4.794E+008
 3.270E+013  1.119E-008  3.543E+009  4.842E+008
 3.290E+013  1.175E-008  3.619E+009  4.891E+008
 3.310E+013  1.234E-008  3.700E+009  4.941E+008
 3.330E+013  1.298E-008  3.786E+009  4.992E+008
 3.350E+013  1.366E-008  3.877E+009  5.044E+008
 3.370E+013  1.438E-008  3.973E+009  5.096E+008
 3.390E+013  1.515E-008  4.077E+009  5.149E+008
 3.410E+013  1.597E-008  4.186E+009  5.203E+008
 3.430E+013  1.685E-008  4.303E+009  5.258E+008
 3.450E+013  1.779E-008  4.428E+009  5.314E+008
 3.470E+013  1.880E-008  4.561E+009  5.370E+008
 3.490E+013  1.988E-008  4.703E+009  5.427E+008
 3.510E+013  2.105E-008  4.854E+009  5.485E+008
 3.530E+013  2.231E-008  5.017E+009  5.544E+008
 3.550E+013  2.366E-008  5.190E+009  5.604E+008
 3.570E+013  2.512E-008  5.374E+009  5.664E+008
 3.590E+013  2.671E-008  5.577E+009  5.725E+008
 3.610E+013  2.845E-008  5.799E+009  5.791E+008
 3.630E+013  3.024E-008  6.006E+009  5.852E+008
 3.650E+013  3.220E-008  6.243E+009  5.899E+008
 3.670E+013  3.487E-008  6.679E+009  5.991E+008
 3.690E+013  3.675E-008  6.909E+009  6.122E+008
 3.710E+013  3.574E-008  6.150E+009  6.055E+008
 3.730E+013  2.722E-008  3.376E+009  5.467E+008
 3.750E+013  1.595E-008  7.155E+008  3.928E+008
 3.770E+013  1.117E-008  3.098E+007  1.705E+008
 3.790E+013  1.007E-008  2.461E+004  2.114E+007
 3.810E+013  1.000E-008  6.236E+001  1.466E+005
 3.830E+013  1.000E-008  6.236E+001  2.930E+000
 3.850E+013  1.000E-008  6.236E+001  5.767E-010
 3.870E+013  1.000E-008  6.236E+001  9.213E-030
 3.890E+013  1.000E-008  6.236E+001 -6.397E-014
 3.910E+013  1.000E-008  6.236E+001 -9.307E-035
 3.930E+013  1.000E-008  6.236E+001  1.919E-013
 3.950E+013  1.000E-008  6.236E+001 -6.397E-014
 3.970E+013  1.000E-008  6.236E+001  1.919E-013
 3.990E+013  1.000E-008  6.236E+001 -2.559E-013
 4.010E+013  1.000E-008  6.236E+001  0.000E+000
 4.030E+013  1.000E-008  6.236E+001  0.000E+000
 4.050E+013  1.000E-008  6.236E+001  0.000E+000
 4.070E+013  1.000E-008  6.236E+001  0.000E+000
 4.090E+013  1.000E-008  6.236E+001  2.366E-012
 4.110E+013  1.000E-008  6.236E+001 -2.366E-012
 4.130E+013  1.000E-008  6.236E+001  1.663E-012
 4.150E+013  1.000E-008  6.236E+001 -1.663E-012
 4.170E+013  1.000E-008  6.236E+001  5.757E-013
 4.190E+013  1.000E-008  6.236E+001 -5.117E-013
 4.210E+013  1.000E-008  6.236E+001 -3.074E-034
 4.230E+013  1.000E-008  6.236E+001 -6.397E-014
 4.250E+013  1.000E-008  6.236E+001  0.000E+000
 4.270E+013  1.000E-008  6.236E+001  0.000E+000
 4.290E+013  1.000E-008  6.236E+001  0.000E+000
 4.310E+013  1.000E-008  6.236E+001  0.000E+000
 4.330E+013  1.000E-008  6.236E+001  0.000E+000
 4.350E+013  1.000E-008  6.236E+001  0.000E+000
 4.370E+013  1.000E-008  6.236E+001  0.000E+000
 4.390E+013  1.000E-008  6.236E+001  0.000E+000
 4.410E+013  1.000E-008  6.236E+001  0.000E+000
 4.430E+013  1.000E-008  6.236E+001  0.000E+000
 4.450E+013  1.000E-008  6.236E+001  0.000E+000
 4.470E+013  1.000E-008  6.236E+001  6.397E-014
 4.490E+013  1.000E-008  6.236E+001 -5.483E-037
 4.510E+013  1.000E-008  6.236E+001 -6.397E-014
 4.530E+013  1.000E-008  6.236E+001  0.000E+000
 4.550E+013  1.000E-008  6.236E+001 -7.056E-158
 4.570E+013  1.000E-008  6.236E+001 -2.427E-075
 4.590E+013  1.000E-008  6.236E+001 -3.073E-034
 4.610E+013  1.000E-008  6.236E+001 -6.397E-014
 4.630E+013  1.000E-008  6.236E+001  6.397E-014
 4.650E+013  1.000E-008  6.236E+001  6.397E-014
 4.670E+013  1.000E-008  6.236E+001 -6.397E-014
 4.690E+013  1.000E-008  6.236E+001  6.397E-014
 4.710E+013  1.000E-008  6.236E+001 -6.397E-014
 4.730E+013  1.000E-008  6.236E+001  0.000E+000
 4.750E+013  1.000E-008  6.236E+001  0.000E+000
 4.770E+013  1.000E-008  6.236E+001  0.000E+000
 4.790E+013  1.000E-008  6.236E+001  6.397E-014
 4.810E+013  1.000E-008  6.236E+001 -6.397E-014
 4.830E+013  1.000E-008  6.236E+001 -2.548E-037
 4.850E+013  1.000E-008  6.236E+001  6.397E-014
 4.870E+013  1.000E-008  6.236E+001 -6.397E-014
 4.890E+013  1.000E-008  6.236E+001  0.000E+000
 4.910E+013  1.000E-008  6.236E+001  0.000E+000
 4.930E+013  1.000E-008  6.236E+001  0.000E+000
 4.950E+013  1.000E-008  6.236E+001  0.000E+000
 4.970E+013  1.000E-008  6.236E+001  0.000E+000
 4.990E+013  1.000E-008  6.236E+001  1.279E-013
 5.010E+013  1.000E-008  6.236E+001 -1.919E-013
 5.030E+013  1.000E-008  6.236E+001  6.397E-014
 5.050E+013  1.000E-008  6.236E+001  3.068E-034
 5.070E+013  1.000E-008  6.236E+001  2.419E-075
 5.090E+013  1.000E-008  6.236E+001  7.009E-158
 5.110E+013  1.000E-008  6.236E+001  6.397E-014
 5.130E+013  1.000E-008  6.236E+001 -6.397E-014
 5.150E+013  1.000E-008  6.236E+001  0.000E+000
 5.170E+013  1.000E-008  6.236E+001  0.000E+000
 5.190E+013  1.000E-008  6.236E+001  0.000E+000
 5.210E+013  1.000E-008  6.236E+001 -7.053E-158
 5.230E+013  1.000E-008  6.236E+001 -2.427E-075
 5.250E+013  1.000E-008  6.236E+001 -3.073E-034
 5.270E+013  1.000E-008  6.236E+001 -6.397E-014
 5.290E+013  1.000E-008  6.236E+001  6.397E-014
 5.310E+013  1.000E-008  6.236E+001  3.068E-034
 5.330E+013  1.000E-008  6.236E+001  2.419E-075
 5.350E+013  1.000E-008  6.236E+001  1.279E-013
 5.370E+013  1.000E-008  6.236E+001 -1.279E-013
 5.390E+013  1.000E-008  6.236E+001  4.049E-035
 5.410E+013  1.000E-008  6.236E+001  6.397E-014
 5.430E+013  1.000E-008  6.236E+001  6.397E-014
 5.450E+013  1.000E-008  6.236E+001  6.397E-014
 5.470E+013  1.000E-008  6.236E+001 -1.919E-013
 5.490E+013  1.000E-008  6.236E+001 -3.073E-034
 5.510E+013  1.000E-008  6.236E+001 -6.397E-014
 5.530E+013  1.000E-008  6.236E+001  1.279E-013
 5.550E+013  1.000E-008  6.236E+001 -2.559E-013
 5.570E+013  1.000E-008  6.236E+001  1.279E-013
 5.590E+013  1.000E-008  6.236E+001  6.397E-014
 5.610E+013  1.000E-008  6.236E+001 -6.397E-014
 5.630E+013  1.000E-008  6.236E+001  6.397E-014
 5.650E+013  1.000E-008  6.236E+001 -3.838E-013
 5.670E+013  1.000E-008  6.236E+001  3.838E-013
 5.690E+013  1.000E-008  6.236E+001  3.838E-013
 5.710E+013  1.000E-008  6.236E+001 -3.838E-013
 5.730E+013  1.000E-008  6.236E+001  4.478E-013
 5.750E+013  1.000E-008  6.236E+001 -9.595E-013
 5.770E+013  1.000E-008  6.236E+001 -6.396E-014
 5.790E+013  1.000E-008  6.236E+001  5.757E-013
 5.810E+013  1.000E-008  6.236E+001  3.069E-012
 5.830E+013  1.000E-008  6.236E+001 -3.069E-012
 5.850E+013  1.000E-008  6.236E+001  0.000E+000
 5.870E+013  1.000E-008  6.236E+001  0.000E+000
 5.890E+013  1.000E-008  6.236E+001  0.000E+000
 5.910E+013  1.000E-008  6.236E+001  0.000E+000
 5.930E+013  1.000E-008  6.236E+001  0.000E+000
 5.950E+013  1.000E-008  6.236E+001  0.000E+000
 5.970E+013  1.000E-008  6.236E+001  0.000E+000
 5.990E+013  1.000E-008  6.236E+001  0.000E+000
 6.010E+013  1.000E-008  6.236E+001  0.000E+000
 6.030E+013  1.000E-008  6.236E+001  6.397E-014
 6.050E+013  1.000E-008  6.236E+001 -6.397E-014
 6.070E+013  1.000E-008  6.236E+001  6.397E-014
 6.090E+013  1.000E-008  6.236E+001 -6.397E-014
 6.110E+013  1.000E-008  6.236E+001  0.000E+000
 6.130E+013  1.000E-008  6.236E+001  0.000E+000
 6.150E+013  1.000E-008  6.236E+001  0.000E+000
 6.170E+013  1.000E-008  6.236E+001  6.397E-014
 6.190E+013  1.000E-008  6.236E+001 -6.397E-014
 6.210E+013  1.000E-008  6.236E+001  0.000E+000
 6.230E+013  1.000E-008  6.236E+001  0.000E+000
 6.250E+013  1.000E-008  6.236E+001  0.000E+000
 6.270E+013  1.000E-008  6.236E+001  0.000E+000
 6.290E+013  1.000E-008  6.236E+001  0.000E+000
 6.310E+013  1.000E-008  6.236E+001  0.000E+000
 6.330E+013  1.000E-008  6.236E+001  0.000E+000
 6.350E+013  1.000E-008  6.236E+001  6.397E-014
 6.370E+013  1.000E-008  6.236E+001 -6.397E-014
 6.390E+013  1.000E-008  6.236E+001  0.000E+000
 6.410E+013  1.000E-008  6.236E+001  0.000E+000
 6.430E+013  1.000E-008  6.236E+001  0.000E+000
 6.450E+013  1.000E-008  6.236E+001  0.000E+000
 6.470E+013  1.000E-008  6.236E+001  6.397E-014
 6.490E+013  1.000E-008  6.236E+001 -6.397E-014
 6.510E+013  1.000E-008  6.236E+001  0.000E+000
 6.530E+013  1.000E-008  6.236E+001  0.000E+000
 6.550E+013  1.000E-008  6.236E+001  0.000E+000
 6.570E+013  1.000E-008  6.236E+001  0.000E+000
 6.590E+013  1.000E-008  6.236E+001  6.397E-014
 6.610E+013  1.000E-008  6.236E+001 -6.397E-014
 6.630E+013  1.000E-008  6.236E+001  0.000E+000
 6.650E+013  1.000E-008  6.236E+001  0.000E+000
 6.670E+013  1.000E-008  6.236E+001  0.000E+000
 6.690E+013  1.000E-008  6.236E+001  6.397E-014
 6.710E+013  1.000E-008  6.236E+001 -6.397E-014
 6.730E+013  1.000E-008  6.236E+001  0.000E+000
 6.750E+013  1.000E-008  6.236E+001  0.000E+000
 6.770E+013  1.000E-008  6.236E+001  6.397E-014
 6.790E+013  1.000E-008  6.236E+001 -6.397E-014
 6.810E+013  1.000E-008  6.236E+001  6.397E-014
 6.830E+013  1.000E-008  6.236E+001 -3.602E-037
 6.850E+013  1.000E-008  6.236E+001 -6.397E-014
 6.870E+013  1.000E-008  6.236E+001  0.000E+000
 6.890E+013  1.000E-008  6.236E+001  0.000E+000
 6.910E+013  1.000E-008  6.236E+001  0.000E+000
 6.930E+013  1.000E-008  6.236E+001  6.397E-014
 6.950E+013  1.000E-008  6.236E+001 -6.397E-014
 6.970E+013  1.000E-008  6.236E+001  0.000E+000
 6.990E+013  1.000E-008  6.236E+001  0.000E+000
 7.010E+013  1.000E-008  6.236E+001  0.000E+000
 7.030E+013  1.000E-008  6.236E+001  0.000E+000
 7.050E+013  1.000E-008  6.236E+001  0.000E+000
 7.070E+013  1.000E-008  6.236E+001  0.000E+000
 7.090E+013  1.000E-008  6.236E+001  0.000E+000
 7.110E+013  1.000E-008  6.236E+001  0.000E+000
 7.130E+013  1.000E-008  6.236E+001  0.000E+000
 7.150E+013  1.000E-008  6.236E+001  0.000E+000
 7.170E+013  1.000E-008  6.236E+001  0.000E+000
 7.190E+013  1.000E-008  6.236E+001  6.397E-014
 7.210E+013  1.000E-008  6.236E+001 -6.397E-014
 7.230E+013  1.000E-008  6.236E+001  0.000E+000
 7.250E+013  1.000E-008  6.236E+001  0.000E+000
 7.270E+013  1.000E-008  6.236E+001  1.279E-013
 7.290E+013  1.000E-008  6.236E+001 -1.350E-036
 7.310E+013  1.000E-008  6.236E+001 -1.279E-013
 7.330E+013  1.000E-008  6.236E+001 -3.072E-034
 7.350E+013  1.000E-008  6.236E+001 -6.397E-014
 7.370E+013  1.000E-008  6.236E+001  6.397E-014
 7.390E+013  1.000E-008  6.236E+001  3.069E-034
 7.410E+013  1.000E-008  6.236E+001  2.420E-075
 7.430E+013  1.000E-008  6.236E+001  7.016E-158
 7.450E+013  1.000E-008  6.236E+001  0.000E+000
 7.470E+013  1.000E-008  6.236E+001  0.000E+000
 7.490E+013  1.000E-008  6.236E+001  0.000E+000
 7.510E+013  1.000E-008  6.236E+001  0.000E+000
 7.530E+013  1.000E-008  6.236E+001  0.000E+000
 7.550E+013  1.000E-008  6.236E+001  0.000E+000
 7.570E+013  1.000E-008  6.236E+001  0.000E+000
 7.590E+013  1.000E-008  6.236E+001  0.000E+000
 7.610E+013  1.000E-008  6.236E+001  0.000E+000
 7.630E+013  1.000E-008  6.236E+001  0.000E+000
 7.650E+013  1.000E-008  6.236E+001  0.000E+000
 7.670E+013  1.000E-008  6.236E+001  1.279E-013
 7.690E+013  1.000E-008  6.236E+001 -1.279E-013
 7.710E+013  1.000E-008  6.236E+001  1.919E-013
 7.730E+013  1.000E-008  6.236E+001 -1.919E-013
 7.750E+013  1.000E-008  6.236E+001  7.275E-035
 7.770E+013  1.000E-008  6.236E+001  1.279E-013
 7.790E+013  1.000E-008  6.236E+001 -3.838E-013
 7.810E+013  1.000E-008  6.236E+001  3.838E-013
 7.830E+013  1.000E-008  6.236E+001 -1.279E-013
 7.850E+013  1.000E-008  6.236E+001 -1.710E-075
 7.870E+013  1.000E-008  6.236E+001 -2.580E-034
 7.890E+013  1.000E-008  6.236E+001 -6.397E-014
 7.910E+013  1.000E-008  6.236E+001 -3.198E-013
 7.930E+013  1.000E-008  6.236E+001  1.919E-013
 7.950E+013  1.000E-008  6.236E+001  1.919E-013
 7.970E+013  1.000E-008  6.236E+001 -2.559E-013
 7.990E+013  1.000E-008  6.236E+001  2.559E-013
 8.010E+013  1.000E-008  6.236E+001  4.911E-033
 8.030E+013  1.000E-008  6.236E+001  6.197E-073
 8.050E+013  1.000E-008  6.236E+001  4.599E-153
 8.070E+013  1.000E-008  6.236E+001 -1.318E-306
 8.090E+013  1.000E-008  6.236E+001 -1.510E-149
 8.110E+013  1.000E-008  6.236E+001 -3.551E-071
 8.130E+013  1.000E-008  6.236E+001 -3.717E-032
 8.150E+013  1.000E-008  6.236E+001 -7.036E-013
 8.170E+013  1.000E-008  6.236E+001  8.955E-013
 8.190E+013  1.000E-008  6.236E+001 -1.919E-013
 8.210E+013  1.000E-008  6.236E+001  0.000E+000
 8.230E+013  1.000E-008  6.236E+001  0.000E+000
 8.250E+013  1.000E-008  6.236E+001  0.000E+000
 8.270E+013  1.000E-008  6.236E+001  0.000E+000
 8.290E+013  1.000E-008  6.236E+001  2.559E-013
 8.310E+013  1.000E-008  6.236E+001 -2.559E-013
 8.330E+013  1.000E-008  6.236E+001 -2.983E-034
 8.350E+013  1.000E-008  6.236E+001  3.838E-013
 8.370E+013  1.000E-008  6.236E+001 -3.198E-013
 8.390E+013  1.000E-008  6.236E+001 -3.072E-034
 8.410E+013  1.000E-008  6.236E+001 -6.397E-014
 8.430E+013  1.000E-008  6.236E+001  6.397E-014
 8.450E+013  1.000E-008  6.236E+001 -2.911E-037
 8.470E+013  1.000E-008  6.236E+001 -6.397E-014
 8.490E+013  1.000E-008  6.236E+001 -1.448E-037
 8.510E+013  1.000E-008  6.236E+001  6.397E-014
 8.530E+013  1.000E-008  6.236E+001 -2.883E-037
 8.550E+013  1.000E-008  6.236E+001 -6.397E-014
 8.570E+013  1.000E-008  6.236E+001 -1.435E-037
 8.590E+013  1.000E-008  6.236E+001  6.397E-014
 8.610E+013  1.000E-008  6.236E+001 -6.397E-014
 8.630E+013  1.000E-008  6.236E+001  0.000E+000
 8.650E+013  1.000E-008  6.236E+001  0.000E+000
 8.670E+013  1.000E-008  6.236E+001  0.000E+000
 8.690E+013  1.000E-008  6.236E+001  0.000E+000
 8.710E+013  1.000E-008  6.236E+001  0.000E+000
 8.730E+013  1.000E-008  6.236E+001  0.000E+000
 8.750E+013  1.000E-008  6.236E+001  6.397E-014
 8.770E+013  1.000E-008  6.236E+001 -6.397E-014
 8.790E+013  1.000E-008  6.236E+001 -1.399E-037
 8.810E+013  1.000E-008  6.236E+001  6.397E-014
 8.830E+013  1.000E-008  6.236E+001 -6.397E-014
 8.850E+013  1.000E-008  6.236E+001  6.397E-014
 8.870E+013  1.000E-008  6.236E+001  6.397E-014
 8.890E+013  1.000E-008  6.236E+001 -1.279E-013
 8.910E+013  1.000E-008  6.236E+001  0.000E+000
 8.930E+013  1.000E-008  6.236E+001  0.000E+000
 8.950E+013  1.000E-008  6.236E+001  0.000E+000
 8.970E+013  1.000E-008  6.236E+001  0.000E+000
 8.990E+013  1.000E-008  6.236E+001  0.000E+000
 9.010E+013  1.000E-008  6.236E+001  6.397E-014
 9.030E+013  1.000E-008  6.236E+001 -2.724E-037
 9.050E+013  1.000E-008  6.236E+001 -6.397E-014
 9.070E+013  1.000E-008  6.236E+001  6.397E-014
 9.090E+013  1.000E-008  6.236E+001 -2.706E-037
 9.110E+013  1.000E-008  6.236E+001 -6.397E-014
 9.130E+013  1.000E-008  6.236E+001  0.000E+000
 9.150E+013  1.000E-008  6.236E+001  0.000E+000
 9.170E+013  1.000E-008  6.236E+001  0.000E+000
 9.190E+013  1.000E-008  6.236E+001  0.000E+000
 9.210E+013  1.000E-008  6.236E+001  0.000E+000
 9.230E+013  1.000E-008  6.236E+001  6.397E-014
 9.250E+013  1.000E-008  6.236E+001 -2.659E-037
 9.270E+013  1.000E-008  6.236E+001 -6.397E-014
 9.290E+013  1.000E-008  6.236E+001  0.000E+000
 9.310E+013  1.000E-008  6.236E+001  0.000E+000
 9.330E+013  1.000E-008  6.236E+001  0.000E+000
 9.350E+013  1.000E-008  6.236E+001  0.000E+000
 9.370E+013  1.000E-008  6.236E+001  6.397E-014
 9.390E+013  1.000E-008  6.236E+001 -6.397E-014
 9.410E+013  1.000E-008  6.236E+001  6.397E-014
 9.430E+013  1.000E-008  6.236E+001 -6.397E-014
 9.450E+013  1.000E-008  6.236E+001  0.000E+000
 9.470E+013  1.000E-008  6.236E+001  0.000E+000
 9.490E+013  1.000E-008  6.236E+001  0.000E+000
 9.510E+013  1.000E-008  6.236E+001  0.000E+000
 9.530E+013  1.000E-008  6.236E+001  6.397E-014
 9.550E+013  1.000E-008  6.236E+001 -6.397E-014
 9.570E+013  1.000E-008  6.236E+001 -2.425E-075
 9.590E+013  1.000E-008  6.236E+001 -3.072E-034
 9.610E+013  1.000E-008  6.236E+001 -6.397E-014
 9.630E+013  1.000E-008  6.236E+001  6.397E-014
 9.650E+013  1.000E-008  6.236E+001  3.069E-034
 9.670E+013  1.000E-008  6.236E+001  6.397E-014
 9.690E+013  1.000E-008  6.236E+001 -6.397E-014
 9.710E+013  1.000E-008  6.236E+001  0.000E+000
 9.730E+013  1.000E-008  6.236E+001  0.000E+000
 9.750E+013  1.000E-008  6.236E+001  0.000E+000
 9.770E+013  1.000E-008  6.236E+001  0.000E+000
 9.790E+013  1.000E-008  6.236E+001  0.000E+000
 9.810E+013  1.000E-008  6.236E+001  0.000E+000
 9.830E+013  1.000E-008  6.236E+001  0.000E+000
 9.850E+013  1.000E-008  6.236E+001  0.000E+000
 9.870E+013  1.000E-008  6.236E+001  0.000E+000
 9.890E+013  1.000E-008  6.236E+001  0.000E+000
 9.910E+013  1.000E-008  6.236E+001  0.000E+000
 9.930E+013  1.000E-008  6.236E+001  0.000E+000
 9.950E+013  1.000E-008  6.236E+001  6.397E-014
 9.970E+013  1.000E-008  6.236E+001 -6.397E-014
 9.990E+013  1.000E-008  6.236E+001  0.000E+000
 1.001E+014  1.000E-099  1.000E-099  0.000E+000
 1.003E+014  1.000E-099  1.000E-099  0.000E+000
 5.709E-004
