 3.000E+005
     x1b        dens       energ       v1
 1.000E+011  9.825E-013  7.379E+007  0.000E+000
 3.000E+011  9.827E-013  7.379E+007  1.544E+005
 5.000E+011  9.834E-013  7.379E+007  3.259E+005
 7.000E+011  9.848E-013  7.379E+007  4.831E+005
 9.000E+011  9.873E-013  7.379E+007  6.468E+005
 1.100E+012  9.909E-013  7.379E+007  8.072E+005
 1.300E+012  9.958E-013  7.379E+007  9.694E+005
 1.500E+012  1.002E-012  7.379E+007  1.131E+006
 1.700E+012  1.009E-012  7.379E+007  1.292E+006
 1.900E+012  1.018E-012  7.379E+007  1.454E+006
 2.100E+012  1.028E-012  7.379E+007  1.615E+006
 2.300E+012  1.039E-012  7.379E+007  1.777E+006
 2.500E+012  1.050E-012  7.379E+007  1.938E+006
 2.700E+012  1.062E-012  7.379E+007  2.100E+006
 2.900E+012  1.074E-012  7.379E+007  2.261E+006
 3.100E+012  1.087E-012  7.379E+007  2.423E+006
 3.300E+012  1.100E-012  7.379E+007  2.584E+006
 3.500E+012  1.113E-012  7.379E+007  2.746E+006
 3.700E+012  1.126E-012  7.379E+007  2.907E+006
 3.900E+012  1.139E-012  7.379E+007  3.069E+006
 4.100E+012  1.151E-012  7.379E+007  3.230E+006
 4.300E+012  1.163E-012  7.379E+007  3.392E+006
 4.500E+012  1.175E-012  7.379E+007  3.554E+006
 4.700E+012  1.185E-012  7.379E+007  3.715E+006
 4.900E+012  1.194E-012  7.379E+007  3.877E+006
 5.100E+012  1.201E-012  7.379E+007  4.038E+006
 5.300E+012  1.205E-012  7.379E+007  4.200E+006
 5.500E+012  1.207E-012  7.379E+007  4.361E+006
 5.700E+012  1.207E-012  7.379E+007  4.523E+006
 5.900E+012  1.207E-012  7.379E+007  4.684E+006
 6.100E+012  1.207E-012  7.379E+007  4.846E+006
 6.300E+012  1.207E-012  7.379E+007  5.007E+006
 6.500E+012  1.207E-012  7.379E+007  5.169E+006
 6.700E+012  1.207E-012  7.379E+007  5.330E+006
 6.900E+012  1.207E-012  7.379E+007  5.492E+006
 7.100E+012  1.206E-012  7.379E+007  5.653E+006
 7.300E+012  1.206E-012  7.379E+007  5.815E+006
 7.500E+012  1.206E-012  7.379E+007  5.976E+006
 7.700E+012  1.205E-012  7.379E+007  6.138E+006
 7.900E+012  1.204E-012  7.379E+007  6.299E+006
 8.100E+012  1.203E-012  7.379E+007  6.461E+006
 8.300E+012  1.202E-012  7.379E+007  6.622E+006
 8.500E+012  1.202E-012  7.379E+007  6.784E+006
 8.700E+012  1.201E-012  7.379E+007  6.945E+006
 8.900E+012  1.201E-012  7.379E+007  7.107E+006
 9.100E+012  1.201E-012  7.379E+007  7.268E+006
 9.300E+012  1.201E-012  7.379E+007  7.430E+006
 9.500E+012  1.201E-012  7.379E+007  7.592E+006
 9.700E+012  1.201E-012  7.379E+007  7.753E+006
 9.900E+012  1.201E-012  7.379E+007  7.915E+006
 1.010E+013  1.201E-012  7.379E+007  8.076E+006
 1.030E+013  1.201E-012  7.379E+007  8.238E+006
 1.050E+013  1.202E-012  7.379E+007  8.399E+006
 1.070E+013  1.203E-012  7.379E+007  8.561E+006
 1.090E+013  1.203E-012  7.379E+007  8.722E+006
 1.110E+013  1.205E-012  7.379E+007  8.884E+006
 1.130E+013  1.206E-012  7.379E+007  9.045E+006
 1.150E+013  1.208E-012  7.379E+007  9.207E+006
 1.170E+013  1.210E-012  7.379E+007  9.368E+006
 1.190E+013  1.213E-012  7.379E+007  9.530E+006
 1.210E+013  1.217E-012  7.379E+007  9.691E+006
 1.230E+013  1.221E-012  7.379E+007  9.853E+006
 1.250E+013  1.225E-012  7.379E+007  1.001E+007
 1.270E+013  1.231E-012  7.379E+007  1.018E+007
 1.290E+013  1.237E-012  7.379E+007  1.034E+007
 1.310E+013  1.244E-012  7.379E+007  1.050E+007
 1.330E+013  1.252E-012  7.379E+007  1.066E+007
 1.350E+013  1.261E-012  7.379E+007  1.082E+007
 1.370E+013  1.271E-012  7.379E+007  1.098E+007
 1.390E+013  1.282E-012  7.379E+007  1.115E+007
 1.410E+013  1.295E-012  7.379E+007  1.131E+007
 1.430E+013  1.309E-012  7.379E+007  1.147E+007
 1.450E+013  1.325E-012  7.379E+007  1.163E+007
 1.470E+013  1.342E-012  7.379E+007  1.179E+007
 1.490E+013  1.361E-012  7.379E+007  1.195E+007
 1.510E+013  1.381E-012  7.379E+007  1.211E+007
 1.530E+013  1.404E-012  7.379E+007  1.228E+007
 1.550E+013  1.429E-012  7.379E+007  1.244E+007
 1.570E+013  1.456E-012  7.379E+007  1.260E+007
 1.590E+013  1.486E-012  7.379E+007  1.276E+007
 1.610E+013  1.519E-012  7.379E+007  1.292E+007
 1.630E+013  1.554E-012  7.379E+007  1.308E+007
 1.650E+013  1.592E-012  7.379E+007  1.325E+007
 1.670E+013  1.634E-012  7.379E+007  1.341E+007
 1.690E+013  1.680E-012  7.379E+007  1.357E+007
 1.710E+013  1.729E-012  7.379E+007  1.373E+007
 1.730E+013  1.783E-012  7.379E+007  1.389E+007
 1.750E+013  1.841E-012  7.379E+007  1.405E+007
 1.770E+013  1.904E-012  7.379E+007  1.422E+007
 1.790E+013  1.972E-012  7.379E+007  1.438E+007
 1.810E+013  2.046E-012  7.379E+007  1.454E+007
 1.830E+013  2.126E-012  7.379E+007  1.470E+007
 1.850E+013  2.212E-012  7.379E+007  1.486E+007
 1.870E+013  2.306E-012  7.379E+007  1.503E+007
 1.890E+013  2.407E-012  7.379E+007  1.519E+007
 1.910E+013  2.516E-012  7.379E+007  1.535E+007
 1.930E+013  2.634E-012  7.379E+007  1.551E+007
 1.950E+013  2.761E-012  7.379E+007  1.567E+007
 1.970E+013  2.898E-012  7.379E+007  1.583E+007
 1.990E+013  3.046E-012  7.379E+007  1.600E+007
 2.010E+013  3.204E-012  7.379E+007  1.616E+007
 2.030E+013  3.375E-012  7.379E+007  1.632E+007
 2.050E+013  3.558E-012  7.379E+007  1.648E+007
 2.070E+013  3.754E-012  7.379E+007  1.664E+007
 2.090E+013  3.964E-012  7.379E+007  1.681E+007
 2.110E+013  4.188E-012  7.379E+007  1.697E+007
 2.130E+013  4.428E-012  7.379E+007  1.713E+007
 2.150E+013  4.683E-012  7.379E+007  1.729E+007
 2.170E+013  4.953E-012  7.379E+007  1.745E+007
 2.190E+013  5.240E-012  7.379E+007  1.761E+007
 2.210E+013  5.544E-012  7.379E+007  1.778E+007
 2.230E+013  5.864E-012  7.379E+007  1.794E+007
 2.250E+013  6.201E-012  7.379E+007  1.810E+007
 2.270E+013  6.554E-012  7.379E+007  1.826E+007
 2.290E+013  6.924E-012  7.379E+007  1.842E+007
 2.310E+013  7.310E-012  7.379E+007  1.858E+007
 2.330E+013  7.712E-012  7.379E+007  1.874E+007
 2.350E+013  8.128E-012  7.379E+007  1.891E+007
 2.370E+013  8.559E-012  7.379E+007  1.907E+007
 2.390E+013  9.004E-012  7.379E+007  1.923E+007
 2.410E+013  9.462E-012  7.379E+007  1.939E+007
 2.430E+013  9.931E-012  7.379E+007  1.955E+007
 2.450E+013  1.041E-011  7.379E+007  1.971E+007
 2.470E+013  1.090E-011  7.379E+007  1.987E+007
 2.490E+013  1.140E-011  7.379E+007  2.004E+007
 2.510E+013  1.191E-011  7.379E+007  2.020E+007
 2.530E+013  1.243E-011  7.379E+007  2.036E+007
 2.550E+013  1.295E-011  7.379E+007  2.052E+007
 2.570E+013  1.348E-011  7.379E+007  2.068E+007
 2.590E+013  1.401E-011  7.379E+007  2.084E+007
 2.610E+013  1.455E-011  7.379E+007  2.100E+007
 2.630E+013  1.510E-011  7.380E+007  2.116E+007
 2.650E+013  1.565E-011  7.380E+007  2.133E+007
 2.670E+013  1.621E-011  7.380E+007  2.149E+007
 2.690E+013  1.677E-011  7.380E+007  2.165E+007
 2.710E+013  1.733E-011  7.380E+007  2.181E+007
 2.730E+013  1.791E-011  7.380E+007  2.197E+007
 2.750E+013  1.849E-011  7.380E+007  2.213E+007
 2.770E+013  1.907E-011  7.380E+007  2.229E+007
 2.790E+013  1.966E-011  7.380E+007  2.246E+007
 2.810E+013  2.026E-011  7.380E+007  2.262E+007
 2.830E+013  2.087E-011  7.380E+007  2.278E+007
 2.850E+013  2.149E-011  7.380E+007  2.294E+007
 2.870E+013  2.212E-011  7.380E+007  2.310E+007
 2.890E+013  2.275E-011  7.380E+007  2.326E+007
 2.910E+013  2.340E-011  7.380E+007  2.342E+007
 2.930E+013  2.406E-011  7.380E+007  2.359E+007
 2.950E+013  2.474E-011  7.380E+007  2.375E+007
 2.970E+013  2.543E-011  7.380E+007  2.391E+007
 2.990E+013  2.613E-011  7.380E+007  2.407E+007
 3.010E+013  2.686E-011  7.380E+007  2.423E+007
 3.030E+013  2.759E-011  7.380E+007  2.439E+007
 3.050E+013  2.835E-011  7.380E+007  2.456E+007
 3.070E+013  2.913E-011  7.380E+007  2.472E+007
 3.090E+013  2.992E-011  7.380E+007  2.488E+007
 3.110E+013  3.074E-011  7.380E+007  2.504E+007
 3.130E+013  3.158E-011  7.381E+007  2.520E+007
 3.150E+013  3.244E-011  7.381E+007  2.536E+007
 3.170E+013  3.333E-011  7.381E+007  2.552E+007
 3.190E+013  3.425E-011  7.381E+007  2.569E+007
 3.210E+013  3.518E-011  7.381E+007  2.585E+007
 3.230E+013  3.615E-011  7.381E+007  2.601E+007
 3.250E+013  3.714E-011  7.381E+007  2.617E+007
 3.270E+013  3.817E-011  7.381E+007  2.633E+007
 3.290E+013  3.922E-011  7.381E+007  2.649E+007
 3.310E+013  4.030E-011  7.381E+007  2.666E+007
 3.330E+013  4.141E-011  7.381E+007  2.682E+007
 3.350E+013  4.256E-011  7.381E+007  2.698E+007
 3.370E+013  4.373E-011  7.381E+007  2.714E+007
 3.390E+013  4.494E-011  7.381E+007  2.730E+007
 3.410E+013  4.618E-011  7.382E+007  2.746E+007
 3.430E+013  4.746E-011  7.382E+007  2.763E+007
 3.450E+013  4.876E-011  7.382E+007  2.779E+007
 3.470E+013  5.010E-011  7.382E+007  2.795E+007
 3.490E+013  5.147E-011  7.382E+007  2.811E+007
 3.510E+013  5.287E-011  7.382E+007  2.827E+007
 3.530E+013  5.431E-011  7.382E+007  2.843E+007
 3.550E+013  5.578E-011  7.382E+007  2.860E+007
 3.570E+013  5.728E-011  7.382E+007  2.876E+007
 3.590E+013  5.881E-011  7.383E+007  2.892E+007
 3.610E+013  6.038E-011  7.383E+007  2.908E+007
 3.630E+013  6.197E-011  7.383E+007  2.924E+007
 3.650E+013  6.360E-011  7.383E+007  2.940E+007
 3.670E+013  6.525E-011  7.383E+007  2.957E+007
 3.690E+013  6.694E-011  7.383E+007  2.973E+007
 3.710E+013  6.866E-011  7.383E+007  2.989E+007
 3.730E+013  7.040E-011  7.384E+007  3.005E+007
 3.750E+013  7.218E-011  7.384E+007  3.021E+007
 3.770E+013  7.398E-011  7.384E+007  3.037E+007
 3.790E+013  7.582E-011  7.384E+007  3.054E+007
 3.810E+013  7.768E-011  7.384E+007  3.070E+007
 3.830E+013  7.958E-011  7.384E+007  3.086E+007
 3.850E+013  8.150E-011  7.385E+007  3.102E+007
 3.870E+013  8.346E-011  7.385E+007  3.118E+007
 3.890E+013  8.544E-011  7.385E+007  3.134E+007
 3.910E+013  8.746E-011  7.385E+007  3.151E+007
 3.930E+013  8.951E-011  7.385E+007  3.167E+007
 3.950E+013  9.159E-011  7.386E+007  3.183E+007
 3.970E+013  9.371E-011  7.386E+007  3.199E+007
 3.990E+013  9.586E-011  7.386E+007  3.215E+007
 4.010E+013  9.806E-011  7.386E+007  3.232E+007
 4.030E+013  1.003E-010  7.387E+007  3.248E+007
 4.050E+013  1.026E-010  7.387E+007  3.264E+007
 4.070E+013  1.049E-010  7.387E+007  3.280E+007
 4.090E+013  1.072E-010  7.387E+007  3.296E+007
 4.110E+013  1.096E-010  7.388E+007  3.312E+007
 4.130E+013  1.121E-010  7.388E+007  3.329E+007
 4.150E+013  1.145E-010  7.388E+007  3.345E+007
 4.170E+013  1.171E-010  7.389E+007  3.361E+007
 4.190E+013  1.197E-010  7.389E+007  3.377E+007
 4.210E+013  1.223E-010  7.389E+007  3.393E+007
 4.230E+013  1.250E-010  7.389E+007  3.410E+007
 4.250E+013  1.277E-010  7.390E+007  3.426E+007
 4.270E+013  1.306E-010  7.390E+007  3.442E+007
 4.290E+013  1.334E-010  7.390E+007  3.458E+007
 4.310E+013  1.363E-010  7.391E+007  3.474E+007
 4.330E+013  1.393E-010  7.391E+007  3.491E+007
 4.350E+013  1.424E-010  7.392E+007  3.507E+007
 4.370E+013  1.455E-010  7.392E+007  3.523E+007
 4.390E+013  1.486E-010  7.392E+007  3.539E+007
 4.410E+013  1.519E-010  7.393E+007  3.555E+007
 4.430E+013  1.552E-010  7.393E+007  3.572E+007
 4.450E+013  1.586E-010  7.394E+007  3.588E+007
 4.470E+013  1.620E-010  7.394E+007  3.604E+007
 4.490E+013  1.655E-010  7.394E+007  3.620E+007
 4.510E+013  1.691E-010  7.395E+007  3.637E+007
 4.530E+013  1.727E-010  7.395E+007  3.653E+007
 4.550E+013  1.764E-010  7.396E+007  3.669E+007
 4.570E+013  1.802E-010  7.396E+007  3.685E+007
 4.590E+013  1.841E-010  7.397E+007  3.701E+007
 4.610E+013  1.880E-010  7.397E+007  3.718E+007
 4.630E+013  1.920E-010  7.398E+007  3.734E+007
 4.650E+013  1.960E-010  7.399E+007  3.750E+007
 4.670E+013  2.002E-010  7.399E+007  3.766E+007
 4.690E+013  2.044E-010  7.400E+007  3.783E+007
 4.710E+013  2.087E-010  7.400E+007  3.799E+007
 4.730E+013  2.130E-010  7.401E+007  3.815E+007
 4.750E+013  2.174E-010  7.401E+007  3.831E+007
 4.770E+013  2.219E-010  7.402E+007  3.848E+007
 4.790E+013  2.265E-010  7.403E+007  3.864E+007
 4.810E+013  2.311E-010  7.403E+007  3.880E+007
 4.830E+013  2.359E-010  7.404E+007  3.896E+007
 4.850E+013  2.407E-010  7.405E+007  3.913E+007
 4.870E+013  2.455E-010  7.406E+007  3.929E+007
 4.890E+013  2.505E-010  7.406E+007  3.945E+007
 4.910E+013  2.555E-010  7.407E+007  3.961E+007
 4.930E+013  2.606E-010  7.408E+007  3.978E+007
 4.950E+013  2.658E-010  7.409E+007  3.994E+007
 4.970E+013  2.711E-010  7.409E+007  4.010E+007
 4.990E+013  2.764E-010  7.410E+007  4.027E+007
 5.010E+013  2.818E-010  7.411E+007  4.043E+007
 5.030E+013  2.874E-010  7.412E+007  4.059E+007
 5.050E+013  2.930E-010  7.413E+007  4.075E+007
 5.070E+013  2.986E-010  7.414E+007  4.092E+007
 5.090E+013  3.044E-010  7.415E+007  4.108E+007
 5.110E+013  3.103E-010  7.416E+007  4.124E+007
 5.130E+013  3.162E-010  7.417E+007  4.141E+007
 5.150E+013  3.223E-010  7.418E+007  4.157E+007
 5.170E+013  3.284E-010  7.419E+007  4.173E+007
 5.190E+013  3.346E-010  7.420E+007  4.190E+007
 5.210E+013  3.409E-010  7.421E+007  4.206E+007
 5.230E+013  3.474E-010  7.422E+007  4.222E+007
 5.250E+013  3.539E-010  7.423E+007  4.239E+007
 5.270E+013  3.605E-010  7.424E+007  4.255E+007
 5.290E+013  3.672E-010  7.425E+007  4.271E+007
 5.310E+013  3.740E-010  7.427E+007  4.288E+007
 5.330E+013  3.809E-010  7.428E+007  4.304E+007
 5.350E+013  3.878E-010  7.429E+007  4.320E+007
 5.370E+013  3.949E-010  7.430E+007  4.337E+007
 5.390E+013  4.021E-010  7.432E+007  4.353E+007
 5.410E+013  4.094E-010  7.433E+007  4.370E+007
 5.430E+013  4.168E-010  7.434E+007  4.386E+007
 5.450E+013  4.243E-010  7.436E+007  4.402E+007
 5.470E+013  4.319E-010  7.437E+007  4.419E+007
 5.490E+013  4.396E-010  7.439E+007  4.435E+007
 5.510E+013  4.474E-010  7.440E+007  4.452E+007
 5.530E+013  4.553E-010  7.442E+007  4.468E+007
 5.550E+013  4.634E-010  7.443E+007  4.484E+007
 5.570E+013  4.715E-010  7.445E+007  4.501E+007
 5.590E+013  4.798E-010  7.447E+007  4.517E+007
 5.610E+013  4.881E-010  7.448E+007  4.534E+007
 5.630E+013  4.966E-010  7.450E+007  4.550E+007
 5.650E+013  5.052E-010  7.452E+007  4.567E+007
 5.670E+013  5.139E-010  7.453E+007  4.583E+007
 5.690E+013  5.227E-010  7.455E+007  4.600E+007
 5.710E+013  5.316E-010  7.457E+007  4.616E+007
 5.730E+013  5.407E-010  7.459E+007  4.633E+007
 5.750E+013  5.499E-010  7.461E+007  4.649E+007
 5.770E+013  5.592E-010  7.463E+007  4.666E+007
 5.790E+013  5.687E-010  7.465E+007  4.682E+007
 5.810E+013  5.782E-010  7.467E+007  4.699E+007
 5.830E+013  5.880E-010  7.469E+007  4.715E+007
 5.850E+013  5.978E-010  7.471E+007  4.732E+007
 5.870E+013  6.078E-010  7.473E+007  4.748E+007
 5.890E+013  6.179E-010  7.475E+007  4.765E+007
 5.910E+013  6.282E-010  7.478E+007  4.781E+007
 5.930E+013  6.386E-010  7.480E+007  4.798E+007
 5.950E+013  6.492E-010  7.482E+007  4.815E+007
 5.970E+013  6.599E-010  7.485E+007  4.831E+007
 5.990E+013  6.708E-010  7.487E+007  4.848E+007
 6.010E+013  6.818E-010  7.490E+007  4.864E+007
 6.030E+013  6.930E-010  7.492E+007  4.881E+007
 6.050E+013  7.043E-010  7.495E+007  4.898E+007
 6.070E+013  7.158E-010  7.498E+007  4.914E+007
 6.090E+013  7.275E-010  7.500E+007  4.931E+007
 6.110E+013  7.393E-010  7.503E+007  4.948E+007
 6.130E+013  7.513E-010  7.506E+007  4.964E+007
 6.150E+013  7.635E-010  7.509E+007  4.981E+007
 6.170E+013  7.759E-010  7.512E+007  4.998E+007
 6.190E+013  7.884E-010  7.515E+007  5.015E+007
 6.210E+013  8.011E-010  7.518E+007  5.031E+007
 6.230E+013  8.140E-010  7.521E+007  5.048E+007
 6.250E+013  8.270E-010  7.524E+007  5.065E+007
 6.270E+013  8.402E-010  7.527E+007  5.082E+007
 6.290E+013  8.537E-010  7.530E+007  5.098E+007
 6.310E+013  8.673E-010  7.534E+007  5.115E+007
 6.330E+013  8.811E-010  7.537E+007  5.132E+007
 6.350E+013  8.950E-010  7.541E+007  5.149E+007
 6.370E+013  9.092E-010  7.544E+007  5.166E+007
 6.390E+013  9.236E-010  7.548E+007  5.183E+007
 6.410E+013  9.381E-010  7.551E+007  5.200E+007
 6.430E+013  9.529E-010  7.555E+007  5.216E+007
 6.450E+013  9.678E-010  7.559E+007  5.233E+007
 6.470E+013  9.830E-010  7.563E+007  5.250E+007
 6.490E+013  9.983E-010  7.567E+007  5.267E+007
 6.510E+013  1.014E-009  7.571E+007  5.284E+007
 6.530E+013  1.030E-009  7.575E+007  5.301E+007
 6.550E+013  1.046E-009  7.579E+007  5.318E+007
 6.570E+013  1.062E-009  7.584E+007  5.335E+007
 6.590E+013  1.078E-009  7.588E+007  5.352E+007
 6.610E+013  1.095E-009  7.592E+007  5.369E+007
 6.630E+013  1.112E-009  7.597E+007  5.386E+007
 6.650E+013  1.129E-009  7.602E+007  5.404E+007
 6.670E+013  1.146E-009  7.606E+007  5.421E+007
 6.690E+013  1.163E-009  7.611E+007  5.438E+007
 6.710E+013  1.181E-009  7.616E+007  5.455E+007
 6.730E+013  1.199E-009  7.621E+007  5.472E+007
 6.750E+013  1.217E-009  7.626E+007  5.489E+007
 6.770E+013  1.235E-009  7.631E+007  5.507E+007
 6.790E+013  1.254E-009  7.636E+007  5.524E+007
 6.810E+013  1.273E-009  7.642E+007  5.541E+007
 6.830E+013  1.292E-009  7.647E+007  5.558E+007
 6.850E+013  1.311E-009  7.653E+007  5.576E+007
 6.870E+013  1.331E-009  7.658E+007  5.593E+007
 6.890E+013  1.351E-009  7.664E+007  5.610E+007
 6.910E+013  1.371E-009  7.670E+007  5.628E+007
 6.930E+013  1.391E-009  7.676E+007  5.645E+007
 6.950E+013  1.412E-009  7.682E+007  5.663E+007
 6.970E+013  1.433E-009  7.688E+007  5.680E+007
 6.990E+013  1.454E-009  7.694E+007  5.697E+007
 7.010E+013  1.475E-009  7.701E+007  5.715E+007
 7.030E+013  1.497E-009  7.707E+007  5.733E+007
 7.050E+013  1.519E-009  7.714E+007  5.750E+007
 7.070E+013  1.541E-009  7.721E+007  5.768E+007
 7.090E+013  1.563E-009  7.728E+007  5.785E+007
 7.110E+013  1.586E-009  7.735E+007  5.803E+007
 7.130E+013  1.609E-009  7.742E+007  5.821E+007
 7.150E+013  1.633E-009  7.749E+007  5.838E+007
 7.170E+013  1.656E-009  7.756E+007  5.856E+007
 7.190E+013  1.680E-009  7.764E+007  5.874E+007
 7.210E+013  1.704E-009  7.771E+007  5.892E+007
 7.230E+013  1.729E-009  7.779E+007  5.909E+007
 7.250E+013  1.754E-009  7.787E+007  5.927E+007
 7.270E+013  1.779E-009  7.795E+007  5.945E+007
 7.290E+013  1.805E-009  7.803E+007  5.963E+007
 7.310E+013  1.830E-009  7.812E+007  5.981E+007
 7.330E+013  1.857E-009  7.820E+007  5.999E+007
 7.350E+013  1.883E-009  7.829E+007  6.017E+007
 7.370E+013  1.910E-009  7.838E+007  6.035E+007
 7.390E+013  1.937E-009  7.847E+007  6.053E+007
 7.410E+013  1.965E-009  7.856E+007  6.071E+007
 7.430E+013  1.993E-009  7.865E+007  6.090E+007
 7.450E+013  2.021E-009  7.874E+007  6.108E+007
 7.470E+013  2.050E-009  7.884E+007  6.126E+007
 7.490E+013  2.079E-009  7.894E+007  6.144E+007
 7.510E+013  2.108E-009  7.904E+007  6.163E+007
 7.530E+013  2.138E-009  7.914E+007  6.181E+007
 7.550E+013  2.168E-009  7.924E+007  6.199E+007
 7.570E+013  2.199E-009  7.934E+007  6.218E+007
 7.590E+013  2.230E-009  7.945E+007  6.236E+007
 7.610E+013  2.261E-009  7.956E+007  6.255E+007
 7.630E+013  2.293E-009  7.967E+007  6.274E+007
 7.650E+013  2.326E-009  7.978E+007  6.292E+007
 7.670E+013  2.358E-009  7.989E+007  6.311E+007
 7.690E+013  2.391E-009  8.001E+007  6.330E+007
 7.710E+013  2.425E-009  8.013E+007  6.348E+007
 7.730E+013  2.459E-009  8.025E+007  6.367E+007
 7.750E+013  2.493E-009  8.037E+007  6.386E+007
 7.770E+013  2.528E-009  8.049E+007  6.405E+007
 7.790E+013  2.564E-009  8.062E+007  6.424E+007
 7.810E+013  2.599E-009  8.075E+007  6.443E+007
 7.830E+013  2.636E-009  8.088E+007  6.462E+007
 7.850E+013  2.673E-009  8.101E+007  6.481E+007
 7.870E+013  2.710E-009  8.115E+007  6.500E+007
 7.890E+013  2.748E-009  8.129E+007  6.519E+007
 7.910E+013  2.786E-009  8.143E+007  6.538E+007
 7.930E+013  2.825E-009  8.157E+007  6.558E+007
 7.950E+013  2.864E-009  8.171E+007  6.577E+007
 7.970E+013  2.904E-009  8.186E+007  6.597E+007
 7.990E+013  2.944E-009  8.201E+007  6.616E+007
 8.010E+013  2.985E-009  8.216E+007  6.636E+007
 8.030E+013  3.027E-009  8.232E+007  6.655E+007
 8.050E+013  3.069E-009  8.248E+007  6.675E+007
 8.070E+013  3.112E-009  8.264E+007  6.695E+007
 8.090E+013  3.155E-009  8.280E+007  6.714E+007
 8.110E+013  3.199E-009  8.297E+007  6.734E+007
 8.130E+013  3.243E-009  8.314E+007  6.754E+007
 8.150E+013  3.288E-009  8.331E+007  6.774E+007
 8.170E+013  3.334E-009  8.348E+007  6.794E+007
 8.190E+013  3.380E-009  8.366E+007  6.814E+007
 8.210E+013  3.427E-009  8.384E+007  6.834E+007
 8.230E+013  3.475E-009  8.403E+007  6.854E+007
 8.250E+013  3.523E-009  8.421E+007  6.875E+007
 8.270E+013  3.572E-009  8.441E+007  6.895E+007
 8.290E+013  3.621E-009  8.460E+007  6.915E+007
 8.310E+013  3.672E-009  8.480E+007  6.936E+007
 8.330E+013  3.723E-009  8.500E+007  6.956E+007
 8.350E+013  3.774E-009  8.520E+007  6.977E+007
 8.370E+013  3.827E-009  8.541E+007  6.998E+007
 8.390E+013  3.880E-009  8.562E+007  7.019E+007
 8.410E+013  3.934E-009  8.584E+007  7.039E+007
 8.430E+013  3.989E-009  8.606E+007  7.060E+007
 8.450E+013  4.044E-009  8.628E+007  7.081E+007
 8.470E+013  4.101E-009  8.650E+007  7.102E+007
 8.490E+013  4.158E-009  8.674E+007  7.124E+007
 8.510E+013  4.216E-009  8.697E+007  7.145E+007
 8.530E+013  4.275E-009  8.721E+007  7.166E+007
 8.550E+013  4.334E-009  8.745E+007  7.188E+007
 8.570E+013  4.395E-009  8.770E+007  7.209E+007
 8.590E+013  4.457E-009  8.795E+007  7.231E+007
 8.610E+013  4.519E-009  8.821E+007  7.252E+007
 8.630E+013  4.582E-009  8.847E+007  7.274E+007
 8.650E+013  4.647E-009  8.873E+007  7.296E+007
 8.670E+013  4.712E-009  8.900E+007  7.318E+007
 8.690E+013  4.778E-009  8.927E+007  7.340E+007
 8.710E+013  4.846E-009  8.955E+007  7.362E+007
 8.730E+013  4.914E-009  8.984E+007  7.384E+007
 8.750E+013  4.983E-009  9.013E+007  7.406E+007
 8.770E+013  5.054E-009  9.042E+007  7.429E+007
 8.790E+013  5.125E-009  9.072E+007  7.451E+007
 8.810E+013  5.198E-009  9.102E+007  7.474E+007
 8.830E+013  5.272E-009  9.133E+007  7.496E+007
 8.850E+013  5.347E-009  9.165E+007  7.519E+007
 8.870E+013  5.423E-009  9.197E+007  7.542E+007
 8.890E+013  5.500E-009  9.230E+007  7.565E+007
 8.910E+013  5.579E-009  9.263E+007  7.588E+007
 8.930E+013  5.658E-009  9.297E+007  7.611E+007
 8.950E+013  5.739E-009  9.331E+007  7.634E+007
 8.970E+013  5.822E-009  9.366E+007  7.658E+007
 8.990E+013  5.905E-009  9.402E+007  7.681E+007
 9.010E+013  5.990E-009  9.439E+007  7.705E+007
 9.030E+013  6.077E-009  9.476E+007  7.729E+007
 9.050E+013  6.165E-009  9.513E+007  7.752E+007
 9.070E+013  6.254E-009  9.552E+007  7.776E+007
 9.090E+013  6.344E-009  9.591E+007  7.800E+007
 9.110E+013  6.437E-009  9.631E+007  7.824E+007
 9.130E+013  6.530E-009  9.671E+007  7.849E+007
 9.150E+013  6.626E-009  9.712E+007  7.873E+007
 9.170E+013  6.723E-009  9.754E+007  7.898E+007
 9.190E+013  6.821E-009  9.797E+007  7.922E+007
 9.210E+013  6.921E-009  9.841E+007  7.947E+007
 9.230E+013  7.023E-009  9.885E+007  7.972E+007
 9.250E+013  7.127E-009  9.930E+007  7.997E+007
 9.270E+013  7.232E-009  9.976E+007  8.022E+007
 9.290E+013  7.340E-009  1.002E+008  8.047E+007
 9.310E+013  7.449E-009  1.007E+008  8.072E+007
 9.330E+013  7.560E-009  1.012E+008  8.098E+007
 9.350E+013  7.673E-009  1.017E+008  8.123E+007
 9.370E+013  7.788E-009  1.022E+008  8.149E+007
 9.390E+013  7.905E-009  1.027E+008  8.175E+007
 9.410E+013  8.024E-009  1.032E+008  8.201E+007
 9.430E+013  8.145E-009  1.038E+008  8.227E+007
 9.450E+013  8.268E-009  1.043E+008  8.253E+007
 9.470E+013  8.394E-009  1.049E+008  8.280E+007
 9.490E+013  8.522E-009  1.054E+008  8.306E+007
 9.510E+013  8.652E-009  1.060E+008  8.333E+007
 9.530E+013  8.784E-009  1.066E+008  8.360E+007
 9.550E+013  8.920E-009  1.072E+008  8.387E+007
 9.570E+013  9.057E-009  1.078E+008  8.414E+007
 9.590E+013  9.197E-009  1.084E+008  8.441E+007
 9.610E+013  9.340E-009  1.090E+008  8.468E+007
 9.630E+013  9.485E-009  1.097E+008  8.496E+007
 9.650E+013  9.634E-009  1.103E+008  8.524E+007
 9.670E+013  9.785E-009  1.110E+008  8.551E+007
 9.690E+013  9.939E-009  1.117E+008  8.579E+007
 9.710E+013  1.010E-008  1.124E+008  8.607E+007
 9.730E+013  1.026E-008  1.131E+008  8.636E+007
 9.750E+013  1.042E-008  1.138E+008  8.664E+007
 9.770E+013  1.058E-008  1.146E+008  8.693E+007
 9.790E+013  1.075E-008  1.153E+008  8.721E+007
 9.810E+013  1.093E-008  1.161E+008  8.750E+007
 9.830E+013  1.110E-008  1.168E+008  8.780E+007
 9.850E+013  1.128E-008  1.176E+008  8.810E+007
 9.870E+013  1.146E-008  1.184E+008  8.843E+007
 9.890E+013  1.166E-008  1.193E+008  8.873E+007
 9.910E+013  1.188E-008  1.208E+008  8.882E+007
 9.930E+013  1.215E-008  1.228E+008  8.868E+007
 9.950E+013  1.248E-008  1.257E+008  8.819E+007
 9.970E+013  1.286E-008  1.297E+008  8.718E+007
 9.990E+013  1.331E-008  1.330E+008  8.591E+007
 1.001E+014  1.000E-099  1.000E-099  8.591E+007
 1.003E+014  1.000E-099  1.000E-099  8.591E+007
 9.513E-003
