 2.340E+005
     x1b        dens       energ       v1
 1.000E+011  1.177E-012  9.970E+007  0.000E+000
 3.000E+011  1.177E-012  9.970E+007  2.139E+005
 5.000E+011  1.178E-012  9.970E+007  4.112E+005
 7.000E+011  1.180E-012  9.970E+007  6.223E+005
 9.000E+011  1.184E-012  9.970E+007  8.273E+005
 1.100E+012  1.189E-012  9.970E+007  1.035E+006
 1.300E+012  1.196E-012  9.970E+007  1.242E+006
 1.500E+012  1.204E-012  9.970E+007  1.449E+006
 1.700E+012  1.215E-012  9.970E+007  1.656E+006
 1.900E+012  1.226E-012  9.970E+007  1.863E+006
 2.100E+012  1.240E-012  9.970E+007  2.070E+006
 2.300E+012  1.254E-012  9.970E+007  2.277E+006
 2.500E+012  1.269E-012  9.970E+007  2.484E+006
 2.700E+012  1.285E-012  9.970E+007  2.691E+006
 2.900E+012  1.301E-012  9.970E+007  2.898E+006
 3.100E+012  1.317E-012  9.970E+007  3.105E+006
 3.300E+012  1.333E-012  9.970E+007  3.312E+006
 3.500E+012  1.350E-012  9.970E+007  3.519E+006
 3.700E+012  1.366E-012  9.970E+007  3.726E+006
 3.900E+012  1.382E-012  9.970E+007  3.933E+006
 4.100E+012  1.397E-012  9.970E+007  4.140E+006
 4.300E+012  1.412E-012  9.970E+007  4.347E+006
 4.500E+012  1.424E-012  9.970E+007  4.554E+006
 4.700E+012  1.434E-012  9.970E+007  4.761E+006
 4.900E+012  1.441E-012  9.970E+007  4.968E+006
 5.100E+012  1.445E-012  9.970E+007  5.175E+006
 5.300E+012  1.446E-012  9.970E+007  5.382E+006
 5.500E+012  1.446E-012  9.970E+007  5.589E+006
 5.700E+012  1.446E-012  9.970E+007  5.796E+006
 5.900E+012  1.446E-012  9.970E+007  6.003E+006
 6.100E+012  1.446E-012  9.970E+007  6.210E+006
 6.300E+012  1.446E-012  9.970E+007  6.417E+006
 6.500E+012  1.446E-012  9.970E+007  6.624E+006
 6.700E+012  1.445E-012  9.970E+007  6.831E+006
 6.900E+012  1.445E-012  9.970E+007  7.038E+006
 7.100E+012  1.444E-012  9.970E+007  7.245E+006
 7.300E+012  1.443E-012  9.970E+007  7.452E+006
 7.500E+012  1.442E-012  9.970E+007  7.659E+006
 7.700E+012  1.441E-012  9.970E+007  7.866E+006
 7.900E+012  1.440E-012  9.970E+007  8.073E+006
 8.100E+012  1.439E-012  9.970E+007  8.280E+006
 8.300E+012  1.438E-012  9.970E+007  8.487E+006
 8.500E+012  1.438E-012  9.970E+007  8.694E+006
 8.700E+012  1.438E-012  9.970E+007  8.901E+006
 8.900E+012  1.438E-012  9.970E+007  9.108E+006
 9.100E+012  1.438E-012  9.970E+007  9.315E+006
 9.300E+012  1.438E-012  9.970E+007  9.522E+006
 9.500E+012  1.439E-012  9.970E+007  9.729E+006
 9.700E+012  1.439E-012  9.970E+007  9.936E+006
 9.900E+012  1.440E-012  9.970E+007  1.014E+007
 1.010E+013  1.441E-012  9.970E+007  1.035E+007
 1.030E+013  1.442E-012  9.970E+007  1.056E+007
 1.050E+013  1.443E-012  9.970E+007  1.076E+007
 1.070E+013  1.445E-012  9.970E+007  1.097E+007
 1.090E+013  1.448E-012  9.970E+007  1.118E+007
 1.110E+013  1.451E-012  9.970E+007  1.138E+007
 1.130E+013  1.455E-012  9.970E+007  1.159E+007
 1.150E+013  1.460E-012  9.970E+007  1.180E+007
 1.170E+013  1.465E-012  9.970E+007  1.201E+007
 1.190E+013  1.472E-012  9.970E+007  1.221E+007
 1.210E+013  1.479E-012  9.970E+007  1.242E+007
 1.230E+013  1.488E-012  9.970E+007  1.263E+007
 1.250E+013  1.498E-012  9.970E+007  1.283E+007
 1.270E+013  1.510E-012  9.970E+007  1.304E+007
 1.290E+013  1.522E-012  9.970E+007  1.325E+007
 1.310E+013  1.537E-012  9.970E+007  1.345E+007
 1.330E+013  1.553E-012  9.970E+007  1.366E+007
 1.350E+013  1.571E-012  9.970E+007  1.387E+007
 1.370E+013  1.592E-012  9.970E+007  1.408E+007
 1.390E+013  1.614E-012  9.970E+007  1.428E+007
 1.410E+013  1.639E-012  9.970E+007  1.449E+007
 1.430E+013  1.666E-012  9.970E+007  1.470E+007
 1.450E+013  1.696E-012  9.970E+007  1.490E+007
 1.470E+013  1.730E-012  9.970E+007  1.511E+007
 1.490E+013  1.766E-012  9.970E+007  1.532E+007
 1.510E+013  1.806E-012  9.970E+007  1.553E+007
 1.530E+013  1.850E-012  9.970E+007  1.573E+007
 1.550E+013  1.898E-012  9.970E+007  1.594E+007
 1.570E+013  1.951E-012  9.970E+007  1.615E+007
 1.590E+013  2.008E-012  9.970E+007  1.635E+007
 1.610E+013  2.071E-012  9.970E+007  1.656E+007
 1.630E+013  2.139E-012  9.970E+007  1.677E+007
 1.650E+013  2.214E-012  9.970E+007  1.698E+007
 1.670E+013  2.295E-012  9.970E+007  1.718E+007
 1.690E+013  2.383E-012  9.970E+007  1.739E+007
 1.710E+013  2.479E-012  9.970E+007  1.760E+007
 1.730E+013  2.584E-012  9.970E+007  1.781E+007
 1.750E+013  2.697E-012  9.970E+007  1.801E+007
 1.770E+013  2.821E-012  9.970E+007  1.822E+007
 1.790E+013  2.955E-012  9.970E+007  1.843E+007
 1.810E+013  3.100E-012  9.970E+007  1.864E+007
 1.830E+013  3.257E-012  9.970E+007  1.884E+007
 1.850E+013  3.428E-012  9.970E+007  1.905E+007
 1.870E+013  3.613E-012  9.970E+007  1.926E+007
 1.890E+013  3.812E-012  9.970E+007  1.947E+007
 1.910E+013  4.028E-012  9.970E+007  1.967E+007
 1.930E+013  4.260E-012  9.970E+007  1.988E+007
 1.950E+013  4.510E-012  9.970E+007  2.009E+007
 1.970E+013  4.778E-012  9.970E+007  2.030E+007
 1.990E+013  5.066E-012  9.970E+007  2.050E+007
 2.010E+013  5.375E-012  9.970E+007  2.071E+007
 2.030E+013  5.704E-012  9.970E+007  2.092E+007
 2.050E+013  6.056E-012  9.970E+007  2.112E+007
 2.070E+013  6.429E-012  9.970E+007  2.133E+007
 2.090E+013  6.825E-012  9.970E+007  2.154E+007
 2.110E+013  7.243E-012  9.970E+007  2.175E+007
 2.130E+013  7.684E-012  9.970E+007  2.195E+007
 2.150E+013  8.147E-012  9.970E+007  2.216E+007
 2.170E+013  8.632E-012  9.970E+007  2.237E+007
 2.190E+013  9.138E-012  9.970E+007  2.257E+007
 2.210E+013  9.665E-012  9.970E+007  2.278E+007
 2.230E+013  1.021E-011  9.970E+007  2.299E+007
 2.250E+013  1.078E-011  9.970E+007  2.319E+007
 2.270E+013  1.136E-011  9.970E+007  2.340E+007
 2.290E+013  1.196E-011  9.970E+007  2.361E+007
 2.310E+013  1.257E-011  9.970E+007  2.381E+007
 2.330E+013  1.320E-011  9.970E+007  2.402E+007
 2.350E+013  1.383E-011  9.970E+007  2.423E+007
 2.370E+013  1.448E-011  9.970E+007  2.443E+007
 2.390E+013  1.514E-011  9.970E+007  2.464E+007
 2.410E+013  1.581E-011  9.970E+007  2.485E+007
 2.430E+013  1.649E-011  9.970E+007  2.505E+007
 2.450E+013  1.717E-011  9.970E+007  2.526E+007
 2.470E+013  1.787E-011  9.970E+007  2.547E+007
 2.490E+013  1.856E-011  9.970E+007  2.567E+007
 2.510E+013  1.927E-011  9.970E+007  2.588E+007
 2.530E+013  1.998E-011  9.971E+007  2.609E+007
 2.550E+013  2.070E-011  9.971E+007  2.629E+007
 2.570E+013  2.143E-011  9.971E+007  2.650E+007
 2.590E+013  2.217E-011  9.971E+007  2.671E+007
 2.610E+013  2.291E-011  9.971E+007  2.691E+007
 2.630E+013  2.367E-011  9.971E+007  2.712E+007
 2.650E+013  2.443E-011  9.971E+007  2.733E+007
 2.670E+013  2.521E-011  9.971E+007  2.754E+007
 2.690E+013  2.600E-011  9.971E+007  2.774E+007
 2.710E+013  2.680E-011  9.971E+007  2.795E+007
 2.730E+013  2.762E-011  9.971E+007  2.816E+007
 2.750E+013  2.845E-011  9.971E+007  2.836E+007
 2.770E+013  2.930E-011  9.971E+007  2.857E+007
 2.790E+013  3.017E-011  9.971E+007  2.878E+007
 2.810E+013  3.106E-011  9.971E+007  2.898E+007
 2.830E+013  3.198E-011  9.972E+007  2.919E+007
 2.850E+013  3.291E-011  9.972E+007  2.940E+007
 2.870E+013  3.387E-011  9.972E+007  2.961E+007
 2.890E+013  3.486E-011  9.972E+007  2.981E+007
 2.910E+013  3.587E-011  9.972E+007  3.002E+007
 2.930E+013  3.691E-011  9.972E+007  3.023E+007
 2.950E+013  3.799E-011  9.972E+007  3.043E+007
 2.970E+013  3.909E-011  9.972E+007  3.064E+007
 2.990E+013  4.023E-011  9.972E+007  3.085E+007
 3.010E+013  4.140E-011  9.973E+007  3.106E+007
 3.030E+013  4.261E-011  9.973E+007  3.126E+007
 3.050E+013  4.385E-011  9.973E+007  3.147E+007
 3.070E+013  4.513E-011  9.973E+007  3.168E+007
 3.090E+013  4.646E-011  9.973E+007  3.188E+007
 3.110E+013  4.782E-011  9.973E+007  3.209E+007
 3.130E+013  4.922E-011  9.973E+007  3.230E+007
 3.150E+013  5.067E-011  9.974E+007  3.251E+007
 3.170E+013  5.215E-011  9.974E+007  3.271E+007
 3.190E+013  5.369E-011  9.974E+007  3.292E+007
 3.210E+013  5.526E-011  9.974E+007  3.313E+007
 3.230E+013  5.688E-011  9.974E+007  3.333E+007
 3.250E+013  5.854E-011  9.974E+007  3.354E+007
 3.270E+013  6.025E-011  9.975E+007  3.375E+007
 3.290E+013  6.200E-011  9.975E+007  3.396E+007
 3.310E+013  6.380E-011  9.975E+007  3.416E+007
 3.330E+013  6.564E-011  9.975E+007  3.437E+007
 3.350E+013  6.752E-011  9.975E+007  3.458E+007
 3.370E+013  6.945E-011  9.976E+007  3.478E+007
 3.390E+013  7.142E-011  9.976E+007  3.499E+007
 3.410E+013  7.343E-011  9.976E+007  3.520E+007
 3.430E+013  7.549E-011  9.976E+007  3.541E+007
 3.450E+013  7.758E-011  9.977E+007  3.561E+007
 3.470E+013  7.972E-011  9.977E+007  3.582E+007
 3.490E+013  8.189E-011  9.977E+007  3.603E+007
 3.510E+013  8.411E-011  9.978E+007  3.624E+007
 3.530E+013  8.637E-011  9.978E+007  3.644E+007
 3.550E+013  8.866E-011  9.978E+007  3.665E+007
 3.570E+013  9.100E-011  9.978E+007  3.686E+007
 3.590E+013  9.338E-011  9.979E+007  3.706E+007
 3.610E+013  9.579E-011  9.979E+007  3.727E+007
 3.630E+013  9.825E-011  9.980E+007  3.748E+007
 3.650E+013  1.007E-010  9.980E+007  3.769E+007
 3.670E+013  1.033E-010  9.980E+007  3.789E+007
 3.690E+013  1.059E-010  9.981E+007  3.810E+007
 3.710E+013  1.085E-010  9.981E+007  3.831E+007
 3.730E+013  1.112E-010  9.981E+007  3.852E+007
 3.750E+013  1.139E-010  9.982E+007  3.872E+007
 3.770E+013  1.167E-010  9.982E+007  3.893E+007
 3.790E+013  1.195E-010  9.983E+007  3.914E+007
 3.810E+013  1.224E-010  9.983E+007  3.935E+007
 3.830E+013  1.253E-010  9.984E+007  3.955E+007
 3.850E+013  1.283E-010  9.984E+007  3.976E+007
 3.870E+013  1.313E-010  9.985E+007  3.997E+007
 3.890E+013  1.345E-010  9.985E+007  4.018E+007
 3.910E+013  1.376E-010  9.986E+007  4.038E+007
 3.930E+013  1.409E-010  9.986E+007  4.059E+007
 3.950E+013  1.442E-010  9.987E+007  4.080E+007
 3.970E+013  1.476E-010  9.987E+007  4.101E+007
 3.990E+013  1.510E-010  9.988E+007  4.122E+007
 4.010E+013  1.545E-010  9.989E+007  4.142E+007
 4.030E+013  1.582E-010  9.989E+007  4.163E+007
 4.050E+013  1.618E-010  9.990E+007  4.184E+007
 4.070E+013  1.656E-010  9.991E+007  4.205E+007
 4.090E+013  1.695E-010  9.991E+007  4.225E+007
 4.110E+013  1.734E-010  9.992E+007  4.246E+007
 4.130E+013  1.774E-010  9.993E+007  4.267E+007
 4.150E+013  1.815E-010  9.993E+007  4.288E+007
 4.170E+013  1.857E-010  9.994E+007  4.309E+007
 4.190E+013  1.900E-010  9.995E+007  4.329E+007
 4.210E+013  1.944E-010  9.996E+007  4.350E+007
 4.230E+013  1.989E-010  9.997E+007  4.371E+007
 4.250E+013  2.034E-010  9.997E+007  4.392E+007
 4.270E+013  2.081E-010  9.998E+007  4.413E+007
 4.290E+013  2.128E-010  9.999E+007  4.433E+007
 4.310E+013  2.177E-010  1.000E+008  4.454E+007
 4.330E+013  2.226E-010  1.000E+008  4.475E+007
 4.350E+013  2.277E-010  1.000E+008  4.496E+007
 4.370E+013  2.328E-010  1.000E+008  4.517E+007
 4.390E+013  2.380E-010  1.000E+008  4.538E+007
 4.410E+013  2.434E-010  1.001E+008  4.558E+007
 4.430E+013  2.488E-010  1.001E+008  4.579E+007
 4.450E+013  2.543E-010  1.001E+008  4.600E+007
 4.470E+013  2.599E-010  1.001E+008  4.621E+007
 4.490E+013  2.657E-010  1.001E+008  4.642E+007
 4.510E+013  2.715E-010  1.001E+008  4.663E+007
 4.530E+013  2.774E-010  1.001E+008  4.684E+007
 4.550E+013  2.834E-010  1.001E+008  4.705E+007
 4.570E+013  2.896E-010  1.001E+008  4.725E+007
 4.590E+013  2.958E-010  1.002E+008  4.746E+007
 4.610E+013  3.021E-010  1.002E+008  4.767E+007
 4.630E+013  3.086E-010  1.002E+008  4.788E+007
 4.650E+013  3.151E-010  1.002E+008  4.809E+007
 4.670E+013  3.218E-010  1.002E+008  4.830E+007
 4.690E+013  3.285E-010  1.002E+008  4.851E+007
 4.710E+013  3.354E-010  1.003E+008  4.872E+007
 4.730E+013  3.424E-010  1.003E+008  4.893E+007
 4.750E+013  3.495E-010  1.003E+008  4.914E+007
 4.770E+013  3.568E-010  1.003E+008  4.935E+007
 4.790E+013  3.641E-010  1.003E+008  4.955E+007
 4.810E+013  3.716E-010  1.003E+008  4.976E+007
 4.830E+013  3.792E-010  1.004E+008  4.997E+007
 4.850E+013  3.869E-010  1.004E+008  5.018E+007
 4.870E+013  3.947E-010  1.004E+008  5.039E+007
 4.890E+013  4.027E-010  1.004E+008  5.060E+007
 4.910E+013  4.108E-010  1.004E+008  5.081E+007
 4.930E+013  4.190E-010  1.005E+008  5.102E+007
 4.950E+013  4.273E-010  1.005E+008  5.123E+007
 4.970E+013  4.358E-010  1.005E+008  5.144E+007
 4.990E+013  4.444E-010  1.005E+008  5.165E+007
 5.010E+013  4.532E-010  1.005E+008  5.186E+007
 5.030E+013  4.620E-010  1.006E+008  5.208E+007
 5.050E+013  4.711E-010  1.006E+008  5.229E+007
 5.070E+013  4.802E-010  1.006E+008  5.250E+007
 5.090E+013  4.895E-010  1.006E+008  5.271E+007
 5.110E+013  4.989E-010  1.007E+008  5.292E+007
 5.130E+013  5.085E-010  1.007E+008  5.313E+007
 5.150E+013  5.182E-010  1.007E+008  5.334E+007
 5.170E+013  5.280E-010  1.007E+008  5.355E+007
 5.190E+013  5.380E-010  1.008E+008  5.376E+007
 5.210E+013  5.482E-010  1.008E+008  5.397E+007
 5.230E+013  5.585E-010  1.008E+008  5.419E+007
 5.250E+013  5.689E-010  1.009E+008  5.440E+007
 5.270E+013  5.795E-010  1.009E+008  5.461E+007
 5.290E+013  5.903E-010  1.009E+008  5.482E+007
 5.310E+013  6.012E-010  1.009E+008  5.503E+007
 5.330E+013  6.122E-010  1.010E+008  5.525E+007
 5.350E+013  6.235E-010  1.010E+008  5.546E+007
 5.370E+013  6.348E-010  1.010E+008  5.567E+007
 5.390E+013  6.464E-010  1.011E+008  5.588E+007
 5.410E+013  6.581E-010  1.011E+008  5.610E+007
 5.430E+013  6.700E-010  1.012E+008  5.631E+007
 5.450E+013  6.821E-010  1.012E+008  5.652E+007
 5.470E+013  6.944E-010  1.012E+008  5.673E+007
 5.490E+013  7.068E-010  1.013E+008  5.695E+007
 5.510E+013  7.195E-010  1.013E+008  5.716E+007
 5.530E+013  7.323E-010  1.014E+008  5.738E+007
 5.550E+013  7.453E-010  1.014E+008  5.759E+007
 5.570E+013  7.586E-010  1.014E+008  5.780E+007
 5.590E+013  7.720E-010  1.015E+008  5.802E+007
 5.610E+013  7.856E-010  1.015E+008  5.823E+007
 5.630E+013  7.995E-010  1.016E+008  5.845E+007
 5.650E+013  8.135E-010  1.016E+008  5.866E+007
 5.670E+013  8.278E-010  1.017E+008  5.888E+007
 5.690E+013  8.423E-010  1.017E+008  5.909E+007
 5.710E+013  8.570E-010  1.018E+008  5.931E+007
 5.730E+013  8.719E-010  1.018E+008  5.952E+007
 5.750E+013  8.871E-010  1.019E+008  5.974E+007
 5.770E+013  9.025E-010  1.019E+008  5.995E+007
 5.790E+013  9.182E-010  1.020E+008  6.017E+007
 5.810E+013  9.340E-010  1.020E+008  6.039E+007
 5.830E+013  9.502E-010  1.021E+008  6.060E+007
 5.850E+013  9.665E-010  1.021E+008  6.082E+007
 5.870E+013  9.831E-010  1.022E+008  6.104E+007
 5.890E+013  1.000E-009  1.022E+008  6.125E+007
 5.910E+013  1.017E-009  1.023E+008  6.147E+007
 5.930E+013  1.034E-009  1.024E+008  6.169E+007
 5.950E+013  1.052E-009  1.024E+008  6.191E+007
 5.970E+013  1.070E-009  1.025E+008  6.213E+007
 5.990E+013  1.088E-009  1.026E+008  6.234E+007
 6.010E+013  1.107E-009  1.026E+008  6.256E+007
 6.030E+013  1.125E-009  1.027E+008  6.278E+007
 6.050E+013  1.144E-009  1.028E+008  6.300E+007
 6.070E+013  1.164E-009  1.028E+008  6.322E+007
 6.090E+013  1.183E-009  1.029E+008  6.344E+007
 6.110E+013  1.203E-009  1.030E+008  6.366E+007
 6.130E+013  1.223E-009  1.031E+008  6.388E+007
 6.150E+013  1.243E-009  1.031E+008  6.410E+007
 6.170E+013  1.264E-009  1.032E+008  6.432E+007
 6.190E+013  1.285E-009  1.033E+008  6.455E+007
 6.210E+013  1.306E-009  1.034E+008  6.477E+007
 6.230E+013  1.328E-009  1.035E+008  6.499E+007
 6.250E+013  1.350E-009  1.036E+008  6.521E+007
 6.270E+013  1.372E-009  1.036E+008  6.543E+007
 6.290E+013  1.394E-009  1.037E+008  6.566E+007
 6.310E+013  1.417E-009  1.038E+008  6.588E+007
 6.330E+013  1.440E-009  1.039E+008  6.611E+007
 6.350E+013  1.464E-009  1.040E+008  6.633E+007
 6.370E+013  1.488E-009  1.041E+008  6.655E+007
 6.390E+013  1.512E-009  1.042E+008  6.678E+007
 6.410E+013  1.536E-009  1.043E+008  6.700E+007
 6.430E+013  1.561E-009  1.044E+008  6.723E+007
 6.450E+013  1.586E-009  1.045E+008  6.746E+007
 6.470E+013  1.612E-009  1.046E+008  6.768E+007
 6.490E+013  1.637E-009  1.047E+008  6.791E+007
 6.510E+013  1.664E-009  1.048E+008  6.814E+007
 6.530E+013  1.690E-009  1.049E+008  6.837E+007
 6.550E+013  1.717E-009  1.051E+008  6.859E+007
 6.570E+013  1.745E-009  1.052E+008  6.882E+007
 6.590E+013  1.772E-009  1.053E+008  6.905E+007
 6.610E+013  1.800E-009  1.054E+008  6.928E+007
 6.630E+013  1.829E-009  1.055E+008  6.951E+007
 6.650E+013  1.858E-009  1.057E+008  6.974E+007
 6.670E+013  1.887E-009  1.058E+008  6.997E+007
 6.690E+013  1.917E-009  1.059E+008  7.020E+007
 6.710E+013  1.947E-009  1.061E+008  7.044E+007
 6.730E+013  1.977E-009  1.062E+008  7.067E+007
 6.750E+013  2.008E-009  1.063E+008  7.090E+007
 6.770E+013  2.040E-009  1.065E+008  7.114E+007
 6.790E+013  2.072E-009  1.066E+008  7.137E+007
 6.810E+013  2.104E-009  1.068E+008  7.161E+007
 6.830E+013  2.137E-009  1.069E+008  7.184E+007
 6.850E+013  2.170E-009  1.071E+008  7.208E+007
 6.870E+013  2.204E-009  1.072E+008  7.231E+007
 6.890E+013  2.238E-009  1.074E+008  7.255E+007
 6.910E+013  2.273E-009  1.076E+008  7.279E+007
 6.930E+013  2.308E-009  1.077E+008  7.303E+007
 6.950E+013  2.344E-009  1.079E+008  7.327E+007
 6.970E+013  2.380E-009  1.081E+008  7.350E+007
 6.990E+013  2.417E-009  1.082E+008  7.375E+007
 7.010E+013  2.454E-009  1.084E+008  7.399E+007
 7.030E+013  2.492E-009  1.086E+008  7.423E+007
 7.050E+013  2.530E-009  1.088E+008  7.447E+007
 7.070E+013  2.569E-009  1.090E+008  7.471E+007
 7.090E+013  2.609E-009  1.092E+008  7.496E+007
 7.110E+013  2.649E-009  1.094E+008  7.520E+007
 7.130E+013  2.690E-009  1.096E+008  7.545E+007
 7.150E+013  2.731E-009  1.098E+008  7.569E+007
 7.170E+013  2.773E-009  1.100E+008  7.594E+007
 7.190E+013  2.816E-009  1.102E+008  7.619E+007
 7.210E+013  2.859E-009  1.104E+008  7.643E+007
 7.230E+013  2.903E-009  1.106E+008  7.668E+007
 7.250E+013  2.947E-009  1.108E+008  7.693E+007
 7.270E+013  2.993E-009  1.111E+008  7.718E+007
 7.290E+013  3.039E-009  1.113E+008  7.743E+007
 7.310E+013  3.085E-009  1.115E+008  7.769E+007
 7.330E+013  3.132E-009  1.118E+008  7.794E+007
 7.350E+013  3.180E-009  1.120E+008  7.819E+007
 7.370E+013  3.229E-009  1.123E+008  7.845E+007
 7.390E+013  3.279E-009  1.125E+008  7.870E+007
 7.410E+013  3.329E-009  1.128E+008  7.896E+007
 7.430E+013  3.380E-009  1.130E+008  7.922E+007
 7.450E+013  3.432E-009  1.133E+008  7.947E+007
 7.470E+013  3.484E-009  1.136E+008  7.973E+007
 7.490E+013  3.538E-009  1.139E+008  7.999E+007
 7.510E+013  3.592E-009  1.142E+008  8.025E+007
 7.530E+013  3.647E-009  1.145E+008  8.052E+007
 7.550E+013  3.703E-009  1.148E+008  8.078E+007
 7.570E+013  3.759E-009  1.151E+008  8.104E+007
 7.590E+013  3.817E-009  1.154E+008  8.131E+007
 7.610E+013  3.876E-009  1.157E+008  8.158E+007
 7.630E+013  3.935E-009  1.160E+008  8.184E+007
 7.650E+013  3.996E-009  1.163E+008  8.211E+007
 7.670E+013  4.057E-009  1.167E+008  8.238E+007
 7.690E+013  4.119E-009  1.170E+008  8.265E+007
 7.710E+013  4.183E-009  1.173E+008  8.292E+007
 7.730E+013  4.247E-009  1.177E+008  8.320E+007
 7.750E+013  4.313E-009  1.181E+008  8.347E+007
 7.770E+013  4.379E-009  1.184E+008  8.374E+007
 7.790E+013  4.447E-009  1.188E+008  8.402E+007
 7.810E+013  4.515E-009  1.192E+008  8.430E+007
 7.830E+013  4.585E-009  1.196E+008  8.458E+007
 7.850E+013  4.656E-009  1.200E+008  8.486E+007
 7.870E+013  4.728E-009  1.204E+008  8.514E+007
 7.890E+013  4.801E-009  1.208E+008  8.542E+007
 7.910E+013  4.876E-009  1.212E+008  8.570E+007
 7.930E+013  4.952E-009  1.216E+008  8.599E+007
 7.950E+013  5.029E-009  1.221E+008  8.628E+007
 7.970E+013  5.107E-009  1.225E+008  8.656E+007
 7.990E+013  5.187E-009  1.229E+008  8.685E+007
 8.010E+013  5.268E-009  1.234E+008  8.714E+007
 8.030E+013  5.351E-009  1.239E+008  8.743E+007
 8.050E+013  5.435E-009  1.244E+008  8.773E+007
 8.070E+013  5.520E-009  1.248E+008  8.802E+007
 8.090E+013  5.607E-009  1.253E+008  8.832E+007
 8.110E+013  5.695E-009  1.259E+008  8.862E+007
 8.130E+013  5.785E-009  1.264E+008  8.892E+007
 8.150E+013  5.877E-009  1.269E+008  8.922E+007
 8.170E+013  5.970E-009  1.274E+008  8.952E+007
 8.190E+013  6.065E-009  1.280E+008  8.982E+007
 8.210E+013  6.162E-009  1.286E+008  9.013E+007
 8.230E+013  6.260E-009  1.291E+008  9.043E+007
 8.250E+013  6.360E-009  1.297E+008  9.074E+007
 8.270E+013  6.462E-009  1.303E+008  9.105E+007
 8.290E+013  6.566E-009  1.309E+008  9.136E+007
 8.310E+013  6.672E-009  1.315E+008  9.168E+007
 8.330E+013  6.780E-009  1.322E+008  9.199E+007
 8.350E+013  6.889E-009  1.328E+008  9.231E+007
 8.370E+013  7.001E-009  1.335E+008  9.263E+007
 8.390E+013  7.115E-009  1.341E+008  9.295E+007
 8.410E+013  7.231E-009  1.348E+008  9.327E+007
 8.430E+013  7.349E-009  1.355E+008  9.359E+007
 8.450E+013  7.470E-009  1.362E+008  9.392E+007
 8.470E+013  7.593E-009  1.370E+008  9.424E+007
 8.490E+013  7.718E-009  1.377E+008  9.457E+007
 8.510E+013  7.846E-009  1.385E+008  9.490E+007
 8.530E+013  7.976E-009  1.392E+008  9.524E+007
 8.550E+013  8.109E-009  1.400E+008  9.557E+007
 8.570E+013  8.245E-009  1.408E+008  9.591E+007
 8.590E+013  8.383E-009  1.417E+008  9.625E+007
 8.610E+013  8.524E-009  1.425E+008  9.659E+007
 8.630E+013  8.667E-009  1.434E+008  9.693E+007
 8.650E+013  8.814E-009  1.442E+008  9.727E+007
 8.670E+013  8.964E-009  1.451E+008  9.762E+007
 8.690E+013  9.116E-009  1.461E+008  9.797E+007
 8.710E+013  9.272E-009  1.470E+008  9.832E+007
 8.730E+013  9.431E-009  1.479E+008  9.867E+007
 8.750E+013  9.594E-009  1.489E+008  9.902E+007
 8.770E+013  9.760E-009  1.499E+008  9.938E+007
 8.790E+013  9.929E-009  1.509E+008  9.974E+007
 8.810E+013  1.010E-008  1.520E+008  1.001E+008
 8.830E+013  1.028E-008  1.530E+008  1.005E+008
 8.850E+013  1.046E-008  1.541E+008  1.008E+008
 8.870E+013  1.064E-008  1.552E+008  1.012E+008
 8.890E+013  1.083E-008  1.563E+008  1.016E+008
 8.910E+013  1.102E-008  1.575E+008  1.019E+008
 8.930E+013  1.122E-008  1.587E+008  1.023E+008
 8.950E+013  1.142E-008  1.599E+008  1.027E+008
 8.970E+013  1.163E-008  1.611E+008  1.031E+008
 8.990E+013  1.184E-008  1.624E+008  1.034E+008
 9.010E+013  1.205E-008  1.637E+008  1.038E+008
 9.030E+013  1.227E-008  1.650E+008  1.042E+008
 9.050E+013  1.250E-008  1.663E+008  1.046E+008
 9.070E+013  1.273E-008  1.677E+008  1.050E+008
 9.090E+013  1.296E-008  1.691E+008  1.054E+008
 9.110E+013  1.321E-008  1.705E+008  1.058E+008
 9.130E+013  1.345E-008  1.720E+008  1.062E+008
 9.150E+013  1.370E-008  1.735E+008  1.066E+008
 9.170E+013  1.396E-008  1.751E+008  1.070E+008
 9.190E+013  1.423E-008  1.766E+008  1.074E+008
 9.210E+013  1.450E-008  1.782E+008  1.078E+008
 9.230E+013  1.478E-008  1.799E+008  1.082E+008
 9.250E+013  1.506E-008  1.816E+008  1.086E+008
 9.270E+013  1.535E-008  1.833E+008  1.090E+008
 9.290E+013  1.565E-008  1.851E+008  1.094E+008
 9.310E+013  1.596E-008  1.869E+008  1.098E+008
 9.330E+013  1.627E-008  1.887E+008  1.102E+008
 9.350E+013  1.659E-008  1.906E+008  1.107E+008
 9.370E+013  1.692E-008  1.926E+008  1.111E+008
 9.390E+013  1.726E-008  1.945E+008  1.115E+008
 9.410E+013  1.761E-008  1.966E+008  1.119E+008
 9.430E+013  1.797E-008  1.987E+008  1.124E+008
 9.450E+013  1.833E-008  2.008E+008  1.128E+008
 9.470E+013  1.871E-008  2.030E+008  1.132E+008
 9.490E+013  1.909E-008  2.052E+008  1.137E+008
 9.510E+013  1.949E-008  2.075E+008  1.141E+008
 9.530E+013  1.989E-008  2.098E+008  1.146E+008
 9.550E+013  2.031E-008  2.122E+008  1.150E+008
 9.570E+013  2.074E-008  2.147E+008  1.154E+008
 9.590E+013  2.117E-008  2.172E+008  1.159E+008
 9.610E+013  2.163E-008  2.198E+008  1.163E+008
 9.630E+013  2.209E-008  2.225E+008  1.168E+008
 9.650E+013  2.257E-008  2.252E+008  1.173E+008
 9.670E+013  2.306E-008  2.280E+008  1.177E+008
 9.690E+013  2.356E-008  2.308E+008  1.182E+008
 9.710E+013  2.408E-008  2.337E+008  1.186E+008
 9.730E+013  2.461E-008  2.368E+008  1.191E+008
 9.750E+013  2.516E-008  2.398E+008  1.196E+008
 9.770E+013  2.573E-008  2.430E+008  1.200E+008
 9.790E+013  2.631E-008  2.462E+008  1.205E+008
 9.810E+013  2.691E-008  2.496E+008  1.210E+008
 9.830E+013  2.752E-008  2.530E+008  1.215E+008
 9.850E+013  2.815E-008  2.565E+008  1.220E+008
 9.870E+013  2.881E-008  2.601E+008  1.224E+008
 9.890E+013  2.948E-008  2.638E+008  1.229E+008
 9.910E+013  3.019E-008  2.677E+008  1.234E+008
 9.930E+013  3.088E-008  2.714E+008  1.239E+008
 9.950E+013  3.154E-008  2.734E+008  1.245E+008
 9.970E+013  3.143E-008  2.664E+008  1.264E+008
 9.990E+013  3.205E-008  2.657E+008  1.296E+008
 1.001E+014  1.000E-099  1.000E-099  1.296E+008
 1.003E+014  1.000E-099  1.000E-099  1.296E+008
 7.420E-003
