 7.801E+004
     x1b        dens       energ       v1
 1.000E+011  2.613E-012  3.766E+008  0.000E+000
 3.000E+011  2.614E-012  3.766E+008  6.598E+005
 5.000E+011  2.619E-012  3.766E+008  1.224E+006
 7.000E+011  2.629E-012  3.766E+008  1.868E+006
 9.000E+011  2.645E-012  3.766E+008  2.476E+006
 1.100E+012  2.667E-012  3.766E+008  3.102E+006
 1.300E+012  2.697E-012  3.766E+008  3.719E+006
 1.500E+012  2.732E-012  3.766E+008  4.341E+006
 1.700E+012  2.771E-012  3.766E+008  4.960E+006
 1.900E+012  2.814E-012  3.766E+008  5.580E+006
 2.100E+012  2.860E-012  3.766E+008  6.200E+006
 2.300E+012  2.906E-012  3.766E+008  6.820E+006
 2.500E+012  2.954E-012  3.766E+008  7.440E+006
 2.700E+012  3.001E-012  3.766E+008  8.060E+006
 2.900E+012  3.048E-012  3.766E+008  8.680E+006
 3.100E+012  3.093E-012  3.766E+008  9.300E+006
 3.300E+012  3.135E-012  3.766E+008  9.920E+006
 3.500E+012  3.170E-012  3.766E+008  1.054E+007
 3.700E+012  3.194E-012  3.766E+008  1.116E+007
 3.900E+012  3.207E-012  3.766E+008  1.178E+007
 4.100E+012  3.210E-012  3.766E+008  1.240E+007
 4.300E+012  3.210E-012  3.766E+008  1.302E+007
 4.500E+012  3.210E-012  3.766E+008  1.364E+007
 4.700E+012  3.210E-012  3.766E+008  1.426E+007
 4.900E+012  3.209E-012  3.766E+008  1.488E+007
 5.100E+012  3.209E-012  3.766E+008  1.550E+007
 5.300E+012  3.207E-012  3.766E+008  1.612E+007
 5.500E+012  3.205E-012  3.766E+008  1.674E+007
 5.700E+012  3.203E-012  3.766E+008  1.736E+007
 5.900E+012  3.199E-012  3.766E+008  1.798E+007
 6.100E+012  3.196E-012  3.766E+008  1.860E+007
 6.300E+012  3.193E-012  3.766E+008  1.922E+007
 6.500E+012  3.193E-012  3.766E+008  1.984E+007
 6.700E+012  3.193E-012  3.766E+008  2.046E+007
 6.900E+012  3.193E-012  3.766E+008  2.108E+007
 7.100E+012  3.193E-012  3.766E+008  2.170E+007
 7.300E+012  3.194E-012  3.766E+008  2.232E+007
 7.500E+012  3.195E-012  3.766E+008  2.294E+007
 7.700E+012  3.197E-012  3.766E+008  2.356E+007
 7.900E+012  3.201E-012  3.766E+008  2.418E+007
 8.100E+012  3.206E-012  3.766E+008  2.480E+007
 8.300E+012  3.212E-012  3.766E+008  2.542E+007
 8.500E+012  3.221E-012  3.766E+008  2.604E+007
 8.700E+012  3.233E-012  3.766E+008  2.666E+007
 8.900E+012  3.247E-012  3.766E+008  2.728E+007
 9.100E+012  3.265E-012  3.766E+008  2.790E+007
 9.300E+012  3.287E-012  3.766E+008  2.852E+007
 9.500E+012  3.313E-012  3.766E+008  2.914E+007
 9.700E+012  3.345E-012  3.766E+008  2.976E+007
 9.900E+012  3.382E-012  3.766E+008  3.038E+007
 1.010E+013  3.425E-012  3.766E+008  3.100E+007
 1.030E+013  3.475E-012  3.766E+008  3.162E+007
 1.050E+013  3.532E-012  3.766E+008  3.224E+007
 1.070E+013  3.598E-012  3.766E+008  3.286E+007
 1.090E+013  3.674E-012  3.766E+008  3.348E+007
 1.110E+013  3.759E-012  3.766E+008  3.410E+007
 1.130E+013  3.856E-012  3.766E+008  3.472E+007
 1.150E+013  3.966E-012  3.766E+008  3.534E+007
 1.170E+013  4.089E-012  3.766E+008  3.596E+007
 1.190E+013  4.228E-012  3.766E+008  3.658E+007
 1.210E+013  4.385E-012  3.766E+008  3.721E+007
 1.230E+013  4.560E-012  3.766E+008  3.783E+007
 1.250E+013  4.756E-012  3.766E+008  3.845E+007
 1.270E+013  4.975E-012  3.766E+008  3.907E+007
 1.290E+013  5.221E-012  3.766E+008  3.969E+007
 1.310E+013  5.495E-012  3.767E+008  4.031E+007
 1.330E+013  5.801E-012  3.767E+008  4.094E+007
 1.350E+013  6.142E-012  3.767E+008  4.156E+007
 1.370E+013  6.522E-012  3.767E+008  4.218E+007
 1.390E+013  6.944E-012  3.767E+008  4.280E+007
 1.410E+013  7.413E-012  3.767E+008  4.343E+007
 1.430E+013  7.934E-012  3.767E+008  4.405E+007
 1.450E+013  8.510E-012  3.767E+008  4.467E+007
 1.470E+013  9.146E-012  3.767E+008  4.529E+007
 1.490E+013  9.848E-012  3.767E+008  4.592E+007
 1.510E+013  1.062E-011  3.767E+008  4.654E+007
 1.530E+013  1.146E-011  3.767E+008  4.716E+007
 1.550E+013  1.239E-011  3.767E+008  4.778E+007
 1.570E+013  1.339E-011  3.767E+008  4.840E+007
 1.590E+013  1.448E-011  3.767E+008  4.902E+007
 1.610E+013  1.565E-011  3.767E+008  4.964E+007
 1.630E+013  1.690E-011  3.767E+008  5.026E+007
 1.650E+013  1.824E-011  3.767E+008  5.088E+007
 1.670E+013  1.967E-011  3.767E+008  5.150E+007
 1.690E+013  2.117E-011  3.767E+008  5.212E+007
 1.710E+013  2.274E-011  3.767E+008  5.274E+007
 1.730E+013  2.439E-011  3.767E+008  5.336E+007
 1.750E+013  2.609E-011  3.767E+008  5.398E+007
 1.770E+013  2.786E-011  3.767E+008  5.460E+007
 1.790E+013  2.968E-011  3.767E+008  5.521E+007
 1.810E+013  3.154E-011  3.767E+008  5.583E+007
 1.830E+013  3.344E-011  3.767E+008  5.645E+007
 1.850E+013  3.537E-011  3.767E+008  5.707E+007
 1.870E+013  3.734E-011  3.767E+008  5.769E+007
 1.890E+013  3.933E-011  3.767E+008  5.831E+007
 1.910E+013  4.135E-011  3.767E+008  5.892E+007
 1.930E+013  4.340E-011  3.767E+008  5.954E+007
 1.950E+013  4.548E-011  3.768E+008  6.016E+007
 1.970E+013  4.758E-011  3.768E+008  6.078E+007
 1.990E+013  4.972E-011  3.768E+008  6.140E+007
 2.010E+013  5.189E-011  3.768E+008  6.202E+007
 2.030E+013  5.410E-011  3.768E+008  6.264E+007
 2.050E+013  5.635E-011  3.768E+008  6.326E+007
 2.070E+013  5.865E-011  3.768E+008  6.388E+007
 2.090E+013  6.101E-011  3.768E+008  6.450E+007
 2.110E+013  6.342E-011  3.768E+008  6.512E+007
 2.130E+013  6.591E-011  3.768E+008  6.574E+007
 2.150E+013  6.847E-011  3.769E+008  6.636E+007
 2.170E+013  7.111E-011  3.769E+008  6.698E+007
 2.190E+013  7.383E-011  3.769E+008  6.760E+007
 2.210E+013  7.665E-011  3.769E+008  6.822E+007
 2.230E+013  7.958E-011  3.769E+008  6.884E+007
 2.250E+013  8.261E-011  3.769E+008  6.947E+007
 2.270E+013  8.576E-011  3.769E+008  7.009E+007
 2.290E+013  8.903E-011  3.770E+008  7.071E+007
 2.310E+013  9.243E-011  3.770E+008  7.133E+007
 2.330E+013  9.597E-011  3.770E+008  7.195E+007
 2.350E+013  9.965E-011  3.770E+008  7.257E+007
 2.370E+013  1.035E-010  3.770E+008  7.319E+007
 2.390E+013  1.075E-010  3.771E+008  7.381E+007
 2.410E+013  1.116E-010  3.771E+008  7.444E+007
 2.430E+013  1.159E-010  3.771E+008  7.506E+007
 2.450E+013  1.204E-010  3.771E+008  7.568E+007
 2.470E+013  1.250E-010  3.772E+008  7.630E+007
 2.490E+013  1.298E-010  3.772E+008  7.692E+007
 2.510E+013  1.348E-010  3.772E+008  7.754E+007
 2.530E+013  1.399E-010  3.773E+008  7.817E+007
 2.550E+013  1.452E-010  3.773E+008  7.879E+007
 2.570E+013  1.507E-010  3.773E+008  7.941E+007
 2.590E+013  1.563E-010  3.774E+008  8.003E+007
 2.610E+013  1.621E-010  3.774E+008  8.065E+007
 2.630E+013  1.680E-010  3.774E+008  8.128E+007
 2.650E+013  1.742E-010  3.775E+008  8.190E+007
 2.670E+013  1.804E-010  3.775E+008  8.252E+007
 2.690E+013  1.868E-010  3.776E+008  8.314E+007
 2.710E+013  1.934E-010  3.776E+008  8.377E+007
 2.730E+013  2.001E-010  3.777E+008  8.439E+007
 2.750E+013  2.070E-010  3.777E+008  8.501E+007
 2.770E+013  2.140E-010  3.778E+008  8.564E+007
 2.790E+013  2.212E-010  3.778E+008  8.626E+007
 2.810E+013  2.286E-010  3.779E+008  8.688E+007
 2.830E+013  2.361E-010  3.779E+008  8.751E+007
 2.850E+013  2.438E-010  3.780E+008  8.813E+007
 2.870E+013  2.516E-010  3.781E+008  8.876E+007
 2.890E+013  2.597E-010  3.781E+008  8.938E+007
 2.910E+013  2.679E-010  3.782E+008  9.000E+007
 2.930E+013  2.764E-010  3.783E+008  9.063E+007
 2.950E+013  2.851E-010  3.783E+008  9.126E+007
 2.970E+013  2.940E-010  3.784E+008  9.188E+007
 2.990E+013  3.031E-010  3.785E+008  9.251E+007
 3.010E+013  3.125E-010  3.786E+008  9.313E+007
 3.030E+013  3.222E-010  3.787E+008  9.376E+007
 3.050E+013  3.321E-010  3.788E+008  9.439E+007
 3.070E+013  3.423E-010  3.789E+008  9.501E+007
 3.090E+013  3.528E-010  3.790E+008  9.564E+007
 3.110E+013  3.637E-010  3.791E+008  9.627E+007
 3.130E+013  3.748E-010  3.792E+008  9.690E+007
 3.150E+013  3.863E-010  3.793E+008  9.752E+007
 3.170E+013  3.981E-010  3.794E+008  9.815E+007
 3.190E+013  4.102E-010  3.795E+008  9.878E+007
 3.210E+013  4.227E-010  3.796E+008  9.941E+007
 3.230E+013  4.356E-010  3.797E+008  1.000E+008
 3.250E+013  4.488E-010  3.799E+008  1.007E+008
 3.270E+013  4.623E-010  3.800E+008  1.013E+008
 3.290E+013  4.763E-010  3.801E+008  1.019E+008
 3.310E+013  4.906E-010  3.803E+008  1.026E+008
 3.330E+013  5.052E-010  3.804E+008  1.032E+008
 3.350E+013  5.203E-010  3.806E+008  1.038E+008
 3.370E+013  5.357E-010  3.808E+008  1.045E+008
 3.390E+013  5.516E-010  3.809E+008  1.051E+008
 3.410E+013  5.678E-010  3.811E+008  1.057E+008
 3.430E+013  5.843E-010  3.813E+008  1.064E+008
 3.450E+013  6.013E-010  3.815E+008  1.070E+008
 3.470E+013  6.187E-010  3.816E+008  1.076E+008
 3.490E+013  6.365E-010  3.818E+008  1.083E+008
 3.510E+013  6.547E-010  3.821E+008  1.089E+008
 3.530E+013  6.733E-010  3.823E+008  1.095E+008
 3.550E+013  6.923E-010  3.825E+008  1.102E+008
 3.570E+013  7.118E-010  3.827E+008  1.108E+008
 3.590E+013  7.317E-010  3.829E+008  1.115E+008
 3.610E+013  7.521E-010  3.832E+008  1.121E+008
 3.630E+013  7.729E-010  3.834E+008  1.127E+008
 3.650E+013  7.942E-010  3.837E+008  1.134E+008
 3.670E+013  8.160E-010  3.840E+008  1.140E+008
 3.690E+013  8.383E-010  3.842E+008  1.147E+008
 3.710E+013  8.610E-010  3.845E+008  1.153E+008
 3.730E+013  8.843E-010  3.848E+008  1.160E+008
 3.750E+013  9.081E-010  3.851E+008  1.166E+008
 3.770E+013  9.324E-010  3.854E+008  1.173E+008
 3.790E+013  9.572E-010  3.858E+008  1.179E+008
 3.810E+013  9.826E-010  3.861E+008  1.186E+008
 3.830E+013  1.009E-009  3.865E+008  1.192E+008
 3.850E+013  1.035E-009  3.868E+008  1.199E+008
 3.870E+013  1.062E-009  3.872E+008  1.205E+008
 3.890E+013  1.090E-009  3.876E+008  1.212E+008
 3.910E+013  1.118E-009  3.880E+008  1.218E+008
 3.930E+013  1.147E-009  3.884E+008  1.225E+008
 3.950E+013  1.176E-009  3.888E+008  1.231E+008
 3.970E+013  1.206E-009  3.892E+008  1.238E+008
 3.990E+013  1.237E-009  3.897E+008  1.245E+008
 4.010E+013  1.268E-009  3.901E+008  1.251E+008
 4.030E+013  1.300E-009  3.906E+008  1.258E+008
 4.050E+013  1.333E-009  3.911E+008  1.264E+008
 4.070E+013  1.366E-009  3.916E+008  1.271E+008
 4.090E+013  1.400E-009  3.921E+008  1.278E+008
 4.110E+013  1.435E-009  3.926E+008  1.285E+008
 4.130E+013  1.470E-009  3.932E+008  1.291E+008
 4.150E+013  1.506E-009  3.938E+008  1.298E+008
 4.170E+013  1.543E-009  3.944E+008  1.305E+008
 4.190E+013  1.581E-009  3.950E+008  1.312E+008
 4.210E+013  1.620E-009  3.956E+008  1.318E+008
 4.230E+013  1.659E-009  3.962E+008  1.325E+008
 4.250E+013  1.700E-009  3.969E+008  1.332E+008
 4.270E+013  1.741E-009  3.976E+008  1.339E+008
 4.290E+013  1.783E-009  3.983E+008  1.346E+008
 4.310E+013  1.826E-009  3.990E+008  1.353E+008
 4.330E+013  1.871E-009  3.997E+008  1.359E+008
 4.350E+013  1.916E-009  4.005E+008  1.366E+008
 4.370E+013  1.962E-009  4.013E+008  1.373E+008
 4.390E+013  2.009E-009  4.021E+008  1.380E+008
 4.410E+013  2.058E-009  4.029E+008  1.387E+008
 4.430E+013  2.107E-009  4.038E+008  1.394E+008
 4.450E+013  2.158E-009  4.047E+008  1.401E+008
 4.470E+013  2.209E-009  4.056E+008  1.409E+008
 4.490E+013  2.262E-009  4.065E+008  1.416E+008
 4.510E+013  2.317E-009  4.075E+008  1.423E+008
 4.530E+013  2.372E-009  4.085E+008  1.430E+008
 4.550E+013  2.429E-009  4.095E+008  1.437E+008
 4.570E+013  2.487E-009  4.105E+008  1.444E+008
 4.590E+013  2.546E-009  4.116E+008  1.452E+008
 4.610E+013  2.607E-009  4.127E+008  1.459E+008
 4.630E+013  2.669E-009  4.139E+008  1.466E+008
 4.650E+013  2.733E-009  4.151E+008  1.474E+008
 4.670E+013  2.798E-009  4.163E+008  1.481E+008
 4.690E+013  2.864E-009  4.176E+008  1.488E+008
 4.710E+013  2.933E-009  4.188E+008  1.496E+008
 4.730E+013  3.002E-009  4.202E+008  1.503E+008
 4.750E+013  3.073E-009  4.216E+008  1.511E+008
 4.770E+013  3.146E-009  4.230E+008  1.519E+008
 4.790E+013  3.221E-009  4.244E+008  1.526E+008
 4.810E+013  3.297E-009  4.259E+008  1.534E+008
 4.830E+013  3.376E-009  4.275E+008  1.542E+008
 4.850E+013  3.456E-009  4.290E+008  1.549E+008
 4.870E+013  3.537E-009  4.307E+008  1.557E+008
 4.890E+013  3.621E-009  4.324E+008  1.565E+008
 4.910E+013  3.707E-009  4.341E+008  1.573E+008
 4.930E+013  3.795E-009  4.359E+008  1.581E+008
 4.950E+013  3.885E-009  4.377E+008  1.589E+008
 4.970E+013  3.977E-009  4.396E+008  1.597E+008
 4.990E+013  4.071E-009  4.415E+008  1.605E+008
 5.010E+013  4.168E-009  4.435E+008  1.613E+008
 5.030E+013  4.267E-009  4.456E+008  1.621E+008
 5.050E+013  4.368E-009  4.477E+008  1.629E+008
 5.070E+013  4.472E-009  4.499E+008  1.638E+008
 5.090E+013  4.579E-009  4.522E+008  1.646E+008
 5.110E+013  4.688E-009  4.545E+008  1.654E+008
 5.130E+013  4.800E-009  4.569E+008  1.663E+008
 5.150E+013  4.915E-009  4.593E+008  1.671E+008
 5.170E+013  5.033E-009  4.619E+008  1.680E+008
 5.190E+013  5.154E-009  4.645E+008  1.689E+008
 5.210E+013  5.278E-009  4.672E+008  1.697E+008
 5.230E+013  5.406E-009  4.700E+008  1.706E+008
 5.250E+013  5.537E-009  4.728E+008  1.715E+008
 5.270E+013  5.672E-009  4.758E+008  1.724E+008
 5.290E+013  5.810E-009  4.788E+008  1.733E+008
 5.310E+013  5.952E-009  4.819E+008  1.742E+008
 5.330E+013  6.098E-009  4.851E+008  1.751E+008
 5.350E+013  6.248E-009  4.885E+008  1.760E+008
 5.370E+013  6.402E-009  4.919E+008  1.769E+008
 5.390E+013  6.561E-009  4.954E+008  1.779E+008
 5.410E+013  6.724E-009  4.991E+008  1.788E+008
 5.430E+013  6.892E-009  5.028E+008  1.798E+008
 5.450E+013  7.065E-009  5.067E+008  1.807E+008
 5.470E+013  7.243E-009  5.107E+008  1.817E+008
 5.490E+013  7.426E-009  5.148E+008  1.826E+008
 5.510E+013  7.614E-009  5.191E+008  1.836E+008
 5.530E+013  7.809E-009  5.235E+008  1.846E+008
 5.550E+013  8.009E-009  5.280E+008  1.856E+008
 5.570E+013  8.215E-009  5.327E+008  1.866E+008
 5.590E+013  8.428E-009  5.375E+008  1.876E+008
 5.610E+013  8.647E-009  5.425E+008  1.887E+008
 5.630E+013  8.873E-009  5.476E+008  1.897E+008
 5.650E+013  9.107E-009  5.529E+008  1.907E+008
 5.670E+013  9.348E-009  5.584E+008  1.918E+008
 5.690E+013  9.596E-009  5.641E+008  1.928E+008
 5.710E+013  9.853E-009  5.699E+008  1.939E+008
 5.730E+013  1.012E-008  5.760E+008  1.950E+008
 5.750E+013  1.039E-008  5.822E+008  1.961E+008
 5.770E+013  1.067E-008  5.887E+008  1.972E+008
 5.790E+013  1.097E-008  5.954E+008  1.983E+008
 5.810E+013  1.127E-008  6.023E+008  1.994E+008
 5.830E+013  1.158E-008  6.094E+008  2.005E+008
 5.850E+013  1.191E-008  6.168E+008  2.017E+008
 5.870E+013  1.224E-008  6.244E+008  2.028E+008
 5.890E+013  1.259E-008  6.323E+008  2.040E+008
 5.910E+013  1.295E-008  6.405E+008  2.052E+008
 5.930E+013  1.332E-008  6.489E+008  2.063E+008
 5.950E+013  1.371E-008  6.577E+008  2.075E+008
 5.970E+013  1.411E-008  6.667E+008  2.087E+008
 5.990E+013  1.452E-008  6.761E+008  2.099E+008
 6.010E+013  1.495E-008  6.858E+008  2.112E+008
 6.030E+013  1.540E-008  6.959E+008  2.124E+008
 6.050E+013  1.587E-008  7.063E+008  2.136E+008
 6.070E+013  1.635E-008  7.171E+008  2.149E+008
 6.090E+013  1.685E-008  7.283E+008  2.162E+008
 6.110E+013  1.737E-008  7.400E+008  2.174E+008
 6.130E+013  1.791E-008  7.520E+008  2.187E+008
 6.150E+013  1.848E-008  7.645E+008  2.200E+008
 6.170E+013  1.907E-008  7.775E+008  2.213E+008
 6.190E+013  1.968E-008  7.909E+008  2.227E+008
 6.210E+013  2.032E-008  8.049E+008  2.240E+008
 6.230E+013  2.098E-008  8.194E+008  2.253E+008
 6.250E+013  2.167E-008  8.345E+008  2.267E+008
 6.270E+013  2.240E-008  8.501E+008  2.281E+008
 6.290E+013  2.315E-008  8.664E+008  2.294E+008
 6.310E+013  2.394E-008  8.832E+008  2.308E+008
 6.330E+013  2.476E-008  9.008E+008  2.322E+008
 6.350E+013  2.561E-008  9.191E+008  2.336E+008
 6.370E+013  2.651E-008  9.381E+008  2.350E+008
 6.390E+013  2.745E-008  9.578E+008  2.365E+008
 6.410E+013  2.843E-008  9.784E+008  2.379E+008
 6.430E+013  2.946E-008  9.999E+008  2.394E+008
 6.450E+013  3.053E-008  1.022E+009  2.408E+008
 6.470E+013  3.166E-008  1.045E+009  2.423E+008
 6.490E+013  3.285E-008  1.070E+009  2.438E+008
 6.510E+013  3.408E-008  1.095E+009  2.454E+008
 6.530E+013  3.531E-008  1.118E+009  2.466E+008
 6.550E+013  3.676E-008  1.152E+009  2.479E+008
 6.570E+013  3.847E-008  1.199E+009  2.510E+008
 6.590E+013  3.886E-008  1.186E+009  2.526E+008
 6.610E+013  3.574E-008  9.749E+008  2.460E+008
 6.630E+013  2.438E-008  4.382E+008  2.136E+008
 6.650E+013  1.429E-008  7.010E+007  1.411E+008
 6.670E+013  1.071E-008  1.632E+006  5.025E+007
 6.690E+013  1.003E-008  3.636E+002  3.855E+006
 6.710E+013  1.000E-008  6.236E+001  1.012E+004
 6.730E+013  1.000E-008  6.236E+001  3.067E-002
 6.750E+013  1.000E-008  6.236E+001  5.405E-012
 6.770E+013  1.000E-008  6.236E+001  2.771E-013
 6.790E+013  1.000E-008  6.236E+001 -2.771E-013
 6.810E+013  1.000E-008  6.236E+001  2.771E-013
 6.830E+013  1.000E-008  6.236E+001 -2.929E-035
 6.850E+013  1.000E-008  6.236E+001 -2.771E-013
 6.870E+013  1.000E-008  6.236E+001  0.000E+000
 6.890E+013  1.000E-008  6.236E+001  0.000E+000
 6.910E+013  1.000E-008  6.236E+001  0.000E+000
 6.930E+013  1.000E-008  6.236E+001  2.771E-013
 6.950E+013  1.000E-008  6.236E+001 -2.771E-013
 6.970E+013  1.000E-008  6.236E+001  0.000E+000
 6.990E+013  1.000E-008  6.236E+001  0.000E+000
 7.010E+013  1.000E-008  6.236E+001  0.000E+000
 7.030E+013  1.000E-008  6.236E+001  0.000E+000
 7.050E+013  1.000E-008  6.236E+001  0.000E+000
 7.070E+013  1.000E-008  6.236E+001  0.000E+000
 7.090E+013  1.000E-008  6.236E+001  0.000E+000
 7.110E+013  1.000E-008  6.236E+001  0.000E+000
 7.130E+013  1.000E-008  6.236E+001  0.000E+000
 7.150E+013  1.000E-008  6.236E+001  0.000E+000
 7.170E+013  1.000E-008  6.236E+001  0.000E+000
 7.190E+013  1.000E-008  6.236E+001  2.771E-013
 7.210E+013  1.000E-008  6.236E+001 -2.771E-013
 7.230E+013  1.000E-008  6.236E+001  0.000E+000
 7.250E+013  1.000E-008  6.236E+001  0.000E+000
 7.270E+013  1.000E-008  6.236E+001  5.543E-013
 7.290E+013  1.000E-008  6.236E+001 -1.097E-034
 7.310E+013  1.000E-008  6.236E+001 -5.543E-013
 7.330E+013  1.000E-008  6.236E+001 -2.498E-032
 7.350E+013  1.000E-008  6.236E+001 -2.771E-013
 7.370E+013  1.000E-008  6.236E+001  2.771E-013
 7.390E+013  1.000E-008  6.236E+001  2.495E-032
 7.410E+013  1.000E-008  6.236E+001  6.936E-071
 7.430E+013  1.000E-008  6.236E+001  2.500E-148
 7.450E+013  1.000E-008  6.236E+001  1.571E-303
 7.470E+013  1.000E-008  6.236E+001  0.000E+000
 7.490E+013  1.000E-008  6.236E+001  0.000E+000
 7.510E+013  1.000E-008  6.236E+001  0.000E+000
 7.530E+013  1.000E-008  6.236E+001  0.000E+000
 7.550E+013  1.000E-008  6.236E+001  0.000E+000
 7.570E+013  1.000E-008  6.236E+001  0.000E+000
 7.590E+013  1.000E-008  6.236E+001  0.000E+000
 7.610E+013  1.000E-008  6.236E+001  0.000E+000
 7.630E+013  1.000E-008  6.236E+001  0.000E+000
 7.650E+013  1.000E-008  6.236E+001  0.000E+000
 7.670E+013  1.000E-008  6.236E+001  5.543E-013
 7.690E+013  1.000E-008  6.236E+001 -5.543E-013
 7.710E+013  1.000E-008  6.236E+001  8.314E-013
 7.730E+013  1.000E-008  6.236E+001 -8.314E-013
 7.750E+013  1.000E-008  6.236E+001  5.915E-033
 7.770E+013  1.000E-008  6.236E+001  5.543E-013
 7.790E+013  1.000E-008  6.236E+001 -1.663E-012
 7.810E+013  1.000E-008  6.236E+001  1.663E-012
 7.830E+013  1.000E-008  6.236E+001 -5.543E-013
 7.850E+013  1.000E-008  6.236E+001 -4.901E-071
 7.870E+013  1.000E-008  6.236E+001 -2.097E-032
 7.890E+013  1.000E-008  6.236E+001 -2.771E-013
 7.910E+013  1.000E-008  6.236E+001 -1.386E-012
 7.930E+013  1.000E-008  6.236E+001  8.314E-013
 7.950E+013  1.000E-008  6.236E+001  8.314E-013
 7.970E+013  1.000E-008  6.236E+001 -1.109E-012
 7.990E+013  1.000E-008  6.236E+001  1.109E-012
 8.010E+013  1.000E-008  6.236E+001  3.993E-031
 8.030E+013  1.000E-008  6.236E+001  1.776E-068
 8.050E+013  1.000E-008  6.236E+001  1.639E-143
 8.070E+013  1.000E-008  6.236E+001 -7.276E-287
 8.090E+013  1.000E-008  6.236E+001 -5.381E-140
 8.110E+013  1.000E-008  6.236E+001 -1.018E-066
 8.130E+013  1.000E-008  6.236E+001 -3.022E-030
 8.150E+013  1.000E-008  6.236E+001 -3.048E-012
 8.170E+013  1.000E-008  6.236E+001  3.880E-012
 8.190E+013  1.000E-008  6.236E+001 -8.314E-013
 8.210E+013  1.000E-008  6.236E+001  0.000E+000
 8.230E+013  1.000E-008  6.236E+001  0.000E+000
 8.250E+013  1.000E-008  6.236E+001  0.000E+000
 8.270E+013  1.000E-008  6.236E+001  0.000E+000
 8.290E+013  1.000E-008  6.236E+001  1.109E-012
 8.310E+013  1.000E-008  6.236E+001 -1.109E-012
 8.330E+013  1.000E-008  6.236E+001 -2.426E-032
 8.350E+013  1.000E-008  6.236E+001  1.663E-012
 8.370E+013  1.000E-008  6.236E+001 -1.386E-012
 8.390E+013  1.000E-008  6.236E+001 -2.498E-032
 8.410E+013  1.000E-008  6.236E+001 -2.771E-013
 8.430E+013  1.000E-008  6.236E+001  2.771E-013
 8.450E+013  1.000E-008  6.236E+001 -2.366E-035
 8.470E+013  1.000E-008  6.236E+001 -2.771E-013
 8.490E+013  1.000E-008  6.236E+001 -1.178E-035
 8.510E+013  1.000E-008  6.236E+001  2.771E-013
 8.530E+013  1.000E-008  6.236E+001 -2.344E-035
 8.550E+013  1.000E-008  6.236E+001 -2.771E-013
 8.570E+013  1.000E-008  6.236E+001 -1.167E-035
 8.590E+013  1.000E-008  6.236E+001  2.771E-013
 8.610E+013  1.000E-008  6.236E+001 -2.771E-013
 8.630E+013  1.000E-008  6.236E+001  0.000E+000
 8.650E+013  1.000E-008  6.236E+001  0.000E+000
 8.670E+013  1.000E-008  6.236E+001  0.000E+000
 8.690E+013  1.000E-008  6.236E+001  0.000E+000
 8.710E+013  1.000E-008  6.236E+001  0.000E+000
 8.730E+013  1.000E-008  6.236E+001  0.000E+000
 8.750E+013  1.000E-008  6.236E+001  2.771E-013
 8.770E+013  1.000E-008  6.236E+001 -2.771E-013
 8.790E+013  1.000E-008  6.236E+001 -1.137E-035
 8.810E+013  1.000E-008  6.236E+001  2.771E-013
 8.830E+013  1.000E-008  6.236E+001 -2.771E-013
 8.850E+013  1.000E-008  6.236E+001  2.771E-013
 8.870E+013  1.000E-008  6.236E+001  2.771E-013
 8.890E+013  1.000E-008  6.236E+001 -5.543E-013
 8.910E+013  1.000E-008  6.236E+001  0.000E+000
 8.930E+013  1.000E-008  6.236E+001  0.000E+000
 8.950E+013  1.000E-008  6.236E+001  0.000E+000
 8.970E+013  1.000E-008  6.236E+001  0.000E+000
 8.990E+013  1.000E-008  6.236E+001  0.000E+000
 9.010E+013  1.000E-008  6.236E+001  2.771E-013
 9.030E+013  1.000E-008  6.236E+001 -2.214E-035
 9.050E+013  1.000E-008  6.236E+001 -2.771E-013
 9.070E+013  1.000E-008  6.236E+001  2.771E-013
 9.090E+013  1.000E-008  6.236E+001 -2.200E-035
 9.110E+013  1.000E-008  6.236E+001 -2.771E-013
 9.130E+013  1.000E-008  6.236E+001  0.000E+000
 9.150E+013  1.000E-008  6.236E+001  0.000E+000
 9.170E+013  1.000E-008  6.236E+001  0.000E+000
 9.190E+013  1.000E-008  6.236E+001  0.000E+000
 9.210E+013  1.000E-008  6.236E+001  0.000E+000
 9.230E+013  1.000E-008  6.236E+001  2.771E-013
 9.250E+013  1.000E-008  6.236E+001 -2.162E-035
 9.270E+013  1.000E-008  6.236E+001 -2.771E-013
 9.290E+013  1.000E-008  6.236E+001  0.000E+000
 9.310E+013  1.000E-008  6.236E+001  0.000E+000
 9.330E+013  1.000E-008  6.236E+001  0.000E+000
 9.350E+013  1.000E-008  6.236E+001  0.000E+000
 9.370E+013  1.000E-008  6.236E+001  2.771E-013
 9.390E+013  1.000E-008  6.236E+001 -2.771E-013
 9.410E+013  1.000E-008  6.236E+001  2.771E-013
 9.430E+013  1.000E-008  6.236E+001 -2.771E-013
 9.450E+013  1.000E-008  6.236E+001  0.000E+000
 9.470E+013  1.000E-008  6.236E+001  0.000E+000
 9.490E+013  1.000E-008  6.236E+001  0.000E+000
 9.510E+013  1.000E-008  6.236E+001  0.000E+000
 9.530E+013  1.000E-008  6.236E+001  2.771E-013
 9.550E+013  1.000E-008  6.236E+001 -2.771E-013
 9.570E+013  1.000E-008  6.236E+001 -6.950E-071
 9.590E+013  1.000E-008  6.236E+001 -2.498E-032
 9.610E+013  1.000E-008  6.236E+001 -2.771E-013
 9.630E+013  1.000E-008  6.236E+001  2.771E-013
 9.650E+013  1.000E-008  6.236E+001  2.496E-032
 9.670E+013  1.000E-008  6.236E+001  2.771E-013
 9.690E+013  1.000E-008  6.236E+001 -2.771E-013
 9.710E+013  1.000E-008  6.236E+001  0.000E+000
 9.730E+013  1.000E-008  6.236E+001  0.000E+000
 9.750E+013  1.000E-008  6.236E+001  0.000E+000
 9.770E+013  1.000E-008  6.236E+001  0.000E+000
 9.790E+013  1.000E-008  6.236E+001  0.000E+000
 9.810E+013  1.000E-008  6.236E+001  0.000E+000
 9.830E+013  1.000E-008  6.236E+001  0.000E+000
 9.850E+013  1.000E-008  6.236E+001  0.000E+000
 9.870E+013  1.000E-008  6.236E+001  0.000E+000
 9.890E+013  1.000E-008  6.236E+001  0.000E+000
 9.910E+013  1.000E-008  6.236E+001  0.000E+000
 9.930E+013  1.000E-008  6.236E+001  0.000E+000
 9.950E+013  1.000E-008  6.236E+001  2.771E-013
 9.970E+013  1.000E-008  6.236E+001 -2.771E-013
 9.990E+013  1.000E-008  6.236E+001  0.000E+000
 1.001E+014  1.000E-099  1.000E-099  0.000E+000
 1.003E+014  1.000E-099  1.000E-099  0.000E+000
 2.474E-003
