 2.880E+005
     x1b        dens       energ       v1
 1.000E+011  1.012E-012  7.753E+007  0.000E+000
 3.000E+011  1.012E-012  7.753E+007  1.768E+005
 5.000E+011  1.013E-012  7.753E+007  3.330E+005
 7.000E+011  1.015E-012  7.753E+007  5.064E+005
 9.000E+011  1.017E-012  7.753E+007  6.720E+005
 1.100E+012  1.021E-012  7.753E+007  8.417E+005
 1.300E+012  1.026E-012  7.753E+007  1.009E+006
 1.500E+012  1.033E-012  7.753E+007  1.178E+006
 1.700E+012  1.041E-012  7.753E+007  1.346E+006
 1.900E+012  1.050E-012  7.753E+007  1.514E+006
 2.100E+012  1.060E-012  7.753E+007  1.682E+006
 2.300E+012  1.071E-012  7.753E+007  1.851E+006
 2.500E+012  1.083E-012  7.753E+007  2.019E+006
 2.700E+012  1.096E-012  7.753E+007  2.187E+006
 2.900E+012  1.109E-012  7.753E+007  2.355E+006
 3.100E+012  1.122E-012  7.753E+007  2.524E+006
 3.300E+012  1.135E-012  7.753E+007  2.692E+006
 3.500E+012  1.149E-012  7.753E+007  2.860E+006
 3.700E+012  1.162E-012  7.753E+007  3.028E+006
 3.900E+012  1.175E-012  7.753E+007  3.197E+006
 4.100E+012  1.188E-012  7.753E+007  3.365E+006
 4.300E+012  1.201E-012  7.753E+007  3.533E+006
 4.500E+012  1.213E-012  7.753E+007  3.701E+006
 4.700E+012  1.223E-012  7.753E+007  3.869E+006
 4.900E+012  1.232E-012  7.753E+007  4.038E+006
 5.100E+012  1.238E-012  7.753E+007  4.206E+006
 5.300E+012  1.242E-012  7.753E+007  4.374E+006
 5.500E+012  1.243E-012  7.753E+007  4.542E+006
 5.700E+012  1.243E-012  7.753E+007  4.711E+006
 5.900E+012  1.243E-012  7.753E+007  4.879E+006
 6.100E+012  1.243E-012  7.753E+007  5.047E+006
 6.300E+012  1.243E-012  7.753E+007  5.215E+006
 6.500E+012  1.243E-012  7.753E+007  5.384E+006
 6.700E+012  1.243E-012  7.753E+007  5.552E+006
 6.900E+012  1.243E-012  7.753E+007  5.720E+006
 7.100E+012  1.243E-012  7.753E+007  5.888E+006
 7.300E+012  1.242E-012  7.753E+007  6.057E+006
 7.500E+012  1.242E-012  7.753E+007  6.225E+006
 7.700E+012  1.241E-012  7.753E+007  6.393E+006
 7.900E+012  1.240E-012  7.753E+007  6.561E+006
 8.100E+012  1.239E-012  7.753E+007  6.729E+006
 8.300E+012  1.238E-012  7.753E+007  6.898E+006
 8.500E+012  1.237E-012  7.753E+007  7.066E+006
 8.700E+012  1.237E-012  7.753E+007  7.234E+006
 8.900E+012  1.237E-012  7.753E+007  7.402E+006
 9.100E+012  1.237E-012  7.753E+007  7.571E+006
 9.300E+012  1.237E-012  7.753E+007  7.739E+006
 9.500E+012  1.237E-012  7.753E+007  7.907E+006
 9.700E+012  1.237E-012  7.753E+007  8.075E+006
 9.900E+012  1.237E-012  7.753E+007  8.244E+006
 1.010E+013  1.237E-012  7.753E+007  8.412E+006
 1.030E+013  1.238E-012  7.753E+007  8.580E+006
 1.050E+013  1.238E-012  7.753E+007  8.748E+006
 1.070E+013  1.239E-012  7.753E+007  8.917E+006
 1.090E+013  1.240E-012  7.753E+007  9.085E+006
 1.110E+013  1.242E-012  7.753E+007  9.253E+006
 1.130E+013  1.244E-012  7.753E+007  9.421E+006
 1.150E+013  1.246E-012  7.753E+007  9.590E+006
 1.170E+013  1.248E-012  7.753E+007  9.758E+006
 1.190E+013  1.252E-012  7.753E+007  9.926E+006
 1.210E+013  1.256E-012  7.753E+007  1.009E+007
 1.230E+013  1.260E-012  7.753E+007  1.026E+007
 1.250E+013  1.265E-012  7.753E+007  1.043E+007
 1.270E+013  1.271E-012  7.753E+007  1.060E+007
 1.290E+013  1.278E-012  7.753E+007  1.077E+007
 1.310E+013  1.286E-012  7.753E+007  1.094E+007
 1.330E+013  1.295E-012  7.753E+007  1.110E+007
 1.350E+013  1.306E-012  7.753E+007  1.127E+007
 1.370E+013  1.317E-012  7.753E+007  1.144E+007
 1.390E+013  1.330E-012  7.753E+007  1.161E+007
 1.410E+013  1.344E-012  7.753E+007  1.178E+007
 1.430E+013  1.360E-012  7.753E+007  1.195E+007
 1.450E+013  1.377E-012  7.753E+007  1.211E+007
 1.470E+013  1.396E-012  7.753E+007  1.228E+007
 1.490E+013  1.417E-012  7.753E+007  1.245E+007
 1.510E+013  1.440E-012  7.753E+007  1.262E+007
 1.530E+013  1.466E-012  7.753E+007  1.279E+007
 1.550E+013  1.493E-012  7.753E+007  1.295E+007
 1.570E+013  1.524E-012  7.753E+007  1.312E+007
 1.590E+013  1.557E-012  7.753E+007  1.329E+007
 1.610E+013  1.593E-012  7.753E+007  1.346E+007
 1.630E+013  1.633E-012  7.753E+007  1.363E+007
 1.650E+013  1.675E-012  7.753E+007  1.380E+007
 1.670E+013  1.722E-012  7.753E+007  1.397E+007
 1.690E+013  1.773E-012  7.753E+007  1.413E+007
 1.710E+013  1.828E-012  7.753E+007  1.430E+007
 1.730E+013  1.887E-012  7.753E+007  1.447E+007
 1.750E+013  1.952E-012  7.753E+007  1.464E+007
 1.770E+013  2.022E-012  7.753E+007  1.481E+007
 1.790E+013  2.099E-012  7.753E+007  1.498E+007
 1.810E+013  2.181E-012  7.753E+007  1.514E+007
 1.830E+013  2.270E-012  7.753E+007  1.531E+007
 1.850E+013  2.367E-012  7.753E+007  1.548E+007
 1.870E+013  2.472E-012  7.753E+007  1.565E+007
 1.890E+013  2.585E-012  7.753E+007  1.582E+007
 1.910E+013  2.707E-012  7.753E+007  1.599E+007
 1.930E+013  2.839E-012  7.753E+007  1.616E+007
 1.950E+013  2.981E-012  7.753E+007  1.632E+007
 1.970E+013  3.134E-012  7.753E+007  1.649E+007
 1.990E+013  3.299E-012  7.753E+007  1.666E+007
 2.010E+013  3.476E-012  7.753E+007  1.683E+007
 2.030E+013  3.667E-012  7.753E+007  1.700E+007
 2.050E+013  3.871E-012  7.753E+007  1.717E+007
 2.070E+013  4.090E-012  7.753E+007  1.734E+007
 2.090E+013  4.324E-012  7.753E+007  1.750E+007
 2.110E+013  4.573E-012  7.753E+007  1.767E+007
 2.130E+013  4.839E-012  7.753E+007  1.784E+007
 2.150E+013  5.122E-012  7.753E+007  1.801E+007
 2.170E+013  5.422E-012  7.753E+007  1.818E+007
 2.190E+013  5.739E-012  7.753E+007  1.835E+007
 2.210E+013  6.073E-012  7.753E+007  1.852E+007
 2.230E+013  6.426E-012  7.753E+007  1.868E+007
 2.250E+013  6.795E-012  7.753E+007  1.885E+007
 2.270E+013  7.182E-012  7.753E+007  1.902E+007
 2.290E+013  7.586E-012  7.753E+007  1.919E+007
 2.310E+013  8.006E-012  7.753E+007  1.936E+007
 2.330E+013  8.442E-012  7.753E+007  1.952E+007
 2.350E+013  8.893E-012  7.753E+007  1.969E+007
 2.370E+013  9.358E-012  7.753E+007  1.986E+007
 2.390E+013  9.836E-012  7.753E+007  2.003E+007
 2.410E+013  1.033E-011  7.753E+007  2.020E+007
 2.430E+013  1.083E-011  7.753E+007  2.036E+007
 2.450E+013  1.134E-011  7.753E+007  2.053E+007
 2.470E+013  1.186E-011  7.753E+007  2.070E+007
 2.490E+013  1.239E-011  7.753E+007  2.087E+007
 2.510E+013  1.293E-011  7.753E+007  2.104E+007
 2.530E+013  1.348E-011  7.753E+007  2.120E+007
 2.550E+013  1.403E-011  7.753E+007  2.137E+007
 2.570E+013  1.459E-011  7.753E+007  2.154E+007
 2.590E+013  1.515E-011  7.753E+007  2.171E+007
 2.610E+013  1.572E-011  7.753E+007  2.188E+007
 2.630E+013  1.630E-011  7.753E+007  2.204E+007
 2.650E+013  1.688E-011  7.753E+007  2.221E+007
 2.670E+013  1.746E-011  7.753E+007  2.238E+007
 2.690E+013  1.805E-011  7.753E+007  2.255E+007
 2.710E+013  1.865E-011  7.754E+007  2.272E+007
 2.730E+013  1.926E-011  7.754E+007  2.288E+007
 2.750E+013  1.987E-011  7.754E+007  2.305E+007
 2.770E+013  2.049E-011  7.754E+007  2.322E+007
 2.790E+013  2.111E-011  7.754E+007  2.339E+007
 2.810E+013  2.175E-011  7.754E+007  2.356E+007
 2.830E+013  2.240E-011  7.754E+007  2.373E+007
 2.850E+013  2.305E-011  7.754E+007  2.389E+007
 2.870E+013  2.372E-011  7.754E+007  2.406E+007
 2.890E+013  2.440E-011  7.754E+007  2.423E+007
 2.910E+013  2.510E-011  7.754E+007  2.440E+007
 2.930E+013  2.581E-011  7.754E+007  2.457E+007
 2.950E+013  2.653E-011  7.754E+007  2.473E+007
 2.970E+013  2.727E-011  7.754E+007  2.490E+007
 2.990E+013  2.803E-011  7.754E+007  2.507E+007
 3.010E+013  2.881E-011  7.754E+007  2.524E+007
 3.030E+013  2.961E-011  7.754E+007  2.541E+007
 3.050E+013  3.042E-011  7.754E+007  2.558E+007
 3.070E+013  3.126E-011  7.754E+007  2.574E+007
 3.090E+013  3.213E-011  7.754E+007  2.591E+007
 3.110E+013  3.301E-011  7.755E+007  2.608E+007
 3.130E+013  3.393E-011  7.755E+007  2.625E+007
 3.150E+013  3.486E-011  7.755E+007  2.642E+007
 3.170E+013  3.583E-011  7.755E+007  2.659E+007
 3.190E+013  3.682E-011  7.755E+007  2.675E+007
 3.210E+013  3.784E-011  7.755E+007  2.692E+007
 3.230E+013  3.890E-011  7.755E+007  2.709E+007
 3.250E+013  3.998E-011  7.755E+007  2.726E+007
 3.270E+013  4.109E-011  7.755E+007  2.743E+007
 3.290E+013  4.224E-011  7.755E+007  2.760E+007
 3.310E+013  4.342E-011  7.755E+007  2.776E+007
 3.330E+013  4.463E-011  7.755E+007  2.793E+007
 3.350E+013  4.587E-011  7.756E+007  2.810E+007
 3.370E+013  4.715E-011  7.756E+007  2.827E+007
 3.390E+013  4.847E-011  7.756E+007  2.844E+007
 3.410E+013  4.981E-011  7.756E+007  2.861E+007
 3.430E+013  5.120E-011  7.756E+007  2.877E+007
 3.450E+013  5.261E-011  7.756E+007  2.894E+007
 3.470E+013  5.406E-011  7.756E+007  2.911E+007
 3.490E+013  5.555E-011  7.756E+007  2.928E+007
 3.510E+013  5.707E-011  7.756E+007  2.945E+007
 3.530E+013  5.862E-011  7.757E+007  2.962E+007
 3.550E+013  6.021E-011  7.757E+007  2.979E+007
 3.570E+013  6.183E-011  7.757E+007  2.995E+007
 3.590E+013  6.348E-011  7.757E+007  3.012E+007
 3.610E+013  6.516E-011  7.757E+007  3.029E+007
 3.630E+013  6.688E-011  7.757E+007  3.046E+007
 3.650E+013  6.863E-011  7.757E+007  3.063E+007
 3.670E+013  7.041E-011  7.758E+007  3.080E+007
 3.690E+013  7.222E-011  7.758E+007  3.096E+007
 3.710E+013  7.406E-011  7.758E+007  3.113E+007
 3.730E+013  7.594E-011  7.758E+007  3.130E+007
 3.750E+013  7.784E-011  7.758E+007  3.147E+007
 3.770E+013  7.978E-011  7.759E+007  3.164E+007
 3.790E+013  8.174E-011  7.759E+007  3.181E+007
 3.810E+013  8.374E-011  7.759E+007  3.197E+007
 3.830E+013  8.577E-011  7.759E+007  3.214E+007
 3.850E+013  8.783E-011  7.759E+007  3.231E+007
 3.870E+013  8.993E-011  7.760E+007  3.248E+007
 3.890E+013  9.206E-011  7.760E+007  3.265E+007
 3.910E+013  9.423E-011  7.760E+007  3.282E+007
 3.930E+013  9.643E-011  7.760E+007  3.299E+007
 3.950E+013  9.867E-011  7.761E+007  3.315E+007
 3.970E+013  1.009E-010  7.761E+007  3.332E+007
 3.990E+013  1.033E-010  7.761E+007  3.349E+007
 4.010E+013  1.056E-010  7.761E+007  3.366E+007
 4.030E+013  1.080E-010  7.762E+007  3.383E+007
 4.050E+013  1.105E-010  7.762E+007  3.400E+007
 4.070E+013  1.130E-010  7.762E+007  3.417E+007
 4.090E+013  1.155E-010  7.763E+007  3.433E+007
 4.110E+013  1.181E-010  7.763E+007  3.450E+007
 4.130E+013  1.207E-010  7.763E+007  3.467E+007
 4.150E+013  1.234E-010  7.764E+007  3.484E+007
 4.170E+013  1.262E-010  7.764E+007  3.501E+007
 4.190E+013  1.290E-010  7.764E+007  3.518E+007
 4.210E+013  1.319E-010  7.765E+007  3.535E+007
 4.230E+013  1.348E-010  7.765E+007  3.552E+007
 4.250E+013  1.378E-010  7.765E+007  3.568E+007
 4.270E+013  1.408E-010  7.766E+007  3.585E+007
 4.290E+013  1.439E-010  7.766E+007  3.602E+007
 4.310E+013  1.471E-010  7.767E+007  3.619E+007
 4.330E+013  1.503E-010  7.767E+007  3.636E+007
 4.350E+013  1.537E-010  7.767E+007  3.653E+007
 4.370E+013  1.570E-010  7.768E+007  3.670E+007
 4.390E+013  1.605E-010  7.768E+007  3.687E+007
 4.410E+013  1.640E-010  7.769E+007  3.703E+007
 4.430E+013  1.676E-010  7.769E+007  3.720E+007
 4.450E+013  1.713E-010  7.770E+007  3.737E+007
 4.470E+013  1.750E-010  7.770E+007  3.754E+007
 4.490E+013  1.788E-010  7.771E+007  3.771E+007
 4.510E+013  1.827E-010  7.771E+007  3.788E+007
 4.530E+013  1.866E-010  7.772E+007  3.805E+007
 4.550E+013  1.907E-010  7.773E+007  3.822E+007
 4.570E+013  1.948E-010  7.773E+007  3.839E+007
 4.590E+013  1.989E-010  7.774E+007  3.856E+007
 4.610E+013  2.032E-010  7.774E+007  3.873E+007
 4.630E+013  2.075E-010  7.775E+007  3.889E+007
 4.650E+013  2.119E-010  7.776E+007  3.906E+007
 4.670E+013  2.164E-010  7.776E+007  3.923E+007
 4.690E+013  2.209E-010  7.777E+007  3.940E+007
 4.710E+013  2.256E-010  7.778E+007  3.957E+007
 4.730E+013  2.303E-010  7.778E+007  3.974E+007
 4.750E+013  2.351E-010  7.779E+007  3.991E+007
 4.770E+013  2.399E-010  7.780E+007  4.008E+007
 4.790E+013  2.449E-010  7.781E+007  4.025E+007
 4.810E+013  2.499E-010  7.781E+007  4.042E+007
 4.830E+013  2.550E-010  7.782E+007  4.059E+007
 4.850E+013  2.602E-010  7.783E+007  4.076E+007
 4.870E+013  2.654E-010  7.784E+007  4.093E+007
 4.890E+013  2.708E-010  7.785E+007  4.110E+007
 4.910E+013  2.762E-010  7.786E+007  4.127E+007
 4.930E+013  2.817E-010  7.787E+007  4.144E+007
 4.950E+013  2.873E-010  7.788E+007  4.161E+007
 4.970E+013  2.930E-010  7.788E+007  4.177E+007
 4.990E+013  2.988E-010  7.789E+007  4.194E+007
 5.010E+013  3.047E-010  7.790E+007  4.211E+007
 5.030E+013  3.106E-010  7.791E+007  4.228E+007
 5.050E+013  3.167E-010  7.793E+007  4.245E+007
 5.070E+013  3.228E-010  7.794E+007  4.262E+007
 5.090E+013  3.291E-010  7.795E+007  4.279E+007
 5.110E+013  3.354E-010  7.796E+007  4.296E+007
 5.130E+013  3.419E-010  7.797E+007  4.313E+007
 5.150E+013  3.484E-010  7.798E+007  4.330E+007
 5.170E+013  3.550E-010  7.799E+007  4.347E+007
 5.190E+013  3.618E-010  7.801E+007  4.365E+007
 5.210E+013  3.686E-010  7.802E+007  4.382E+007
 5.230E+013  3.755E-010  7.803E+007  4.399E+007
 5.250E+013  3.825E-010  7.804E+007  4.416E+007
 5.270E+013  3.897E-010  7.806E+007  4.433E+007
 5.290E+013  3.969E-010  7.807E+007  4.450E+007
 5.310E+013  4.043E-010  7.809E+007  4.467E+007
 5.330E+013  4.117E-010  7.810E+007  4.484E+007
 5.350E+013  4.193E-010  7.812E+007  4.501E+007
 5.370E+013  4.269E-010  7.813E+007  4.518E+007
 5.390E+013  4.347E-010  7.815E+007  4.535E+007
 5.410E+013  4.426E-010  7.816E+007  4.552E+007
 5.430E+013  4.506E-010  7.818E+007  4.569E+007
 5.450E+013  4.587E-010  7.819E+007  4.586E+007
 5.470E+013  4.669E-010  7.821E+007  4.603E+007
 5.490E+013  4.752E-010  7.823E+007  4.621E+007
 5.510E+013  4.836E-010  7.825E+007  4.638E+007
 5.530E+013  4.922E-010  7.826E+007  4.655E+007
 5.550E+013  5.009E-010  7.828E+007  4.672E+007
 5.570E+013  5.097E-010  7.830E+007  4.689E+007
 5.590E+013  5.186E-010  7.832E+007  4.706E+007
 5.610E+013  5.276E-010  7.834E+007  4.724E+007
 5.630E+013  5.368E-010  7.836E+007  4.741E+007
 5.650E+013  5.461E-010  7.838E+007  4.758E+007
 5.670E+013  5.555E-010  7.840E+007  4.775E+007
 5.690E+013  5.650E-010  7.842E+007  4.792E+007
 5.710E+013  5.747E-010  7.844E+007  4.809E+007
 5.730E+013  5.845E-010  7.847E+007  4.827E+007
 5.750E+013  5.945E-010  7.849E+007  4.844E+007
 5.770E+013  6.046E-010  7.851E+007  4.861E+007
 5.790E+013  6.148E-010  7.853E+007  4.878E+007
 5.810E+013  6.252E-010  7.856E+007  4.896E+007
 5.830E+013  6.357E-010  7.858E+007  4.913E+007
 5.850E+013  6.464E-010  7.861E+007  4.930E+007
 5.870E+013  6.573E-010  7.863E+007  4.948E+007
 5.890E+013  6.683E-010  7.866E+007  4.965E+007
 5.910E+013  6.794E-010  7.869E+007  4.982E+007
 5.930E+013  6.907E-010  7.871E+007  4.999E+007
 5.950E+013  7.022E-010  7.874E+007  5.017E+007
 5.970E+013  7.139E-010  7.877E+007  5.034E+007
 5.990E+013  7.257E-010  7.880E+007  5.052E+007
 6.010E+013  7.377E-010  7.883E+007  5.069E+007
 6.030E+013  7.498E-010  7.886E+007  5.086E+007
 6.050E+013  7.621E-010  7.889E+007  5.104E+007
 6.070E+013  7.746E-010  7.892E+007  5.121E+007
 6.090E+013  7.873E-010  7.895E+007  5.139E+007
 6.110E+013  8.002E-010  7.898E+007  5.156E+007
 6.130E+013  8.133E-010  7.902E+007  5.173E+007
 6.150E+013  8.265E-010  7.905E+007  5.191E+007
 6.170E+013  8.399E-010  7.908E+007  5.208E+007
 6.190E+013  8.535E-010  7.912E+007  5.226E+007
 6.210E+013  8.674E-010  7.915E+007  5.243E+007
 6.230E+013  8.814E-010  7.919E+007  5.261E+007
 6.250E+013  8.956E-010  7.923E+007  5.278E+007
 6.270E+013  9.100E-010  7.927E+007  5.296E+007
 6.290E+013  9.245E-010  7.930E+007  5.314E+007
 6.310E+013  9.393E-010  7.934E+007  5.331E+007
 6.330E+013  9.543E-010  7.938E+007  5.349E+007
 6.350E+013  9.695E-010  7.943E+007  5.366E+007
 6.370E+013  9.850E-010  7.947E+007  5.384E+007
 6.390E+013  1.001E-009  7.951E+007  5.402E+007
 6.410E+013  1.016E-009  7.955E+007  5.419E+007
 6.430E+013  1.032E-009  7.960E+007  5.437E+007
 6.450E+013  1.049E-009  7.964E+007  5.455E+007
 6.470E+013  1.065E-009  7.969E+007  5.473E+007
 6.490E+013  1.082E-009  7.973E+007  5.490E+007
 6.510E+013  1.099E-009  7.978E+007  5.508E+007
 6.530E+013  1.116E-009  7.983E+007  5.526E+007
 6.550E+013  1.133E-009  7.988E+007  5.544E+007
 6.570E+013  1.151E-009  7.993E+007  5.562E+007
 6.590E+013  1.169E-009  7.998E+007  5.579E+007
 6.610E+013  1.187E-009  8.003E+007  5.597E+007
 6.630E+013  1.205E-009  8.009E+007  5.615E+007
 6.650E+013  1.224E-009  8.014E+007  5.633E+007
 6.670E+013  1.242E-009  8.020E+007  5.651E+007
 6.690E+013  1.261E-009  8.025E+007  5.669E+007
 6.710E+013  1.281E-009  8.031E+007  5.687E+007
 6.730E+013  1.300E-009  8.037E+007  5.705E+007
 6.750E+013  1.320E-009  8.043E+007  5.723E+007
 6.770E+013  1.340E-009  8.049E+007  5.741E+007
 6.790E+013  1.360E-009  8.055E+007  5.759E+007
 6.810E+013  1.381E-009  8.062E+007  5.777E+007
 6.830E+013  1.402E-009  8.068E+007  5.795E+007
 6.850E+013  1.423E-009  8.075E+007  5.814E+007
 6.870E+013  1.444E-009  8.081E+007  5.832E+007
 6.890E+013  1.466E-009  8.088E+007  5.850E+007
 6.910E+013  1.487E-009  8.095E+007  5.868E+007
 6.930E+013  1.510E-009  8.102E+007  5.887E+007
 6.950E+013  1.532E-009  8.109E+007  5.905E+007
 6.970E+013  1.555E-009  8.116E+007  5.923E+007
 6.990E+013  1.578E-009  8.124E+007  5.942E+007
 7.010E+013  1.601E-009  8.131E+007  5.960E+007
 7.030E+013  1.625E-009  8.139E+007  5.978E+007
 7.050E+013  1.649E-009  8.147E+007  5.997E+007
 7.070E+013  1.673E-009  8.155E+007  6.015E+007
 7.090E+013  1.698E-009  8.163E+007  6.034E+007
 7.110E+013  1.722E-009  8.171E+007  6.053E+007
 7.130E+013  1.748E-009  8.180E+007  6.071E+007
 7.150E+013  1.773E-009  8.188E+007  6.090E+007
 7.170E+013  1.799E-009  8.197E+007  6.108E+007
 7.190E+013  1.825E-009  8.206E+007  6.127E+007
 7.210E+013  1.852E-009  8.215E+007  6.146E+007
 7.230E+013  1.879E-009  8.224E+007  6.165E+007
 7.250E+013  1.906E-009  8.233E+007  6.183E+007
 7.270E+013  1.934E-009  8.243E+007  6.202E+007
 7.290E+013  1.962E-009  8.253E+007  6.221E+007
 7.310E+013  1.990E-009  8.262E+007  6.240E+007
 7.330E+013  2.019E-009  8.272E+007  6.259E+007
 7.350E+013  2.048E-009  8.283E+007  6.278E+007
 7.370E+013  2.077E-009  8.293E+007  6.297E+007
 7.390E+013  2.107E-009  8.304E+007  6.316E+007
 7.410E+013  2.137E-009  8.314E+007  6.335E+007
 7.430E+013  2.168E-009  8.325E+007  6.354E+007
 7.450E+013  2.199E-009  8.337E+007  6.374E+007
 7.470E+013  2.231E-009  8.348E+007  6.393E+007
 7.490E+013  2.263E-009  8.359E+007  6.412E+007
 7.510E+013  2.295E-009  8.371E+007  6.432E+007
 7.530E+013  2.328E-009  8.383E+007  6.451E+007
 7.550E+013  2.361E-009  8.395E+007  6.470E+007
 7.570E+013  2.395E-009  8.408E+007  6.490E+007
 7.590E+013  2.429E-009  8.420E+007  6.509E+007
 7.610E+013  2.463E-009  8.433E+007  6.529E+007
 7.630E+013  2.499E-009  8.446E+007  6.549E+007
 7.650E+013  2.534E-009  8.460E+007  6.568E+007
 7.670E+013  2.570E-009  8.473E+007  6.588E+007
 7.690E+013  2.607E-009  8.487E+007  6.608E+007
 7.710E+013  2.644E-009  8.501E+007  6.628E+007
 7.730E+013  2.681E-009  8.515E+007  6.648E+007
 7.750E+013  2.719E-009  8.530E+007  6.668E+007
 7.770E+013  2.758E-009  8.544E+007  6.688E+007
 7.790E+013  2.797E-009  8.559E+007  6.708E+007
 7.810E+013  2.836E-009  8.575E+007  6.728E+007
 7.830E+013  2.876E-009  8.590E+007  6.748E+007
 7.850E+013  2.917E-009  8.606E+007  6.768E+007
 7.870E+013  2.958E-009  8.622E+007  6.789E+007
 7.890E+013  3.000E-009  8.639E+007  6.809E+007
 7.910E+013  3.043E-009  8.655E+007  6.829E+007
 7.930E+013  3.086E-009  8.672E+007  6.850E+007
 7.950E+013  3.129E-009  8.690E+007  6.870E+007
 7.970E+013  3.173E-009  8.707E+007  6.891E+007
 7.990E+013  3.218E-009  8.725E+007  6.912E+007
 8.010E+013  3.264E-009  8.743E+007  6.932E+007
 8.030E+013  3.310E-009  8.762E+007  6.953E+007
 8.050E+013  3.356E-009  8.781E+007  6.974E+007
 8.070E+013  3.404E-009  8.800E+007  6.995E+007
 8.090E+013  3.452E-009  8.819E+007  7.016E+007
 8.110E+013  3.500E-009  8.839E+007  7.037E+007
 8.130E+013  3.550E-009  8.859E+007  7.058E+007
 8.150E+013  3.600E-009  8.880E+007  7.080E+007
 8.170E+013  3.651E-009  8.901E+007  7.101E+007
 8.190E+013  3.702E-009  8.922E+007  7.122E+007
 8.210E+013  3.754E-009  8.944E+007  7.144E+007
 8.230E+013  3.807E-009  8.966E+007  7.165E+007
 8.250E+013  3.861E-009  8.988E+007  7.187E+007
 8.270E+013  3.916E-009  9.011E+007  7.209E+007
 8.290E+013  3.971E-009  9.034E+007  7.230E+007
 8.310E+013  4.027E-009  9.058E+007  7.252E+007
 8.330E+013  4.084E-009  9.082E+007  7.274E+007
 8.350E+013  4.142E-009  9.107E+007  7.296E+007
 8.370E+013  4.201E-009  9.131E+007  7.318E+007
 8.390E+013  4.261E-009  9.157E+007  7.340E+007
 8.410E+013  4.321E-009  9.183E+007  7.363E+007
 8.430E+013  4.383E-009  9.209E+007  7.385E+007
 8.450E+013  4.445E-009  9.236E+007  7.408E+007
 8.470E+013  4.508E-009  9.263E+007  7.430E+007
 8.490E+013  4.572E-009  9.291E+007  7.453E+007
 8.510E+013  4.638E-009  9.319E+007  7.475E+007
 8.530E+013  4.704E-009  9.348E+007  7.498E+007
 8.550E+013  4.771E-009  9.377E+007  7.521E+007
 8.570E+013  4.839E-009  9.406E+007  7.544E+007
 8.590E+013  4.909E-009  9.437E+007  7.567E+007
 8.610E+013  4.979E-009  9.468E+007  7.590E+007
 8.630E+013  5.050E-009  9.499E+007  7.614E+007
 8.650E+013  5.123E-009  9.531E+007  7.637E+007
 8.670E+013  5.197E-009  9.563E+007  7.661E+007
 8.690E+013  5.272E-009  9.597E+007  7.684E+007
 8.710E+013  5.348E-009  9.630E+007  7.708E+007
 8.730E+013  5.425E-009  9.665E+007  7.732E+007
 8.750E+013  5.504E-009  9.699E+007  7.756E+007
 8.770E+013  5.584E-009  9.735E+007  7.780E+007
 8.790E+013  5.665E-009  9.771E+007  7.804E+007
 8.810E+013  5.747E-009  9.808E+007  7.828E+007
 8.830E+013  5.831E-009  9.846E+007  7.852E+007
 8.850E+013  5.916E-009  9.884E+007  7.877E+007
 8.870E+013  6.003E-009  9.923E+007  7.901E+007
 8.890E+013  6.091E-009  9.962E+007  7.926E+007
 8.910E+013  6.180E-009  1.000E+008  7.951E+007
 8.930E+013  6.271E-009  1.004E+008  7.976E+007
 8.950E+013  6.364E-009  1.009E+008  8.001E+007
 8.970E+013  6.458E-009  1.013E+008  8.026E+007
 8.990E+013  6.553E-009  1.017E+008  8.051E+007
 9.010E+013  6.651E-009  1.022E+008  8.077E+007
 9.030E+013  6.750E-009  1.026E+008  8.102E+007
 9.050E+013  6.850E-009  1.031E+008  8.128E+007
 9.070E+013  6.952E-009  1.035E+008  8.154E+007
 9.090E+013  7.057E-009  1.040E+008  8.180E+007
 9.110E+013  7.162E-009  1.045E+008  8.206E+007
 9.130E+013  7.270E-009  1.050E+008  8.232E+007
 9.150E+013  7.380E-009  1.055E+008  8.258E+007
 9.170E+013  7.492E-009  1.060E+008  8.285E+007
 9.190E+013  7.605E-009  1.065E+008  8.311E+007
 9.210E+013  7.721E-009  1.071E+008  8.338E+007
 9.230E+013  7.838E-009  1.076E+008  8.365E+007
 9.250E+013  7.958E-009  1.082E+008  8.392E+007
 9.270E+013  8.080E-009  1.087E+008  8.419E+007
 9.290E+013  8.204E-009  1.093E+008  8.446E+007
 9.310E+013  8.331E-009  1.099E+008  8.474E+007
 9.330E+013  8.460E-009  1.105E+008  8.501E+007
 9.350E+013  8.591E-009  1.111E+008  8.529E+007
 9.370E+013  8.724E-009  1.117E+008  8.557E+007
 9.390E+013  8.861E-009  1.123E+008  8.585E+007
 9.410E+013  8.999E-009  1.130E+008  8.613E+007
 9.430E+013  9.141E-009  1.137E+008  8.641E+007
 9.450E+013  9.285E-009  1.143E+008  8.670E+007
 9.470E+013  9.431E-009  1.150E+008  8.698E+007
 9.490E+013  9.581E-009  1.157E+008  8.727E+007
 9.510E+013  9.733E-009  1.164E+008  8.756E+007
 9.530E+013  9.889E-009  1.171E+008  8.785E+007
 9.550E+013  1.005E-008  1.179E+008  8.814E+007
 9.570E+013  1.021E-008  1.186E+008  8.844E+007
 9.590E+013  1.037E-008  1.194E+008  8.873E+007
 9.610E+013  1.054E-008  1.202E+008  8.903E+007
 9.630E+013  1.071E-008  1.210E+008  8.933E+007
 9.650E+013  1.089E-008  1.218E+008  8.963E+007
 9.670E+013  1.107E-008  1.226E+008  8.993E+007
 9.690E+013  1.125E-008  1.235E+008  9.023E+007
 9.710E+013  1.143E-008  1.243E+008  9.054E+007
 9.730E+013  1.162E-008  1.252E+008  9.085E+007
 9.750E+013  1.182E-008  1.261E+008  9.115E+007
 9.770E+013  1.202E-008  1.270E+008  9.146E+007
 9.790E+013  1.222E-008  1.280E+008  9.178E+007
 9.810E+013  1.242E-008  1.289E+008  9.209E+007
 9.830E+013  1.263E-008  1.299E+008  9.240E+007
 9.850E+013  1.285E-008  1.309E+008  9.272E+007
 9.870E+013  1.307E-008  1.319E+008  9.305E+007
 9.890E+013  1.328E-008  1.328E+008  9.340E+007
 9.910E+013  1.351E-008  1.339E+008  9.377E+007
 9.930E+013  1.378E-008  1.356E+008  9.398E+007
 9.950E+013  1.411E-008  1.379E+008  9.388E+007
 9.970E+013  1.451E-008  1.418E+008  9.330E+007
 9.990E+013  1.503E-008  1.456E+008  9.224E+007
 1.001E+014  1.000E-099  1.000E-099  9.223E+007
 1.003E+014  1.000E-099  1.000E-099  9.223E+007
 9.133E-003
