 4.801E+004
     x1b        dens       energ       v1
 1.000E+011  3.715E-012  6.771E+008  0.000E+000
 3.000E+011  3.718E-012  6.771E+008  1.210E+006
 5.000E+011  3.727E-012  6.771E+008  1.932E+006
 7.000E+011  3.747E-012  6.771E+008  3.057E+006
 9.000E+011  3.778E-012  6.771E+008  4.005E+006
 1.100E+012  3.821E-012  6.771E+008  5.040E+006
 1.300E+012  3.875E-012  6.771E+008  6.032E+006
 1.500E+012  3.937E-012  6.771E+008  7.045E+006
 1.700E+012  4.006E-012  6.771E+008  8.048E+006
 1.900E+012  4.079E-012  6.771E+008  9.055E+006
 2.100E+012  4.154E-012  6.771E+008  1.006E+007
 2.300E+012  4.229E-012  6.771E+008  1.107E+007
 2.500E+012  4.305E-012  6.771E+008  1.207E+007
 2.700E+012  4.378E-012  6.771E+008  1.308E+007
 2.900E+012  4.446E-012  6.771E+008  1.409E+007
 3.100E+012  4.503E-012  6.771E+008  1.509E+007
 3.300E+012  4.542E-012  6.771E+008  1.610E+007
 3.500E+012  4.560E-012  6.771E+008  1.710E+007
 3.700E+012  4.564E-012  6.771E+008  1.811E+007
 3.900E+012  4.564E-012  6.771E+008  1.912E+007
 4.100E+012  4.564E-012  6.771E+008  2.012E+007
 4.300E+012  4.563E-012  6.771E+008  2.113E+007
 4.500E+012  4.562E-012  6.771E+008  2.213E+007
 4.700E+012  4.560E-012  6.771E+008  2.314E+007
 4.900E+012  4.557E-012  6.771E+008  2.415E+007
 5.100E+012  4.553E-012  6.771E+008  2.515E+007
 5.300E+012  4.547E-012  6.771E+008  2.616E+007
 5.500E+012  4.542E-012  6.771E+008  2.716E+007
 5.700E+012  4.540E-012  6.771E+008  2.817E+007
 5.900E+012  4.539E-012  6.771E+008  2.918E+007
 6.100E+012  4.539E-012  6.771E+008  3.018E+007
 6.300E+012  4.540E-012  6.771E+008  3.119E+007
 6.500E+012  4.541E-012  6.771E+008  3.219E+007
 6.700E+012  4.543E-012  6.771E+008  3.320E+007
 6.900E+012  4.547E-012  6.771E+008  3.421E+007
 7.100E+012  4.553E-012  6.771E+008  3.521E+007
 7.300E+012  4.562E-012  6.771E+008  3.622E+007
 7.500E+012  4.575E-012  6.771E+008  3.722E+007
 7.700E+012  4.592E-012  6.771E+008  3.823E+007
 7.900E+012  4.615E-012  6.771E+008  3.924E+007
 8.100E+012  4.643E-012  6.771E+008  4.024E+007
 8.300E+012  4.679E-012  6.771E+008  4.125E+007
 8.500E+012  4.723E-012  6.771E+008  4.226E+007
 8.700E+012  4.776E-012  6.771E+008  4.326E+007
 8.900E+012  4.840E-012  6.771E+008  4.427E+007
 9.100E+012  4.915E-012  6.771E+008  4.527E+007
 9.300E+012  5.004E-012  6.771E+008  4.628E+007
 9.500E+012  5.108E-012  6.771E+008  4.729E+007
 9.700E+012  5.228E-012  6.771E+008  4.830E+007
 9.900E+012  5.366E-012  6.771E+008  4.930E+007
 1.010E+013  5.526E-012  6.771E+008  5.031E+007
 1.030E+013  5.709E-012  6.771E+008  5.132E+007
 1.050E+013  5.918E-012  6.771E+008  5.233E+007
 1.070E+013  6.156E-012  6.771E+008  5.333E+007
 1.090E+013  6.428E-012  6.771E+008  5.434E+007
 1.110E+013  6.737E-012  6.771E+008  5.535E+007
 1.130E+013  7.087E-012  6.771E+008  5.636E+007
 1.150E+013  7.484E-012  6.771E+008  5.737E+007
 1.170E+013  7.934E-012  6.772E+008  5.838E+007
 1.190E+013  8.442E-012  6.772E+008  5.939E+007
 1.210E+013  9.017E-012  6.772E+008  6.040E+007
 1.230E+013  9.665E-012  6.772E+008  6.141E+007
 1.250E+013  1.039E-011  6.772E+008  6.243E+007
 1.270E+013  1.121E-011  6.772E+008  6.344E+007
 1.290E+013  1.213E-011  6.772E+008  6.445E+007
 1.310E+013  1.316E-011  6.772E+008  6.546E+007
 1.330E+013  1.431E-011  6.772E+008  6.647E+007
 1.350E+013  1.558E-011  6.772E+008  6.748E+007
 1.370E+013  1.699E-011  6.772E+008  6.849E+007
 1.390E+013  1.855E-011  6.772E+008  6.950E+007
 1.410E+013  2.025E-011  6.772E+008  7.051E+007
 1.430E+013  2.210E-011  6.772E+008  7.152E+007
 1.450E+013  2.410E-011  6.772E+008  7.252E+007
 1.470E+013  2.626E-011  6.772E+008  7.353E+007
 1.490E+013  2.856E-011  6.772E+008  7.453E+007
 1.510E+013  3.100E-011  6.772E+008  7.554E+007
 1.530E+013  3.357E-011  6.773E+008  7.654E+007
 1.550E+013  3.626E-011  6.773E+008  7.754E+007
 1.570E+013  3.905E-011  6.773E+008  7.855E+007
 1.590E+013  4.194E-011  6.773E+008  7.955E+007
 1.610E+013  4.491E-011  6.773E+008  8.055E+007
 1.630E+013  4.795E-011  6.773E+008  8.155E+007
 1.650E+013  5.106E-011  6.773E+008  8.256E+007
 1.670E+013  5.421E-011  6.774E+008  8.356E+007
 1.690E+013  5.742E-011  6.774E+008  8.456E+007
 1.710E+013  6.068E-011  6.774E+008  8.557E+007
 1.730E+013  6.398E-011  6.774E+008  8.657E+007
 1.750E+013  6.734E-011  6.775E+008  8.758E+007
 1.770E+013  7.075E-011  6.775E+008  8.858E+007
 1.790E+013  7.423E-011  6.775E+008  8.959E+007
 1.810E+013  7.778E-011  6.776E+008  9.059E+007
 1.830E+013  8.141E-011  6.776E+008  9.160E+007
 1.850E+013  8.513E-011  6.776E+008  9.261E+007
 1.870E+013  8.895E-011  6.777E+008  9.361E+007
 1.890E+013  9.290E-011  6.777E+008  9.462E+007
 1.910E+013  9.697E-011  6.778E+008  9.563E+007
 1.930E+013  1.012E-010  6.778E+008  9.664E+007
 1.950E+013  1.056E-010  6.778E+008  9.764E+007
 1.970E+013  1.101E-010  6.779E+008  9.865E+007
 1.990E+013  1.148E-010  6.780E+008  9.966E+007
 2.010E+013  1.198E-010  6.780E+008  1.007E+008
 2.030E+013  1.249E-010  6.781E+008  1.017E+008
 2.050E+013  1.303E-010  6.781E+008  1.027E+008
 2.070E+013  1.359E-010  6.782E+008  1.037E+008
 2.090E+013  1.418E-010  6.783E+008  1.047E+008
 2.110E+013  1.480E-010  6.783E+008  1.057E+008
 2.130E+013  1.544E-010  6.784E+008  1.067E+008
 2.150E+013  1.611E-010  6.785E+008  1.077E+008
 2.170E+013  1.681E-010  6.786E+008  1.087E+008
 2.190E+013  1.754E-010  6.787E+008  1.098E+008
 2.210E+013  1.830E-010  6.788E+008  1.108E+008
 2.230E+013  1.910E-010  6.789E+008  1.118E+008
 2.250E+013  1.992E-010  6.790E+008  1.128E+008
 2.270E+013  2.077E-010  6.791E+008  1.138E+008
 2.290E+013  2.165E-010  6.792E+008  1.148E+008
 2.310E+013  2.256E-010  6.793E+008  1.158E+008
 2.330E+013  2.350E-010  6.794E+008  1.168E+008
 2.350E+013  2.447E-010  6.796E+008  1.179E+008
 2.370E+013  2.547E-010  6.797E+008  1.189E+008
 2.390E+013  2.649E-010  6.799E+008  1.199E+008
 2.410E+013  2.754E-010  6.800E+008  1.209E+008
 2.430E+013  2.862E-010  6.802E+008  1.219E+008
 2.450E+013  2.973E-010  6.803E+008  1.229E+008
 2.470E+013  3.087E-010  6.805E+008  1.239E+008
 2.490E+013  3.203E-010  6.807E+008  1.250E+008
 2.510E+013  3.323E-010  6.809E+008  1.260E+008
 2.530E+013  3.445E-010  6.811E+008  1.270E+008
 2.550E+013  3.571E-010  6.813E+008  1.280E+008
 2.570E+013  3.700E-010  6.815E+008  1.290E+008
 2.590E+013  3.833E-010  6.818E+008  1.300E+008
 2.610E+013  3.970E-010  6.820E+008  1.311E+008
 2.630E+013  4.110E-010  6.823E+008  1.321E+008
 2.650E+013  4.255E-010  6.825E+008  1.331E+008
 2.670E+013  4.405E-010  6.828E+008  1.341E+008
 2.690E+013  4.559E-010  6.831E+008  1.352E+008
 2.710E+013  4.718E-010  6.834E+008  1.362E+008
 2.730E+013  4.883E-010  6.837E+008  1.372E+008
 2.750E+013  5.053E-010  6.840E+008  1.382E+008
 2.770E+013  5.228E-010  6.844E+008  1.393E+008
 2.790E+013  5.410E-010  6.847E+008  1.403E+008
 2.810E+013  5.597E-010  6.851E+008  1.413E+008
 2.830E+013  5.791E-010  6.855E+008  1.423E+008
 2.850E+013  5.991E-010  6.859E+008  1.434E+008
 2.870E+013  6.198E-010  6.863E+008  1.444E+008
 2.890E+013  6.411E-010  6.867E+008  1.454E+008
 2.910E+013  6.631E-010  6.872E+008  1.465E+008
 2.930E+013  6.857E-010  6.876E+008  1.475E+008
 2.950E+013  7.091E-010  6.881E+008  1.485E+008
 2.970E+013  7.332E-010  6.887E+008  1.496E+008
 2.990E+013  7.579E-010  6.892E+008  1.506E+008
 3.010E+013  7.834E-010  6.897E+008  1.517E+008
 3.030E+013  8.096E-010  6.903E+008  1.527E+008
 3.050E+013  8.365E-010  6.909E+008  1.538E+008
 3.070E+013  8.641E-010  6.915E+008  1.548E+008
 3.090E+013  8.925E-010  6.922E+008  1.559E+008
 3.110E+013  9.217E-010  6.929E+008  1.569E+008
 3.130E+013  9.517E-010  6.936E+008  1.580E+008
 3.150E+013  9.824E-010  6.943E+008  1.590E+008
 3.170E+013  1.014E-009  6.951E+008  1.601E+008
 3.190E+013  1.046E-009  6.959E+008  1.611E+008
 3.210E+013  1.080E-009  6.967E+008  1.622E+008
 3.230E+013  1.114E-009  6.975E+008  1.633E+008
 3.250E+013  1.149E-009  6.984E+008  1.643E+008
 3.270E+013  1.185E-009  6.993E+008  1.654E+008
 3.290E+013  1.222E-009  7.003E+008  1.665E+008
 3.310E+013  1.260E-009  7.013E+008  1.675E+008
 3.330E+013  1.299E-009  7.023E+008  1.686E+008
 3.350E+013  1.339E-009  7.034E+008  1.697E+008
 3.370E+013  1.379E-009  7.045E+008  1.708E+008
 3.390E+013  1.421E-009  7.056E+008  1.719E+008
 3.410E+013  1.465E-009  7.068E+008  1.730E+008
 3.430E+013  1.509E-009  7.081E+008  1.741E+008
 3.450E+013  1.554E-009  7.094E+008  1.752E+008
 3.470E+013  1.601E-009  7.107E+008  1.763E+008
 3.490E+013  1.648E-009  7.121E+008  1.774E+008
 3.510E+013  1.697E-009  7.135E+008  1.785E+008
 3.530E+013  1.747E-009  7.150E+008  1.796E+008
 3.550E+013  1.799E-009  7.165E+008  1.807E+008
 3.570E+013  1.851E-009  7.181E+008  1.818E+008
 3.590E+013  1.905E-009  7.197E+008  1.829E+008
 3.610E+013  1.961E-009  7.215E+008  1.841E+008
 3.630E+013  2.017E-009  7.232E+008  1.852E+008
 3.650E+013  2.076E-009  7.251E+008  1.863E+008
 3.670E+013  2.135E-009  7.270E+008  1.875E+008
 3.690E+013  2.197E-009  7.289E+008  1.886E+008
 3.710E+013  2.260E-009  7.310E+008  1.898E+008
 3.730E+013  2.325E-009  7.331E+008  1.910E+008
 3.750E+013  2.391E-009  7.353E+008  1.921E+008
 3.770E+013  2.459E-009  7.375E+008  1.933E+008
 3.790E+013  2.530E-009  7.399E+008  1.945E+008
 3.810E+013  2.602E-009  7.423E+008  1.957E+008
 3.830E+013  2.676E-009  7.448E+008  1.968E+008
 3.850E+013  2.753E-009  7.474E+008  1.980E+008
 3.870E+013  2.831E-009  7.501E+008  1.993E+008
 3.890E+013  2.912E-009  7.529E+008  2.005E+008
 3.910E+013  2.995E-009  7.558E+008  2.017E+008
 3.930E+013  3.081E-009  7.588E+008  2.029E+008
 3.950E+013  3.169E-009  7.619E+008  2.041E+008
 3.970E+013  3.260E-009  7.651E+008  2.054E+008
 3.990E+013  3.353E-009  7.684E+008  2.066E+008
 4.010E+013  3.449E-009  7.718E+008  2.079E+008
 4.030E+013  3.548E-009  7.754E+008  2.092E+008
 4.050E+013  3.650E-009  7.791E+008  2.104E+008
 4.070E+013  3.755E-009  7.829E+008  2.117E+008
 4.090E+013  3.863E-009  7.869E+008  2.130E+008
 4.110E+013  3.975E-009  7.910E+008  2.143E+008
 4.130E+013  4.089E-009  7.953E+008  2.156E+008
 4.150E+013  4.208E-009  7.997E+008  2.170E+008
 4.170E+013  4.329E-009  8.042E+008  2.183E+008
 4.190E+013  4.455E-009  8.090E+008  2.196E+008
 4.210E+013  4.584E-009  8.139E+008  2.210E+008
 4.230E+013  4.718E-009  8.190E+008  2.224E+008
 4.250E+013  4.855E-009  8.242E+008  2.237E+008
 4.270E+013  4.997E-009  8.297E+008  2.251E+008
 4.290E+013  5.143E-009  8.354E+008  2.265E+008
 4.310E+013  5.294E-009  8.413E+008  2.279E+008
 4.330E+013  5.450E-009  8.473E+008  2.294E+008
 4.350E+013  5.610E-009  8.537E+008  2.308E+008
 4.370E+013  5.776E-009  8.602E+008  2.323E+008
 4.390E+013  5.948E-009  8.670E+008  2.337E+008
 4.410E+013  6.125E-009  8.740E+008  2.352E+008
 4.430E+013  6.308E-009  8.814E+008  2.367E+008
 4.450E+013  6.497E-009  8.889E+008  2.382E+008
 4.470E+013  6.692E-009  8.968E+008  2.397E+008
 4.490E+013  6.895E-009  9.050E+008  2.413E+008
 4.510E+013  7.104E-009  9.135E+008  2.428E+008
 4.530E+013  7.321E-009  9.223E+008  2.444E+008
 4.550E+013  7.546E-009  9.314E+008  2.460E+008
 4.570E+013  7.778E-009  9.409E+008  2.476E+008
 4.590E+013  8.020E-009  9.507E+008  2.492E+008
 4.610E+013  8.270E-009  9.610E+008  2.508E+008
 4.630E+013  8.530E-009  9.716E+008  2.525E+008
 4.650E+013  8.799E-009  9.827E+008  2.541E+008
 4.670E+013  9.079E-009  9.942E+008  2.558E+008
 4.690E+013  9.370E-009  1.006E+009  2.575E+008
 4.710E+013  9.672E-009  1.019E+009  2.593E+008
 4.730E+013  9.987E-009  1.031E+009  2.610E+008
 4.750E+013  1.031E-008  1.045E+009  2.628E+008
 4.770E+013  1.065E-008  1.059E+009  2.645E+008
 4.790E+013  1.101E-008  1.073E+009  2.663E+008
 4.810E+013  1.138E-008  1.089E+009  2.682E+008
 4.830E+013  1.176E-008  1.104E+009  2.700E+008
 4.850E+013  1.216E-008  1.121E+009  2.719E+008
 4.870E+013  1.258E-008  1.138E+009  2.737E+008
 4.890E+013  1.302E-008  1.156E+009  2.756E+008
 4.910E+013  1.347E-008  1.175E+009  2.776E+008
 4.930E+013  1.395E-008  1.194E+009  2.795E+008
 4.950E+013  1.445E-008  1.214E+009  2.815E+008
 4.970E+013  1.497E-008  1.235E+009  2.835E+008
 4.990E+013  1.551E-008  1.257E+009  2.855E+008
 5.010E+013  1.608E-008  1.281E+009  2.875E+008
 5.030E+013  1.668E-008  1.305E+009  2.895E+008
 5.050E+013  1.730E-008  1.330E+009  2.916E+008
 5.070E+013  1.796E-008  1.356E+009  2.937E+008
 5.090E+013  1.865E-008  1.383E+009  2.958E+008
 5.110E+013  1.937E-008  1.412E+009  2.980E+008
 5.130E+013  2.013E-008  1.442E+009  3.001E+008
 5.150E+013  2.092E-008  1.474E+009  3.023E+008
 5.170E+013  2.176E-008  1.507E+009  3.045E+008
 5.190E+013  2.264E-008  1.541E+009  3.067E+008
 5.210E+013  2.357E-008  1.577E+009  3.090E+008
 5.230E+013  2.455E-008  1.615E+009  3.112E+008
 5.250E+013  2.558E-008  1.655E+009  3.135E+008
 5.270E+013  2.667E-008  1.696E+009  3.158E+008
 5.290E+013  2.782E-008  1.740E+009  3.182E+008
 5.310E+013  2.903E-008  1.786E+009  3.205E+008
 5.330E+013  3.032E-008  1.834E+009  3.229E+008
 5.350E+013  3.170E-008  1.887E+009  3.254E+008
 5.370E+013  3.310E-008  1.937E+009  3.278E+008
 5.390E+013  3.454E-008  1.986E+009  3.297E+008
 5.410E+013  3.642E-008  2.074E+009  3.324E+008
 5.430E+013  3.813E-008  2.153E+009  3.379E+008
 5.450E+013  3.793E-008  2.049E+009  3.377E+008
 5.470E+013  3.202E-008  1.422E+009  3.192E+008
 5.490E+013  1.962E-008  4.499E+008  2.557E+008
 5.510E+013  1.235E-008  4.155E+007  1.413E+008
 5.530E+013  1.026E-008  2.382E+005  3.256E+007
 5.550E+013  1.000E-008  6.425E+001  8.918E+005
 5.570E+013  1.000E-008  6.236E+001  2.878E+002
 5.590E+013  1.000E-008  6.236E+001  1.301E-005
 5.610E+013  1.000E-008  6.236E+001 -1.702E-013
 5.630E+013  1.000E-008  6.236E+001  1.706E-013
 5.650E+013  1.000E-008  6.236E+001 -1.023E-012
 5.670E+013  1.000E-008  6.236E+001  1.023E-012
 5.690E+013  1.000E-008  6.236E+001  1.023E-012
 5.710E+013  1.000E-008  6.236E+001 -1.023E-012
 5.730E+013  1.000E-008  6.236E+001  1.194E-012
 5.750E+013  1.000E-008  6.236E+001 -2.558E-012
 5.770E+013  1.000E-008  6.236E+001 -1.706E-013
 5.790E+013  1.000E-008  6.236E+001  1.535E-012
 5.810E+013  1.000E-008  6.236E+001  8.185E-012
 5.830E+013  1.000E-008  6.236E+001 -8.185E-012
 5.850E+013  1.000E-008  6.236E+001  0.000E+000
 5.870E+013  1.000E-008  6.236E+001  0.000E+000
 5.890E+013  1.000E-008  6.236E+001  0.000E+000
 5.910E+013  1.000E-008  6.236E+001  0.000E+000
 5.930E+013  1.000E-008  6.236E+001  0.000E+000
 5.950E+013  1.000E-008  6.236E+001  0.000E+000
 5.970E+013  1.000E-008  6.236E+001  0.000E+000
 5.990E+013  1.000E-008  6.236E+001  0.000E+000
 6.010E+013  1.000E-008  6.236E+001  0.000E+000
 6.030E+013  1.000E-008  6.236E+001  1.706E-013
 6.050E+013  1.000E-008  6.236E+001 -1.706E-013
 6.070E+013  1.000E-008  6.236E+001  1.706E-013
 6.090E+013  1.000E-008  6.236E+001 -1.706E-013
 6.110E+013  1.000E-008  6.236E+001  0.000E+000
 6.130E+013  1.000E-008  6.236E+001  0.000E+000
 6.150E+013  1.000E-008  6.236E+001  0.000E+000
 6.170E+013  1.000E-008  6.236E+001  1.706E-013
 6.190E+013  1.000E-008  6.236E+001 -1.706E-013
 6.210E+013  1.000E-008  6.236E+001  0.000E+000
 6.230E+013  1.000E-008  6.236E+001  0.000E+000
 6.250E+013  1.000E-008  6.236E+001  0.000E+000
 6.270E+013  1.000E-008  6.236E+001  0.000E+000
 6.290E+013  1.000E-008  6.236E+001  0.000E+000
 6.310E+013  1.000E-008  6.236E+001  0.000E+000
 6.330E+013  1.000E-008  6.236E+001  0.000E+000
 6.350E+013  1.000E-008  6.236E+001  1.706E-013
 6.370E+013  1.000E-008  6.236E+001 -1.706E-013
 6.390E+013  1.000E-008  6.236E+001  0.000E+000
 6.410E+013  1.000E-008  6.236E+001  0.000E+000
 6.430E+013  1.000E-008  6.236E+001  0.000E+000
 6.450E+013  1.000E-008  6.236E+001  0.000E+000
 6.470E+013  1.000E-008  6.236E+001  1.706E-013
 6.490E+013  1.000E-008  6.236E+001 -1.706E-013
 6.510E+013  1.000E-008  6.236E+001  0.000E+000
 6.530E+013  1.000E-008  6.236E+001  0.000E+000
 6.550E+013  1.000E-008  6.236E+001  0.000E+000
 6.570E+013  1.000E-008  6.236E+001  0.000E+000
 6.590E+013  1.000E-008  6.236E+001  1.706E-013
 6.610E+013  1.000E-008  6.236E+001 -1.706E-013
 6.630E+013  1.000E-008  6.236E+001  0.000E+000
 6.650E+013  1.000E-008  6.236E+001  0.000E+000
 6.670E+013  1.000E-008  6.236E+001  0.000E+000
 6.690E+013  1.000E-008  6.236E+001  1.706E-013
 6.710E+013  1.000E-008  6.236E+001 -1.706E-013
 6.730E+013  1.000E-008  6.236E+001  0.000E+000
 6.750E+013  1.000E-008  6.236E+001  0.000E+000
 6.770E+013  1.000E-008  6.236E+001  1.706E-013
 6.790E+013  1.000E-008  6.236E+001 -1.706E-013
 6.810E+013  1.000E-008  6.236E+001  1.706E-013
 6.830E+013  1.000E-008  6.236E+001 -6.827E-036
 6.850E+013  1.000E-008  6.236E+001 -1.706E-013
 6.870E+013  1.000E-008  6.236E+001  0.000E+000
 6.890E+013  1.000E-008  6.236E+001  0.000E+000
 6.910E+013  1.000E-008  6.236E+001  0.000E+000
 6.930E+013  1.000E-008  6.236E+001  1.706E-013
 6.950E+013  1.000E-008  6.236E+001 -1.706E-013
 6.970E+013  1.000E-008  6.236E+001  0.000E+000
 6.990E+013  1.000E-008  6.236E+001  0.000E+000
 7.010E+013  1.000E-008  6.236E+001  0.000E+000
 7.030E+013  1.000E-008  6.236E+001  0.000E+000
 7.050E+013  1.000E-008  6.236E+001  0.000E+000
 7.070E+013  1.000E-008  6.236E+001  0.000E+000
 7.090E+013  1.000E-008  6.236E+001  0.000E+000
 7.110E+013  1.000E-008  6.236E+001  0.000E+000
 7.130E+013  1.000E-008  6.236E+001  0.000E+000
 7.150E+013  1.000E-008  6.236E+001  0.000E+000
 7.170E+013  1.000E-008  6.236E+001  0.000E+000
 7.190E+013  1.000E-008  6.236E+001  1.706E-013
 7.210E+013  1.000E-008  6.236E+001 -1.706E-013
 7.230E+013  1.000E-008  6.236E+001  0.000E+000
 7.250E+013  1.000E-008  6.236E+001  0.000E+000
 7.270E+013  1.000E-008  6.236E+001  3.411E-013
 7.290E+013  1.000E-008  6.236E+001 -2.558E-035
 7.310E+013  1.000E-008  6.236E+001 -3.411E-013
 7.330E+013  1.000E-008  6.236E+001 -5.823E-033
 7.350E+013  1.000E-008  6.236E+001 -1.706E-013
 7.370E+013  1.000E-008  6.236E+001  1.706E-013
 7.390E+013  1.000E-008  6.236E+001  5.817E-033
 7.410E+013  1.000E-008  6.236E+001  2.319E-072
 7.430E+013  1.000E-008  6.236E+001  1.720E-151
 7.450E+013  1.000E-008  6.236E+001  4.568E-310
 7.470E+013  1.000E-008  6.236E+001  0.000E+000
 7.490E+013  1.000E-008  6.236E+001  0.000E+000
 7.510E+013  1.000E-008  6.236E+001  0.000E+000
 7.530E+013  1.000E-008  6.236E+001  0.000E+000
 7.550E+013  1.000E-008  6.236E+001  0.000E+000
 7.570E+013  1.000E-008  6.236E+001  0.000E+000
 7.590E+013  1.000E-008  6.236E+001  0.000E+000
 7.610E+013  1.000E-008  6.236E+001  0.000E+000
 7.630E+013  1.000E-008  6.236E+001  0.000E+000
 7.650E+013  1.000E-008  6.236E+001  0.000E+000
 7.670E+013  1.000E-008  6.236E+001  3.411E-013
 7.690E+013  1.000E-008  6.236E+001 -3.411E-013
 7.710E+013  1.000E-008  6.236E+001  5.117E-013
 7.730E+013  1.000E-008  6.236E+001 -5.117E-013
 7.750E+013  1.000E-008  6.236E+001  1.379E-033
 7.770E+013  1.000E-008  6.236E+001  3.411E-013
 7.790E+013  1.000E-008  6.236E+001 -1.023E-012
 7.810E+013  1.000E-008  6.236E+001  1.023E-012
 7.830E+013  1.000E-008  6.236E+001 -3.411E-013
 7.850E+013  1.000E-008  6.236E+001 -1.639E-072
 7.870E+013  1.000E-008  6.236E+001 -4.889E-033
 7.890E+013  1.000E-008  6.236E+001 -1.706E-013
 7.910E+013  1.000E-008  6.236E+001 -8.528E-013
 7.930E+013  1.000E-008  6.236E+001  5.117E-013
 7.950E+013  1.000E-008  6.236E+001  5.117E-013
 7.970E+013  1.000E-008  6.236E+001 -6.822E-013
 7.990E+013  1.000E-008  6.236E+001  6.822E-013
 8.010E+013  1.000E-008  6.236E+001  9.307E-032
 8.030E+013  1.000E-008  6.236E+001  5.938E-070
 8.050E+013  1.000E-008  6.236E+001  1.127E-146
 8.070E+013  1.000E-008  6.236E+001 -2.116E-293
 8.090E+013  1.000E-008  6.236E+001 -3.701E-143
 8.110E+013  1.000E-008  6.236E+001 -3.402E-068
 8.130E+013  1.000E-008  6.236E+001 -7.045E-031
 8.150E+013  1.000E-008  6.236E+001 -1.876E-012
 8.170E+013  1.000E-008  6.236E+001  2.388E-012
 8.190E+013  1.000E-008  6.236E+001 -5.117E-013
 8.210E+013  1.000E-008  6.236E+001  0.000E+000
 8.230E+013  1.000E-008  6.236E+001  0.000E+000
 8.250E+013  1.000E-008  6.236E+001  0.000E+000
 8.270E+013  1.000E-008  6.236E+001  0.000E+000
 8.290E+013  1.000E-008  6.236E+001  6.822E-013
 8.310E+013  1.000E-008  6.236E+001 -6.822E-013
 8.330E+013  1.000E-008  6.236E+001 -5.654E-033
 8.350E+013  1.000E-008  6.236E+001  1.023E-012
 8.370E+013  1.000E-008  6.236E+001 -8.528E-013
 8.390E+013  1.000E-008  6.236E+001 -5.822E-033
 8.410E+013  1.000E-008  6.236E+001 -1.706E-013
 8.430E+013  1.000E-008  6.236E+001  1.706E-013
 8.450E+013  1.000E-008  6.236E+001 -5.516E-036
 8.470E+013  1.000E-008  6.236E+001 -1.706E-013
 8.490E+013  1.000E-008  6.236E+001 -2.745E-036
 8.510E+013  1.000E-008  6.236E+001  1.706E-013
 8.530E+013  1.000E-008  6.236E+001 -5.464E-036
 8.550E+013  1.000E-008  6.236E+001 -1.706E-013
 8.570E+013  1.000E-008  6.236E+001 -2.719E-036
 8.590E+013  1.000E-008  6.236E+001  1.706E-013
 8.610E+013  1.000E-008  6.236E+001 -1.706E-013
 8.630E+013  1.000E-008  6.236E+001  0.000E+000
 8.650E+013  1.000E-008  6.236E+001  0.000E+000
 8.670E+013  1.000E-008  6.236E+001  0.000E+000
 8.690E+013  1.000E-008  6.236E+001  0.000E+000
 8.710E+013  1.000E-008  6.236E+001  0.000E+000
 8.730E+013  1.000E-008  6.236E+001  0.000E+000
 8.750E+013  1.000E-008  6.236E+001  1.706E-013
 8.770E+013  1.000E-008  6.236E+001 -1.706E-013
 8.790E+013  1.000E-008  6.236E+001 -2.651E-036
 8.810E+013  1.000E-008  6.236E+001  1.706E-013
 8.830E+013  1.000E-008  6.236E+001 -1.706E-013
 8.850E+013  1.000E-008  6.236E+001  1.706E-013
 8.870E+013  1.000E-008  6.236E+001  1.706E-013
 8.890E+013  1.000E-008  6.236E+001 -3.411E-013
 8.910E+013  1.000E-008  6.236E+001  0.000E+000
 8.930E+013  1.000E-008  6.236E+001  0.000E+000
 8.950E+013  1.000E-008  6.236E+001  0.000E+000
 8.970E+013  1.000E-008  6.236E+001  0.000E+000
 8.990E+013  1.000E-008  6.236E+001  0.000E+000
 9.010E+013  1.000E-008  6.236E+001  1.706E-013
 9.030E+013  1.000E-008  6.236E+001 -5.162E-036
 9.050E+013  1.000E-008  6.236E+001 -1.706E-013
 9.070E+013  1.000E-008  6.236E+001  1.706E-013
 9.090E+013  1.000E-008  6.236E+001 -5.127E-036
 9.110E+013  1.000E-008  6.236E+001 -1.706E-013
 9.130E+013  1.000E-008  6.236E+001  0.000E+000
 9.150E+013  1.000E-008  6.236E+001  0.000E+000
 9.170E+013  1.000E-008  6.236E+001  0.000E+000
 9.190E+013  1.000E-008  6.236E+001  0.000E+000
 9.210E+013  1.000E-008  6.236E+001  0.000E+000
 9.230E+013  1.000E-008  6.236E+001  1.706E-013
 9.250E+013  1.000E-008  6.236E+001 -5.039E-036
 9.270E+013  1.000E-008  6.236E+001 -1.706E-013
 9.290E+013  1.000E-008  6.236E+001  0.000E+000
 9.310E+013  1.000E-008  6.236E+001  0.000E+000
 9.330E+013  1.000E-008  6.236E+001  0.000E+000
 9.350E+013  1.000E-008  6.236E+001  0.000E+000
 9.370E+013  1.000E-008  6.236E+001  1.706E-013
 9.390E+013  1.000E-008  6.236E+001 -1.706E-013
 9.410E+013  1.000E-008  6.236E+001  1.706E-013
 9.430E+013  1.000E-008  6.236E+001 -1.706E-013
 9.450E+013  1.000E-008  6.236E+001  0.000E+000
 9.470E+013  1.000E-008  6.236E+001  0.000E+000
 9.490E+013  1.000E-008  6.236E+001  0.000E+000
 9.510E+013  1.000E-008  6.236E+001  0.000E+000
 9.530E+013  1.000E-008  6.236E+001  1.706E-013
 9.550E+013  1.000E-008  6.236E+001 -1.706E-013
 9.570E+013  1.000E-008  6.236E+001 -2.324E-072
 9.590E+013  1.000E-008  6.236E+001 -5.822E-033
 9.610E+013  1.000E-008  6.236E+001 -1.706E-013
 9.630E+013  1.000E-008  6.236E+001  1.706E-013
 9.650E+013  1.000E-008  6.236E+001  5.817E-033
 9.670E+013  1.000E-008  6.236E+001  1.706E-013
 9.690E+013  1.000E-008  6.236E+001 -1.706E-013
 9.710E+013  1.000E-008  6.236E+001  0.000E+000
 9.730E+013  1.000E-008  6.236E+001  0.000E+000
 9.750E+013  1.000E-008  6.236E+001  0.000E+000
 9.770E+013  1.000E-008  6.236E+001  0.000E+000
 9.790E+013  1.000E-008  6.236E+001  0.000E+000
 9.810E+013  1.000E-008  6.236E+001  0.000E+000
 9.830E+013  1.000E-008  6.236E+001  0.000E+000
 9.850E+013  1.000E-008  6.236E+001  0.000E+000
 9.870E+013  1.000E-008  6.236E+001  0.000E+000
 9.890E+013  1.000E-008  6.236E+001  0.000E+000
 9.910E+013  1.000E-008  6.236E+001  0.000E+000
 9.930E+013  1.000E-008  6.236E+001  0.000E+000
 9.950E+013  1.000E-008  6.236E+001  1.706E-013
 9.970E+013  1.000E-008  6.236E+001 -1.706E-013
 9.990E+013  1.000E-008  6.236E+001  0.000E+000
 1.001E+014  1.000E-099  1.000E-099  0.000E+000
 1.003E+014  1.000E-099  1.000E-099  0.000E+000
 1.522E-003
