 2.640E+005
     x1b        dens       energ       v1
 1.000E+011  1.078E-012  8.615E+007  0.000E+000
 3.000E+011  1.078E-012  8.615E+007  1.884E+005
 5.000E+011  1.079E-012  8.615E+007  3.651E+005
 7.000E+011  1.081E-012  8.615E+007  5.515E+005
 9.000E+011  1.084E-012  8.615E+007  7.335E+005
 1.100E+012  1.088E-012  8.615E+007  9.178E+005
 1.300E+012  1.094E-012  8.615E+007  1.101E+006
 1.500E+012  1.101E-012  8.615E+007  1.285E+006
 1.700E+012  1.110E-012  8.615E+007  1.468E+006
 1.900E+012  1.120E-012  8.615E+007  1.652E+006
 2.100E+012  1.132E-012  8.615E+007  1.835E+006
 2.300E+012  1.144E-012  8.615E+007  2.019E+006
 2.500E+012  1.157E-012  8.615E+007  2.202E+006
 2.700E+012  1.171E-012  8.615E+007  2.386E+006
 2.900E+012  1.185E-012  8.615E+007  2.569E+006
 3.100E+012  1.200E-012  8.615E+007  2.753E+006
 3.300E+012  1.214E-012  8.615E+007  2.936E+006
 3.500E+012  1.229E-012  8.615E+007  3.120E+006
 3.700E+012  1.244E-012  8.615E+007  3.303E+006
 3.900E+012  1.258E-012  8.615E+007  3.487E+006
 4.100E+012  1.272E-012  8.615E+007  3.670E+006
 4.300E+012  1.285E-012  8.615E+007  3.854E+006
 4.500E+012  1.297E-012  8.615E+007  4.037E+006
 4.700E+012  1.308E-012  8.615E+007  4.221E+006
 4.900E+012  1.316E-012  8.615E+007  4.404E+006
 5.100E+012  1.322E-012  8.615E+007  4.588E+006
 5.300E+012  1.324E-012  8.615E+007  4.771E+006
 5.500E+012  1.325E-012  8.615E+007  4.955E+006
 5.700E+012  1.325E-012  8.615E+007  5.138E+006
 5.900E+012  1.325E-012  8.615E+007  5.322E+006
 6.100E+012  1.325E-012  8.615E+007  5.505E+006
 6.300E+012  1.324E-012  8.615E+007  5.689E+006
 6.500E+012  1.324E-012  8.615E+007  5.872E+006
 6.700E+012  1.324E-012  8.615E+007  6.056E+006
 6.900E+012  1.324E-012  8.615E+007  6.239E+006
 7.100E+012  1.324E-012  8.615E+007  6.423E+006
 7.300E+012  1.323E-012  8.615E+007  6.606E+006
 7.500E+012  1.322E-012  8.615E+007  6.790E+006
 7.700E+012  1.321E-012  8.615E+007  6.973E+006
 7.900E+012  1.320E-012  8.615E+007  7.157E+006
 8.100E+012  1.319E-012  8.615E+007  7.340E+006
 8.300E+012  1.318E-012  8.615E+007  7.524E+006
 8.500E+012  1.318E-012  8.615E+007  7.707E+006
 8.700E+012  1.318E-012  8.615E+007  7.891E+006
 8.900E+012  1.318E-012  8.615E+007  8.074E+006
 9.100E+012  1.318E-012  8.615E+007  8.258E+006
 9.300E+012  1.318E-012  8.615E+007  8.442E+006
 9.500E+012  1.318E-012  8.615E+007  8.625E+006
 9.700E+012  1.318E-012  8.615E+007  8.809E+006
 9.900E+012  1.318E-012  8.615E+007  8.992E+006
 1.010E+013  1.319E-012  8.615E+007  9.176E+006
 1.030E+013  1.319E-012  8.615E+007  9.359E+006
 1.050E+013  1.320E-012  8.615E+007  9.543E+006
 1.070E+013  1.321E-012  8.615E+007  9.726E+006
 1.090E+013  1.323E-012  8.615E+007  9.910E+006
 1.110E+013  1.325E-012  8.615E+007  1.009E+007
 1.130E+013  1.328E-012  8.615E+007  1.028E+007
 1.150E+013  1.331E-012  8.615E+007  1.046E+007
 1.170E+013  1.334E-012  8.615E+007  1.064E+007
 1.190E+013  1.339E-012  8.615E+007  1.083E+007
 1.210E+013  1.344E-012  8.615E+007  1.101E+007
 1.230E+013  1.350E-012  8.615E+007  1.119E+007
 1.250E+013  1.357E-012  8.615E+007  1.138E+007
 1.270E+013  1.365E-012  8.615E+007  1.156E+007
 1.290E+013  1.374E-012  8.615E+007  1.174E+007
 1.310E+013  1.384E-012  8.615E+007  1.193E+007
 1.330E+013  1.396E-012  8.615E+007  1.211E+007
 1.350E+013  1.409E-012  8.615E+007  1.230E+007
 1.370E+013  1.423E-012  8.615E+007  1.248E+007
 1.390E+013  1.439E-012  8.615E+007  1.266E+007
 1.410E+013  1.457E-012  8.615E+007  1.285E+007
 1.430E+013  1.477E-012  8.615E+007  1.303E+007
 1.450E+013  1.499E-012  8.615E+007  1.321E+007
 1.470E+013  1.523E-012  8.615E+007  1.340E+007
 1.490E+013  1.550E-012  8.615E+007  1.358E+007
 1.510E+013  1.579E-012  8.615E+007  1.376E+007
 1.530E+013  1.611E-012  8.615E+007  1.395E+007
 1.550E+013  1.646E-012  8.615E+007  1.413E+007
 1.570E+013  1.684E-012  8.615E+007  1.431E+007
 1.590E+013  1.726E-012  8.615E+007  1.450E+007
 1.610E+013  1.771E-012  8.615E+007  1.468E+007
 1.630E+013  1.821E-012  8.615E+007  1.487E+007
 1.650E+013  1.875E-012  8.615E+007  1.505E+007
 1.670E+013  1.934E-012  8.615E+007  1.523E+007
 1.690E+013  1.998E-012  8.615E+007  1.542E+007
 1.710E+013  2.067E-012  8.615E+007  1.560E+007
 1.730E+013  2.142E-012  8.615E+007  1.578E+007
 1.750E+013  2.224E-012  8.615E+007  1.597E+007
 1.770E+013  2.313E-012  8.615E+007  1.615E+007
 1.790E+013  2.410E-012  8.615E+007  1.634E+007
 1.810E+013  2.514E-012  8.615E+007  1.652E+007
 1.830E+013  2.627E-012  8.615E+007  1.670E+007
 1.850E+013  2.750E-012  8.615E+007  1.689E+007
 1.870E+013  2.883E-012  8.615E+007  1.707E+007
 1.890E+013  3.026E-012  8.615E+007  1.726E+007
 1.910E+013  3.181E-012  8.615E+007  1.744E+007
 1.930E+013  3.348E-012  8.615E+007  1.762E+007
 1.950E+013  3.529E-012  8.615E+007  1.781E+007
 1.970E+013  3.723E-012  8.615E+007  1.799E+007
 1.990E+013  3.932E-012  8.615E+007  1.818E+007
 2.010E+013  4.156E-012  8.615E+007  1.836E+007
 2.030E+013  4.397E-012  8.615E+007  1.854E+007
 2.050E+013  4.654E-012  8.615E+007  1.873E+007
 2.070E+013  4.929E-012  8.615E+007  1.891E+007
 2.090E+013  5.222E-012  8.615E+007  1.909E+007
 2.110E+013  5.534E-012  8.615E+007  1.928E+007
 2.130E+013  5.865E-012  8.615E+007  1.946E+007
 2.150E+013  6.216E-012  8.615E+007  1.965E+007
 2.170E+013  6.586E-012  8.615E+007  1.983E+007
 2.190E+013  6.975E-012  8.615E+007  2.001E+007
 2.210E+013  7.384E-012  8.615E+007  2.020E+007
 2.230E+013  7.812E-012  8.615E+007  2.038E+007
 2.250E+013  8.258E-012  8.615E+007  2.056E+007
 2.270E+013  8.722E-012  8.615E+007  2.075E+007
 2.290E+013  9.203E-012  8.615E+007  2.093E+007
 2.310E+013  9.701E-012  8.615E+007  2.111E+007
 2.330E+013  1.021E-011  8.615E+007  2.130E+007
 2.350E+013  1.074E-011  8.615E+007  2.148E+007
 2.370E+013  1.128E-011  8.615E+007  2.166E+007
 2.390E+013  1.183E-011  8.615E+007  2.185E+007
 2.410E+013  1.240E-011  8.615E+007  2.203E+007
 2.430E+013  1.297E-011  8.615E+007  2.221E+007
 2.450E+013  1.355E-011  8.615E+007  2.240E+007
 2.470E+013  1.414E-011  8.615E+007  2.258E+007
 2.490E+013  1.474E-011  8.615E+007  2.276E+007
 2.510E+013  1.535E-011  8.615E+007  2.295E+007
 2.530E+013  1.596E-011  8.615E+007  2.313E+007
 2.550E+013  1.658E-011  8.615E+007  2.331E+007
 2.570E+013  1.720E-011  8.615E+007  2.349E+007
 2.590E+013  1.783E-011  8.615E+007  2.368E+007
 2.610E+013  1.847E-011  8.616E+007  2.386E+007
 2.630E+013  1.911E-011  8.616E+007  2.404E+007
 2.650E+013  1.976E-011  8.616E+007  2.423E+007
 2.670E+013  2.041E-011  8.616E+007  2.441E+007
 2.690E+013  2.108E-011  8.616E+007  2.460E+007
 2.710E+013  2.175E-011  8.616E+007  2.478E+007
 2.730E+013  2.243E-011  8.616E+007  2.496E+007
 2.750E+013  2.312E-011  8.616E+007  2.515E+007
 2.770E+013  2.382E-011  8.616E+007  2.533E+007
 2.790E+013  2.454E-011  8.616E+007  2.551E+007
 2.810E+013  2.527E-011  8.616E+007  2.570E+007
 2.830E+013  2.601E-011  8.616E+007  2.588E+007
 2.850E+013  2.676E-011  8.616E+007  2.606E+007
 2.870E+013  2.754E-011  8.616E+007  2.625E+007
 2.890E+013  2.833E-011  8.616E+007  2.643E+007
 2.910E+013  2.913E-011  8.616E+007  2.661E+007
 2.930E+013  2.996E-011  8.616E+007  2.680E+007
 2.950E+013  3.081E-011  8.616E+007  2.698E+007
 2.970E+013  3.168E-011  8.617E+007  2.716E+007
 2.990E+013  3.258E-011  8.617E+007  2.735E+007
 3.010E+013  3.349E-011  8.617E+007  2.753E+007
 3.030E+013  3.444E-011  8.617E+007  2.772E+007
 3.050E+013  3.541E-011  8.617E+007  2.790E+007
 3.070E+013  3.641E-011  8.617E+007  2.808E+007
 3.090E+013  3.744E-011  8.617E+007  2.827E+007
 3.110E+013  3.850E-011  8.617E+007  2.845E+007
 3.130E+013  3.959E-011  8.617E+007  2.863E+007
 3.150E+013  4.071E-011  8.617E+007  2.882E+007
 3.170E+013  4.187E-011  8.617E+007  2.900E+007
 3.190E+013  4.306E-011  8.618E+007  2.918E+007
 3.210E+013  4.429E-011  8.618E+007  2.937E+007
 3.230E+013  4.555E-011  8.618E+007  2.955E+007
 3.250E+013  4.685E-011  8.618E+007  2.974E+007
 3.270E+013  4.818E-011  8.618E+007  2.992E+007
 3.290E+013  4.956E-011  8.618E+007  3.010E+007
 3.310E+013  5.097E-011  8.618E+007  3.029E+007
 3.330E+013  5.242E-011  8.618E+007  3.047E+007
 3.350E+013  5.390E-011  8.619E+007  3.065E+007
 3.370E+013  5.543E-011  8.619E+007  3.084E+007
 3.390E+013  5.699E-011  8.619E+007  3.102E+007
 3.410E+013  5.859E-011  8.619E+007  3.120E+007
 3.430E+013  6.023E-011  8.619E+007  3.139E+007
 3.450E+013  6.191E-011  8.619E+007  3.157E+007
 3.470E+013  6.363E-011  8.619E+007  3.176E+007
 3.490E+013  6.538E-011  8.620E+007  3.194E+007
 3.510E+013  6.717E-011  8.620E+007  3.212E+007
 3.530E+013  6.899E-011  8.620E+007  3.231E+007
 3.550E+013  7.085E-011  8.620E+007  3.249E+007
 3.570E+013  7.275E-011  8.620E+007  3.267E+007
 3.590E+013  7.468E-011  8.621E+007  3.286E+007
 3.610E+013  7.664E-011  8.621E+007  3.304E+007
 3.630E+013  7.864E-011  8.621E+007  3.323E+007
 3.650E+013  8.068E-011  8.621E+007  3.341E+007
 3.670E+013  8.275E-011  8.622E+007  3.359E+007
 3.690E+013  8.485E-011  8.622E+007  3.378E+007
 3.710E+013  8.699E-011  8.622E+007  3.396E+007
 3.730E+013  8.916E-011  8.622E+007  3.414E+007
 3.750E+013  9.137E-011  8.623E+007  3.433E+007
 3.770E+013  9.361E-011  8.623E+007  3.451E+007
 3.790E+013  9.590E-011  8.623E+007  3.470E+007
 3.810E+013  9.822E-011  8.623E+007  3.488E+007
 3.830E+013  1.006E-010  8.624E+007  3.506E+007
 3.850E+013  1.030E-010  8.624E+007  3.525E+007
 3.870E+013  1.054E-010  8.624E+007  3.543E+007
 3.890E+013  1.079E-010  8.625E+007  3.561E+007
 3.910E+013  1.104E-010  8.625E+007  3.580E+007
 3.930E+013  1.130E-010  8.625E+007  3.598E+007
 3.950E+013  1.156E-010  8.626E+007  3.617E+007
 3.970E+013  1.183E-010  8.626E+007  3.635E+007
 3.990E+013  1.210E-010  8.626E+007  3.653E+007
 4.010E+013  1.238E-010  8.627E+007  3.672E+007
 4.030E+013  1.266E-010  8.627E+007  3.690E+007
 4.050E+013  1.295E-010  8.628E+007  3.709E+007
 4.070E+013  1.325E-010  8.628E+007  3.727E+007
 4.090E+013  1.355E-010  8.628E+007  3.745E+007
 4.110E+013  1.386E-010  8.629E+007  3.764E+007
 4.130E+013  1.417E-010  8.629E+007  3.782E+007
 4.150E+013  1.449E-010  8.630E+007  3.801E+007
 4.170E+013  1.482E-010  8.630E+007  3.819E+007
 4.190E+013  1.516E-010  8.631E+007  3.838E+007
 4.210E+013  1.550E-010  8.631E+007  3.856E+007
 4.230E+013  1.585E-010  8.632E+007  3.874E+007
 4.250E+013  1.620E-010  8.632E+007  3.893E+007
 4.270E+013  1.657E-010  8.633E+007  3.911E+007
 4.290E+013  1.694E-010  8.633E+007  3.930E+007
 4.310E+013  1.732E-010  8.634E+007  3.948E+007
 4.330E+013  1.771E-010  8.635E+007  3.967E+007
 4.350E+013  1.810E-010  8.635E+007  3.985E+007
 4.370E+013  1.851E-010  8.636E+007  4.003E+007
 4.390E+013  1.892E-010  8.637E+007  4.022E+007
 4.410E+013  1.934E-010  8.637E+007  4.040E+007
 4.430E+013  1.977E-010  8.638E+007  4.059E+007
 4.450E+013  2.020E-010  8.639E+007  4.077E+007
 4.470E+013  2.065E-010  8.639E+007  4.096E+007
 4.490E+013  2.110E-010  8.640E+007  4.114E+007
 4.510E+013  2.156E-010  8.641E+007  4.133E+007
 4.530E+013  2.203E-010  8.642E+007  4.151E+007
 4.550E+013  2.251E-010  8.642E+007  4.169E+007
 4.570E+013  2.299E-010  8.643E+007  4.188E+007
 4.590E+013  2.349E-010  8.644E+007  4.206E+007
 4.610E+013  2.399E-010  8.645E+007  4.225E+007
 4.630E+013  2.450E-010  8.646E+007  4.243E+007
 4.650E+013  2.502E-010  8.647E+007  4.262E+007
 4.670E+013  2.555E-010  8.648E+007  4.280E+007
 4.690E+013  2.609E-010  8.649E+007  4.299E+007
 4.710E+013  2.664E-010  8.650E+007  4.317E+007
 4.730E+013  2.719E-010  8.651E+007  4.336E+007
 4.750E+013  2.776E-010  8.652E+007  4.354E+007
 4.770E+013  2.833E-010  8.653E+007  4.373E+007
 4.790E+013  2.892E-010  8.654E+007  4.391E+007
 4.810E+013  2.951E-010  8.655E+007  4.410E+007
 4.830E+013  3.011E-010  8.656E+007  4.428E+007
 4.850E+013  3.072E-010  8.657E+007  4.447E+007
 4.870E+013  3.134E-010  8.658E+007  4.465E+007
 4.890E+013  3.198E-010  8.660E+007  4.484E+007
 4.910E+013  3.262E-010  8.661E+007  4.503E+007
 4.930E+013  3.327E-010  8.662E+007  4.521E+007
 4.950E+013  3.393E-010  8.663E+007  4.540E+007
 4.970E+013  3.460E-010  8.665E+007  4.558E+007
 4.990E+013  3.529E-010  8.666E+007  4.577E+007
 5.010E+013  3.598E-010  8.668E+007  4.595E+007
 5.030E+013  3.668E-010  8.669E+007  4.614E+007
 5.050E+013  3.740E-010  8.670E+007  4.632E+007
 5.070E+013  3.813E-010  8.672E+007  4.651E+007
 5.090E+013  3.886E-010  8.674E+007  4.670E+007
 5.110E+013  3.961E-010  8.675E+007  4.688E+007
 5.130E+013  4.037E-010  8.677E+007  4.707E+007
 5.150E+013  4.115E-010  8.678E+007  4.726E+007
 5.170E+013  4.193E-010  8.680E+007  4.744E+007
 5.190E+013  4.272E-010  8.682E+007  4.763E+007
 5.210E+013  4.353E-010  8.684E+007  4.781E+007
 5.230E+013  4.435E-010  8.685E+007  4.800E+007
 5.250E+013  4.518E-010  8.687E+007  4.819E+007
 5.270E+013  4.602E-010  8.689E+007  4.837E+007
 5.290E+013  4.687E-010  8.691E+007  4.856E+007
 5.310E+013  4.774E-010  8.693E+007  4.875E+007
 5.330E+013  4.862E-010  8.695E+007  4.893E+007
 5.350E+013  4.951E-010  8.697E+007  4.912E+007
 5.370E+013  5.041E-010  8.699E+007  4.931E+007
 5.390E+013  5.133E-010  8.701E+007  4.949E+007
 5.410E+013  5.226E-010  8.704E+007  4.968E+007
 5.430E+013  5.320E-010  8.706E+007  4.987E+007
 5.450E+013  5.416E-010  8.708E+007  5.006E+007
 5.470E+013  5.513E-010  8.711E+007  5.024E+007
 5.490E+013  5.611E-010  8.713E+007  5.043E+007
 5.510E+013  5.711E-010  8.716E+007  5.062E+007
 5.530E+013  5.812E-010  8.718E+007  5.081E+007
 5.550E+013  5.914E-010  8.721E+007  5.100E+007
 5.570E+013  6.018E-010  8.723E+007  5.118E+007
 5.590E+013  6.124E-010  8.726E+007  5.137E+007
 5.610E+013  6.231E-010  8.729E+007  5.156E+007
 5.630E+013  6.339E-010  8.732E+007  5.175E+007
 5.650E+013  6.450E-010  8.734E+007  5.194E+007
 5.670E+013  6.561E-010  8.737E+007  5.213E+007
 5.690E+013  6.675E-010  8.740E+007  5.231E+007
 5.710E+013  6.790E-010  8.743E+007  5.250E+007
 5.730E+013  6.906E-010  8.746E+007  5.269E+007
 5.750E+013  7.025E-010  8.750E+007  5.288E+007
 5.770E+013  7.145E-010  8.753E+007  5.307E+007
 5.790E+013  7.267E-010  8.756E+007  5.326E+007
 5.810E+013  7.391E-010  8.760E+007  5.345E+007
 5.830E+013  7.517E-010  8.763E+007  5.364E+007
 5.850E+013  7.644E-010  8.767E+007  5.383E+007
 5.870E+013  7.774E-010  8.770E+007  5.402E+007
 5.890E+013  7.905E-010  8.774E+007  5.421E+007
 5.910E+013  8.038E-010  8.778E+007  5.440E+007
 5.930E+013  8.173E-010  8.781E+007  5.459E+007
 5.950E+013  8.311E-010  8.785E+007  5.478E+007
 5.970E+013  8.450E-010  8.789E+007  5.497E+007
 5.990E+013  8.591E-010  8.793E+007  5.516E+007
 6.010E+013  8.734E-010  8.797E+007  5.535E+007
 6.030E+013  8.880E-010  8.802E+007  5.554E+007
 6.050E+013  9.027E-010  8.806E+007  5.574E+007
 6.070E+013  9.177E-010  8.810E+007  5.593E+007
 6.090E+013  9.329E-010  8.815E+007  5.612E+007
 6.110E+013  9.483E-010  8.819E+007  5.631E+007
 6.130E+013  9.639E-010  8.824E+007  5.650E+007
 6.150E+013  9.798E-010  8.829E+007  5.670E+007
 6.170E+013  9.959E-010  8.834E+007  5.689E+007
 6.190E+013  1.012E-009  8.839E+007  5.708E+007
 6.210E+013  1.029E-009  8.844E+007  5.727E+007
 6.230E+013  1.045E-009  8.849E+007  5.747E+007
 6.250E+013  1.062E-009  8.854E+007  5.766E+007
 6.270E+013  1.080E-009  8.860E+007  5.785E+007
 6.290E+013  1.097E-009  8.865E+007  5.805E+007
 6.310E+013  1.115E-009  8.871E+007  5.824E+007
 6.330E+013  1.133E-009  8.876E+007  5.844E+007
 6.350E+013  1.151E-009  8.882E+007  5.863E+007
 6.370E+013  1.170E-009  8.888E+007  5.883E+007
 6.390E+013  1.188E-009  8.894E+007  5.902E+007
 6.410E+013  1.207E-009  8.900E+007  5.922E+007
 6.430E+013  1.226E-009  8.906E+007  5.941E+007
 6.450E+013  1.246E-009  8.913E+007  5.961E+007
 6.470E+013  1.266E-009  8.919E+007  5.980E+007
 6.490E+013  1.286E-009  8.926E+007  6.000E+007
 6.510E+013  1.306E-009  8.933E+007  6.020E+007
 6.530E+013  1.326E-009  8.940E+007  6.039E+007
 6.550E+013  1.347E-009  8.947E+007  6.059E+007
 6.570E+013  1.368E-009  8.954E+007  6.079E+007
 6.590E+013  1.390E-009  8.961E+007  6.099E+007
 6.610E+013  1.411E-009  8.969E+007  6.118E+007
 6.630E+013  1.433E-009  8.976E+007  6.138E+007
 6.650E+013  1.456E-009  8.984E+007  6.158E+007
 6.670E+013  1.478E-009  8.992E+007  6.178E+007
 6.690E+013  1.501E-009  9.000E+007  6.198E+007
 6.710E+013  1.524E-009  9.008E+007  6.218E+007
 6.730E+013  1.548E-009  9.016E+007  6.238E+007
 6.750E+013  1.571E-009  9.025E+007  6.258E+007
 6.770E+013  1.595E-009  9.033E+007  6.278E+007
 6.790E+013  1.620E-009  9.042E+007  6.298E+007
 6.810E+013  1.645E-009  9.051E+007  6.318E+007
 6.830E+013  1.670E-009  9.060E+007  6.338E+007
 6.850E+013  1.695E-009  9.070E+007  6.359E+007
 6.870E+013  1.721E-009  9.079E+007  6.379E+007
 6.890E+013  1.747E-009  9.089E+007  6.399E+007
 6.910E+013  1.773E-009  9.099E+007  6.419E+007
 6.930E+013  1.800E-009  9.109E+007  6.440E+007
 6.950E+013  1.827E-009  9.119E+007  6.460E+007
 6.970E+013  1.855E-009  9.129E+007  6.481E+007
 6.990E+013  1.883E-009  9.140E+007  6.501E+007
 7.010E+013  1.911E-009  9.151E+007  6.522E+007
 7.030E+013  1.939E-009  9.162E+007  6.542E+007
 7.050E+013  1.968E-009  9.173E+007  6.563E+007
 7.070E+013  1.998E-009  9.184E+007  6.583E+007
 7.090E+013  2.028E-009  9.196E+007  6.604E+007
 7.110E+013  2.058E-009  9.208E+007  6.625E+007
 7.130E+013  2.089E-009  9.220E+007  6.646E+007
 7.150E+013  2.120E-009  9.232E+007  6.667E+007
 7.170E+013  2.151E-009  9.245E+007  6.687E+007
 7.190E+013  2.183E-009  9.257E+007  6.708E+007
 7.210E+013  2.215E-009  9.270E+007  6.729E+007
 7.230E+013  2.248E-009  9.283E+007  6.750E+007
 7.250E+013  2.282E-009  9.297E+007  6.772E+007
 7.270E+013  2.315E-009  9.310E+007  6.793E+007
 7.290E+013  2.349E-009  9.324E+007  6.814E+007
 7.310E+013  2.384E-009  9.339E+007  6.835E+007
 7.330E+013  2.419E-009  9.353E+007  6.856E+007
 7.350E+013  2.455E-009  9.368E+007  6.878E+007
 7.370E+013  2.491E-009  9.383E+007  6.899E+007
 7.390E+013  2.528E-009  9.398E+007  6.921E+007
 7.410E+013  2.565E-009  9.413E+007  6.942E+007
 7.430E+013  2.603E-009  9.429E+007  6.964E+007
 7.450E+013  2.641E-009  9.445E+007  6.985E+007
 7.470E+013  2.680E-009  9.462E+007  7.007E+007
 7.490E+013  2.719E-009  9.478E+007  7.029E+007
 7.510E+013  2.759E-009  9.495E+007  7.051E+007
 7.530E+013  2.799E-009  9.513E+007  7.073E+007
 7.550E+013  2.840E-009  9.530E+007  7.095E+007
 7.570E+013  2.882E-009  9.548E+007  7.117E+007
 7.590E+013  2.924E-009  9.566E+007  7.139E+007
 7.610E+013  2.967E-009  9.585E+007  7.161E+007
 7.630E+013  3.010E-009  9.604E+007  7.183E+007
 7.650E+013  3.054E-009  9.623E+007  7.205E+007
 7.670E+013  3.099E-009  9.643E+007  7.228E+007
 7.690E+013  3.144E-009  9.663E+007  7.250E+007
 7.710E+013  3.190E-009  9.683E+007  7.273E+007
 7.730E+013  3.237E-009  9.704E+007  7.295E+007
 7.750E+013  3.284E-009  9.725E+007  7.318E+007
 7.770E+013  3.332E-009  9.746E+007  7.341E+007
 7.790E+013  3.381E-009  9.768E+007  7.363E+007
 7.810E+013  3.430E-009  9.791E+007  7.386E+007
 7.830E+013  3.480E-009  9.813E+007  7.409E+007
 7.850E+013  3.531E-009  9.836E+007  7.432E+007
 7.870E+013  3.583E-009  9.860E+007  7.456E+007
 7.890E+013  3.635E-009  9.884E+007  7.479E+007
 7.910E+013  3.688E-009  9.908E+007  7.502E+007
 7.930E+013  3.742E-009  9.933E+007  7.525E+007
 7.950E+013  3.797E-009  9.958E+007  7.549E+007
 7.970E+013  3.852E-009  9.984E+007  7.572E+007
 7.990E+013  3.909E-009  1.001E+008  7.596E+007
 8.010E+013  3.966E-009  1.004E+008  7.620E+007
 8.030E+013  4.024E-009  1.006E+008  7.644E+007
 8.050E+013  4.083E-009  1.009E+008  7.668E+007
 8.070E+013  4.143E-009  1.012E+008  7.692E+007
 8.090E+013  4.203E-009  1.015E+008  7.716E+007
 8.110E+013  4.265E-009  1.018E+008  7.740E+007
 8.130E+013  4.328E-009  1.021E+008  7.764E+007
 8.150E+013  4.391E-009  1.024E+008  7.789E+007
 8.170E+013  4.456E-009  1.027E+008  7.813E+007
 8.190E+013  4.522E-009  1.030E+008  7.838E+007
 8.210E+013  4.588E-009  1.033E+008  7.862E+007
 8.230E+013  4.656E-009  1.036E+008  7.887E+007
 8.250E+013  4.725E-009  1.040E+008  7.912E+007
 8.270E+013  4.795E-009  1.043E+008  7.937E+007
 8.290E+013  4.866E-009  1.047E+008  7.962E+007
 8.310E+013  4.938E-009  1.050E+008  7.988E+007
 8.330E+013  5.011E-009  1.054E+008  8.013E+007
 8.350E+013  5.086E-009  1.057E+008  8.038E+007
 8.370E+013  5.161E-009  1.061E+008  8.064E+007
 8.390E+013  5.238E-009  1.065E+008  8.090E+007
 8.410E+013  5.317E-009  1.069E+008  8.116E+007
 8.430E+013  5.396E-009  1.073E+008  8.141E+007
 8.450E+013  5.477E-009  1.077E+008  8.168E+007
 8.470E+013  5.559E-009  1.081E+008  8.194E+007
 8.490E+013  5.643E-009  1.085E+008  8.220E+007
 8.510E+013  5.727E-009  1.089E+008  8.246E+007
 8.530E+013  5.814E-009  1.093E+008  8.273E+007
 8.550E+013  5.902E-009  1.098E+008  8.300E+007
 8.570E+013  5.991E-009  1.102E+008  8.326E+007
 8.590E+013  6.082E-009  1.107E+008  8.353E+007
 8.610E+013  6.174E-009  1.111E+008  8.380E+007
 8.630E+013  6.268E-009  1.116E+008  8.408E+007
 8.650E+013  6.364E-009  1.121E+008  8.435E+007
 8.670E+013  6.461E-009  1.126E+008  8.462E+007
 8.690E+013  6.560E-009  1.131E+008  8.490E+007
 8.710E+013  6.661E-009  1.136E+008  8.518E+007
 8.730E+013  6.764E-009  1.141E+008  8.546E+007
 8.750E+013  6.868E-009  1.146E+008  8.574E+007
 8.770E+013  6.974E-009  1.152E+008  8.602E+007
 8.790E+013  7.082E-009  1.157E+008  8.630E+007
 8.810E+013  7.193E-009  1.163E+008  8.659E+007
 8.830E+013  7.305E-009  1.169E+008  8.687E+007
 8.850E+013  7.419E-009  1.174E+008  8.716E+007
 8.870E+013  7.535E-009  1.180E+008  8.745E+007
 8.890E+013  7.653E-009  1.186E+008  8.774E+007
 8.910E+013  7.774E-009  1.193E+008  8.803E+007
 8.930E+013  7.897E-009  1.199E+008  8.833E+007
 8.950E+013  8.022E-009  1.205E+008  8.862E+007
 8.970E+013  8.149E-009  1.212E+008  8.892E+007
 8.990E+013  8.279E-009  1.219E+008  8.922E+007
 9.010E+013  8.412E-009  1.225E+008  8.952E+007
 9.030E+013  8.546E-009  1.232E+008  8.982E+007
 9.050E+013  8.684E-009  1.239E+008  9.012E+007
 9.070E+013  8.824E-009  1.247E+008  9.043E+007
 9.090E+013  8.967E-009  1.254E+008  9.073E+007
 9.110E+013  9.113E-009  1.262E+008  9.104E+007
 9.130E+013  9.261E-009  1.269E+008  9.135E+007
 9.150E+013  9.413E-009  1.277E+008  9.166E+007
 9.170E+013  9.567E-009  1.285E+008  9.198E+007
 9.190E+013  9.725E-009  1.293E+008  9.229E+007
 9.210E+013  9.885E-009  1.302E+008  9.261E+007
 9.230E+013  1.005E-008  1.310E+008  9.293E+007
 9.250E+013  1.022E-008  1.319E+008  9.325E+007
 9.270E+013  1.039E-008  1.328E+008  9.357E+007
 9.290E+013  1.056E-008  1.337E+008  9.390E+007
 9.310E+013  1.074E-008  1.346E+008  9.422E+007
 9.330E+013  1.092E-008  1.355E+008  9.455E+007
 9.350E+013  1.111E-008  1.365E+008  9.488E+007
 9.370E+013  1.130E-008  1.375E+008  9.521E+007
 9.390E+013  1.149E-008  1.385E+008  9.554E+007
 9.410E+013  1.169E-008  1.395E+008  9.588E+007
 9.430E+013  1.189E-008  1.405E+008  9.622E+007
 9.450E+013  1.209E-008  1.416E+008  9.656E+007
 9.470E+013  1.231E-008  1.427E+008  9.690E+007
 9.490E+013  1.252E-008  1.438E+008  9.724E+007
 9.510E+013  1.274E-008  1.449E+008  9.758E+007
 9.530E+013  1.297E-008  1.461E+008  9.793E+007
 9.550E+013  1.319E-008  1.473E+008  9.828E+007
 9.570E+013  1.343E-008  1.485E+008  9.863E+007
 9.590E+013  1.367E-008  1.497E+008  9.898E+007
 9.610E+013  1.392E-008  1.510E+008  9.934E+007
 9.630E+013  1.417E-008  1.523E+008  9.969E+007
 9.650E+013  1.442E-008  1.536E+008  1.001E+008
 9.670E+013  1.469E-008  1.549E+008  1.004E+008
 9.690E+013  1.496E-008  1.563E+008  1.008E+008
 9.710E+013  1.523E-008  1.577E+008  1.011E+008
 9.730E+013  1.551E-008  1.592E+008  1.015E+008
 9.750E+013  1.580E-008  1.606E+008  1.019E+008
 9.770E+013  1.610E-008  1.622E+008  1.022E+008
 9.790E+013  1.640E-008  1.637E+008  1.026E+008
 9.810E+013  1.671E-008  1.653E+008  1.030E+008
 9.830E+013  1.703E-008  1.669E+008  1.034E+008
 9.850E+013  1.735E-008  1.685E+008  1.037E+008
 9.870E+013  1.769E-008  1.702E+008  1.041E+008
 9.890E+013  1.803E-008  1.719E+008  1.045E+008
 9.910E+013  1.837E-008  1.737E+008  1.049E+008
 9.930E+013  1.871E-008  1.751E+008  1.053E+008
 9.950E+013  1.908E-008  1.769E+008  1.058E+008
 9.970E+013  1.952E-008  1.801E+008  1.060E+008
 9.990E+013  2.025E-008  1.849E+008  1.056E+008
 1.001E+014  1.000E-099  1.000E-099  1.056E+008
 1.003E+014  1.000E-099  1.000E-099  1.056E+008
 8.371E-003
