 2.700E+005
     x1b        dens       energ       v1
 1.000E+011  1.061E-012  8.383E+007  0.000E+000
 3.000E+011  1.061E-012  8.383E+007  1.736E+005
 5.000E+011  1.062E-012  8.383E+007  3.612E+005
 7.000E+011  1.063E-012  8.383E+007  5.372E+005
 9.000E+011  1.066E-012  8.383E+007  7.184E+005
 1.100E+012  1.070E-012  8.383E+007  8.969E+005
 1.300E+012  1.076E-012  8.383E+007  1.077E+006
 1.500E+012  1.083E-012  8.383E+007  1.256E+006
 1.700E+012  1.092E-012  8.383E+007  1.436E+006
 1.900E+012  1.102E-012  8.383E+007  1.615E+006
 2.100E+012  1.113E-012  8.383E+007  1.794E+006
 2.300E+012  1.125E-012  8.383E+007  1.974E+006
 2.500E+012  1.138E-012  8.383E+007  2.153E+006
 2.700E+012  1.151E-012  8.383E+007  2.333E+006
 2.900E+012  1.165E-012  8.383E+007  2.512E+006
 3.100E+012  1.179E-012  8.383E+007  2.692E+006
 3.300E+012  1.193E-012  8.383E+007  2.871E+006
 3.500E+012  1.208E-012  8.383E+007  3.051E+006
 3.700E+012  1.222E-012  8.383E+007  3.230E+006
 3.900E+012  1.236E-012  8.383E+007  3.409E+006
 4.100E+012  1.250E-012  8.383E+007  3.589E+006
 4.300E+012  1.263E-012  8.383E+007  3.768E+006
 4.500E+012  1.275E-012  8.383E+007  3.948E+006
 4.700E+012  1.286E-012  8.383E+007  4.127E+006
 4.900E+012  1.294E-012  8.383E+007  4.307E+006
 5.100E+012  1.300E-012  8.383E+007  4.486E+006
 5.300E+012  1.302E-012  8.383E+007  4.665E+006
 5.500E+012  1.303E-012  8.383E+007  4.845E+006
 5.700E+012  1.303E-012  8.383E+007  5.024E+006
 5.900E+012  1.303E-012  8.383E+007  5.204E+006
 6.100E+012  1.303E-012  8.383E+007  5.383E+006
 6.300E+012  1.303E-012  8.383E+007  5.563E+006
 6.500E+012  1.303E-012  8.383E+007  5.742E+006
 6.700E+012  1.303E-012  8.383E+007  5.921E+006
 6.900E+012  1.303E-012  8.383E+007  6.101E+006
 7.100E+012  1.302E-012  8.383E+007  6.280E+006
 7.300E+012  1.302E-012  8.383E+007  6.460E+006
 7.500E+012  1.301E-012  8.383E+007  6.639E+006
 7.700E+012  1.300E-012  8.383E+007  6.819E+006
 7.900E+012  1.299E-012  8.383E+007  6.998E+006
 8.100E+012  1.298E-012  8.383E+007  7.178E+006
 8.300E+012  1.297E-012  8.383E+007  7.357E+006
 8.500E+012  1.296E-012  8.383E+007  7.536E+006
 8.700E+012  1.296E-012  8.383E+007  7.716E+006
 8.900E+012  1.296E-012  8.383E+007  7.895E+006
 9.100E+012  1.296E-012  8.383E+007  8.075E+006
 9.300E+012  1.296E-012  8.383E+007  8.254E+006
 9.500E+012  1.296E-012  8.383E+007  8.434E+006
 9.700E+012  1.296E-012  8.383E+007  8.613E+006
 9.900E+012  1.297E-012  8.383E+007  8.792E+006
 1.010E+013  1.297E-012  8.383E+007  8.972E+006
 1.030E+013  1.298E-012  8.383E+007  9.151E+006
 1.050E+013  1.299E-012  8.383E+007  9.331E+006
 1.070E+013  1.300E-012  8.383E+007  9.510E+006
 1.090E+013  1.301E-012  8.383E+007  9.690E+006
 1.110E+013  1.303E-012  8.383E+007  9.869E+006
 1.130E+013  1.305E-012  8.383E+007  1.005E+007
 1.150E+013  1.308E-012  8.383E+007  1.023E+007
 1.170E+013  1.312E-012  8.383E+007  1.041E+007
 1.190E+013  1.316E-012  8.383E+007  1.059E+007
 1.210E+013  1.320E-012  8.383E+007  1.077E+007
 1.230E+013  1.326E-012  8.383E+007  1.095E+007
 1.250E+013  1.332E-012  8.383E+007  1.113E+007
 1.270E+013  1.340E-012  8.383E+007  1.130E+007
 1.290E+013  1.348E-012  8.383E+007  1.148E+007
 1.310E+013  1.358E-012  8.383E+007  1.166E+007
 1.330E+013  1.369E-012  8.383E+007  1.184E+007
 1.350E+013  1.381E-012  8.383E+007  1.202E+007
 1.370E+013  1.395E-012  8.383E+007  1.220E+007
 1.390E+013  1.410E-012  8.383E+007  1.238E+007
 1.410E+013  1.427E-012  8.383E+007  1.256E+007
 1.430E+013  1.446E-012  8.383E+007  1.274E+007
 1.450E+013  1.466E-012  8.383E+007  1.292E+007
 1.470E+013  1.489E-012  8.383E+007  1.310E+007
 1.490E+013  1.514E-012  8.383E+007  1.328E+007
 1.510E+013  1.541E-012  8.383E+007  1.346E+007
 1.530E+013  1.572E-012  8.383E+007  1.364E+007
 1.550E+013  1.604E-012  8.383E+007  1.382E+007
 1.570E+013  1.640E-012  8.383E+007  1.400E+007
 1.590E+013  1.680E-012  8.383E+007  1.418E+007
 1.610E+013  1.723E-012  8.383E+007  1.436E+007
 1.630E+013  1.769E-012  8.383E+007  1.454E+007
 1.650E+013  1.820E-012  8.383E+007  1.472E+007
 1.670E+013  1.876E-012  8.383E+007  1.490E+007
 1.690E+013  1.936E-012  8.383E+007  1.507E+007
 1.710E+013  2.001E-012  8.383E+007  1.525E+007
 1.730E+013  2.072E-012  8.383E+007  1.543E+007
 1.750E+013  2.149E-012  8.383E+007  1.561E+007
 1.770E+013  2.233E-012  8.383E+007  1.579E+007
 1.790E+013  2.324E-012  8.383E+007  1.597E+007
 1.810E+013  2.422E-012  8.383E+007  1.615E+007
 1.830E+013  2.528E-012  8.384E+007  1.633E+007
 1.850E+013  2.644E-012  8.384E+007  1.651E+007
 1.870E+013  2.768E-012  8.384E+007  1.669E+007
 1.890E+013  2.903E-012  8.384E+007  1.687E+007
 1.910E+013  3.049E-012  8.384E+007  1.705E+007
 1.930E+013  3.206E-012  8.384E+007  1.723E+007
 1.950E+013  3.376E-012  8.384E+007  1.741E+007
 1.970E+013  3.559E-012  8.384E+007  1.759E+007
 1.990E+013  3.755E-012  8.384E+007  1.777E+007
 2.010E+013  3.966E-012  8.384E+007  1.795E+007
 2.030E+013  4.193E-012  8.384E+007  1.813E+007
 2.050E+013  4.436E-012  8.384E+007  1.831E+007
 2.070E+013  4.695E-012  8.384E+007  1.849E+007
 2.090E+013  4.972E-012  8.384E+007  1.867E+007
 2.110E+013  5.267E-012  8.384E+007  1.885E+007
 2.130E+013  5.580E-012  8.384E+007  1.903E+007
 2.150E+013  5.911E-012  8.384E+007  1.921E+007
 2.170E+013  6.262E-012  8.384E+007  1.939E+007
 2.190E+013  6.632E-012  8.384E+007  1.957E+007
 2.210E+013  7.020E-012  8.384E+007  1.975E+007
 2.230E+013  7.428E-012  8.384E+007  1.993E+007
 2.250E+013  7.853E-012  8.384E+007  2.011E+007
 2.270E+013  8.297E-012  8.384E+007  2.029E+007
 2.290E+013  8.758E-012  8.384E+007  2.047E+007
 2.310E+013  9.235E-012  8.384E+007  2.064E+007
 2.330E+013  9.727E-012  8.384E+007  2.082E+007
 2.350E+013  1.023E-011  8.384E+007  2.100E+007
 2.370E+013  1.075E-011  8.384E+007  2.118E+007
 2.390E+013  1.129E-011  8.384E+007  2.136E+007
 2.410E+013  1.183E-011  8.384E+007  2.154E+007
 2.430E+013  1.239E-011  8.384E+007  2.172E+007
 2.450E+013  1.295E-011  8.384E+007  2.190E+007
 2.470E+013  1.352E-011  8.384E+007  2.208E+007
 2.490E+013  1.410E-011  8.384E+007  2.226E+007
 2.510E+013  1.469E-011  8.384E+007  2.244E+007
 2.530E+013  1.529E-011  8.384E+007  2.262E+007
 2.550E+013  1.589E-011  8.384E+007  2.279E+007
 2.570E+013  1.649E-011  8.384E+007  2.297E+007
 2.590E+013  1.710E-011  8.384E+007  2.315E+007
 2.610E+013  1.772E-011  8.384E+007  2.333E+007
 2.630E+013  1.835E-011  8.384E+007  2.351E+007
 2.650E+013  1.898E-011  8.384E+007  2.369E+007
 2.670E+013  1.961E-011  8.384E+007  2.387E+007
 2.690E+013  2.026E-011  8.384E+007  2.405E+007
 2.710E+013  2.091E-011  8.384E+007  2.423E+007
 2.730E+013  2.157E-011  8.384E+007  2.441E+007
 2.750E+013  2.224E-011  8.384E+007  2.459E+007
 2.770E+013  2.292E-011  8.384E+007  2.477E+007
 2.790E+013  2.361E-011  8.384E+007  2.495E+007
 2.810E+013  2.431E-011  8.384E+007  2.513E+007
 2.830E+013  2.502E-011  8.385E+007  2.530E+007
 2.850E+013  2.575E-011  8.385E+007  2.548E+007
 2.870E+013  2.650E-011  8.385E+007  2.566E+007
 2.890E+013  2.726E-011  8.385E+007  2.584E+007
 2.910E+013  2.803E-011  8.385E+007  2.602E+007
 2.930E+013  2.883E-011  8.385E+007  2.620E+007
 2.950E+013  2.964E-011  8.385E+007  2.638E+007
 2.970E+013  3.048E-011  8.385E+007  2.656E+007
 2.990E+013  3.133E-011  8.385E+007  2.674E+007
 3.010E+013  3.221E-011  8.385E+007  2.692E+007
 3.030E+013  3.311E-011  8.385E+007  2.710E+007
 3.050E+013  3.404E-011  8.385E+007  2.728E+007
 3.070E+013  3.500E-011  8.385E+007  2.746E+007
 3.090E+013  3.598E-011  8.385E+007  2.764E+007
 3.110E+013  3.699E-011  8.386E+007  2.782E+007
 3.130E+013  3.803E-011  8.386E+007  2.800E+007
 3.150E+013  3.910E-011  8.386E+007  2.818E+007
 3.170E+013  4.021E-011  8.386E+007  2.836E+007
 3.190E+013  4.134E-011  8.386E+007  2.854E+007
 3.210E+013  4.251E-011  8.386E+007  2.872E+007
 3.230E+013  4.372E-011  8.386E+007  2.890E+007
 3.250E+013  4.496E-011  8.386E+007  2.907E+007
 3.270E+013  4.623E-011  8.386E+007  2.925E+007
 3.290E+013  4.754E-011  8.386E+007  2.943E+007
 3.310E+013  4.889E-011  8.387E+007  2.961E+007
 3.330E+013  5.027E-011  8.387E+007  2.979E+007
 3.350E+013  5.170E-011  8.387E+007  2.997E+007
 3.370E+013  5.315E-011  8.387E+007  3.015E+007
 3.390E+013  5.465E-011  8.387E+007  3.033E+007
 3.410E+013  5.618E-011  8.387E+007  3.051E+007
 3.430E+013  5.775E-011  8.387E+007  3.069E+007
 3.450E+013  5.936E-011  8.388E+007  3.087E+007
 3.470E+013  6.100E-011  8.388E+007  3.105E+007
 3.490E+013  6.268E-011  8.388E+007  3.123E+007
 3.510E+013  6.440E-011  8.388E+007  3.141E+007
 3.530E+013  6.615E-011  8.388E+007  3.159E+007
 3.550E+013  6.794E-011  8.388E+007  3.177E+007
 3.570E+013  6.976E-011  8.389E+007  3.195E+007
 3.590E+013  7.161E-011  8.389E+007  3.213E+007
 3.610E+013  7.350E-011  8.389E+007  3.231E+007
 3.630E+013  7.543E-011  8.389E+007  3.249E+007
 3.650E+013  7.739E-011  8.389E+007  3.267E+007
 3.670E+013  7.938E-011  8.390E+007  3.285E+007
 3.690E+013  8.140E-011  8.390E+007  3.303E+007
 3.710E+013  8.346E-011  8.390E+007  3.321E+007
 3.730E+013  8.555E-011  8.390E+007  3.339E+007
 3.750E+013  8.767E-011  8.390E+007  3.357E+007
 3.770E+013  8.983E-011  8.391E+007  3.375E+007
 3.790E+013  9.203E-011  8.391E+007  3.392E+007
 3.810E+013  9.426E-011  8.391E+007  3.410E+007
 3.830E+013  9.653E-011  8.392E+007  3.428E+007
 3.850E+013  9.884E-011  8.392E+007  3.446E+007
 3.870E+013  1.012E-010  8.392E+007  3.464E+007
 3.890E+013  1.036E-010  8.392E+007  3.482E+007
 3.910E+013  1.060E-010  8.393E+007  3.500E+007
 3.930E+013  1.085E-010  8.393E+007  3.518E+007
 3.950E+013  1.110E-010  8.393E+007  3.536E+007
 3.970E+013  1.136E-010  8.394E+007  3.554E+007
 3.990E+013  1.162E-010  8.394E+007  3.572E+007
 4.010E+013  1.188E-010  8.394E+007  3.590E+007
 4.030E+013  1.215E-010  8.395E+007  3.608E+007
 4.050E+013  1.243E-010  8.395E+007  3.626E+007
 4.070E+013  1.271E-010  8.396E+007  3.644E+007
 4.090E+013  1.300E-010  8.396E+007  3.662E+007
 4.110E+013  1.330E-010  8.396E+007  3.680E+007
 4.130E+013  1.360E-010  8.397E+007  3.698E+007
 4.150E+013  1.390E-010  8.397E+007  3.716E+007
 4.170E+013  1.422E-010  8.398E+007  3.734E+007
 4.190E+013  1.454E-010  8.398E+007  3.752E+007
 4.210E+013  1.486E-010  8.399E+007  3.770E+007
 4.230E+013  1.520E-010  8.399E+007  3.788E+007
 4.250E+013  1.554E-010  8.400E+007  3.806E+007
 4.270E+013  1.588E-010  8.400E+007  3.824E+007
 4.290E+013  1.624E-010  8.401E+007  3.842E+007
 4.310E+013  1.660E-010  8.401E+007  3.860E+007
 4.330E+013  1.697E-010  8.402E+007  3.878E+007
 4.350E+013  1.735E-010  8.402E+007  3.896E+007
 4.370E+013  1.774E-010  8.403E+007  3.914E+007
 4.390E+013  1.813E-010  8.403E+007  3.932E+007
 4.410E+013  1.853E-010  8.404E+007  3.950E+007
 4.430E+013  1.894E-010  8.405E+007  3.968E+007
 4.450E+013  1.936E-010  8.405E+007  3.987E+007
 4.470E+013  1.978E-010  8.406E+007  4.005E+007
 4.490E+013  2.021E-010  8.407E+007  4.023E+007
 4.510E+013  2.066E-010  8.407E+007  4.041E+007
 4.530E+013  2.111E-010  8.408E+007  4.059E+007
 4.550E+013  2.156E-010  8.409E+007  4.077E+007
 4.570E+013  2.203E-010  8.409E+007  4.095E+007
 4.590E+013  2.250E-010  8.410E+007  4.113E+007
 4.610E+013  2.298E-010  8.411E+007  4.131E+007
 4.630E+013  2.347E-010  8.412E+007  4.149E+007
 4.650E+013  2.397E-010  8.413E+007  4.167E+007
 4.670E+013  2.448E-010  8.413E+007  4.185E+007
 4.690E+013  2.499E-010  8.414E+007  4.203E+007
 4.710E+013  2.552E-010  8.415E+007  4.221E+007
 4.730E+013  2.605E-010  8.416E+007  4.239E+007
 4.750E+013  2.659E-010  8.417E+007  4.257E+007
 4.770E+013  2.714E-010  8.418E+007  4.276E+007
 4.790E+013  2.770E-010  8.419E+007  4.294E+007
 4.810E+013  2.827E-010  8.420E+007  4.312E+007
 4.830E+013  2.884E-010  8.421E+007  4.330E+007
 4.850E+013  2.943E-010  8.422E+007  4.348E+007
 4.870E+013  3.003E-010  8.423E+007  4.366E+007
 4.890E+013  3.063E-010  8.424E+007  4.384E+007
 4.910E+013  3.125E-010  8.426E+007  4.402E+007
 4.930E+013  3.187E-010  8.427E+007  4.420E+007
 4.950E+013  3.250E-010  8.428E+007  4.439E+007
 4.970E+013  3.315E-010  8.429E+007  4.457E+007
 4.990E+013  3.380E-010  8.430E+007  4.475E+007
 5.010E+013  3.447E-010  8.432E+007  4.493E+007
 5.030E+013  3.514E-010  8.433E+007  4.511E+007
 5.050E+013  3.583E-010  8.434E+007  4.529E+007
 5.070E+013  3.652E-010  8.436E+007  4.547E+007
 5.090E+013  3.723E-010  8.437E+007  4.566E+007
 5.110E+013  3.795E-010  8.439E+007  4.584E+007
 5.130E+013  3.867E-010  8.440E+007  4.602E+007
 5.150E+013  3.941E-010  8.442E+007  4.620E+007
 5.170E+013  4.016E-010  8.443E+007  4.638E+007
 5.190E+013  4.093E-010  8.445E+007  4.656E+007
 5.210E+013  4.170E-010  8.446E+007  4.675E+007
 5.230E+013  4.248E-010  8.448E+007  4.693E+007
 5.250E+013  4.328E-010  8.450E+007  4.711E+007
 5.270E+013  4.408E-010  8.452E+007  4.729E+007
 5.290E+013  4.490E-010  8.453E+007  4.748E+007
 5.310E+013  4.573E-010  8.455E+007  4.766E+007
 5.330E+013  4.657E-010  8.457E+007  4.784E+007
 5.350E+013  4.743E-010  8.459E+007  4.802E+007
 5.370E+013  4.829E-010  8.461E+007  4.821E+007
 5.390E+013  4.917E-010  8.463E+007  4.839E+007
 5.410E+013  5.006E-010  8.465E+007  4.857E+007
 5.430E+013  5.097E-010  8.467E+007  4.875E+007
 5.450E+013  5.188E-010  8.469E+007  4.894E+007
 5.470E+013  5.281E-010  8.471E+007  4.912E+007
 5.490E+013  5.375E-010  8.473E+007  4.930E+007
 5.510E+013  5.471E-010  8.476E+007  4.949E+007
 5.530E+013  5.567E-010  8.478E+007  4.967E+007
 5.550E+013  5.666E-010  8.480E+007  4.985E+007
 5.570E+013  5.765E-010  8.483E+007  5.004E+007
 5.590E+013  5.866E-010  8.485E+007  5.022E+007
 5.610E+013  5.968E-010  8.488E+007  5.041E+007
 5.630E+013  6.072E-010  8.490E+007  5.059E+007
 5.650E+013  6.178E-010  8.493E+007  5.077E+007
 5.670E+013  6.285E-010  8.496E+007  5.096E+007
 5.690E+013  6.393E-010  8.498E+007  5.114E+007
 5.710E+013  6.503E-010  8.501E+007  5.133E+007
 5.730E+013  6.615E-010  8.504E+007  5.151E+007
 5.750E+013  6.728E-010  8.507E+007  5.170E+007
 5.770E+013  6.843E-010  8.510E+007  5.188E+007
 5.790E+013  6.959E-010  8.513E+007  5.206E+007
 5.810E+013  7.077E-010  8.516E+007  5.225E+007
 5.830E+013  7.197E-010  8.519E+007  5.243E+007
 5.850E+013  7.319E-010  8.522E+007  5.262E+007
 5.870E+013  7.443E-010  8.526E+007  5.281E+007
 5.890E+013  7.568E-010  8.529E+007  5.299E+007
 5.910E+013  7.695E-010  8.532E+007  5.318E+007
 5.930E+013  7.825E-010  8.536E+007  5.336E+007
 5.950E+013  7.956E-010  8.539E+007  5.355E+007
 5.970E+013  8.089E-010  8.543E+007  5.373E+007
 5.990E+013  8.223E-010  8.547E+007  5.392E+007
 6.010E+013  8.360E-010  8.551E+007  5.411E+007
 6.030E+013  8.499E-010  8.555E+007  5.429E+007
 6.050E+013  8.640E-010  8.558E+007  5.448E+007
 6.070E+013  8.783E-010  8.562E+007  5.467E+007
 6.090E+013  8.928E-010  8.567E+007  5.485E+007
 6.110E+013  9.075E-010  8.571E+007  5.504E+007
 6.130E+013  9.224E-010  8.575E+007  5.523E+007
 6.150E+013  9.375E-010  8.579E+007  5.542E+007
 6.170E+013  9.529E-010  8.584E+007  5.560E+007
 6.190E+013  9.684E-010  8.588E+007  5.579E+007
 6.210E+013  9.842E-010  8.593E+007  5.598E+007
 6.230E+013  1.000E-009  8.598E+007  5.617E+007
 6.250E+013  1.016E-009  8.603E+007  5.636E+007
 6.270E+013  1.033E-009  8.607E+007  5.655E+007
 6.290E+013  1.050E-009  8.612E+007  5.674E+007
 6.310E+013  1.066E-009  8.618E+007  5.692E+007
 6.330E+013  1.084E-009  8.623E+007  5.711E+007
 6.350E+013  1.101E-009  8.628E+007  5.730E+007
 6.370E+013  1.119E-009  8.633E+007  5.749E+007
 6.390E+013  1.136E-009  8.639E+007  5.768E+007
 6.410E+013  1.155E-009  8.645E+007  5.787E+007
 6.430E+013  1.173E-009  8.650E+007  5.806E+007
 6.450E+013  1.192E-009  8.656E+007  5.826E+007
 6.470E+013  1.210E-009  8.662E+007  5.845E+007
 6.490E+013  1.229E-009  8.668E+007  5.864E+007
 6.510E+013  1.249E-009  8.674E+007  5.883E+007
 6.530E+013  1.268E-009  8.681E+007  5.902E+007
 6.550E+013  1.288E-009  8.687E+007  5.921E+007
 6.570E+013  1.308E-009  8.694E+007  5.941E+007
 6.590E+013  1.329E-009  8.700E+007  5.960E+007
 6.610E+013  1.349E-009  8.707E+007  5.979E+007
 6.630E+013  1.370E-009  8.714E+007  5.998E+007
 6.650E+013  1.392E-009  8.721E+007  6.018E+007
 6.670E+013  1.413E-009  8.728E+007  6.037E+007
 6.690E+013  1.435E-009  8.735E+007  6.056E+007
 6.710E+013  1.457E-009  8.743E+007  6.076E+007
 6.730E+013  1.479E-009  8.751E+007  6.095E+007
 6.750E+013  1.502E-009  8.758E+007  6.115E+007
 6.770E+013  1.525E-009  8.766E+007  6.134E+007
 6.790E+013  1.548E-009  8.774E+007  6.154E+007
 6.810E+013  1.572E-009  8.782E+007  6.173E+007
 6.830E+013  1.596E-009  8.791E+007  6.193E+007
 6.850E+013  1.620E-009  8.799E+007  6.213E+007
 6.870E+013  1.644E-009  8.808E+007  6.232E+007
 6.890E+013  1.669E-009  8.817E+007  6.252E+007
 6.910E+013  1.694E-009  8.826E+007  6.272E+007
 6.930E+013  1.720E-009  8.835E+007  6.292E+007
 6.950E+013  1.745E-009  8.844E+007  6.312E+007
 6.970E+013  1.772E-009  8.854E+007  6.331E+007
 6.990E+013  1.798E-009  8.863E+007  6.351E+007
 7.010E+013  1.825E-009  8.873E+007  6.371E+007
 7.030E+013  1.852E-009  8.883E+007  6.391E+007
 7.050E+013  1.880E-009  8.893E+007  6.411E+007
 7.070E+013  1.908E-009  8.904E+007  6.431E+007
 7.090E+013  1.936E-009  8.914E+007  6.451E+007
 7.110E+013  1.965E-009  8.925E+007  6.472E+007
 7.130E+013  1.994E-009  8.936E+007  6.492E+007
 7.150E+013  2.024E-009  8.947E+007  6.512E+007
 7.170E+013  2.053E-009  8.959E+007  6.532E+007
 7.190E+013  2.084E-009  8.970E+007  6.553E+007
 7.210E+013  2.114E-009  8.982E+007  6.573E+007
 7.230E+013  2.146E-009  8.994E+007  6.593E+007
 7.250E+013  2.177E-009  9.006E+007  6.614E+007
 7.270E+013  2.209E-009  9.019E+007  6.634E+007
 7.290E+013  2.242E-009  9.031E+007  6.655E+007
 7.310E+013  2.275E-009  9.044E+007  6.676E+007
 7.330E+013  2.308E-009  9.057E+007  6.696E+007
 7.350E+013  2.342E-009  9.071E+007  6.717E+007
 7.370E+013  2.376E-009  9.084E+007  6.738E+007
 7.390E+013  2.411E-009  9.098E+007  6.759E+007
 7.410E+013  2.446E-009  9.112E+007  6.779E+007
 7.430E+013  2.482E-009  9.127E+007  6.800E+007
 7.450E+013  2.518E-009  9.141E+007  6.821E+007
 7.470E+013  2.555E-009  9.156E+007  6.842E+007
 7.490E+013  2.592E-009  9.171E+007  6.863E+007
 7.510E+013  2.630E-009  9.187E+007  6.885E+007
 7.530E+013  2.668E-009  9.203E+007  6.906E+007
 7.550E+013  2.707E-009  9.219E+007  6.927E+007
 7.570E+013  2.746E-009  9.235E+007  6.948E+007
 7.590E+013  2.786E-009  9.251E+007  6.970E+007
 7.610E+013  2.826E-009  9.268E+007  6.991E+007
 7.630E+013  2.867E-009  9.286E+007  7.013E+007
 7.650E+013  2.909E-009  9.303E+007  7.034E+007
 7.670E+013  2.951E-009  9.321E+007  7.056E+007
 7.690E+013  2.994E-009  9.339E+007  7.078E+007
 7.710E+013  3.037E-009  9.357E+007  7.099E+007
 7.730E+013  3.081E-009  9.376E+007  7.121E+007
 7.750E+013  3.126E-009  9.395E+007  7.143E+007
 7.770E+013  3.171E-009  9.415E+007  7.165E+007
 7.790E+013  3.217E-009  9.435E+007  7.187E+007
 7.810E+013  3.264E-009  9.455E+007  7.209E+007
 7.830E+013  3.311E-009  9.475E+007  7.232E+007
 7.850E+013  3.359E-009  9.496E+007  7.254E+007
 7.870E+013  3.408E-009  9.518E+007  7.276E+007
 7.890E+013  3.457E-009  9.539E+007  7.299E+007
 7.910E+013  3.507E-009  9.561E+007  7.321E+007
 7.930E+013  3.558E-009  9.584E+007  7.344E+007
 7.950E+013  3.609E-009  9.607E+007  7.366E+007
 7.970E+013  3.662E-009  9.630E+007  7.389E+007
 7.990E+013  3.715E-009  9.654E+007  7.412E+007
 8.010E+013  3.768E-009  9.678E+007  7.435E+007
 8.030E+013  3.823E-009  9.702E+007  7.458E+007
 8.050E+013  3.878E-009  9.727E+007  7.481E+007
 8.070E+013  3.935E-009  9.753E+007  7.504E+007
 8.090E+013  3.992E-009  9.779E+007  7.527E+007
 8.110E+013  4.050E-009  9.805E+007  7.551E+007
 8.130E+013  4.109E-009  9.832E+007  7.574E+007
 8.150E+013  4.168E-009  9.860E+007  7.598E+007
 8.170E+013  4.229E-009  9.887E+007  7.621E+007
 8.190E+013  4.290E-009  9.916E+007  7.645E+007
 8.210E+013  4.353E-009  9.945E+007  7.669E+007
 8.230E+013  4.416E-009  9.974E+007  7.693E+007
 8.250E+013  4.481E-009  1.000E+008  7.717E+007
 8.270E+013  4.546E-009  1.003E+008  7.741E+007
 8.290E+013  4.613E-009  1.007E+008  7.765E+007
 8.310E+013  4.680E-009  1.010E+008  7.789E+007
 8.330E+013  4.749E-009  1.013E+008  7.814E+007
 8.350E+013  4.819E-009  1.016E+008  7.838E+007
 8.370E+013  4.889E-009  1.020E+008  7.863E+007
 8.390E+013  4.961E-009  1.023E+008  7.887E+007
 8.410E+013  5.034E-009  1.026E+008  7.912E+007
 8.430E+013  5.108E-009  1.030E+008  7.937E+007
 8.450E+013  5.184E-009  1.034E+008  7.962E+007
 8.470E+013  5.260E-009  1.037E+008  7.987E+007
 8.490E+013  5.338E-009  1.041E+008  8.013E+007
 8.510E+013  5.418E-009  1.045E+008  8.038E+007
 8.530E+013  5.498E-009  1.049E+008  8.064E+007
 8.550E+013  5.580E-009  1.053E+008  8.089E+007
 8.570E+013  5.663E-009  1.057E+008  8.115E+007
 8.590E+013  5.748E-009  1.061E+008  8.141E+007
 8.610E+013  5.833E-009  1.065E+008  8.167E+007
 8.630E+013  5.921E-009  1.069E+008  8.193E+007
 8.650E+013  6.010E-009  1.073E+008  8.219E+007
 8.670E+013  6.100E-009  1.078E+008  8.246E+007
 8.690E+013  6.192E-009  1.082E+008  8.272E+007
 8.710E+013  6.286E-009  1.087E+008  8.299E+007
 8.730E+013  6.381E-009  1.092E+008  8.325E+007
 8.750E+013  6.477E-009  1.096E+008  8.352E+007
 8.770E+013  6.576E-009  1.101E+008  8.379E+007
 8.790E+013  6.676E-009  1.106E+008  8.406E+007
 8.810E+013  6.778E-009  1.111E+008  8.434E+007
 8.830E+013  6.882E-009  1.116E+008  8.461E+007
 8.850E+013  6.987E-009  1.121E+008  8.489E+007
 8.870E+013  7.095E-009  1.127E+008  8.516E+007
 8.890E+013  7.204E-009  1.132E+008  8.544E+007
 8.910E+013  7.315E-009  1.138E+008  8.572E+007
 8.930E+013  7.429E-009  1.143E+008  8.600E+007
 8.950E+013  7.544E-009  1.149E+008  8.629E+007
 8.970E+013  7.661E-009  1.155E+008  8.657E+007
 8.990E+013  7.781E-009  1.161E+008  8.686E+007
 9.010E+013  7.903E-009  1.167E+008  8.714E+007
 9.030E+013  8.027E-009  1.173E+008  8.743E+007
 9.050E+013  8.153E-009  1.180E+008  8.772E+007
 9.070E+013  8.282E-009  1.186E+008  8.802E+007
 9.090E+013  8.413E-009  1.193E+008  8.831E+007
 9.110E+013  8.547E-009  1.199E+008  8.860E+007
 9.130E+013  8.683E-009  1.206E+008  8.890E+007
 9.150E+013  8.822E-009  1.213E+008  8.920E+007
 9.170E+013  8.964E-009  1.220E+008  8.950E+007
 9.190E+013  9.108E-009  1.227E+008  8.980E+007
 9.210E+013  9.255E-009  1.235E+008  9.010E+007
 9.230E+013  9.405E-009  1.242E+008  9.041E+007
 9.250E+013  9.558E-009  1.250E+008  9.071E+007
 9.270E+013  9.714E-009  1.258E+008  9.102E+007
 9.290E+013  9.873E-009  1.266E+008  9.133E+007
 9.310E+013  1.004E-008  1.274E+008  9.164E+007
 9.330E+013  1.020E-008  1.282E+008  9.196E+007
 9.350E+013  1.037E-008  1.291E+008  9.227E+007
 9.370E+013  1.054E-008  1.300E+008  9.259E+007
 9.390E+013  1.072E-008  1.309E+008  9.291E+007
 9.410E+013  1.090E-008  1.318E+008  9.323E+007
 9.430E+013  1.108E-008  1.327E+008  9.355E+007
 9.450E+013  1.127E-008  1.336E+008  9.387E+007
 9.470E+013  1.146E-008  1.346E+008  9.420E+007
 9.490E+013  1.165E-008  1.356E+008  9.453E+007
 9.510E+013  1.185E-008  1.366E+008  9.486E+007
 9.530E+013  1.206E-008  1.376E+008  9.519E+007
 9.550E+013  1.227E-008  1.386E+008  9.552E+007
 9.570E+013  1.248E-008  1.397E+008  9.585E+007
 9.590E+013  1.269E-008  1.408E+008  9.619E+007
 9.610E+013  1.292E-008  1.419E+008  9.653E+007
 9.630E+013  1.314E-008  1.431E+008  9.687E+007
 9.650E+013  1.337E-008  1.442E+008  9.721E+007
 9.670E+013  1.361E-008  1.454E+008  9.756E+007
 9.690E+013  1.385E-008  1.466E+008  9.790E+007
 9.710E+013  1.410E-008  1.479E+008  9.825E+007
 9.730E+013  1.435E-008  1.491E+008  9.860E+007
 9.750E+013  1.461E-008  1.504E+008  9.895E+007
 9.770E+013  1.488E-008  1.517E+008  9.931E+007
 9.790E+013  1.515E-008  1.531E+008  9.966E+007
 9.810E+013  1.543E-008  1.545E+008  1.000E+008
 9.830E+013  1.571E-008  1.559E+008  1.004E+008
 9.850E+013  1.600E-008  1.573E+008  1.007E+008
 9.870E+013  1.630E-008  1.588E+008  1.011E+008
 9.890E+013  1.660E-008  1.603E+008  1.015E+008
 9.910E+013  1.691E-008  1.617E+008  1.018E+008
 9.930E+013  1.721E-008  1.630E+008  1.023E+008
 9.950E+013  1.758E-008  1.651E+008  1.027E+008
 9.970E+013  1.800E-008  1.685E+008  1.026E+008
 9.990E+013  1.866E-008  1.729E+008  1.021E+008
 1.001E+014  1.000E-099  1.000E-099  1.021E+008
 1.003E+014  1.000E-099  1.000E-099  1.021E+008
 8.562E-003
