 1.080E+005
     x1b        dens       energ       v1
 1.000E+011  2.063E-012  2.541E+008  0.000E+000
 3.000E+011  2.064E-012  2.541E+008  4.972E+005
 5.000E+011  2.067E-012  2.541E+008  8.763E+005
 7.000E+011  2.073E-012  2.541E+008  1.353E+006
 9.000E+011  2.084E-012  2.541E+008  1.787E+006
 1.100E+012  2.098E-012  2.541E+008  2.242E+006
 1.300E+012  2.117E-012  2.541E+008  2.686E+006
 1.500E+012  2.141E-012  2.541E+008  3.136E+006
 1.700E+012  2.168E-012  2.541E+008  3.583E+006
 1.900E+012  2.198E-012  2.541E+008  4.032E+006
 2.100E+012  2.230E-012  2.541E+008  4.480E+006
 2.300E+012  2.263E-012  2.541E+008  4.928E+006
 2.500E+012  2.297E-012  2.541E+008  5.376E+006
 2.700E+012  2.332E-012  2.541E+008  5.824E+006
 2.900E+012  2.366E-012  2.541E+008  6.272E+006
 3.100E+012  2.401E-012  2.541E+008  6.720E+006
 3.300E+012  2.434E-012  2.541E+008  7.168E+006
 3.500E+012  2.465E-012  2.541E+008  7.616E+006
 3.700E+012  2.493E-012  2.541E+008  8.063E+006
 3.900E+012  2.515E-012  2.541E+008  8.511E+006
 4.100E+012  2.528E-012  2.541E+008  8.959E+006
 4.300E+012  2.534E-012  2.541E+008  9.407E+006
 4.500E+012  2.535E-012  2.541E+008  9.855E+006
 4.700E+012  2.535E-012  2.541E+008  1.030E+007
 4.900E+012  2.535E-012  2.541E+008  1.075E+007
 5.100E+012  2.535E-012  2.541E+008  1.120E+007
 5.300E+012  2.534E-012  2.541E+008  1.165E+007
 5.500E+012  2.534E-012  2.541E+008  1.209E+007
 5.700E+012  2.533E-012  2.541E+008  1.254E+007
 5.900E+012  2.532E-012  2.541E+008  1.299E+007
 6.100E+012  2.530E-012  2.541E+008  1.344E+007
 6.300E+012  2.528E-012  2.541E+008  1.389E+007
 6.500E+012  2.525E-012  2.541E+008  1.433E+007
 6.700E+012  2.523E-012  2.541E+008  1.478E+007
 6.900E+012  2.522E-012  2.541E+008  1.523E+007
 7.100E+012  2.521E-012  2.541E+008  1.568E+007
 7.300E+012  2.521E-012  2.541E+008  1.613E+007
 7.500E+012  2.521E-012  2.541E+008  1.657E+007
 7.700E+012  2.522E-012  2.541E+008  1.702E+007
 7.900E+012  2.522E-012  2.541E+008  1.747E+007
 8.100E+012  2.523E-012  2.541E+008  1.792E+007
 8.300E+012  2.525E-012  2.541E+008  1.837E+007
 8.500E+012  2.527E-012  2.541E+008  1.881E+007
 8.700E+012  2.530E-012  2.541E+008  1.926E+007
 8.900E+012  2.535E-012  2.541E+008  1.971E+007
 9.100E+012  2.541E-012  2.541E+008  2.016E+007
 9.300E+012  2.548E-012  2.541E+008  2.061E+007
 9.500E+012  2.557E-012  2.541E+008  2.105E+007
 9.700E+012  2.569E-012  2.541E+008  2.150E+007
 9.900E+012  2.583E-012  2.541E+008  2.195E+007
 1.010E+013  2.599E-012  2.541E+008  2.240E+007
 1.030E+013  2.619E-012  2.541E+008  2.285E+007
 1.050E+013  2.642E-012  2.541E+008  2.329E+007
 1.070E+013  2.669E-012  2.541E+008  2.374E+007
 1.090E+013  2.700E-012  2.541E+008  2.419E+007
 1.110E+013  2.736E-012  2.541E+008  2.464E+007
 1.130E+013  2.777E-012  2.541E+008  2.509E+007
 1.150E+013  2.823E-012  2.541E+008  2.553E+007
 1.170E+013  2.875E-012  2.541E+008  2.598E+007
 1.190E+013  2.934E-012  2.541E+008  2.643E+007
 1.210E+013  3.000E-012  2.541E+008  2.688E+007
 1.230E+013  3.074E-012  2.541E+008  2.733E+007
 1.250E+013  3.157E-012  2.541E+008  2.778E+007
 1.270E+013  3.250E-012  2.541E+008  2.822E+007
 1.290E+013  3.353E-012  2.541E+008  2.867E+007
 1.310E+013  3.468E-012  2.541E+008  2.912E+007
 1.330E+013  3.596E-012  2.541E+008  2.957E+007
 1.350E+013  3.738E-012  2.541E+008  3.002E+007
 1.370E+013  3.895E-012  2.541E+008  3.047E+007
 1.390E+013  4.070E-012  2.541E+008  3.092E+007
 1.410E+013  4.263E-012  2.541E+008  3.137E+007
 1.430E+013  4.478E-012  2.541E+008  3.182E+007
 1.450E+013  4.715E-012  2.541E+008  3.227E+007
 1.470E+013  4.976E-012  2.541E+008  3.272E+007
 1.490E+013  5.265E-012  2.541E+008  3.316E+007
 1.510E+013  5.584E-012  2.541E+008  3.361E+007
 1.530E+013  5.935E-012  2.541E+008  3.406E+007
 1.550E+013  6.322E-012  2.541E+008  3.451E+007
 1.570E+013  6.746E-012  2.541E+008  3.496E+007
 1.590E+013  7.211E-012  2.541E+008  3.541E+007
 1.610E+013  7.720E-012  2.541E+008  3.586E+007
 1.630E+013  8.276E-012  2.541E+008  3.631E+007
 1.650E+013  8.881E-012  2.541E+008  3.676E+007
 1.670E+013  9.537E-012  2.541E+008  3.721E+007
 1.690E+013  1.025E-011  2.541E+008  3.766E+007
 1.710E+013  1.101E-011  2.541E+008  3.811E+007
 1.730E+013  1.184E-011  2.541E+008  3.856E+007
 1.750E+013  1.272E-011  2.541E+008  3.900E+007
 1.770E+013  1.365E-011  2.541E+008  3.945E+007
 1.790E+013  1.465E-011  2.541E+008  3.990E+007
 1.810E+013  1.570E-011  2.541E+008  4.035E+007
 1.830E+013  1.680E-011  2.541E+008  4.079E+007
 1.850E+013  1.795E-011  2.541E+008  4.124E+007
 1.870E+013  1.915E-011  2.542E+008  4.169E+007
 1.890E+013  2.039E-011  2.542E+008  4.214E+007
 1.910E+013  2.167E-011  2.542E+008  4.258E+007
 1.930E+013  2.299E-011  2.542E+008  4.303E+007
 1.950E+013  2.434E-011  2.542E+008  4.348E+007
 1.970E+013  2.571E-011  2.542E+008  4.392E+007
 1.990E+013  2.712E-011  2.542E+008  4.437E+007
 2.010E+013  2.854E-011  2.542E+008  4.482E+007
 2.030E+013  2.998E-011  2.542E+008  4.526E+007
 2.050E+013  3.144E-011  2.542E+008  4.571E+007
 2.070E+013  3.292E-011  2.542E+008  4.616E+007
 2.090E+013  3.442E-011  2.542E+008  4.660E+007
 2.110E+013  3.594E-011  2.542E+008  4.705E+007
 2.130E+013  3.747E-011  2.542E+008  4.750E+007
 2.150E+013  3.903E-011  2.542E+008  4.795E+007
 2.170E+013  4.061E-011  2.542E+008  4.839E+007
 2.190E+013  4.221E-011  2.542E+008  4.884E+007
 2.210E+013  4.385E-011  2.542E+008  4.929E+007
 2.230E+013  4.551E-011  2.542E+008  4.974E+007
 2.250E+013  4.721E-011  2.542E+008  5.019E+007
 2.270E+013  4.895E-011  2.542E+008  5.063E+007
 2.290E+013  5.073E-011  2.542E+008  5.108E+007
 2.310E+013  5.256E-011  2.542E+008  5.153E+007
 2.330E+013  5.444E-011  2.542E+008  5.198E+007
 2.350E+013  5.637E-011  2.542E+008  5.243E+007
 2.370E+013  5.837E-011  2.542E+008  5.288E+007
 2.390E+013  6.042E-011  2.543E+008  5.332E+007
 2.410E+013  6.255E-011  2.543E+008  5.377E+007
 2.430E+013  6.475E-011  2.543E+008  5.422E+007
 2.450E+013  6.703E-011  2.543E+008  5.467E+007
 2.470E+013  6.938E-011  2.543E+008  5.512E+007
 2.490E+013  7.183E-011  2.543E+008  5.557E+007
 2.510E+013  7.436E-011  2.543E+008  5.601E+007
 2.530E+013  7.699E-011  2.543E+008  5.646E+007
 2.550E+013  7.972E-011  2.543E+008  5.691E+007
 2.570E+013  8.255E-011  2.543E+008  5.736E+007
 2.590E+013  8.548E-011  2.543E+008  5.781E+007
 2.610E+013  8.852E-011  2.543E+008  5.826E+007
 2.630E+013  9.166E-011  2.544E+008  5.871E+007
 2.650E+013  9.492E-011  2.544E+008  5.916E+007
 2.670E+013  9.829E-011  2.544E+008  5.961E+007
 2.690E+013  1.018E-010  2.544E+008  6.005E+007
 2.710E+013  1.054E-010  2.544E+008  6.050E+007
 2.730E+013  1.091E-010  2.544E+008  6.095E+007
 2.750E+013  1.129E-010  2.544E+008  6.140E+007
 2.770E+013  1.168E-010  2.545E+008  6.185E+007
 2.790E+013  1.209E-010  2.545E+008  6.230E+007
 2.810E+013  1.250E-010  2.545E+008  6.275E+007
 2.830E+013  1.293E-010  2.545E+008  6.320E+007
 2.850E+013  1.337E-010  2.545E+008  6.365E+007
 2.870E+013  1.381E-010  2.545E+008  6.410E+007
 2.890E+013  1.427E-010  2.546E+008  6.454E+007
 2.910E+013  1.474E-010  2.546E+008  6.499E+007
 2.930E+013  1.522E-010  2.546E+008  6.544E+007
 2.950E+013  1.571E-010  2.546E+008  6.589E+007
 2.970E+013  1.620E-010  2.546E+008  6.634E+007
 2.990E+013  1.671E-010  2.547E+008  6.679E+007
 3.010E+013  1.723E-010  2.547E+008  6.724E+007
 3.030E+013  1.776E-010  2.547E+008  6.769E+007
 3.050E+013  1.830E-010  2.547E+008  6.814E+007
 3.070E+013  1.886E-010  2.548E+008  6.859E+007
 3.090E+013  1.942E-010  2.548E+008  6.904E+007
 3.110E+013  2.000E-010  2.548E+008  6.949E+007
 3.130E+013  2.059E-010  2.549E+008  6.994E+007
 3.150E+013  2.119E-010  2.549E+008  7.039E+007
 3.170E+013  2.181E-010  2.549E+008  7.084E+007
 3.190E+013  2.244E-010  2.549E+008  7.129E+007
 3.210E+013  2.308E-010  2.550E+008  7.174E+007
 3.230E+013  2.375E-010  2.550E+008  7.220E+007
 3.250E+013  2.442E-010  2.551E+008  7.265E+007
 3.270E+013  2.512E-010  2.551E+008  7.310E+007
 3.290E+013  2.583E-010  2.551E+008  7.355E+007
 3.310E+013  2.657E-010  2.552E+008  7.400E+007
 3.330E+013  2.732E-010  2.552E+008  7.445E+007
 3.350E+013  2.809E-010  2.553E+008  7.490E+007
 3.370E+013  2.889E-010  2.553E+008  7.536E+007
 3.390E+013  2.970E-010  2.554E+008  7.581E+007
 3.410E+013  3.054E-010  2.554E+008  7.626E+007
 3.430E+013  3.140E-010  2.554E+008  7.671E+007
 3.450E+013  3.228E-010  2.555E+008  7.717E+007
 3.470E+013  3.318E-010  2.556E+008  7.762E+007
 3.490E+013  3.411E-010  2.556E+008  7.807E+007
 3.510E+013  3.507E-010  2.557E+008  7.853E+007
 3.530E+013  3.604E-010  2.557E+008  7.898E+007
 3.550E+013  3.704E-010  2.558E+008  7.943E+007
 3.570E+013  3.807E-010  2.559E+008  7.989E+007
 3.590E+013  3.912E-010  2.559E+008  8.034E+007
 3.610E+013  4.019E-010  2.560E+008  8.079E+007
 3.630E+013  4.129E-010  2.561E+008  8.125E+007
 3.650E+013  4.242E-010  2.561E+008  8.170E+007
 3.670E+013  4.357E-010  2.562E+008  8.216E+007
 3.690E+013  4.475E-010  2.563E+008  8.261E+007
 3.710E+013  4.595E-010  2.564E+008  8.307E+007
 3.730E+013  4.718E-010  2.564E+008  8.353E+007
 3.750E+013  4.843E-010  2.565E+008  8.398E+007
 3.770E+013  4.971E-010  2.566E+008  8.444E+007
 3.790E+013  5.102E-010  2.567E+008  8.490E+007
 3.810E+013  5.236E-010  2.568E+008  8.535E+007
 3.830E+013  5.372E-010  2.569E+008  8.581E+007
 3.850E+013  5.511E-010  2.570E+008  8.627E+007
 3.870E+013  5.653E-010  2.571E+008  8.673E+007
 3.890E+013  5.798E-010  2.572E+008  8.718E+007
 3.910E+013  5.946E-010  2.573E+008  8.764E+007
 3.930E+013  6.097E-010  2.574E+008  8.810E+007
 3.950E+013  6.251E-010  2.575E+008  8.856E+007
 3.970E+013  6.408E-010  2.577E+008  8.902E+007
 3.990E+013  6.569E-010  2.578E+008  8.948E+007
 4.010E+013  6.732E-010  2.579E+008  8.994E+007
 4.030E+013  6.899E-010  2.580E+008  9.040E+007
 4.050E+013  7.069E-010  2.582E+008  9.087E+007
 4.070E+013  7.243E-010  2.583E+008  9.133E+007
 4.090E+013  7.420E-010  2.584E+008  9.179E+007
 4.110E+013  7.601E-010  2.586E+008  9.225E+007
 4.130E+013  7.785E-010  2.587E+008  9.272E+007
 4.150E+013  7.973E-010  2.589E+008  9.318E+007
 4.170E+013  8.164E-010  2.591E+008  9.365E+007
 4.190E+013  8.359E-010  2.592E+008  9.411E+007
 4.210E+013  8.558E-010  2.594E+008  9.458E+007
 4.230E+013  8.760E-010  2.596E+008  9.504E+007
 4.250E+013  8.966E-010  2.597E+008  9.551E+007
 4.270E+013  9.177E-010  2.599E+008  9.598E+007
 4.290E+013  9.391E-010  2.601E+008  9.645E+007
 4.310E+013  9.609E-010  2.603E+008  9.692E+007
 4.330E+013  9.831E-010  2.605E+008  9.739E+007
 4.350E+013  1.006E-009  2.607E+008  9.786E+007
 4.370E+013  1.029E-009  2.609E+008  9.833E+007
 4.390E+013  1.052E-009  2.611E+008  9.880E+007
 4.410E+013  1.076E-009  2.614E+008  9.927E+007
 4.430E+013  1.100E-009  2.616E+008  9.975E+007
 4.450E+013  1.125E-009  2.618E+008  1.002E+008
 4.470E+013  1.151E-009  2.621E+008  1.007E+008
 4.490E+013  1.176E-009  2.623E+008  1.012E+008
 4.510E+013  1.203E-009  2.626E+008  1.016E+008
 4.530E+013  1.229E-009  2.628E+008  1.021E+008
 4.550E+013  1.257E-009  2.631E+008  1.026E+008
 4.570E+013  1.285E-009  2.634E+008  1.031E+008
 4.590E+013  1.313E-009  2.637E+008  1.036E+008
 4.610E+013  1.342E-009  2.640E+008  1.040E+008
 4.630E+013  1.371E-009  2.643E+008  1.045E+008
 4.650E+013  1.401E-009  2.646E+008  1.050E+008
 4.670E+013  1.432E-009  2.649E+008  1.055E+008
 4.690E+013  1.463E-009  2.652E+008  1.060E+008
 4.710E+013  1.495E-009  2.656E+008  1.065E+008
 4.730E+013  1.528E-009  2.659E+008  1.070E+008
 4.750E+013  1.561E-009  2.663E+008  1.074E+008
 4.770E+013  1.595E-009  2.666E+008  1.079E+008
 4.790E+013  1.630E-009  2.670E+008  1.084E+008
 4.810E+013  1.665E-009  2.674E+008  1.089E+008
 4.830E+013  1.701E-009  2.678E+008  1.094E+008
 4.850E+013  1.738E-009  2.682E+008  1.099E+008
 4.870E+013  1.775E-009  2.686E+008  1.104E+008
 4.890E+013  1.813E-009  2.690E+008  1.109E+008
 4.910E+013  1.852E-009  2.694E+008  1.114E+008
 4.930E+013  1.892E-009  2.699E+008  1.119E+008
 4.950E+013  1.933E-009  2.704E+008  1.124E+008
 4.970E+013  1.974E-009  2.708E+008  1.129E+008
 4.990E+013  2.016E-009  2.713E+008  1.134E+008
 5.010E+013  2.059E-009  2.718E+008  1.139E+008
 5.030E+013  2.103E-009  2.723E+008  1.144E+008
 5.050E+013  2.148E-009  2.728E+008  1.149E+008
 5.070E+013  2.193E-009  2.734E+008  1.154E+008
 5.090E+013  2.240E-009  2.739E+008  1.160E+008
 5.110E+013  2.287E-009  2.745E+008  1.165E+008
 5.130E+013  2.335E-009  2.751E+008  1.170E+008
 5.150E+013  2.385E-009  2.757E+008  1.175E+008
 5.170E+013  2.435E-009  2.763E+008  1.180E+008
 5.190E+013  2.486E-009  2.769E+008  1.186E+008
 5.210E+013  2.538E-009  2.775E+008  1.191E+008
 5.230E+013  2.592E-009  2.782E+008  1.196E+008
 5.250E+013  2.646E-009  2.789E+008  1.201E+008
 5.270E+013  2.701E-009  2.796E+008  1.207E+008
 5.290E+013  2.758E-009  2.803E+008  1.212E+008
 5.310E+013  2.815E-009  2.810E+008  1.217E+008
 5.330E+013  2.874E-009  2.818E+008  1.223E+008
 5.350E+013  2.934E-009  2.825E+008  1.228E+008
 5.370E+013  2.995E-009  2.833E+008  1.234E+008
 5.390E+013  3.057E-009  2.841E+008  1.239E+008
 5.410E+013  3.121E-009  2.850E+008  1.244E+008
 5.430E+013  3.186E-009  2.858E+008  1.250E+008
 5.450E+013  3.252E-009  2.867E+008  1.255E+008
 5.470E+013  3.320E-009  2.876E+008  1.261E+008
 5.490E+013  3.389E-009  2.885E+008  1.267E+008
 5.510E+013  3.459E-009  2.894E+008  1.272E+008
 5.530E+013  3.531E-009  2.904E+008  1.278E+008
 5.550E+013  3.604E-009  2.914E+008  1.283E+008
 5.570E+013  3.679E-009  2.924E+008  1.289E+008
 5.590E+013  3.755E-009  2.935E+008  1.295E+008
 5.610E+013  3.833E-009  2.945E+008  1.301E+008
 5.630E+013  3.913E-009  2.956E+008  1.306E+008
 5.650E+013  3.994E-009  2.968E+008  1.312E+008
 5.670E+013  4.078E-009  2.979E+008  1.318E+008
 5.690E+013  4.163E-009  2.991E+008  1.324E+008
 5.710E+013  4.249E-009  3.003E+008  1.330E+008
 5.730E+013  4.338E-009  3.016E+008  1.336E+008
 5.750E+013  4.429E-009  3.029E+008  1.342E+008
 5.770E+013  4.522E-009  3.042E+008  1.348E+008
 5.790E+013  4.616E-009  3.055E+008  1.354E+008
 5.810E+013  4.713E-009  3.069E+008  1.360E+008
 5.830E+013  4.813E-009  3.083E+008  1.366E+008
 5.850E+013  4.914E-009  3.098E+008  1.372E+008
 5.870E+013  5.018E-009  3.113E+008  1.378E+008
 5.890E+013  5.124E-009  3.128E+008  1.385E+008
 5.910E+013  5.233E-009  3.144E+008  1.391E+008
 5.930E+013  5.344E-009  3.160E+008  1.397E+008
 5.950E+013  5.458E-009  3.177E+008  1.403E+008
 5.970E+013  5.574E-009  3.194E+008  1.410E+008
 5.990E+013  5.694E-009  3.212E+008  1.416E+008
 6.010E+013  5.816E-009  3.230E+008  1.423E+008
 6.030E+013  5.941E-009  3.248E+008  1.429E+008
 6.050E+013  6.069E-009  3.267E+008  1.436E+008
 6.070E+013  6.201E-009  3.287E+008  1.443E+008
 6.090E+013  6.335E-009  3.307E+008  1.449E+008
 6.110E+013  6.473E-009  3.328E+008  1.456E+008
 6.130E+013  6.614E-009  3.349E+008  1.463E+008
 6.150E+013  6.759E-009  3.371E+008  1.469E+008
 6.170E+013  6.908E-009  3.393E+008  1.476E+008
 6.190E+013  7.060E-009  3.416E+008  1.483E+008
 6.210E+013  7.216E-009  3.439E+008  1.490E+008
 6.230E+013  7.376E-009  3.464E+008  1.497E+008
 6.250E+013  7.541E-009  3.489E+008  1.504E+008
 6.270E+013  7.709E-009  3.514E+008  1.511E+008
 6.290E+013  7.882E-009  3.541E+008  1.519E+008
 6.310E+013  8.060E-009  3.568E+008  1.526E+008
 6.330E+013  8.243E-009  3.596E+008  1.533E+008
 6.350E+013  8.430E-009  3.624E+008  1.540E+008
 6.370E+013  8.623E-009  3.654E+008  1.548E+008
 6.390E+013  8.821E-009  3.684E+008  1.555E+008
 6.410E+013  9.024E-009  3.715E+008  1.563E+008
 6.430E+013  9.233E-009  3.747E+008  1.570E+008
 6.450E+013  9.448E-009  3.780E+008  1.578E+008
 6.470E+013  9.669E-009  3.814E+008  1.586E+008
 6.490E+013  9.897E-009  3.849E+008  1.593E+008
 6.510E+013  1.013E-008  3.885E+008  1.601E+008
 6.530E+013  1.037E-008  3.922E+008  1.609E+008
 6.550E+013  1.062E-008  3.960E+008  1.617E+008
 6.570E+013  1.087E-008  4.000E+008  1.625E+008
 6.590E+013  1.114E-008  4.040E+008  1.633E+008
 6.610E+013  1.141E-008  4.082E+008  1.641E+008
 6.630E+013  1.169E-008  4.124E+008  1.649E+008
 6.650E+013  1.198E-008  4.169E+008  1.658E+008
 6.670E+013  1.227E-008  4.214E+008  1.666E+008
 6.690E+013  1.258E-008  4.261E+008  1.674E+008
 6.710E+013  1.289E-008  4.309E+008  1.683E+008
 6.730E+013  1.322E-008  4.359E+008  1.691E+008
 6.750E+013  1.356E-008  4.410E+008  1.700E+008
 6.770E+013  1.390E-008  4.463E+008  1.708E+008
 6.790E+013  1.426E-008  4.518E+008  1.717E+008
 6.810E+013  1.463E-008  4.574E+008  1.726E+008
 6.830E+013  1.501E-008  4.632E+008  1.735E+008
 6.850E+013  1.541E-008  4.692E+008  1.744E+008
 6.870E+013  1.582E-008  4.753E+008  1.753E+008
 6.890E+013  1.624E-008  4.817E+008  1.762E+008
 6.910E+013  1.668E-008  4.883E+008  1.771E+008
 6.930E+013  1.713E-008  4.951E+008  1.780E+008
 6.950E+013  1.760E-008  5.021E+008  1.789E+008
 6.970E+013  1.808E-008  5.093E+008  1.799E+008
 6.990E+013  1.859E-008  5.168E+008  1.808E+008
 7.010E+013  1.910E-008  5.245E+008  1.818E+008
 7.030E+013  1.964E-008  5.325E+008  1.827E+008
 7.050E+013  2.020E-008  5.408E+008  1.837E+008
 7.070E+013  2.078E-008  5.493E+008  1.846E+008
 7.090E+013  2.138E-008  5.581E+008  1.856E+008
 7.110E+013  2.200E-008  5.672E+008  1.866E+008
 7.130E+013  2.265E-008  5.766E+008  1.876E+008
 7.150E+013  2.332E-008  5.864E+008  1.886E+008
 7.170E+013  2.402E-008  5.964E+008  1.896E+008
 7.190E+013  2.474E-008  6.069E+008  1.906E+008
 7.210E+013  2.549E-008  6.177E+008  1.916E+008
 7.230E+013  2.628E-008  6.288E+008  1.926E+008
 7.250E+013  2.709E-008  6.404E+008  1.937E+008
 7.270E+013  2.794E-008  6.524E+008  1.947E+008
 7.290E+013  2.882E-008  6.648E+008  1.958E+008
 7.310E+013  2.973E-008  6.777E+008  1.968E+008
 7.330E+013  3.069E-008  6.910E+008  1.979E+008
 7.350E+013  3.168E-008  7.048E+008  1.989E+008
 7.370E+013  3.272E-008  7.191E+008  2.000E+008
 7.390E+013  3.381E-008  7.344E+008  2.011E+008
 7.410E+013  3.493E-008  7.498E+008  2.022E+008
 7.430E+013  3.604E-008  7.635E+008  2.031E+008
 7.450E+013  3.735E-008  7.839E+008  2.041E+008
 7.470E+013  3.888E-008  8.124E+008  2.063E+008
 7.490E+013  3.924E-008  8.048E+008  2.075E+008
 7.510E+013  3.628E-008  6.722E+008  2.026E+008
 7.530E+013  2.508E-008  3.147E+008  1.775E+008
 7.550E+013  1.462E-008  5.368E+007  1.196E+008
 7.570E+013  1.080E-008  1.455E+006  4.465E+007
 7.590E+013  1.003E-008  4.510E+002  3.855E+006
 7.610E+013  1.000E-008  6.236E+001  1.297E+004
 7.630E+013  1.000E-008  6.236E+001  6.494E-002
 7.650E+013  1.000E-008  6.236E+001  1.868E-011
 7.670E+013  1.000E-008  6.236E+001  7.674E-013
 7.690E+013  1.000E-008  6.236E+001 -7.674E-013
 7.710E+013  1.000E-008  6.236E+001  1.151E-012
 7.730E+013  1.000E-008  6.236E+001 -1.151E-012
 7.750E+013  1.000E-008  6.236E+001  1.570E-032
 7.770E+013  1.000E-008  6.236E+001  7.674E-013
 7.790E+013  1.000E-008  6.236E+001 -2.302E-012
 7.810E+013  1.000E-008  6.236E+001  2.302E-012
 7.830E+013  1.000E-008  6.236E+001 -7.674E-013
 7.850E+013  1.000E-008  6.236E+001 -4.779E-070
 7.870E+013  1.000E-008  6.236E+001 -5.566E-032
 7.890E+013  1.000E-008  6.236E+001 -3.837E-013
 7.910E+013  1.000E-008  6.236E+001 -1.918E-012
 7.930E+013  1.000E-008  6.236E+001  1.151E-012
 7.950E+013  1.000E-008  6.236E+001  1.151E-012
 7.970E+013  1.000E-008  6.236E+001 -1.535E-012
 7.990E+013  1.000E-008  6.236E+001  1.535E-012
 8.010E+013  1.000E-008  6.236E+001  1.060E-030
 8.030E+013  1.000E-008  6.236E+001  1.732E-067
 8.050E+013  1.000E-008  6.236E+001  2.158E-141
 8.070E+013  1.000E-008  6.236E+001 -1.748E-282
 8.090E+013  1.000E-008  6.236E+001 -7.087E-138
 8.110E+013  1.000E-008  6.236E+001 -9.924E-066
 8.130E+013  1.000E-008  6.236E+001 -8.021E-030
 8.150E+013  1.000E-008  6.236E+001 -4.221E-012
 8.170E+013  1.000E-008  6.236E+001  5.372E-012
 8.190E+013  1.000E-008  6.236E+001 -1.151E-012
 8.210E+013  1.000E-008  6.236E+001  0.000E+000
 8.230E+013  1.000E-008  6.236E+001  0.000E+000
 8.250E+013  1.000E-008  6.236E+001  0.000E+000
 8.270E+013  1.000E-008  6.236E+001  0.000E+000
 8.290E+013  1.000E-008  6.236E+001  1.535E-012
 8.310E+013  1.000E-008  6.236E+001 -1.535E-012
 8.330E+013  1.000E-008  6.236E+001 -6.437E-032
 8.350E+013  1.000E-008  6.236E+001  2.302E-012
 8.370E+013  1.000E-008  6.236E+001 -1.918E-012
 8.390E+013  1.000E-008  6.236E+001 -6.629E-032
 8.410E+013  1.000E-008  6.236E+001 -3.837E-013
 8.430E+013  1.000E-008  6.236E+001  3.837E-013
 8.450E+013  1.000E-008  6.236E+001 -6.280E-035
 8.470E+013  1.000E-008  6.236E+001 -3.837E-013
 8.490E+013  1.000E-008  6.236E+001 -3.125E-035
 8.510E+013  1.000E-008  6.236E+001  3.837E-013
 8.530E+013  1.000E-008  6.236E+001 -6.221E-035
 8.550E+013  1.000E-008  6.236E+001 -3.837E-013
 8.570E+013  1.000E-008  6.236E+001 -3.096E-035
 8.590E+013  1.000E-008  6.236E+001  3.837E-013
 8.610E+013  1.000E-008  6.236E+001 -3.837E-013
 8.630E+013  1.000E-008  6.236E+001  0.000E+000
 8.650E+013  1.000E-008  6.236E+001  0.000E+000
 8.670E+013  1.000E-008  6.236E+001  0.000E+000
 8.690E+013  1.000E-008  6.236E+001  0.000E+000
 8.710E+013  1.000E-008  6.236E+001  0.000E+000
 8.730E+013  1.000E-008  6.236E+001  0.000E+000
 8.750E+013  1.000E-008  6.236E+001  3.837E-013
 8.770E+013  1.000E-008  6.236E+001 -3.837E-013
 8.790E+013  1.000E-008  6.236E+001 -3.019E-035
 8.810E+013  1.000E-008  6.236E+001  3.837E-013
 8.830E+013  1.000E-008  6.236E+001 -3.837E-013
 8.850E+013  1.000E-008  6.236E+001  3.837E-013
 8.870E+013  1.000E-008  6.236E+001  3.837E-013
 8.890E+013  1.000E-008  6.236E+001 -7.674E-013
 8.910E+013  1.000E-008  6.236E+001  0.000E+000
 8.930E+013  1.000E-008  6.236E+001  0.000E+000
 8.950E+013  1.000E-008  6.236E+001  0.000E+000
 8.970E+013  1.000E-008  6.236E+001  0.000E+000
 8.990E+013  1.000E-008  6.236E+001  0.000E+000
 9.010E+013  1.000E-008  6.236E+001  3.837E-013
 9.030E+013  1.000E-008  6.236E+001 -5.877E-035
 9.050E+013  1.000E-008  6.236E+001 -3.837E-013
 9.070E+013  1.000E-008  6.236E+001  3.837E-013
 9.090E+013  1.000E-008  6.236E+001 -5.838E-035
 9.110E+013  1.000E-008  6.236E+001 -3.837E-013
 9.130E+013  1.000E-008  6.236E+001  0.000E+000
 9.150E+013  1.000E-008  6.236E+001  0.000E+000
 9.170E+013  1.000E-008  6.236E+001  0.000E+000
 9.190E+013  1.000E-008  6.236E+001  0.000E+000
 9.210E+013  1.000E-008  6.236E+001  0.000E+000
 9.230E+013  1.000E-008  6.236E+001  3.837E-013
 9.250E+013  1.000E-008  6.236E+001 -5.737E-035
 9.270E+013  1.000E-008  6.236E+001 -3.837E-013
 9.290E+013  1.000E-008  6.236E+001  0.000E+000
 9.310E+013  1.000E-008  6.236E+001  0.000E+000
 9.330E+013  1.000E-008  6.236E+001  0.000E+000
 9.350E+013  1.000E-008  6.236E+001  0.000E+000
 9.370E+013  1.000E-008  6.236E+001  3.837E-013
 9.390E+013  1.000E-008  6.236E+001 -3.837E-013
 9.410E+013  1.000E-008  6.236E+001  3.837E-013
 9.430E+013  1.000E-008  6.236E+001 -3.837E-013
 9.450E+013  1.000E-008  6.236E+001  0.000E+000
 9.470E+013  1.000E-008  6.236E+001  0.000E+000
 9.490E+013  1.000E-008  6.236E+001  0.000E+000
 9.510E+013  1.000E-008  6.236E+001  0.000E+000
 9.530E+013  1.000E-008  6.236E+001  3.837E-013
 9.550E+013  1.000E-008  6.236E+001 -3.837E-013
 9.570E+013  1.000E-008  6.236E+001 -6.777E-070
 9.590E+013  1.000E-008  6.236E+001 -6.629E-032
 9.610E+013  1.000E-008  6.236E+001 -3.837E-013
 9.630E+013  1.000E-008  6.236E+001  3.837E-013
 9.650E+013  1.000E-008  6.236E+001  6.623E-032
 9.670E+013  1.000E-008  6.236E+001  3.837E-013
 9.690E+013  1.000E-008  6.236E+001 -3.837E-013
 9.710E+013  1.000E-008  6.236E+001  0.000E+000
 9.730E+013  1.000E-008  6.236E+001  0.000E+000
 9.750E+013  1.000E-008  6.236E+001  0.000E+000
 9.770E+013  1.000E-008  6.236E+001  0.000E+000
 9.790E+013  1.000E-008  6.236E+001  0.000E+000
 9.810E+013  1.000E-008  6.236E+001  0.000E+000
 9.830E+013  1.000E-008  6.236E+001  0.000E+000
 9.850E+013  1.000E-008  6.236E+001  0.000E+000
 9.870E+013  1.000E-008  6.236E+001  0.000E+000
 9.890E+013  1.000E-008  6.236E+001  0.000E+000
 9.910E+013  1.000E-008  6.236E+001  0.000E+000
 9.930E+013  1.000E-008  6.236E+001  0.000E+000
 9.950E+013  1.000E-008  6.236E+001  3.837E-013
 9.970E+013  1.000E-008  6.236E+001 -3.837E-013
 9.990E+013  1.000E-008  6.236E+001  0.000E+000
 1.001E+014  1.000E-099  1.000E-099  0.000E+000
 1.003E+014  1.000E-099  1.000E-099  0.000E+000
 3.425E-003
