 1.200E+004
     x1b        dens       energ       v1
 1.000E+011  1.012E-011  3.596E+009  0.000E+000
 3.000E+011  1.014E-011  3.596E+009  5.586E+006
 5.000E+011  1.021E-011  3.596E+009  7.391E+006
 7.000E+011  1.034E-011  3.596E+009  1.228E+007
 9.000E+011  1.053E-011  3.596E+009  1.587E+007
 1.100E+012  1.077E-011  3.596E+009  2.007E+007
 1.300E+012  1.103E-011  3.596E+009  2.398E+007
 1.500E+012  1.132E-011  3.596E+009  2.802E+007
 1.700E+012  1.160E-011  3.596E+009  3.201E+007
 1.900E+012  1.188E-011  3.596E+009  3.602E+007
 2.100E+012  1.214E-011  3.596E+009  4.002E+007
 2.300E+012  1.233E-011  3.596E+009  4.402E+007
 2.500E+012  1.241E-011  3.596E+009  4.802E+007
 2.700E+012  1.243E-011  3.596E+009  5.202E+007
 2.900E+012  1.243E-011  3.596E+009  5.602E+007
 3.100E+012  1.243E-011  3.596E+009  6.002E+007
 3.300E+012  1.242E-011  3.597E+009  6.402E+007
 3.500E+012  1.241E-011  3.597E+009  6.802E+007
 3.700E+012  1.240E-011  3.597E+009  7.203E+007
 3.900E+012  1.237E-011  3.597E+009  7.603E+007
 4.100E+012  1.236E-011  3.597E+009  8.003E+007
 4.300E+012  1.236E-011  3.597E+009  8.403E+007
 4.500E+012  1.236E-011  3.597E+009  8.803E+007
 4.700E+012  1.237E-011  3.597E+009  9.203E+007
 4.900E+012  1.238E-011  3.597E+009  9.604E+007
 5.100E+012  1.240E-011  3.597E+009  1.000E+008
 5.300E+012  1.244E-011  3.597E+009  1.040E+008
 5.500E+012  1.250E-011  3.597E+009  1.080E+008
 5.700E+012  1.259E-011  3.597E+009  1.120E+008
 5.900E+012  1.271E-011  3.597E+009  1.160E+008
 6.100E+012  1.287E-011  3.597E+009  1.200E+008
 6.300E+012  1.309E-011  3.597E+009  1.241E+008
 6.500E+012  1.336E-011  3.597E+009  1.281E+008
 6.700E+012  1.370E-011  3.597E+009  1.321E+008
 6.900E+012  1.413E-011  3.597E+009  1.361E+008
 7.100E+012  1.465E-011  3.597E+009  1.401E+008
 7.300E+012  1.528E-011  3.597E+009  1.441E+008
 7.500E+012  1.605E-011  3.597E+009  1.481E+008
 7.700E+012  1.697E-011  3.597E+009  1.521E+008
 7.900E+012  1.807E-011  3.597E+009  1.561E+008
 8.100E+012  1.939E-011  3.597E+009  1.602E+008
 8.300E+012  2.096E-011  3.597E+009  1.642E+008
 8.500E+012  2.283E-011  3.597E+009  1.682E+008
 8.700E+012  2.504E-011  3.597E+009  1.723E+008
 8.900E+012  2.767E-011  3.598E+009  1.763E+008
 9.100E+012  3.076E-011  3.598E+009  1.804E+008
 9.300E+012  3.438E-011  3.598E+009  1.844E+008
 9.500E+012  3.861E-011  3.598E+009  1.885E+008
 9.700E+012  4.351E-011  3.598E+009  1.925E+008
 9.900E+012  4.914E-011  3.598E+009  1.965E+008
 1.010E+013  5.554E-011  3.598E+009  2.006E+008
 1.030E+013  6.275E-011  3.599E+009  2.046E+008
 1.050E+013  7.075E-011  3.599E+009  2.086E+008
 1.070E+013  7.953E-011  3.599E+009  2.126E+008
 1.090E+013  8.902E-011  3.600E+009  2.166E+008
 1.110E+013  9.916E-011  3.600E+009  2.205E+008
 1.130E+013  1.099E-010  3.600E+009  2.245E+008
 1.150E+013  1.210E-010  3.601E+009  2.285E+008
 1.170E+013  1.326E-010  3.601E+009  2.325E+008
 1.190E+013  1.444E-010  3.602E+009  2.365E+008
 1.210E+013  1.566E-010  3.603E+009  2.404E+008
 1.230E+013  1.690E-010  3.603E+009  2.444E+008
 1.250E+013  1.817E-010  3.604E+009  2.484E+008
 1.270E+013  1.947E-010  3.605E+009  2.524E+008
 1.290E+013  2.081E-010  3.606E+009  2.564E+008
 1.310E+013  2.219E-010  3.607E+009  2.605E+008
 1.330E+013  2.362E-010  3.608E+009  2.645E+008
 1.350E+013  2.511E-010  3.610E+009  2.685E+008
 1.370E+013  2.667E-010  3.611E+009  2.725E+008
 1.390E+013  2.831E-010  3.612E+009  2.766E+008
 1.410E+013  3.004E-010  3.614E+009  2.806E+008
 1.430E+013  3.187E-010  3.616E+009  2.846E+008
 1.450E+013  3.382E-010  3.617E+009  2.887E+008
 1.470E+013  3.589E-010  3.619E+009  2.927E+008
 1.490E+013  3.809E-010  3.621E+009  2.968E+008
 1.510E+013  4.043E-010  3.624E+009  3.009E+008
 1.530E+013  4.293E-010  3.626E+009  3.049E+008
 1.550E+013  4.559E-010  3.629E+009  3.090E+008
 1.570E+013  4.841E-010  3.632E+009  3.131E+008
 1.590E+013  5.139E-010  3.635E+009  3.172E+008
 1.610E+013  5.454E-010  3.638E+009  3.213E+008
 1.630E+013  5.786E-010  3.641E+009  3.254E+008
 1.650E+013  6.134E-010  3.645E+009  3.295E+008
 1.670E+013  6.499E-010  3.649E+009  3.336E+008
 1.690E+013  6.880E-010  3.653E+009  3.377E+008
 1.710E+013  7.276E-010  3.658E+009  3.418E+008
 1.730E+013  7.689E-010  3.663E+009  3.460E+008
 1.750E+013  8.117E-010  3.668E+009  3.501E+008
 1.770E+013  8.562E-010  3.674E+009  3.543E+008
 1.790E+013  9.025E-010  3.680E+009  3.584E+008
 1.810E+013  9.505E-010  3.686E+009  3.626E+008
 1.830E+013  1.000E-009  3.693E+009  3.668E+008
 1.850E+013  1.053E-009  3.700E+009  3.711E+008
 1.870E+013  1.107E-009  3.708E+009  3.753E+008
 1.890E+013  1.164E-009  3.716E+009  3.795E+008
 1.910E+013  1.223E-009  3.725E+009  3.838E+008
 1.930E+013  1.286E-009  3.734E+009  3.881E+008
 1.950E+013  1.352E-009  3.744E+009  3.924E+008
 1.970E+013  1.421E-009  3.755E+009  3.968E+008
 1.990E+013  1.493E-009  3.766E+009  4.011E+008
 2.010E+013  1.570E-009  3.778E+009  4.055E+008
 2.030E+013  1.650E-009  3.791E+009  4.099E+008
 2.050E+013  1.734E-009  3.804E+009  4.143E+008
 2.070E+013  1.823E-009  3.818E+009  4.188E+008
 2.090E+013  1.916E-009  3.834E+009  4.233E+008
 2.110E+013  2.014E-009  3.850E+009  4.278E+008
 2.130E+013  2.117E-009  3.867E+009  4.324E+008
 2.150E+013  2.224E-009  3.885E+009  4.370E+008
 2.170E+013  2.337E-009  3.905E+009  4.416E+008
 2.190E+013  2.455E-009  3.926E+009  4.463E+008
 2.210E+013  2.579E-009  3.948E+009  4.510E+008
 2.230E+013  2.708E-009  3.971E+009  4.558E+008
 2.250E+013  2.843E-009  3.996E+009  4.606E+008
 2.270E+013  2.985E-009  4.022E+009  4.655E+008
 2.290E+013  3.134E-009  4.050E+009  4.704E+008
 2.310E+013  3.291E-009  4.080E+009  4.753E+008
 2.330E+013  3.455E-009  4.112E+009  4.804E+008
 2.350E+013  3.627E-009  4.146E+009  4.855E+008
 2.370E+013  3.808E-009  4.182E+009  4.906E+008
 2.390E+013  3.998E-009  4.220E+009  4.958E+008
 2.410E+013  4.197E-009  4.260E+009  5.011E+008
 2.430E+013  4.407E-009  4.303E+009  5.065E+008
 2.450E+013  4.628E-009  4.349E+009  5.119E+008
 2.470E+013  4.861E-009  4.397E+009  5.175E+008
 2.490E+013  5.106E-009  4.449E+009  5.231E+008
 2.510E+013  5.364E-009  4.504E+009  5.287E+008
 2.530E+013  5.636E-009  4.563E+009  5.345E+008
 2.550E+013  5.924E-009  4.625E+009  5.404E+008
 2.570E+013  6.228E-009  4.691E+009  5.463E+008
 2.590E+013  6.550E-009  4.762E+009  5.524E+008
 2.610E+013  6.891E-009  4.837E+009  5.586E+008
 2.630E+013  7.253E-009  4.917E+009  5.648E+008
 2.650E+013  7.637E-009  5.002E+009  5.712E+008
 2.670E+013  8.047E-009  5.093E+009  5.777E+008
 2.690E+013  8.484E-009  5.191E+009  5.843E+008
 2.710E+013  8.950E-009  5.294E+009  5.910E+008
 2.730E+013  9.448E-009  5.405E+009  5.978E+008
 2.750E+013  9.981E-009  5.524E+009  6.048E+008
 2.770E+013  1.055E-008  5.651E+009  6.118E+008
 2.790E+013  1.116E-008  5.786E+009  6.190E+008
 2.810E+013  1.182E-008  5.932E+009  6.264E+008
 2.830E+013  1.253E-008  6.088E+009  6.339E+008
 2.850E+013  1.329E-008  6.256E+009  6.415E+008
 2.870E+013  1.412E-008  6.436E+009  6.492E+008
 2.890E+013  1.501E-008  6.630E+009  6.571E+008
 2.910E+013  1.597E-008  6.839E+009  6.652E+008
 2.930E+013  1.701E-008  7.064E+009  6.734E+008
 2.950E+013  1.814E-008  7.307E+009  6.818E+008
 2.970E+013  1.936E-008  7.570E+009  6.903E+008
 2.990E+013  2.070E-008  7.855E+009  6.990E+008
 3.010E+013  2.215E-008  8.160E+009  7.078E+008
 3.030E+013  2.373E-008  8.490E+009  7.166E+008
 3.050E+013  2.549E-008  8.864E+009  7.258E+008
 3.070E+013  2.741E-008  9.260E+009  7.358E+008
 3.090E+013  2.938E-008  9.623E+009  7.440E+008
 3.110E+013  3.177E-008  1.016E+010  7.516E+008
 3.130E+013  3.487E-008  1.101E+010  7.700E+008
 3.150E+013  3.608E-008  1.099E+010  7.826E+008
 3.170E+013  3.318E-008  8.628E+009  7.567E+008
 3.190E+013  2.222E-008  3.428E+009  6.377E+008
 3.210E+013  1.337E-008  4.452E+008  3.940E+008
 3.230E+013  1.048E-008  6.056E+006  1.195E+008
 3.250E+013  1.001E-008  3.601E+002  6.077E+006
 3.270E+013  1.000E-008  6.236E+001  6.560E+003
 3.290E+013  1.000E-008  6.236E+001  3.088E-003
 3.310E+013  1.000E-008  6.236E+001  4.120E-014
 3.330E+013  1.000E-008  6.236E+001 -9.097E-035
 3.350E+013  1.000E-008  6.236E+001 -4.264E-014
 3.370E+013  1.000E-008  6.236E+001  4.264E-014
 3.390E+013  1.000E-008  6.236E+001  9.088E-035
 3.410E+013  1.000E-008  6.236E+001  1.414E-076
 3.430E+013  1.000E-008  6.236E+001  1.595E-160
 3.450E+013  1.000E-008  6.236E+001  8.528E-014
 3.470E+013  1.000E-008  6.236E+001 -8.528E-014
 3.490E+013  1.000E-008  6.236E+001  0.000E+000
 3.510E+013  1.000E-008  6.236E+001  0.000E+000
 3.530E+013  1.000E-008  6.236E+001  0.000E+000
 3.550E+013  1.000E-008  6.236E+001  0.000E+000
 3.570E+013  1.000E-008  6.236E+001  8.528E-014
 3.590E+013  1.000E-008  6.236E+001 -4.264E-014
 3.610E+013  1.000E-008  6.236E+001 -9.108E-035
 3.630E+013  1.000E-008  6.236E+001 -4.264E-014
 3.650E+013  1.000E-008  6.236E+001 -4.264E-014
 3.670E+013  1.000E-008  6.236E+001  4.264E-014
 3.690E+013  1.000E-008  6.236E+001  4.264E-014
 3.710E+013  1.000E-008  6.236E+001 -4.264E-014
 3.730E+013  1.000E-008  6.236E+001 -9.783E-038
 3.750E+013  1.000E-008  6.236E+001  4.264E-014
 3.770E+013  1.000E-008  6.236E+001 -4.264E-014
 3.790E+013  1.000E-008  6.236E+001  0.000E+000
 3.810E+013  1.000E-008  6.236E+001  0.000E+000
 3.830E+013  1.000E-008  6.236E+001  4.264E-014
 3.850E+013  1.000E-008  6.236E+001 -4.264E-014
 3.870E+013  1.000E-008  6.236E+001 -9.108E-035
 3.890E+013  1.000E-008  6.236E+001 -4.264E-014
 3.910E+013  1.000E-008  6.236E+001 -2.758E-035
 3.930E+013  1.000E-008  6.236E+001  1.279E-013
 3.950E+013  1.000E-008  6.236E+001 -4.264E-014
 3.970E+013  1.000E-008  6.236E+001  1.279E-013
 3.990E+013  1.000E-008  6.236E+001 -1.706E-013
 4.010E+013  1.000E-008  6.236E+001  0.000E+000
 4.030E+013  1.000E-008  6.236E+001  0.000E+000
 4.050E+013  1.000E-008  6.236E+001  0.000E+000
 4.070E+013  1.000E-008  6.236E+001  0.000E+000
 4.090E+013  1.000E-008  6.236E+001  1.577E-012
 4.110E+013  1.000E-008  6.236E+001 -1.577E-012
 4.130E+013  1.000E-008  6.236E+001  1.108E-012
 4.150E+013  1.000E-008  6.236E+001 -1.108E-012
 4.170E+013  1.000E-008  6.236E+001  3.838E-013
 4.190E+013  1.000E-008  6.236E+001 -3.411E-013
 4.210E+013  1.000E-008  6.236E+001 -9.107E-035
 4.230E+013  1.000E-008  6.236E+001 -4.264E-014
 4.250E+013  1.000E-008  6.236E+001  0.000E+000
 4.270E+013  1.000E-008  6.236E+001  0.000E+000
 4.290E+013  1.000E-008  6.236E+001  0.000E+000
 4.310E+013  1.000E-008  6.236E+001  0.000E+000
 4.330E+013  1.000E-008  6.236E+001  0.000E+000
 4.350E+013  1.000E-008  6.236E+001  0.000E+000
 4.370E+013  1.000E-008  6.236E+001  0.000E+000
 4.390E+013  1.000E-008  6.236E+001  0.000E+000
 4.410E+013  1.000E-008  6.236E+001  0.000E+000
 4.430E+013  1.000E-008  6.236E+001  0.000E+000
 4.450E+013  1.000E-008  6.236E+001  0.000E+000
 4.470E+013  1.000E-008  6.236E+001  4.264E-014
 4.490E+013  1.000E-008  6.236E+001 -1.625E-037
 4.510E+013  1.000E-008  6.236E+001 -4.264E-014
 4.530E+013  1.000E-008  6.236E+001  0.000E+000
 4.550E+013  1.000E-008  6.236E+001 -1.609E-160
 4.570E+013  1.000E-008  6.236E+001 -1.420E-076
 4.590E+013  1.000E-008  6.236E+001 -9.106E-035
 4.610E+013  1.000E-008  6.236E+001 -4.264E-014
 4.630E+013  1.000E-008  6.236E+001  4.264E-014
 4.650E+013  1.000E-008  6.236E+001  4.264E-014
 4.670E+013  1.000E-008  6.236E+001 -4.264E-014
 4.690E+013  1.000E-008  6.236E+001  4.264E-014
 4.710E+013  1.000E-008  6.236E+001 -4.264E-014
 4.730E+013  1.000E-008  6.236E+001  0.000E+000
 4.750E+013  1.000E-008  6.236E+001  0.000E+000
 4.770E+013  1.000E-008  6.236E+001  0.000E+000
 4.790E+013  1.000E-008  6.236E+001  4.264E-014
 4.810E+013  1.000E-008  6.236E+001 -4.264E-014
 4.830E+013  1.000E-008  6.236E+001 -7.550E-038
 4.850E+013  1.000E-008  6.236E+001  4.264E-014
 4.870E+013  1.000E-008  6.236E+001 -4.264E-014
 4.890E+013  1.000E-008  6.236E+001  0.000E+000
 4.910E+013  1.000E-008  6.236E+001  0.000E+000
 4.930E+013  1.000E-008  6.236E+001  0.000E+000
 4.950E+013  1.000E-008  6.236E+001  0.000E+000
 4.970E+013  1.000E-008  6.236E+001  0.000E+000
 4.990E+013  1.000E-008  6.236E+001  8.528E-014
 5.010E+013  1.000E-008  6.236E+001 -1.279E-013
 5.030E+013  1.000E-008  6.236E+001  4.264E-014
 5.050E+013  1.000E-008  6.236E+001  9.091E-035
 5.070E+013  1.000E-008  6.236E+001  1.415E-076
 5.090E+013  1.000E-008  6.236E+001  1.598E-160
 5.110E+013  1.000E-008  6.236E+001  4.264E-014
 5.130E+013  1.000E-008  6.236E+001 -4.264E-014
 5.150E+013  1.000E-008  6.236E+001  0.000E+000
 5.170E+013  1.000E-008  6.236E+001  0.000E+000
 5.190E+013  1.000E-008  6.236E+001  0.000E+000
 5.210E+013  1.000E-008  6.236E+001 -1.608E-160
 5.230E+013  1.000E-008  6.236E+001 -1.420E-076
 5.250E+013  1.000E-008  6.236E+001 -9.105E-035
 5.270E+013  1.000E-008  6.236E+001 -4.264E-014
 5.290E+013  1.000E-008  6.236E+001  4.264E-014
 5.310E+013  1.000E-008  6.236E+001  9.091E-035
 5.330E+013  1.000E-008  6.236E+001  1.415E-076
 5.350E+013  1.000E-008  6.236E+001  8.528E-014
 5.370E+013  1.000E-008  6.236E+001 -8.528E-014
 5.390E+013  1.000E-008  6.236E+001  1.200E-035
 5.410E+013  1.000E-008  6.236E+001  4.264E-014
 5.430E+013  1.000E-008  6.236E+001  4.264E-014
 5.450E+013  1.000E-008  6.236E+001  4.264E-014
 5.470E+013  1.000E-008  6.236E+001 -1.279E-013
 5.490E+013  1.000E-008  6.236E+001 -9.105E-035
 5.510E+013  1.000E-008  6.236E+001 -4.264E-014
 5.530E+013  1.000E-008  6.236E+001  8.528E-014
 5.550E+013  1.000E-008  6.236E+001 -1.706E-013
 5.570E+013  1.000E-008  6.236E+001  8.528E-014
 5.590E+013  1.000E-008  6.236E+001  4.264E-014
 5.610E+013  1.000E-008  6.236E+001 -4.264E-014
 5.630E+013  1.000E-008  6.236E+001  4.264E-014
 5.650E+013  1.000E-008  6.236E+001 -2.558E-013
 5.670E+013  1.000E-008  6.236E+001  2.558E-013
 5.690E+013  1.000E-008  6.236E+001  2.558E-013
 5.710E+013  1.000E-008  6.236E+001 -2.558E-013
 5.730E+013  1.000E-008  6.236E+001  2.985E-013
 5.750E+013  1.000E-008  6.236E+001 -6.396E-013
 5.770E+013  1.000E-008  6.236E+001 -4.264E-014
 5.790E+013  1.000E-008  6.236E+001  3.838E-013
 5.810E+013  1.000E-008  6.236E+001  2.045E-012
 5.830E+013  1.000E-008  6.236E+001 -2.045E-012
 5.850E+013  1.000E-008  6.236E+001  0.000E+000
 5.870E+013  1.000E-008  6.236E+001  0.000E+000
 5.890E+013  1.000E-008  6.236E+001  0.000E+000
 5.910E+013  1.000E-008  6.236E+001  0.000E+000
 5.930E+013  1.000E-008  6.236E+001  0.000E+000
 5.950E+013  1.000E-008  6.236E+001  0.000E+000
 5.970E+013  1.000E-008  6.236E+001  0.000E+000
 5.990E+013  1.000E-008  6.236E+001  0.000E+000
 6.010E+013  1.000E-008  6.236E+001  0.000E+000
 6.030E+013  1.000E-008  6.236E+001  4.264E-014
 6.050E+013  1.000E-008  6.236E+001 -4.264E-014
 6.070E+013  1.000E-008  6.236E+001  4.264E-014
 6.090E+013  1.000E-008  6.236E+001 -4.264E-014
 6.110E+013  1.000E-008  6.236E+001  0.000E+000
 6.130E+013  1.000E-008  6.236E+001  0.000E+000
 6.150E+013  1.000E-008  6.236E+001  0.000E+000
 6.170E+013  1.000E-008  6.236E+001  4.264E-014
 6.190E+013  1.000E-008  6.236E+001 -4.264E-014
 6.210E+013  1.000E-008  6.236E+001  0.000E+000
 6.230E+013  1.000E-008  6.236E+001  0.000E+000
 6.250E+013  1.000E-008  6.236E+001  0.000E+000
 6.270E+013  1.000E-008  6.236E+001  0.000E+000
 6.290E+013  1.000E-008  6.236E+001  0.000E+000
 6.310E+013  1.000E-008  6.236E+001  0.000E+000
 6.330E+013  1.000E-008  6.236E+001  0.000E+000
 6.350E+013  1.000E-008  6.236E+001  4.264E-014
 6.370E+013  1.000E-008  6.236E+001 -4.264E-014
 6.390E+013  1.000E-008  6.236E+001  0.000E+000
 6.410E+013  1.000E-008  6.236E+001  0.000E+000
 6.430E+013  1.000E-008  6.236E+001  0.000E+000
 6.450E+013  1.000E-008  6.236E+001  0.000E+000
 6.470E+013  1.000E-008  6.236E+001  4.264E-014
 6.490E+013  1.000E-008  6.236E+001 -4.264E-014
 6.510E+013  1.000E-008  6.236E+001  0.000E+000
 6.530E+013  1.000E-008  6.236E+001  0.000E+000
 6.550E+013  1.000E-008  6.236E+001  0.000E+000
 6.570E+013  1.000E-008  6.236E+001  0.000E+000
 6.590E+013  1.000E-008  6.236E+001  4.264E-014
 6.610E+013  1.000E-008  6.236E+001 -4.264E-014
 6.630E+013  1.000E-008  6.236E+001  0.000E+000
 6.650E+013  1.000E-008  6.236E+001  0.000E+000
 6.670E+013  1.000E-008  6.236E+001  0.000E+000
 6.690E+013  1.000E-008  6.236E+001  4.264E-014
 6.710E+013  1.000E-008  6.236E+001 -4.264E-014
 6.730E+013  1.000E-008  6.236E+001  0.000E+000
 6.750E+013  1.000E-008  6.236E+001  0.000E+000
 6.770E+013  1.000E-008  6.236E+001  4.264E-014
 6.790E+013  1.000E-008  6.236E+001 -4.264E-014
 6.810E+013  1.000E-008  6.236E+001  4.264E-014
 6.830E+013  1.000E-008  6.236E+001 -1.067E-037
 6.850E+013  1.000E-008  6.236E+001 -4.264E-014
 6.870E+013  1.000E-008  6.236E+001  0.000E+000
 6.890E+013  1.000E-008  6.236E+001  0.000E+000
 6.910E+013  1.000E-008  6.236E+001  0.000E+000
 6.930E+013  1.000E-008  6.236E+001  4.264E-014
 6.950E+013  1.000E-008  6.236E+001 -4.264E-014
 6.970E+013  1.000E-008  6.236E+001  0.000E+000
 6.990E+013  1.000E-008  6.236E+001  0.000E+000
 7.010E+013  1.000E-008  6.236E+001  0.000E+000
 7.030E+013  1.000E-008  6.236E+001  0.000E+000
 7.050E+013  1.000E-008  6.236E+001  0.000E+000
 7.070E+013  1.000E-008  6.236E+001  0.000E+000
 7.090E+013  1.000E-008  6.236E+001  0.000E+000
 7.110E+013  1.000E-008  6.236E+001  0.000E+000
 7.130E+013  1.000E-008  6.236E+001  0.000E+000
 7.150E+013  1.000E-008  6.236E+001  0.000E+000
 7.170E+013  1.000E-008  6.236E+001  0.000E+000
 7.190E+013  1.000E-008  6.236E+001  4.264E-014
 7.210E+013  1.000E-008  6.236E+001 -4.264E-014
 7.230E+013  1.000E-008  6.236E+001  0.000E+000
 7.250E+013  1.000E-008  6.236E+001  0.000E+000
 7.270E+013  1.000E-008  6.236E+001  8.528E-014
 7.290E+013  1.000E-008  6.236E+001 -3.999E-037
 7.310E+013  1.000E-008  6.236E+001 -8.528E-014
 7.330E+013  1.000E-008  6.236E+001 -9.103E-035
 7.350E+013  1.000E-008  6.236E+001 -4.264E-014
 7.370E+013  1.000E-008  6.236E+001  4.264E-014
 7.390E+013  1.000E-008  6.236E+001  9.093E-035
 7.410E+013  1.000E-008  6.236E+001  1.416E-076
 7.430E+013  1.000E-008  6.236E+001  1.600E-160
 7.450E+013  1.000E-008  6.236E+001  0.000E+000
 7.470E+013  1.000E-008  6.236E+001  0.000E+000
 7.490E+013  1.000E-008  6.236E+001  0.000E+000
 7.510E+013  1.000E-008  6.236E+001  0.000E+000
 7.530E+013  1.000E-008  6.236E+001  0.000E+000
 7.550E+013  1.000E-008  6.236E+001  0.000E+000
 7.570E+013  1.000E-008  6.236E+001  0.000E+000
 7.590E+013  1.000E-008  6.236E+001  0.000E+000
 7.610E+013  1.000E-008  6.236E+001  0.000E+000
 7.630E+013  1.000E-008  6.236E+001  0.000E+000
 7.650E+013  1.000E-008  6.236E+001  0.000E+000
 7.670E+013  1.000E-008  6.236E+001  8.528E-014
 7.690E+013  1.000E-008  6.236E+001 -8.528E-014
 7.710E+013  1.000E-008  6.236E+001  1.279E-013
 7.730E+013  1.000E-008  6.236E+001 -1.279E-013
 7.750E+013  1.000E-008  6.236E+001  2.155E-035
 7.770E+013  1.000E-008  6.236E+001  8.528E-014
 7.790E+013  1.000E-008  6.236E+001 -2.558E-013
 7.810E+013  1.000E-008  6.236E+001  2.558E-013
 7.830E+013  1.000E-008  6.236E+001 -8.528E-014
 7.850E+013  1.000E-008  6.236E+001 -1.000E-076
 7.870E+013  1.000E-008  6.236E+001 -7.644E-035
 7.890E+013  1.000E-008  6.236E+001 -4.264E-014
 7.910E+013  1.000E-008  6.236E+001 -2.132E-013
 7.930E+013  1.000E-008  6.236E+001  1.279E-013
 7.950E+013  1.000E-008  6.236E+001  1.279E-013
 7.970E+013  1.000E-008  6.236E+001 -1.706E-013
 7.990E+013  1.000E-008  6.236E+001  1.706E-013
 8.010E+013  1.000E-008  6.236E+001  1.455E-033
 8.030E+013  1.000E-008  6.236E+001  3.625E-074
 8.050E+013  1.000E-008  6.236E+001  1.048E-155
 8.070E+013  1.000E-008  6.236E+001 -4.543E-312
 8.090E+013  1.000E-008  6.236E+001 -3.442E-152
 8.110E+013  1.000E-008  6.236E+001 -2.077E-072
 8.130E+013  1.000E-008  6.236E+001 -1.101E-032
 8.150E+013  1.000E-008  6.236E+001 -4.690E-013
 8.170E+013  1.000E-008  6.236E+001  5.970E-013
 8.190E+013  1.000E-008  6.236E+001 -1.279E-013
 8.210E+013  1.000E-008  6.236E+001  0.000E+000
 8.230E+013  1.000E-008  6.236E+001  0.000E+000
 8.250E+013  1.000E-008  6.236E+001  0.000E+000
 8.270E+013  1.000E-008  6.236E+001  0.000E+000
 8.290E+013  1.000E-008  6.236E+001  1.706E-013
 8.310E+013  1.000E-008  6.236E+001 -1.706E-013
 8.330E+013  1.000E-008  6.236E+001 -8.839E-035
 8.350E+013  1.000E-008  6.236E+001  2.558E-013
 8.370E+013  1.000E-008  6.236E+001 -2.132E-013
 8.390E+013  1.000E-008  6.236E+001 -9.103E-035
 8.410E+013  1.000E-008  6.236E+001 -4.264E-014
 8.430E+013  1.000E-008  6.236E+001  4.264E-014
 8.450E+013  1.000E-008  6.236E+001 -8.624E-038
 8.470E+013  1.000E-008  6.236E+001 -4.264E-014
 8.490E+013  1.000E-008  6.236E+001 -4.292E-038
 8.510E+013  1.000E-008  6.236E+001  4.264E-014
 8.530E+013  1.000E-008  6.236E+001 -8.543E-038
 8.550E+013  1.000E-008  6.236E+001 -4.264E-014
 8.570E+013  1.000E-008  6.236E+001 -4.252E-038
 8.590E+013  1.000E-008  6.236E+001  4.264E-014
 8.610E+013  1.000E-008  6.236E+001 -4.264E-014
 8.630E+013  1.000E-008  6.236E+001  0.000E+000
 8.650E+013  1.000E-008  6.236E+001  0.000E+000
 8.670E+013  1.000E-008  6.236E+001  0.000E+000
 8.690E+013  1.000E-008  6.236E+001  0.000E+000
 8.710E+013  1.000E-008  6.236E+001  0.000E+000
 8.730E+013  1.000E-008  6.236E+001  0.000E+000
 8.750E+013  1.000E-008  6.236E+001  4.264E-014
 8.770E+013  1.000E-008  6.236E+001 -4.264E-014
 8.790E+013  1.000E-008  6.236E+001 -4.145E-038
 8.810E+013  1.000E-008  6.236E+001  4.264E-014
 8.830E+013  1.000E-008  6.236E+001 -4.264E-014
 8.850E+013  1.000E-008  6.236E+001  4.264E-014
 8.870E+013  1.000E-008  6.236E+001  4.264E-014
 8.890E+013  1.000E-008  6.236E+001 -8.528E-014
 8.910E+013  1.000E-008  6.236E+001  0.000E+000
 8.930E+013  1.000E-008  6.236E+001  0.000E+000
 8.950E+013  1.000E-008  6.236E+001  0.000E+000
 8.970E+013  1.000E-008  6.236E+001  0.000E+000
 8.990E+013  1.000E-008  6.236E+001  0.000E+000
 9.010E+013  1.000E-008  6.236E+001  4.264E-014
 9.030E+013  1.000E-008  6.236E+001 -8.069E-038
 9.050E+013  1.000E-008  6.236E+001 -4.264E-014
 9.070E+013  1.000E-008  6.236E+001  4.264E-014
 9.090E+013  1.000E-008  6.236E+001 -8.016E-038
 9.110E+013  1.000E-008  6.236E+001 -4.264E-014
 9.130E+013  1.000E-008  6.236E+001  0.000E+000
 9.150E+013  1.000E-008  6.236E+001  0.000E+000
 9.170E+013  1.000E-008  6.236E+001  0.000E+000
 9.190E+013  1.000E-008  6.236E+001  0.000E+000
 9.210E+013  1.000E-008  6.236E+001  0.000E+000
 9.230E+013  1.000E-008  6.236E+001  4.264E-014
 9.250E+013  1.000E-008  6.236E+001 -7.877E-038
 9.270E+013  1.000E-008  6.236E+001 -4.264E-014
 9.290E+013  1.000E-008  6.236E+001  0.000E+000
 9.310E+013  1.000E-008  6.236E+001  0.000E+000
 9.330E+013  1.000E-008  6.236E+001  0.000E+000
 9.350E+013  1.000E-008  6.236E+001  0.000E+000
 9.370E+013  1.000E-008  6.236E+001  4.264E-014
 9.390E+013  1.000E-008  6.236E+001 -4.264E-014
 9.410E+013  1.000E-008  6.236E+001  4.264E-014
 9.430E+013  1.000E-008  6.236E+001 -4.264E-014
 9.450E+013  1.000E-008  6.236E+001  0.000E+000
 9.470E+013  1.000E-008  6.236E+001  0.000E+000
 9.490E+013  1.000E-008  6.236E+001  0.000E+000
 9.510E+013  1.000E-008  6.236E+001  0.000E+000
 9.530E+013  1.000E-008  6.236E+001  4.264E-014
 9.550E+013  1.000E-008  6.236E+001 -4.264E-014
 9.570E+013  1.000E-008  6.236E+001 -1.419E-076
 9.590E+013  1.000E-008  6.236E+001 -9.102E-035
 9.610E+013  1.000E-008  6.236E+001 -4.264E-014
 9.630E+013  1.000E-008  6.236E+001  4.264E-014
 9.650E+013  1.000E-008  6.236E+001  9.095E-035
 9.670E+013  1.000E-008  6.236E+001  4.264E-014
 9.690E+013  1.000E-008  6.236E+001 -4.264E-014
 9.710E+013  1.000E-008  6.236E+001  0.000E+000
 9.730E+013  1.000E-008  6.236E+001  0.000E+000
 9.750E+013  1.000E-008  6.236E+001  0.000E+000
 9.770E+013  1.000E-008  6.236E+001  0.000E+000
 9.790E+013  1.000E-008  6.236E+001  0.000E+000
 9.810E+013  1.000E-008  6.236E+001  0.000E+000
 9.830E+013  1.000E-008  6.236E+001  0.000E+000
 9.850E+013  1.000E-008  6.236E+001  0.000E+000
 9.870E+013  1.000E-008  6.236E+001  0.000E+000
 9.890E+013  1.000E-008  6.236E+001  0.000E+000
 9.910E+013  1.000E-008  6.236E+001  0.000E+000
 9.930E+013  1.000E-008  6.236E+001  0.000E+000
 9.950E+013  1.000E-008  6.236E+001  4.264E-014
 9.970E+013  1.000E-008  6.236E+001 -4.264E-014
 9.990E+013  1.000E-008  6.236E+001  0.000E+000
 1.001E+014  1.000E-099  1.000E-099  0.000E+000
 1.003E+014  1.000E-099  1.000E-099  0.000E+000
 3.806E-004
