 5.400E+004
     x1b        dens       energ       v1
 1.000E+011  3.411E-012  5.874E+008  0.000E+000
 3.000E+011  3.414E-012  5.874E+008  9.714E+005
 5.000E+011  3.422E-012  5.874E+008  1.759E+006
 7.000E+011  3.438E-012  5.874E+008  2.698E+006
 9.000E+011  3.465E-012  5.874E+008  3.571E+006
 1.100E+012  3.501E-012  5.874E+008  4.477E+006
 1.300E+012  3.548E-012  5.874E+008  5.366E+006
 1.500E+012  3.602E-012  5.874E+008  6.264E+006
 1.700E+012  3.663E-012  5.874E+008  7.157E+006
 1.900E+012  3.727E-012  5.874E+008  8.052E+006
 2.100E+012  3.793E-012  5.874E+008  8.947E+006
 2.300E+012  3.861E-012  5.874E+008  9.842E+006
 2.500E+012  3.929E-012  5.874E+008  1.074E+007
 2.700E+012  3.995E-012  5.874E+008  1.163E+007
 2.900E+012  4.058E-012  5.874E+008  1.253E+007
 3.100E+012  4.114E-012  5.874E+008  1.342E+007
 3.300E+012  4.157E-012  5.874E+008  1.431E+007
 3.500E+012  4.182E-012  5.874E+008  1.521E+007
 3.700E+012  4.190E-012  5.874E+008  1.610E+007
 3.900E+012  4.191E-012  5.874E+008  1.700E+007
 4.100E+012  4.191E-012  5.874E+008  1.789E+007
 4.300E+012  4.191E-012  5.874E+008  1.879E+007
 4.500E+012  4.190E-012  5.874E+008  1.968E+007
 4.700E+012  4.189E-012  5.874E+008  2.058E+007
 4.900E+012  4.187E-012  5.874E+008  2.147E+007
 5.100E+012  4.184E-012  5.874E+008  2.237E+007
 5.300E+012  4.179E-012  5.874E+008  2.326E+007
 5.500E+012  4.174E-012  5.874E+008  2.416E+007
 5.700E+012  4.170E-012  5.874E+008  2.505E+007
 5.900E+012  4.168E-012  5.874E+008  2.595E+007
 6.100E+012  4.168E-012  5.874E+008  2.684E+007
 6.300E+012  4.168E-012  5.874E+008  2.773E+007
 6.500E+012  4.169E-012  5.874E+008  2.863E+007
 6.700E+012  4.170E-012  5.874E+008  2.952E+007
 6.900E+012  4.172E-012  5.874E+008  3.042E+007
 7.100E+012  4.175E-012  5.874E+008  3.131E+007
 7.300E+012  4.181E-012  5.874E+008  3.221E+007
 7.500E+012  4.189E-012  5.874E+008  3.310E+007
 7.700E+012  4.200E-012  5.874E+008  3.400E+007
 7.900E+012  4.215E-012  5.874E+008  3.489E+007
 8.100E+012  4.234E-012  5.874E+008  3.579E+007
 8.300E+012  4.259E-012  5.874E+008  3.668E+007
 8.500E+012  4.290E-012  5.874E+008  3.758E+007
 8.700E+012  4.327E-012  5.874E+008  3.847E+007
 8.900E+012  4.373E-012  5.874E+008  3.937E+007
 9.100E+012  4.427E-012  5.874E+008  4.026E+007
 9.300E+012  4.491E-012  5.874E+008  4.116E+007
 9.500E+012  4.567E-012  5.874E+008  4.205E+007
 9.700E+012  4.654E-012  5.874E+008  4.295E+007
 9.900E+012  4.756E-012  5.874E+008  4.384E+007
 1.010E+013  4.872E-012  5.874E+008  4.474E+007
 1.030E+013  5.007E-012  5.874E+008  4.563E+007
 1.050E+013  5.160E-012  5.874E+008  4.653E+007
 1.070E+013  5.335E-012  5.874E+008  4.742E+007
 1.090E+013  5.534E-012  5.874E+008  4.832E+007
 1.110E+013  5.760E-012  5.874E+008  4.922E+007
 1.130E+013  6.016E-012  5.874E+008  5.011E+007
 1.150E+013  6.305E-012  5.874E+008  5.101E+007
 1.170E+013  6.633E-012  5.874E+008  5.191E+007
 1.190E+013  7.003E-012  5.874E+008  5.281E+007
 1.210E+013  7.420E-012  5.874E+008  5.371E+007
 1.230E+013  7.891E-012  5.874E+008  5.460E+007
 1.250E+013  8.420E-012  5.874E+008  5.550E+007
 1.270E+013  9.014E-012  5.874E+008  5.640E+007
 1.290E+013  9.681E-012  5.874E+008  5.730E+007
 1.310E+013  1.043E-011  5.874E+008  5.820E+007
 1.330E+013  1.126E-011  5.874E+008  5.910E+007
 1.350E+013  1.219E-011  5.874E+008  6.000E+007
 1.370E+013  1.323E-011  5.874E+008  6.090E+007
 1.390E+013  1.437E-011  5.874E+008  6.180E+007
 1.410E+013  1.563E-011  5.874E+008  6.269E+007
 1.430E+013  1.702E-011  5.874E+008  6.359E+007
 1.450E+013  1.853E-011  5.875E+008  6.449E+007
 1.470E+013  2.018E-011  5.875E+008  6.538E+007
 1.490E+013  2.196E-011  5.875E+008  6.628E+007
 1.510E+013  2.387E-011  5.875E+008  6.717E+007
 1.530E+013  2.591E-011  5.875E+008  6.807E+007
 1.550E+013  2.806E-011  5.875E+008  6.896E+007
 1.570E+013  3.034E-011  5.875E+008  6.985E+007
 1.590E+013  3.272E-011  5.875E+008  7.074E+007
 1.610E+013  3.519E-011  5.875E+008  7.164E+007
 1.630E+013  3.775E-011  5.875E+008  7.253E+007
 1.650E+013  4.038E-011  5.875E+008  7.342E+007
 1.670E+013  4.307E-011  5.876E+008  7.431E+007
 1.690E+013  4.582E-011  5.876E+008  7.520E+007
 1.710E+013  4.862E-011  5.876E+008  7.609E+007
 1.730E+013  5.147E-011  5.876E+008  7.699E+007
 1.750E+013  5.435E-011  5.876E+008  7.788E+007
 1.770E+013  5.728E-011  5.876E+008  7.877E+007
 1.790E+013  6.026E-011  5.877E+008  7.967E+007
 1.810E+013  6.327E-011  5.877E+008  8.056E+007
 1.830E+013  6.635E-011  5.877E+008  8.145E+007
 1.850E+013  6.947E-011  5.877E+008  8.235E+007
 1.870E+013  7.267E-011  5.877E+008  8.324E+007
 1.890E+013  7.593E-011  5.878E+008  8.414E+007
 1.910E+013  7.928E-011  5.878E+008  8.503E+007
 1.930E+013  8.273E-011  5.878E+008  8.593E+007
 1.950E+013  8.628E-011  5.879E+008  8.682E+007
 1.970E+013  8.994E-011  5.879E+008  8.772E+007
 1.990E+013  9.374E-011  5.879E+008  8.861E+007
 2.010E+013  9.767E-011  5.880E+008  8.951E+007
 2.030E+013  1.018E-010  5.880E+008  9.041E+007
 2.050E+013  1.060E-010  5.880E+008  9.130E+007
 2.070E+013  1.104E-010  5.881E+008  9.220E+007
 2.090E+013  1.150E-010  5.881E+008  9.310E+007
 2.110E+013  1.199E-010  5.882E+008  9.399E+007
 2.130E+013  1.249E-010  5.882E+008  9.489E+007
 2.150E+013  1.301E-010  5.883E+008  9.579E+007
 2.170E+013  1.356E-010  5.883E+008  9.669E+007
 2.190E+013  1.413E-010  5.884E+008  9.758E+007
 2.210E+013  1.473E-010  5.884E+008  9.848E+007
 2.230E+013  1.535E-010  5.885E+008  9.938E+007
 2.250E+013  1.600E-010  5.886E+008  1.003E+008
 2.270E+013  1.667E-010  5.886E+008  1.012E+008
 2.290E+013  1.737E-010  5.887E+008  1.021E+008
 2.310E+013  1.810E-010  5.888E+008  1.030E+008
 2.330E+013  1.885E-010  5.889E+008  1.039E+008
 2.350E+013  1.963E-010  5.890E+008  1.048E+008
 2.370E+013  2.044E-010  5.890E+008  1.057E+008
 2.390E+013  2.127E-010  5.891E+008  1.066E+008
 2.410E+013  2.212E-010  5.892E+008  1.075E+008
 2.430E+013  2.300E-010  5.893E+008  1.084E+008
 2.450E+013  2.390E-010  5.894E+008  1.093E+008
 2.470E+013  2.483E-010  5.896E+008  1.102E+008
 2.490E+013  2.578E-010  5.897E+008  1.111E+008
 2.510E+013  2.676E-010  5.898E+008  1.120E+008
 2.530E+013  2.776E-010  5.899E+008  1.129E+008
 2.550E+013  2.878E-010  5.901E+008  1.138E+008
 2.570E+013  2.983E-010  5.902E+008  1.147E+008
 2.590E+013  3.090E-010  5.904E+008  1.156E+008
 2.610E+013  3.201E-010  5.905E+008  1.165E+008
 2.630E+013  3.314E-010  5.907E+008  1.174E+008
 2.650E+013  3.430E-010  5.908E+008  1.183E+008
 2.670E+013  3.549E-010  5.910E+008  1.192E+008
 2.690E+013  3.672E-010  5.912E+008  1.201E+008
 2.710E+013  3.798E-010  5.914E+008  1.210E+008
 2.730E+013  3.928E-010  5.916E+008  1.219E+008
 2.750E+013  4.062E-010  5.918E+008  1.228E+008
 2.770E+013  4.199E-010  5.920E+008  1.237E+008
 2.790E+013  4.342E-010  5.922E+008  1.246E+008
 2.810E+013  4.488E-010  5.925E+008  1.256E+008
 2.830E+013  4.640E-010  5.927E+008  1.265E+008
 2.850E+013  4.796E-010  5.930E+008  1.274E+008
 2.870E+013  4.958E-010  5.932E+008  1.283E+008
 2.890E+013  5.124E-010  5.935E+008  1.292E+008
 2.910E+013  5.296E-010  5.938E+008  1.301E+008
 2.930E+013  5.474E-010  5.941E+008  1.310E+008
 2.950E+013  5.657E-010  5.944E+008  1.319E+008
 2.970E+013  5.846E-010  5.947E+008  1.329E+008
 2.990E+013  6.040E-010  5.950E+008  1.338E+008
 3.010E+013  6.241E-010  5.954E+008  1.347E+008
 3.030E+013  6.447E-010  5.958E+008  1.356E+008
 3.050E+013  6.659E-010  5.961E+008  1.365E+008
 3.070E+013  6.877E-010  5.965E+008  1.375E+008
 3.090E+013  7.102E-010  5.969E+008  1.384E+008
 3.110E+013  7.332E-010  5.974E+008  1.393E+008
 3.130E+013  7.569E-010  5.978E+008  1.402E+008
 3.150E+013  7.812E-010  5.983E+008  1.412E+008
 3.170E+013  8.061E-010  5.987E+008  1.421E+008
 3.190E+013  8.317E-010  5.992E+008  1.430E+008
 3.210E+013  8.579E-010  5.997E+008  1.439E+008
 3.230E+013  8.848E-010  6.003E+008  1.449E+008
 3.250E+013  9.125E-010  6.008E+008  1.458E+008
 3.270E+013  9.408E-010  6.014E+008  1.467E+008
 3.290E+013  9.698E-010  6.020E+008  1.477E+008
 3.310E+013  9.996E-010  6.026E+008  1.486E+008
 3.330E+013  1.030E-009  6.033E+008  1.496E+008
 3.350E+013  1.061E-009  6.039E+008  1.505E+008
 3.370E+013  1.094E-009  6.046E+008  1.514E+008
 3.390E+013  1.126E-009  6.053E+008  1.524E+008
 3.410E+013  1.160E-009  6.061E+008  1.533E+008
 3.430E+013  1.195E-009  6.068E+008  1.543E+008
 3.450E+013  1.230E-009  6.076E+008  1.552E+008
 3.470E+013  1.267E-009  6.085E+008  1.562E+008
 3.490E+013  1.304E-009  6.093E+008  1.572E+008
 3.510E+013  1.342E-009  6.102E+008  1.581E+008
 3.530E+013  1.381E-009  6.111E+008  1.591E+008
 3.550E+013  1.421E-009  6.121E+008  1.601E+008
 3.570E+013  1.462E-009  6.131E+008  1.610E+008
 3.590E+013  1.504E-009  6.141E+008  1.620E+008
 3.610E+013  1.547E-009  6.151E+008  1.630E+008
 3.630E+013  1.591E-009  6.162E+008  1.639E+008
 3.650E+013  1.636E-009  6.174E+008  1.649E+008
 3.670E+013  1.683E-009  6.185E+008  1.659E+008
 3.690E+013  1.730E-009  6.197E+008  1.669E+008
 3.710E+013  1.778E-009  6.210E+008  1.679E+008
 3.730E+013  1.828E-009  6.223E+008  1.689E+008
 3.750E+013  1.879E-009  6.236E+008  1.699E+008
 3.770E+013  1.931E-009  6.250E+008  1.709E+008
 3.790E+013  1.984E-009  6.265E+008  1.719E+008
 3.810E+013  2.039E-009  6.279E+008  1.729E+008
 3.830E+013  2.095E-009  6.295E+008  1.739E+008
 3.850E+013  2.153E-009  6.311E+008  1.749E+008
 3.870E+013  2.212E-009  6.327E+008  1.760E+008
 3.890E+013  2.273E-009  6.344E+008  1.770E+008
 3.910E+013  2.335E-009  6.362E+008  1.780E+008
 3.930E+013  2.399E-009  6.380E+008  1.791E+008
 3.950E+013  2.465E-009  6.399E+008  1.801E+008
 3.970E+013  2.532E-009  6.418E+008  1.812E+008
 3.990E+013  2.601E-009  6.438E+008  1.822E+008
 4.010E+013  2.672E-009  6.459E+008  1.833E+008
 4.030E+013  2.745E-009  6.480E+008  1.843E+008
 4.050E+013  2.821E-009  6.503E+008  1.854E+008
 4.070E+013  2.898E-009  6.526E+008  1.865E+008
 4.090E+013  2.977E-009  6.549E+008  1.876E+008
 4.110E+013  3.059E-009  6.574E+008  1.886E+008
 4.130E+013  3.142E-009  6.599E+008  1.897E+008
 4.150E+013  3.228E-009  6.626E+008  1.908E+008
 4.170E+013  3.317E-009  6.653E+008  1.920E+008
 4.190E+013  3.408E-009  6.681E+008  1.931E+008
 4.210E+013  3.501E-009  6.710E+008  1.942E+008
 4.230E+013  3.597E-009  6.740E+008  1.953E+008
 4.250E+013  3.696E-009  6.771E+008  1.965E+008
 4.270E+013  3.798E-009  6.803E+008  1.976E+008
 4.290E+013  3.902E-009  6.836E+008  1.988E+008
 4.310E+013  4.010E-009  6.871E+008  1.999E+008
 4.330E+013  4.120E-009  6.906E+008  2.011E+008
 4.350E+013  4.234E-009  6.943E+008  2.023E+008
 4.370E+013  4.351E-009  6.981E+008  2.035E+008
 4.390E+013  4.471E-009  7.021E+008  2.047E+008
 4.410E+013  4.595E-009  7.062E+008  2.059E+008
 4.430E+013  4.722E-009  7.104E+008  2.071E+008
 4.450E+013  4.853E-009  7.147E+008  2.083E+008
 4.470E+013  4.988E-009  7.193E+008  2.095E+008
 4.490E+013  5.127E-009  7.239E+008  2.108E+008
 4.510E+013  5.271E-009  7.288E+008  2.120E+008
 4.530E+013  5.418E-009  7.338E+008  2.133E+008
 4.550E+013  5.571E-009  7.390E+008  2.146E+008
 4.570E+013  5.727E-009  7.444E+008  2.159E+008
 4.590E+013  5.889E-009  7.499E+008  2.172E+008
 4.610E+013  6.056E-009  7.557E+008  2.185E+008
 4.630E+013  6.228E-009  7.616E+008  2.198E+008
 4.650E+013  6.406E-009  7.678E+008  2.211E+008
 4.670E+013  6.590E-009  7.742E+008  2.225E+008
 4.690E+013  6.779E-009  7.808E+008  2.238E+008
 4.710E+013  6.975E-009  7.877E+008  2.252E+008
 4.730E+013  7.178E-009  7.948E+008  2.266E+008
 4.750E+013  7.387E-009  8.022E+008  2.280E+008
 4.770E+013  7.604E-009  8.098E+008  2.294E+008
 4.790E+013  7.828E-009  8.178E+008  2.308E+008
 4.810E+013  8.060E-009  8.260E+008  2.323E+008
 4.830E+013  8.301E-009  8.345E+008  2.337E+008
 4.850E+013  8.550E-009  8.434E+008  2.352E+008
 4.870E+013  8.808E-009  8.525E+008  2.367E+008
 4.890E+013  9.075E-009  8.621E+008  2.382E+008
 4.910E+013  9.353E-009  8.719E+008  2.397E+008
 4.930E+013  9.641E-009  8.822E+008  2.412E+008
 4.950E+013  9.940E-009  8.928E+008  2.428E+008
 4.970E+013  1.025E-008  9.039E+008  2.444E+008
 4.990E+013  1.057E-008  9.154E+008  2.459E+008
 5.010E+013  1.091E-008  9.273E+008  2.475E+008
 5.030E+013  1.126E-008  9.397E+008  2.491E+008
 5.050E+013  1.162E-008  9.526E+008  2.508E+008
 5.070E+013  1.199E-008  9.660E+008  2.524E+008
 5.090E+013  1.239E-008  9.799E+008  2.541E+008
 5.110E+013  1.279E-008  9.944E+008  2.558E+008
 5.130E+013  1.322E-008  1.010E+009  2.575E+008
 5.150E+013  1.366E-008  1.025E+009  2.592E+008
 5.170E+013  1.413E-008  1.042E+009  2.609E+008
 5.190E+013  1.461E-008  1.059E+009  2.627E+008
 5.210E+013  1.511E-008  1.076E+009  2.644E+008
 5.230E+013  1.564E-008  1.095E+009  2.662E+008
 5.250E+013  1.618E-008  1.114E+009  2.680E+008
 5.270E+013  1.676E-008  1.134E+009  2.699E+008
 5.290E+013  1.736E-008  1.155E+009  2.717E+008
 5.310E+013  1.799E-008  1.177E+009  2.736E+008
 5.330E+013  1.864E-008  1.199E+009  2.754E+008
 5.350E+013  1.933E-008  1.223E+009  2.773E+008
 5.370E+013  2.005E-008  1.248E+009  2.793E+008
 5.390E+013  2.081E-008  1.274E+009  2.812E+008
 5.410E+013  2.160E-008  1.301E+009  2.831E+008
 5.430E+013  2.244E-008  1.329E+009  2.851E+008
 5.450E+013  2.331E-008  1.359E+009  2.871E+008
 5.470E+013  2.423E-008  1.390E+009  2.891E+008
 5.490E+013  2.520E-008  1.422E+009  2.911E+008
 5.510E+013  2.622E-008  1.456E+009  2.932E+008
 5.530E+013  2.729E-008  1.491E+009  2.953E+008
 5.550E+013  2.842E-008  1.528E+009  2.973E+008
 5.570E+013  2.960E-008  1.567E+009  2.994E+008
 5.590E+013  3.086E-008  1.608E+009  3.015E+008
 5.610E+013  3.221E-008  1.652E+009  3.038E+008
 5.630E+013  3.357E-008  1.694E+009  3.059E+008
 5.650E+013  3.498E-008  1.736E+009  3.075E+008
 5.670E+013  3.683E-008  1.813E+009  3.102E+008
 5.690E+013  3.836E-008  1.871E+009  3.150E+008
 5.710E+013  3.792E-008  1.760E+009  3.141E+008
 5.730E+013  3.126E-008  1.172E+009  2.946E+008
 5.750E+013  1.884E-008  3.449E+008  2.318E+008
 5.770E+013  1.208E-008  2.820E+007  1.231E+008
 5.790E+013  1.021E-008  1.178E+005  2.567E+007
 5.810E+013  1.000E-008  6.285E+001  5.623E+005
 5.830E+013  1.000E-008  6.236E+001  1.163E+002
 5.850E+013  1.000E-008  6.236E+001  2.182E-006
 5.870E+013  1.000E-008  6.236E+001  3.059E-022
 5.890E+013  1.000E-008  6.236E+001  1.870E-054
 5.910E+013  1.000E-008  6.236E+001  1.210E-119
 5.930E+013  1.000E-008  6.236E+001  2.114E-251
 5.950E+013  1.000E-008  6.236E+001  0.000E+000
 5.970E+013  1.000E-008  6.236E+001  0.000E+000
 5.990E+013  1.000E-008  6.236E+001  0.000E+000
 6.010E+013  1.000E-008  6.236E+001  0.000E+000
 6.030E+013  1.000E-008  6.236E+001  1.919E-013
 6.050E+013  1.000E-008  6.236E+001 -1.919E-013
 6.070E+013  1.000E-008  6.236E+001  1.919E-013
 6.090E+013  1.000E-008  6.236E+001 -1.919E-013
 6.110E+013  1.000E-008  6.236E+001  0.000E+000
 6.130E+013  1.000E-008  6.236E+001  0.000E+000
 6.150E+013  1.000E-008  6.236E+001  0.000E+000
 6.170E+013  1.000E-008  6.236E+001  1.919E-013
 6.190E+013  1.000E-008  6.236E+001 -1.919E-013
 6.210E+013  1.000E-008  6.236E+001  0.000E+000
 6.230E+013  1.000E-008  6.236E+001  0.000E+000
 6.250E+013  1.000E-008  6.236E+001  0.000E+000
 6.270E+013  1.000E-008  6.236E+001  0.000E+000
 6.290E+013  1.000E-008  6.236E+001  0.000E+000
 6.310E+013  1.000E-008  6.236E+001  0.000E+000
 6.330E+013  1.000E-008  6.236E+001  0.000E+000
 6.350E+013  1.000E-008  6.236E+001  1.919E-013
 6.370E+013  1.000E-008  6.236E+001 -1.919E-013
 6.390E+013  1.000E-008  6.236E+001  0.000E+000
 6.410E+013  1.000E-008  6.236E+001  0.000E+000
 6.430E+013  1.000E-008  6.236E+001  0.000E+000
 6.450E+013  1.000E-008  6.236E+001  0.000E+000
 6.470E+013  1.000E-008  6.236E+001  1.919E-013
 6.490E+013  1.000E-008  6.236E+001 -1.919E-013
 6.510E+013  1.000E-008  6.236E+001  0.000E+000
 6.530E+013  1.000E-008  6.236E+001  0.000E+000
 6.550E+013  1.000E-008  6.236E+001  0.000E+000
 6.570E+013  1.000E-008  6.236E+001  0.000E+000
 6.590E+013  1.000E-008  6.236E+001  1.919E-013
 6.610E+013  1.000E-008  6.236E+001 -1.919E-013
 6.630E+013  1.000E-008  6.236E+001  0.000E+000
 6.650E+013  1.000E-008  6.236E+001  0.000E+000
 6.670E+013  1.000E-008  6.236E+001  0.000E+000
 6.690E+013  1.000E-008  6.236E+001  1.919E-013
 6.710E+013  1.000E-008  6.236E+001 -1.919E-013
 6.730E+013  1.000E-008  6.236E+001  0.000E+000
 6.750E+013  1.000E-008  6.236E+001  0.000E+000
 6.770E+013  1.000E-008  6.236E+001  1.919E-013
 6.790E+013  1.000E-008  6.236E+001 -1.919E-013
 6.810E+013  1.000E-008  6.236E+001  1.919E-013
 6.830E+013  1.000E-008  6.236E+001 -9.718E-036
 6.850E+013  1.000E-008  6.236E+001 -1.919E-013
 6.870E+013  1.000E-008  6.236E+001  0.000E+000
 6.890E+013  1.000E-008  6.236E+001  0.000E+000
 6.910E+013  1.000E-008  6.236E+001  0.000E+000
 6.930E+013  1.000E-008  6.236E+001  1.919E-013
 6.950E+013  1.000E-008  6.236E+001 -1.919E-013
 6.970E+013  1.000E-008  6.236E+001  0.000E+000
 6.990E+013  1.000E-008  6.236E+001  0.000E+000
 7.010E+013  1.000E-008  6.236E+001  0.000E+000
 7.030E+013  1.000E-008  6.236E+001  0.000E+000
 7.050E+013  1.000E-008  6.236E+001  0.000E+000
 7.070E+013  1.000E-008  6.236E+001  0.000E+000
 7.090E+013  1.000E-008  6.236E+001  0.000E+000
 7.110E+013  1.000E-008  6.236E+001  0.000E+000
 7.130E+013  1.000E-008  6.236E+001  0.000E+000
 7.150E+013  1.000E-008  6.236E+001  0.000E+000
 7.170E+013  1.000E-008  6.236E+001  0.000E+000
 7.190E+013  1.000E-008  6.236E+001  1.919E-013
 7.210E+013  1.000E-008  6.236E+001 -1.919E-013
 7.230E+013  1.000E-008  6.236E+001  0.000E+000
 7.250E+013  1.000E-008  6.236E+001  0.000E+000
 7.270E+013  1.000E-008  6.236E+001  3.837E-013
 7.290E+013  1.000E-008  6.236E+001 -3.641E-035
 7.310E+013  1.000E-008  6.236E+001 -3.837E-013
 7.330E+013  1.000E-008  6.236E+001 -8.289E-033
 7.350E+013  1.000E-008  6.236E+001 -1.919E-013
 7.370E+013  1.000E-008  6.236E+001  1.919E-013
 7.390E+013  1.000E-008  6.236E+001  8.280E-033
 7.410E+013  1.000E-008  6.236E+001  5.287E-072
 7.430E+013  1.000E-008  6.236E+001  1.005E-150
 7.450E+013  1.000E-008  6.236E+001  1.757E-308
 7.470E+013  1.000E-008  6.236E+001  0.000E+000
 7.490E+013  1.000E-008  6.236E+001  0.000E+000
 7.510E+013  1.000E-008  6.236E+001  0.000E+000
 7.530E+013  1.000E-008  6.236E+001  0.000E+000
 7.550E+013  1.000E-008  6.236E+001  0.000E+000
 7.570E+013  1.000E-008  6.236E+001  0.000E+000
 7.590E+013  1.000E-008  6.236E+001  0.000E+000
 7.610E+013  1.000E-008  6.236E+001  0.000E+000
 7.630E+013  1.000E-008  6.236E+001  0.000E+000
 7.650E+013  1.000E-008  6.236E+001  0.000E+000
 7.670E+013  1.000E-008  6.236E+001  3.837E-013
 7.690E+013  1.000E-008  6.236E+001 -3.837E-013
 7.710E+013  1.000E-008  6.236E+001  5.756E-013
 7.730E+013  1.000E-008  6.236E+001 -5.756E-013
 7.750E+013  1.000E-008  6.236E+001  1.963E-033
 7.770E+013  1.000E-008  6.236E+001  3.837E-013
 7.790E+013  1.000E-008  6.236E+001 -1.151E-012
 7.810E+013  1.000E-008  6.236E+001  1.151E-012
 7.830E+013  1.000E-008  6.236E+001 -3.837E-013
 7.850E+013  1.000E-008  6.236E+001 -3.735E-072
 7.870E+013  1.000E-008  6.236E+001 -6.960E-033
 7.890E+013  1.000E-008  6.236E+001 -1.919E-013
 7.910E+013  1.000E-008  6.236E+001 -9.593E-013
 7.930E+013  1.000E-008  6.236E+001  5.756E-013
 7.950E+013  1.000E-008  6.236E+001  5.756E-013
 7.970E+013  1.000E-008  6.236E+001 -7.674E-013
 7.990E+013  1.000E-008  6.236E+001  7.674E-013
 8.010E+013  1.000E-008  6.236E+001  1.325E-031
 8.030E+013  1.000E-008  6.236E+001  1.353E-069
 8.050E+013  1.000E-008  6.236E+001  6.589E-146
 8.070E+013  1.000E-008  6.236E+001 -8.137E-292
 8.090E+013  1.000E-008  6.236E+001 -2.164E-142
 8.110E+013  1.000E-008  6.236E+001 -7.756E-068
 8.130E+013  1.000E-008  6.236E+001 -1.003E-030
 8.150E+013  1.000E-008  6.236E+001 -2.110E-012
 8.170E+013  1.000E-008  6.236E+001  2.686E-012
 8.190E+013  1.000E-008  6.236E+001 -5.756E-013
 8.210E+013  1.000E-008  6.236E+001  0.000E+000
 8.230E+013  1.000E-008  6.236E+001  0.000E+000
 8.250E+013  1.000E-008  6.236E+001  0.000E+000
 8.270E+013  1.000E-008  6.236E+001  0.000E+000
 8.290E+013  1.000E-008  6.236E+001  7.674E-013
 8.310E+013  1.000E-008  6.236E+001 -7.674E-013
 8.330E+013  1.000E-008  6.236E+001 -8.048E-033
 8.350E+013  1.000E-008  6.236E+001  1.151E-012
 8.370E+013  1.000E-008  6.236E+001 -9.593E-013
 8.390E+013  1.000E-008  6.236E+001 -8.288E-033
 8.410E+013  1.000E-008  6.236E+001 -1.919E-013
 8.430E+013  1.000E-008  6.236E+001  1.919E-013
 8.450E+013  1.000E-008  6.236E+001 -7.852E-036
 8.470E+013  1.000E-008  6.236E+001 -1.919E-013
 8.490E+013  1.000E-008  6.236E+001 -3.908E-036
 8.510E+013  1.000E-008  6.236E+001  1.919E-013
 8.530E+013  1.000E-008  6.236E+001 -7.779E-036
 8.550E+013  1.000E-008  6.236E+001 -1.919E-013
 8.570E+013  1.000E-008  6.236E+001 -3.871E-036
 8.590E+013  1.000E-008  6.236E+001  1.919E-013
 8.610E+013  1.000E-008  6.236E+001 -1.919E-013
 8.630E+013  1.000E-008  6.236E+001  0.000E+000
 8.650E+013  1.000E-008  6.236E+001  0.000E+000
 8.670E+013  1.000E-008  6.236E+001  0.000E+000
 8.690E+013  1.000E-008  6.236E+001  0.000E+000
 8.710E+013  1.000E-008  6.236E+001  0.000E+000
 8.730E+013  1.000E-008  6.236E+001  0.000E+000
 8.750E+013  1.000E-008  6.236E+001  1.919E-013
 8.770E+013  1.000E-008  6.236E+001 -1.919E-013
 8.790E+013  1.000E-008  6.236E+001 -3.774E-036
 8.810E+013  1.000E-008  6.236E+001  1.919E-013
 8.830E+013  1.000E-008  6.236E+001 -1.919E-013
 8.850E+013  1.000E-008  6.236E+001  1.919E-013
 8.870E+013  1.000E-008  6.236E+001  1.919E-013
 8.890E+013  1.000E-008  6.236E+001 -3.837E-013
 8.910E+013  1.000E-008  6.236E+001  0.000E+000
 8.930E+013  1.000E-008  6.236E+001  0.000E+000
 8.950E+013  1.000E-008  6.236E+001  0.000E+000
 8.970E+013  1.000E-008  6.236E+001  0.000E+000
 8.990E+013  1.000E-008  6.236E+001  0.000E+000
 9.010E+013  1.000E-008  6.236E+001  1.919E-013
 9.030E+013  1.000E-008  6.236E+001 -7.347E-036
 9.050E+013  1.000E-008  6.236E+001 -1.919E-013
 9.070E+013  1.000E-008  6.236E+001  1.919E-013
 9.090E+013  1.000E-008  6.236E+001 -7.299E-036
 9.110E+013  1.000E-008  6.236E+001 -1.919E-013
 9.130E+013  1.000E-008  6.236E+001  0.000E+000
 9.150E+013  1.000E-008  6.236E+001  0.000E+000
 9.170E+013  1.000E-008  6.236E+001  0.000E+000
 9.190E+013  1.000E-008  6.236E+001  0.000E+000
 9.210E+013  1.000E-008  6.236E+001  0.000E+000
 9.230E+013  1.000E-008  6.236E+001  1.919E-013
 9.250E+013  1.000E-008  6.236E+001 -7.172E-036
 9.270E+013  1.000E-008  6.236E+001 -1.919E-013
 9.290E+013  1.000E-008  6.236E+001  0.000E+000
 9.310E+013  1.000E-008  6.236E+001  0.000E+000
 9.330E+013  1.000E-008  6.236E+001  0.000E+000
 9.350E+013  1.000E-008  6.236E+001  0.000E+000
 9.370E+013  1.000E-008  6.236E+001  1.919E-013
 9.390E+013  1.000E-008  6.236E+001 -1.919E-013
 9.410E+013  1.000E-008  6.236E+001  1.919E-013
 9.430E+013  1.000E-008  6.236E+001 -1.919E-013
 9.450E+013  1.000E-008  6.236E+001  0.000E+000
 9.470E+013  1.000E-008  6.236E+001  0.000E+000
 9.490E+013  1.000E-008  6.236E+001  0.000E+000
 9.510E+013  1.000E-008  6.236E+001  0.000E+000
 9.530E+013  1.000E-008  6.236E+001  1.919E-013
 9.550E+013  1.000E-008  6.236E+001 -1.919E-013
 9.570E+013  1.000E-008  6.236E+001 -5.297E-072
 9.590E+013  1.000E-008  6.236E+001 -8.288E-033
 9.610E+013  1.000E-008  6.236E+001 -1.919E-013
 9.630E+013  1.000E-008  6.236E+001  1.919E-013
 9.650E+013  1.000E-008  6.236E+001  8.281E-033
 9.670E+013  1.000E-008  6.236E+001  1.919E-013
 9.690E+013  1.000E-008  6.236E+001 -1.919E-013
 9.710E+013  1.000E-008  6.236E+001  0.000E+000
 9.730E+013  1.000E-008  6.236E+001  0.000E+000
 9.750E+013  1.000E-008  6.236E+001  0.000E+000
 9.770E+013  1.000E-008  6.236E+001  0.000E+000
 9.790E+013  1.000E-008  6.236E+001  0.000E+000
 9.810E+013  1.000E-008  6.236E+001  0.000E+000
 9.830E+013  1.000E-008  6.236E+001  0.000E+000
 9.850E+013  1.000E-008  6.236E+001  0.000E+000
 9.870E+013  1.000E-008  6.236E+001  0.000E+000
 9.890E+013  1.000E-008  6.236E+001  0.000E+000
 9.910E+013  1.000E-008  6.236E+001  0.000E+000
 9.930E+013  1.000E-008  6.236E+001  0.000E+000
 9.950E+013  1.000E-008  6.236E+001  1.919E-013
 9.970E+013  1.000E-008  6.236E+001 -1.919E-013
 9.990E+013  1.000E-008  6.236E+001  0.000E+000
 1.001E+014  1.000E-099  1.000E-099  0.000E+000
 1.003E+014  1.000E-099  1.000E-099  0.000E+000
 1.712E-003
