 2.280E+005
     x1b        dens       energ       v1
 1.000E+011  1.199E-012  1.029E+008  0.000E+000
 3.000E+011  1.200E-012  1.029E+008  2.261E+005
 5.000E+011  1.201E-012  1.029E+008  4.194E+005
 7.000E+011  1.203E-012  1.029E+008  6.400E+005
 9.000E+011  1.206E-012  1.029E+008  8.483E+005
 1.100E+012  1.212E-012  1.029E+008  1.063E+006
 1.300E+012  1.219E-012  1.029E+008  1.274E+006
 1.500E+012  1.228E-012  1.029E+008  1.487E+006
 1.700E+012  1.238E-012  1.029E+008  1.699E+006
 1.900E+012  1.251E-012  1.029E+008  1.912E+006
 2.100E+012  1.264E-012  1.029E+008  2.124E+006
 2.300E+012  1.279E-012  1.029E+008  2.337E+006
 2.500E+012  1.294E-012  1.029E+008  2.549E+006
 2.700E+012  1.310E-012  1.029E+008  2.762E+006
 2.900E+012  1.327E-012  1.029E+008  2.974E+006
 3.100E+012  1.344E-012  1.029E+008  3.187E+006
 3.300E+012  1.361E-012  1.029E+008  3.399E+006
 3.500E+012  1.377E-012  1.029E+008  3.611E+006
 3.700E+012  1.394E-012  1.029E+008  3.824E+006
 3.900E+012  1.410E-012  1.029E+008  4.036E+006
 4.100E+012  1.426E-012  1.029E+008  4.249E+006
 4.300E+012  1.440E-012  1.029E+008  4.461E+006
 4.500E+012  1.453E-012  1.029E+008  4.674E+006
 4.700E+012  1.463E-012  1.029E+008  4.886E+006
 4.900E+012  1.470E-012  1.029E+008  5.098E+006
 5.100E+012  1.473E-012  1.029E+008  5.311E+006
 5.300E+012  1.473E-012  1.029E+008  5.523E+006
 5.500E+012  1.473E-012  1.029E+008  5.736E+006
 5.700E+012  1.473E-012  1.029E+008  5.948E+006
 5.900E+012  1.473E-012  1.029E+008  6.161E+006
 6.100E+012  1.473E-012  1.029E+008  6.373E+006
 6.300E+012  1.473E-012  1.029E+008  6.585E+006
 6.500E+012  1.473E-012  1.029E+008  6.798E+006
 6.700E+012  1.473E-012  1.029E+008  7.010E+006
 6.900E+012  1.472E-012  1.029E+008  7.223E+006
 7.100E+012  1.471E-012  1.029E+008  7.435E+006
 7.300E+012  1.471E-012  1.029E+008  7.648E+006
 7.500E+012  1.469E-012  1.029E+008  7.860E+006
 7.700E+012  1.468E-012  1.029E+008  8.072E+006
 7.900E+012  1.467E-012  1.029E+008  8.285E+006
 8.100E+012  1.466E-012  1.029E+008  8.497E+006
 8.300E+012  1.466E-012  1.029E+008  8.710E+006
 8.500E+012  1.466E-012  1.029E+008  8.922E+006
 8.700E+012  1.466E-012  1.029E+008  9.135E+006
 8.900E+012  1.466E-012  1.029E+008  9.347E+006
 9.100E+012  1.466E-012  1.029E+008  9.560E+006
 9.300E+012  1.466E-012  1.029E+008  9.772E+006
 9.500E+012  1.466E-012  1.029E+008  9.984E+006
 9.700E+012  1.467E-012  1.029E+008  1.020E+007
 9.900E+012  1.467E-012  1.029E+008  1.041E+007
 1.010E+013  1.468E-012  1.029E+008  1.062E+007
 1.030E+013  1.470E-012  1.029E+008  1.083E+007
 1.050E+013  1.472E-012  1.029E+008  1.105E+007
 1.070E+013  1.474E-012  1.029E+008  1.126E+007
 1.090E+013  1.477E-012  1.029E+008  1.147E+007
 1.110E+013  1.480E-012  1.029E+008  1.168E+007
 1.130E+013  1.485E-012  1.029E+008  1.190E+007
 1.150E+013  1.490E-012  1.029E+008  1.211E+007
 1.170E+013  1.496E-012  1.029E+008  1.232E+007
 1.190E+013  1.503E-012  1.029E+008  1.253E+007
 1.210E+013  1.511E-012  1.029E+008  1.275E+007
 1.230E+013  1.520E-012  1.029E+008  1.296E+007
 1.250E+013  1.531E-012  1.029E+008  1.317E+007
 1.270E+013  1.543E-012  1.029E+008  1.338E+007
 1.290E+013  1.557E-012  1.029E+008  1.360E+007
 1.310E+013  1.573E-012  1.029E+008  1.381E+007
 1.330E+013  1.590E-012  1.029E+008  1.402E+007
 1.350E+013  1.610E-012  1.029E+008  1.423E+007
 1.370E+013  1.631E-012  1.029E+008  1.445E+007
 1.390E+013  1.655E-012  1.029E+008  1.466E+007
 1.410E+013  1.682E-012  1.029E+008  1.487E+007
 1.430E+013  1.712E-012  1.029E+008  1.508E+007
 1.450E+013  1.744E-012  1.029E+008  1.530E+007
 1.470E+013  1.780E-012  1.029E+008  1.551E+007
 1.490E+013  1.819E-012  1.029E+008  1.572E+007
 1.510E+013  1.862E-012  1.029E+008  1.593E+007
 1.530E+013  1.909E-012  1.029E+008  1.615E+007
 1.550E+013  1.960E-012  1.029E+008  1.636E+007
 1.570E+013  2.016E-012  1.029E+008  1.657E+007
 1.590E+013  2.078E-012  1.029E+008  1.678E+007
 1.610E+013  2.145E-012  1.029E+008  1.700E+007
 1.630E+013  2.218E-012  1.029E+008  1.721E+007
 1.650E+013  2.298E-012  1.029E+008  1.742E+007
 1.670E+013  2.385E-012  1.029E+008  1.764E+007
 1.690E+013  2.480E-012  1.029E+008  1.785E+007
 1.710E+013  2.583E-012  1.029E+008  1.806E+007
 1.730E+013  2.695E-012  1.029E+008  1.827E+007
 1.750E+013  2.817E-012  1.029E+008  1.849E+007
 1.770E+013  2.949E-012  1.029E+008  1.870E+007
 1.790E+013  3.093E-012  1.029E+008  1.891E+007
 1.810E+013  3.249E-012  1.029E+008  1.913E+007
 1.830E+013  3.418E-012  1.029E+008  1.934E+007
 1.850E+013  3.601E-012  1.029E+008  1.955E+007
 1.870E+013  3.800E-012  1.029E+008  1.976E+007
 1.890E+013  4.014E-012  1.029E+008  1.998E+007
 1.910E+013  4.245E-012  1.029E+008  2.019E+007
 1.930E+013  4.494E-012  1.029E+008  2.040E+007
 1.950E+013  4.762E-012  1.029E+008  2.062E+007
 1.970E+013  5.050E-012  1.029E+008  2.083E+007
 1.990E+013  5.358E-012  1.029E+008  2.104E+007
 2.010E+013  5.688E-012  1.029E+008  2.125E+007
 2.030E+013  6.040E-012  1.029E+008  2.147E+007
 2.050E+013  6.415E-012  1.029E+008  2.168E+007
 2.070E+013  6.812E-012  1.029E+008  2.189E+007
 2.090E+013  7.233E-012  1.029E+008  2.211E+007
 2.110E+013  7.678E-012  1.029E+008  2.232E+007
 2.130E+013  8.145E-012  1.029E+008  2.253E+007
 2.150E+013  8.635E-012  1.029E+008  2.274E+007
 2.170E+013  9.147E-012  1.029E+008  2.295E+007
 2.190E+013  9.681E-012  1.029E+008  2.317E+007
 2.210E+013  1.024E-011  1.029E+008  2.338E+007
 2.230E+013  1.081E-011  1.029E+008  2.359E+007
 2.250E+013  1.140E-011  1.029E+008  2.380E+007
 2.270E+013  1.201E-011  1.029E+008  2.402E+007
 2.290E+013  1.263E-011  1.029E+008  2.423E+007
 2.310E+013  1.327E-011  1.029E+008  2.444E+007
 2.330E+013  1.392E-011  1.029E+008  2.465E+007
 2.350E+013  1.459E-011  1.029E+008  2.486E+007
 2.370E+013  1.526E-011  1.029E+008  2.508E+007
 2.390E+013  1.594E-011  1.029E+008  2.529E+007
 2.410E+013  1.664E-011  1.029E+008  2.550E+007
 2.430E+013  1.734E-011  1.029E+008  2.571E+007
 2.450E+013  1.805E-011  1.029E+008  2.592E+007
 2.470E+013  1.876E-011  1.029E+008  2.614E+007
 2.490E+013  1.948E-011  1.029E+008  2.635E+007
 2.510E+013  2.021E-011  1.029E+008  2.656E+007
 2.530E+013  2.095E-011  1.029E+008  2.677E+007
 2.550E+013  2.169E-011  1.029E+008  2.698E+007
 2.570E+013  2.245E-011  1.029E+008  2.720E+007
 2.590E+013  2.321E-011  1.029E+008  2.741E+007
 2.610E+013  2.398E-011  1.029E+008  2.762E+007
 2.630E+013  2.476E-011  1.029E+008  2.783E+007
 2.650E+013  2.556E-011  1.029E+008  2.805E+007
 2.670E+013  2.637E-011  1.029E+008  2.826E+007
 2.690E+013  2.719E-011  1.029E+008  2.847E+007
 2.710E+013  2.802E-011  1.029E+008  2.868E+007
 2.730E+013  2.888E-011  1.029E+008  2.890E+007
 2.750E+013  2.975E-011  1.029E+008  2.911E+007
 2.770E+013  3.064E-011  1.029E+008  2.932E+007
 2.790E+013  3.155E-011  1.029E+008  2.953E+007
 2.810E+013  3.248E-011  1.029E+008  2.975E+007
 2.830E+013  3.344E-011  1.029E+008  2.996E+007
 2.850E+013  3.442E-011  1.029E+008  3.017E+007
 2.870E+013  3.543E-011  1.029E+008  3.038E+007
 2.890E+013  3.646E-011  1.029E+008  3.060E+007
 2.910E+013  3.753E-011  1.029E+008  3.081E+007
 2.930E+013  3.863E-011  1.029E+008  3.102E+007
 2.950E+013  3.976E-011  1.029E+008  3.123E+007
 2.970E+013  4.092E-011  1.029E+008  3.145E+007
 2.990E+013  4.212E-011  1.029E+008  3.166E+007
 3.010E+013  4.336E-011  1.029E+008  3.187E+007
 3.030E+013  4.463E-011  1.029E+008  3.208E+007
 3.050E+013  4.594E-011  1.029E+008  3.230E+007
 3.070E+013  4.730E-011  1.029E+008  3.251E+007
 3.090E+013  4.869E-011  1.029E+008  3.272E+007
 3.110E+013  5.013E-011  1.029E+008  3.293E+007
 3.130E+013  5.161E-011  1.029E+008  3.315E+007
 3.150E+013  5.314E-011  1.029E+008  3.336E+007
 3.170E+013  5.471E-011  1.029E+008  3.357E+007
 3.190E+013  5.633E-011  1.029E+008  3.379E+007
 3.210E+013  5.799E-011  1.029E+008  3.400E+007
 3.230E+013  5.969E-011  1.029E+008  3.421E+007
 3.250E+013  6.145E-011  1.029E+008  3.442E+007
 3.270E+013  6.324E-011  1.029E+008  3.464E+007
 3.290E+013  6.509E-011  1.029E+008  3.485E+007
 3.310E+013  6.698E-011  1.029E+008  3.506E+007
 3.330E+013  6.891E-011  1.029E+008  3.527E+007
 3.350E+013  7.089E-011  1.029E+008  3.549E+007
 3.370E+013  7.291E-011  1.029E+008  3.570E+007
 3.390E+013  7.498E-011  1.030E+008  3.591E+007
 3.410E+013  7.709E-011  1.030E+008  3.612E+007
 3.430E+013  7.924E-011  1.030E+008  3.634E+007
 3.450E+013  8.143E-011  1.030E+008  3.655E+007
 3.470E+013  8.367E-011  1.030E+008  3.676E+007
 3.490E+013  8.595E-011  1.030E+008  3.698E+007
 3.510E+013  8.826E-011  1.030E+008  3.719E+007
 3.530E+013  9.062E-011  1.030E+008  3.740E+007
 3.550E+013  9.302E-011  1.030E+008  3.761E+007
 3.570E+013  9.547E-011  1.030E+008  3.783E+007
 3.590E+013  9.795E-011  1.030E+008  3.804E+007
 3.610E+013  1.005E-010  1.030E+008  3.825E+007
 3.630E+013  1.030E-010  1.030E+008  3.847E+007
 3.650E+013  1.057E-010  1.030E+008  3.868E+007
 3.670E+013  1.083E-010  1.030E+008  3.889E+007
 3.690E+013  1.110E-010  1.030E+008  3.910E+007
 3.710E+013  1.138E-010  1.030E+008  3.932E+007
 3.730E+013  1.166E-010  1.030E+008  3.953E+007
 3.750E+013  1.194E-010  1.030E+008  3.974E+007
 3.770E+013  1.223E-010  1.030E+008  3.996E+007
 3.790E+013  1.253E-010  1.030E+008  4.017E+007
 3.810E+013  1.283E-010  1.030E+008  4.038E+007
 3.830E+013  1.314E-010  1.030E+008  4.059E+007
 3.850E+013  1.345E-010  1.030E+008  4.081E+007
 3.870E+013  1.377E-010  1.030E+008  4.102E+007
 3.890E+013  1.410E-010  1.031E+008  4.123E+007
 3.910E+013  1.443E-010  1.031E+008  4.145E+007
 3.930E+013  1.478E-010  1.031E+008  4.166E+007
 3.950E+013  1.512E-010  1.031E+008  4.187E+007
 3.970E+013  1.548E-010  1.031E+008  4.209E+007
 3.990E+013  1.584E-010  1.031E+008  4.230E+007
 4.010E+013  1.622E-010  1.031E+008  4.251E+007
 4.030E+013  1.660E-010  1.031E+008  4.273E+007
 4.050E+013  1.699E-010  1.031E+008  4.294E+007
 4.070E+013  1.738E-010  1.031E+008  4.315E+007
 4.090E+013  1.779E-010  1.031E+008  4.337E+007
 4.110E+013  1.820E-010  1.031E+008  4.358E+007
 4.130E+013  1.863E-010  1.031E+008  4.379E+007
 4.150E+013  1.906E-010  1.031E+008  4.401E+007
 4.170E+013  1.950E-010  1.032E+008  4.422E+007
 4.190E+013  1.996E-010  1.032E+008  4.443E+007
 4.210E+013  2.042E-010  1.032E+008  4.465E+007
 4.230E+013  2.089E-010  1.032E+008  4.486E+007
 4.250E+013  2.137E-010  1.032E+008  4.507E+007
 4.270E+013  2.186E-010  1.032E+008  4.529E+007
 4.290E+013  2.236E-010  1.032E+008  4.550E+007
 4.310E+013  2.287E-010  1.032E+008  4.572E+007
 4.330E+013  2.339E-010  1.032E+008  4.593E+007
 4.350E+013  2.392E-010  1.032E+008  4.614E+007
 4.370E+013  2.446E-010  1.033E+008  4.636E+007
 4.390E+013  2.501E-010  1.033E+008  4.657E+007
 4.410E+013  2.557E-010  1.033E+008  4.679E+007
 4.430E+013  2.614E-010  1.033E+008  4.700E+007
 4.450E+013  2.673E-010  1.033E+008  4.721E+007
 4.470E+013  2.732E-010  1.033E+008  4.743E+007
 4.490E+013  2.792E-010  1.033E+008  4.764E+007
 4.510E+013  2.853E-010  1.033E+008  4.786E+007
 4.530E+013  2.915E-010  1.034E+008  4.807E+007
 4.550E+013  2.979E-010  1.034E+008  4.829E+007
 4.570E+013  3.043E-010  1.034E+008  4.850E+007
 4.590E+013  3.108E-010  1.034E+008  4.871E+007
 4.610E+013  3.175E-010  1.034E+008  4.893E+007
 4.630E+013  3.243E-010  1.034E+008  4.914E+007
 4.650E+013  3.312E-010  1.034E+008  4.936E+007
 4.670E+013  3.382E-010  1.035E+008  4.957E+007
 4.690E+013  3.453E-010  1.035E+008  4.979E+007
 4.710E+013  3.525E-010  1.035E+008  5.000E+007
 4.730E+013  3.599E-010  1.035E+008  5.022E+007
 4.750E+013  3.673E-010  1.035E+008  5.043E+007
 4.770E+013  3.749E-010  1.036E+008  5.065E+007
 4.790E+013  3.827E-010  1.036E+008  5.086E+007
 4.810E+013  3.905E-010  1.036E+008  5.108E+007
 4.830E+013  3.985E-010  1.036E+008  5.129E+007
 4.850E+013  4.066E-010  1.036E+008  5.151E+007
 4.870E+013  4.148E-010  1.037E+008  5.172E+007
 4.890E+013  4.232E-010  1.037E+008  5.194E+007
 4.910E+013  4.317E-010  1.037E+008  5.216E+007
 4.930E+013  4.403E-010  1.037E+008  5.237E+007
 4.950E+013  4.491E-010  1.037E+008  5.259E+007
 4.970E+013  4.580E-010  1.038E+008  5.280E+007
 4.990E+013  4.671E-010  1.038E+008  5.302E+007
 5.010E+013  4.763E-010  1.038E+008  5.324E+007
 5.030E+013  4.856E-010  1.038E+008  5.345E+007
 5.050E+013  4.951E-010  1.039E+008  5.367E+007
 5.070E+013  5.047E-010  1.039E+008  5.388E+007
 5.090E+013  5.144E-010  1.039E+008  5.410E+007
 5.110E+013  5.243E-010  1.039E+008  5.432E+007
 5.130E+013  5.344E-010  1.040E+008  5.454E+007
 5.150E+013  5.446E-010  1.040E+008  5.475E+007
 5.170E+013  5.549E-010  1.040E+008  5.497E+007
 5.190E+013  5.655E-010  1.041E+008  5.519E+007
 5.210E+013  5.761E-010  1.041E+008  5.540E+007
 5.230E+013  5.869E-010  1.041E+008  5.562E+007
 5.250E+013  5.979E-010  1.042E+008  5.584E+007
 5.270E+013  6.090E-010  1.042E+008  5.606E+007
 5.290E+013  6.203E-010  1.042E+008  5.627E+007
 5.310E+013  6.318E-010  1.043E+008  5.649E+007
 5.330E+013  6.434E-010  1.043E+008  5.671E+007
 5.350E+013  6.552E-010  1.043E+008  5.693E+007
 5.370E+013  6.672E-010  1.044E+008  5.715E+007
 5.390E+013  6.794E-010  1.044E+008  5.737E+007
 5.410E+013  6.917E-010  1.045E+008  5.758E+007
 5.430E+013  7.043E-010  1.045E+008  5.780E+007
 5.450E+013  7.170E-010  1.045E+008  5.802E+007
 5.470E+013  7.299E-010  1.046E+008  5.824E+007
 5.490E+013  7.430E-010  1.046E+008  5.846E+007
 5.510E+013  7.564E-010  1.047E+008  5.868E+007
 5.530E+013  7.699E-010  1.047E+008  5.890E+007
 5.550E+013  7.836E-010  1.048E+008  5.912E+007
 5.570E+013  7.976E-010  1.048E+008  5.934E+007
 5.590E+013  8.117E-010  1.049E+008  5.956E+007
 5.610E+013  8.261E-010  1.049E+008  5.978E+007
 5.630E+013  8.407E-010  1.050E+008  6.000E+007
 5.650E+013  8.555E-010  1.050E+008  6.022E+007
 5.670E+013  8.706E-010  1.051E+008  6.045E+007
 5.690E+013  8.859E-010  1.051E+008  6.067E+007
 5.710E+013  9.014E-010  1.052E+008  6.089E+007
 5.730E+013  9.172E-010  1.052E+008  6.111E+007
 5.750E+013  9.332E-010  1.053E+008  6.133E+007
 5.770E+013  9.495E-010  1.053E+008  6.155E+007
 5.790E+013  9.660E-010  1.054E+008  6.178E+007
 5.810E+013  9.827E-010  1.055E+008  6.200E+007
 5.830E+013  9.997E-010  1.055E+008  6.222E+007
 5.850E+013  1.017E-009  1.056E+008  6.245E+007
 5.870E+013  1.035E-009  1.056E+008  6.267E+007
 5.890E+013  1.052E-009  1.057E+008  6.289E+007
 5.910E+013  1.070E-009  1.058E+008  6.312E+007
 5.930E+013  1.089E-009  1.058E+008  6.334E+007
 5.950E+013  1.107E-009  1.059E+008  6.357E+007
 5.970E+013  1.126E-009  1.060E+008  6.379E+007
 5.990E+013  1.145E-009  1.061E+008  6.402E+007
 6.010E+013  1.165E-009  1.061E+008  6.424E+007
 6.030E+013  1.185E-009  1.062E+008  6.447E+007
 6.050E+013  1.205E-009  1.063E+008  6.469E+007
 6.070E+013  1.225E-009  1.064E+008  6.492E+007
 6.090E+013  1.246E-009  1.064E+008  6.515E+007
 6.110E+013  1.267E-009  1.065E+008  6.537E+007
 6.130E+013  1.288E-009  1.066E+008  6.560E+007
 6.150E+013  1.309E-009  1.067E+008  6.583E+007
 6.170E+013  1.331E-009  1.068E+008  6.606E+007
 6.190E+013  1.353E-009  1.069E+008  6.628E+007
 6.210E+013  1.376E-009  1.070E+008  6.651E+007
 6.230E+013  1.399E-009  1.071E+008  6.674E+007
 6.250E+013  1.422E-009  1.072E+008  6.697E+007
 6.270E+013  1.445E-009  1.073E+008  6.720E+007
 6.290E+013  1.469E-009  1.074E+008  6.743E+007
 6.310E+013  1.493E-009  1.075E+008  6.766E+007
 6.330E+013  1.518E-009  1.076E+008  6.789E+007
 6.350E+013  1.542E-009  1.077E+008  6.812E+007
 6.370E+013  1.567E-009  1.078E+008  6.836E+007
 6.390E+013  1.593E-009  1.079E+008  6.859E+007
 6.410E+013  1.619E-009  1.080E+008  6.882E+007
 6.430E+013  1.645E-009  1.081E+008  6.905E+007
 6.450E+013  1.672E-009  1.082E+008  6.929E+007
 6.470E+013  1.699E-009  1.083E+008  6.952E+007
 6.490E+013  1.726E-009  1.085E+008  6.976E+007
 6.510E+013  1.754E-009  1.086E+008  6.999E+007
 6.530E+013  1.782E-009  1.087E+008  7.023E+007
 6.550E+013  1.810E-009  1.088E+008  7.046E+007
 6.570E+013  1.839E-009  1.090E+008  7.070E+007
 6.590E+013  1.869E-009  1.091E+008  7.094E+007
 6.610E+013  1.898E-009  1.092E+008  7.117E+007
 6.630E+013  1.929E-009  1.094E+008  7.141E+007
 6.650E+013  1.959E-009  1.095E+008  7.165E+007
 6.670E+013  1.990E-009  1.097E+008  7.189E+007
 6.690E+013  2.022E-009  1.098E+008  7.213E+007
 6.710E+013  2.054E-009  1.099E+008  7.237E+007
 6.730E+013  2.086E-009  1.101E+008  7.261E+007
 6.750E+013  2.119E-009  1.103E+008  7.285E+007
 6.770E+013  2.152E-009  1.104E+008  7.309E+007
 6.790E+013  2.186E-009  1.106E+008  7.333E+007
 6.810E+013  2.220E-009  1.107E+008  7.358E+007
 6.830E+013  2.255E-009  1.109E+008  7.382E+007
 6.850E+013  2.290E-009  1.111E+008  7.407E+007
 6.870E+013  2.326E-009  1.112E+008  7.431E+007
 6.890E+013  2.363E-009  1.114E+008  7.456E+007
 6.910E+013  2.400E-009  1.116E+008  7.480E+007
 6.930E+013  2.437E-009  1.118E+008  7.505E+007
 6.950E+013  2.475E-009  1.120E+008  7.530E+007
 6.970E+013  2.514E-009  1.122E+008  7.554E+007
 6.990E+013  2.553E-009  1.124E+008  7.579E+007
 7.010E+013  2.592E-009  1.126E+008  7.604E+007
 7.030E+013  2.633E-009  1.128E+008  7.629E+007
 7.050E+013  2.674E-009  1.130E+008  7.655E+007
 7.070E+013  2.715E-009  1.132E+008  7.680E+007
 7.090E+013  2.757E-009  1.134E+008  7.705E+007
 7.110E+013  2.800E-009  1.136E+008  7.730E+007
 7.130E+013  2.844E-009  1.138E+008  7.756E+007
 7.150E+013  2.888E-009  1.141E+008  7.781E+007
 7.170E+013  2.933E-009  1.143E+008  7.807E+007
 7.190E+013  2.978E-009  1.145E+008  7.833E+007
 7.210E+013  3.024E-009  1.148E+008  7.858E+007
 7.230E+013  3.071E-009  1.150E+008  7.884E+007
 7.250E+013  3.119E-009  1.153E+008  7.910E+007
 7.270E+013  3.167E-009  1.155E+008  7.936E+007
 7.290E+013  3.216E-009  1.158E+008  7.962E+007
 7.310E+013  3.266E-009  1.161E+008  7.988E+007
 7.330E+013  3.316E-009  1.163E+008  8.015E+007
 7.350E+013  3.368E-009  1.166E+008  8.041E+007
 7.370E+013  3.420E-009  1.169E+008  8.068E+007
 7.390E+013  3.473E-009  1.172E+008  8.094E+007
 7.410E+013  3.526E-009  1.175E+008  8.121E+007
 7.430E+013  3.581E-009  1.178E+008  8.148E+007
 7.450E+013  3.636E-009  1.181E+008  8.174E+007
 7.470E+013  3.693E-009  1.184E+008  8.201E+007
 7.490E+013  3.750E-009  1.187E+008  8.229E+007
 7.510E+013  3.808E-009  1.190E+008  8.256E+007
 7.530E+013  3.867E-009  1.193E+008  8.283E+007
 7.550E+013  3.927E-009  1.197E+008  8.310E+007
 7.570E+013  3.988E-009  1.200E+008  8.338E+007
 7.590E+013  4.050E-009  1.203E+008  8.366E+007
 7.610E+013  4.113E-009  1.207E+008  8.393E+007
 7.630E+013  4.177E-009  1.211E+008  8.421E+007
 7.650E+013  4.242E-009  1.214E+008  8.449E+007
 7.670E+013  4.308E-009  1.218E+008  8.477E+007
 7.690E+013  4.375E-009  1.222E+008  8.506E+007
 7.710E+013  4.443E-009  1.226E+008  8.534E+007
 7.730E+013  4.512E-009  1.230E+008  8.562E+007
 7.750E+013  4.583E-009  1.234E+008  8.591E+007
 7.770E+013  4.654E-009  1.238E+008  8.620E+007
 7.790E+013  4.727E-009  1.242E+008  8.649E+007
 7.810E+013  4.801E-009  1.246E+008  8.678E+007
 7.830E+013  4.877E-009  1.251E+008  8.707E+007
 7.850E+013  4.953E-009  1.255E+008  8.736E+007
 7.870E+013  5.031E-009  1.260E+008  8.765E+007
 7.890E+013  5.110E-009  1.264E+008  8.795E+007
 7.910E+013  5.191E-009  1.269E+008  8.825E+007
 7.930E+013  5.273E-009  1.274E+008  8.854E+007
 7.950E+013  5.356E-009  1.279E+008  8.884E+007
 7.970E+013  5.441E-009  1.284E+008  8.914E+007
 7.990E+013  5.528E-009  1.289E+008  8.945E+007
 8.010E+013  5.616E-009  1.294E+008  8.975E+007
 8.030E+013  5.705E-009  1.299E+008  9.006E+007
 8.050E+013  5.796E-009  1.305E+008  9.036E+007
 8.070E+013  5.889E-009  1.310E+008  9.067E+007
 8.090E+013  5.983E-009  1.316E+008  9.098E+007
 8.110E+013  6.079E-009  1.322E+008  9.129E+007
 8.130E+013  6.177E-009  1.328E+008  9.161E+007
 8.150E+013  6.277E-009  1.334E+008  9.192E+007
 8.170E+013  6.378E-009  1.340E+008  9.224E+007
 8.190E+013  6.482E-009  1.346E+008  9.256E+007
 8.210E+013  6.587E-009  1.352E+008  9.288E+007
 8.230E+013  6.694E-009  1.359E+008  9.320E+007
 8.250E+013  6.804E-009  1.365E+008  9.352E+007
 8.270E+013  6.915E-009  1.372E+008  9.385E+007
 8.290E+013  7.028E-009  1.379E+008  9.418E+007
 8.310E+013  7.144E-009  1.386E+008  9.451E+007
 8.330E+013  7.262E-009  1.393E+008  9.484E+007
 8.350E+013  7.382E-009  1.401E+008  9.517E+007
 8.370E+013  7.504E-009  1.408E+008  9.550E+007
 8.390E+013  7.629E-009  1.416E+008  9.584E+007
 8.410E+013  7.757E-009  1.424E+008  9.618E+007
 8.430E+013  7.886E-009  1.432E+008  9.652E+007
 8.450E+013  8.019E-009  1.440E+008  9.686E+007
 8.470E+013  8.154E-009  1.448E+008  9.720E+007
 8.490E+013  8.292E-009  1.456E+008  9.755E+007
 8.510E+013  8.432E-009  1.465E+008  9.790E+007
 8.530E+013  8.575E-009  1.474E+008  9.825E+007
 8.550E+013  8.722E-009  1.483E+008  9.860E+007
 8.570E+013  8.871E-009  1.492E+008  9.895E+007
 8.590E+013  9.024E-009  1.502E+008  9.931E+007
 8.610E+013  9.179E-009  1.511E+008  9.967E+007
 8.630E+013  9.338E-009  1.521E+008  1.000E+008
 8.650E+013  9.500E-009  1.531E+008  1.004E+008
 8.670E+013  9.666E-009  1.541E+008  1.008E+008
 8.690E+013  9.835E-009  1.552E+008  1.011E+008
 8.710E+013  1.001E-008  1.562E+008  1.015E+008
 8.730E+013  1.018E-008  1.573E+008  1.019E+008
 8.750E+013  1.036E-008  1.584E+008  1.022E+008
 8.770E+013  1.055E-008  1.596E+008  1.026E+008
 8.790E+013  1.074E-008  1.608E+008  1.030E+008
 8.810E+013  1.093E-008  1.619E+008  1.034E+008
 8.830E+013  1.113E-008  1.632E+008  1.037E+008
 8.850E+013  1.133E-008  1.644E+008  1.041E+008
 8.870E+013  1.153E-008  1.657E+008  1.045E+008
 8.890E+013  1.174E-008  1.670E+008  1.049E+008
 8.910E+013  1.196E-008  1.683E+008  1.053E+008
 8.930E+013  1.218E-008  1.697E+008  1.057E+008
 8.950E+013  1.240E-008  1.711E+008  1.061E+008
 8.970E+013  1.263E-008  1.725E+008  1.065E+008
 8.990E+013  1.287E-008  1.739E+008  1.069E+008
 9.010E+013  1.311E-008  1.754E+008  1.073E+008
 9.030E+013  1.336E-008  1.769E+008  1.077E+008
 9.050E+013  1.361E-008  1.785E+008  1.081E+008
 9.070E+013  1.387E-008  1.801E+008  1.085E+008
 9.090E+013  1.414E-008  1.817E+008  1.089E+008
 9.110E+013  1.441E-008  1.834E+008  1.093E+008
 9.130E+013  1.469E-008  1.851E+008  1.098E+008
 9.150E+013  1.497E-008  1.868E+008  1.102E+008
 9.170E+013  1.526E-008  1.886E+008  1.106E+008
 9.190E+013  1.556E-008  1.905E+008  1.110E+008
 9.210E+013  1.587E-008  1.923E+008  1.114E+008
 9.230E+013  1.618E-008  1.942E+008  1.119E+008
 9.250E+013  1.651E-008  1.962E+008  1.123E+008
 9.270E+013  1.684E-008  1.982E+008  1.127E+008
 9.290E+013  1.718E-008  2.003E+008  1.132E+008
 9.310E+013  1.753E-008  2.024E+008  1.136E+008
 9.330E+013  1.788E-008  2.045E+008  1.141E+008
 9.350E+013  1.825E-008  2.067E+008  1.145E+008
 9.370E+013  1.863E-008  2.090E+008  1.149E+008
 9.390E+013  1.901E-008  2.113E+008  1.154E+008
 9.410E+013  1.941E-008  2.137E+008  1.158E+008
 9.430E+013  1.982E-008  2.161E+008  1.163E+008
 9.450E+013  2.024E-008  2.186E+008  1.168E+008
 9.470E+013  2.067E-008  2.212E+008  1.172E+008
 9.490E+013  2.111E-008  2.238E+008  1.177E+008
 9.510E+013  2.157E-008  2.265E+008  1.181E+008
 9.530E+013  2.203E-008  2.292E+008  1.186E+008
 9.550E+013  2.251E-008  2.321E+008  1.191E+008
 9.570E+013  2.301E-008  2.350E+008  1.195E+008
 9.590E+013  2.351E-008  2.379E+008  1.200E+008
 9.610E+013  2.404E-008  2.410E+008  1.205E+008
 9.630E+013  2.457E-008  2.441E+008  1.210E+008
 9.650E+013  2.513E-008  2.473E+008  1.214E+008
 9.670E+013  2.570E-008  2.506E+008  1.219E+008
 9.690E+013  2.628E-008  2.540E+008  1.224E+008
 9.710E+013  2.689E-008  2.575E+008  1.229E+008
 9.730E+013  2.751E-008  2.610E+008  1.234E+008
 9.750E+013  2.815E-008  2.647E+008  1.239E+008
 9.770E+013  2.881E-008  2.684E+008  1.244E+008
 9.790E+013  2.949E-008  2.723E+008  1.249E+008
 9.810E+013  3.019E-008  2.762E+008  1.254E+008
 9.830E+013  3.091E-008  2.803E+008  1.259E+008
 9.850E+013  3.165E-008  2.845E+008  1.264E+008
 9.870E+013  3.242E-008  2.887E+008  1.269E+008
 9.890E+013  3.322E-008  2.931E+008  1.274E+008
 9.910E+013  3.404E-008  2.979E+008  1.279E+008
 9.930E+013  3.490E-008  3.025E+008  1.283E+008
 9.950E+013  3.542E-008  3.021E+008  1.293E+008
 9.970E+013  3.450E-008  2.836E+008  1.320E+008
 9.990E+013  3.439E-008  2.724E+008  1.388E+008
 1.001E+014  1.000E-099  1.000E-099  1.388E+008
 1.003E+014  1.000E-099  1.000E-099  1.388E+008
 7.230E-003
