 2.160E+005
     x1b        dens       energ       v1
 1.000E+011  1.247E-012  1.098E+008  0.000E+000
 3.000E+011  1.248E-012  1.098E+008  2.188E+005
 5.000E+011  1.249E-012  1.098E+008  4.506E+005
 7.000E+011  1.251E-012  1.098E+008  6.716E+005
 9.000E+011  1.255E-012  1.098E+008  8.975E+005
 1.100E+012  1.261E-012  1.098E+008  1.121E+006
 1.300E+012  1.268E-012  1.098E+008  1.346E+006
 1.500E+012  1.278E-012  1.098E+008  1.569E+006
 1.700E+012  1.289E-012  1.098E+008  1.794E+006
 1.900E+012  1.302E-012  1.098E+008  2.018E+006
 2.100E+012  1.317E-012  1.098E+008  2.242E+006
 2.300E+012  1.333E-012  1.098E+008  2.466E+006
 2.500E+012  1.349E-012  1.098E+008  2.691E+006
 2.700E+012  1.366E-012  1.098E+008  2.915E+006
 2.900E+012  1.383E-012  1.098E+008  3.139E+006
 3.100E+012  1.401E-012  1.098E+008  3.363E+006
 3.300E+012  1.419E-012  1.098E+008  3.588E+006
 3.500E+012  1.437E-012  1.098E+008  3.812E+006
 3.700E+012  1.454E-012  1.098E+008  4.036E+006
 3.900E+012  1.471E-012  1.098E+008  4.260E+006
 4.100E+012  1.487E-012  1.098E+008  4.485E+006
 4.300E+012  1.502E-012  1.098E+008  4.709E+006
 4.500E+012  1.515E-012  1.098E+008  4.933E+006
 4.700E+012  1.524E-012  1.098E+008  5.157E+006
 4.900E+012  1.530E-012  1.098E+008  5.381E+006
 5.100E+012  1.532E-012  1.098E+008  5.606E+006
 5.300E+012  1.532E-012  1.098E+008  5.830E+006
 5.500E+012  1.532E-012  1.098E+008  6.054E+006
 5.700E+012  1.532E-012  1.098E+008  6.278E+006
 5.900E+012  1.532E-012  1.098E+008  6.502E+006
 6.100E+012  1.532E-012  1.098E+008  6.727E+006
 6.300E+012  1.532E-012  1.098E+008  6.951E+006
 6.500E+012  1.532E-012  1.098E+008  7.175E+006
 6.700E+012  1.531E-012  1.098E+008  7.399E+006
 6.900E+012  1.531E-012  1.098E+008  7.624E+006
 7.100E+012  1.530E-012  1.098E+008  7.848E+006
 7.300E+012  1.529E-012  1.098E+008  8.072E+006
 7.500E+012  1.528E-012  1.098E+008  8.296E+006
 7.700E+012  1.526E-012  1.098E+008  8.520E+006
 7.900E+012  1.525E-012  1.098E+008  8.745E+006
 8.100E+012  1.525E-012  1.098E+008  8.969E+006
 8.300E+012  1.524E-012  1.098E+008  9.193E+006
 8.500E+012  1.524E-012  1.098E+008  9.417E+006
 8.700E+012  1.524E-012  1.098E+008  9.642E+006
 8.900E+012  1.524E-012  1.098E+008  9.866E+006
 9.100E+012  1.525E-012  1.098E+008  1.009E+007
 9.300E+012  1.525E-012  1.098E+008  1.031E+007
 9.500E+012  1.525E-012  1.098E+008  1.054E+007
 9.700E+012  1.526E-012  1.098E+008  1.076E+007
 9.900E+012  1.527E-012  1.098E+008  1.099E+007
 1.010E+013  1.528E-012  1.098E+008  1.121E+007
 1.030E+013  1.530E-012  1.098E+008  1.144E+007
 1.050E+013  1.532E-012  1.098E+008  1.166E+007
 1.070E+013  1.535E-012  1.098E+008  1.188E+007
 1.090E+013  1.538E-012  1.098E+008  1.211E+007
 1.110E+013  1.543E-012  1.098E+008  1.233E+007
 1.130E+013  1.548E-012  1.098E+008  1.256E+007
 1.150E+013  1.554E-012  1.098E+008  1.278E+007
 1.170E+013  1.561E-012  1.098E+008  1.300E+007
 1.190E+013  1.570E-012  1.098E+008  1.323E+007
 1.210E+013  1.579E-012  1.098E+008  1.345E+007
 1.230E+013  1.590E-012  1.098E+008  1.368E+007
 1.250E+013  1.603E-012  1.098E+008  1.390E+007
 1.270E+013  1.617E-012  1.098E+008  1.413E+007
 1.290E+013  1.633E-012  1.098E+008  1.435E+007
 1.310E+013  1.651E-012  1.098E+008  1.457E+007
 1.330E+013  1.672E-012  1.098E+008  1.480E+007
 1.350E+013  1.694E-012  1.098E+008  1.502E+007
 1.370E+013  1.719E-012  1.098E+008  1.525E+007
 1.390E+013  1.747E-012  1.098E+008  1.547E+007
 1.410E+013  1.778E-012  1.098E+008  1.570E+007
 1.430E+013  1.812E-012  1.098E+008  1.592E+007
 1.450E+013  1.849E-012  1.098E+008  1.614E+007
 1.470E+013  1.890E-012  1.098E+008  1.637E+007
 1.490E+013  1.935E-012  1.098E+008  1.659E+007
 1.510E+013  1.985E-012  1.098E+008  1.682E+007
 1.530E+013  2.039E-012  1.098E+008  1.704E+007
 1.550E+013  2.099E-012  1.098E+008  1.727E+007
 1.570E+013  2.163E-012  1.098E+008  1.749E+007
 1.590E+013  2.234E-012  1.098E+008  1.772E+007
 1.610E+013  2.312E-012  1.098E+008  1.794E+007
 1.630E+013  2.397E-012  1.098E+008  1.817E+007
 1.650E+013  2.489E-012  1.098E+008  1.839E+007
 1.670E+013  2.589E-012  1.098E+008  1.861E+007
 1.690E+013  2.699E-012  1.098E+008  1.884E+007
 1.710E+013  2.819E-012  1.098E+008  1.906E+007
 1.730E+013  2.948E-012  1.098E+008  1.929E+007
 1.750E+013  3.090E-012  1.098E+008  1.951E+007
 1.770E+013  3.243E-012  1.098E+008  1.974E+007
 1.790E+013  3.410E-012  1.098E+008  1.996E+007
 1.810E+013  3.591E-012  1.098E+008  2.019E+007
 1.830E+013  3.787E-012  1.098E+008  2.041E+007
 1.850E+013  4.000E-012  1.098E+008  2.064E+007
 1.870E+013  4.229E-012  1.098E+008  2.086E+007
 1.890E+013  4.477E-012  1.098E+008  2.109E+007
 1.910E+013  4.745E-012  1.098E+008  2.131E+007
 1.930E+013  5.032E-012  1.098E+008  2.154E+007
 1.950E+013  5.342E-012  1.098E+008  2.176E+007
 1.970E+013  5.673E-012  1.098E+008  2.199E+007
 1.990E+013  6.028E-012  1.098E+008  2.221E+007
 2.010E+013  6.407E-012  1.098E+008  2.243E+007
 2.030E+013  6.809E-012  1.098E+008  2.266E+007
 2.050E+013  7.237E-012  1.098E+008  2.288E+007
 2.070E+013  7.689E-012  1.098E+008  2.311E+007
 2.090E+013  8.167E-012  1.098E+008  2.333E+007
 2.110E+013  8.668E-012  1.098E+008  2.356E+007
 2.130E+013  9.194E-012  1.098E+008  2.378E+007
 2.150E+013  9.744E-012  1.098E+008  2.400E+007
 2.170E+013  1.032E-011  1.099E+008  2.423E+007
 2.190E+013  1.091E-011  1.099E+008  2.445E+007
 2.210E+013  1.152E-011  1.099E+008  2.468E+007
 2.230E+013  1.215E-011  1.099E+008  2.490E+007
 2.250E+013  1.280E-011  1.099E+008  2.512E+007
 2.270E+013  1.347E-011  1.099E+008  2.535E+007
 2.290E+013  1.415E-011  1.099E+008  2.557E+007
 2.310E+013  1.484E-011  1.099E+008  2.579E+007
 2.330E+013  1.555E-011  1.099E+008  2.602E+007
 2.350E+013  1.626E-011  1.099E+008  2.624E+007
 2.370E+013  1.699E-011  1.099E+008  2.647E+007
 2.390E+013  1.772E-011  1.099E+008  2.669E+007
 2.410E+013  1.846E-011  1.099E+008  2.691E+007
 2.430E+013  1.922E-011  1.099E+008  2.714E+007
 2.450E+013  1.997E-011  1.099E+008  2.736E+007
 2.470E+013  2.074E-011  1.099E+008  2.759E+007
 2.490E+013  2.151E-011  1.099E+008  2.781E+007
 2.510E+013  2.229E-011  1.099E+008  2.803E+007
 2.530E+013  2.309E-011  1.099E+008  2.826E+007
 2.550E+013  2.389E-011  1.099E+008  2.848E+007
 2.570E+013  2.470E-011  1.099E+008  2.871E+007
 2.590E+013  2.552E-011  1.099E+008  2.893E+007
 2.610E+013  2.635E-011  1.099E+008  2.915E+007
 2.630E+013  2.720E-011  1.099E+008  2.938E+007
 2.650E+013  2.806E-011  1.099E+008  2.960E+007
 2.670E+013  2.894E-011  1.099E+008  2.983E+007
 2.690E+013  2.983E-011  1.099E+008  3.005E+007
 2.710E+013  3.074E-011  1.099E+008  3.028E+007
 2.730E+013  3.168E-011  1.099E+008  3.050E+007
 2.750E+013  3.263E-011  1.099E+008  3.072E+007
 2.770E+013  3.361E-011  1.099E+008  3.095E+007
 2.790E+013  3.462E-011  1.099E+008  3.117E+007
 2.810E+013  3.565E-011  1.099E+008  3.140E+007
 2.830E+013  3.670E-011  1.099E+008  3.162E+007
 2.850E+013  3.779E-011  1.099E+008  3.185E+007
 2.870E+013  3.891E-011  1.099E+008  3.207E+007
 2.890E+013  4.007E-011  1.099E+008  3.229E+007
 2.910E+013  4.125E-011  1.099E+008  3.252E+007
 2.930E+013  4.248E-011  1.099E+008  3.274E+007
 2.950E+013  4.374E-011  1.099E+008  3.297E+007
 2.970E+013  4.504E-011  1.099E+008  3.319E+007
 2.990E+013  4.638E-011  1.099E+008  3.342E+007
 3.010E+013  4.776E-011  1.099E+008  3.364E+007
 3.030E+013  4.919E-011  1.099E+008  3.387E+007
 3.050E+013  5.066E-011  1.099E+008  3.409E+007
 3.070E+013  5.218E-011  1.099E+008  3.431E+007
 3.090E+013  5.374E-011  1.099E+008  3.454E+007
 3.110E+013  5.535E-011  1.099E+008  3.476E+007
 3.130E+013  5.701E-011  1.099E+008  3.499E+007
 3.150E+013  5.872E-011  1.099E+008  3.521E+007
 3.170E+013  6.047E-011  1.099E+008  3.544E+007
 3.190E+013  6.227E-011  1.099E+008  3.566E+007
 3.210E+013  6.413E-011  1.099E+008  3.589E+007
 3.230E+013  6.603E-011  1.099E+008  3.611E+007
 3.250E+013  6.798E-011  1.099E+008  3.633E+007
 3.270E+013  6.997E-011  1.099E+008  3.656E+007
 3.290E+013  7.202E-011  1.099E+008  3.678E+007
 3.310E+013  7.411E-011  1.099E+008  3.701E+007
 3.330E+013  7.625E-011  1.099E+008  3.723E+007
 3.350E+013  7.844E-011  1.099E+008  3.746E+007
 3.370E+013  8.067E-011  1.099E+008  3.768E+007
 3.390E+013  8.295E-011  1.099E+008  3.791E+007
 3.410E+013  8.527E-011  1.099E+008  3.813E+007
 3.430E+013  8.764E-011  1.099E+008  3.835E+007
 3.450E+013  9.005E-011  1.099E+008  3.858E+007
 3.470E+013  9.251E-011  1.099E+008  3.880E+007
 3.490E+013  9.501E-011  1.099E+008  3.903E+007
 3.510E+013  9.755E-011  1.100E+008  3.925E+007
 3.530E+013  1.001E-010  1.100E+008  3.948E+007
 3.550E+013  1.028E-010  1.100E+008  3.970E+007
 3.570E+013  1.054E-010  1.100E+008  3.993E+007
 3.590E+013  1.082E-010  1.100E+008  4.015E+007
 3.610E+013  1.109E-010  1.100E+008  4.038E+007
 3.630E+013  1.138E-010  1.100E+008  4.060E+007
 3.650E+013  1.166E-010  1.100E+008  4.083E+007
 3.670E+013  1.196E-010  1.100E+008  4.105E+007
 3.690E+013  1.225E-010  1.100E+008  4.128E+007
 3.710E+013  1.256E-010  1.100E+008  4.150E+007
 3.730E+013  1.287E-010  1.100E+008  4.172E+007
 3.750E+013  1.318E-010  1.100E+008  4.195E+007
 3.770E+013  1.350E-010  1.100E+008  4.217E+007
 3.790E+013  1.383E-010  1.100E+008  4.240E+007
 3.810E+013  1.416E-010  1.100E+008  4.262E+007
 3.830E+013  1.450E-010  1.100E+008  4.285E+007
 3.850E+013  1.485E-010  1.100E+008  4.307E+007
 3.870E+013  1.521E-010  1.101E+008  4.330E+007
 3.890E+013  1.557E-010  1.101E+008  4.352E+007
 3.910E+013  1.594E-010  1.101E+008  4.375E+007
 3.930E+013  1.632E-010  1.101E+008  4.397E+007
 3.950E+013  1.671E-010  1.101E+008  4.420E+007
 3.970E+013  1.711E-010  1.101E+008  4.443E+007
 3.990E+013  1.752E-010  1.101E+008  4.465E+007
 4.010E+013  1.793E-010  1.101E+008  4.488E+007
 4.030E+013  1.836E-010  1.101E+008  4.510E+007
 4.050E+013  1.879E-010  1.101E+008  4.533E+007
 4.070E+013  1.924E-010  1.101E+008  4.555E+007
 4.090E+013  1.969E-010  1.101E+008  4.578E+007
 4.110E+013  2.015E-010  1.101E+008  4.600E+007
 4.130E+013  2.063E-010  1.102E+008  4.623E+007
 4.150E+013  2.111E-010  1.102E+008  4.645E+007
 4.170E+013  2.161E-010  1.102E+008  4.668E+007
 4.190E+013  2.211E-010  1.102E+008  4.690E+007
 4.210E+013  2.263E-010  1.102E+008  4.713E+007
 4.230E+013  2.315E-010  1.102E+008  4.736E+007
 4.250E+013  2.369E-010  1.102E+008  4.758E+007
 4.270E+013  2.423E-010  1.102E+008  4.781E+007
 4.290E+013  2.479E-010  1.102E+008  4.803E+007
 4.310E+013  2.536E-010  1.103E+008  4.826E+007
 4.330E+013  2.594E-010  1.103E+008  4.848E+007
 4.350E+013  2.653E-010  1.103E+008  4.871E+007
 4.370E+013  2.713E-010  1.103E+008  4.894E+007
 4.390E+013  2.774E-010  1.103E+008  4.916E+007
 4.410E+013  2.836E-010  1.103E+008  4.939E+007
 4.430E+013  2.899E-010  1.103E+008  4.962E+007
 4.450E+013  2.964E-010  1.104E+008  4.984E+007
 4.470E+013  3.029E-010  1.104E+008  5.007E+007
 4.490E+013  3.096E-010  1.104E+008  5.029E+007
 4.510E+013  3.164E-010  1.104E+008  5.052E+007
 4.530E+013  3.233E-010  1.104E+008  5.075E+007
 4.550E+013  3.303E-010  1.104E+008  5.097E+007
 4.570E+013  3.375E-010  1.105E+008  5.120E+007
 4.590E+013  3.447E-010  1.105E+008  5.143E+007
 4.610E+013  3.521E-010  1.105E+008  5.165E+007
 4.630E+013  3.596E-010  1.105E+008  5.188E+007
 4.650E+013  3.672E-010  1.105E+008  5.211E+007
 4.670E+013  3.750E-010  1.106E+008  5.233E+007
 4.690E+013  3.829E-010  1.106E+008  5.256E+007
 4.710E+013  3.909E-010  1.106E+008  5.279E+007
 4.730E+013  3.991E-010  1.106E+008  5.302E+007
 4.750E+013  4.074E-010  1.106E+008  5.324E+007
 4.770E+013  4.158E-010  1.107E+008  5.347E+007
 4.790E+013  4.244E-010  1.107E+008  5.370E+007
 4.810E+013  4.331E-010  1.107E+008  5.393E+007
 4.830E+013  4.420E-010  1.107E+008  5.415E+007
 4.850E+013  4.510E-010  1.108E+008  5.438E+007
 4.870E+013  4.601E-010  1.108E+008  5.461E+007
 4.890E+013  4.694E-010  1.108E+008  5.484E+007
 4.910E+013  4.788E-010  1.108E+008  5.507E+007
 4.930E+013  4.884E-010  1.109E+008  5.530E+007
 4.950E+013  4.981E-010  1.109E+008  5.552E+007
 4.970E+013  5.080E-010  1.109E+008  5.575E+007
 4.990E+013  5.180E-010  1.110E+008  5.598E+007
 5.010E+013  5.282E-010  1.110E+008  5.621E+007
 5.030E+013  5.386E-010  1.110E+008  5.644E+007
 5.050E+013  5.491E-010  1.111E+008  5.667E+007
 5.070E+013  5.597E-010  1.111E+008  5.690E+007
 5.090E+013  5.706E-010  1.111E+008  5.713E+007
 5.110E+013  5.815E-010  1.112E+008  5.736E+007
 5.130E+013  5.927E-010  1.112E+008  5.759E+007
 5.150E+013  6.040E-010  1.112E+008  5.781E+007
 5.170E+013  6.155E-010  1.113E+008  5.804E+007
 5.190E+013  6.271E-010  1.113E+008  5.827E+007
 5.210E+013  6.390E-010  1.113E+008  5.851E+007
 5.230E+013  6.510E-010  1.114E+008  5.874E+007
 5.250E+013  6.631E-010  1.114E+008  5.897E+007
 5.270E+013  6.755E-010  1.115E+008  5.920E+007
 5.290E+013  6.881E-010  1.115E+008  5.943E+007
 5.310E+013  7.008E-010  1.116E+008  5.966E+007
 5.330E+013  7.138E-010  1.116E+008  5.989E+007
 5.350E+013  7.269E-010  1.116E+008  6.012E+007
 5.370E+013  7.402E-010  1.117E+008  6.035E+007
 5.390E+013  7.538E-010  1.117E+008  6.058E+007
 5.410E+013  7.675E-010  1.118E+008  6.082E+007
 5.430E+013  7.815E-010  1.118E+008  6.105E+007
 5.450E+013  7.957E-010  1.119E+008  6.128E+007
 5.470E+013  8.101E-010  1.119E+008  6.151E+007
 5.490E+013  8.248E-010  1.120E+008  6.175E+007
 5.510E+013  8.396E-010  1.121E+008  6.198E+007
 5.530E+013  8.547E-010  1.121E+008  6.221E+007
 5.550E+013  8.701E-010  1.122E+008  6.245E+007
 5.570E+013  8.857E-010  1.122E+008  6.268E+007
 5.590E+013  9.015E-010  1.123E+008  6.291E+007
 5.610E+013  9.176E-010  1.123E+008  6.315E+007
 5.630E+013  9.339E-010  1.124E+008  6.338E+007
 5.650E+013  9.505E-010  1.125E+008  6.362E+007
 5.670E+013  9.673E-010  1.125E+008  6.385E+007
 5.690E+013  9.845E-010  1.126E+008  6.409E+007
 5.710E+013  1.002E-009  1.127E+008  6.432E+007
 5.730E+013  1.020E-009  1.127E+008  6.456E+007
 5.750E+013  1.037E-009  1.128E+008  6.479E+007
 5.770E+013  1.056E-009  1.129E+008  6.503E+007
 5.790E+013  1.074E-009  1.130E+008  6.527E+007
 5.810E+013  1.093E-009  1.130E+008  6.550E+007
 5.830E+013  1.112E-009  1.131E+008  6.574E+007
 5.850E+013  1.131E-009  1.132E+008  6.598E+007
 5.870E+013  1.151E-009  1.133E+008  6.622E+007
 5.890E+013  1.171E-009  1.133E+008  6.645E+007
 5.910E+013  1.191E-009  1.134E+008  6.669E+007
 5.930E+013  1.212E-009  1.135E+008  6.693E+007
 5.950E+013  1.233E-009  1.136E+008  6.717E+007
 5.970E+013  1.254E-009  1.137E+008  6.741E+007
 5.990E+013  1.275E-009  1.138E+008  6.765E+007
 6.010E+013  1.297E-009  1.139E+008  6.789E+007
 6.030E+013  1.319E-009  1.140E+008  6.813E+007
 6.050E+013  1.342E-009  1.141E+008  6.837E+007
 6.070E+013  1.364E-009  1.142E+008  6.861E+007
 6.090E+013  1.388E-009  1.143E+008  6.885E+007
 6.110E+013  1.411E-009  1.144E+008  6.910E+007
 6.130E+013  1.435E-009  1.145E+008  6.934E+007
 6.150E+013  1.459E-009  1.146E+008  6.958E+007
 6.170E+013  1.483E-009  1.147E+008  6.982E+007
 6.190E+013  1.508E-009  1.148E+008  7.007E+007
 6.210E+013  1.534E-009  1.149E+008  7.031E+007
 6.230E+013  1.559E-009  1.150E+008  7.056E+007
 6.250E+013  1.585E-009  1.151E+008  7.080E+007
 6.270E+013  1.611E-009  1.153E+008  7.105E+007
 6.290E+013  1.638E-009  1.154E+008  7.129E+007
 6.310E+013  1.665E-009  1.155E+008  7.154E+007
 6.330E+013  1.693E-009  1.156E+008  7.179E+007
 6.350E+013  1.721E-009  1.158E+008  7.203E+007
 6.370E+013  1.749E-009  1.159E+008  7.228E+007
 6.390E+013  1.777E-009  1.160E+008  7.253E+007
 6.410E+013  1.807E-009  1.162E+008  7.278E+007
 6.430E+013  1.836E-009  1.163E+008  7.303E+007
 6.450E+013  1.866E-009  1.165E+008  7.328E+007
 6.470E+013  1.896E-009  1.166E+008  7.353E+007
 6.490E+013  1.927E-009  1.168E+008  7.378E+007
 6.510E+013  1.958E-009  1.169E+008  7.403E+007
 6.530E+013  1.990E-009  1.171E+008  7.428E+007
 6.550E+013  2.022E-009  1.172E+008  7.454E+007
 6.570E+013  2.055E-009  1.174E+008  7.479E+007
 6.590E+013  2.088E-009  1.176E+008  7.504E+007
 6.610E+013  2.122E-009  1.177E+008  7.530E+007
 6.630E+013  2.156E-009  1.179E+008  7.555E+007
 6.650E+013  2.190E-009  1.181E+008  7.581E+007
 6.670E+013  2.226E-009  1.183E+008  7.607E+007
 6.690E+013  2.261E-009  1.184E+008  7.632E+007
 6.710E+013  2.297E-009  1.186E+008  7.658E+007
 6.730E+013  2.334E-009  1.188E+008  7.684E+007
 6.750E+013  2.371E-009  1.190E+008  7.710E+007
 6.770E+013  2.409E-009  1.192E+008  7.736E+007
 6.790E+013  2.448E-009  1.194E+008  7.762E+007
 6.810E+013  2.487E-009  1.196E+008  7.788E+007
 6.830E+013  2.526E-009  1.198E+008  7.814E+007
 6.850E+013  2.566E-009  1.200E+008  7.841E+007
 6.870E+013  2.607E-009  1.203E+008  7.867E+007
 6.890E+013  2.648E-009  1.205E+008  7.894E+007
 6.910E+013  2.690E-009  1.207E+008  7.920E+007
 6.930E+013  2.733E-009  1.209E+008  7.947E+007
 6.950E+013  2.776E-009  1.212E+008  7.973E+007
 6.970E+013  2.820E-009  1.214E+008  8.000E+007
 6.990E+013  2.865E-009  1.217E+008  8.027E+007
 7.010E+013  2.911E-009  1.219E+008  8.054E+007
 7.030E+013  2.957E-009  1.222E+008  8.081E+007
 7.050E+013  3.003E-009  1.224E+008  8.108E+007
 7.070E+013  3.051E-009  1.227E+008  8.136E+007
 7.090E+013  3.099E-009  1.230E+008  8.163E+007
 7.110E+013  3.148E-009  1.232E+008  8.190E+007
 7.130E+013  3.198E-009  1.235E+008  8.218E+007
 7.150E+013  3.249E-009  1.238E+008  8.245E+007
 7.170E+013  3.300E-009  1.241E+008  8.273E+007
 7.190E+013  3.352E-009  1.244E+008  8.301E+007
 7.210E+013  3.405E-009  1.247E+008  8.329E+007
 7.230E+013  3.459E-009  1.250E+008  8.357E+007
 7.250E+013  3.514E-009  1.253E+008  8.385E+007
 7.270E+013  3.569E-009  1.257E+008  8.413E+007
 7.290E+013  3.626E-009  1.260E+008  8.442E+007
 7.310E+013  3.683E-009  1.263E+008  8.470E+007
 7.330E+013  3.741E-009  1.267E+008  8.499E+007
 7.350E+013  3.801E-009  1.270E+008  8.527E+007
 7.370E+013  3.861E-009  1.274E+008  8.556E+007
 7.390E+013  3.922E-009  1.277E+008  8.585E+007
 7.410E+013  3.984E-009  1.281E+008  8.614E+007
 7.430E+013  4.047E-009  1.285E+008  8.643E+007
 7.450E+013  4.111E-009  1.289E+008  8.673E+007
 7.470E+013  4.177E-009  1.293E+008  8.702E+007
 7.490E+013  4.243E-009  1.297E+008  8.732E+007
 7.510E+013  4.311E-009  1.301E+008  8.761E+007
 7.530E+013  4.379E-009  1.305E+008  8.791E+007
 7.550E+013  4.449E-009  1.309E+008  8.821E+007
 7.570E+013  4.520E-009  1.313E+008  8.851E+007
 7.590E+013  4.592E-009  1.318E+008  8.881E+007
 7.610E+013  4.665E-009  1.322E+008  8.912E+007
 7.630E+013  4.740E-009  1.327E+008  8.942E+007
 7.650E+013  4.816E-009  1.332E+008  8.973E+007
 7.670E+013  4.893E-009  1.336E+008  9.004E+007
 7.690E+013  4.972E-009  1.341E+008  9.034E+007
 7.710E+013  5.051E-009  1.346E+008  9.066E+007
 7.730E+013  5.133E-009  1.351E+008  9.097E+007
 7.750E+013  5.215E-009  1.357E+008  9.128E+007
 7.770E+013  5.300E-009  1.362E+008  9.160E+007
 7.790E+013  5.385E-009  1.367E+008  9.191E+007
 7.810E+013  5.473E-009  1.373E+008  9.223E+007
 7.830E+013  5.561E-009  1.378E+008  9.255E+007
 7.850E+013  5.652E-009  1.384E+008  9.287E+007
 7.870E+013  5.744E-009  1.390E+008  9.320E+007
 7.890E+013  5.838E-009  1.396E+008  9.352E+007
 7.910E+013  5.933E-009  1.402E+008  9.385E+007
 7.930E+013  6.030E-009  1.408E+008  9.418E+007
 7.950E+013  6.129E-009  1.415E+008  9.451E+007
 7.970E+013  6.230E-009  1.421E+008  9.484E+007
 7.990E+013  6.333E-009  1.428E+008  9.517E+007
 8.010E+013  6.438E-009  1.434E+008  9.551E+007
 8.030E+013  6.545E-009  1.441E+008  9.584E+007
 8.050E+013  6.653E-009  1.448E+008  9.618E+007
 8.070E+013  6.764E-009  1.455E+008  9.652E+007
 8.090E+013  6.877E-009  1.463E+008  9.687E+007
 8.110E+013  6.992E-009  1.470E+008  9.721E+007
 8.130E+013  7.110E-009  1.478E+008  9.756E+007
 8.150E+013  7.229E-009  1.486E+008  9.791E+007
 8.170E+013  7.352E-009  1.494E+008  9.826E+007
 8.190E+013  7.476E-009  1.502E+008  9.861E+007
 8.210E+013  7.603E-009  1.510E+008  9.896E+007
 8.230E+013  7.733E-009  1.519E+008  9.932E+007
 8.250E+013  7.865E-009  1.527E+008  9.968E+007
 8.270E+013  8.000E-009  1.536E+008  1.000E+008
 8.290E+013  8.137E-009  1.545E+008  1.004E+008
 8.310E+013  8.277E-009  1.554E+008  1.008E+008
 8.330E+013  8.421E-009  1.564E+008  1.011E+008
 8.350E+013  8.567E-009  1.573E+008  1.015E+008
 8.370E+013  8.716E-009  1.583E+008  1.019E+008
 8.390E+013  8.869E-009  1.593E+008  1.022E+008
 8.410E+013  9.024E-009  1.603E+008  1.026E+008
 8.430E+013  9.183E-009  1.614E+008  1.030E+008
 8.450E+013  9.346E-009  1.625E+008  1.034E+008
 8.470E+013  9.512E-009  1.636E+008  1.038E+008
 8.490E+013  9.681E-009  1.647E+008  1.041E+008
 8.510E+013  9.854E-009  1.658E+008  1.045E+008
 8.530E+013  1.003E-008  1.670E+008  1.049E+008
 8.550E+013  1.021E-008  1.682E+008  1.053E+008
 8.570E+013  1.040E-008  1.694E+008  1.057E+008
 8.590E+013  1.059E-008  1.707E+008  1.061E+008
 8.610E+013  1.078E-008  1.719E+008  1.065E+008
 8.630E+013  1.098E-008  1.732E+008  1.069E+008
 8.650E+013  1.118E-008  1.746E+008  1.073E+008
 8.670E+013  1.139E-008  1.759E+008  1.077E+008
 8.690E+013  1.160E-008  1.773E+008  1.081E+008
 8.710E+013  1.181E-008  1.788E+008  1.085E+008
 8.730E+013  1.203E-008  1.802E+008  1.090E+008
 8.750E+013  1.226E-008  1.817E+008  1.094E+008
 8.770E+013  1.249E-008  1.833E+008  1.098E+008
 8.790E+013  1.273E-008  1.848E+008  1.102E+008
 8.810E+013  1.297E-008  1.864E+008  1.106E+008
 8.830E+013  1.322E-008  1.881E+008  1.111E+008
 8.850E+013  1.348E-008  1.897E+008  1.115E+008
 8.870E+013  1.374E-008  1.915E+008  1.119E+008
 8.890E+013  1.401E-008  1.932E+008  1.123E+008
 8.910E+013  1.428E-008  1.950E+008  1.128E+008
 8.930E+013  1.456E-008  1.968E+008  1.132E+008
 8.950E+013  1.485E-008  1.987E+008  1.137E+008
 8.970E+013  1.515E-008  2.007E+008  1.141E+008
 8.990E+013  1.545E-008  2.026E+008  1.146E+008
 9.010E+013  1.576E-008  2.047E+008  1.150E+008
 9.030E+013  1.608E-008  2.067E+008  1.155E+008
 9.050E+013  1.641E-008  2.089E+008  1.159E+008
 9.070E+013  1.674E-008  2.110E+008  1.164E+008
 9.090E+013  1.709E-008  2.133E+008  1.168E+008
 9.110E+013  1.744E-008  2.155E+008  1.173E+008
 9.130E+013  1.780E-008  2.179E+008  1.178E+008
 9.150E+013  1.818E-008  2.203E+008  1.182E+008
 9.170E+013  1.856E-008  2.227E+008  1.187E+008
 9.190E+013  1.895E-008  2.253E+008  1.192E+008
 9.210E+013  1.936E-008  2.278E+008  1.196E+008
 9.230E+013  1.977E-008  2.305E+008  1.201E+008
 9.250E+013  2.020E-008  2.332E+008  1.206E+008
 9.270E+013  2.064E-008  2.360E+008  1.211E+008
 9.290E+013  2.109E-008  2.388E+008  1.216E+008
 9.310E+013  2.155E-008  2.418E+008  1.221E+008
 9.330E+013  2.203E-008  2.448E+008  1.226E+008
 9.350E+013  2.252E-008  2.479E+008  1.231E+008
 9.370E+013  2.303E-008  2.510E+008  1.235E+008
 9.390E+013  2.354E-008  2.543E+008  1.240E+008
 9.410E+013  2.408E-008  2.576E+008  1.246E+008
 9.430E+013  2.463E-008  2.610E+008  1.251E+008
 9.450E+013  2.520E-008  2.645E+008  1.256E+008
 9.470E+013  2.578E-008  2.681E+008  1.261E+008
 9.490E+013  2.638E-008  2.718E+008  1.266E+008
 9.510E+013  2.700E-008  2.756E+008  1.271E+008
 9.530E+013  2.764E-008  2.795E+008  1.276E+008
 9.550E+013  2.830E-008  2.835E+008  1.281E+008
 9.570E+013  2.898E-008  2.877E+008  1.287E+008
 9.590E+013  2.968E-008  2.919E+008  1.292E+008
 9.610E+013  3.040E-008  2.962E+008  1.297E+008
 9.630E+013  3.114E-008  3.007E+008  1.302E+008
 9.650E+013  3.191E-008  3.053E+008  1.308E+008
 9.670E+013  3.270E-008  3.100E+008  1.313E+008
 9.690E+013  3.352E-008  3.149E+008  1.319E+008
 9.710E+013  3.436E-008  3.198E+008  1.324E+008
 9.730E+013  3.524E-008  3.250E+008  1.329E+008
 9.750E+013  3.616E-008  3.305E+008  1.335E+008
 9.770E+013  3.705E-008  3.354E+008  1.340E+008
 9.790E+013  3.799E-008  3.408E+008  1.344E+008
 9.810E+013  3.920E-008  3.504E+008  1.352E+008
 9.830E+013  3.997E-008  3.549E+008  1.364E+008
 9.850E+013  3.908E-008  3.323E+008  1.356E+008
 9.870E+013  3.160E-008  2.192E+008  1.271E+008
 9.890E+013  1.887E-008  6.446E+007  1.001E+008
 9.910E+013  1.209E-008  5.298E+006  5.320E+007
 9.930E+013  1.021E-008  2.290E+004  1.115E+007
 9.950E+013  1.000E-008  6.249E+001  2.511E+005
 9.970E+013  1.000E-008  6.236E+001  5.629E+001
 9.990E+013  1.000E-008  6.236E+001  1.353E-006
 1.001E+014  1.000E-099  1.000E-099  1.353E-006
 1.003E+014  1.000E-099  1.000E-099  1.353E-006
 6.849E-003
