 2.760E+005
     x1b        dens       energ       v1
 1.000E+011  1.044E-012  8.163E+007  0.000E+000
 3.000E+011  1.044E-012  8.163E+007  1.687E+005
 5.000E+011  1.045E-012  8.163E+007  3.538E+005
 7.000E+011  1.046E-012  8.163E+007  5.253E+005
 9.000E+011  1.049E-012  8.163E+007  7.029E+005
 1.100E+012  1.053E-012  8.163E+007  8.773E+005
 1.300E+012  1.059E-012  8.163E+007  1.053E+006
 1.500E+012  1.066E-012  8.163E+007  1.229E+006
 1.700E+012  1.074E-012  8.163E+007  1.404E+006
 1.900E+012  1.084E-012  8.163E+007  1.580E+006
 2.100E+012  1.095E-012  8.163E+007  1.755E+006
 2.300E+012  1.106E-012  8.163E+007  1.931E+006
 2.500E+012  1.119E-012  8.163E+007  2.107E+006
 2.700E+012  1.132E-012  8.163E+007  2.282E+006
 2.900E+012  1.145E-012  8.163E+007  2.458E+006
 3.100E+012  1.159E-012  8.163E+007  2.633E+006
 3.300E+012  1.173E-012  8.163E+007  2.809E+006
 3.500E+012  1.187E-012  8.163E+007  2.984E+006
 3.700E+012  1.201E-012  8.163E+007  3.160E+006
 3.900E+012  1.215E-012  8.163E+007  3.335E+006
 4.100E+012  1.228E-012  8.163E+007  3.511E+006
 4.300E+012  1.241E-012  8.163E+007  3.686E+006
 4.500E+012  1.253E-012  8.163E+007  3.862E+006
 4.700E+012  1.264E-012  8.163E+007  4.038E+006
 4.900E+012  1.273E-012  8.163E+007  4.213E+006
 5.100E+012  1.279E-012  8.163E+007  4.389E+006
 5.300E+012  1.282E-012  8.163E+007  4.564E+006
 5.500E+012  1.282E-012  8.163E+007  4.740E+006
 5.700E+012  1.282E-012  8.163E+007  4.915E+006
 5.900E+012  1.282E-012  8.163E+007  5.091E+006
 6.100E+012  1.282E-012  8.163E+007  5.266E+006
 6.300E+012  1.282E-012  8.163E+007  5.442E+006
 6.500E+012  1.282E-012  8.163E+007  5.617E+006
 6.700E+012  1.282E-012  8.163E+007  5.793E+006
 6.900E+012  1.282E-012  8.163E+007  5.968E+006
 7.100E+012  1.282E-012  8.163E+007  6.144E+006
 7.300E+012  1.281E-012  8.163E+007  6.320E+006
 7.500E+012  1.280E-012  8.163E+007  6.495E+006
 7.700E+012  1.280E-012  8.163E+007  6.671E+006
 7.900E+012  1.279E-012  8.163E+007  6.846E+006
 8.100E+012  1.278E-012  8.163E+007  7.022E+006
 8.300E+012  1.277E-012  8.163E+007  7.197E+006
 8.500E+012  1.276E-012  8.163E+007  7.373E+006
 8.700E+012  1.276E-012  8.163E+007  7.548E+006
 8.900E+012  1.276E-012  8.163E+007  7.724E+006
 9.100E+012  1.276E-012  8.163E+007  7.899E+006
 9.300E+012  1.276E-012  8.163E+007  8.075E+006
 9.500E+012  1.276E-012  8.163E+007  8.251E+006
 9.700E+012  1.276E-012  8.163E+007  8.426E+006
 9.900E+012  1.276E-012  8.163E+007  8.602E+006
 1.010E+013  1.276E-012  8.163E+007  8.777E+006
 1.030E+013  1.277E-012  8.163E+007  8.953E+006
 1.050E+013  1.278E-012  8.163E+007  9.128E+006
 1.070E+013  1.279E-012  8.163E+007  9.304E+006
 1.090E+013  1.280E-012  8.163E+007  9.479E+006
 1.110E+013  1.282E-012  8.163E+007  9.655E+006
 1.130E+013  1.284E-012  8.163E+007  9.830E+006
 1.150E+013  1.286E-012  8.163E+007  1.001E+007
 1.170E+013  1.290E-012  8.163E+007  1.018E+007
 1.190E+013  1.293E-012  8.163E+007  1.036E+007
 1.210E+013  1.298E-012  8.163E+007  1.053E+007
 1.230E+013  1.303E-012  8.163E+007  1.071E+007
 1.250E+013  1.309E-012  8.163E+007  1.088E+007
 1.270E+013  1.316E-012  8.163E+007  1.106E+007
 1.290E+013  1.324E-012  8.163E+007  1.123E+007
 1.310E+013  1.333E-012  8.163E+007  1.141E+007
 1.330E+013  1.343E-012  8.163E+007  1.159E+007
 1.350E+013  1.355E-012  8.163E+007  1.176E+007
 1.370E+013  1.368E-012  8.163E+007  1.194E+007
 1.390E+013  1.382E-012  8.163E+007  1.211E+007
 1.410E+013  1.398E-012  8.163E+007  1.229E+007
 1.430E+013  1.415E-012  8.163E+007  1.246E+007
 1.450E+013  1.435E-012  8.163E+007  1.264E+007
 1.470E+013  1.456E-012  8.163E+007  1.282E+007
 1.490E+013  1.480E-012  8.163E+007  1.299E+007
 1.510E+013  1.506E-012  8.163E+007  1.317E+007
 1.530E+013  1.534E-012  8.163E+007  1.334E+007
 1.550E+013  1.565E-012  8.163E+007  1.352E+007
 1.570E+013  1.599E-012  8.163E+007  1.369E+007
 1.590E+013  1.636E-012  8.163E+007  1.387E+007
 1.610E+013  1.677E-012  8.163E+007  1.404E+007
 1.630E+013  1.721E-012  8.163E+007  1.422E+007
 1.650E+013  1.769E-012  8.163E+007  1.440E+007
 1.670E+013  1.821E-012  8.163E+007  1.457E+007
 1.690E+013  1.878E-012  8.163E+007  1.475E+007
 1.710E+013  1.939E-012  8.163E+007  1.492E+007
 1.730E+013  2.006E-012  8.163E+007  1.510E+007
 1.750E+013  2.079E-012  8.163E+007  1.528E+007
 1.770E+013  2.158E-012  8.163E+007  1.545E+007
 1.790E+013  2.243E-012  8.163E+007  1.563E+007
 1.810E+013  2.336E-012  8.163E+007  1.580E+007
 1.830E+013  2.436E-012  8.163E+007  1.598E+007
 1.850E+013  2.545E-012  8.163E+007  1.615E+007
 1.870E+013  2.662E-012  8.163E+007  1.633E+007
 1.890E+013  2.789E-012  8.163E+007  1.651E+007
 1.910E+013  2.927E-012  8.163E+007  1.668E+007
 1.930E+013  3.075E-012  8.163E+007  1.686E+007
 1.950E+013  3.234E-012  8.163E+007  1.703E+007
 1.970E+013  3.406E-012  8.163E+007  1.721E+007
 1.990E+013  3.592E-012  8.163E+007  1.739E+007
 2.010E+013  3.791E-012  8.163E+007  1.756E+007
 2.030E+013  4.004E-012  8.163E+007  1.774E+007
 2.050E+013  4.233E-012  8.163E+007  1.791E+007
 2.070E+013  4.478E-012  8.163E+007  1.809E+007
 2.090E+013  4.740E-012  8.163E+007  1.827E+007
 2.110E+013  5.018E-012  8.163E+007  1.844E+007
 2.130E+013  5.314E-012  8.163E+007  1.862E+007
 2.150E+013  5.629E-012  8.163E+007  1.879E+007
 2.170E+013  5.961E-012  8.163E+007  1.897E+007
 2.190E+013  6.313E-012  8.163E+007  1.914E+007
 2.210E+013  6.682E-012  8.163E+007  1.932E+007
 2.230E+013  7.070E-012  8.163E+007  1.949E+007
 2.250E+013  7.476E-012  8.163E+007  1.967E+007
 2.270E+013  7.900E-012  8.163E+007  1.985E+007
 2.290E+013  8.341E-012  8.163E+007  2.002E+007
 2.310E+013  8.798E-012  8.163E+007  2.020E+007
 2.330E+013  9.271E-012  8.163E+007  2.037E+007
 2.350E+013  9.759E-012  8.163E+007  2.055E+007
 2.370E+013  1.026E-011  8.163E+007  2.072E+007
 2.390E+013  1.077E-011  8.163E+007  2.090E+007
 2.410E+013  1.130E-011  8.163E+007  2.107E+007
 2.430E+013  1.184E-011  8.163E+007  2.125E+007
 2.450E+013  1.238E-011  8.163E+007  2.142E+007
 2.470E+013  1.294E-011  8.164E+007  2.160E+007
 2.490E+013  1.350E-011  8.164E+007  2.177E+007
 2.510E+013  1.407E-011  8.164E+007  2.195E+007
 2.530E+013  1.465E-011  8.164E+007  2.212E+007
 2.550E+013  1.523E-011  8.164E+007  2.230E+007
 2.570E+013  1.582E-011  8.164E+007  2.247E+007
 2.590E+013  1.642E-011  8.164E+007  2.265E+007
 2.610E+013  1.702E-011  8.164E+007  2.283E+007
 2.630E+013  1.763E-011  8.164E+007  2.300E+007
 2.650E+013  1.824E-011  8.164E+007  2.318E+007
 2.670E+013  1.886E-011  8.164E+007  2.335E+007
 2.690E+013  1.948E-011  8.164E+007  2.353E+007
 2.710E+013  2.011E-011  8.164E+007  2.370E+007
 2.730E+013  2.076E-011  8.164E+007  2.388E+007
 2.750E+013  2.140E-011  8.164E+007  2.405E+007
 2.770E+013  2.206E-011  8.164E+007  2.423E+007
 2.790E+013  2.273E-011  8.164E+007  2.440E+007
 2.810E+013  2.341E-011  8.164E+007  2.458E+007
 2.830E+013  2.410E-011  8.164E+007  2.476E+007
 2.850E+013  2.480E-011  8.164E+007  2.493E+007
 2.870E+013  2.552E-011  8.164E+007  2.511E+007
 2.890E+013  2.625E-011  8.164E+007  2.528E+007
 2.910E+013  2.700E-011  8.164E+007  2.546E+007
 2.930E+013  2.776E-011  8.164E+007  2.563E+007
 2.950E+013  2.854E-011  8.164E+007  2.581E+007
 2.970E+013  2.934E-011  8.165E+007  2.598E+007
 2.990E+013  3.016E-011  8.165E+007  2.616E+007
 3.010E+013  3.101E-011  8.165E+007  2.634E+007
 3.030E+013  3.187E-011  8.165E+007  2.651E+007
 3.050E+013  3.276E-011  8.165E+007  2.669E+007
 3.070E+013  3.367E-011  8.165E+007  2.686E+007
 3.090E+013  3.461E-011  8.165E+007  2.704E+007
 3.110E+013  3.558E-011  8.165E+007  2.721E+007
 3.130E+013  3.658E-011  8.165E+007  2.739E+007
 3.150E+013  3.760E-011  8.165E+007  2.757E+007
 3.170E+013  3.865E-011  8.165E+007  2.774E+007
 3.190E+013  3.974E-011  8.165E+007  2.792E+007
 3.210E+013  4.086E-011  8.165E+007  2.809E+007
 3.230E+013  4.201E-011  8.166E+007  2.827E+007
 3.250E+013  4.319E-011  8.166E+007  2.844E+007
 3.270E+013  4.441E-011  8.166E+007  2.862E+007
 3.290E+013  4.566E-011  8.166E+007  2.879E+007
 3.310E+013  4.695E-011  8.166E+007  2.897E+007
 3.330E+013  4.827E-011  8.166E+007  2.915E+007
 3.350E+013  4.963E-011  8.166E+007  2.932E+007
 3.370E+013  5.102E-011  8.166E+007  2.950E+007
 3.390E+013  5.246E-011  8.166E+007  2.967E+007
 3.410E+013  5.392E-011  8.167E+007  2.985E+007
 3.430E+013  5.543E-011  8.167E+007  3.002E+007
 3.450E+013  5.697E-011  8.167E+007  3.020E+007
 3.470E+013  5.854E-011  8.167E+007  3.038E+007
 3.490E+013  6.016E-011  8.167E+007  3.055E+007
 3.510E+013  6.180E-011  8.167E+007  3.073E+007
 3.530E+013  6.348E-011  8.167E+007  3.090E+007
 3.550E+013  6.520E-011  8.168E+007  3.108E+007
 3.570E+013  6.695E-011  8.168E+007  3.125E+007
 3.590E+013  6.874E-011  8.168E+007  3.143E+007
 3.610E+013  7.055E-011  8.168E+007  3.161E+007
 3.630E+013  7.241E-011  8.168E+007  3.178E+007
 3.650E+013  7.429E-011  8.169E+007  3.196E+007
 3.670E+013  7.621E-011  8.169E+007  3.213E+007
 3.690E+013  7.816E-011  8.169E+007  3.231E+007
 3.710E+013  8.014E-011  8.169E+007  3.248E+007
 3.730E+013  8.215E-011  8.169E+007  3.266E+007
 3.750E+013  8.420E-011  8.170E+007  3.284E+007
 3.770E+013  8.628E-011  8.170E+007  3.301E+007
 3.790E+013  8.839E-011  8.170E+007  3.319E+007
 3.810E+013  9.054E-011  8.170E+007  3.336E+007
 3.830E+013  9.273E-011  8.171E+007  3.354E+007
 3.850E+013  9.495E-011  8.171E+007  3.372E+007
 3.870E+013  9.720E-011  8.171E+007  3.389E+007
 3.890E+013  9.950E-011  8.171E+007  3.407E+007
 3.910E+013  1.018E-010  8.172E+007  3.424E+007
 3.930E+013  1.042E-010  8.172E+007  3.442E+007
 3.950E+013  1.066E-010  8.172E+007  3.459E+007
 3.970E+013  1.091E-010  8.173E+007  3.477E+007
 3.990E+013  1.116E-010  8.173E+007  3.495E+007
 4.010E+013  1.141E-010  8.173E+007  3.512E+007
 4.030E+013  1.168E-010  8.174E+007  3.530E+007
 4.050E+013  1.194E-010  8.174E+007  3.547E+007
 4.070E+013  1.221E-010  8.174E+007  3.565E+007
 4.090E+013  1.249E-010  8.175E+007  3.583E+007
 4.110E+013  1.277E-010  8.175E+007  3.600E+007
 4.130E+013  1.306E-010  8.175E+007  3.618E+007
 4.150E+013  1.335E-010  8.176E+007  3.635E+007
 4.170E+013  1.365E-010  8.176E+007  3.653E+007
 4.190E+013  1.396E-010  8.177E+007  3.671E+007
 4.210E+013  1.427E-010  8.177E+007  3.688E+007
 4.230E+013  1.459E-010  8.177E+007  3.706E+007
 4.250E+013  1.491E-010  8.178E+007  3.724E+007
 4.270E+013  1.524E-010  8.178E+007  3.741E+007
 4.290E+013  1.558E-010  8.179E+007  3.759E+007
 4.310E+013  1.593E-010  8.179E+007  3.776E+007
 4.330E+013  1.628E-010  8.180E+007  3.794E+007
 4.350E+013  1.665E-010  8.180E+007  3.812E+007
 4.370E+013  1.701E-010  8.181E+007  3.829E+007
 4.390E+013  1.739E-010  8.181E+007  3.847E+007
 4.410E+013  1.777E-010  8.182E+007  3.865E+007
 4.430E+013  1.817E-010  8.183E+007  3.882E+007
 4.450E+013  1.856E-010  8.183E+007  3.900E+007
 4.470E+013  1.897E-010  8.184E+007  3.917E+007
 4.490E+013  1.939E-010  8.184E+007  3.935E+007
 4.510E+013  1.981E-010  8.185E+007  3.953E+007
 4.530E+013  2.024E-010  8.186E+007  3.970E+007
 4.550E+013  2.068E-010  8.186E+007  3.988E+007
 4.570E+013  2.112E-010  8.187E+007  4.006E+007
 4.590E+013  2.158E-010  8.188E+007  4.023E+007
 4.610E+013  2.204E-010  8.188E+007  4.041E+007
 4.630E+013  2.251E-010  8.189E+007  4.059E+007
 4.650E+013  2.299E-010  8.190E+007  4.076E+007
 4.670E+013  2.347E-010  8.191E+007  4.094E+007
 4.690E+013  2.397E-010  8.192E+007  4.112E+007
 4.710E+013  2.447E-010  8.192E+007  4.129E+007
 4.730E+013  2.498E-010  8.193E+007  4.147E+007
 4.750E+013  2.550E-010  8.194E+007  4.165E+007
 4.770E+013  2.602E-010  8.195E+007  4.182E+007
 4.790E+013  2.656E-010  8.196E+007  4.200E+007
 4.810E+013  2.710E-010  8.197E+007  4.218E+007
 4.830E+013  2.766E-010  8.198E+007  4.235E+007
 4.850E+013  2.822E-010  8.199E+007  4.253E+007
 4.870E+013  2.879E-010  8.200E+007  4.271E+007
 4.890E+013  2.937E-010  8.201E+007  4.289E+007
 4.910E+013  2.996E-010  8.202E+007  4.306E+007
 4.930E+013  3.056E-010  8.203E+007  4.324E+007
 4.950E+013  3.117E-010  8.204E+007  4.342E+007
 4.970E+013  3.178E-010  8.205E+007  4.360E+007
 4.990E+013  3.241E-010  8.206E+007  4.377E+007
 5.010E+013  3.305E-010  8.207E+007  4.395E+007
 5.030E+013  3.370E-010  8.209E+007  4.413E+007
 5.050E+013  3.435E-010  8.210E+007  4.430E+007
 5.070E+013  3.502E-010  8.211E+007  4.448E+007
 5.090E+013  3.570E-010  8.212E+007  4.466E+007
 5.110E+013  3.638E-010  8.214E+007  4.484E+007
 5.130E+013  3.708E-010  8.215E+007  4.502E+007
 5.150E+013  3.779E-010  8.217E+007  4.519E+007
 5.170E+013  3.851E-010  8.218E+007  4.537E+007
 5.190E+013  3.924E-010  8.219E+007  4.555E+007
 5.210E+013  3.998E-010  8.221E+007  4.573E+007
 5.230E+013  4.073E-010  8.222E+007  4.590E+007
 5.250E+013  4.150E-010  8.224E+007  4.608E+007
 5.270E+013  4.227E-010  8.226E+007  4.626E+007
 5.290E+013  4.306E-010  8.227E+007  4.644E+007
 5.310E+013  4.385E-010  8.229E+007  4.662E+007
 5.330E+013  4.466E-010  8.231E+007  4.680E+007
 5.350E+013  4.548E-010  8.232E+007  4.697E+007
 5.370E+013  4.631E-010  8.234E+007  4.715E+007
 5.390E+013  4.715E-010  8.236E+007  4.733E+007
 5.410E+013  4.800E-010  8.238E+007  4.751E+007
 5.430E+013  4.887E-010  8.240E+007  4.769E+007
 5.450E+013  4.975E-010  8.242E+007  4.787E+007
 5.470E+013  5.064E-010  8.244E+007  4.805E+007
 5.490E+013  5.154E-010  8.246E+007  4.823E+007
 5.510E+013  5.246E-010  8.248E+007  4.841E+007
 5.530E+013  5.338E-010  8.250E+007  4.858E+007
 5.550E+013  5.433E-010  8.252E+007  4.876E+007
 5.570E+013  5.528E-010  8.254E+007  4.894E+007
 5.590E+013  5.625E-010  8.257E+007  4.912E+007
 5.610E+013  5.723E-010  8.259E+007  4.930E+007
 5.630E+013  5.822E-010  8.261E+007  4.948E+007
 5.650E+013  5.923E-010  8.264E+007  4.966E+007
 5.670E+013  6.026E-010  8.266E+007  4.984E+007
 5.690E+013  6.129E-010  8.269E+007  5.002E+007
 5.710E+013  6.235E-010  8.271E+007  5.020E+007
 5.730E+013  6.341E-010  8.274E+007  5.038E+007
 5.750E+013  6.450E-010  8.276E+007  5.056E+007
 5.770E+013  6.560E-010  8.279E+007  5.074E+007
 5.790E+013  6.671E-010  8.282E+007  5.092E+007
 5.810E+013  6.784E-010  8.285E+007  5.110E+007
 5.830E+013  6.899E-010  8.288E+007  5.128E+007
 5.850E+013  7.016E-010  8.291E+007  5.147E+007
 5.870E+013  7.134E-010  8.294E+007  5.165E+007
 5.890E+013  7.254E-010  8.297E+007  5.183E+007
 5.910E+013  7.375E-010  8.300E+007  5.201E+007
 5.930E+013  7.499E-010  8.303E+007  5.219E+007
 5.950E+013  7.624E-010  8.306E+007  5.237E+007
 5.970E+013  7.751E-010  8.310E+007  5.255E+007
 5.990E+013  7.880E-010  8.313E+007  5.274E+007
 6.010E+013  8.011E-010  8.317E+007  5.292E+007
 6.030E+013  8.143E-010  8.320E+007  5.310E+007
 6.050E+013  8.278E-010  8.324E+007  5.328E+007
 6.070E+013  8.414E-010  8.327E+007  5.346E+007
 6.090E+013  8.553E-010  8.331E+007  5.365E+007
 6.110E+013  8.693E-010  8.335E+007  5.383E+007
 6.130E+013  8.836E-010  8.339E+007  5.401E+007
 6.150E+013  8.981E-010  8.343E+007  5.420E+007
 6.170E+013  9.127E-010  8.347E+007  5.438E+007
 6.190E+013  9.276E-010  8.351E+007  5.456E+007
 6.210E+013  9.427E-010  8.355E+007  5.475E+007
 6.230E+013  9.580E-010  8.360E+007  5.493E+007
 6.250E+013  9.735E-010  8.364E+007  5.511E+007
 6.270E+013  9.892E-010  8.369E+007  5.530E+007
 6.290E+013  1.005E-009  8.373E+007  5.548E+007
 6.310E+013  1.021E-009  8.378E+007  5.567E+007
 6.330E+013  1.038E-009  8.383E+007  5.585E+007
 6.350E+013  1.054E-009  8.387E+007  5.604E+007
 6.370E+013  1.071E-009  8.392E+007  5.622E+007
 6.390E+013  1.088E-009  8.397E+007  5.641E+007
 6.410E+013  1.105E-009  8.403E+007  5.659E+007
 6.430E+013  1.123E-009  8.408E+007  5.678E+007
 6.450E+013  1.141E-009  8.413E+007  5.696E+007
 6.470E+013  1.159E-009  8.419E+007  5.715E+007
 6.490E+013  1.177E-009  8.424E+007  5.734E+007
 6.510E+013  1.195E-009  8.430E+007  5.752E+007
 6.530E+013  1.214E-009  8.436E+007  5.771E+007
 6.550E+013  1.233E-009  8.441E+007  5.790E+007
 6.570E+013  1.252E-009  8.447E+007  5.808E+007
 6.590E+013  1.272E-009  8.453E+007  5.827E+007
 6.610E+013  1.292E-009  8.460E+007  5.846E+007
 6.630E+013  1.312E-009  8.466E+007  5.865E+007
 6.650E+013  1.332E-009  8.472E+007  5.884E+007
 6.670E+013  1.352E-009  8.479E+007  5.903E+007
 6.690E+013  1.373E-009  8.486E+007  5.921E+007
 6.710E+013  1.394E-009  8.493E+007  5.940E+007
 6.730E+013  1.416E-009  8.500E+007  5.959E+007
 6.750E+013  1.437E-009  8.507E+007  5.978E+007
 6.770E+013  1.459E-009  8.514E+007  5.997E+007
 6.790E+013  1.481E-009  8.521E+007  6.016E+007
 6.810E+013  1.504E-009  8.529E+007  6.035E+007
 6.830E+013  1.526E-009  8.536E+007  6.054E+007
 6.850E+013  1.550E-009  8.544E+007  6.074E+007
 6.870E+013  1.573E-009  8.552E+007  6.093E+007
 6.890E+013  1.597E-009  8.560E+007  6.112E+007
 6.910E+013  1.621E-009  8.568E+007  6.131E+007
 6.930E+013  1.645E-009  8.577E+007  6.150E+007
 6.950E+013  1.669E-009  8.585E+007  6.170E+007
 6.970E+013  1.694E-009  8.594E+007  6.189E+007
 6.990E+013  1.720E-009  8.603E+007  6.208E+007
 7.010E+013  1.745E-009  8.612E+007  6.228E+007
 7.030E+013  1.771E-009  8.621E+007  6.247E+007
 7.050E+013  1.797E-009  8.630E+007  6.267E+007
 7.070E+013  1.824E-009  8.640E+007  6.286E+007
 7.090E+013  1.851E-009  8.649E+007  6.306E+007
 7.110E+013  1.878E-009  8.659E+007  6.325E+007
 7.130E+013  1.906E-009  8.669E+007  6.345E+007
 7.150E+013  1.934E-009  8.679E+007  6.365E+007
 7.170E+013  1.963E-009  8.690E+007  6.384E+007
 7.190E+013  1.991E-009  8.700E+007  6.404E+007
 7.210E+013  2.021E-009  8.711E+007  6.424E+007
 7.230E+013  2.050E-009  8.722E+007  6.444E+007
 7.250E+013  2.080E-009  8.733E+007  6.464E+007
 7.270E+013  2.111E-009  8.744E+007  6.484E+007
 7.290E+013  2.142E-009  8.756E+007  6.504E+007
 7.310E+013  2.173E-009  8.768E+007  6.524E+007
 7.330E+013  2.204E-009  8.780E+007  6.544E+007
 7.350E+013  2.237E-009  8.792E+007  6.564E+007
 7.370E+013  2.269E-009  8.804E+007  6.584E+007
 7.390E+013  2.302E-009  8.817E+007  6.604E+007
 7.410E+013  2.336E-009  8.830E+007  6.624E+007
 7.430E+013  2.369E-009  8.843E+007  6.645E+007
 7.450E+013  2.404E-009  8.856E+007  6.665E+007
 7.470E+013  2.439E-009  8.870E+007  6.685E+007
 7.490E+013  2.474E-009  8.884E+007  6.706E+007
 7.510E+013  2.510E-009  8.898E+007  6.726E+007
 7.530E+013  2.546E-009  8.912E+007  6.747E+007
 7.550E+013  2.583E-009  8.927E+007  6.768E+007
 7.570E+013  2.620E-009  8.942E+007  6.788E+007
 7.590E+013  2.658E-009  8.957E+007  6.809E+007
 7.610E+013  2.696E-009  8.972E+007  6.830E+007
 7.630E+013  2.735E-009  8.988E+007  6.851E+007
 7.650E+013  2.775E-009  9.004E+007  6.871E+007
 7.670E+013  2.815E-009  9.020E+007  6.892E+007
 7.690E+013  2.855E-009  9.036E+007  6.913E+007
 7.710E+013  2.896E-009  9.053E+007  6.935E+007
 7.730E+013  2.938E-009  9.070E+007  6.956E+007
 7.750E+013  2.980E-009  9.088E+007  6.977E+007
 7.770E+013  3.023E-009  9.105E+007  6.998E+007
 7.790E+013  3.066E-009  9.123E+007  7.020E+007
 7.810E+013  3.110E-009  9.142E+007  7.041E+007
 7.830E+013  3.155E-009  9.160E+007  7.062E+007
 7.850E+013  3.200E-009  9.179E+007  7.084E+007
 7.870E+013  3.246E-009  9.199E+007  7.106E+007
 7.890E+013  3.293E-009  9.218E+007  7.127E+007
 7.910E+013  3.340E-009  9.239E+007  7.149E+007
 7.930E+013  3.388E-009  9.259E+007  7.171E+007
 7.950E+013  3.437E-009  9.280E+007  7.193E+007
 7.970E+013  3.486E-009  9.301E+007  7.215E+007
 7.990E+013  3.536E-009  9.322E+007  7.237E+007
 8.010E+013  3.587E-009  9.344E+007  7.259E+007
 8.030E+013  3.638E-009  9.367E+007  7.281E+007
 8.050E+013  3.690E-009  9.389E+007  7.303E+007
 8.070E+013  3.743E-009  9.412E+007  7.326E+007
 8.090E+013  3.797E-009  9.436E+007  7.348E+007
 8.110E+013  3.852E-009  9.460E+007  7.371E+007
 8.130E+013  3.907E-009  9.484E+007  7.393E+007
 8.150E+013  3.963E-009  9.509E+007  7.416E+007
 8.170E+013  4.020E-009  9.534E+007  7.439E+007
 8.190E+013  4.078E-009  9.560E+007  7.462E+007
 8.210E+013  4.137E-009  9.586E+007  7.485E+007
 8.230E+013  4.197E-009  9.613E+007  7.508E+007
 8.250E+013  4.257E-009  9.640E+007  7.531E+007
 8.270E+013  4.319E-009  9.668E+007  7.554E+007
 8.290E+013  4.381E-009  9.696E+007  7.578E+007
 8.310E+013  4.444E-009  9.724E+007  7.601E+007
 8.330E+013  4.509E-009  9.754E+007  7.625E+007
 8.350E+013  4.574E-009  9.783E+007  7.648E+007
 8.370E+013  4.640E-009  9.813E+007  7.672E+007
 8.390E+013  4.708E-009  9.844E+007  7.696E+007
 8.410E+013  4.776E-009  9.876E+007  7.720E+007
 8.430E+013  4.846E-009  9.907E+007  7.744E+007
 8.450E+013  4.916E-009  9.940E+007  7.768E+007
 8.470E+013  4.988E-009  9.973E+007  7.792E+007
 8.490E+013  5.061E-009  1.001E+008  7.816E+007
 8.510E+013  5.135E-009  1.004E+008  7.841E+007
 8.530E+013  5.210E-009  1.008E+008  7.865E+007
 8.550E+013  5.286E-009  1.011E+008  7.890E+007
 8.570E+013  5.364E-009  1.015E+008  7.915E+007
 8.590E+013  5.443E-009  1.018E+008  7.940E+007
 8.610E+013  5.523E-009  1.022E+008  7.964E+007
 8.630E+013  5.604E-009  1.026E+008  7.990E+007
 8.650E+013  5.687E-009  1.030E+008  8.015E+007
 8.670E+013  5.772E-009  1.034E+008  8.040E+007
 8.690E+013  5.857E-009  1.038E+008  8.066E+007
 8.710E+013  5.944E-009  1.042E+008  8.091E+007
 8.730E+013  6.033E-009  1.046E+008  8.117E+007
 8.750E+013  6.123E-009  1.051E+008  8.143E+007
 8.770E+013  6.214E-009  1.055E+008  8.169E+007
 8.790E+013  6.307E-009  1.059E+008  8.195E+007
 8.810E+013  6.402E-009  1.064E+008  8.221E+007
 8.830E+013  6.498E-009  1.068E+008  8.247E+007
 8.850E+013  6.596E-009  1.073E+008  8.274E+007
 8.870E+013  6.696E-009  1.078E+008  8.300E+007
 8.890E+013  6.797E-009  1.083E+008  8.327E+007
 8.910E+013  6.900E-009  1.088E+008  8.354E+007
 8.930E+013  7.005E-009  1.093E+008  8.381E+007
 8.950E+013  7.112E-009  1.098E+008  8.408E+007
 8.970E+013  7.221E-009  1.103E+008  8.435E+007
 8.990E+013  7.331E-009  1.109E+008  8.463E+007
 9.010E+013  7.444E-009  1.114E+008  8.490E+007
 9.030E+013  7.559E-009  1.120E+008  8.518E+007
 9.050E+013  7.675E-009  1.125E+008  8.546E+007
 9.070E+013  7.794E-009  1.131E+008  8.574E+007
 9.090E+013  7.915E-009  1.137E+008  8.602E+007
 9.110E+013  8.039E-009  1.143E+008  8.630E+007
 9.130E+013  8.164E-009  1.149E+008  8.658E+007
 9.150E+013  8.292E-009  1.155E+008  8.687E+007
 9.170E+013  8.422E-009  1.162E+008  8.716E+007
 9.190E+013  8.555E-009  1.168E+008  8.745E+007
 9.210E+013  8.690E-009  1.175E+008  8.774E+007
 9.230E+013  8.828E-009  1.181E+008  8.803E+007
 9.250E+013  8.968E-009  1.188E+008  8.832E+007
 9.270E+013  9.112E-009  1.195E+008  8.862E+007
 9.290E+013  9.258E-009  1.202E+008  8.891E+007
 9.310E+013  9.406E-009  1.210E+008  8.921E+007
 9.330E+013  9.558E-009  1.217E+008  8.951E+007
 9.350E+013  9.713E-009  1.225E+008  8.981E+007
 9.370E+013  9.870E-009  1.232E+008  9.012E+007
 9.390E+013  1.003E-008  1.240E+008  9.042E+007
 9.410E+013  1.020E-008  1.248E+008  9.073E+007
 9.430E+013  1.036E-008  1.257E+008  9.103E+007
 9.450E+013  1.053E-008  1.265E+008  9.134E+007
 9.470E+013  1.071E-008  1.274E+008  9.166E+007
 9.490E+013  1.089E-008  1.282E+008  9.197E+007
 9.510E+013  1.107E-008  1.291E+008  9.228E+007
 9.530E+013  1.125E-008  1.300E+008  9.260E+007
 9.550E+013  1.144E-008  1.310E+008  9.292E+007
 9.570E+013  1.163E-008  1.319E+008  9.324E+007
 9.590E+013  1.183E-008  1.329E+008  9.356E+007
 9.610E+013  1.203E-008  1.339E+008  9.388E+007
 9.630E+013  1.224E-008  1.349E+008  9.421E+007
 9.650E+013  1.245E-008  1.359E+008  9.454E+007
 9.670E+013  1.266E-008  1.369E+008  9.487E+007
 9.690E+013  1.288E-008  1.380E+008  9.520E+007
 9.710E+013  1.311E-008  1.391E+008  9.553E+007
 9.730E+013  1.333E-008  1.402E+008  9.586E+007
 9.750E+013  1.357E-008  1.414E+008  9.620E+007
 9.770E+013  1.381E-008  1.425E+008  9.654E+007
 9.790E+013  1.405E-008  1.437E+008  9.688E+007
 9.810E+013  1.430E-008  1.449E+008  9.722E+007
 9.830E+013  1.456E-008  1.462E+008  9.756E+007
 9.850E+013  1.482E-008  1.475E+008  9.791E+007
 9.870E+013  1.509E-008  1.488E+008  9.825E+007
 9.890E+013  1.536E-008  1.500E+008  9.861E+007
 9.910E+013  1.563E-008  1.512E+008  9.900E+007
 9.930E+013  1.591E-008  1.525E+008  9.943E+007
 9.950E+013  1.626E-008  1.547E+008  9.969E+007
 9.970E+013  1.667E-008  1.583E+008  9.946E+007
 9.990E+013  1.728E-008  1.625E+008  9.873E+007
 1.001E+014  1.000E-099  1.000E-099  9.872E+007
 1.003E+014  1.000E-099  1.000E-099  9.872E+007
 8.752E-003
