 6.000E+004
     x1b        dens       energ       v1
 1.000E+011  3.160E-012  5.172E+008  0.000E+000
 3.000E+011  3.162E-012  5.172E+008  7.433E+005
 5.000E+011  3.169E-012  5.172E+008  1.635E+006
 7.000E+011  3.184E-012  5.172E+008  2.405E+006
 9.000E+011  3.206E-012  5.172E+008  3.228E+006
 1.100E+012  3.239E-012  5.172E+008  4.024E+006
 1.300E+012  3.279E-012  5.172E+008  4.834E+006
 1.500E+012  3.327E-012  5.172E+008  5.637E+006
 1.700E+012  3.381E-012  5.172E+008  6.444E+006
 1.900E+012  3.438E-012  5.172E+008  7.249E+006
 2.100E+012  3.498E-012  5.172E+008  8.055E+006
 2.300E+012  3.559E-012  5.172E+008  8.860E+006
 2.500E+012  3.620E-012  5.172E+008  9.665E+006
 2.700E+012  3.681E-012  5.172E+008  1.047E+007
 2.900E+012  3.739E-012  5.172E+008  1.128E+007
 3.100E+012  3.792E-012  5.172E+008  1.208E+007
 3.300E+012  3.837E-012  5.172E+008  1.289E+007
 3.500E+012  3.867E-012  5.172E+008  1.369E+007
 3.700E+012  3.880E-012  5.172E+008  1.450E+007
 3.900E+012  3.883E-012  5.172E+008  1.530E+007
 4.100E+012  3.883E-012  5.172E+008  1.611E+007
 4.300E+012  3.883E-012  5.172E+008  1.691E+007
 4.500E+012  3.882E-012  5.172E+008  1.772E+007
 4.700E+012  3.882E-012  5.172E+008  1.852E+007
 4.900E+012  3.880E-012  5.172E+008  1.933E+007
 5.100E+012  3.878E-012  5.172E+008  2.014E+007
 5.300E+012  3.875E-012  5.172E+008  2.094E+007
 5.500E+012  3.871E-012  5.172E+008  2.175E+007
 5.700E+012  3.866E-012  5.172E+008  2.255E+007
 5.900E+012  3.863E-012  5.172E+008  2.336E+007
 6.100E+012  3.862E-012  5.172E+008  2.416E+007
 6.300E+012  3.862E-012  5.172E+008  2.497E+007
 6.500E+012  3.862E-012  5.172E+008  2.577E+007
 6.700E+012  3.862E-012  5.172E+008  2.658E+007
 6.900E+012  3.863E-012  5.172E+008  2.738E+007
 7.100E+012  3.865E-012  5.172E+008  2.819E+007
 7.300E+012  3.869E-012  5.172E+008  2.900E+007
 7.500E+012  3.874E-012  5.172E+008  2.980E+007
 7.700E+012  3.881E-012  5.172E+008  3.061E+007
 7.900E+012  3.891E-012  5.172E+008  3.141E+007
 8.100E+012  3.905E-012  5.172E+008  3.222E+007
 8.300E+012  3.922E-012  5.172E+008  3.302E+007
 8.500E+012  3.944E-012  5.172E+008  3.383E+007
 8.700E+012  3.972E-012  5.172E+008  3.463E+007
 8.900E+012  4.005E-012  5.172E+008  3.544E+007
 9.100E+012  4.045E-012  5.172E+008  3.624E+007
 9.300E+012  4.093E-012  5.172E+008  3.705E+007
 9.500E+012  4.149E-012  5.172E+008  3.786E+007
 9.700E+012  4.215E-012  5.172E+008  3.866E+007
 9.900E+012  4.291E-012  5.172E+008  3.947E+007
 1.010E+013  4.379E-012  5.172E+008  4.027E+007
 1.030E+013  4.481E-012  5.172E+008  4.108E+007
 1.050E+013  4.597E-012  5.172E+008  4.189E+007
 1.070E+013  4.729E-012  5.172E+008  4.269E+007
 1.090E+013  4.880E-012  5.172E+008  4.350E+007
 1.110E+013  5.051E-012  5.172E+008  4.431E+007
 1.130E+013  5.245E-012  5.172E+008  4.511E+007
 1.150E+013  5.464E-012  5.172E+008  4.592E+007
 1.170E+013  5.711E-012  5.172E+008  4.673E+007
 1.190E+013  5.990E-012  5.172E+008  4.754E+007
 1.210E+013  6.304E-012  5.172E+008  4.834E+007
 1.230E+013  6.657E-012  5.172E+008  4.915E+007
 1.250E+013  7.055E-012  5.172E+008  4.996E+007
 1.270E+013  7.501E-012  5.172E+008  5.077E+007
 1.290E+013  8.001E-012  5.172E+008  5.158E+007
 1.310E+013  8.560E-012  5.172E+008  5.239E+007
 1.330E+013  9.186E-012  5.172E+008  5.320E+007
 1.350E+013  9.885E-012  5.172E+008  5.401E+007
 1.370E+013  1.066E-011  5.172E+008  5.482E+007
 1.390E+013  1.153E-011  5.172E+008  5.562E+007
 1.410E+013  1.248E-011  5.172E+008  5.643E+007
 1.430E+013  1.354E-011  5.172E+008  5.724E+007
 1.450E+013  1.470E-011  5.172E+008  5.805E+007
 1.470E+013  1.597E-011  5.172E+008  5.886E+007
 1.490E+013  1.735E-011  5.172E+008  5.966E+007
 1.510E+013  1.885E-011  5.172E+008  6.047E+007
 1.530E+013  2.047E-011  5.172E+008  6.128E+007
 1.550E+013  2.220E-011  5.173E+008  6.208E+007
 1.570E+013  2.405E-011  5.173E+008  6.289E+007
 1.590E+013  2.600E-011  5.173E+008  6.369E+007
 1.610E+013  2.805E-011  5.173E+008  6.449E+007
 1.630E+013  3.020E-011  5.173E+008  6.530E+007
 1.650E+013  3.242E-011  5.173E+008  6.610E+007
 1.670E+013  3.473E-011  5.173E+008  6.690E+007
 1.690E+013  3.710E-011  5.173E+008  6.771E+007
 1.710E+013  3.952E-011  5.173E+008  6.851E+007
 1.730E+013  4.200E-011  5.173E+008  6.931E+007
 1.750E+013  4.452E-011  5.173E+008  7.011E+007
 1.770E+013  4.708E-011  5.173E+008  7.092E+007
 1.790E+013  4.968E-011  5.174E+008  7.172E+007
 1.810E+013  5.232E-011  5.174E+008  7.252E+007
 1.830E+013  5.499E-011  5.174E+008  7.333E+007
 1.850E+013  5.771E-011  5.174E+008  7.413E+007
 1.870E+013  6.046E-011  5.174E+008  7.494E+007
 1.890E+013  6.327E-011  5.174E+008  7.574E+007
 1.910E+013  6.613E-011  5.175E+008  7.655E+007
 1.930E+013  6.905E-011  5.175E+008  7.735E+007
 1.950E+013  7.204E-011  5.175E+008  7.816E+007
 1.970E+013  7.511E-011  5.175E+008  7.897E+007
 1.990E+013  7.827E-011  5.175E+008  7.977E+007
 2.010E+013  8.152E-011  5.176E+008  8.058E+007
 2.030E+013  8.488E-011  5.176E+008  8.138E+007
 2.050E+013  8.836E-011  5.176E+008  8.219E+007
 2.070E+013  9.197E-011  5.176E+008  8.300E+007
 2.090E+013  9.571E-011  5.177E+008  8.380E+007
 2.110E+013  9.960E-011  5.177E+008  8.461E+007
 2.130E+013  1.037E-010  5.177E+008  8.542E+007
 2.150E+013  1.079E-010  5.178E+008  8.623E+007
 2.170E+013  1.123E-010  5.178E+008  8.703E+007
 2.190E+013  1.169E-010  5.179E+008  8.784E+007
 2.210E+013  1.217E-010  5.179E+008  8.865E+007
 2.230E+013  1.266E-010  5.179E+008  8.946E+007
 2.250E+013  1.319E-010  5.180E+008  9.026E+007
 2.270E+013  1.373E-010  5.180E+008  9.107E+007
 2.290E+013  1.429E-010  5.181E+008  9.188E+007
 2.310E+013  1.488E-010  5.181E+008  9.269E+007
 2.330E+013  1.549E-010  5.182E+008  9.350E+007
 2.350E+013  1.612E-010  5.182E+008  9.431E+007
 2.370E+013  1.678E-010  5.183E+008  9.512E+007
 2.390E+013  1.746E-010  5.184E+008  9.592E+007
 2.410E+013  1.816E-010  5.184E+008  9.673E+007
 2.430E+013  1.889E-010  5.185E+008  9.754E+007
 2.450E+013  1.963E-010  5.186E+008  9.835E+007
 2.470E+013  2.040E-010  5.186E+008  9.916E+007
 2.490E+013  2.119E-010  5.187E+008  9.997E+007
 2.510E+013  2.201E-010  5.188E+008  1.008E+008
 2.530E+013  2.284E-010  5.189E+008  1.016E+008
 2.550E+013  2.369E-010  5.190E+008  1.024E+008
 2.570E+013  2.457E-010  5.191E+008  1.032E+008
 2.590E+013  2.547E-010  5.192E+008  1.040E+008
 2.610E+013  2.638E-010  5.193E+008  1.048E+008
 2.630E+013  2.732E-010  5.194E+008  1.056E+008
 2.650E+013  2.829E-010  5.195E+008  1.065E+008
 2.670E+013  2.927E-010  5.196E+008  1.073E+008
 2.690E+013  3.028E-010  5.197E+008  1.081E+008
 2.710E+013  3.132E-010  5.199E+008  1.089E+008
 2.730E+013  3.238E-010  5.200E+008  1.097E+008
 2.750E+013  3.348E-010  5.201E+008  1.105E+008
 2.770E+013  3.460E-010  5.203E+008  1.113E+008
 2.790E+013  3.575E-010  5.204E+008  1.122E+008
 2.810E+013  3.694E-010  5.206E+008  1.130E+008
 2.830E+013  3.816E-010  5.207E+008  1.138E+008
 2.850E+013  3.942E-010  5.209E+008  1.146E+008
 2.870E+013  4.072E-010  5.211E+008  1.154E+008
 2.890E+013  4.206E-010  5.213E+008  1.162E+008
 2.910E+013  4.344E-010  5.214E+008  1.171E+008
 2.930E+013  4.487E-010  5.216E+008  1.179E+008
 2.950E+013  4.634E-010  5.218E+008  1.187E+008
 2.970E+013  4.785E-010  5.221E+008  1.195E+008
 2.990E+013  4.941E-010  5.223E+008  1.203E+008
 3.010E+013  5.102E-010  5.225E+008  1.212E+008
 3.030E+013  5.268E-010  5.228E+008  1.220E+008
 3.050E+013  5.439E-010  5.230E+008  1.228E+008
 3.070E+013  5.615E-010  5.233E+008  1.236E+008
 3.090E+013  5.796E-010  5.235E+008  1.244E+008
 3.110E+013  5.982E-010  5.238E+008  1.253E+008
 3.130E+013  6.174E-010  5.241E+008  1.261E+008
 3.150E+013  6.371E-010  5.244E+008  1.269E+008
 3.170E+013  6.573E-010  5.247E+008  1.278E+008
 3.190E+013  6.780E-010  5.250E+008  1.286E+008
 3.210E+013  6.993E-010  5.254E+008  1.294E+008
 3.230E+013  7.211E-010  5.257E+008  1.302E+008
 3.250E+013  7.435E-010  5.261E+008  1.311E+008
 3.270E+013  7.665E-010  5.265E+008  1.319E+008
 3.290E+013  7.900E-010  5.269E+008  1.327E+008
 3.310E+013  8.141E-010  5.273E+008  1.336E+008
 3.330E+013  8.388E-010  5.277E+008  1.344E+008
 3.350E+013  8.641E-010  5.281E+008  1.353E+008
 3.370E+013  8.901E-010  5.286E+008  1.361E+008
 3.390E+013  9.167E-010  5.291E+008  1.369E+008
 3.410E+013  9.439E-010  5.295E+008  1.378E+008
 3.430E+013  9.718E-010  5.300E+008  1.386E+008
 3.450E+013  1.000E-009  5.306E+008  1.395E+008
 3.470E+013  1.030E-009  5.311E+008  1.403E+008
 3.490E+013  1.060E-009  5.317E+008  1.412E+008
 3.510E+013  1.090E-009  5.323E+008  1.420E+008
 3.530E+013  1.122E-009  5.329E+008  1.429E+008
 3.550E+013  1.154E-009  5.335E+008  1.437E+008
 3.570E+013  1.187E-009  5.341E+008  1.446E+008
 3.590E+013  1.221E-009  5.348E+008  1.454E+008
 3.610E+013  1.255E-009  5.355E+008  1.463E+008
 3.630E+013  1.291E-009  5.362E+008  1.472E+008
 3.650E+013  1.327E-009  5.369E+008  1.480E+008
 3.670E+013  1.364E-009  5.377E+008  1.489E+008
 3.690E+013  1.402E-009  5.385E+008  1.498E+008
 3.710E+013  1.441E-009  5.393E+008  1.506E+008
 3.730E+013  1.480E-009  5.402E+008  1.515E+008
 3.750E+013  1.521E-009  5.410E+008  1.524E+008
 3.770E+013  1.563E-009  5.419E+008  1.533E+008
 3.790E+013  1.605E-009  5.429E+008  1.541E+008
 3.810E+013  1.648E-009  5.438E+008  1.550E+008
 3.830E+013  1.693E-009  5.448E+008  1.559E+008
 3.850E+013  1.739E-009  5.459E+008  1.568E+008
 3.870E+013  1.785E-009  5.469E+008  1.577E+008
 3.890E+013  1.833E-009  5.480E+008  1.586E+008
 3.910E+013  1.882E-009  5.492E+008  1.595E+008
 3.930E+013  1.932E-009  5.503E+008  1.604E+008
 3.950E+013  1.983E-009  5.515E+008  1.613E+008
 3.970E+013  2.036E-009  5.528E+008  1.622E+008
 3.990E+013  2.090E-009  5.541E+008  1.631E+008
 4.010E+013  2.145E-009  5.554E+008  1.640E+008
 4.030E+013  2.202E-009  5.568E+008  1.649E+008
 4.050E+013  2.260E-009  5.582E+008  1.659E+008
 4.070E+013  2.319E-009  5.597E+008  1.668E+008
 4.090E+013  2.380E-009  5.612E+008  1.677E+008
 4.110E+013  2.443E-009  5.628E+008  1.687E+008
 4.130E+013  2.507E-009  5.644E+008  1.696E+008
 4.150E+013  2.573E-009  5.661E+008  1.706E+008
 4.170E+013  2.641E-009  5.678E+008  1.715E+008
 4.190E+013  2.711E-009  5.696E+008  1.725E+008
 4.210E+013  2.782E-009  5.714E+008  1.734E+008
 4.230E+013  2.855E-009  5.734E+008  1.744E+008
 4.250E+013  2.930E-009  5.753E+008  1.754E+008
 4.270E+013  3.007E-009  5.774E+008  1.763E+008
 4.290E+013  3.086E-009  5.794E+008  1.773E+008
 4.310E+013  3.168E-009  5.816E+008  1.783E+008
 4.330E+013  3.251E-009  5.839E+008  1.793E+008
 4.350E+013  3.337E-009  5.862E+008  1.803E+008
 4.370E+013  3.424E-009  5.886E+008  1.813E+008
 4.390E+013  3.515E-009  5.910E+008  1.823E+008
 4.410E+013  3.607E-009  5.936E+008  1.833E+008
 4.430E+013  3.702E-009  5.962E+008  1.844E+008
 4.450E+013  3.800E-009  5.989E+008  1.854E+008
 4.470E+013  3.900E-009  6.017E+008  1.864E+008
 4.490E+013  4.003E-009  6.046E+008  1.875E+008
 4.510E+013  4.108E-009  6.076E+008  1.885E+008
 4.530E+013  4.217E-009  6.107E+008  1.896E+008
 4.550E+013  4.329E-009  6.139E+008  1.907E+008
 4.570E+013  4.443E-009  6.172E+008  1.917E+008
 4.590E+013  4.561E-009  6.206E+008  1.928E+008
 4.610E+013  4.682E-009  6.242E+008  1.939E+008
 4.630E+013  4.807E-009  6.278E+008  1.950E+008
 4.650E+013  4.935E-009  6.316E+008  1.961E+008
 4.670E+013  5.066E-009  6.355E+008  1.972E+008
 4.690E+013  5.202E-009  6.395E+008  1.984E+008
 4.710E+013  5.341E-009  6.436E+008  1.995E+008
 4.730E+013  5.485E-009  6.479E+008  2.006E+008
 4.750E+013  5.633E-009  6.524E+008  2.018E+008
 4.770E+013  5.785E-009  6.570E+008  2.030E+008
 4.790E+013  5.942E-009  6.617E+008  2.041E+008
 4.810E+013  6.103E-009  6.666E+008  2.053E+008
 4.830E+013  6.270E-009  6.717E+008  2.065E+008
 4.850E+013  6.441E-009  6.770E+008  2.077E+008
 4.870E+013  6.619E-009  6.824E+008  2.089E+008
 4.890E+013  6.801E-009  6.880E+008  2.101E+008
 4.910E+013  6.990E-009  6.939E+008  2.114E+008
 4.930E+013  7.185E-009  6.999E+008  2.126E+008
 4.950E+013  7.386E-009  7.061E+008  2.139E+008
 4.970E+013  7.594E-009  7.126E+008  2.152E+008
 4.990E+013  7.809E-009  7.193E+008  2.165E+008
 5.010E+013  8.031E-009  7.262E+008  2.178E+008
 5.030E+013  8.260E-009  7.333E+008  2.191E+008
 5.050E+013  8.498E-009  7.407E+008  2.204E+008
 5.070E+013  8.744E-009  7.484E+008  2.217E+008
 5.090E+013  8.998E-009  7.564E+008  2.231E+008
 5.110E+013  9.261E-009  7.646E+008  2.244E+008
 5.130E+013  9.534E-009  7.732E+008  2.258E+008
 5.150E+013  9.817E-009  7.821E+008  2.272E+008
 5.170E+013  1.011E-008  7.912E+008  2.286E+008
 5.190E+013  1.041E-008  8.008E+008  2.300E+008
 5.210E+013  1.073E-008  8.107E+008  2.314E+008
 5.230E+013  1.106E-008  8.209E+008  2.329E+008
 5.250E+013  1.140E-008  8.315E+008  2.343E+008
 5.270E+013  1.175E-008  8.426E+008  2.358E+008
 5.290E+013  1.211E-008  8.540E+008  2.373E+008
 5.310E+013  1.249E-008  8.659E+008  2.388E+008
 5.330E+013  1.289E-008  8.783E+008  2.403E+008
 5.350E+013  1.330E-008  8.911E+008  2.418E+008
 5.370E+013  1.373E-008  9.045E+008  2.434E+008
 5.390E+013  1.418E-008  9.184E+008  2.449E+008
 5.410E+013  1.464E-008  9.328E+008  2.465E+008
 5.430E+013  1.512E-008  9.477E+008  2.481E+008
 5.450E+013  1.563E-008  9.633E+008  2.497E+008
 5.470E+013  1.615E-008  9.795E+008  2.514E+008
 5.490E+013  1.670E-008  9.964E+008  2.530E+008
 5.510E+013  1.727E-008  1.014E+009  2.547E+008
 5.530E+013  1.787E-008  1.032E+009  2.563E+008
 5.550E+013  1.850E-008  1.051E+009  2.580E+008
 5.570E+013  1.915E-008  1.071E+009  2.597E+008
 5.590E+013  1.983E-008  1.092E+009  2.614E+008
 5.610E+013  2.055E-008  1.113E+009  2.632E+008
 5.630E+013  2.130E-008  1.136E+009  2.649E+008
 5.650E+013  2.208E-008  1.159E+009  2.667E+008
 5.670E+013  2.290E-008  1.184E+009  2.685E+008
 5.690E+013  2.377E-008  1.209E+009  2.703E+008
 5.710E+013  2.467E-008  1.236E+009  2.721E+008
 5.730E+013  2.562E-008  1.264E+009  2.739E+008
 5.750E+013  2.662E-008  1.293E+009  2.758E+008
 5.770E+013  2.766E-008  1.323E+009  2.776E+008
 5.790E+013  2.877E-008  1.355E+009  2.795E+008
 5.810E+013  2.992E-008  1.388E+009  2.814E+008
 5.830E+013  3.114E-008  1.423E+009  2.833E+008
 5.850E+013  3.245E-008  1.460E+009  2.853E+008
 5.870E+013  3.377E-008  1.496E+009  2.873E+008
 5.890E+013  3.512E-008  1.532E+009  2.887E+008
 5.910E+013  3.688E-008  1.594E+009  2.910E+008
 5.930E+013  3.845E-008  1.649E+009  2.954E+008
 5.950E+013  3.821E-008  1.571E+009  2.951E+008
 5.970E+013  3.229E-008  1.099E+009  2.793E+008
 5.990E+013  1.982E-008  3.534E+008  2.247E+008
 6.010E+013  1.242E-008  3.359E+007  1.254E+008
 6.030E+013  1.027E-008  2.084E+005  2.958E+007
 6.050E+013  1.000E-008  6.435E+001  8.577E+005
 6.070E+013  1.000E-008  6.236E+001  3.120E+002
 6.090E+013  1.000E-008  6.236E+001  1.809E-005
 6.110E+013  1.000E-008  6.236E+001  1.157E-015
 6.130E+013  1.000E-008  6.236E+001  1.458E-040
 6.150E+013  1.000E-008  6.236E+001  1.724E-091
 6.170E+013  1.000E-008  6.236E+001  2.132E-013
 6.190E+013  1.000E-008  6.236E+001 -2.132E-013
 6.210E+013  1.000E-008  6.236E+001  0.000E+000
 6.230E+013  1.000E-008  6.236E+001  0.000E+000
 6.250E+013  1.000E-008  6.236E+001  0.000E+000
 6.270E+013  1.000E-008  6.236E+001  0.000E+000
 6.290E+013  1.000E-008  6.236E+001  0.000E+000
 6.310E+013  1.000E-008  6.236E+001  0.000E+000
 6.330E+013  1.000E-008  6.236E+001  0.000E+000
 6.350E+013  1.000E-008  6.236E+001  2.132E-013
 6.370E+013  1.000E-008  6.236E+001 -2.132E-013
 6.390E+013  1.000E-008  6.236E+001  0.000E+000
 6.410E+013  1.000E-008  6.236E+001  0.000E+000
 6.430E+013  1.000E-008  6.236E+001  0.000E+000
 6.450E+013  1.000E-008  6.236E+001  0.000E+000
 6.470E+013  1.000E-008  6.236E+001  2.132E-013
 6.490E+013  1.000E-008  6.236E+001 -2.132E-013
 6.510E+013  1.000E-008  6.236E+001  0.000E+000
 6.530E+013  1.000E-008  6.236E+001  0.000E+000
 6.550E+013  1.000E-008  6.236E+001  0.000E+000
 6.570E+013  1.000E-008  6.236E+001  0.000E+000
 6.590E+013  1.000E-008  6.236E+001  2.132E-013
 6.610E+013  1.000E-008  6.236E+001 -2.132E-013
 6.630E+013  1.000E-008  6.236E+001  0.000E+000
 6.650E+013  1.000E-008  6.236E+001  0.000E+000
 6.670E+013  1.000E-008  6.236E+001  0.000E+000
 6.690E+013  1.000E-008  6.236E+001  2.132E-013
 6.710E+013  1.000E-008  6.236E+001 -2.132E-013
 6.730E+013  1.000E-008  6.236E+001  0.000E+000
 6.750E+013  1.000E-008  6.236E+001  0.000E+000
 6.770E+013  1.000E-008  6.236E+001  2.132E-013
 6.790E+013  1.000E-008  6.236E+001 -2.132E-013
 6.810E+013  1.000E-008  6.236E+001  2.132E-013
 6.830E+013  1.000E-008  6.236E+001 -1.333E-035
 6.850E+013  1.000E-008  6.236E+001 -2.132E-013
 6.870E+013  1.000E-008  6.236E+001  0.000E+000
 6.890E+013  1.000E-008  6.236E+001  0.000E+000
 6.910E+013  1.000E-008  6.236E+001  0.000E+000
 6.930E+013  1.000E-008  6.236E+001  2.132E-013
 6.950E+013  1.000E-008  6.236E+001 -2.132E-013
 6.970E+013  1.000E-008  6.236E+001  0.000E+000
 6.990E+013  1.000E-008  6.236E+001  0.000E+000
 7.010E+013  1.000E-008  6.236E+001  0.000E+000
 7.030E+013  1.000E-008  6.236E+001  0.000E+000
 7.050E+013  1.000E-008  6.236E+001  0.000E+000
 7.070E+013  1.000E-008  6.236E+001  0.000E+000
 7.090E+013  1.000E-008  6.236E+001  0.000E+000
 7.110E+013  1.000E-008  6.236E+001  0.000E+000
 7.130E+013  1.000E-008  6.236E+001  0.000E+000
 7.150E+013  1.000E-008  6.236E+001  0.000E+000
 7.170E+013  1.000E-008  6.236E+001  0.000E+000
 7.190E+013  1.000E-008  6.236E+001  2.132E-013
 7.210E+013  1.000E-008  6.236E+001 -2.132E-013
 7.230E+013  1.000E-008  6.236E+001  0.000E+000
 7.250E+013  1.000E-008  6.236E+001  0.000E+000
 7.270E+013  1.000E-008  6.236E+001  4.264E-013
 7.290E+013  1.000E-008  6.236E+001 -4.995E-035
 7.310E+013  1.000E-008  6.236E+001 -4.264E-013
 7.330E+013  1.000E-008  6.236E+001 -1.137E-032
 7.350E+013  1.000E-008  6.236E+001 -2.132E-013
 7.370E+013  1.000E-008  6.236E+001  2.132E-013
 7.390E+013  1.000E-008  6.236E+001  1.136E-032
 7.410E+013  1.000E-008  6.236E+001  1.105E-071
 7.430E+013  1.000E-008  6.236E+001  4.883E-150
 7.450E+013  1.000E-008  6.236E+001  4.606E-307
 7.470E+013  1.000E-008  6.236E+001  0.000E+000
 7.490E+013  1.000E-008  6.236E+001  0.000E+000
 7.510E+013  1.000E-008  6.236E+001  0.000E+000
 7.530E+013  1.000E-008  6.236E+001  0.000E+000
 7.550E+013  1.000E-008  6.236E+001  0.000E+000
 7.570E+013  1.000E-008  6.236E+001  0.000E+000
 7.590E+013  1.000E-008  6.236E+001  0.000E+000
 7.610E+013  1.000E-008  6.236E+001  0.000E+000
 7.630E+013  1.000E-008  6.236E+001  0.000E+000
 7.650E+013  1.000E-008  6.236E+001  0.000E+000
 7.670E+013  1.000E-008  6.236E+001  4.264E-013
 7.690E+013  1.000E-008  6.236E+001 -4.264E-013
 7.710E+013  1.000E-008  6.236E+001  6.395E-013
 7.730E+013  1.000E-008  6.236E+001 -6.395E-013
 7.750E+013  1.000E-008  6.236E+001  2.692E-033
 7.770E+013  1.000E-008  6.236E+001  4.264E-013
 7.790E+013  1.000E-008  6.236E+001 -1.279E-012
 7.810E+013  1.000E-008  6.236E+001  1.279E-012
 7.830E+013  1.000E-008  6.236E+001 -4.264E-013
 7.850E+013  1.000E-008  6.236E+001 -7.810E-072
 7.870E+013  1.000E-008  6.236E+001 -9.547E-033
 7.890E+013  1.000E-008  6.236E+001 -2.132E-013
 7.910E+013  1.000E-008  6.236E+001 -1.066E-012
 7.930E+013  1.000E-008  6.236E+001  6.395E-013
 7.950E+013  1.000E-008  6.236E+001  6.395E-013
 7.970E+013  1.000E-008  6.236E+001 -8.527E-013
 7.990E+013  1.000E-008  6.236E+001  8.527E-013
 8.010E+013  1.000E-008  6.236E+001  1.817E-031
 8.030E+013  1.000E-008  6.236E+001  2.830E-069
 8.050E+013  1.000E-008  6.236E+001  3.201E-145
 8.070E+013  1.000E-008  6.236E+001 -2.134E-290
 8.090E+013  1.000E-008  6.236E+001 -1.051E-141
 8.110E+013  1.000E-008  6.236E+001 -1.622E-067
 8.130E+013  1.000E-008  6.236E+001 -1.376E-030
 8.150E+013  1.000E-008  6.236E+001 -2.345E-012
 8.170E+013  1.000E-008  6.236E+001  2.984E-012
 8.190E+013  1.000E-008  6.236E+001 -6.395E-013
 8.210E+013  1.000E-008  6.236E+001  0.000E+000
 8.230E+013  1.000E-008  6.236E+001  0.000E+000
 8.250E+013  1.000E-008  6.236E+001  0.000E+000
 8.270E+013  1.000E-008  6.236E+001  0.000E+000
 8.290E+013  1.000E-008  6.236E+001  8.527E-013
 8.310E+013  1.000E-008  6.236E+001 -8.527E-013
 8.330E+013  1.000E-008  6.236E+001 -1.104E-032
 8.350E+013  1.000E-008  6.236E+001  1.279E-012
 8.370E+013  1.000E-008  6.236E+001 -1.066E-012
 8.390E+013  1.000E-008  6.236E+001 -1.137E-032
 8.410E+013  1.000E-008  6.236E+001 -2.132E-013
 8.430E+013  1.000E-008  6.236E+001  2.132E-013
 8.450E+013  1.000E-008  6.236E+001 -1.077E-035
 8.470E+013  1.000E-008  6.236E+001 -2.132E-013
 8.490E+013  1.000E-008  6.236E+001 -5.360E-036
 8.510E+013  1.000E-008  6.236E+001  2.132E-013
 8.530E+013  1.000E-008  6.236E+001 -1.067E-035
 8.550E+013  1.000E-008  6.236E+001 -2.132E-013
 8.570E+013  1.000E-008  6.236E+001 -5.310E-036
 8.590E+013  1.000E-008  6.236E+001  2.132E-013
 8.610E+013  1.000E-008  6.236E+001 -2.132E-013
 8.630E+013  1.000E-008  6.236E+001  0.000E+000
 8.650E+013  1.000E-008  6.236E+001  0.000E+000
 8.670E+013  1.000E-008  6.236E+001  0.000E+000
 8.690E+013  1.000E-008  6.236E+001  0.000E+000
 8.710E+013  1.000E-008  6.236E+001  0.000E+000
 8.730E+013  1.000E-008  6.236E+001  0.000E+000
 8.750E+013  1.000E-008  6.236E+001  2.132E-013
 8.770E+013  1.000E-008  6.236E+001 -2.132E-013
 8.790E+013  1.000E-008  6.236E+001 -5.177E-036
 8.810E+013  1.000E-008  6.236E+001  2.132E-013
 8.830E+013  1.000E-008  6.236E+001 -2.132E-013
 8.850E+013  1.000E-008  6.236E+001  2.132E-013
 8.870E+013  1.000E-008  6.236E+001  2.132E-013
 8.890E+013  1.000E-008  6.236E+001 -4.264E-013
 8.910E+013  1.000E-008  6.236E+001  0.000E+000
 8.930E+013  1.000E-008  6.236E+001  0.000E+000
 8.950E+013  1.000E-008  6.236E+001  0.000E+000
 8.970E+013  1.000E-008  6.236E+001  0.000E+000
 8.990E+013  1.000E-008  6.236E+001  0.000E+000
 9.010E+013  1.000E-008  6.236E+001  2.132E-013
 9.030E+013  1.000E-008  6.236E+001 -1.008E-035
 9.050E+013  1.000E-008  6.236E+001 -2.132E-013
 9.070E+013  1.000E-008  6.236E+001  2.132E-013
 9.090E+013  1.000E-008  6.236E+001 -1.001E-035
 9.110E+013  1.000E-008  6.236E+001 -2.132E-013
 9.130E+013  1.000E-008  6.236E+001  0.000E+000
 9.150E+013  1.000E-008  6.236E+001  0.000E+000
 9.170E+013  1.000E-008  6.236E+001  0.000E+000
 9.190E+013  1.000E-008  6.236E+001  0.000E+000
 9.210E+013  1.000E-008  6.236E+001  0.000E+000
 9.230E+013  1.000E-008  6.236E+001  2.132E-013
 9.250E+013  1.000E-008  6.236E+001 -9.839E-036
 9.270E+013  1.000E-008  6.236E+001 -2.132E-013
 9.290E+013  1.000E-008  6.236E+001  0.000E+000
 9.310E+013  1.000E-008  6.236E+001  0.000E+000
 9.330E+013  1.000E-008  6.236E+001  0.000E+000
 9.350E+013  1.000E-008  6.236E+001  0.000E+000
 9.370E+013  1.000E-008  6.236E+001  2.132E-013
 9.390E+013  1.000E-008  6.236E+001 -2.132E-013
 9.410E+013  1.000E-008  6.236E+001  2.132E-013
 9.430E+013  1.000E-008  6.236E+001 -2.132E-013
 9.450E+013  1.000E-008  6.236E+001  0.000E+000
 9.470E+013  1.000E-008  6.236E+001  0.000E+000
 9.490E+013  1.000E-008  6.236E+001  0.000E+000
 9.510E+013  1.000E-008  6.236E+001  0.000E+000
 9.530E+013  1.000E-008  6.236E+001  2.132E-013
 9.550E+013  1.000E-008  6.236E+001 -2.132E-013
 9.570E+013  1.000E-008  6.236E+001 -1.107E-071
 9.590E+013  1.000E-008  6.236E+001 -1.137E-032
 9.610E+013  1.000E-008  6.236E+001 -2.132E-013
 9.630E+013  1.000E-008  6.236E+001  2.132E-013
 9.650E+013  1.000E-008  6.236E+001  1.136E-032
 9.670E+013  1.000E-008  6.236E+001  2.132E-013
 9.690E+013  1.000E-008  6.236E+001 -2.132E-013
 9.710E+013  1.000E-008  6.236E+001  0.000E+000
 9.730E+013  1.000E-008  6.236E+001  0.000E+000
 9.750E+013  1.000E-008  6.236E+001  0.000E+000
 9.770E+013  1.000E-008  6.236E+001  0.000E+000
 9.790E+013  1.000E-008  6.236E+001  0.000E+000
 9.810E+013  1.000E-008  6.236E+001  0.000E+000
 9.830E+013  1.000E-008  6.236E+001  0.000E+000
 9.850E+013  1.000E-008  6.236E+001  0.000E+000
 9.870E+013  1.000E-008  6.236E+001  0.000E+000
 9.890E+013  1.000E-008  6.236E+001  0.000E+000
 9.910E+013  1.000E-008  6.236E+001  0.000E+000
 9.930E+013  1.000E-008  6.236E+001  0.000E+000
 9.950E+013  1.000E-008  6.236E+001  2.132E-013
 9.970E+013  1.000E-008  6.236E+001 -2.132E-013
 9.990E+013  1.000E-008  6.236E+001  0.000E+000
 1.001E+014  1.000E-099  1.000E-099  0.000E+000
 1.003E+014  1.000E-099  1.000E-099  0.000E+000
 1.903E-003
