 2.580E+005
     x1b        dens       energ       v1
 1.000E+011  1.096E-012  8.858E+007  0.000E+000
 3.000E+011  1.097E-012  8.858E+007  1.920E+005
 5.000E+011  1.097E-012  8.858E+007  3.739E+005
 7.000E+011  1.099E-012  8.858E+007  5.642E+005
 9.000E+011  1.102E-012  8.858E+007  7.507E+005
 1.100E+012  1.107E-012  8.858E+007  9.391E+005
 1.300E+012  1.113E-012  8.858E+007  1.127E+006
 1.500E+012  1.120E-012  8.858E+007  1.314E+006
 1.700E+012  1.129E-012  8.858E+007  1.502E+006
 1.900E+012  1.140E-012  8.858E+007  1.690E+006
 2.100E+012  1.152E-012  8.858E+007  1.878E+006
 2.300E+012  1.164E-012  8.858E+007  2.066E+006
 2.500E+012  1.178E-012  8.858E+007  2.253E+006
 2.700E+012  1.192E-012  8.858E+007  2.441E+006
 2.900E+012  1.207E-012  8.858E+007  2.629E+006
 3.100E+012  1.221E-012  8.858E+007  2.817E+006
 3.300E+012  1.236E-012  8.858E+007  3.004E+006
 3.500E+012  1.251E-012  8.858E+007  3.192E+006
 3.700E+012  1.266E-012  8.858E+007  3.380E+006
 3.900E+012  1.281E-012  8.858E+007  3.568E+006
 4.100E+012  1.295E-012  8.858E+007  3.756E+006
 4.300E+012  1.308E-012  8.858E+007  3.943E+006
 4.500E+012  1.321E-012  8.858E+007  4.131E+006
 4.700E+012  1.331E-012  8.858E+007  4.319E+006
 4.900E+012  1.339E-012  8.858E+007  4.507E+006
 5.100E+012  1.344E-012  8.858E+007  4.694E+006
 5.300E+012  1.346E-012  8.858E+007  4.882E+006
 5.500E+012  1.347E-012  8.858E+007  5.070E+006
 5.700E+012  1.347E-012  8.858E+007  5.258E+006
 5.900E+012  1.347E-012  8.858E+007  5.445E+006
 6.100E+012  1.347E-012  8.858E+007  5.633E+006
 6.300E+012  1.347E-012  8.858E+007  5.821E+006
 6.500E+012  1.347E-012  8.858E+007  6.009E+006
 6.700E+012  1.346E-012  8.858E+007  6.197E+006
 6.900E+012  1.346E-012  8.858E+007  6.384E+006
 7.100E+012  1.346E-012  8.858E+007  6.572E+006
 7.300E+012  1.345E-012  8.858E+007  6.760E+006
 7.500E+012  1.344E-012  8.858E+007  6.948E+006
 7.700E+012  1.343E-012  8.858E+007  7.135E+006
 7.900E+012  1.342E-012  8.858E+007  7.323E+006
 8.100E+012  1.341E-012  8.858E+007  7.511E+006
 8.300E+012  1.340E-012  8.858E+007  7.699E+006
 8.500E+012  1.340E-012  8.858E+007  7.887E+006
 8.700E+012  1.340E-012  8.858E+007  8.074E+006
 8.900E+012  1.340E-012  8.858E+007  8.262E+006
 9.100E+012  1.340E-012  8.858E+007  8.450E+006
 9.300E+012  1.340E-012  8.858E+007  8.638E+006
 9.500E+012  1.340E-012  8.858E+007  8.825E+006
 9.700E+012  1.340E-012  8.858E+007  9.013E+006
 9.900E+012  1.340E-012  8.858E+007  9.201E+006
 1.010E+013  1.341E-012  8.858E+007  9.389E+006
 1.030E+013  1.342E-012  8.858E+007  9.576E+006
 1.050E+013  1.343E-012  8.858E+007  9.764E+006
 1.070E+013  1.344E-012  8.858E+007  9.952E+006
 1.090E+013  1.346E-012  8.858E+007  1.014E+007
 1.110E+013  1.348E-012  8.858E+007  1.033E+007
 1.130E+013  1.351E-012  8.858E+007  1.052E+007
 1.150E+013  1.354E-012  8.858E+007  1.070E+007
 1.170E+013  1.358E-012  8.858E+007  1.089E+007
 1.190E+013  1.363E-012  8.858E+007  1.108E+007
 1.210E+013  1.369E-012  8.858E+007  1.127E+007
 1.230E+013  1.375E-012  8.858E+007  1.145E+007
 1.250E+013  1.382E-012  8.858E+007  1.164E+007
 1.270E+013  1.391E-012  8.858E+007  1.183E+007
 1.290E+013  1.401E-012  8.858E+007  1.202E+007
 1.310E+013  1.412E-012  8.858E+007  1.221E+007
 1.330E+013  1.424E-012  8.858E+007  1.239E+007
 1.350E+013  1.438E-012  8.858E+007  1.258E+007
 1.370E+013  1.453E-012  8.858E+007  1.277E+007
 1.390E+013  1.471E-012  8.858E+007  1.296E+007
 1.410E+013  1.490E-012  8.858E+007  1.314E+007
 1.430E+013  1.511E-012  8.858E+007  1.333E+007
 1.450E+013  1.534E-012  8.858E+007  1.352E+007
 1.470E+013  1.560E-012  8.858E+007  1.371E+007
 1.490E+013  1.588E-012  8.858E+007  1.390E+007
 1.510E+013  1.619E-012  8.858E+007  1.408E+007
 1.530E+013  1.653E-012  8.858E+007  1.427E+007
 1.550E+013  1.690E-012  8.858E+007  1.446E+007
 1.570E+013  1.731E-012  8.858E+007  1.465E+007
 1.590E+013  1.775E-012  8.858E+007  1.484E+007
 1.610E+013  1.823E-012  8.858E+007  1.502E+007
 1.630E+013  1.876E-012  8.858E+007  1.521E+007
 1.650E+013  1.933E-012  8.858E+007  1.540E+007
 1.670E+013  1.996E-012  8.858E+007  1.559E+007
 1.690E+013  2.064E-012  8.858E+007  1.578E+007
 1.710E+013  2.138E-012  8.858E+007  1.596E+007
 1.730E+013  2.218E-012  8.858E+007  1.615E+007
 1.750E+013  2.305E-012  8.858E+007  1.634E+007
 1.770E+013  2.400E-012  8.858E+007  1.653E+007
 1.790E+013  2.502E-012  8.858E+007  1.672E+007
 1.810E+013  2.614E-012  8.858E+007  1.690E+007
 1.830E+013  2.734E-012  8.858E+007  1.709E+007
 1.850E+013  2.865E-012  8.858E+007  1.728E+007
 1.870E+013  3.006E-012  8.858E+007  1.747E+007
 1.890E+013  3.159E-012  8.858E+007  1.766E+007
 1.910E+013  3.324E-012  8.858E+007  1.785E+007
 1.930E+013  3.502E-012  8.858E+007  1.803E+007
 1.950E+013  3.694E-012  8.858E+007  1.822E+007
 1.970E+013  3.901E-012  8.858E+007  1.841E+007
 1.990E+013  4.123E-012  8.858E+007  1.860E+007
 2.010E+013  4.362E-012  8.858E+007  1.879E+007
 2.030E+013  4.617E-012  8.858E+007  1.897E+007
 2.050E+013  4.891E-012  8.858E+007  1.916E+007
 2.070E+013  5.183E-012  8.858E+007  1.935E+007
 2.090E+013  5.493E-012  8.858E+007  1.954E+007
 2.110E+013  5.824E-012  8.858E+007  1.973E+007
 2.130E+013  6.174E-012  8.858E+007  1.991E+007
 2.150E+013  6.544E-012  8.858E+007  2.010E+007
 2.170E+013  6.934E-012  8.858E+007  2.029E+007
 2.190E+013  7.345E-012  8.858E+007  2.048E+007
 2.210E+013  7.775E-012  8.858E+007  2.067E+007
 2.230E+013  8.224E-012  8.858E+007  2.085E+007
 2.250E+013  8.692E-012  8.858E+007  2.104E+007
 2.270E+013  9.177E-012  8.858E+007  2.123E+007
 2.290E+013  9.680E-012  8.858E+007  2.142E+007
 2.310E+013  1.020E-011  8.858E+007  2.160E+007
 2.330E+013  1.073E-011  8.858E+007  2.179E+007
 2.350E+013  1.128E-011  8.858E+007  2.198E+007
 2.370E+013  1.184E-011  8.858E+007  2.217E+007
 2.390E+013  1.241E-011  8.859E+007  2.235E+007
 2.410E+013  1.300E-011  8.859E+007  2.254E+007
 2.430E+013  1.359E-011  8.859E+007  2.273E+007
 2.450E+013  1.419E-011  8.859E+007  2.292E+007
 2.470E+013  1.480E-011  8.859E+007  2.310E+007
 2.490E+013  1.542E-011  8.859E+007  2.329E+007
 2.510E+013  1.604E-011  8.859E+007  2.348E+007
 2.530E+013  1.667E-011  8.859E+007  2.367E+007
 2.550E+013  1.731E-011  8.859E+007  2.385E+007
 2.570E+013  1.795E-011  8.859E+007  2.404E+007
 2.590E+013  1.860E-011  8.859E+007  2.423E+007
 2.610E+013  1.925E-011  8.859E+007  2.442E+007
 2.630E+013  1.991E-011  8.859E+007  2.460E+007
 2.650E+013  2.058E-011  8.859E+007  2.479E+007
 2.670E+013  2.126E-011  8.859E+007  2.498E+007
 2.690E+013  2.194E-011  8.859E+007  2.517E+007
 2.710E+013  2.264E-011  8.859E+007  2.535E+007
 2.730E+013  2.334E-011  8.859E+007  2.554E+007
 2.750E+013  2.406E-011  8.859E+007  2.573E+007
 2.770E+013  2.479E-011  8.859E+007  2.592E+007
 2.790E+013  2.553E-011  8.859E+007  2.610E+007
 2.810E+013  2.628E-011  8.859E+007  2.629E+007
 2.830E+013  2.705E-011  8.859E+007  2.648E+007
 2.850E+013  2.784E-011  8.860E+007  2.667E+007
 2.870E+013  2.864E-011  8.860E+007  2.686E+007
 2.890E+013  2.946E-011  8.860E+007  2.704E+007
 2.910E+013  3.031E-011  8.860E+007  2.723E+007
 2.930E+013  3.117E-011  8.860E+007  2.742E+007
 2.950E+013  3.206E-011  8.860E+007  2.761E+007
 2.970E+013  3.297E-011  8.860E+007  2.780E+007
 2.990E+013  3.390E-011  8.860E+007  2.798E+007
 3.010E+013  3.486E-011  8.860E+007  2.817E+007
 3.030E+013  3.585E-011  8.860E+007  2.836E+007
 3.050E+013  3.687E-011  8.860E+007  2.855E+007
 3.070E+013  3.792E-011  8.860E+007  2.873E+007
 3.090E+013  3.900E-011  8.860E+007  2.892E+007
 3.110E+013  4.011E-011  8.861E+007  2.911E+007
 3.130E+013  4.125E-011  8.861E+007  2.930E+007
 3.150E+013  4.243E-011  8.861E+007  2.949E+007
 3.170E+013  4.364E-011  8.861E+007  2.967E+007
 3.190E+013  4.489E-011  8.861E+007  2.986E+007
 3.210E+013  4.618E-011  8.861E+007  3.005E+007
 3.230E+013  4.751E-011  8.861E+007  3.024E+007
 3.250E+013  4.887E-011  8.861E+007  3.043E+007
 3.270E+013  5.027E-011  8.862E+007  3.061E+007
 3.290E+013  5.171E-011  8.862E+007  3.080E+007
 3.310E+013  5.319E-011  8.862E+007  3.099E+007
 3.330E+013  5.470E-011  8.862E+007  3.118E+007
 3.350E+013  5.626E-011  8.862E+007  3.137E+007
 3.370E+013  5.786E-011  8.862E+007  3.155E+007
 3.390E+013  5.949E-011  8.862E+007  3.174E+007
 3.410E+013  6.117E-011  8.863E+007  3.193E+007
 3.430E+013  6.288E-011  8.863E+007  3.212E+007
 3.450E+013  6.464E-011  8.863E+007  3.231E+007
 3.470E+013  6.643E-011  8.863E+007  3.249E+007
 3.490E+013  6.825E-011  8.863E+007  3.268E+007
 3.510E+013  7.012E-011  8.864E+007  3.287E+007
 3.530E+013  7.202E-011  8.864E+007  3.306E+007
 3.550E+013  7.396E-011  8.864E+007  3.325E+007
 3.570E+013  7.593E-011  8.864E+007  3.343E+007
 3.590E+013  7.794E-011  8.864E+007  3.362E+007
 3.610E+013  7.999E-011  8.865E+007  3.381E+007
 3.630E+013  8.207E-011  8.865E+007  3.400E+007
 3.650E+013  8.418E-011  8.865E+007  3.419E+007
 3.670E+013  8.633E-011  8.865E+007  3.437E+007
 3.690E+013  8.852E-011  8.866E+007  3.456E+007
 3.710E+013  9.074E-011  8.866E+007  3.475E+007
 3.730E+013  9.300E-011  8.866E+007  3.494E+007
 3.750E+013  9.530E-011  8.867E+007  3.513E+007
 3.770E+013  9.764E-011  8.867E+007  3.531E+007
 3.790E+013  1.000E-010  8.867E+007  3.550E+007
 3.810E+013  1.024E-010  8.867E+007  3.569E+007
 3.830E+013  1.049E-010  8.868E+007  3.588E+007
 3.850E+013  1.074E-010  8.868E+007  3.607E+007
 3.870E+013  1.099E-010  8.868E+007  3.625E+007
 3.890E+013  1.125E-010  8.869E+007  3.644E+007
 3.910E+013  1.152E-010  8.869E+007  3.663E+007
 3.930E+013  1.178E-010  8.870E+007  3.682E+007
 3.950E+013  1.206E-010  8.870E+007  3.701E+007
 3.970E+013  1.234E-010  8.870E+007  3.720E+007
 3.990E+013  1.262E-010  8.871E+007  3.738E+007
 4.010E+013  1.291E-010  8.871E+007  3.757E+007
 4.030E+013  1.321E-010  8.872E+007  3.776E+007
 4.050E+013  1.351E-010  8.872E+007  3.795E+007
 4.070E+013  1.382E-010  8.873E+007  3.814E+007
 4.090E+013  1.414E-010  8.873E+007  3.833E+007
 4.110E+013  1.446E-010  8.873E+007  3.851E+007
 4.130E+013  1.479E-010  8.874E+007  3.870E+007
 4.150E+013  1.513E-010  8.874E+007  3.889E+007
 4.170E+013  1.547E-010  8.875E+007  3.908E+007
 4.190E+013  1.582E-010  8.876E+007  3.927E+007
 4.210E+013  1.618E-010  8.876E+007  3.946E+007
 4.230E+013  1.655E-010  8.877E+007  3.964E+007
 4.250E+013  1.692E-010  8.877E+007  3.983E+007
 4.270E+013  1.730E-010  8.878E+007  4.002E+007
 4.290E+013  1.769E-010  8.878E+007  4.021E+007
 4.310E+013  1.809E-010  8.879E+007  4.040E+007
 4.330E+013  1.850E-010  8.880E+007  4.059E+007
 4.350E+013  1.891E-010  8.880E+007  4.078E+007
 4.370E+013  1.933E-010  8.881E+007  4.097E+007
 4.390E+013  1.976E-010  8.882E+007  4.115E+007
 4.410E+013  2.020E-010  8.883E+007  4.134E+007
 4.430E+013  2.065E-010  8.883E+007  4.153E+007
 4.450E+013  2.111E-010  8.884E+007  4.172E+007
 4.470E+013  2.157E-010  8.885E+007  4.191E+007
 4.490E+013  2.205E-010  8.886E+007  4.210E+007
 4.510E+013  2.253E-010  8.887E+007  4.229E+007
 4.530E+013  2.302E-010  8.887E+007  4.248E+007
 4.550E+013  2.352E-010  8.888E+007  4.267E+007
 4.570E+013  2.403E-010  8.889E+007  4.285E+007
 4.590E+013  2.454E-010  8.890E+007  4.304E+007
 4.610E+013  2.507E-010  8.891E+007  4.323E+007
 4.630E+013  2.560E-010  8.892E+007  4.342E+007
 4.650E+013  2.615E-010  8.893E+007  4.361E+007
 4.670E+013  2.670E-010  8.894E+007  4.380E+007
 4.690E+013  2.726E-010  8.895E+007  4.399E+007
 4.710E+013  2.783E-010  8.896E+007  4.418E+007
 4.730E+013  2.841E-010  8.897E+007  4.437E+007
 4.750E+013  2.900E-010  8.898E+007  4.456E+007
 4.770E+013  2.960E-010  8.899E+007  4.475E+007
 4.790E+013  3.021E-010  8.901E+007  4.494E+007
 4.810E+013  3.083E-010  8.902E+007  4.513E+007
 4.830E+013  3.146E-010  8.903E+007  4.532E+007
 4.850E+013  3.210E-010  8.904E+007  4.551E+007
 4.870E+013  3.275E-010  8.906E+007  4.570E+007
 4.890E+013  3.341E-010  8.907E+007  4.589E+007
 4.910E+013  3.408E-010  8.908E+007  4.608E+007
 4.930E+013  3.476E-010  8.910E+007  4.626E+007
 4.950E+013  3.546E-010  8.911E+007  4.645E+007
 4.970E+013  3.616E-010  8.913E+007  4.664E+007
 4.990E+013  3.687E-010  8.914E+007  4.684E+007
 5.010E+013  3.760E-010  8.916E+007  4.703E+007
 5.030E+013  3.833E-010  8.917E+007  4.722E+007
 5.050E+013  3.908E-010  8.919E+007  4.741E+007
 5.070E+013  3.984E-010  8.921E+007  4.760E+007
 5.090E+013  4.061E-010  8.922E+007  4.779E+007
 5.110E+013  4.139E-010  8.924E+007  4.798E+007
 5.130E+013  4.219E-010  8.926E+007  4.817E+007
 5.150E+013  4.299E-010  8.928E+007  4.836E+007
 5.170E+013  4.381E-010  8.929E+007  4.855E+007
 5.190E+013  4.464E-010  8.931E+007  4.874E+007
 5.210E+013  4.549E-010  8.933E+007  4.893E+007
 5.230E+013  4.634E-010  8.935E+007  4.912E+007
 5.250E+013  4.721E-010  8.937E+007  4.931E+007
 5.270E+013  4.809E-010  8.939E+007  4.950E+007
 5.290E+013  4.898E-010  8.942E+007  4.970E+007
 5.310E+013  4.988E-010  8.944E+007  4.989E+007
 5.330E+013  5.080E-010  8.946E+007  5.008E+007
 5.350E+013  5.173E-010  8.948E+007  5.027E+007
 5.370E+013  5.268E-010  8.951E+007  5.046E+007
 5.390E+013  5.363E-010  8.953E+007  5.065E+007
 5.410E+013  5.460E-010  8.955E+007  5.084E+007
 5.430E+013  5.559E-010  8.958E+007  5.104E+007
 5.450E+013  5.659E-010  8.960E+007  5.123E+007
 5.470E+013  5.760E-010  8.963E+007  5.142E+007
 5.490E+013  5.863E-010  8.966E+007  5.161E+007
 5.510E+013  5.967E-010  8.968E+007  5.181E+007
 5.530E+013  6.073E-010  8.971E+007  5.200E+007
 5.550E+013  6.180E-010  8.974E+007  5.219E+007
 5.570E+013  6.289E-010  8.977E+007  5.238E+007
 5.590E+013  6.399E-010  8.980E+007  5.258E+007
 5.610E+013  6.511E-010  8.983E+007  5.277E+007
 5.630E+013  6.625E-010  8.986E+007  5.296E+007
 5.650E+013  6.740E-010  8.989E+007  5.315E+007
 5.670E+013  6.857E-010  8.992E+007  5.335E+007
 5.690E+013  6.976E-010  8.995E+007  5.354E+007
 5.710E+013  7.097E-010  8.999E+007  5.374E+007
 5.730E+013  7.219E-010  9.002E+007  5.393E+007
 5.750E+013  7.343E-010  9.006E+007  5.412E+007
 5.770E+013  7.469E-010  9.009E+007  5.432E+007
 5.790E+013  7.597E-010  9.013E+007  5.451E+007
 5.810E+013  7.727E-010  9.016E+007  5.471E+007
 5.830E+013  7.858E-010  9.020E+007  5.490E+007
 5.850E+013  7.992E-010  9.024E+007  5.509E+007
 5.870E+013  8.128E-010  9.028E+007  5.529E+007
 5.890E+013  8.265E-010  9.032E+007  5.548E+007
 5.910E+013  8.405E-010  9.036E+007  5.568E+007
 5.930E+013  8.547E-010  9.040E+007  5.587E+007
 5.950E+013  8.691E-010  9.045E+007  5.607E+007
 5.970E+013  8.837E-010  9.049E+007  5.627E+007
 5.990E+013  8.985E-010  9.053E+007  5.646E+007
 6.010E+013  9.135E-010  9.058E+007  5.666E+007
 6.030E+013  9.288E-010  9.063E+007  5.685E+007
 6.050E+013  9.443E-010  9.067E+007  5.705E+007
 6.070E+013  9.600E-010  9.072E+007  5.725E+007
 6.090E+013  9.759E-010  9.077E+007  5.744E+007
 6.110E+013  9.921E-010  9.082E+007  5.764E+007
 6.130E+013  1.008E-009  9.087E+007  5.784E+007
 6.150E+013  1.025E-009  9.092E+007  5.804E+007
 6.170E+013  1.042E-009  9.098E+007  5.823E+007
 6.190E+013  1.059E-009  9.103E+007  5.843E+007
 6.210E+013  1.076E-009  9.109E+007  5.863E+007
 6.230E+013  1.094E-009  9.114E+007  5.883E+007
 6.250E+013  1.112E-009  9.120E+007  5.903E+007
 6.270E+013  1.130E-009  9.126E+007  5.922E+007
 6.290E+013  1.148E-009  9.132E+007  5.942E+007
 6.310E+013  1.167E-009  9.138E+007  5.962E+007
 6.330E+013  1.186E-009  9.144E+007  5.982E+007
 6.350E+013  1.205E-009  9.151E+007  6.002E+007
 6.370E+013  1.224E-009  9.157E+007  6.022E+007
 6.390E+013  1.244E-009  9.164E+007  6.042E+007
 6.410E+013  1.264E-009  9.171E+007  6.062E+007
 6.430E+013  1.284E-009  9.178E+007  6.082E+007
 6.450E+013  1.304E-009  9.185E+007  6.103E+007
 6.470E+013  1.325E-009  9.192E+007  6.123E+007
 6.490E+013  1.346E-009  9.199E+007  6.143E+007
 6.510E+013  1.367E-009  9.206E+007  6.163E+007
 6.530E+013  1.389E-009  9.214E+007  6.183E+007
 6.550E+013  1.411E-009  9.222E+007  6.204E+007
 6.570E+013  1.433E-009  9.230E+007  6.224E+007
 6.590E+013  1.455E-009  9.238E+007  6.244E+007
 6.610E+013  1.478E-009  9.246E+007  6.265E+007
 6.630E+013  1.501E-009  9.254E+007  6.285E+007
 6.650E+013  1.524E-009  9.263E+007  6.305E+007
 6.670E+013  1.548E-009  9.271E+007  6.326E+007
 6.690E+013  1.572E-009  9.280E+007  6.346E+007
 6.710E+013  1.596E-009  9.289E+007  6.367E+007
 6.730E+013  1.621E-009  9.298E+007  6.387E+007
 6.750E+013  1.646E-009  9.307E+007  6.408E+007
 6.770E+013  1.671E-009  9.317E+007  6.429E+007
 6.790E+013  1.697E-009  9.327E+007  6.449E+007
 6.810E+013  1.723E-009  9.336E+007  6.470E+007
 6.830E+013  1.749E-009  9.346E+007  6.491E+007
 6.850E+013  1.776E-009  9.357E+007  6.512E+007
 6.870E+013  1.803E-009  9.367E+007  6.532E+007
 6.890E+013  1.830E-009  9.378E+007  6.553E+007
 6.910E+013  1.858E-009  9.389E+007  6.574E+007
 6.930E+013  1.886E-009  9.400E+007  6.595E+007
 6.950E+013  1.915E-009  9.411E+007  6.616E+007
 6.970E+013  1.944E-009  9.422E+007  6.637E+007
 6.990E+013  1.973E-009  9.434E+007  6.658E+007
 7.010E+013  2.003E-009  9.446E+007  6.680E+007
 7.030E+013  2.033E-009  9.458E+007  6.701E+007
 7.050E+013  2.064E-009  9.470E+007  6.722E+007
 7.070E+013  2.095E-009  9.483E+007  6.743E+007
 7.090E+013  2.126E-009  9.495E+007  6.765E+007
 7.110E+013  2.158E-009  9.508E+007  6.786E+007
 7.130E+013  2.190E-009  9.522E+007  6.807E+007
 7.150E+013  2.223E-009  9.535E+007  6.829E+007
 7.170E+013  2.256E-009  9.549E+007  6.850E+007
 7.190E+013  2.290E-009  9.563E+007  6.872E+007
 7.210E+013  2.324E-009  9.577E+007  6.894E+007
 7.230E+013  2.359E-009  9.592E+007  6.915E+007
 7.250E+013  2.394E-009  9.607E+007  6.937E+007
 7.270E+013  2.430E-009  9.622E+007  6.959E+007
 7.290E+013  2.466E-009  9.637E+007  6.981E+007
 7.310E+013  2.502E-009  9.653E+007  7.003E+007
 7.330E+013  2.540E-009  9.668E+007  7.025E+007
 7.350E+013  2.577E-009  9.685E+007  7.047E+007
 7.370E+013  2.615E-009  9.701E+007  7.069E+007
 7.390E+013  2.654E-009  9.718E+007  7.091E+007
 7.410E+013  2.694E-009  9.735E+007  7.113E+007
 7.430E+013  2.733E-009  9.752E+007  7.136E+007
 7.450E+013  2.774E-009  9.770E+007  7.158E+007
 7.470E+013  2.815E-009  9.788E+007  7.180E+007
 7.490E+013  2.857E-009  9.807E+007  7.203E+007
 7.510E+013  2.899E-009  9.825E+007  7.225E+007
 7.530E+013  2.942E-009  9.844E+007  7.248E+007
 7.550E+013  2.985E-009  9.864E+007  7.271E+007
 7.570E+013  3.029E-009  9.884E+007  7.294E+007
 7.590E+013  3.074E-009  9.904E+007  7.316E+007
 7.610E+013  3.119E-009  9.924E+007  7.339E+007
 7.630E+013  3.165E-009  9.945E+007  7.362E+007
 7.650E+013  3.212E-009  9.967E+007  7.385E+007
 7.670E+013  3.259E-009  9.988E+007  7.408E+007
 7.690E+013  3.307E-009  1.001E+008  7.432E+007
 7.710E+013  3.356E-009  1.003E+008  7.455E+007
 7.730E+013  3.405E-009  1.006E+008  7.478E+007
 7.750E+013  3.455E-009  1.008E+008  7.502E+007
 7.770E+013  3.506E-009  1.010E+008  7.525E+007
 7.790E+013  3.558E-009  1.013E+008  7.549E+007
 7.810E+013  3.611E-009  1.015E+008  7.573E+007
 7.830E+013  3.664E-009  1.018E+008  7.597E+007
 7.850E+013  3.718E-009  1.020E+008  7.620E+007
 7.870E+013  3.773E-009  1.023E+008  7.644E+007
 7.890E+013  3.828E-009  1.025E+008  7.669E+007
 7.910E+013  3.885E-009  1.028E+008  7.693E+007
 7.930E+013  3.942E-009  1.031E+008  7.717E+007
 7.950E+013  4.000E-009  1.034E+008  7.741E+007
 7.970E+013  4.060E-009  1.037E+008  7.766E+007
 7.990E+013  4.120E-009  1.039E+008  7.790E+007
 8.010E+013  4.181E-009  1.042E+008  7.815E+007
 8.030E+013  4.242E-009  1.045E+008  7.840E+007
 8.050E+013  4.305E-009  1.048E+008  7.864E+007
 8.070E+013  4.369E-009  1.052E+008  7.889E+007
 8.090E+013  4.434E-009  1.055E+008  7.914E+007
 8.110E+013  4.500E-009  1.058E+008  7.940E+007
 8.130E+013  4.567E-009  1.061E+008  7.965E+007
 8.150E+013  4.635E-009  1.065E+008  7.990E+007
 8.170E+013  4.704E-009  1.068E+008  8.016E+007
 8.190E+013  4.774E-009  1.072E+008  8.041E+007
 8.210E+013  4.845E-009  1.075E+008  8.067E+007
 8.230E+013  4.918E-009  1.079E+008  8.093E+007
 8.250E+013  4.992E-009  1.082E+008  8.119E+007
 8.270E+013  5.066E-009  1.086E+008  8.145E+007
 8.290E+013  5.142E-009  1.090E+008  8.171E+007
 8.310E+013  5.220E-009  1.094E+008  8.197E+007
 8.330E+013  5.298E-009  1.098E+008  8.223E+007
 8.350E+013  5.378E-009  1.102E+008  8.250E+007
 8.370E+013  5.460E-009  1.106E+008  8.277E+007
 8.390E+013  5.542E-009  1.110E+008  8.303E+007
 8.410E+013  5.626E-009  1.115E+008  8.330E+007
 8.430E+013  5.712E-009  1.119E+008  8.357E+007
 8.450E+013  5.799E-009  1.123E+008  8.384E+007
 8.470E+013  5.887E-009  1.128E+008  8.412E+007
 8.490E+013  5.977E-009  1.133E+008  8.439E+007
 8.510E+013  6.068E-009  1.137E+008  8.467E+007
 8.530E+013  6.161E-009  1.142E+008  8.494E+007
 8.550E+013  6.256E-009  1.147E+008  8.522E+007
 8.570E+013  6.352E-009  1.152E+008  8.550E+007
 8.590E+013  6.450E-009  1.157E+008  8.578E+007
 8.610E+013  6.550E-009  1.162E+008  8.606E+007
 8.630E+013  6.651E-009  1.167E+008  8.635E+007
 8.650E+013  6.755E-009  1.173E+008  8.663E+007
 8.670E+013  6.860E-009  1.178E+008  8.692E+007
 8.690E+013  6.967E-009  1.184E+008  8.721E+007
 8.710E+013  7.076E-009  1.190E+008  8.750E+007
 8.730E+013  7.187E-009  1.195E+008  8.779E+007
 8.750E+013  7.300E-009  1.201E+008  8.808E+007
 8.770E+013  7.415E-009  1.207E+008  8.838E+007
 8.790E+013  7.532E-009  1.214E+008  8.867E+007
 8.810E+013  7.652E-009  1.220E+008  8.897E+007
 8.830E+013  7.773E-009  1.226E+008  8.927E+007
 8.850E+013  7.897E-009  1.233E+008  8.957E+007
 8.870E+013  8.024E-009  1.240E+008  8.987E+007
 8.890E+013  8.152E-009  1.246E+008  9.018E+007
 8.910E+013  8.283E-009  1.253E+008  9.048E+007
 8.930E+013  8.417E-009  1.260E+008  9.079E+007
 8.950E+013  8.553E-009  1.268E+008  9.110E+007
 8.970E+013  8.692E-009  1.275E+008  9.141E+007
 8.990E+013  8.834E-009  1.282E+008  9.172E+007
 9.010E+013  8.978E-009  1.290E+008  9.203E+007
 9.030E+013  9.125E-009  1.298E+008  9.235E+007
 9.050E+013  9.275E-009  1.306E+008  9.267E+007
 9.070E+013  9.429E-009  1.314E+008  9.299E+007
 9.090E+013  9.585E-009  1.322E+008  9.331E+007
 9.110E+013  9.744E-009  1.331E+008  9.363E+007
 9.130E+013  9.907E-009  1.340E+008  9.395E+007
 9.150E+013  1.007E-008  1.348E+008  9.428E+007
 9.170E+013  1.024E-008  1.357E+008  9.461E+007
 9.190E+013  1.041E-008  1.367E+008  9.494E+007
 9.210E+013  1.059E-008  1.376E+008  9.527E+007
 9.230E+013  1.077E-008  1.386E+008  9.561E+007
 9.250E+013  1.096E-008  1.395E+008  9.594E+007
 9.270E+013  1.114E-008  1.405E+008  9.628E+007
 9.290E+013  1.134E-008  1.416E+008  9.662E+007
 9.310E+013  1.153E-008  1.426E+008  9.696E+007
 9.330E+013  1.173E-008  1.437E+008  9.730E+007
 9.350E+013  1.194E-008  1.448E+008  9.765E+007
 9.370E+013  1.215E-008  1.459E+008  9.800E+007
 9.390E+013  1.236E-008  1.470E+008  9.834E+007
 9.410E+013  1.258E-008  1.482E+008  9.870E+007
 9.430E+013  1.280E-008  1.494E+008  9.905E+007
 9.450E+013  1.303E-008  1.506E+008  9.940E+007
 9.470E+013  1.326E-008  1.518E+008  9.976E+007
 9.490E+013  1.350E-008  1.531E+008  1.001E+008
 9.510E+013  1.374E-008  1.544E+008  1.005E+008
 9.530E+013  1.399E-008  1.557E+008  1.008E+008
 9.550E+013  1.425E-008  1.570E+008  1.012E+008
 9.570E+013  1.451E-008  1.584E+008  1.016E+008
 9.590E+013  1.478E-008  1.598E+008  1.019E+008
 9.610E+013  1.505E-008  1.613E+008  1.023E+008
 9.630E+013  1.533E-008  1.627E+008  1.027E+008
 9.650E+013  1.562E-008  1.642E+008  1.031E+008
 9.670E+013  1.591E-008  1.658E+008  1.034E+008
 9.690E+013  1.621E-008  1.673E+008  1.038E+008
 9.710E+013  1.652E-008  1.690E+008  1.042E+008
 9.730E+013  1.684E-008  1.706E+008  1.046E+008
 9.750E+013  1.716E-008  1.723E+008  1.050E+008
 9.770E+013  1.749E-008  1.740E+008  1.054E+008
 9.790E+013  1.783E-008  1.758E+008  1.058E+008
 9.810E+013  1.818E-008  1.776E+008  1.061E+008
 9.830E+013  1.854E-008  1.794E+008  1.065E+008
 9.850E+013  1.890E-008  1.813E+008  1.069E+008
 9.870E+013  1.928E-008  1.832E+008  1.073E+008
 9.890E+013  1.966E-008  1.852E+008  1.077E+008
 9.910E+013  2.006E-008  1.873E+008  1.081E+008
 9.930E+013  2.045E-008  1.891E+008  1.085E+008
 9.950E+013  2.083E-008  1.906E+008  1.091E+008
 9.970E+013  2.129E-008  1.937E+008  1.096E+008
 9.990E+013  2.208E-008  1.986E+008  1.094E+008
 1.001E+014  1.000E-099  1.000E-099  1.094E+008
 1.003E+014  1.000E-099  1.000E-099  1.094E+008
 8.181E-003
