 3.001E+004
     x1b        dens       energ       v1
 1.000E+011  5.221E-012  1.194E+009  0.000E+000
 3.000E+011  5.226E-012  1.194E+009  1.594E+006
 5.000E+011  5.245E-012  1.194E+009  3.222E+006
 7.000E+011  5.282E-012  1.194E+009  4.823E+006
 9.000E+011  5.341E-012  1.194E+009  6.434E+006
 1.100E+012  5.419E-012  1.194E+009  8.041E+006
 1.300E+012  5.514E-012  1.194E+009  9.650E+006
 1.500E+012  5.622E-012  1.194E+009  1.126E+007
 1.700E+012  5.736E-012  1.194E+009  1.287E+007
 1.900E+012  5.854E-012  1.194E+009  1.448E+007
 2.100E+012  5.973E-012  1.194E+009  1.608E+007
 2.300E+012  6.091E-012  1.194E+009  1.769E+007
 2.500E+012  6.203E-012  1.194E+009  1.930E+007
 2.700E+012  6.301E-012  1.194E+009  2.091E+007
 2.900E+012  6.372E-012  1.194E+009  2.252E+007
 3.100E+012  6.406E-012  1.194E+009  2.413E+007
 3.300E+012  6.414E-012  1.194E+009  2.573E+007
 3.500E+012  6.414E-012  1.194E+009  2.734E+007
 3.700E+012  6.414E-012  1.194E+009  2.895E+007
 3.900E+012  6.413E-012  1.194E+009  3.056E+007
 4.100E+012  6.411E-012  1.194E+009  3.217E+007
 4.300E+012  6.407E-012  1.194E+009  3.377E+007
 4.500E+012  6.401E-012  1.194E+009  3.538E+007
 4.700E+012  6.392E-012  1.194E+009  3.699E+007
 4.900E+012  6.384E-012  1.194E+009  3.860E+007
 5.100E+012  6.380E-012  1.194E+009  4.021E+007
 5.300E+012  6.379E-012  1.194E+009  4.182E+007
 5.500E+012  6.379E-012  1.194E+009  4.343E+007
 5.700E+012  6.380E-012  1.194E+009  4.503E+007
 5.900E+012  6.383E-012  1.194E+009  4.664E+007
 6.100E+012  6.388E-012  1.194E+009  4.825E+007
 6.300E+012  6.397E-012  1.194E+009  4.986E+007
 6.500E+012  6.410E-012  1.194E+009  5.147E+007
 6.700E+012  6.430E-012  1.194E+009  5.308E+007
 6.900E+012  6.458E-012  1.194E+009  5.468E+007
 7.100E+012  6.495E-012  1.194E+009  5.629E+007
 7.300E+012  6.544E-012  1.194E+009  5.790E+007
 7.500E+012  6.605E-012  1.194E+009  5.951E+007
 7.700E+012  6.683E-012  1.194E+009  6.112E+007
 7.900E+012  6.778E-012  1.194E+009  6.273E+007
 8.100E+012  6.893E-012  1.194E+009  6.434E+007
 8.300E+012  7.031E-012  1.194E+009  6.595E+007
 8.500E+012  7.195E-012  1.194E+009  6.756E+007
 8.700E+012  7.389E-012  1.194E+009  6.917E+007
 8.900E+012  7.616E-012  1.194E+009  7.078E+007
 9.100E+012  7.882E-012  1.194E+009  7.239E+007
 9.300E+012  8.192E-012  1.194E+009  7.400E+007
 9.500E+012  8.551E-012  1.194E+009  7.561E+007
 9.700E+012  8.966E-012  1.194E+009  7.723E+007
 9.900E+012  9.446E-012  1.194E+009  7.884E+007
 1.010E+013  9.999E-012  1.194E+009  8.045E+007
 1.030E+013  1.064E-011  1.194E+009  8.207E+007
 1.050E+013  1.137E-011  1.194E+009  8.369E+007
 1.070E+013  1.221E-011  1.194E+009  8.531E+007
 1.090E+013  1.317E-011  1.194E+009  8.692E+007
 1.110E+013  1.427E-011  1.194E+009  8.854E+007
 1.130E+013  1.552E-011  1.194E+009  9.016E+007
 1.150E+013  1.695E-011  1.194E+009  9.178E+007
 1.170E+013  1.856E-011  1.194E+009  9.340E+007
 1.190E+013  2.039E-011  1.194E+009  9.502E+007
 1.210E+013  2.244E-011  1.194E+009  9.664E+007
 1.230E+013  2.474E-011  1.194E+009  9.825E+007
 1.250E+013  2.729E-011  1.194E+009  9.987E+007
 1.270E+013  3.011E-011  1.194E+009  1.015E+008
 1.290E+013  3.319E-011  1.194E+009  1.031E+008
 1.310E+013  3.654E-011  1.194E+009  1.047E+008
 1.330E+013  4.015E-011  1.194E+009  1.063E+008
 1.350E+013  4.400E-011  1.194E+009  1.079E+008
 1.370E+013  4.808E-011  1.194E+009  1.095E+008
 1.390E+013  5.236E-011  1.194E+009  1.111E+008
 1.410E+013  5.682E-011  1.194E+009  1.127E+008
 1.430E+013  6.144E-011  1.195E+009  1.143E+008
 1.450E+013  6.618E-011  1.195E+009  1.159E+008
 1.470E+013  7.104E-011  1.195E+009  1.175E+008
 1.490E+013  7.600E-011  1.195E+009  1.191E+008
 1.510E+013  8.105E-011  1.195E+009  1.207E+008
 1.530E+013  8.619E-011  1.195E+009  1.223E+008
 1.550E+013  9.141E-011  1.195E+009  1.239E+008
 1.570E+013  9.673E-011  1.195E+009  1.255E+008
 1.590E+013  1.022E-010  1.195E+009  1.271E+008
 1.610E+013  1.077E-010  1.195E+009  1.288E+008
 1.630E+013  1.134E-010  1.195E+009  1.304E+008
 1.650E+013  1.192E-010  1.195E+009  1.320E+008
 1.670E+013  1.252E-010  1.196E+009  1.336E+008
 1.690E+013  1.315E-010  1.196E+009  1.352E+008
 1.710E+013  1.380E-010  1.196E+009  1.368E+008
 1.730E+013  1.447E-010  1.196E+009  1.384E+008
 1.750E+013  1.517E-010  1.196E+009  1.400E+008
 1.770E+013  1.590E-010  1.196E+009  1.416E+008
 1.790E+013  1.667E-010  1.197E+009  1.433E+008
 1.810E+013  1.748E-010  1.197E+009  1.449E+008
 1.830E+013  1.833E-010  1.197E+009  1.465E+008
 1.850E+013  1.922E-010  1.197E+009  1.481E+008
 1.870E+013  2.015E-010  1.197E+009  1.497E+008
 1.890E+013  2.114E-010  1.198E+009  1.513E+008
 1.910E+013  2.217E-010  1.198E+009  1.530E+008
 1.930E+013  2.326E-010  1.198E+009  1.546E+008
 1.950E+013  2.439E-010  1.198E+009  1.562E+008
 1.970E+013  2.559E-010  1.199E+009  1.578E+008
 1.990E+013  2.683E-010  1.199E+009  1.594E+008
 2.010E+013  2.813E-010  1.199E+009  1.611E+008
 2.030E+013  2.948E-010  1.200E+009  1.627E+008
 2.050E+013  3.089E-010  1.200E+009  1.643E+008
 2.070E+013  3.234E-010  1.200E+009  1.659E+008
 2.090E+013  3.385E-010  1.201E+009  1.676E+008
 2.110E+013  3.541E-010  1.201E+009  1.692E+008
 2.130E+013  3.702E-010  1.202E+009  1.708E+008
 2.150E+013  3.868E-010  1.202E+009  1.724E+008
 2.170E+013  4.039E-010  1.203E+009  1.741E+008
 2.190E+013  4.215E-010  1.203E+009  1.757E+008
 2.210E+013  4.396E-010  1.204E+009  1.773E+008
 2.230E+013  4.582E-010  1.205E+009  1.790E+008
 2.250E+013  4.773E-010  1.205E+009  1.806E+008
 2.270E+013  4.971E-010  1.206E+009  1.822E+008
 2.290E+013  5.174E-010  1.207E+009  1.839E+008
 2.310E+013  5.384E-010  1.207E+009  1.855E+008
 2.330E+013  5.601E-010  1.208E+009  1.872E+008
 2.350E+013  5.825E-010  1.209E+009  1.888E+008
 2.370E+013  6.057E-010  1.210E+009  1.905E+008
 2.390E+013  6.297E-010  1.211E+009  1.921E+008
 2.410E+013  6.546E-010  1.212E+009  1.938E+008
 2.430E+013  6.805E-010  1.213E+009  1.954E+008
 2.450E+013  7.073E-010  1.214E+009  1.971E+008
 2.470E+013  7.351E-010  1.215E+009  1.987E+008
 2.490E+013  7.640E-010  1.216E+009  2.004E+008
 2.510E+013  7.940E-010  1.217E+009  2.021E+008
 2.530E+013  8.252E-010  1.218E+009  2.037E+008
 2.550E+013  8.575E-010  1.220E+009  2.054E+008
 2.570E+013  8.910E-010  1.221E+009  2.071E+008
 2.590E+013  9.258E-010  1.222E+009  2.088E+008
 2.610E+013  9.618E-010  1.224E+009  2.105E+008
 2.630E+013  9.990E-010  1.226E+009  2.121E+008
 2.650E+013  1.038E-009  1.227E+009  2.138E+008
 2.670E+013  1.077E-009  1.229E+009  2.155E+008
 2.690E+013  1.119E-009  1.231E+009  2.172E+008
 2.710E+013  1.161E-009  1.233E+009  2.189E+008
 2.730E+013  1.205E-009  1.235E+009  2.206E+008
 2.750E+013  1.250E-009  1.237E+009  2.224E+008
 2.770E+013  1.297E-009  1.239E+009  2.241E+008
 2.790E+013  1.345E-009  1.241E+009  2.258E+008
 2.810E+013  1.395E-009  1.244E+009  2.275E+008
 2.830E+013  1.447E-009  1.246E+009  2.293E+008
 2.850E+013  1.499E-009  1.249E+009  2.310E+008
 2.870E+013  1.554E-009  1.251E+009  2.328E+008
 2.890E+013  1.610E-009  1.254E+009  2.345E+008
 2.910E+013  1.669E-009  1.257E+009  2.363E+008
 2.930E+013  1.729E-009  1.260E+009  2.381E+008
 2.950E+013  1.790E-009  1.263E+009  2.399E+008
 2.970E+013  1.854E-009  1.267E+009  2.416E+008
 2.990E+013  1.920E-009  1.270E+009  2.434E+008
 3.010E+013  1.988E-009  1.274E+009  2.452E+008
 3.030E+013  2.058E-009  1.278E+009  2.471E+008
 3.050E+013  2.130E-009  1.282E+009  2.489E+008
 3.070E+013  2.205E-009  1.286E+009  2.507E+008
 3.090E+013  2.282E-009  1.290E+009  2.526E+008
 3.110E+013  2.361E-009  1.295E+009  2.544E+008
 3.130E+013  2.443E-009  1.300E+009  2.563E+008
 3.150E+013  2.527E-009  1.305E+009  2.582E+008
 3.170E+013  2.614E-009  1.310E+009  2.601E+008
 3.190E+013  2.703E-009  1.315E+009  2.620E+008
 3.210E+013  2.796E-009  1.321E+009  2.639E+008
 3.230E+013  2.891E-009  1.327E+009  2.658E+008
 3.250E+013  2.990E-009  1.333E+009  2.677E+008
 3.270E+013  3.092E-009  1.339E+009  2.697E+008
 3.290E+013  3.197E-009  1.346E+009  2.717E+008
 3.310E+013  3.306E-009  1.353E+009  2.736E+008
 3.330E+013  3.419E-009  1.360E+009  2.757E+008
 3.350E+013  3.536E-009  1.367E+009  2.777E+008
 3.370E+013  3.657E-009  1.375E+009  2.797E+008
 3.390E+013  3.782E-009  1.383E+009  2.818E+008
 3.410E+013  3.911E-009  1.392E+009  2.838E+008
 3.430E+013  4.046E-009  1.401E+009  2.859E+008
 3.450E+013  4.186E-009  1.410E+009  2.880E+008
 3.470E+013  4.330E-009  1.420E+009  2.902E+008
 3.490E+013  4.481E-009  1.430E+009  2.923E+008
 3.510E+013  4.637E-009  1.440E+009  2.945E+008
 3.530E+013  4.799E-009  1.451E+009  2.967E+008
 3.550E+013  4.967E-009  1.463E+009  2.989E+008
 3.570E+013  5.142E-009  1.475E+009  3.011E+008
 3.590E+013  5.324E-009  1.487E+009  3.034E+008
 3.610E+013  5.513E-009  1.500E+009  3.057E+008
 3.630E+013  5.709E-009  1.514E+009  3.080E+008
 3.650E+013  5.914E-009  1.528E+009  3.103E+008
 3.670E+013  6.127E-009  1.543E+009  3.127E+008
 3.690E+013  6.349E-009  1.559E+009  3.151E+008
 3.710E+013  6.579E-009  1.575E+009  3.175E+008
 3.730E+013  6.820E-009  1.592E+009  3.199E+008
 3.750E+013  7.070E-009  1.610E+009  3.224E+008
 3.770E+013  7.332E-009  1.629E+009  3.249E+008
 3.790E+013  7.604E-009  1.649E+009  3.275E+008
 3.810E+013  7.889E-009  1.669E+009  3.300E+008
 3.830E+013  8.186E-009  1.690E+009  3.326E+008
 3.850E+013  8.497E-009  1.713E+009  3.353E+008
 3.870E+013  8.821E-009  1.736E+009  3.379E+008
 3.890E+013  9.161E-009  1.761E+009  3.406E+008
 3.910E+013  9.516E-009  1.787E+009  3.434E+008
 3.930E+013  9.888E-009  1.814E+009  3.462E+008
 3.950E+013  1.028E-008  1.842E+009  3.490E+008
 3.970E+013  1.069E-008  1.872E+009  3.518E+008
 3.990E+013  1.112E-008  1.904E+009  3.547E+008
 4.010E+013  1.157E-008  1.936E+009  3.577E+008
 4.030E+013  1.204E-008  1.971E+009  3.606E+008
 4.050E+013  1.254E-008  2.007E+009  3.636E+008
 4.070E+013  1.306E-008  2.045E+009  3.667E+008
 4.090E+013  1.362E-008  2.085E+009  3.698E+008
 4.110E+013  1.420E-008  2.128E+009  3.729E+008
 4.130E+013  1.481E-008  2.172E+009  3.761E+008
 4.150E+013  1.546E-008  2.219E+009  3.793E+008
 4.170E+013  1.615E-008  2.268E+009  3.826E+008
 4.190E+013  1.687E-008  2.320E+009  3.859E+008
 4.210E+013  1.764E-008  2.374E+009  3.892E+008
 4.230E+013  1.845E-008  2.432E+009  3.926E+008
 4.250E+013  1.932E-008  2.493E+009  3.960E+008
 4.270E+013  2.023E-008  2.557E+009  3.995E+008
 4.290E+013  2.120E-008  2.625E+009  4.030E+008
 4.310E+013  2.224E-008  2.696E+009  4.065E+008
 4.330E+013  2.333E-008  2.772E+009  4.101E+008
 4.350E+013  2.450E-008  2.852E+009  4.138E+008
 4.370E+013  2.575E-008  2.937E+009  4.174E+008
 4.390E+013  2.707E-008  3.026E+009  4.211E+008
 4.410E+013  2.849E-008  3.122E+009  4.248E+008
 4.430E+013  3.003E-008  3.227E+009  4.288E+008
 4.450E+013  3.162E-008  3.328E+009  4.327E+008
 4.470E+013  3.326E-008  3.429E+009  4.356E+008
 4.490E+013  3.542E-008  3.608E+009  4.400E+008
 4.510E+013  3.742E-008  3.771E+009  4.487E+008
 4.530E+013  3.724E-008  3.564E+009  4.483E+008
 4.550E+013  3.114E-008  2.398E+009  4.213E+008
 4.570E+013  1.891E-008  7.126E+008  3.320E+008
 4.590E+013  1.211E-008  5.896E+007  1.771E+008
 4.610E+013  1.021E-008  2.513E+005  3.727E+007
 4.630E+013  1.000E-008  6.340E+001  8.259E+005
 4.650E+013  1.000E-008  6.236E+001  1.721E+002
 4.670E+013  1.000E-008  6.236E+001  3.165E-006
 4.690E+013  1.000E-008  6.236E+001  1.066E-013
 4.710E+013  1.000E-008  6.236E+001 -1.066E-013
 4.730E+013  1.000E-008  6.236E+001  0.000E+000
 4.750E+013  1.000E-008  6.236E+001  0.000E+000
 4.770E+013  1.000E-008  6.236E+001  0.000E+000
 4.790E+013  1.000E-008  6.236E+001  1.066E-013
 4.810E+013  1.000E-008  6.236E+001 -1.066E-013
 4.830E+013  1.000E-008  6.236E+001 -1.179E-036
 4.850E+013  1.000E-008  6.236E+001  1.066E-013
 4.870E+013  1.000E-008  6.236E+001 -1.066E-013
 4.890E+013  1.000E-008  6.236E+001  0.000E+000
 4.910E+013  1.000E-008  6.236E+001  0.000E+000
 4.930E+013  1.000E-008  6.236E+001  0.000E+000
 4.950E+013  1.000E-008  6.236E+001  0.000E+000
 4.970E+013  1.000E-008  6.236E+001  0.000E+000
 4.990E+013  1.000E-008  6.236E+001  2.132E-013
 5.010E+013  1.000E-008  6.236E+001 -3.198E-013
 5.030E+013  1.000E-008  6.236E+001  1.066E-013
 5.050E+013  1.000E-008  6.236E+001  1.420E-033
 5.070E+013  1.000E-008  6.236E+001  8.638E-074
 5.090E+013  1.000E-008  6.236E+001  1.490E-154
 5.110E+013  1.000E-008  6.236E+001  1.066E-013
 5.130E+013  1.000E-008  6.236E+001 -1.066E-013
 5.150E+013  1.000E-008  6.236E+001  0.000E+000
 5.170E+013  1.000E-008  6.236E+001  0.000E+000
 5.190E+013  1.000E-008  6.236E+001  0.000E+000
 5.210E+013  1.000E-008  6.236E+001 -1.500E-154
 5.230E+013  1.000E-008  6.236E+001 -8.665E-074
 5.250E+013  1.000E-008  6.236E+001 -1.422E-033
 5.270E+013  1.000E-008  6.236E+001 -1.066E-013
 5.290E+013  1.000E-008  6.236E+001  1.066E-013
 5.310E+013  1.000E-008  6.236E+001  1.420E-033
 5.330E+013  1.000E-008  6.236E+001  8.639E-074
 5.350E+013  1.000E-008  6.236E+001  2.132E-013
 5.370E+013  1.000E-008  6.236E+001 -2.132E-013
 5.390E+013  1.000E-008  6.236E+001  1.874E-034
 5.410E+013  1.000E-008  6.236E+001  1.066E-013
 5.430E+013  1.000E-008  6.236E+001  1.066E-013
 5.450E+013  1.000E-008  6.236E+001  1.066E-013
 5.470E+013  1.000E-008  6.236E+001 -3.198E-013
 5.490E+013  1.000E-008  6.236E+001 -1.422E-033
 5.510E+013  1.000E-008  6.236E+001 -1.066E-013
 5.530E+013  1.000E-008  6.236E+001  2.132E-013
 5.550E+013  1.000E-008  6.236E+001 -4.264E-013
 5.570E+013  1.000E-008  6.236E+001  2.132E-013
 5.590E+013  1.000E-008  6.236E+001  1.066E-013
 5.610E+013  1.000E-008  6.236E+001 -1.066E-013
 5.630E+013  1.000E-008  6.236E+001  1.066E-013
 5.650E+013  1.000E-008  6.236E+001 -6.396E-013
 5.670E+013  1.000E-008  6.236E+001  6.396E-013
 5.690E+013  1.000E-008  6.236E+001  6.396E-013
 5.710E+013  1.000E-008  6.236E+001 -6.396E-013
 5.730E+013  1.000E-008  6.236E+001  7.462E-013
 5.750E+013  1.000E-008  6.236E+001 -1.599E-012
 5.770E+013  1.000E-008  6.236E+001 -1.066E-013
 5.790E+013  1.000E-008  6.236E+001  9.594E-013
 5.810E+013  1.000E-008  6.236E+001  5.115E-012
 5.830E+013  1.000E-008  6.236E+001 -5.115E-012
 5.850E+013  1.000E-008  6.236E+001  0.000E+000
 5.870E+013  1.000E-008  6.236E+001  0.000E+000
 5.890E+013  1.000E-008  6.236E+001  0.000E+000
 5.910E+013  1.000E-008  6.236E+001  0.000E+000
 5.930E+013  1.000E-008  6.236E+001  0.000E+000
 5.950E+013  1.000E-008  6.236E+001  0.000E+000
 5.970E+013  1.000E-008  6.236E+001  0.000E+000
 5.990E+013  1.000E-008  6.236E+001  0.000E+000
 6.010E+013  1.000E-008  6.236E+001  0.000E+000
 6.030E+013  1.000E-008  6.236E+001  1.066E-013
 6.050E+013  1.000E-008  6.236E+001 -1.066E-013
 6.070E+013  1.000E-008  6.236E+001  1.066E-013
 6.090E+013  1.000E-008  6.236E+001 -1.066E-013
 6.110E+013  1.000E-008  6.236E+001  0.000E+000
 6.130E+013  1.000E-008  6.236E+001  0.000E+000
 6.150E+013  1.000E-008  6.236E+001  0.000E+000
 6.170E+013  1.000E-008  6.236E+001  1.066E-013
 6.190E+013  1.000E-008  6.236E+001 -1.066E-013
 6.210E+013  1.000E-008  6.236E+001  0.000E+000
 6.230E+013  1.000E-008  6.236E+001  0.000E+000
 6.250E+013  1.000E-008  6.236E+001  0.000E+000
 6.270E+013  1.000E-008  6.236E+001  0.000E+000
 6.290E+013  1.000E-008  6.236E+001  0.000E+000
 6.310E+013  1.000E-008  6.236E+001  0.000E+000
 6.330E+013  1.000E-008  6.236E+001  0.000E+000
 6.350E+013  1.000E-008  6.236E+001  1.066E-013
 6.370E+013  1.000E-008  6.236E+001 -1.066E-013
 6.390E+013  1.000E-008  6.236E+001  0.000E+000
 6.410E+013  1.000E-008  6.236E+001  0.000E+000
 6.430E+013  1.000E-008  6.236E+001  0.000E+000
 6.450E+013  1.000E-008  6.236E+001  0.000E+000
 6.470E+013  1.000E-008  6.236E+001  1.066E-013
 6.490E+013  1.000E-008  6.236E+001 -1.066E-013
 6.510E+013  1.000E-008  6.236E+001  0.000E+000
 6.530E+013  1.000E-008  6.236E+001  0.000E+000
 6.550E+013  1.000E-008  6.236E+001  0.000E+000
 6.570E+013  1.000E-008  6.236E+001  0.000E+000
 6.590E+013  1.000E-008  6.236E+001  1.066E-013
 6.610E+013  1.000E-008  6.236E+001 -1.066E-013
 6.630E+013  1.000E-008  6.236E+001  0.000E+000
 6.650E+013  1.000E-008  6.236E+001  0.000E+000
 6.670E+013  1.000E-008  6.236E+001  0.000E+000
 6.690E+013  1.000E-008  6.236E+001  1.066E-013
 6.710E+013  1.000E-008  6.236E+001 -1.066E-013
 6.730E+013  1.000E-008  6.236E+001  0.000E+000
 6.750E+013  1.000E-008  6.236E+001  0.000E+000
 6.770E+013  1.000E-008  6.236E+001  1.066E-013
 6.790E+013  1.000E-008  6.236E+001 -1.066E-013
 6.810E+013  1.000E-008  6.236E+001  1.066E-013
 6.830E+013  1.000E-008  6.236E+001 -1.667E-036
 6.850E+013  1.000E-008  6.236E+001 -1.066E-013
 6.870E+013  1.000E-008  6.236E+001  0.000E+000
 6.890E+013  1.000E-008  6.236E+001  0.000E+000
 6.910E+013  1.000E-008  6.236E+001  0.000E+000
 6.930E+013  1.000E-008  6.236E+001  1.066E-013
 6.950E+013  1.000E-008  6.236E+001 -1.066E-013
 6.970E+013  1.000E-008  6.236E+001  0.000E+000
 6.990E+013  1.000E-008  6.236E+001  0.000E+000
 7.010E+013  1.000E-008  6.236E+001  0.000E+000
 7.030E+013  1.000E-008  6.236E+001  0.000E+000
 7.050E+013  1.000E-008  6.236E+001  0.000E+000
 7.070E+013  1.000E-008  6.236E+001  0.000E+000
 7.090E+013  1.000E-008  6.236E+001  0.000E+000
 7.110E+013  1.000E-008  6.236E+001  0.000E+000
 7.130E+013  1.000E-008  6.236E+001  0.000E+000
 7.150E+013  1.000E-008  6.236E+001  0.000E+000
 7.170E+013  1.000E-008  6.236E+001  0.000E+000
 7.190E+013  1.000E-008  6.236E+001  1.066E-013
 7.210E+013  1.000E-008  6.236E+001 -1.066E-013
 7.230E+013  1.000E-008  6.236E+001  0.000E+000
 7.250E+013  1.000E-008  6.236E+001  0.000E+000
 7.270E+013  1.000E-008  6.236E+001  2.132E-013
 7.290E+013  1.000E-008  6.236E+001 -6.247E-036
 7.310E+013  1.000E-008  6.236E+001 -2.132E-013
 7.330E+013  1.000E-008  6.236E+001 -1.422E-033
 7.350E+013  1.000E-008  6.236E+001 -1.066E-013
 7.370E+013  1.000E-008  6.236E+001  1.066E-013
 7.390E+013  1.000E-008  6.236E+001  1.420E-033
 7.410E+013  1.000E-008  6.236E+001  8.642E-074
 7.430E+013  1.000E-008  6.236E+001  1.492E-154
 7.450E+013  1.000E-008  6.236E+001  0.000E+000
 7.470E+013  1.000E-008  6.236E+001  0.000E+000
 7.490E+013  1.000E-008  6.236E+001  0.000E+000
 7.510E+013  1.000E-008  6.236E+001  0.000E+000
 7.530E+013  1.000E-008  6.236E+001  0.000E+000
 7.550E+013  1.000E-008  6.236E+001  0.000E+000
 7.570E+013  1.000E-008  6.236E+001  0.000E+000
 7.590E+013  1.000E-008  6.236E+001  0.000E+000
 7.610E+013  1.000E-008  6.236E+001  0.000E+000
 7.630E+013  1.000E-008  6.236E+001  0.000E+000
 7.650E+013  1.000E-008  6.236E+001  0.000E+000
 7.670E+013  1.000E-008  6.236E+001  2.132E-013
 7.690E+013  1.000E-008  6.236E+001 -2.132E-013
 7.710E+013  1.000E-008  6.236E+001  3.198E-013
 7.730E+013  1.000E-008  6.236E+001 -3.198E-013
 7.750E+013  1.000E-008  6.236E+001  3.367E-034
 7.770E+013  1.000E-008  6.236E+001  2.132E-013
 7.790E+013  1.000E-008  6.236E+001 -6.396E-013
 7.810E+013  1.000E-008  6.236E+001  6.396E-013
 7.830E+013  1.000E-008  6.236E+001 -2.132E-013
 7.850E+013  1.000E-008  6.236E+001 -6.106E-074
 7.870E+013  1.000E-008  6.236E+001 -1.194E-033
 7.890E+013  1.000E-008  6.236E+001 -1.066E-013
 7.910E+013  1.000E-008  6.236E+001 -5.330E-013
 7.930E+013  1.000E-008  6.236E+001  3.198E-013
 7.950E+013  1.000E-008  6.236E+001  3.198E-013
 7.970E+013  1.000E-008  6.236E+001 -4.264E-013
 7.990E+013  1.000E-008  6.236E+001  4.264E-013
 8.010E+013  1.000E-008  6.236E+001  2.273E-032
 8.030E+013  1.000E-008  6.236E+001  2.213E-071
 8.050E+013  1.000E-008  6.236E+001  9.778E-150
 8.070E+013  1.000E-008  6.236E+001 -9.944E-300
 8.090E+013  1.000E-008  6.236E+001 -3.211E-146
 8.110E+013  1.000E-008  6.236E+001 -1.268E-069
 8.130E+013  1.000E-008  6.236E+001 -1.720E-031
 8.150E+013  1.000E-008  6.236E+001 -1.173E-012
 8.170E+013  1.000E-008  6.236E+001  1.492E-012
 8.190E+013  1.000E-008  6.236E+001 -3.198E-013
 8.210E+013  1.000E-008  6.236E+001  0.000E+000
 8.230E+013  1.000E-008  6.236E+001  0.000E+000
 8.250E+013  1.000E-008  6.236E+001  0.000E+000
 8.270E+013  1.000E-008  6.236E+001  0.000E+000
 8.290E+013  1.000E-008  6.236E+001  4.264E-013
 8.310E+013  1.000E-008  6.236E+001 -4.264E-013
 8.330E+013  1.000E-008  6.236E+001 -1.381E-033
 8.350E+013  1.000E-008  6.236E+001  6.396E-013
 8.370E+013  1.000E-008  6.236E+001 -5.330E-013
 8.390E+013  1.000E-008  6.236E+001 -1.422E-033
 8.410E+013  1.000E-008  6.236E+001 -1.066E-013
 8.430E+013  1.000E-008  6.236E+001  1.066E-013
 8.450E+013  1.000E-008  6.236E+001 -1.347E-036
 8.470E+013  1.000E-008  6.236E+001 -1.066E-013
 8.490E+013  1.000E-008  6.236E+001 -6.704E-037
 8.510E+013  1.000E-008  6.236E+001  1.066E-013
 8.530E+013  1.000E-008  6.236E+001 -1.334E-036
 8.550E+013  1.000E-008  6.236E+001 -1.066E-013
 8.570E+013  1.000E-008  6.236E+001 -6.641E-037
 8.590E+013  1.000E-008  6.236E+001  1.066E-013
 8.610E+013  1.000E-008  6.236E+001 -1.066E-013
 8.630E+013  1.000E-008  6.236E+001  0.000E+000
 8.650E+013  1.000E-008  6.236E+001  0.000E+000
 8.670E+013  1.000E-008  6.236E+001  0.000E+000
 8.690E+013  1.000E-008  6.236E+001  0.000E+000
 8.710E+013  1.000E-008  6.236E+001  0.000E+000
 8.730E+013  1.000E-008  6.236E+001  0.000E+000
 8.750E+013  1.000E-008  6.236E+001  1.066E-013
 8.770E+013  1.000E-008  6.236E+001 -1.066E-013
 8.790E+013  1.000E-008  6.236E+001 -6.474E-037
 8.810E+013  1.000E-008  6.236E+001  1.066E-013
 8.830E+013  1.000E-008  6.236E+001 -1.066E-013
 8.850E+013  1.000E-008  6.236E+001  1.066E-013
 8.870E+013  1.000E-008  6.236E+001  1.066E-013
 8.890E+013  1.000E-008  6.236E+001 -2.132E-013
 8.910E+013  1.000E-008  6.236E+001  0.000E+000
 8.930E+013  1.000E-008  6.236E+001  0.000E+000
 8.950E+013  1.000E-008  6.236E+001  0.000E+000
 8.970E+013  1.000E-008  6.236E+001  0.000E+000
 8.990E+013  1.000E-008  6.236E+001  0.000E+000
 9.010E+013  1.000E-008  6.236E+001  1.066E-013
 9.030E+013  1.000E-008  6.236E+001 -1.260E-036
 9.050E+013  1.000E-008  6.236E+001 -1.066E-013
 9.070E+013  1.000E-008  6.236E+001  1.066E-013
 9.090E+013  1.000E-008  6.236E+001 -1.252E-036
 9.110E+013  1.000E-008  6.236E+001 -1.066E-013
 9.130E+013  1.000E-008  6.236E+001  0.000E+000
 9.150E+013  1.000E-008  6.236E+001  0.000E+000
 9.170E+013  1.000E-008  6.236E+001  0.000E+000
 9.190E+013  1.000E-008  6.236E+001  0.000E+000
 9.210E+013  1.000E-008  6.236E+001  0.000E+000
 9.230E+013  1.000E-008  6.236E+001  1.066E-013
 9.250E+013  1.000E-008  6.236E+001 -1.230E-036
 9.270E+013  1.000E-008  6.236E+001 -1.066E-013
 9.290E+013  1.000E-008  6.236E+001  0.000E+000
 9.310E+013  1.000E-008  6.236E+001  0.000E+000
 9.330E+013  1.000E-008  6.236E+001  0.000E+000
 9.350E+013  1.000E-008  6.236E+001  0.000E+000
 9.370E+013  1.000E-008  6.236E+001  1.066E-013
 9.390E+013  1.000E-008  6.236E+001 -1.066E-013
 9.410E+013  1.000E-008  6.236E+001  1.066E-013
 9.430E+013  1.000E-008  6.236E+001 -1.066E-013
 9.450E+013  1.000E-008  6.236E+001  0.000E+000
 9.470E+013  1.000E-008  6.236E+001  0.000E+000
 9.490E+013  1.000E-008  6.236E+001  0.000E+000
 9.510E+013  1.000E-008  6.236E+001  0.000E+000
 9.530E+013  1.000E-008  6.236E+001  1.066E-013
 9.550E+013  1.000E-008  6.236E+001 -1.066E-013
 9.570E+013  1.000E-008  6.236E+001 -8.659E-074
 9.590E+013  1.000E-008  6.236E+001 -1.422E-033
 9.610E+013  1.000E-008  6.236E+001 -1.066E-013
 9.630E+013  1.000E-008  6.236E+001  1.066E-013
 9.650E+013  1.000E-008  6.236E+001  1.421E-033
 9.670E+013  1.000E-008  6.236E+001  1.066E-013
 9.690E+013  1.000E-008  6.236E+001 -1.066E-013
 9.710E+013  1.000E-008  6.236E+001  0.000E+000
 9.730E+013  1.000E-008  6.236E+001  0.000E+000
 9.750E+013  1.000E-008  6.236E+001  0.000E+000
 9.770E+013  1.000E-008  6.236E+001  0.000E+000
 9.790E+013  1.000E-008  6.236E+001  0.000E+000
 9.810E+013  1.000E-008  6.236E+001  0.000E+000
 9.830E+013  1.000E-008  6.236E+001  0.000E+000
 9.850E+013  1.000E-008  6.236E+001  0.000E+000
 9.870E+013  1.000E-008  6.236E+001  0.000E+000
 9.890E+013  1.000E-008  6.236E+001  0.000E+000
 9.910E+013  1.000E-008  6.236E+001  0.000E+000
 9.930E+013  1.000E-008  6.236E+001  0.000E+000
 9.950E+013  1.000E-008  6.236E+001  1.066E-013
 9.970E+013  1.000E-008  6.236E+001 -1.066E-013
 9.990E+013  1.000E-008  6.236E+001  0.000E+000
 1.001E+014  1.000E-099  1.000E-099  0.000E+000
 1.003E+014  1.000E-099  1.000E-099  0.000E+000
 9.515E-004
