 9.000E+004
     x1b        dens       energ       v1
 1.000E+011  2.355E-012  3.168E+008  0.000E+000
 3.000E+011  2.356E-012  3.168E+008  5.930E+005
 5.000E+011  2.360E-012  3.168E+008  1.053E+006
 7.000E+011  2.368E-012  3.168E+008  1.623E+006
 9.000E+011  2.381E-012  3.168E+008  2.144E+006
 1.100E+012  2.400E-012  3.168E+008  2.690E+006
 1.300E+012  2.424E-012  3.168E+008  3.223E+006
 1.500E+012  2.454E-012  3.168E+008  3.763E+006
 1.700E+012  2.487E-012  3.168E+008  4.299E+006
 1.900E+012  2.524E-012  3.168E+008  4.837E+006
 2.100E+012  2.563E-012  3.168E+008  5.374E+006
 2.300E+012  2.603E-012  3.168E+008  5.912E+006
 2.500E+012  2.644E-012  3.168E+008  6.449E+006
 2.700E+012  2.686E-012  3.168E+008  6.987E+006
 2.900E+012  2.727E-012  3.168E+008  7.524E+006
 3.100E+012  2.767E-012  3.168E+008  8.062E+006
 3.300E+012  2.805E-012  3.168E+008  8.599E+006
 3.500E+012  2.839E-012  3.168E+008  9.137E+006
 3.700E+012  2.867E-012  3.168E+008  9.674E+006
 3.900E+012  2.885E-012  3.168E+008  1.021E+007
 4.100E+012  2.892E-012  3.168E+008  1.075E+007
 4.300E+012  2.893E-012  3.168E+008  1.129E+007
 4.500E+012  2.893E-012  3.168E+008  1.182E+007
 4.700E+012  2.893E-012  3.168E+008  1.236E+007
 4.900E+012  2.893E-012  3.168E+008  1.290E+007
 5.100E+012  2.893E-012  3.168E+008  1.344E+007
 5.300E+012  2.892E-012  3.168E+008  1.397E+007
 5.500E+012  2.891E-012  3.168E+008  1.451E+007
 5.700E+012  2.889E-012  3.168E+008  1.505E+007
 5.900E+012  2.887E-012  3.168E+008  1.559E+007
 6.100E+012  2.884E-012  3.168E+008  1.612E+007
 6.300E+012  2.881E-012  3.168E+008  1.666E+007
 6.500E+012  2.879E-012  3.168E+008  1.720E+007
 6.700E+012  2.878E-012  3.168E+008  1.774E+007
 6.900E+012  2.878E-012  3.168E+008  1.827E+007
 7.100E+012  2.878E-012  3.168E+008  1.881E+007
 7.300E+012  2.878E-012  3.168E+008  1.935E+007
 7.500E+012  2.879E-012  3.168E+008  1.988E+007
 7.700E+012  2.880E-012  3.168E+008  2.042E+007
 7.900E+012  2.881E-012  3.168E+008  2.096E+007
 8.100E+012  2.884E-012  3.168E+008  2.150E+007
 8.300E+012  2.888E-012  3.168E+008  2.203E+007
 8.500E+012  2.893E-012  3.168E+008  2.257E+007
 8.700E+012  2.900E-012  3.168E+008  2.311E+007
 8.900E+012  2.908E-012  3.168E+008  2.365E+007
 9.100E+012  2.920E-012  3.168E+008  2.418E+007
 9.300E+012  2.933E-012  3.168E+008  2.472E+007
 9.500E+012  2.950E-012  3.168E+008  2.526E+007
 9.700E+012  2.971E-012  3.168E+008  2.580E+007
 9.900E+012  2.995E-012  3.168E+008  2.633E+007
 1.010E+013  3.024E-012  3.168E+008  2.687E+007
 1.030E+013  3.058E-012  3.168E+008  2.741E+007
 1.050E+013  3.096E-012  3.168E+008  2.795E+007
 1.070E+013  3.141E-012  3.168E+008  2.848E+007
 1.090E+013  3.192E-012  3.168E+008  2.902E+007
 1.110E+013  3.251E-012  3.168E+008  2.956E+007
 1.130E+013  3.317E-012  3.168E+008  3.010E+007
 1.150E+013  3.392E-012  3.168E+008  3.064E+007
 1.170E+013  3.477E-012  3.168E+008  3.117E+007
 1.190E+013  3.572E-012  3.168E+008  3.171E+007
 1.210E+013  3.679E-012  3.168E+008  3.225E+007
 1.230E+013  3.799E-012  3.168E+008  3.279E+007
 1.250E+013  3.934E-012  3.168E+008  3.333E+007
 1.270E+013  4.084E-012  3.168E+008  3.387E+007
 1.290E+013  4.251E-012  3.168E+008  3.440E+007
 1.310E+013  4.438E-012  3.168E+008  3.494E+007
 1.330E+013  4.646E-012  3.168E+008  3.548E+007
 1.350E+013  4.877E-012  3.168E+008  3.602E+007
 1.370E+013  5.134E-012  3.168E+008  3.656E+007
 1.390E+013  5.420E-012  3.168E+008  3.710E+007
 1.410E+013  5.738E-012  3.168E+008  3.764E+007
 1.430E+013  6.089E-012  3.168E+008  3.818E+007
 1.450E+013  6.479E-012  3.168E+008  3.872E+007
 1.470E+013  6.910E-012  3.168E+008  3.926E+007
 1.490E+013  7.386E-012  3.168E+008  3.980E+007
 1.510E+013  7.911E-012  3.168E+008  4.034E+007
 1.530E+013  8.488E-012  3.168E+008  4.088E+007
 1.550E+013  9.121E-012  3.168E+008  4.141E+007
 1.570E+013  9.814E-012  3.168E+008  4.195E+007
 1.590E+013  1.057E-011  3.168E+008  4.249E+007
 1.610E+013  1.139E-011  3.168E+008  4.303E+007
 1.630E+013  1.228E-011  3.168E+008  4.357E+007
 1.650E+013  1.324E-011  3.168E+008  4.411E+007
 1.670E+013  1.428E-011  3.168E+008  4.465E+007
 1.690E+013  1.538E-011  3.168E+008  4.518E+007
 1.710E+013  1.656E-011  3.168E+008  4.572E+007
 1.730E+013  1.780E-011  3.168E+008  4.626E+007
 1.750E+013  1.911E-011  3.168E+008  4.679E+007
 1.770E+013  2.048E-011  3.168E+008  4.733E+007
 1.790E+013  2.191E-011  3.168E+008  4.787E+007
 1.810E+013  2.340E-011  3.168E+008  4.840E+007
 1.830E+013  2.493E-011  3.169E+008  4.894E+007
 1.850E+013  2.651E-011  3.169E+008  4.947E+007
 1.870E+013  2.812E-011  3.169E+008  5.001E+007
 1.890E+013  2.977E-011  3.169E+008  5.055E+007
 1.910E+013  3.145E-011  3.169E+008  5.108E+007
 1.930E+013  3.315E-011  3.169E+008  5.162E+007
 1.950E+013  3.488E-011  3.169E+008  5.215E+007
 1.970E+013  3.663E-011  3.169E+008  5.269E+007
 1.990E+013  3.841E-011  3.169E+008  5.323E+007
 2.010E+013  4.021E-011  3.169E+008  5.376E+007
 2.030E+013  4.203E-011  3.169E+008  5.430E+007
 2.050E+013  4.387E-011  3.169E+008  5.484E+007
 2.070E+013  4.575E-011  3.169E+008  5.538E+007
 2.090E+013  4.765E-011  3.169E+008  5.591E+007
 2.110E+013  4.959E-011  3.169E+008  5.645E+007
 2.130E+013  5.157E-011  3.169E+008  5.699E+007
 2.150E+013  5.359E-011  3.169E+008  5.752E+007
 2.170E+013  5.566E-011  3.169E+008  5.806E+007
 2.190E+013  5.778E-011  3.170E+008  5.860E+007
 2.210E+013  5.996E-011  3.170E+008  5.914E+007
 2.230E+013  6.220E-011  3.170E+008  5.968E+007
 2.250E+013  6.451E-011  3.170E+008  6.021E+007
 2.270E+013  6.690E-011  3.170E+008  6.075E+007
 2.290E+013  6.936E-011  3.170E+008  6.129E+007
 2.310E+013  7.192E-011  3.170E+008  6.183E+007
 2.330E+013  7.456E-011  3.170E+008  6.237E+007
 2.350E+013  7.731E-011  3.170E+008  6.290E+007
 2.370E+013  8.015E-011  3.170E+008  6.344E+007
 2.390E+013  8.311E-011  3.171E+008  6.398E+007
 2.410E+013  8.618E-011  3.171E+008  6.452E+007
 2.430E+013  8.937E-011  3.171E+008  6.506E+007
 2.450E+013  9.268E-011  3.171E+008  6.560E+007
 2.470E+013  9.612E-011  3.171E+008  6.614E+007
 2.490E+013  9.970E-011  3.171E+008  6.667E+007
 2.510E+013  1.034E-010  3.172E+008  6.721E+007
 2.530E+013  1.073E-010  3.172E+008  6.775E+007
 2.550E+013  1.112E-010  3.172E+008  6.829E+007
 2.570E+013  1.154E-010  3.172E+008  6.883E+007
 2.590E+013  1.196E-010  3.172E+008  6.937E+007
 2.610E+013  1.240E-010  3.173E+008  6.991E+007
 2.630E+013  1.286E-010  3.173E+008  7.045E+007
 2.650E+013  1.333E-010  3.173E+008  7.098E+007
 2.670E+013  1.381E-010  3.173E+008  7.152E+007
 2.690E+013  1.431E-010  3.173E+008  7.206E+007
 2.710E+013  1.482E-010  3.174E+008  7.260E+007
 2.730E+013  1.534E-010  3.174E+008  7.314E+007
 2.750E+013  1.588E-010  3.174E+008  7.368E+007
 2.770E+013  1.642E-010  3.175E+008  7.422E+007
 2.790E+013  1.699E-010  3.175E+008  7.476E+007
 2.810E+013  1.756E-010  3.175E+008  7.530E+007
 2.830E+013  1.815E-010  3.176E+008  7.584E+007
 2.850E+013  1.875E-010  3.176E+008  7.638E+007
 2.870E+013  1.936E-010  3.176E+008  7.692E+007
 2.890E+013  1.999E-010  3.177E+008  7.746E+007
 2.910E+013  2.063E-010  3.177E+008  7.800E+007
 2.930E+013  2.128E-010  3.178E+008  7.854E+007
 2.950E+013  2.195E-010  3.178E+008  7.908E+007
 2.970E+013  2.264E-010  3.178E+008  7.962E+007
 2.990E+013  2.333E-010  3.179E+008  8.016E+007
 3.010E+013  2.405E-010  3.179E+008  8.070E+007
 3.030E+013  2.478E-010  3.180E+008  8.124E+007
 3.050E+013  2.553E-010  3.180E+008  8.178E+007
 3.070E+013  2.630E-010  3.181E+008  8.233E+007
 3.090E+013  2.709E-010  3.181E+008  8.287E+007
 3.110E+013  2.791E-010  3.182E+008  8.341E+007
 3.130E+013  2.874E-010  3.183E+008  8.395E+007
 3.150E+013  2.959E-010  3.183E+008  8.449E+007
 3.170E+013  3.047E-010  3.184E+008  8.504E+007
 3.190E+013  3.138E-010  3.185E+008  8.558E+007
 3.210E+013  3.231E-010  3.185E+008  8.612E+007
 3.230E+013  3.326E-010  3.186E+008  8.667E+007
 3.250E+013  3.424E-010  3.187E+008  8.721E+007
 3.270E+013  3.525E-010  3.188E+008  8.775E+007
 3.290E+013  3.629E-010  3.188E+008  8.830E+007
 3.310E+013  3.736E-010  3.189E+008  8.884E+007
 3.330E+013  3.845E-010  3.190E+008  8.939E+007
 3.350E+013  3.958E-010  3.191E+008  8.993E+007
 3.370E+013  4.074E-010  3.192E+008  9.048E+007
 3.390E+013  4.192E-010  3.193E+008  9.102E+007
 3.410E+013  4.314E-010  3.194E+008  9.157E+007
 3.430E+013  4.439E-010  3.195E+008  9.211E+007
 3.450E+013  4.567E-010  3.196E+008  9.266E+007
 3.470E+013  4.698E-010  3.197E+008  9.321E+007
 3.490E+013  4.832E-010  3.198E+008  9.375E+007
 3.510E+013  4.969E-010  3.199E+008  9.430E+007
 3.530E+013  5.110E-010  3.200E+008  9.485E+007
 3.550E+013  5.254E-010  3.202E+008  9.540E+007
 3.570E+013  5.401E-010  3.203E+008  9.595E+007
 3.590E+013  5.552E-010  3.204E+008  9.650E+007
 3.610E+013  5.705E-010  3.206E+008  9.705E+007
 3.630E+013  5.863E-010  3.207E+008  9.760E+007
 3.650E+013  6.023E-010  3.209E+008  9.815E+007
 3.670E+013  6.188E-010  3.210E+008  9.870E+007
 3.690E+013  6.355E-010  3.212E+008  9.925E+007
 3.710E+013  6.527E-010  3.213E+008  9.980E+007
 3.730E+013  6.702E-010  3.215E+008  1.004E+008
 3.750E+013  6.881E-010  3.217E+008  1.009E+008
 3.770E+013  7.064E-010  3.219E+008  1.015E+008
 3.790E+013  7.251E-010  3.220E+008  1.020E+008
 3.810E+013  7.441E-010  3.222E+008  1.026E+008
 3.830E+013  7.636E-010  3.224E+008  1.031E+008
 3.850E+013  7.835E-010  3.226E+008  1.037E+008
 3.870E+013  8.039E-010  3.228E+008  1.042E+008
 3.890E+013  8.246E-010  3.231E+008  1.048E+008
 3.910E+013  8.458E-010  3.233E+008  1.054E+008
 3.930E+013  8.675E-010  3.235E+008  1.059E+008
 3.950E+013  8.895E-010  3.237E+008  1.065E+008
 3.970E+013  9.121E-010  3.240E+008  1.070E+008
 3.990E+013  9.351E-010  3.242E+008  1.076E+008
 4.010E+013  9.586E-010  3.245E+008  1.082E+008
 4.030E+013  9.825E-010  3.248E+008  1.087E+008
 4.050E+013  1.007E-009  3.250E+008  1.093E+008
 4.070E+013  1.032E-009  3.253E+008  1.099E+008
 4.090E+013  1.057E-009  3.256E+008  1.104E+008
 4.110E+013  1.083E-009  3.259E+008  1.110E+008
 4.130E+013  1.110E-009  3.262E+008  1.116E+008
 4.150E+013  1.137E-009  3.266E+008  1.121E+008
 4.170E+013  1.164E-009  3.269E+008  1.127E+008
 4.190E+013  1.192E-009  3.272E+008  1.133E+008
 4.210E+013  1.221E-009  3.276E+008  1.138E+008
 4.230E+013  1.250E-009  3.279E+008  1.144E+008
 4.250E+013  1.280E-009  3.283E+008  1.150E+008
 4.270E+013  1.310E-009  3.287E+008  1.156E+008
 4.290E+013  1.341E-009  3.291E+008  1.161E+008
 4.310E+013  1.372E-009  3.295E+008  1.167E+008
 4.330E+013  1.405E-009  3.299E+008  1.173E+008
 4.350E+013  1.438E-009  3.303E+008  1.179E+008
 4.370E+013  1.471E-009  3.308E+008  1.185E+008
 4.390E+013  1.505E-009  3.312E+008  1.190E+008
 4.410E+013  1.541E-009  3.317E+008  1.196E+008
 4.430E+013  1.576E-009  3.322E+008  1.202E+008
 4.450E+013  1.613E-009  3.326E+008  1.208E+008
 4.470E+013  1.650E-009  3.332E+008  1.214E+008
 4.490E+013  1.688E-009  3.337E+008  1.220E+008
 4.510E+013  1.727E-009  3.342E+008  1.226E+008
 4.530E+013  1.767E-009  3.348E+008  1.232E+008
 4.550E+013  1.808E-009  3.353E+008  1.238E+008
 4.570E+013  1.849E-009  3.359E+008  1.244E+008
 4.590E+013  1.892E-009  3.365E+008  1.250E+008
 4.610E+013  1.935E-009  3.371E+008  1.256E+008
 4.630E+013  1.979E-009  3.378E+008  1.262E+008
 4.650E+013  2.025E-009  3.384E+008  1.268E+008
 4.670E+013  2.071E-009  3.391E+008  1.274E+008
 4.690E+013  2.118E-009  3.398E+008  1.280E+008
 4.710E+013  2.166E-009  3.405E+008  1.286E+008
 4.730E+013  2.216E-009  3.412E+008  1.292E+008
 4.750E+013  2.266E-009  3.419E+008  1.298E+008
 4.770E+013  2.317E-009  3.427E+008  1.305E+008
 4.790E+013  2.370E-009  3.435E+008  1.311E+008
 4.810E+013  2.424E-009  3.443E+008  1.317E+008
 4.830E+013  2.478E-009  3.451E+008  1.323E+008
 4.850E+013  2.534E-009  3.460E+008  1.330E+008
 4.870E+013  2.592E-009  3.469E+008  1.336E+008
 4.890E+013  2.650E-009  3.478E+008  1.342E+008
 4.910E+013  2.710E-009  3.487E+008  1.349E+008
 4.930E+013  2.771E-009  3.497E+008  1.355E+008
 4.950E+013  2.833E-009  3.507E+008  1.362E+008
 4.970E+013  2.897E-009  3.517E+008  1.368E+008
 4.990E+013  2.962E-009  3.527E+008  1.374E+008
 5.010E+013  3.028E-009  3.538E+008  1.381E+008
 5.030E+013  3.096E-009  3.549E+008  1.388E+008
 5.050E+013  3.165E-009  3.560E+008  1.394E+008
 5.070E+013  3.236E-009  3.572E+008  1.401E+008
 5.090E+013  3.309E-009  3.584E+008  1.407E+008
 5.110E+013  3.382E-009  3.596E+008  1.414E+008
 5.130E+013  3.458E-009  3.609E+008  1.421E+008
 5.150E+013  3.535E-009  3.622E+008  1.427E+008
 5.170E+013  3.614E-009  3.635E+008  1.434E+008
 5.190E+013  3.695E-009  3.649E+008  1.441E+008
 5.210E+013  3.778E-009  3.663E+008  1.448E+008
 5.230E+013  3.862E-009  3.677E+008  1.455E+008
 5.250E+013  3.949E-009  3.692E+008  1.462E+008
 5.270E+013  4.037E-009  3.708E+008  1.469E+008
 5.290E+013  4.127E-009  3.723E+008  1.476E+008
 5.310E+013  4.220E-009  3.739E+008  1.483E+008
 5.330E+013  4.315E-009  3.756E+008  1.490E+008
 5.350E+013  4.411E-009  3.773E+008  1.497E+008
 5.370E+013  4.511E-009  3.791E+008  1.504E+008
 5.390E+013  4.612E-009  3.809E+008  1.512E+008
 5.410E+013  4.716E-009  3.827E+008  1.519E+008
 5.430E+013  4.823E-009  3.847E+008  1.526E+008
 5.450E+013  4.932E-009  3.866E+008  1.534E+008
 5.470E+013  5.044E-009  3.886E+008  1.541E+008
 5.490E+013  5.159E-009  3.907E+008  1.549E+008
 5.510E+013  5.276E-009  3.929E+008  1.556E+008
 5.530E+013  5.397E-009  3.951E+008  1.564E+008
 5.550E+013  5.520E-009  3.973E+008  1.571E+008
 5.570E+013  5.647E-009  3.997E+008  1.579E+008
 5.590E+013  5.777E-009  4.021E+008  1.587E+008
 5.610E+013  5.911E-009  4.045E+008  1.595E+008
 5.630E+013  6.048E-009  4.071E+008  1.603E+008
 5.650E+013  6.188E-009  4.097E+008  1.610E+008
 5.670E+013  6.332E-009  4.124E+008  1.618E+008
 5.690E+013  6.481E-009  4.151E+008  1.626E+008
 5.710E+013  6.633E-009  4.180E+008  1.635E+008
 5.730E+013  6.789E-009  4.209E+008  1.643E+008
 5.750E+013  6.949E-009  4.239E+008  1.651E+008
 5.770E+013  7.114E-009  4.270E+008  1.659E+008
 5.790E+013  7.284E-009  4.302E+008  1.668E+008
 5.810E+013  7.458E-009  4.335E+008  1.676E+008
 5.830E+013  7.637E-009  4.369E+008  1.685E+008
 5.850E+013  7.821E-009  4.404E+008  1.693E+008
 5.870E+013  8.011E-009  4.440E+008  1.702E+008
 5.890E+013  8.206E-009  4.477E+008  1.711E+008
 5.910E+013  8.406E-009  4.516E+008  1.719E+008
 5.930E+013  8.613E-009  4.555E+008  1.728E+008
 5.950E+013  8.825E-009  4.596E+008  1.737E+008
 5.970E+013  9.044E-009  4.637E+008  1.746E+008
 5.990E+013  9.270E-009  4.681E+008  1.755E+008
 6.010E+013  9.502E-009  4.725E+008  1.764E+008
 6.030E+013  9.741E-009  4.771E+008  1.774E+008
 6.050E+013  9.988E-009  4.818E+008  1.783E+008
 6.070E+013  1.024E-008  4.867E+008  1.792E+008
 6.090E+013  1.051E-008  4.917E+008  1.802E+008
 6.110E+013  1.078E-008  4.969E+008  1.811E+008
 6.130E+013  1.106E-008  5.023E+008  1.821E+008
 6.150E+013  1.134E-008  5.078E+008  1.831E+008
 6.170E+013  1.164E-008  5.135E+008  1.841E+008
 6.190E+013  1.195E-008  5.194E+008  1.851E+008
 6.210E+013  1.227E-008  5.255E+008  1.861E+008
 6.230E+013  1.260E-008  5.318E+008  1.871E+008
 6.250E+013  1.294E-008  5.383E+008  1.881E+008
 6.270E+013  1.329E-008  5.450E+008  1.891E+008
 6.290E+013  1.365E-008  5.519E+008  1.901E+008
 6.310E+013  1.403E-008  5.591E+008  1.912E+008
 6.330E+013  1.442E-008  5.665E+008  1.922E+008
 6.350E+013  1.482E-008  5.742E+008  1.933E+008
 6.370E+013  1.524E-008  5.821E+008  1.943E+008
 6.390E+013  1.567E-008  5.902E+008  1.954E+008
 6.410E+013  1.612E-008  5.987E+008  1.965E+008
 6.430E+013  1.659E-008  6.074E+008  1.976E+008
 6.450E+013  1.707E-008  6.165E+008  1.987E+008
 6.470E+013  1.757E-008  6.259E+008  1.998E+008
 6.490E+013  1.809E-008  6.356E+008  2.009E+008
 6.510E+013  1.863E-008  6.456E+008  2.021E+008
 6.530E+013  1.919E-008  6.560E+008  2.032E+008
 6.550E+013  1.978E-008  6.667E+008  2.043E+008
 6.570E+013  2.038E-008  6.779E+008  2.055E+008
 6.590E+013  2.101E-008  6.895E+008  2.067E+008
 6.610E+013  2.167E-008  7.014E+008  2.078E+008
 6.630E+013  2.235E-008  7.138E+008  2.090E+008
 6.650E+013  2.306E-008  7.267E+008  2.102E+008
 6.670E+013  2.380E-008  7.401E+008  2.114E+008
 6.690E+013  2.457E-008  7.539E+008  2.126E+008
 6.710E+013  2.537E-008  7.683E+008  2.138E+008
 6.730E+013  2.621E-008  7.832E+008  2.151E+008
 6.750E+013  2.708E-008  7.987E+008  2.163E+008
 6.770E+013  2.799E-008  8.147E+008  2.175E+008
 6.790E+013  2.894E-008  8.315E+008  2.188E+008
 6.810E+013  2.993E-008  8.489E+008  2.201E+008
 6.830E+013  3.096E-008  8.668E+008  2.213E+008
 6.850E+013  3.204E-008  8.854E+008  2.226E+008
 6.870E+013  3.319E-008  9.055E+008  2.239E+008
 6.890E+013  3.437E-008  9.259E+008  2.253E+008
 6.910E+013  3.554E-008  9.440E+008  2.264E+008
 6.930E+013  3.690E-008  9.697E+008  2.275E+008
 6.950E+013  3.855E-008  1.008E+009  2.300E+008
 6.970E+013  3.907E-008  1.004E+009  2.317E+008
 6.990E+013  3.651E-008  8.533E+008  2.269E+008
 7.010E+013  2.575E-008  4.168E+008  2.005E+008
 7.030E+013  1.497E-008  7.559E+007  1.377E+008
 7.050E+013  1.089E-008  2.358E+006  5.373E+007
 7.070E+013  1.004E-008  9.387E+002  5.168E+006
 7.090E+013  1.000E-008  6.236E+001  2.169E+004
 7.110E+013  1.000E-008  6.236E+001  1.681E-001
 7.130E+013  1.000E-008  6.236E+001  4.421E-011
 7.150E+013  1.000E-008  6.236E+001  3.929E-031
 7.170E+013  1.000E-008  6.236E+001  7.906E-072
 7.190E+013  1.000E-008  6.236E+001  3.198E-013
 7.210E+013  1.000E-008  6.236E+001 -3.198E-013
 7.230E+013  1.000E-008  6.236E+001  0.000E+000
 7.250E+013  1.000E-008  6.236E+001  0.000E+000
 7.270E+013  1.000E-008  6.236E+001  6.395E-013
 7.290E+013  1.000E-008  6.236E+001 -1.686E-034
 7.310E+013  1.000E-008  6.236E+001 -6.395E-013
 7.330E+013  1.000E-008  6.236E+001 -3.837E-032
 7.350E+013  1.000E-008  6.236E+001 -3.198E-013
 7.370E+013  1.000E-008  6.236E+001  3.198E-013
 7.390E+013  1.000E-008  6.236E+001  3.833E-032
 7.410E+013  1.000E-008  6.236E+001  1.888E-070
 7.430E+013  1.000E-008  6.236E+001  2.138E-147
 7.450E+013  1.000E-008  6.236E+001  1.325E-301
 7.470E+013  1.000E-008  6.236E+001  0.000E+000
 7.490E+013  1.000E-008  6.236E+001  0.000E+000
 7.510E+013  1.000E-008  6.236E+001  0.000E+000
 7.530E+013  1.000E-008  6.236E+001  0.000E+000
 7.550E+013  1.000E-008  6.236E+001  0.000E+000
 7.570E+013  1.000E-008  6.236E+001  0.000E+000
 7.590E+013  1.000E-008  6.236E+001  0.000E+000
 7.610E+013  1.000E-008  6.236E+001  0.000E+000
 7.630E+013  1.000E-008  6.236E+001  0.000E+000
 7.650E+013  1.000E-008  6.236E+001  0.000E+000
 7.670E+013  1.000E-008  6.236E+001  6.395E-013
 7.690E+013  1.000E-008  6.236E+001 -6.395E-013
 7.710E+013  1.000E-008  6.236E+001  9.593E-013
 7.730E+013  1.000E-008  6.236E+001 -9.593E-013
 7.750E+013  1.000E-008  6.236E+001  9.084E-033
 7.770E+013  1.000E-008  6.236E+001  6.395E-013
 7.790E+013  1.000E-008  6.236E+001 -1.919E-012
 7.810E+013  1.000E-008  6.236E+001  1.919E-012
 7.830E+013  1.000E-008  6.236E+001 -6.395E-013
 7.850E+013  1.000E-008  6.236E+001 -1.334E-070
 7.870E+013  1.000E-008  6.236E+001 -3.222E-032
 7.890E+013  1.000E-008  6.236E+001 -3.198E-013
 7.910E+013  1.000E-008  6.236E+001 -1.599E-012
 7.930E+013  1.000E-008  6.236E+001  9.593E-013
 7.950E+013  1.000E-008  6.236E+001  9.593E-013
 7.970E+013  1.000E-008  6.236E+001 -1.279E-012
 7.990E+013  1.000E-008  6.236E+001  1.279E-012
 8.010E+013  1.000E-008  6.236E+001  6.132E-031
 8.030E+013  1.000E-008  6.236E+001  4.834E-068
 8.050E+013  1.000E-008  6.236E+001  1.401E-142
 8.070E+013  1.000E-008  6.236E+001 -6.138E-285
 8.090E+013  1.000E-008  6.236E+001 -4.601E-139
 8.110E+013  1.000E-008  6.236E+001 -2.770E-066
 8.130E+013  1.000E-008  6.236E+001 -4.642E-030
 8.150E+013  1.000E-008  6.236E+001 -3.517E-012
 8.170E+013  1.000E-008  6.236E+001  4.477E-012
 8.190E+013  1.000E-008  6.236E+001 -9.593E-013
 8.210E+013  1.000E-008  6.236E+001  0.000E+000
 8.230E+013  1.000E-008  6.236E+001  0.000E+000
 8.250E+013  1.000E-008  6.236E+001  0.000E+000
 8.270E+013  1.000E-008  6.236E+001  0.000E+000
 8.290E+013  1.000E-008  6.236E+001  1.279E-012
 8.310E+013  1.000E-008  6.236E+001 -1.279E-012
 8.330E+013  1.000E-008  6.236E+001 -3.726E-032
 8.350E+013  1.000E-008  6.236E+001  1.919E-012
 8.370E+013  1.000E-008  6.236E+001 -1.599E-012
 8.390E+013  1.000E-008  6.236E+001 -3.837E-032
 8.410E+013  1.000E-008  6.236E+001 -3.198E-013
 8.430E+013  1.000E-008  6.236E+001  3.198E-013
 8.450E+013  1.000E-008  6.236E+001 -3.635E-035
 8.470E+013  1.000E-008  6.236E+001 -3.198E-013
 8.490E+013  1.000E-008  6.236E+001 -1.809E-035
 8.510E+013  1.000E-008  6.236E+001  3.198E-013
 8.530E+013  1.000E-008  6.236E+001 -3.601E-035
 8.550E+013  1.000E-008  6.236E+001 -3.198E-013
 8.570E+013  1.000E-008  6.236E+001 -1.792E-035
 8.590E+013  1.000E-008  6.236E+001  3.198E-013
 8.610E+013  1.000E-008  6.236E+001 -3.198E-013
 8.630E+013  1.000E-008  6.236E+001  0.000E+000
 8.650E+013  1.000E-008  6.236E+001  0.000E+000
 8.670E+013  1.000E-008  6.236E+001  0.000E+000
 8.690E+013  1.000E-008  6.236E+001  0.000E+000
 8.710E+013  1.000E-008  6.236E+001  0.000E+000
 8.730E+013  1.000E-008  6.236E+001  0.000E+000
 8.750E+013  1.000E-008  6.236E+001  3.198E-013
 8.770E+013  1.000E-008  6.236E+001 -3.198E-013
 8.790E+013  1.000E-008  6.236E+001 -1.747E-035
 8.810E+013  1.000E-008  6.236E+001  3.198E-013
 8.830E+013  1.000E-008  6.236E+001 -3.198E-013
 8.850E+013  1.000E-008  6.236E+001  3.198E-013
 8.870E+013  1.000E-008  6.236E+001  3.198E-013
 8.890E+013  1.000E-008  6.236E+001 -6.395E-013
 8.910E+013  1.000E-008  6.236E+001  0.000E+000
 8.930E+013  1.000E-008  6.236E+001  0.000E+000
 8.950E+013  1.000E-008  6.236E+001  0.000E+000
 8.970E+013  1.000E-008  6.236E+001  0.000E+000
 8.990E+013  1.000E-008  6.236E+001  0.000E+000
 9.010E+013  1.000E-008  6.236E+001  3.198E-013
 9.030E+013  1.000E-008  6.236E+001 -3.401E-035
 9.050E+013  1.000E-008  6.236E+001 -3.198E-013
 9.070E+013  1.000E-008  6.236E+001  3.198E-013
 9.090E+013  1.000E-008  6.236E+001 -3.379E-035
 9.110E+013  1.000E-008  6.236E+001 -3.198E-013
 9.130E+013  1.000E-008  6.236E+001  0.000E+000
 9.150E+013  1.000E-008  6.236E+001  0.000E+000
 9.170E+013  1.000E-008  6.236E+001  0.000E+000
 9.190E+013  1.000E-008  6.236E+001  0.000E+000
 9.210E+013  1.000E-008  6.236E+001  0.000E+000
 9.230E+013  1.000E-008  6.236E+001  3.198E-013
 9.250E+013  1.000E-008  6.236E+001 -3.320E-035
 9.270E+013  1.000E-008  6.236E+001 -3.198E-013
 9.290E+013  1.000E-008  6.236E+001  0.000E+000
 9.310E+013  1.000E-008  6.236E+001  0.000E+000
 9.330E+013  1.000E-008  6.236E+001  0.000E+000
 9.350E+013  1.000E-008  6.236E+001  0.000E+000
 9.370E+013  1.000E-008  6.236E+001  3.198E-013
 9.390E+013  1.000E-008  6.236E+001 -3.198E-013
 9.410E+013  1.000E-008  6.236E+001  3.198E-013
 9.430E+013  1.000E-008  6.236E+001 -3.198E-013
 9.450E+013  1.000E-008  6.236E+001  0.000E+000
 9.470E+013  1.000E-008  6.236E+001  0.000E+000
 9.490E+013  1.000E-008  6.236E+001  0.000E+000
 9.510E+013  1.000E-008  6.236E+001  0.000E+000
 9.530E+013  1.000E-008  6.236E+001  3.198E-013
 9.550E+013  1.000E-008  6.236E+001 -3.198E-013
 9.570E+013  1.000E-008  6.236E+001 -1.892E-070
 9.590E+013  1.000E-008  6.236E+001 -3.836E-032
 9.610E+013  1.000E-008  6.236E+001 -3.198E-013
 9.630E+013  1.000E-008  6.236E+001  3.198E-013
 9.650E+013  1.000E-008  6.236E+001  3.833E-032
 9.670E+013  1.000E-008  6.236E+001  3.198E-013
 9.690E+013  1.000E-008  6.236E+001 -3.198E-013
 9.710E+013  1.000E-008  6.236E+001  0.000E+000
 9.730E+013  1.000E-008  6.236E+001  0.000E+000
 9.750E+013  1.000E-008  6.236E+001  0.000E+000
 9.770E+013  1.000E-008  6.236E+001  0.000E+000
 9.790E+013  1.000E-008  6.236E+001  0.000E+000
 9.810E+013  1.000E-008  6.236E+001  0.000E+000
 9.830E+013  1.000E-008  6.236E+001  0.000E+000
 9.850E+013  1.000E-008  6.236E+001  0.000E+000
 9.870E+013  1.000E-008  6.236E+001  0.000E+000
 9.890E+013  1.000E-008  6.236E+001  0.000E+000
 9.910E+013  1.000E-008  6.236E+001  0.000E+000
 9.930E+013  1.000E-008  6.236E+001  0.000E+000
 9.950E+013  1.000E-008  6.236E+001  3.198E-013
 9.970E+013  1.000E-008  6.236E+001 -3.198E-013
 9.990E+013  1.000E-008  6.236E+001  0.000E+000
 1.001E+014  1.000E-099  1.000E-099  0.000E+000
 1.003E+014  1.000E-099  1.000E-099  0.000E+000
 2.854E-003
