 2.400E+004
     x1b        dens       energ       v1
 1.000E+011  6.137E-012  1.563E+009  0.000E+000
 3.000E+011  6.144E-012  1.563E+009  2.395E+006
 5.000E+011  6.170E-012  1.563E+009  3.866E+006
 7.000E+011  6.221E-012  1.563E+009  6.098E+006
 9.000E+011  6.299E-012  1.563E+009  8.001E+006
 1.100E+012  6.403E-012  1.563E+009  1.006E+007
 1.300E+012  6.526E-012  1.563E+009  1.205E+007
 1.500E+012  6.663E-012  1.563E+009  1.407E+007
 1.700E+012  6.807E-012  1.563E+009  1.607E+007
 1.900E+012  6.955E-012  1.563E+009  1.808E+007
 2.100E+012  7.102E-012  1.563E+009  2.009E+007
 2.300E+012  7.244E-012  1.563E+009  2.210E+007
 2.500E+012  7.373E-012  1.563E+009  2.411E+007
 2.700E+012  7.471E-012  1.563E+009  2.612E+007
 2.900E+012  7.524E-012  1.563E+009  2.813E+007
 3.100E+012  7.539E-012  1.563E+009  3.013E+007
 3.300E+012  7.540E-012  1.563E+009  3.214E+007
 3.500E+012  7.539E-012  1.563E+009  3.415E+007
 3.700E+012  7.538E-012  1.563E+009  3.616E+007
 3.900E+012  7.535E-012  1.563E+009  3.817E+007
 4.100E+012  7.530E-012  1.563E+009  4.018E+007
 4.300E+012  7.521E-012  1.563E+009  4.219E+007
 4.500E+012  7.511E-012  1.563E+009  4.420E+007
 4.700E+012  7.501E-012  1.563E+009  4.621E+007
 4.900E+012  7.498E-012  1.563E+009  4.822E+007
 5.100E+012  7.498E-012  1.563E+009  5.022E+007
 5.300E+012  7.499E-012  1.563E+009  5.223E+007
 5.500E+012  7.500E-012  1.563E+009  5.424E+007
 5.700E+012  7.505E-012  1.563E+009  5.625E+007
 5.900E+012  7.514E-012  1.563E+009  5.826E+007
 6.100E+012  7.528E-012  1.563E+009  6.027E+007
 6.300E+012  7.551E-012  1.563E+009  6.228E+007
 6.500E+012  7.583E-012  1.563E+009  6.429E+007
 6.700E+012  7.627E-012  1.563E+009  6.630E+007
 6.900E+012  7.685E-012  1.563E+009  6.831E+007
 7.100E+012  7.761E-012  1.563E+009  7.032E+007
 7.300E+012  7.857E-012  1.563E+009  7.233E+007
 7.500E+012  7.975E-012  1.563E+009  7.434E+007
 7.700E+012  8.121E-012  1.563E+009  7.635E+007
 7.900E+012  8.297E-012  1.563E+009  7.836E+007
 8.100E+012  8.509E-012  1.563E+009  8.037E+007
 8.300E+012  8.760E-012  1.563E+009  8.238E+007
 8.500E+012  9.057E-012  1.563E+009  8.439E+007
 8.700E+012  9.407E-012  1.563E+009  8.640E+007
 8.900E+012  9.817E-012  1.563E+009  8.842E+007
 9.100E+012  1.030E-011  1.563E+009  9.043E+007
 9.300E+012  1.085E-011  1.563E+009  9.245E+007
 9.500E+012  1.150E-011  1.563E+009  9.447E+007
 9.700E+012  1.226E-011  1.563E+009  9.649E+007
 9.900E+012  1.313E-011  1.563E+009  9.851E+007
 1.010E+013  1.414E-011  1.563E+009  1.005E+008
 1.030E+013  1.530E-011  1.563E+009  1.026E+008
 1.050E+013  1.665E-011  1.563E+009  1.046E+008
 1.070E+013  1.819E-011  1.563E+009  1.066E+008
 1.090E+013  1.996E-011  1.563E+009  1.086E+008
 1.110E+013  2.198E-011  1.563E+009  1.106E+008
 1.130E+013  2.427E-011  1.563E+009  1.127E+008
 1.150E+013  2.687E-011  1.563E+009  1.147E+008
 1.170E+013  2.979E-011  1.563E+009  1.167E+008
 1.190E+013  3.304E-011  1.563E+009  1.187E+008
 1.210E+013  3.664E-011  1.563E+009  1.207E+008
 1.230E+013  4.059E-011  1.564E+009  1.228E+008
 1.250E+013  4.489E-011  1.564E+009  1.248E+008
 1.270E+013  4.952E-011  1.564E+009  1.268E+008
 1.290E+013  5.445E-011  1.564E+009  1.288E+008
 1.310E+013  5.966E-011  1.564E+009  1.308E+008
 1.330E+013  6.512E-011  1.564E+009  1.328E+008
 1.350E+013  7.079E-011  1.564E+009  1.348E+008
 1.370E+013  7.664E-011  1.564E+009  1.368E+008
 1.390E+013  8.264E-011  1.564E+009  1.388E+008
 1.410E+013  8.878E-011  1.564E+009  1.408E+008
 1.430E+013  9.504E-011  1.564E+009  1.428E+008
 1.450E+013  1.014E-010  1.564E+009  1.448E+008
 1.470E+013  1.079E-010  1.565E+009  1.468E+008
 1.490E+013  1.145E-010  1.565E+009  1.488E+008
 1.510E+013  1.213E-010  1.565E+009  1.508E+008
 1.530E+013  1.282E-010  1.565E+009  1.528E+008
 1.550E+013  1.353E-010  1.565E+009  1.548E+008
 1.570E+013  1.426E-010  1.566E+009  1.568E+008
 1.590E+013  1.502E-010  1.566E+009  1.588E+008
 1.610E+013  1.580E-010  1.566E+009  1.609E+008
 1.630E+013  1.662E-010  1.566E+009  1.629E+008
 1.650E+013  1.748E-010  1.566E+009  1.649E+008
 1.670E+013  1.837E-010  1.567E+009  1.669E+008
 1.690E+013  1.931E-010  1.567E+009  1.689E+008
 1.710E+013  2.030E-010  1.567E+009  1.709E+008
 1.730E+013  2.134E-010  1.568E+009  1.730E+008
 1.750E+013  2.244E-010  1.568E+009  1.750E+008
 1.770E+013  2.359E-010  1.568E+009  1.770E+008
 1.790E+013  2.481E-010  1.569E+009  1.790E+008
 1.810E+013  2.609E-010  1.569E+009  1.811E+008
 1.830E+013  2.744E-010  1.570E+009  1.831E+008
 1.850E+013  2.886E-010  1.570E+009  1.851E+008
 1.870E+013  3.035E-010  1.571E+009  1.871E+008
 1.890E+013  3.192E-010  1.571E+009  1.892E+008
 1.910E+013  3.355E-010  1.572E+009  1.912E+008
 1.930E+013  3.525E-010  1.573E+009  1.932E+008
 1.950E+013  3.702E-010  1.573E+009  1.953E+008
 1.970E+013  3.886E-010  1.574E+009  1.973E+008
 1.990E+013  4.077E-010  1.575E+009  1.993E+008
 2.010E+013  4.274E-010  1.575E+009  2.014E+008
 2.030E+013  4.478E-010  1.576E+009  2.034E+008
 2.050E+013  4.689E-010  1.577E+009  2.054E+008
 2.070E+013  4.906E-010  1.578E+009  2.075E+008
 2.090E+013  5.130E-010  1.579E+009  2.095E+008
 2.110E+013  5.360E-010  1.580E+009  2.116E+008
 2.130E+013  5.598E-010  1.581E+009  2.136E+008
 2.150E+013  5.844E-010  1.582E+009  2.157E+008
 2.170E+013  6.098E-010  1.584E+009  2.178E+008
 2.190E+013  6.360E-010  1.585E+009  2.198E+008
 2.210E+013  6.631E-010  1.586E+009  2.219E+008
 2.230E+013  6.913E-010  1.588E+009  2.239E+008
 2.250E+013  7.204E-010  1.589E+009  2.260E+008
 2.270E+013  7.507E-010  1.591E+009  2.281E+008
 2.290E+013  7.822E-010  1.593E+009  2.302E+008
 2.310E+013  8.150E-010  1.594E+009  2.323E+008
 2.330E+013  8.491E-010  1.596E+009  2.343E+008
 2.350E+013  8.846E-010  1.598E+009  2.364E+008
 2.370E+013  9.216E-010  1.600E+009  2.385E+008
 2.390E+013  9.600E-010  1.602E+009  2.406E+008
 2.410E+013  1.000E-009  1.605E+009  2.427E+008
 2.430E+013  1.042E-009  1.607E+009  2.449E+008
 2.450E+013  1.085E-009  1.609E+009  2.470E+008
 2.470E+013  1.130E-009  1.612E+009  2.491E+008
 2.490E+013  1.176E-009  1.615E+009  2.512E+008
 2.510E+013  1.225E-009  1.618E+009  2.534E+008
 2.530E+013  1.275E-009  1.621E+009  2.555E+008
 2.550E+013  1.327E-009  1.624E+009  2.577E+008
 2.570E+013  1.381E-009  1.627E+009  2.598E+008
 2.590E+013  1.437E-009  1.631E+009  2.620E+008
 2.610E+013  1.494E-009  1.634E+009  2.642E+008
 2.630E+013  1.554E-009  1.638E+009  2.664E+008
 2.650E+013  1.615E-009  1.642E+009  2.686E+008
 2.670E+013  1.679E-009  1.647E+009  2.708E+008
 2.690E+013  1.745E-009  1.651E+009  2.730E+008
 2.710E+013  1.814E-009  1.656E+009  2.752E+008
 2.730E+013  1.884E-009  1.661E+009  2.775E+008
 2.750E+013  1.957E-009  1.666E+009  2.797E+008
 2.770E+013  2.033E-009  1.671E+009  2.820E+008
 2.790E+013  2.111E-009  1.677E+009  2.842E+008
 2.810E+013  2.192E-009  1.683E+009  2.865E+008
 2.830E+013  2.276E-009  1.689E+009  2.888E+008
 2.850E+013  2.363E-009  1.695E+009  2.912E+008
 2.870E+013  2.453E-009  1.702E+009  2.935E+008
 2.890E+013  2.546E-009  1.709E+009  2.958E+008
 2.910E+013  2.642E-009  1.717E+009  2.982E+008
 2.930E+013  2.741E-009  1.725E+009  3.006E+008
 2.950E+013  2.844E-009  1.733E+009  3.030E+008
 2.970E+013  2.951E-009  1.741E+009  3.054E+008
 2.990E+013  3.061E-009  1.750E+009  3.078E+008
 3.010E+013  3.176E-009  1.760E+009  3.103E+008
 3.030E+013  3.294E-009  1.769E+009  3.128E+008
 3.050E+013  3.417E-009  1.780E+009  3.153E+008
 3.070E+013  3.544E-009  1.790E+009  3.178E+008
 3.090E+013  3.676E-009  1.802E+009  3.203E+008
 3.110E+013  3.813E-009  1.814E+009  3.229E+008
 3.130E+013  3.956E-009  1.826E+009  3.255E+008
 3.150E+013  4.104E-009  1.839E+009  3.281E+008
 3.170E+013  4.258E-009  1.852E+009  3.308E+008
 3.190E+013  4.418E-009  1.867E+009  3.335E+008
 3.210E+013  4.585E-009  1.881E+009  3.362E+008
 3.230E+013  4.759E-009  1.897E+009  3.389E+008
 3.250E+013  4.940E-009  1.913E+009  3.417E+008
 3.270E+013  5.129E-009  1.930E+009  3.445E+008
 3.290E+013  5.326E-009  1.948E+009  3.473E+008
 3.310E+013  5.532E-009  1.967E+009  3.501E+008
 3.330E+013  5.747E-009  1.987E+009  3.530E+008
 3.350E+013  5.971E-009  2.008E+009  3.560E+008
 3.370E+013  6.206E-009  2.029E+009  3.589E+008
 3.390E+013  6.452E-009  2.052E+009  3.620E+008
 3.410E+013  6.709E-009  2.076E+009  3.650E+008
 3.430E+013  6.978E-009  2.101E+009  3.681E+008
 3.450E+013  7.259E-009  2.128E+009  3.712E+008
 3.470E+013  7.554E-009  2.155E+009  3.744E+008
 3.490E+013  7.864E-009  2.185E+009  3.776E+008
 3.510E+013  8.188E-009  2.215E+009  3.809E+008
 3.530E+013  8.528E-009  2.248E+009  3.842E+008
 3.550E+013  8.886E-009  2.282E+009  3.875E+008
 3.570E+013  9.262E-009  2.317E+009  3.909E+008
 3.590E+013  9.657E-009  2.355E+009  3.944E+008
 3.610E+013  1.007E-008  2.395E+009  3.979E+008
 3.630E+013  1.051E-008  2.436E+009  4.014E+008
 3.650E+013  1.097E-008  2.480E+009  4.050E+008
 3.670E+013  1.146E-008  2.527E+009  4.087E+008
 3.690E+013  1.197E-008  2.576E+009  4.124E+008
 3.710E+013  1.251E-008  2.628E+009  4.162E+008
 3.730E+013  1.308E-008  2.682E+009  4.200E+008
 3.750E+013  1.369E-008  2.740E+009  4.239E+008
 3.770E+013  1.433E-008  2.801E+009  4.278E+008
 3.790E+013  1.501E-008  2.866E+009  4.318E+008
 3.810E+013  1.574E-008  2.934E+009  4.358E+008
 3.830E+013  1.650E-008  3.006E+009  4.399E+008
 3.850E+013  1.732E-008  3.082E+009  4.441E+008
 3.870E+013  1.819E-008  3.163E+009  4.483E+008
 3.890E+013  1.912E-008  3.249E+009  4.526E+008
 3.910E+013  2.010E-008  3.340E+009  4.569E+008
 3.930E+013  2.116E-008  3.437E+009  4.613E+008
 3.950E+013  2.228E-008  3.540E+009  4.657E+008
 3.970E+013  2.349E-008  3.649E+009  4.702E+008
 3.990E+013  2.478E-008  3.765E+009  4.748E+008
 4.010E+013  2.616E-008  3.887E+009  4.793E+008
 4.030E+013  2.765E-008  4.019E+009  4.839E+008
 4.050E+013  2.927E-008  4.165E+009  4.889E+008
 4.070E+013  3.094E-008  4.304E+009  4.937E+008
 4.090E+013  3.270E-008  4.447E+009  4.973E+008
 4.110E+013  3.504E-008  4.706E+009  5.030E+008
 4.130E+013  3.710E-008  4.920E+009  5.137E+008
 4.150E+013  3.678E-008  4.589E+009  5.123E+008
 4.170E+013  3.007E-008  2.935E+009  4.768E+008
 4.190E+013  1.801E-008  7.979E+008  3.670E+008
 4.210E+013  1.181E-008  5.628E+007  1.860E+008
 4.230E+013  1.016E-008  1.572E+005  3.432E+007
 4.250E+013  1.000E-008  6.263E+001  5.651E+005
 4.270E+013  1.000E-008  6.236E+001  6.451E+001
 4.290E+013  1.000E-008  6.236E+001  3.524E-007
 4.310E+013  1.000E-008  6.236E+001  3.797E-024
 4.330E+013  1.000E-008  6.236E+001  1.071E-058
 4.350E+013  1.000E-008  6.236E+001  8.183E-129
 4.370E+013  1.000E-008  6.236E+001  5.203E-271
 4.390E+013  1.000E-008  6.236E+001  0.000E+000
 4.410E+013  1.000E-008  6.236E+001  0.000E+000
 4.430E+013  1.000E-008  6.236E+001  0.000E+000
 4.450E+013  1.000E-008  6.236E+001  0.000E+000
 4.470E+013  1.000E-008  6.236E+001  8.527E-014
 4.490E+013  1.000E-008  6.236E+001 -1.299E-036
 4.510E+013  1.000E-008  6.236E+001 -8.527E-014
 4.530E+013  1.000E-008  6.236E+001  0.000E+000
 4.550E+013  1.000E-008  6.236E+001 -5.263E-156
 4.570E+013  1.000E-008  6.236E+001 -1.815E-074
 4.590E+013  1.000E-008  6.236E+001 -7.279E-034
 4.610E+013  1.000E-008  6.236E+001 -8.527E-014
 4.630E+013  1.000E-008  6.236E+001  8.527E-014
 4.650E+013  1.000E-008  6.236E+001  8.527E-014
 4.670E+013  1.000E-008  6.236E+001 -8.527E-014
 4.690E+013  1.000E-008  6.236E+001  8.527E-014
 4.710E+013  1.000E-008  6.236E+001 -8.527E-014
 4.730E+013  1.000E-008  6.236E+001  0.000E+000
 4.750E+013  1.000E-008  6.236E+001  0.000E+000
 4.770E+013  1.000E-008  6.236E+001  0.000E+000
 4.790E+013  1.000E-008  6.236E+001  8.527E-014
 4.810E+013  1.000E-008  6.236E+001 -8.527E-014
 4.830E+013  1.000E-008  6.236E+001 -6.035E-037
 4.850E+013  1.000E-008  6.236E+001  8.527E-014
 4.870E+013  1.000E-008  6.236E+001 -8.527E-014
 4.890E+013  1.000E-008  6.236E+001  0.000E+000
 4.910E+013  1.000E-008  6.236E+001  0.000E+000
 4.930E+013  1.000E-008  6.236E+001  0.000E+000
 4.950E+013  1.000E-008  6.236E+001  0.000E+000
 4.970E+013  1.000E-008  6.236E+001  0.000E+000
 4.990E+013  1.000E-008  6.236E+001  1.705E-013
 5.010E+013  1.000E-008  6.236E+001 -2.558E-013
 5.030E+013  1.000E-008  6.236E+001  8.527E-014
 5.050E+013  1.000E-008  6.236E+001  7.267E-034
 5.070E+013  1.000E-008  6.236E+001  1.809E-074
 5.090E+013  1.000E-008  6.236E+001  5.228E-156
 5.110E+013  1.000E-008  6.236E+001  8.527E-014
 5.130E+013  1.000E-008  6.236E+001 -8.527E-014
 5.150E+013  1.000E-008  6.236E+001  0.000E+000
 5.170E+013  1.000E-008  6.236E+001  0.000E+000
 5.190E+013  1.000E-008  6.236E+001  0.000E+000
 5.210E+013  1.000E-008  6.236E+001 -5.260E-156
 5.230E+013  1.000E-008  6.236E+001 -1.815E-074
 5.250E+013  1.000E-008  6.236E+001 -7.278E-034
 5.270E+013  1.000E-008  6.236E+001 -8.527E-014
 5.290E+013  1.000E-008  6.236E+001  8.527E-014
 5.310E+013  1.000E-008  6.236E+001  7.267E-034
 5.330E+013  1.000E-008  6.236E+001  1.809E-074
 5.350E+013  1.000E-008  6.236E+001  1.705E-013
 5.370E+013  1.000E-008  6.236E+001 -1.705E-013
 5.390E+013  1.000E-008  6.236E+001  9.589E-035
 5.410E+013  1.000E-008  6.236E+001  8.527E-014
 5.430E+013  1.000E-008  6.236E+001  8.527E-014
 5.450E+013  1.000E-008  6.236E+001  8.527E-014
 5.470E+013  1.000E-008  6.236E+001 -2.558E-013
 5.490E+013  1.000E-008  6.236E+001 -7.278E-034
 5.510E+013  1.000E-008  6.236E+001 -8.527E-014
 5.530E+013  1.000E-008  6.236E+001  1.705E-013
 5.550E+013  1.000E-008  6.236E+001 -3.411E-013
 5.570E+013  1.000E-008  6.236E+001  1.705E-013
 5.590E+013  1.000E-008  6.236E+001  8.527E-014
 5.610E+013  1.000E-008  6.236E+001 -8.527E-014
 5.630E+013  1.000E-008  6.236E+001  8.527E-014
 5.650E+013  1.000E-008  6.236E+001 -5.116E-013
 5.670E+013  1.000E-008  6.236E+001  5.116E-013
 5.690E+013  1.000E-008  6.236E+001  5.116E-013
 5.710E+013  1.000E-008  6.236E+001 -5.116E-013
 5.730E+013  1.000E-008  6.236E+001  5.969E-013
 5.750E+013  1.000E-008  6.236E+001 -1.279E-012
 5.770E+013  1.000E-008  6.236E+001 -8.526E-014
 5.790E+013  1.000E-008  6.236E+001  7.674E-013
 5.810E+013  1.000E-008  6.236E+001  4.091E-012
 5.830E+013  1.000E-008  6.236E+001 -4.091E-012
 5.850E+013  1.000E-008  6.236E+001  0.000E+000
 5.870E+013  1.000E-008  6.236E+001  0.000E+000
 5.890E+013  1.000E-008  6.236E+001  0.000E+000
 5.910E+013  1.000E-008  6.236E+001  0.000E+000
 5.930E+013  1.000E-008  6.236E+001  0.000E+000
 5.950E+013  1.000E-008  6.236E+001  0.000E+000
 5.970E+013  1.000E-008  6.236E+001  0.000E+000
 5.990E+013  1.000E-008  6.236E+001  0.000E+000
 6.010E+013  1.000E-008  6.236E+001  0.000E+000
 6.030E+013  1.000E-008  6.236E+001  8.527E-014
 6.050E+013  1.000E-008  6.236E+001 -8.527E-014
 6.070E+013  1.000E-008  6.236E+001  8.527E-014
 6.090E+013  1.000E-008  6.236E+001 -8.527E-014
 6.110E+013  1.000E-008  6.236E+001  0.000E+000
 6.130E+013  1.000E-008  6.236E+001  0.000E+000
 6.150E+013  1.000E-008  6.236E+001  0.000E+000
 6.170E+013  1.000E-008  6.236E+001  8.527E-014
 6.190E+013  1.000E-008  6.236E+001 -8.527E-014
 6.210E+013  1.000E-008  6.236E+001  0.000E+000
 6.230E+013  1.000E-008  6.236E+001  0.000E+000
 6.250E+013  1.000E-008  6.236E+001  0.000E+000
 6.270E+013  1.000E-008  6.236E+001  0.000E+000
 6.290E+013  1.000E-008  6.236E+001  0.000E+000
 6.310E+013  1.000E-008  6.236E+001  0.000E+000
 6.330E+013  1.000E-008  6.236E+001  0.000E+000
 6.350E+013  1.000E-008  6.236E+001  8.527E-014
 6.370E+013  1.000E-008  6.236E+001 -8.527E-014
 6.390E+013  1.000E-008  6.236E+001  0.000E+000
 6.410E+013  1.000E-008  6.236E+001  0.000E+000
 6.430E+013  1.000E-008  6.236E+001  0.000E+000
 6.450E+013  1.000E-008  6.236E+001  0.000E+000
 6.470E+013  1.000E-008  6.236E+001  8.527E-014
 6.490E+013  1.000E-008  6.236E+001 -8.527E-014
 6.510E+013  1.000E-008  6.236E+001  0.000E+000
 6.530E+013  1.000E-008  6.236E+001  0.000E+000
 6.550E+013  1.000E-008  6.236E+001  0.000E+000
 6.570E+013  1.000E-008  6.236E+001  0.000E+000
 6.590E+013  1.000E-008  6.236E+001  8.527E-014
 6.610E+013  1.000E-008  6.236E+001 -8.527E-014
 6.630E+013  1.000E-008  6.236E+001  0.000E+000
 6.650E+013  1.000E-008  6.236E+001  0.000E+000
 6.670E+013  1.000E-008  6.236E+001  0.000E+000
 6.690E+013  1.000E-008  6.236E+001  8.527E-014
 6.710E+013  1.000E-008  6.236E+001 -8.527E-014
 6.730E+013  1.000E-008  6.236E+001  0.000E+000
 6.750E+013  1.000E-008  6.236E+001  0.000E+000
 6.770E+013  1.000E-008  6.236E+001  8.527E-014
 6.790E+013  1.000E-008  6.236E+001 -8.527E-014
 6.810E+013  1.000E-008  6.236E+001  8.527E-014
 6.830E+013  1.000E-008  6.236E+001 -8.531E-037
 6.850E+013  1.000E-008  6.236E+001 -8.527E-014
 6.870E+013  1.000E-008  6.236E+001  0.000E+000
 6.890E+013  1.000E-008  6.236E+001  0.000E+000
 6.910E+013  1.000E-008  6.236E+001  0.000E+000
 6.930E+013  1.000E-008  6.236E+001  8.527E-014
 6.950E+013  1.000E-008  6.236E+001 -8.527E-014
 6.970E+013  1.000E-008  6.236E+001  0.000E+000
 6.990E+013  1.000E-008  6.236E+001  0.000E+000
 7.010E+013  1.000E-008  6.236E+001  0.000E+000
 7.030E+013  1.000E-008  6.236E+001  0.000E+000
 7.050E+013  1.000E-008  6.236E+001  0.000E+000
 7.070E+013  1.000E-008  6.236E+001  0.000E+000
 7.090E+013  1.000E-008  6.236E+001  0.000E+000
 7.110E+013  1.000E-008  6.236E+001  0.000E+000
 7.130E+013  1.000E-008  6.236E+001  0.000E+000
 7.150E+013  1.000E-008  6.236E+001  0.000E+000
 7.170E+013  1.000E-008  6.236E+001  0.000E+000
 7.190E+013  1.000E-008  6.236E+001  8.527E-014
 7.210E+013  1.000E-008  6.236E+001 -8.527E-014
 7.230E+013  1.000E-008  6.236E+001  0.000E+000
 7.250E+013  1.000E-008  6.236E+001  0.000E+000
 7.270E+013  1.000E-008  6.236E+001  1.705E-013
 7.290E+013  1.000E-008  6.236E+001 -3.197E-036
 7.310E+013  1.000E-008  6.236E+001 -1.705E-013
 7.330E+013  1.000E-008  6.236E+001 -7.277E-034
 7.350E+013  1.000E-008  6.236E+001 -8.527E-014
 7.370E+013  1.000E-008  6.236E+001  8.527E-014
 7.390E+013  1.000E-008  6.236E+001  7.269E-034
 7.410E+013  1.000E-008  6.236E+001  1.810E-074
 7.430E+013  1.000E-008  6.236E+001  5.233E-156
 7.450E+013  1.000E-008  6.236E+001  0.000E+000
 7.470E+013  1.000E-008  6.236E+001  0.000E+000
 7.490E+013  1.000E-008  6.236E+001  0.000E+000
 7.510E+013  1.000E-008  6.236E+001  0.000E+000
 7.530E+013  1.000E-008  6.236E+001  0.000E+000
 7.550E+013  1.000E-008  6.236E+001  0.000E+000
 7.570E+013  1.000E-008  6.236E+001  0.000E+000
 7.590E+013  1.000E-008  6.236E+001  0.000E+000
 7.610E+013  1.000E-008  6.236E+001  0.000E+000
 7.630E+013  1.000E-008  6.236E+001  0.000E+000
 7.650E+013  1.000E-008  6.236E+001  0.000E+000
 7.670E+013  1.000E-008  6.236E+001  1.705E-013
 7.690E+013  1.000E-008  6.236E+001 -1.705E-013
 7.710E+013  1.000E-008  6.236E+001  2.558E-013
 7.730E+013  1.000E-008  6.236E+001 -2.558E-013
 7.750E+013  1.000E-008  6.236E+001  1.723E-034
 7.770E+013  1.000E-008  6.236E+001  1.705E-013
 7.790E+013  1.000E-008  6.236E+001 -5.116E-013
 7.810E+013  1.000E-008  6.236E+001  5.116E-013
 7.830E+013  1.000E-008  6.236E+001 -1.705E-013
 7.850E+013  1.000E-008  6.236E+001 -1.279E-074
 7.870E+013  1.000E-008  6.236E+001 -6.110E-034
 7.890E+013  1.000E-008  6.236E+001 -8.527E-014
 7.910E+013  1.000E-008  6.236E+001 -4.263E-013
 7.930E+013  1.000E-008  6.236E+001  2.558E-013
 7.950E+013  1.000E-008  6.236E+001  2.558E-013
 7.970E+013  1.000E-008  6.236E+001 -3.411E-013
 7.990E+013  1.000E-008  6.236E+001  3.411E-013
 8.010E+013  1.000E-008  6.236E+001  1.163E-032
 8.030E+013  1.000E-008  6.236E+001  4.634E-072
 8.050E+013  1.000E-008  6.236E+001  3.430E-151
 8.070E+013  1.000E-008  6.236E+001 -9.781E-303
 8.090E+013  1.000E-008  6.236E+001 -1.126E-147
 8.110E+013  1.000E-008  6.236E+001 -2.655E-070
 8.130E+013  1.000E-008  6.236E+001 -8.804E-032
 8.150E+013  1.000E-008  6.236E+001 -9.379E-013
 8.170E+013  1.000E-008  6.236E+001  1.194E-012
 8.190E+013  1.000E-008  6.236E+001 -2.558E-013
 8.210E+013  1.000E-008  6.236E+001  0.000E+000
 8.230E+013  1.000E-008  6.236E+001  0.000E+000
 8.250E+013  1.000E-008  6.236E+001  0.000E+000
 8.270E+013  1.000E-008  6.236E+001  0.000E+000
 8.290E+013  1.000E-008  6.236E+001  3.411E-013
 8.310E+013  1.000E-008  6.236E+001 -3.411E-013
 8.330E+013  1.000E-008  6.236E+001 -7.066E-034
 8.350E+013  1.000E-008  6.236E+001  5.116E-013
 8.370E+013  1.000E-008  6.236E+001 -4.263E-013
 8.390E+013  1.000E-008  6.236E+001 -7.276E-034
 8.410E+013  1.000E-008  6.236E+001 -8.527E-014
 8.430E+013  1.000E-008  6.236E+001  8.527E-014
 8.450E+013  1.000E-008  6.236E+001 -6.894E-037
 8.470E+013  1.000E-008  6.236E+001 -8.527E-014
 8.490E+013  1.000E-008  6.236E+001 -3.431E-037
 8.510E+013  1.000E-008  6.236E+001  8.527E-014
 8.530E+013  1.000E-008  6.236E+001 -6.829E-037
 8.550E+013  1.000E-008  6.236E+001 -8.527E-014
 8.570E+013  1.000E-008  6.236E+001 -3.398E-037
 8.590E+013  1.000E-008  6.236E+001  8.527E-014
 8.610E+013  1.000E-008  6.236E+001 -8.527E-014
 8.630E+013  1.000E-008  6.236E+001  0.000E+000
 8.650E+013  1.000E-008  6.236E+001  0.000E+000
 8.670E+013  1.000E-008  6.236E+001  0.000E+000
 8.690E+013  1.000E-008  6.236E+001  0.000E+000
 8.710E+013  1.000E-008  6.236E+001  0.000E+000
 8.730E+013  1.000E-008  6.236E+001  0.000E+000
 8.750E+013  1.000E-008  6.236E+001  8.527E-014
 8.770E+013  1.000E-008  6.236E+001 -8.527E-014
 8.790E+013  1.000E-008  6.236E+001 -3.313E-037
 8.810E+013  1.000E-008  6.236E+001  8.527E-014
 8.830E+013  1.000E-008  6.236E+001 -8.527E-014
 8.850E+013  1.000E-008  6.236E+001  8.527E-014
 8.870E+013  1.000E-008  6.236E+001  8.527E-014
 8.890E+013  1.000E-008  6.236E+001 -1.705E-013
 8.910E+013  1.000E-008  6.236E+001  0.000E+000
 8.930E+013  1.000E-008  6.236E+001  0.000E+000
 8.950E+013  1.000E-008  6.236E+001  0.000E+000
 8.970E+013  1.000E-008  6.236E+001  0.000E+000
 8.990E+013  1.000E-008  6.236E+001  0.000E+000
 9.010E+013  1.000E-008  6.236E+001  8.527E-014
 9.030E+013  1.000E-008  6.236E+001 -6.450E-037
 9.050E+013  1.000E-008  6.236E+001 -8.527E-014
 9.070E+013  1.000E-008  6.236E+001  8.527E-014
 9.090E+013  1.000E-008  6.236E+001 -6.408E-037
 9.110E+013  1.000E-008  6.236E+001 -8.527E-014
 9.130E+013  1.000E-008  6.236E+001  0.000E+000
 9.150E+013  1.000E-008  6.236E+001  0.000E+000
 9.170E+013  1.000E-008  6.236E+001  0.000E+000
 9.190E+013  1.000E-008  6.236E+001  0.000E+000
 9.210E+013  1.000E-008  6.236E+001  0.000E+000
 9.230E+013  1.000E-008  6.236E+001  8.527E-014
 9.250E+013  1.000E-008  6.236E+001 -6.297E-037
 9.270E+013  1.000E-008  6.236E+001 -8.527E-014
 9.290E+013  1.000E-008  6.236E+001  0.000E+000
 9.310E+013  1.000E-008  6.236E+001  0.000E+000
 9.330E+013  1.000E-008  6.236E+001  0.000E+000
 9.350E+013  1.000E-008  6.236E+001  0.000E+000
 9.370E+013  1.000E-008  6.236E+001  8.527E-014
 9.390E+013  1.000E-008  6.236E+001 -8.527E-014
 9.410E+013  1.000E-008  6.236E+001  8.527E-014
 9.430E+013  1.000E-008  6.236E+001 -8.527E-014
 9.450E+013  1.000E-008  6.236E+001  0.000E+000
 9.470E+013  1.000E-008  6.236E+001  0.000E+000
 9.490E+013  1.000E-008  6.236E+001  0.000E+000
 9.510E+013  1.000E-008  6.236E+001  0.000E+000
 9.530E+013  1.000E-008  6.236E+001  8.527E-014
 9.550E+013  1.000E-008  6.236E+001 -8.527E-014
 9.570E+013  1.000E-008  6.236E+001 -1.814E-074
 9.590E+013  1.000E-008  6.236E+001 -7.276E-034
 9.610E+013  1.000E-008  6.236E+001 -8.527E-014
 9.630E+013  1.000E-008  6.236E+001  8.527E-014
 9.650E+013  1.000E-008  6.236E+001  7.270E-034
 9.670E+013  1.000E-008  6.236E+001  8.527E-014
 9.690E+013  1.000E-008  6.236E+001 -8.527E-014
 9.710E+013  1.000E-008  6.236E+001  0.000E+000
 9.730E+013  1.000E-008  6.236E+001  0.000E+000
 9.750E+013  1.000E-008  6.236E+001  0.000E+000
 9.770E+013  1.000E-008  6.236E+001  0.000E+000
 9.790E+013  1.000E-008  6.236E+001  0.000E+000
 9.810E+013  1.000E-008  6.236E+001  0.000E+000
 9.830E+013  1.000E-008  6.236E+001  0.000E+000
 9.850E+013  1.000E-008  6.236E+001  0.000E+000
 9.870E+013  1.000E-008  6.236E+001  0.000E+000
 9.890E+013  1.000E-008  6.236E+001  0.000E+000
 9.910E+013  1.000E-008  6.236E+001  0.000E+000
 9.930E+013  1.000E-008  6.236E+001  0.000E+000
 9.950E+013  1.000E-008  6.236E+001  8.527E-014
 9.970E+013  1.000E-008  6.236E+001 -8.527E-014
 9.990E+013  1.000E-008  6.236E+001  0.000E+000
 1.001E+014  1.000E-099  1.000E-099  0.000E+000
 1.003E+014  1.000E-099  1.000E-099  0.000E+000
 7.610E-004
