 1.920E+005
     x1b        dens       energ       v1
 1.000E+011  1.359E-012  1.267E+008  0.000E+000
 3.000E+011  1.359E-012  1.267E+008  2.678E+005
 5.000E+011  1.360E-012  1.267E+008  4.981E+005
 7.000E+011  1.363E-012  1.267E+008  7.596E+005
 9.000E+011  1.368E-012  1.267E+008  1.007E+006
 1.100E+012  1.374E-012  1.267E+008  1.262E+006
 1.300E+012  1.383E-012  1.267E+008  1.513E+006
 1.500E+012  1.395E-012  1.267E+008  1.766E+006
 1.700E+012  1.408E-012  1.267E+008  2.017E+006
 1.900E+012  1.423E-012  1.267E+008  2.270E+006
 2.100E+012  1.440E-012  1.267E+008  2.522E+006
 2.300E+012  1.457E-012  1.267E+008  2.774E+006
 2.500E+012  1.476E-012  1.267E+008  3.026E+006
 2.700E+012  1.495E-012  1.267E+008  3.279E+006
 2.900E+012  1.515E-012  1.267E+008  3.531E+006
 3.100E+012  1.535E-012  1.267E+008  3.783E+006
 3.300E+012  1.555E-012  1.267E+008  4.035E+006
 3.500E+012  1.575E-012  1.267E+008  4.287E+006
 3.700E+012  1.594E-012  1.267E+008  4.540E+006
 3.900E+012  1.613E-012  1.267E+008  4.792E+006
 4.100E+012  1.630E-012  1.267E+008  5.044E+006
 4.300E+012  1.645E-012  1.267E+008  5.296E+006
 4.500E+012  1.657E-012  1.267E+008  5.548E+006
 4.700E+012  1.665E-012  1.267E+008  5.800E+006
 4.900E+012  1.669E-012  1.267E+008  6.053E+006
 5.100E+012  1.669E-012  1.267E+008  6.305E+006
 5.300E+012  1.669E-012  1.267E+008  6.557E+006
 5.500E+012  1.669E-012  1.267E+008  6.809E+006
 5.700E+012  1.669E-012  1.267E+008  7.061E+006
 5.900E+012  1.669E-012  1.267E+008  7.314E+006
 6.100E+012  1.669E-012  1.267E+008  7.566E+006
 6.300E+012  1.669E-012  1.267E+008  7.818E+006
 6.500E+012  1.668E-012  1.267E+008  8.070E+006
 6.700E+012  1.668E-012  1.267E+008  8.322E+006
 6.900E+012  1.667E-012  1.267E+008  8.575E+006
 7.100E+012  1.665E-012  1.267E+008  8.827E+006
 7.300E+012  1.664E-012  1.267E+008  9.079E+006
 7.500E+012  1.663E-012  1.267E+008  9.331E+006
 7.700E+012  1.661E-012  1.267E+008  9.583E+006
 7.900E+012  1.661E-012  1.267E+008  9.836E+006
 8.100E+012  1.660E-012  1.267E+008  1.009E+007
 8.300E+012  1.660E-012  1.267E+008  1.034E+007
 8.500E+012  1.660E-012  1.267E+008  1.059E+007
 8.700E+012  1.661E-012  1.267E+008  1.084E+007
 8.900E+012  1.661E-012  1.267E+008  1.110E+007
 9.100E+012  1.661E-012  1.267E+008  1.135E+007
 9.300E+012  1.662E-012  1.267E+008  1.160E+007
 9.500E+012  1.662E-012  1.267E+008  1.185E+007
 9.700E+012  1.664E-012  1.267E+008  1.211E+007
 9.900E+012  1.665E-012  1.267E+008  1.236E+007
 1.010E+013  1.668E-012  1.267E+008  1.261E+007
 1.030E+013  1.670E-012  1.267E+008  1.286E+007
 1.050E+013  1.674E-012  1.267E+008  1.311E+007
 1.070E+013  1.678E-012  1.267E+008  1.337E+007
 1.090E+013  1.684E-012  1.267E+008  1.362E+007
 1.110E+013  1.690E-012  1.267E+008  1.387E+007
 1.130E+013  1.698E-012  1.267E+008  1.412E+007
 1.150E+013  1.706E-012  1.267E+008  1.438E+007
 1.170E+013  1.717E-012  1.267E+008  1.463E+007
 1.190E+013  1.729E-012  1.267E+008  1.488E+007
 1.210E+013  1.742E-012  1.267E+008  1.513E+007
 1.230E+013  1.758E-012  1.267E+008  1.538E+007
 1.250E+013  1.776E-012  1.267E+008  1.564E+007
 1.270E+013  1.795E-012  1.267E+008  1.589E+007
 1.290E+013  1.818E-012  1.267E+008  1.614E+007
 1.310E+013  1.843E-012  1.267E+008  1.639E+007
 1.330E+013  1.871E-012  1.267E+008  1.665E+007
 1.350E+013  1.902E-012  1.267E+008  1.690E+007
 1.370E+013  1.936E-012  1.267E+008  1.715E+007
 1.390E+013  1.974E-012  1.267E+008  1.740E+007
 1.410E+013  2.016E-012  1.267E+008  1.765E+007
 1.430E+013  2.062E-012  1.267E+008  1.791E+007
 1.450E+013  2.113E-012  1.267E+008  1.816E+007
 1.470E+013  2.169E-012  1.267E+008  1.841E+007
 1.490E+013  2.231E-012  1.267E+008  1.866E+007
 1.510E+013  2.299E-012  1.267E+008  1.892E+007
 1.530E+013  2.373E-012  1.267E+008  1.917E+007
 1.550E+013  2.454E-012  1.267E+008  1.942E+007
 1.570E+013  2.543E-012  1.267E+008  1.967E+007
 1.590E+013  2.640E-012  1.267E+008  1.993E+007
 1.610E+013  2.746E-012  1.267E+008  2.018E+007
 1.630E+013  2.862E-012  1.267E+008  2.043E+007
 1.650E+013  2.989E-012  1.267E+008  2.069E+007
 1.670E+013  3.128E-012  1.267E+008  2.094E+007
 1.690E+013  3.279E-012  1.267E+008  2.119E+007
 1.710E+013  3.443E-012  1.267E+008  2.144E+007
 1.730E+013  3.623E-012  1.267E+008  2.170E+007
 1.750E+013  3.818E-012  1.267E+008  2.195E+007
 1.770E+013  4.030E-012  1.267E+008  2.220E+007
 1.790E+013  4.260E-012  1.267E+008  2.246E+007
 1.810E+013  4.509E-012  1.267E+008  2.271E+007
 1.830E+013  4.780E-012  1.267E+008  2.296E+007
 1.850E+013  5.072E-012  1.267E+008  2.321E+007
 1.870E+013  5.388E-012  1.267E+008  2.347E+007
 1.890E+013  5.727E-012  1.267E+008  2.372E+007
 1.910E+013  6.093E-012  1.267E+008  2.397E+007
 1.930E+013  6.485E-012  1.267E+008  2.422E+007
 1.950E+013  6.904E-012  1.267E+008  2.448E+007
 1.970E+013  7.351E-012  1.267E+008  2.473E+007
 1.990E+013  7.826E-012  1.267E+008  2.498E+007
 2.010E+013  8.330E-012  1.267E+008  2.523E+007
 2.030E+013  8.863E-012  1.267E+008  2.549E+007
 2.050E+013  9.424E-012  1.267E+008  2.574E+007
 2.070E+013  1.001E-011  1.267E+008  2.599E+007
 2.090E+013  1.063E-011  1.267E+008  2.624E+007
 2.110E+013  1.127E-011  1.267E+008  2.649E+007
 2.130E+013  1.194E-011  1.267E+008  2.675E+007
 2.150E+013  1.263E-011  1.267E+008  2.700E+007
 2.170E+013  1.334E-011  1.267E+008  2.725E+007
 2.190E+013  1.407E-011  1.267E+008  2.750E+007
 2.210E+013  1.482E-011  1.267E+008  2.775E+007
 2.230E+013  1.558E-011  1.267E+008  2.800E+007
 2.250E+013  1.636E-011  1.267E+008  2.826E+007
 2.270E+013  1.716E-011  1.267E+008  2.851E+007
 2.290E+013  1.796E-011  1.267E+008  2.876E+007
 2.310E+013  1.878E-011  1.267E+008  2.901E+007
 2.330E+013  1.960E-011  1.267E+008  2.926E+007
 2.350E+013  2.044E-011  1.267E+008  2.952E+007
 2.370E+013  2.128E-011  1.267E+008  2.977E+007
 2.390E+013  2.214E-011  1.267E+008  3.002E+007
 2.410E+013  2.300E-011  1.267E+008  3.027E+007
 2.430E+013  2.387E-011  1.267E+008  3.052E+007
 2.450E+013  2.475E-011  1.267E+008  3.077E+007
 2.470E+013  2.564E-011  1.267E+008  3.103E+007
 2.490E+013  2.655E-011  1.267E+008  3.128E+007
 2.510E+013  2.746E-011  1.267E+008  3.153E+007
 2.530E+013  2.839E-011  1.267E+008  3.178E+007
 2.550E+013  2.934E-011  1.267E+008  3.204E+007
 2.570E+013  3.030E-011  1.267E+008  3.229E+007
 2.590E+013  3.128E-011  1.267E+008  3.254E+007
 2.610E+013  3.227E-011  1.267E+008  3.279E+007
 2.630E+013  3.329E-011  1.267E+008  3.304E+007
 2.650E+013  3.434E-011  1.267E+008  3.330E+007
 2.670E+013  3.540E-011  1.267E+008  3.355E+007
 2.690E+013  3.650E-011  1.267E+008  3.380E+007
 2.710E+013  3.762E-011  1.267E+008  3.405E+007
 2.730E+013  3.877E-011  1.267E+008  3.431E+007
 2.750E+013  3.996E-011  1.267E+008  3.456E+007
 2.770E+013  4.118E-011  1.267E+008  3.481E+007
 2.790E+013  4.243E-011  1.267E+008  3.506E+007
 2.810E+013  4.373E-011  1.267E+008  3.531E+007
 2.830E+013  4.506E-011  1.267E+008  3.557E+007
 2.850E+013  4.644E-011  1.267E+008  3.582E+007
 2.870E+013  4.786E-011  1.267E+008  3.607E+007
 2.890E+013  4.932E-011  1.267E+008  3.632E+007
 2.910E+013  5.084E-011  1.267E+008  3.658E+007
 2.930E+013  5.240E-011  1.267E+008  3.683E+007
 2.950E+013  5.401E-011  1.267E+008  3.708E+007
 2.970E+013  5.567E-011  1.267E+008  3.733E+007
 2.990E+013  5.739E-011  1.267E+008  3.759E+007
 3.010E+013  5.916E-011  1.267E+008  3.784E+007
 3.030E+013  6.098E-011  1.267E+008  3.809E+007
 3.050E+013  6.286E-011  1.267E+008  3.834E+007
 3.070E+013  6.480E-011  1.267E+008  3.860E+007
 3.090E+013  6.679E-011  1.268E+008  3.885E+007
 3.110E+013  6.884E-011  1.268E+008  3.910E+007
 3.130E+013  7.094E-011  1.268E+008  3.935E+007
 3.150E+013  7.310E-011  1.268E+008  3.961E+007
 3.170E+013  7.532E-011  1.268E+008  3.986E+007
 3.190E+013  7.759E-011  1.268E+008  4.011E+007
 3.210E+013  7.992E-011  1.268E+008  4.036E+007
 3.230E+013  8.230E-011  1.268E+008  4.062E+007
 3.250E+013  8.474E-011  1.268E+008  4.087E+007
 3.270E+013  8.722E-011  1.268E+008  4.112E+007
 3.290E+013  8.976E-011  1.268E+008  4.137E+007
 3.310E+013  9.236E-011  1.268E+008  4.163E+007
 3.330E+013  9.500E-011  1.268E+008  4.188E+007
 3.350E+013  9.770E-011  1.268E+008  4.213E+007
 3.370E+013  1.004E-010  1.268E+008  4.238E+007
 3.390E+013  1.032E-010  1.268E+008  4.264E+007
 3.410E+013  1.061E-010  1.268E+008  4.289E+007
 3.430E+013  1.090E-010  1.268E+008  4.314E+007
 3.450E+013  1.119E-010  1.268E+008  4.340E+007
 3.470E+013  1.149E-010  1.268E+008  4.365E+007
 3.490E+013  1.180E-010  1.268E+008  4.390E+007
 3.510E+013  1.211E-010  1.268E+008  4.415E+007
 3.530E+013  1.243E-010  1.269E+008  4.441E+007
 3.550E+013  1.275E-010  1.269E+008  4.466E+007
 3.570E+013  1.308E-010  1.269E+008  4.491E+007
 3.590E+013  1.341E-010  1.269E+008  4.517E+007
 3.610E+013  1.375E-010  1.269E+008  4.542E+007
 3.630E+013  1.410E-010  1.269E+008  4.567E+007
 3.650E+013  1.446E-010  1.269E+008  4.592E+007
 3.670E+013  1.482E-010  1.269E+008  4.618E+007
 3.690E+013  1.519E-010  1.269E+008  4.643E+007
 3.710E+013  1.557E-010  1.269E+008  4.668E+007
 3.730E+013  1.595E-010  1.269E+008  4.694E+007
 3.750E+013  1.635E-010  1.269E+008  4.719E+007
 3.770E+013  1.675E-010  1.269E+008  4.744E+007
 3.790E+013  1.716E-010  1.270E+008  4.770E+007
 3.810E+013  1.758E-010  1.270E+008  4.795E+007
 3.830E+013  1.801E-010  1.270E+008  4.820E+007
 3.850E+013  1.846E-010  1.270E+008  4.846E+007
 3.870E+013  1.891E-010  1.270E+008  4.871E+007
 3.890E+013  1.937E-010  1.270E+008  4.896E+007
 3.910E+013  1.984E-010  1.270E+008  4.922E+007
 3.930E+013  2.033E-010  1.270E+008  4.947E+007
 3.950E+013  2.082E-010  1.270E+008  4.972E+007
 3.970E+013  2.133E-010  1.271E+008  4.998E+007
 3.990E+013  2.184E-010  1.271E+008  5.023E+007
 4.010E+013  2.237E-010  1.271E+008  5.049E+007
 4.030E+013  2.291E-010  1.271E+008  5.074E+007
 4.050E+013  2.347E-010  1.271E+008  5.099E+007
 4.070E+013  2.403E-010  1.271E+008  5.125E+007
 4.090E+013  2.461E-010  1.271E+008  5.150E+007
 4.110E+013  2.520E-010  1.272E+008  5.175E+007
 4.130E+013  2.580E-010  1.272E+008  5.201E+007
 4.150E+013  2.641E-010  1.272E+008  5.226E+007
 4.170E+013  2.704E-010  1.272E+008  5.252E+007
 4.190E+013  2.767E-010  1.272E+008  5.277E+007
 4.210E+013  2.832E-010  1.272E+008  5.303E+007
 4.230E+013  2.899E-010  1.273E+008  5.328E+007
 4.250E+013  2.966E-010  1.273E+008  5.353E+007
 4.270E+013  3.035E-010  1.273E+008  5.379E+007
 4.290E+013  3.105E-010  1.273E+008  5.404E+007
 4.310E+013  3.176E-010  1.273E+008  5.430E+007
 4.330E+013  3.249E-010  1.274E+008  5.455E+007
 4.350E+013  3.323E-010  1.274E+008  5.481E+007
 4.370E+013  3.398E-010  1.274E+008  5.506E+007
 4.390E+013  3.475E-010  1.274E+008  5.532E+007
 4.410E+013  3.553E-010  1.274E+008  5.557E+007
 4.430E+013  3.632E-010  1.275E+008  5.583E+007
 4.450E+013  3.713E-010  1.275E+008  5.608E+007
 4.470E+013  3.795E-010  1.275E+008  5.634E+007
 4.490E+013  3.878E-010  1.275E+008  5.660E+007
 4.510E+013  3.963E-010  1.276E+008  5.685E+007
 4.530E+013  4.050E-010  1.276E+008  5.711E+007
 4.550E+013  4.138E-010  1.276E+008  5.736E+007
 4.570E+013  4.228E-010  1.277E+008  5.762E+007
 4.590E+013  4.319E-010  1.277E+008  5.787E+007
 4.610E+013  4.411E-010  1.277E+008  5.813E+007
 4.630E+013  4.505E-010  1.277E+008  5.839E+007
 4.650E+013  4.601E-010  1.278E+008  5.864E+007
 4.670E+013  4.699E-010  1.278E+008  5.890E+007
 4.690E+013  4.798E-010  1.278E+008  5.916E+007
 4.710E+013  4.899E-010  1.279E+008  5.941E+007
 4.730E+013  5.001E-010  1.279E+008  5.967E+007
 4.750E+013  5.105E-010  1.279E+008  5.993E+007
 4.770E+013  5.211E-010  1.280E+008  6.018E+007
 4.790E+013  5.318E-010  1.280E+008  6.044E+007
 4.810E+013  5.428E-010  1.281E+008  6.070E+007
 4.830E+013  5.539E-010  1.281E+008  6.096E+007
 4.850E+013  5.651E-010  1.281E+008  6.122E+007
 4.870E+013  5.766E-010  1.282E+008  6.147E+007
 4.890E+013  5.882E-010  1.282E+008  6.173E+007
 4.910E+013  6.001E-010  1.283E+008  6.199E+007
 4.930E+013  6.121E-010  1.283E+008  6.225E+007
 4.950E+013  6.242E-010  1.284E+008  6.251E+007
 4.970E+013  6.366E-010  1.284E+008  6.277E+007
 4.990E+013  6.492E-010  1.285E+008  6.303E+007
 5.010E+013  6.620E-010  1.285E+008  6.328E+007
 5.030E+013  6.749E-010  1.286E+008  6.354E+007
 5.050E+013  6.881E-010  1.286E+008  6.380E+007
 5.070E+013  7.015E-010  1.287E+008  6.406E+007
 5.090E+013  7.150E-010  1.287E+008  6.432E+007
 5.110E+013  7.288E-010  1.288E+008  6.458E+007
 5.130E+013  7.428E-010  1.288E+008  6.484E+007
 5.150E+013  7.571E-010  1.289E+008  6.510E+007
 5.170E+013  7.715E-010  1.289E+008  6.537E+007
 5.190E+013  7.862E-010  1.290E+008  6.563E+007
 5.210E+013  8.011E-010  1.291E+008  6.589E+007
 5.230E+013  8.162E-010  1.291E+008  6.615E+007
 5.250E+013  8.316E-010  1.292E+008  6.641E+007
 5.270E+013  8.473E-010  1.293E+008  6.667E+007
 5.290E+013  8.632E-010  1.293E+008  6.694E+007
 5.310E+013  8.793E-010  1.294E+008  6.720E+007
 5.330E+013  8.957E-010  1.295E+008  6.746E+007
 5.350E+013  9.124E-010  1.295E+008  6.773E+007
 5.370E+013  9.294E-010  1.296E+008  6.799E+007
 5.390E+013  9.466E-010  1.297E+008  6.825E+007
 5.410E+013  9.641E-010  1.298E+008  6.852E+007
 5.430E+013  9.819E-010  1.298E+008  6.878E+007
 5.450E+013  1.000E-009  1.299E+008  6.905E+007
 5.470E+013  1.018E-009  1.300E+008  6.931E+007
 5.490E+013  1.037E-009  1.301E+008  6.958E+007
 5.510E+013  1.056E-009  1.302E+008  6.984E+007
 5.530E+013  1.075E-009  1.303E+008  7.011E+007
 5.550E+013  1.095E-009  1.304E+008  7.038E+007
 5.570E+013  1.115E-009  1.305E+008  7.064E+007
 5.590E+013  1.135E-009  1.306E+008  7.091E+007
 5.610E+013  1.156E-009  1.306E+008  7.118E+007
 5.630E+013  1.177E-009  1.307E+008  7.144E+007
 5.650E+013  1.198E-009  1.308E+008  7.171E+007
 5.670E+013  1.220E-009  1.310E+008  7.198E+007
 5.690E+013  1.242E-009  1.311E+008  7.225E+007
 5.710E+013  1.264E-009  1.312E+008  7.252E+007
 5.730E+013  1.287E-009  1.313E+008  7.279E+007
 5.750E+013  1.310E-009  1.314E+008  7.306E+007
 5.770E+013  1.333E-009  1.315E+008  7.333E+007
 5.790E+013  1.357E-009  1.316E+008  7.360E+007
 5.810E+013  1.381E-009  1.317E+008  7.387E+007
 5.830E+013  1.405E-009  1.319E+008  7.415E+007
 5.850E+013  1.430E-009  1.320E+008  7.442E+007
 5.870E+013  1.455E-009  1.321E+008  7.469E+007
 5.890E+013  1.481E-009  1.323E+008  7.496E+007
 5.910E+013  1.507E-009  1.324E+008  7.524E+007
 5.930E+013  1.533E-009  1.325E+008  7.551E+007
 5.950E+013  1.560E-009  1.327E+008  7.579E+007
 5.970E+013  1.587E-009  1.328E+008  7.606E+007
 5.990E+013  1.615E-009  1.330E+008  7.634E+007
 6.010E+013  1.643E-009  1.331E+008  7.662E+007
 6.030E+013  1.672E-009  1.333E+008  7.689E+007
 6.050E+013  1.700E-009  1.334E+008  7.717E+007
 6.070E+013  1.730E-009  1.336E+008  7.745E+007
 6.090E+013  1.760E-009  1.337E+008  7.773E+007
 6.110E+013  1.790E-009  1.339E+008  7.801E+007
 6.130E+013  1.821E-009  1.341E+008  7.829E+007
 6.150E+013  1.852E-009  1.342E+008  7.857E+007
 6.170E+013  1.883E-009  1.344E+008  7.885E+007
 6.190E+013  1.916E-009  1.346E+008  7.913E+007
 6.210E+013  1.948E-009  1.348E+008  7.942E+007
 6.230E+013  1.981E-009  1.350E+008  7.970E+007
 6.250E+013  2.015E-009  1.352E+008  7.998E+007
 6.270E+013  2.049E-009  1.354E+008  8.027E+007
 6.290E+013  2.084E-009  1.356E+008  8.056E+007
 6.310E+013  2.119E-009  1.358E+008  8.084E+007
 6.330E+013  2.154E-009  1.360E+008  8.113E+007
 6.350E+013  2.191E-009  1.362E+008  8.142E+007
 6.370E+013  2.228E-009  1.364E+008  8.171E+007
 6.390E+013  2.265E-009  1.366E+008  8.199E+007
 6.410E+013  2.303E-009  1.368E+008  8.228E+007
 6.430E+013  2.341E-009  1.371E+008  8.258E+007
 6.450E+013  2.381E-009  1.373E+008  8.287E+007
 6.470E+013  2.420E-009  1.376E+008  8.316E+007
 6.490E+013  2.461E-009  1.378E+008  8.345E+007
 6.510E+013  2.502E-009  1.381E+008  8.375E+007
 6.530E+013  2.543E-009  1.383E+008  8.404E+007
 6.550E+013  2.586E-009  1.386E+008  8.434E+007
 6.570E+013  2.629E-009  1.388E+008  8.464E+007
 6.590E+013  2.672E-009  1.391E+008  8.494E+007
 6.610E+013  2.717E-009  1.394E+008  8.524E+007
 6.630E+013  2.762E-009  1.397E+008  8.554E+007
 6.650E+013  2.808E-009  1.400E+008  8.584E+007
 6.670E+013  2.854E-009  1.403E+008  8.614E+007
 6.690E+013  2.902E-009  1.406E+008  8.644E+007
 6.710E+013  2.950E-009  1.409E+008  8.675E+007
 6.730E+013  2.999E-009  1.412E+008  8.705E+007
 6.750E+013  3.048E-009  1.415E+008  8.736E+007
 6.770E+013  3.099E-009  1.418E+008  8.767E+007
 6.790E+013  3.150E-009  1.422E+008  8.797E+007
 6.810E+013  3.202E-009  1.425E+008  8.828E+007
 6.830E+013  3.255E-009  1.428E+008  8.859E+007
 6.850E+013  3.309E-009  1.432E+008  8.891E+007
 6.870E+013  3.364E-009  1.436E+008  8.922E+007
 6.890E+013  3.420E-009  1.439E+008  8.953E+007
 6.910E+013  3.476E-009  1.443E+008  8.985E+007
 6.930E+013  3.534E-009  1.447E+008  9.017E+007
 6.950E+013  3.592E-009  1.451E+008  9.049E+007
 6.970E+013  3.652E-009  1.455E+008  9.081E+007
 6.990E+013  3.712E-009  1.459E+008  9.113E+007
 7.010E+013  3.774E-009  1.463E+008  9.145E+007
 7.030E+013  3.837E-009  1.467E+008  9.177E+007
 7.050E+013  3.900E-009  1.472E+008  9.210E+007
 7.070E+013  3.965E-009  1.476E+008  9.242E+007
 7.090E+013  4.031E-009  1.481E+008  9.275E+007
 7.110E+013  4.098E-009  1.485E+008  9.308E+007
 7.130E+013  4.166E-009  1.490E+008  9.341E+007
 7.150E+013  4.235E-009  1.495E+008  9.374E+007
 7.170E+013  4.306E-009  1.500E+008  9.408E+007
 7.190E+013  4.378E-009  1.505E+008  9.441E+007
 7.210E+013  4.451E-009  1.510E+008  9.475E+007
 7.230E+013  4.525E-009  1.515E+008  9.509E+007
 7.250E+013  4.601E-009  1.521E+008  9.543E+007
 7.270E+013  4.678E-009  1.526E+008  9.577E+007
 7.290E+013  4.756E-009  1.532E+008  9.611E+007
 7.310E+013  4.836E-009  1.537E+008  9.646E+007
 7.330E+013  4.917E-009  1.543E+008  9.680E+007
 7.350E+013  5.000E-009  1.549E+008  9.715E+007
 7.370E+013  5.084E-009  1.555E+008  9.750E+007
 7.390E+013  5.170E-009  1.561E+008  9.785E+007
 7.410E+013  5.258E-009  1.568E+008  9.821E+007
 7.430E+013  5.347E-009  1.574E+008  9.856E+007
 7.450E+013  5.437E-009  1.581E+008  9.892E+007
 7.470E+013  5.530E-009  1.587E+008  9.928E+007
 7.490E+013  5.624E-009  1.594E+008  9.964E+007
 7.510E+013  5.720E-009  1.601E+008  1.000E+008
 7.530E+013  5.817E-009  1.609E+008  1.004E+008
 7.550E+013  5.917E-009  1.616E+008  1.007E+008
 7.570E+013  6.018E-009  1.623E+008  1.011E+008
 7.590E+013  6.122E-009  1.631E+008  1.015E+008
 7.610E+013  6.227E-009  1.639E+008  1.019E+008
 7.630E+013  6.335E-009  1.647E+008  1.022E+008
 7.650E+013  6.445E-009  1.655E+008  1.026E+008
 7.670E+013  6.557E-009  1.663E+008  1.030E+008
 7.690E+013  6.671E-009  1.672E+008  1.034E+008
 7.710E+013  6.787E-009  1.681E+008  1.037E+008
 7.730E+013  6.906E-009  1.689E+008  1.041E+008
 7.750E+013  7.027E-009  1.698E+008  1.045E+008
 7.770E+013  7.151E-009  1.708E+008  1.049E+008
 7.790E+013  7.277E-009  1.717E+008  1.053E+008
 7.810E+013  7.406E-009  1.727E+008  1.057E+008
 7.830E+013  7.538E-009  1.737E+008  1.061E+008
 7.850E+013  7.672E-009  1.747E+008  1.065E+008
 7.870E+013  7.809E-009  1.757E+008  1.069E+008
 7.890E+013  7.949E-009  1.768E+008  1.073E+008
 7.910E+013  8.092E-009  1.779E+008  1.077E+008
 7.930E+013  8.238E-009  1.790E+008  1.081E+008
 7.950E+013  8.387E-009  1.801E+008  1.085E+008
 7.970E+013  8.540E-009  1.813E+008  1.090E+008
 7.990E+013  8.696E-009  1.825E+008  1.094E+008
 8.010E+013  8.855E-009  1.837E+008  1.098E+008
 8.030E+013  9.018E-009  1.849E+008  1.102E+008
 8.050E+013  9.184E-009  1.862E+008  1.106E+008
 8.070E+013  9.354E-009  1.875E+008  1.111E+008
 8.090E+013  9.528E-009  1.888E+008  1.115E+008
 8.110E+013  9.706E-009  1.902E+008  1.119E+008
 8.130E+013  9.888E-009  1.915E+008  1.124E+008
 8.150E+013  1.007E-008  1.930E+008  1.128E+008
 8.170E+013  1.027E-008  1.944E+008  1.132E+008
 8.190E+013  1.046E-008  1.959E+008  1.137E+008
 8.210E+013  1.066E-008  1.974E+008  1.141E+008
 8.230E+013  1.086E-008  1.990E+008  1.146E+008
 8.250E+013  1.107E-008  2.006E+008  1.150E+008
 8.270E+013  1.129E-008  2.022E+008  1.155E+008
 8.290E+013  1.151E-008  2.039E+008  1.159E+008
 8.310E+013  1.173E-008  2.056E+008  1.164E+008
 8.330E+013  1.196E-008  2.073E+008  1.169E+008
 8.350E+013  1.220E-008  2.091E+008  1.173E+008
 8.370E+013  1.244E-008  2.110E+008  1.178E+008
 8.390E+013  1.269E-008  2.129E+008  1.183E+008
 8.410E+013  1.294E-008  2.148E+008  1.188E+008
 8.430E+013  1.320E-008  2.168E+008  1.192E+008
 8.450E+013  1.347E-008  2.188E+008  1.197E+008
 8.470E+013  1.374E-008  2.209E+008  1.202E+008
 8.490E+013  1.402E-008  2.230E+008  1.207E+008
 8.510E+013  1.431E-008  2.252E+008  1.212E+008
 8.530E+013  1.460E-008  2.274E+008  1.217E+008
 8.550E+013  1.491E-008  2.297E+008  1.222E+008
 8.570E+013  1.522E-008  2.320E+008  1.227E+008
 8.590E+013  1.554E-008  2.344E+008  1.232E+008
 8.610E+013  1.587E-008  2.369E+008  1.237E+008
 8.630E+013  1.620E-008  2.394E+008  1.242E+008
 8.650E+013  1.655E-008  2.420E+008  1.247E+008
 8.670E+013  1.691E-008  2.447E+008  1.252E+008
 8.690E+013  1.727E-008  2.474E+008  1.257E+008
 8.710E+013  1.765E-008  2.502E+008  1.263E+008
 8.730E+013  1.803E-008  2.530E+008  1.268E+008
 8.750E+013  1.843E-008  2.560E+008  1.273E+008
 8.770E+013  1.884E-008  2.590E+008  1.279E+008
 8.790E+013  1.926E-008  2.621E+008  1.284E+008
 8.810E+013  1.969E-008  2.653E+008  1.289E+008
 8.830E+013  2.014E-008  2.686E+008  1.295E+008
 8.850E+013  2.059E-008  2.719E+008  1.300E+008
 8.870E+013  2.107E-008  2.754E+008  1.306E+008
 8.890E+013  2.155E-008  2.789E+008  1.311E+008
 8.910E+013  2.205E-008  2.825E+008  1.317E+008
 8.930E+013  2.257E-008  2.863E+008  1.322E+008
 8.950E+013  2.310E-008  2.901E+008  1.328E+008
 8.970E+013  2.364E-008  2.940E+008  1.333E+008
 8.990E+013  2.421E-008  2.981E+008  1.339E+008
 9.010E+013  2.479E-008  3.022E+008  1.345E+008
 9.030E+013  2.539E-008  3.065E+008  1.350E+008
 9.050E+013  2.600E-008  3.109E+008  1.356E+008
 9.070E+013  2.664E-008  3.154E+008  1.362E+008
 9.090E+013  2.730E-008  3.201E+008  1.368E+008
 9.110E+013  2.798E-008  3.249E+008  1.374E+008
 9.130E+013  2.868E-008  3.298E+008  1.379E+008
 9.150E+013  2.940E-008  3.348E+008  1.385E+008
 9.170E+013  3.015E-008  3.400E+008  1.391E+008
 9.190E+013  3.092E-008  3.454E+008  1.397E+008
 9.210E+013  3.172E-008  3.509E+008  1.403E+008
 9.230E+013  3.255E-008  3.566E+008  1.409E+008
 9.250E+013  3.340E-008  3.624E+008  1.415E+008
 9.270E+013  3.428E-008  3.684E+008  1.421E+008
 9.290E+013  3.520E-008  3.747E+008  1.427E+008
 9.310E+013  3.614E-008  3.812E+008  1.434E+008
 9.330E+013  3.707E-008  3.869E+008  1.439E+008
 9.350E+013  3.810E-008  3.945E+008  1.444E+008
 9.370E+013  3.939E-008  4.064E+008  1.456E+008
 9.390E+013  3.986E-008  4.067E+008  1.465E+008
 9.410E+013  3.788E-008  3.602E+008  1.444E+008
 9.430E+013  2.798E-008  1.981E+008  1.308E+008
 9.450E+013  1.621E-008  4.330E+007  9.495E+007
 9.470E+013  1.125E-008  2.029E+006  4.211E+007
 9.490E+013  1.008E-008  2.142E+003  5.594E+006
 9.510E+013  1.000E-008  6.236E+001  4.668E+004
 9.530E+013  1.000E-008  6.236E+001  1.445E+000
 9.550E+013  1.000E-008  6.236E+001  1.709E-009
 9.570E+013  1.000E-008  6.236E+001  7.598E-028
 9.590E+013  1.000E-008  6.236E+001 -3.724E-031
 9.610E+013  1.000E-008  6.236E+001 -6.821E-013
 9.630E+013  1.000E-008  6.236E+001  6.821E-013
 9.650E+013  1.000E-008  6.236E+001  3.721E-031
 9.670E+013  1.000E-008  6.236E+001  6.821E-013
 9.690E+013  1.000E-008  6.236E+001 -6.821E-013
 9.710E+013  1.000E-008  6.236E+001  0.000E+000
 9.730E+013  1.000E-008  6.236E+001  0.000E+000
 9.750E+013  1.000E-008  6.236E+001  0.000E+000
 9.770E+013  1.000E-008  6.236E+001  0.000E+000
 9.790E+013  1.000E-008  6.236E+001  0.000E+000
 9.810E+013  1.000E-008  6.236E+001  0.000E+000
 9.830E+013  1.000E-008  6.236E+001  0.000E+000
 9.850E+013  1.000E-008  6.236E+001  0.000E+000
 9.870E+013  1.000E-008  6.236E+001  0.000E+000
 9.890E+013  1.000E-008  6.236E+001  0.000E+000
 9.910E+013  1.000E-008  6.236E+001  0.000E+000
 9.930E+013  1.000E-008  6.236E+001  0.000E+000
 9.950E+013  1.000E-008  6.236E+001  6.821E-013
 9.970E+013  1.000E-008  6.236E+001 -6.821E-013
 9.990E+013  1.000E-008  6.236E+001  0.000E+000
 1.001E+014  1.000E-099  1.000E-099  0.000E+000
 1.003E+014  1.000E-099  1.000E-099  0.000E+000
 6.088E-003
