 1.140E+005
     x1b        dens       energ       v1
 1.000E+011  1.984E-012  2.380E+008  0.000E+000
 3.000E+011  1.985E-012  2.380E+008  4.676E+005
 5.000E+011  1.987E-012  2.380E+008  8.315E+005
 7.000E+011  1.993E-012  2.380E+008  1.281E+006
 9.000E+011  2.003E-012  2.380E+008  1.693E+006
 1.100E+012  2.016E-012  2.380E+008  2.124E+006
 1.300E+012  2.034E-012  2.380E+008  2.545E+006
 1.500E+012  2.056E-012  2.380E+008  2.971E+006
 1.700E+012  2.081E-012  2.380E+008  3.395E+006
 1.900E+012  2.109E-012  2.380E+008  3.820E+006
 2.100E+012  2.139E-012  2.380E+008  4.244E+006
 2.300E+012  2.171E-012  2.380E+008  4.668E+006
 2.500E+012  2.203E-012  2.380E+008  5.093E+006
 2.700E+012  2.236E-012  2.380E+008  5.517E+006
 2.900E+012  2.269E-012  2.380E+008  5.941E+006
 3.100E+012  2.302E-012  2.380E+008  6.366E+006
 3.300E+012  2.333E-012  2.380E+008  6.790E+006
 3.500E+012  2.364E-012  2.380E+008  7.214E+006
 3.700E+012  2.391E-012  2.380E+008  7.639E+006
 3.900E+012  2.413E-012  2.380E+008  8.063E+006
 4.100E+012  2.428E-012  2.380E+008  8.487E+006
 4.300E+012  2.435E-012  2.380E+008  8.912E+006
 4.500E+012  2.437E-012  2.380E+008  9.336E+006
 4.700E+012  2.437E-012  2.380E+008  9.760E+006
 4.900E+012  2.437E-012  2.380E+008  1.018E+007
 5.100E+012  2.437E-012  2.380E+008  1.061E+007
 5.300E+012  2.437E-012  2.380E+008  1.103E+007
 5.500E+012  2.437E-012  2.380E+008  1.146E+007
 5.700E+012  2.436E-012  2.380E+008  1.188E+007
 5.900E+012  2.435E-012  2.380E+008  1.231E+007
 6.100E+012  2.433E-012  2.380E+008  1.273E+007
 6.300E+012  2.431E-012  2.380E+008  1.316E+007
 6.500E+012  2.429E-012  2.380E+008  1.358E+007
 6.700E+012  2.426E-012  2.380E+008  1.400E+007
 6.900E+012  2.425E-012  2.380E+008  1.443E+007
 7.100E+012  2.424E-012  2.380E+008  1.485E+007
 7.300E+012  2.424E-012  2.380E+008  1.528E+007
 7.500E+012  2.424E-012  2.380E+008  1.570E+007
 7.700E+012  2.424E-012  2.380E+008  1.613E+007
 7.900E+012  2.425E-012  2.380E+008  1.655E+007
 8.100E+012  2.425E-012  2.380E+008  1.697E+007
 8.300E+012  2.427E-012  2.380E+008  1.740E+007
 8.500E+012  2.428E-012  2.380E+008  1.782E+007
 8.700E+012  2.431E-012  2.380E+008  1.825E+007
 8.900E+012  2.434E-012  2.380E+008  1.867E+007
 9.100E+012  2.439E-012  2.380E+008  1.910E+007
 9.300E+012  2.445E-012  2.380E+008  1.952E+007
 9.500E+012  2.453E-012  2.380E+008  1.995E+007
 9.700E+012  2.463E-012  2.380E+008  2.037E+007
 9.900E+012  2.474E-012  2.380E+008  2.079E+007
 1.010E+013  2.488E-012  2.380E+008  2.122E+007
 1.030E+013  2.505E-012  2.380E+008  2.164E+007
 1.050E+013  2.525E-012  2.380E+008  2.207E+007
 1.070E+013  2.548E-012  2.380E+008  2.249E+007
 1.090E+013  2.575E-012  2.380E+008  2.292E+007
 1.110E+013  2.605E-012  2.380E+008  2.334E+007
 1.130E+013  2.640E-012  2.380E+008  2.377E+007
 1.150E+013  2.680E-012  2.380E+008  2.419E+007
 1.170E+013  2.725E-012  2.380E+008  2.461E+007
 1.190E+013  2.776E-012  2.380E+008  2.504E+007
 1.210E+013  2.834E-012  2.380E+008  2.546E+007
 1.230E+013  2.898E-012  2.380E+008  2.589E+007
 1.250E+013  2.970E-012  2.380E+008  2.631E+007
 1.270E+013  3.050E-012  2.380E+008  2.674E+007
 1.290E+013  3.140E-012  2.380E+008  2.716E+007
 1.310E+013  3.239E-012  2.380E+008  2.759E+007
 1.330E+013  3.350E-012  2.380E+008  2.801E+007
 1.350E+013  3.473E-012  2.380E+008  2.844E+007
 1.370E+013  3.609E-012  2.380E+008  2.886E+007
 1.390E+013  3.760E-012  2.380E+008  2.929E+007
 1.410E+013  3.928E-012  2.380E+008  2.971E+007
 1.430E+013  4.113E-012  2.380E+008  3.014E+007
 1.450E+013  4.317E-012  2.380E+008  3.056E+007
 1.470E+013  4.543E-012  2.380E+008  3.099E+007
 1.490E+013  4.793E-012  2.380E+008  3.142E+007
 1.510E+013  5.067E-012  2.380E+008  3.184E+007
 1.530E+013  5.370E-012  2.380E+008  3.227E+007
 1.550E+013  5.703E-012  2.380E+008  3.269E+007
 1.570E+013  6.069E-012  2.380E+008  3.312E+007
 1.590E+013  6.471E-012  2.380E+008  3.355E+007
 1.610E+013  6.911E-012  2.380E+008  3.397E+007
 1.630E+013  7.391E-012  2.380E+008  3.440E+007
 1.650E+013  7.915E-012  2.380E+008  3.482E+007
 1.670E+013  8.486E-012  2.380E+008  3.525E+007
 1.690E+013  9.104E-012  2.380E+008  3.567E+007
 1.710E+013  9.773E-012  2.380E+008  3.610E+007
 1.730E+013  1.049E-011  2.380E+008  3.652E+007
 1.750E+013  1.127E-011  2.380E+008  3.695E+007
 1.770E+013  1.209E-011  2.380E+008  3.737E+007
 1.790E+013  1.298E-011  2.380E+008  3.780E+007
 1.810E+013  1.391E-011  2.380E+008  3.822E+007
 1.830E+013  1.490E-011  2.380E+008  3.865E+007
 1.850E+013  1.593E-011  2.380E+008  3.907E+007
 1.870E+013  1.702E-011  2.380E+008  3.949E+007
 1.890E+013  1.814E-011  2.380E+008  3.992E+007
 1.910E+013  1.931E-011  2.380E+008  4.034E+007
 1.930E+013  2.052E-011  2.380E+008  4.076E+007
 1.950E+013  2.176E-011  2.380E+008  4.119E+007
 1.970E+013  2.303E-011  2.380E+008  4.161E+007
 1.990E+013  2.433E-011  2.381E+008  4.203E+007
 2.010E+013  2.565E-011  2.381E+008  4.246E+007
 2.030E+013  2.700E-011  2.381E+008  4.288E+007
 2.050E+013  2.836E-011  2.381E+008  4.330E+007
 2.070E+013  2.974E-011  2.381E+008  4.373E+007
 2.090E+013  3.114E-011  2.381E+008  4.415E+007
 2.110E+013  3.256E-011  2.381E+008  4.457E+007
 2.130E+013  3.399E-011  2.381E+008  4.500E+007
 2.150E+013  3.544E-011  2.381E+008  4.542E+007
 2.170E+013  3.691E-011  2.381E+008  4.585E+007
 2.190E+013  3.840E-011  2.381E+008  4.627E+007
 2.210E+013  3.991E-011  2.381E+008  4.669E+007
 2.230E+013  4.145E-011  2.381E+008  4.712E+007
 2.250E+013  4.301E-011  2.381E+008  4.754E+007
 2.270E+013  4.461E-011  2.381E+008  4.797E+007
 2.290E+013  4.624E-011  2.381E+008  4.839E+007
 2.310E+013  4.791E-011  2.381E+008  4.882E+007
 2.330E+013  4.962E-011  2.381E+008  4.924E+007
 2.350E+013  5.138E-011  2.381E+008  4.967E+007
 2.370E+013  5.319E-011  2.381E+008  5.009E+007
 2.390E+013  5.505E-011  2.381E+008  5.051E+007
 2.410E+013  5.696E-011  2.381E+008  5.094E+007
 2.430E+013  5.894E-011  2.381E+008  5.136E+007
 2.450E+013  6.099E-011  2.381E+008  5.179E+007
 2.470E+013  6.310E-011  2.381E+008  5.221E+007
 2.490E+013  6.529E-011  2.382E+008  5.264E+007
 2.510E+013  6.756E-011  2.382E+008  5.306E+007
 2.530E+013  6.991E-011  2.382E+008  5.349E+007
 2.550E+013  7.235E-011  2.382E+008  5.391E+007
 2.570E+013  7.487E-011  2.382E+008  5.434E+007
 2.590E+013  7.749E-011  2.382E+008  5.476E+007
 2.610E+013  8.020E-011  2.382E+008  5.519E+007
 2.630E+013  8.301E-011  2.382E+008  5.561E+007
 2.650E+013  8.593E-011  2.382E+008  5.604E+007
 2.670E+013  8.894E-011  2.382E+008  5.646E+007
 2.690E+013  9.206E-011  2.382E+008  5.689E+007
 2.710E+013  9.528E-011  2.383E+008  5.731E+007
 2.730E+013  9.861E-011  2.383E+008  5.774E+007
 2.750E+013  1.020E-010  2.383E+008  5.817E+007
 2.770E+013  1.056E-010  2.383E+008  5.859E+007
 2.790E+013  1.092E-010  2.383E+008  5.902E+007
 2.810E+013  1.130E-010  2.383E+008  5.944E+007
 2.830E+013  1.168E-010  2.383E+008  5.987E+007
 2.850E+013  1.208E-010  2.383E+008  6.029E+007
 2.870E+013  1.249E-010  2.384E+008  6.072E+007
 2.890E+013  1.290E-010  2.384E+008  6.114E+007
 2.910E+013  1.333E-010  2.384E+008  6.157E+007
 2.930E+013  1.376E-010  2.384E+008  6.199E+007
 2.950E+013  1.421E-010  2.384E+008  6.242E+007
 2.970E+013  1.466E-010  2.384E+008  6.285E+007
 2.990E+013  1.513E-010  2.385E+008  6.327E+007
 3.010E+013  1.560E-010  2.385E+008  6.370E+007
 3.030E+013  1.608E-010  2.385E+008  6.412E+007
 3.050E+013  1.658E-010  2.385E+008  6.455E+007
 3.070E+013  1.708E-010  2.385E+008  6.498E+007
 3.090E+013  1.759E-010  2.386E+008  6.540E+007
 3.110E+013  1.812E-010  2.386E+008  6.583E+007
 3.130E+013  1.865E-010  2.386E+008  6.625E+007
 3.150E+013  1.920E-010  2.386E+008  6.668E+007
 3.170E+013  1.976E-010  2.387E+008  6.711E+007
 3.190E+013  2.033E-010  2.387E+008  6.753E+007
 3.210E+013  2.091E-010  2.387E+008  6.796E+007
 3.230E+013  2.151E-010  2.387E+008  6.839E+007
 3.250E+013  2.212E-010  2.388E+008  6.881E+007
 3.270E+013  2.275E-010  2.388E+008  6.924E+007
 3.290E+013  2.339E-010  2.388E+008  6.967E+007
 3.310E+013  2.404E-010  2.389E+008  7.010E+007
 3.330E+013  2.472E-010  2.389E+008  7.052E+007
 3.350E+013  2.541E-010  2.389E+008  7.095E+007
 3.370E+013  2.612E-010  2.390E+008  7.138E+007
 3.390E+013  2.685E-010  2.390E+008  7.181E+007
 3.410E+013  2.760E-010  2.391E+008  7.223E+007
 3.430E+013  2.837E-010  2.391E+008  7.266E+007
 3.450E+013  2.916E-010  2.391E+008  7.309E+007
 3.470E+013  2.997E-010  2.392E+008  7.352E+007
 3.490E+013  3.080E-010  2.392E+008  7.395E+007
 3.510E+013  3.165E-010  2.393E+008  7.438E+007
 3.530E+013  3.252E-010  2.393E+008  7.480E+007
 3.550E+013  3.342E-010  2.394E+008  7.523E+007
 3.570E+013  3.434E-010  2.394E+008  7.566E+007
 3.590E+013  3.528E-010  2.395E+008  7.609E+007
 3.610E+013  3.624E-010  2.395E+008  7.652E+007
 3.630E+013  3.723E-010  2.396E+008  7.695E+007
 3.650E+013  3.824E-010  2.396E+008  7.738E+007
 3.670E+013  3.928E-010  2.397E+008  7.781E+007
 3.690E+013  4.033E-010  2.398E+008  7.824E+007
 3.710E+013  4.142E-010  2.398E+008  7.867E+007
 3.730E+013  4.252E-010  2.399E+008  7.910E+007
 3.750E+013  4.365E-010  2.400E+008  7.954E+007
 3.770E+013  4.480E-010  2.400E+008  7.997E+007
 3.790E+013  4.598E-010  2.401E+008  8.040E+007
 3.810E+013  4.718E-010  2.402E+008  8.083E+007
 3.830E+013  4.841E-010  2.403E+008  8.126E+007
 3.850E+013  4.966E-010  2.403E+008  8.169E+007
 3.870E+013  5.094E-010  2.404E+008  8.213E+007
 3.890E+013  5.225E-010  2.405E+008  8.256E+007
 3.910E+013  5.358E-010  2.406E+008  8.299E+007
 3.930E+013  5.494E-010  2.407E+008  8.343E+007
 3.950E+013  5.632E-010  2.408E+008  8.386E+007
 3.970E+013  5.774E-010  2.409E+008  8.429E+007
 3.990E+013  5.918E-010  2.410E+008  8.473E+007
 4.010E+013  6.065E-010  2.411E+008  8.516E+007
 4.030E+013  6.215E-010  2.412E+008  8.560E+007
 4.050E+013  6.368E-010  2.413E+008  8.604E+007
 4.070E+013  6.524E-010  2.414E+008  8.647E+007
 4.090E+013  6.684E-010  2.415E+008  8.691E+007
 4.110E+013  6.846E-010  2.416E+008  8.735E+007
 4.130E+013  7.011E-010  2.418E+008  8.778E+007
 4.150E+013  7.180E-010  2.419E+008  8.822E+007
 4.170E+013  7.352E-010  2.420E+008  8.866E+007
 4.190E+013  7.528E-010  2.421E+008  8.910E+007
 4.210E+013  7.706E-010  2.423E+008  8.954E+007
 4.230E+013  7.888E-010  2.424E+008  8.998E+007
 4.250E+013  8.074E-010  2.426E+008  9.042E+007
 4.270E+013  8.263E-010  2.427E+008  9.086E+007
 4.290E+013  8.455E-010  2.429E+008  9.130E+007
 4.310E+013  8.651E-010  2.430E+008  9.174E+007
 4.330E+013  8.851E-010  2.432E+008  9.218E+007
 4.350E+013  9.054E-010  2.433E+008  9.262E+007
 4.370E+013  9.261E-010  2.435E+008  9.307E+007
 4.390E+013  9.472E-010  2.437E+008  9.351E+007
 4.410E+013  9.686E-010  2.439E+008  9.396E+007
 4.430E+013  9.905E-010  2.441E+008  9.440E+007
 4.450E+013  1.013E-009  2.443E+008  9.485E+007
 4.470E+013  1.035E-009  2.444E+008  9.529E+007
 4.490E+013  1.058E-009  2.446E+008  9.574E+007
 4.510E+013  1.082E-009  2.449E+008  9.619E+007
 4.530E+013  1.106E-009  2.451E+008  9.664E+007
 4.550E+013  1.130E-009  2.453E+008  9.709E+007
 4.570E+013  1.155E-009  2.455E+008  9.754E+007
 4.590E+013  1.180E-009  2.457E+008  9.799E+007
 4.610E+013  1.206E-009  2.460E+008  9.844E+007
 4.630E+013  1.233E-009  2.462E+008  9.889E+007
 4.650E+013  1.259E-009  2.465E+008  9.935E+007
 4.670E+013  1.287E-009  2.467E+008  9.980E+007
 4.690E+013  1.315E-009  2.470E+008  1.003E+008
 4.710E+013  1.343E-009  2.473E+008  1.007E+008
 4.730E+013  1.372E-009  2.475E+008  1.012E+008
 4.750E+013  1.401E-009  2.478E+008  1.016E+008
 4.770E+013  1.431E-009  2.481E+008  1.021E+008
 4.790E+013  1.462E-009  2.484E+008  1.025E+008
 4.810E+013  1.493E-009  2.487E+008  1.030E+008
 4.830E+013  1.525E-009  2.490E+008  1.035E+008
 4.850E+013  1.558E-009  2.493E+008  1.039E+008
 4.870E+013  1.591E-009  2.497E+008  1.044E+008
 4.890E+013  1.625E-009  2.500E+008  1.049E+008
 4.910E+013  1.659E-009  2.504E+008  1.053E+008
 4.930E+013  1.695E-009  2.507E+008  1.058E+008
 4.950E+013  1.730E-009  2.511E+008  1.063E+008
 4.970E+013  1.767E-009  2.515E+008  1.067E+008
 4.990E+013  1.804E-009  2.519E+008  1.072E+008
 5.010E+013  1.842E-009  2.523E+008  1.077E+008
 5.030E+013  1.881E-009  2.527E+008  1.082E+008
 5.050E+013  1.921E-009  2.531E+008  1.086E+008
 5.070E+013  1.961E-009  2.535E+008  1.091E+008
 5.090E+013  2.002E-009  2.539E+008  1.096E+008
 5.110E+013  2.044E-009  2.544E+008  1.101E+008
 5.130E+013  2.086E-009  2.549E+008  1.105E+008
 5.150E+013  2.130E-009  2.553E+008  1.110E+008
 5.170E+013  2.174E-009  2.558E+008  1.115E+008
 5.190E+013  2.219E-009  2.563E+008  1.120E+008
 5.210E+013  2.265E-009  2.568E+008  1.125E+008
 5.230E+013  2.312E-009  2.574E+008  1.130E+008
 5.250E+013  2.360E-009  2.579E+008  1.135E+008
 5.270E+013  2.409E-009  2.584E+008  1.140E+008
 5.290E+013  2.458E-009  2.590E+008  1.144E+008
 5.310E+013  2.509E-009  2.596E+008  1.149E+008
 5.330E+013  2.560E-009  2.602E+008  1.154E+008
 5.350E+013  2.613E-009  2.608E+008  1.159E+008
 5.370E+013  2.666E-009  2.614E+008  1.164E+008
 5.390E+013  2.721E-009  2.621E+008  1.169E+008
 5.410E+013  2.777E-009  2.627E+008  1.175E+008
 5.430E+013  2.833E-009  2.634E+008  1.180E+008
 5.450E+013  2.891E-009  2.641E+008  1.185E+008
 5.470E+013  2.950E-009  2.648E+008  1.190E+008
 5.490E+013  3.010E-009  2.655E+008  1.195E+008
 5.510E+013  3.071E-009  2.663E+008  1.200E+008
 5.530E+013  3.134E-009  2.670E+008  1.205E+008
 5.550E+013  3.197E-009  2.678E+008  1.211E+008
 5.570E+013  3.262E-009  2.686E+008  1.216E+008
 5.590E+013  3.329E-009  2.694E+008  1.221E+008
 5.610E+013  3.396E-009  2.703E+008  1.226E+008
 5.630E+013  3.465E-009  2.712E+008  1.232E+008
 5.650E+013  3.536E-009  2.720E+008  1.237E+008
 5.670E+013  3.608E-009  2.730E+008  1.242E+008
 5.690E+013  3.681E-009  2.739E+008  1.248E+008
 5.710E+013  3.756E-009  2.749E+008  1.253E+008
 5.730E+013  3.832E-009  2.758E+008  1.259E+008
 5.750E+013  3.910E-009  2.768E+008  1.264E+008
 5.770E+013  3.990E-009  2.779E+008  1.270E+008
 5.790E+013  4.071E-009  2.789E+008  1.275E+008
 5.810E+013  4.154E-009  2.800E+008  1.281E+008
 5.830E+013  4.239E-009  2.811E+008  1.286E+008
 5.850E+013  4.326E-009  2.823E+008  1.292E+008
 5.870E+013  4.414E-009  2.834E+008  1.297E+008
 5.890E+013  4.505E-009  2.847E+008  1.303E+008
 5.910E+013  4.597E-009  2.859E+008  1.309E+008
 5.930E+013  4.692E-009  2.871E+008  1.315E+008
 5.950E+013  4.788E-009  2.884E+008  1.320E+008
 5.970E+013  4.887E-009  2.898E+008  1.326E+008
 5.990E+013  4.988E-009  2.911E+008  1.332E+008
 6.010E+013  5.092E-009  2.925E+008  1.338E+008
 6.030E+013  5.197E-009  2.940E+008  1.344E+008
 6.050E+013  5.305E-009  2.955E+008  1.350E+008
 6.070E+013  5.416E-009  2.970E+008  1.356E+008
 6.090E+013  5.529E-009  2.985E+008  1.362E+008
 6.110E+013  5.645E-009  3.001E+008  1.368E+008
 6.130E+013  5.763E-009  3.017E+008  1.374E+008
 6.150E+013  5.884E-009  3.034E+008  1.380E+008
 6.170E+013  6.008E-009  3.052E+008  1.387E+008
 6.190E+013  6.135E-009  3.069E+008  1.393E+008
 6.210E+013  6.265E-009  3.087E+008  1.399E+008
 6.230E+013  6.399E-009  3.106E+008  1.405E+008
 6.250E+013  6.535E-009  3.125E+008  1.412E+008
 6.270E+013  6.675E-009  3.145E+008  1.418E+008
 6.290E+013  6.818E-009  3.165E+008  1.425E+008
 6.310E+013  6.965E-009  3.186E+008  1.431E+008
 6.330E+013  7.115E-009  3.207E+008  1.438E+008
 6.350E+013  7.270E-009  3.229E+008  1.444E+008
 6.370E+013  7.428E-009  3.251E+008  1.451E+008
 6.390E+013  7.590E-009  3.274E+008  1.458E+008
 6.410E+013  7.756E-009  3.298E+008  1.464E+008
 6.430E+013  7.927E-009  3.322E+008  1.471E+008
 6.450E+013  8.102E-009  3.347E+008  1.478E+008
 6.470E+013  8.282E-009  3.373E+008  1.485E+008
 6.490E+013  8.466E-009  3.399E+008  1.492E+008
 6.510E+013  8.656E-009  3.427E+008  1.499E+008
 6.530E+013  8.850E-009  3.454E+008  1.506E+008
 6.550E+013  9.050E-009  3.483E+008  1.513E+008
 6.570E+013  9.256E-009  3.513E+008  1.520E+008
 6.590E+013  9.467E-009  3.543E+008  1.528E+008
 6.610E+013  9.684E-009  3.574E+008  1.535E+008
 6.630E+013  9.907E-009  3.606E+008  1.542E+008
 6.650E+013  1.014E-008  3.639E+008  1.550E+008
 6.670E+013  1.037E-008  3.673E+008  1.557E+008
 6.690E+013  1.061E-008  3.708E+008  1.565E+008
 6.710E+013  1.086E-008  3.744E+008  1.572E+008
 6.730E+013  1.112E-008  3.781E+008  1.580E+008
 6.750E+013  1.139E-008  3.819E+008  1.587E+008
 6.770E+013  1.166E-008  3.858E+008  1.595E+008
 6.790E+013  1.194E-008  3.899E+008  1.603E+008
 6.810E+013  1.223E-008  3.940E+008  1.611E+008
 6.830E+013  1.253E-008  3.983E+008  1.619E+008
 6.850E+013  1.283E-008  4.027E+008  1.627E+008
 6.870E+013  1.315E-008  4.072E+008  1.635E+008
 6.890E+013  1.348E-008  4.119E+008  1.643E+008
 6.910E+013  1.382E-008  4.167E+008  1.651E+008
 6.930E+013  1.416E-008  4.217E+008  1.659E+008
 6.950E+013  1.452E-008  4.268E+008  1.668E+008
 6.970E+013  1.489E-008  4.320E+008  1.676E+008
 6.990E+013  1.528E-008  4.375E+008  1.684E+008
 7.010E+013  1.567E-008  4.431E+008  1.693E+008
 7.030E+013  1.608E-008  4.488E+008  1.702E+008
 7.050E+013  1.650E-008  4.548E+008  1.710E+008
 7.070E+013  1.694E-008  4.609E+008  1.719E+008
 7.090E+013  1.739E-008  4.673E+008  1.728E+008
 7.110E+013  1.786E-008  4.738E+008  1.736E+008
 7.130E+013  1.834E-008  4.806E+008  1.745E+008
 7.150E+013  1.884E-008  4.875E+008  1.754E+008
 7.170E+013  1.936E-008  4.947E+008  1.763E+008
 7.190E+013  1.990E-008  5.022E+008  1.772E+008
 7.210E+013  2.045E-008  5.098E+008  1.782E+008
 7.230E+013  2.103E-008  5.177E+008  1.791E+008
 7.250E+013  2.162E-008  5.259E+008  1.800E+008
 7.270E+013  2.224E-008  5.344E+008  1.809E+008
 7.290E+013  2.288E-008  5.431E+008  1.819E+008
 7.310E+013  2.355E-008  5.522E+008  1.828E+008
 7.330E+013  2.424E-008  5.615E+008  1.838E+008
 7.350E+013  2.496E-008  5.712E+008  1.847E+008
 7.370E+013  2.570E-008  5.812E+008  1.857E+008
 7.390E+013  2.647E-008  5.915E+008  1.867E+008
 7.410E+013  2.728E-008  6.022E+008  1.876E+008
 7.430E+013  2.811E-008  6.133E+008  1.886E+008
 7.450E+013  2.898E-008  6.247E+008  1.896E+008
 7.470E+013  2.989E-008  6.366E+008  1.906E+008
 7.490E+013  3.083E-008  6.489E+008  1.916E+008
 7.510E+013  3.180E-008  6.616E+008  1.926E+008
 7.530E+013  3.282E-008  6.747E+008  1.936E+008
 7.550E+013  3.390E-008  6.888E+008  1.946E+008
 7.570E+013  3.500E-008  7.030E+008  1.957E+008
 7.590E+013  3.609E-008  7.156E+008  1.966E+008
 7.610E+013  3.735E-008  7.336E+008  1.975E+008
 7.630E+013  3.887E-008  7.603E+008  1.995E+008
 7.650E+013  3.932E-008  7.568E+008  2.008E+008
 7.670E+013  3.677E-008  6.459E+008  1.968E+008
 7.690E+013  2.602E-008  3.198E+008  1.745E+008
 7.710E+013  1.510E-008  5.931E+007  1.206E+008
 7.730E+013  1.093E-008  1.948E+006  4.782E+007
 7.750E+013  1.004E-008  8.870E+002  4.791E+006
 7.770E+013  1.000E-008  6.236E+001  2.196E+004
 7.790E+013  1.000E-008  6.236E+001  2.040E-001
 7.810E+013  1.000E-008  6.236E+001  7.658E-011
 7.830E+013  1.000E-008  6.236E+001 -8.101E-013
 7.850E+013  1.000E-008  6.236E+001 -6.981E-070
 7.870E+013  1.000E-008  6.236E+001 -6.548E-032
 7.890E+013  1.000E-008  6.236E+001 -4.050E-013
 7.910E+013  1.000E-008  6.236E+001 -2.025E-012
 7.930E+013  1.000E-008  6.236E+001  1.215E-012
 7.950E+013  1.000E-008  6.236E+001  1.215E-012
 7.970E+013  1.000E-008  6.236E+001 -1.620E-012
 7.990E+013  1.000E-008  6.236E+001  1.620E-012
 8.010E+013  1.000E-008  6.236E+001  1.246E-030
 8.030E+013  1.000E-008  6.236E+001  2.530E-067
 8.050E+013  1.000E-008  6.236E+001  4.861E-141
 8.070E+013  1.000E-008  6.236E+001 -9.360E-282
 8.090E+013  1.000E-008  6.236E+001 -1.596E-137
 8.110E+013  1.000E-008  6.236E+001 -1.450E-065
 8.130E+013  1.000E-008  6.236E+001 -9.435E-030
 8.150E+013  1.000E-008  6.236E+001 -4.455E-012
 8.170E+013  1.000E-008  6.236E+001  5.671E-012
 8.190E+013  1.000E-008  6.236E+001 -1.215E-012
 8.210E+013  1.000E-008  6.236E+001  0.000E+000
 8.230E+013  1.000E-008  6.236E+001  0.000E+000
 8.250E+013  1.000E-008  6.236E+001  0.000E+000
 8.270E+013  1.000E-008  6.236E+001  0.000E+000
 8.290E+013  1.000E-008  6.236E+001  1.620E-012
 8.310E+013  1.000E-008  6.236E+001 -1.620E-012
 8.330E+013  1.000E-008  6.236E+001 -7.572E-032
 8.350E+013  1.000E-008  6.236E+001  2.430E-012
 8.370E+013  1.000E-008  6.236E+001 -2.025E-012
 8.390E+013  1.000E-008  6.236E+001 -7.798E-032
 8.410E+013  1.000E-008  6.236E+001 -4.050E-013
 8.430E+013  1.000E-008  6.236E+001  4.050E-013
 8.450E+013  1.000E-008  6.236E+001 -7.388E-035
 8.470E+013  1.000E-008  6.236E+001 -4.050E-013
 8.490E+013  1.000E-008  6.236E+001 -3.676E-035
 8.510E+013  1.000E-008  6.236E+001  4.050E-013
 8.530E+013  1.000E-008  6.236E+001 -7.318E-035
 8.550E+013  1.000E-008  6.236E+001 -4.050E-013
 8.570E+013  1.000E-008  6.236E+001 -3.642E-035
 8.590E+013  1.000E-008  6.236E+001  4.050E-013
 8.610E+013  1.000E-008  6.236E+001 -4.050E-013
 8.630E+013  1.000E-008  6.236E+001  0.000E+000
 8.650E+013  1.000E-008  6.236E+001  0.000E+000
 8.670E+013  1.000E-008  6.236E+001  0.000E+000
 8.690E+013  1.000E-008  6.236E+001  0.000E+000
 8.710E+013  1.000E-008  6.236E+001  0.000E+000
 8.730E+013  1.000E-008  6.236E+001  0.000E+000
 8.750E+013  1.000E-008  6.236E+001  4.050E-013
 8.770E+013  1.000E-008  6.236E+001 -4.050E-013
 8.790E+013  1.000E-008  6.236E+001 -3.551E-035
 8.810E+013  1.000E-008  6.236E+001  4.050E-013
 8.830E+013  1.000E-008  6.236E+001 -4.050E-013
 8.850E+013  1.000E-008  6.236E+001  4.050E-013
 8.870E+013  1.000E-008  6.236E+001  4.050E-013
 8.890E+013  1.000E-008  6.236E+001 -8.101E-013
 8.910E+013  1.000E-008  6.236E+001  0.000E+000
 8.930E+013  1.000E-008  6.236E+001  0.000E+000
 8.950E+013  1.000E-008  6.236E+001  0.000E+000
 8.970E+013  1.000E-008  6.236E+001  0.000E+000
 8.990E+013  1.000E-008  6.236E+001  0.000E+000
 9.010E+013  1.000E-008  6.236E+001  4.050E-013
 9.030E+013  1.000E-008  6.236E+001 -6.913E-035
 9.050E+013  1.000E-008  6.236E+001 -4.050E-013
 9.070E+013  1.000E-008  6.236E+001  4.050E-013
 9.090E+013  1.000E-008  6.236E+001 -6.867E-035
 9.110E+013  1.000E-008  6.236E+001 -4.050E-013
 9.130E+013  1.000E-008  6.236E+001  0.000E+000
 9.150E+013  1.000E-008  6.236E+001  0.000E+000
 9.170E+013  1.000E-008  6.236E+001  0.000E+000
 9.190E+013  1.000E-008  6.236E+001  0.000E+000
 9.210E+013  1.000E-008  6.236E+001  0.000E+000
 9.230E+013  1.000E-008  6.236E+001  4.050E-013
 9.250E+013  1.000E-008  6.236E+001 -6.748E-035
 9.270E+013  1.000E-008  6.236E+001 -4.050E-013
 9.290E+013  1.000E-008  6.236E+001  0.000E+000
 9.310E+013  1.000E-008  6.236E+001  0.000E+000
 9.330E+013  1.000E-008  6.236E+001  0.000E+000
 9.350E+013  1.000E-008  6.236E+001  0.000E+000
 9.370E+013  1.000E-008  6.236E+001  4.050E-013
 9.390E+013  1.000E-008  6.236E+001 -4.050E-013
 9.410E+013  1.000E-008  6.236E+001  4.050E-013
 9.430E+013  1.000E-008  6.236E+001 -4.050E-013
 9.450E+013  1.000E-008  6.236E+001  0.000E+000
 9.470E+013  1.000E-008  6.236E+001  0.000E+000
 9.490E+013  1.000E-008  6.236E+001  0.000E+000
 9.510E+013  1.000E-008  6.236E+001  0.000E+000
 9.530E+013  1.000E-008  6.236E+001  4.050E-013
 9.550E+013  1.000E-008  6.236E+001 -4.050E-013
 9.570E+013  1.000E-008  6.236E+001 -9.900E-070
 9.590E+013  1.000E-008  6.236E+001 -7.797E-032
 9.610E+013  1.000E-008  6.236E+001 -4.050E-013
 9.630E+013  1.000E-008  6.236E+001  4.050E-013
 9.650E+013  1.000E-008  6.236E+001  7.791E-032
 9.670E+013  1.000E-008  6.236E+001  4.050E-013
 9.690E+013  1.000E-008  6.236E+001 -4.050E-013
 9.710E+013  1.000E-008  6.236E+001  0.000E+000
 9.730E+013  1.000E-008  6.236E+001  0.000E+000
 9.750E+013  1.000E-008  6.236E+001  0.000E+000
 9.770E+013  1.000E-008  6.236E+001  0.000E+000
 9.790E+013  1.000E-008  6.236E+001  0.000E+000
 9.810E+013  1.000E-008  6.236E+001  0.000E+000
 9.830E+013  1.000E-008  6.236E+001  0.000E+000
 9.850E+013  1.000E-008  6.236E+001  0.000E+000
 9.870E+013  1.000E-008  6.236E+001  0.000E+000
 9.890E+013  1.000E-008  6.236E+001  0.000E+000
 9.910E+013  1.000E-008  6.236E+001  0.000E+000
 9.930E+013  1.000E-008  6.236E+001  0.000E+000
 9.950E+013  1.000E-008  6.236E+001  4.050E-013
 9.970E+013  1.000E-008  6.236E+001 -4.050E-013
 9.990E+013  1.000E-008  6.236E+001  0.000E+000
 1.001E+014  1.000E-099  1.000E-099  0.000E+000
 1.003E+014  1.000E-099  1.000E-099  0.000E+000
 3.615E-003
