 2.040E+005
     x1b        dens       energ       v1
 1.000E+011  1.300E-012  1.177E+008  0.000E+000
 3.000E+011  1.301E-012  1.177E+008  2.536E+005
 5.000E+011  1.302E-012  1.177E+008  4.683E+005
 7.000E+011  1.304E-012  1.177E+008  7.153E+005
 9.000E+011  1.309E-012  1.177E+008  9.479E+005
 1.100E+012  1.315E-012  1.177E+008  1.188E+006
 1.300E+012  1.323E-012  1.177E+008  1.424E+006
 1.500E+012  1.333E-012  1.177E+008  1.662E+006
 1.700E+012  1.346E-012  1.177E+008  1.899E+006
 1.900E+012  1.360E-012  1.177E+008  2.137E+006
 2.100E+012  1.375E-012  1.177E+008  2.374E+006
 2.300E+012  1.392E-012  1.177E+008  2.611E+006
 2.500E+012  1.409E-012  1.177E+008  2.849E+006
 2.700E+012  1.427E-012  1.177E+008  3.086E+006
 2.900E+012  1.446E-012  1.177E+008  3.323E+006
 3.100E+012  1.465E-012  1.177E+008  3.561E+006
 3.300E+012  1.483E-012  1.177E+008  3.798E+006
 3.500E+012  1.502E-012  1.177E+008  4.036E+006
 3.700E+012  1.520E-012  1.177E+008  4.273E+006
 3.900E+012  1.538E-012  1.177E+008  4.510E+006
 4.100E+012  1.555E-012  1.177E+008  4.748E+006
 4.300E+012  1.570E-012  1.177E+008  4.985E+006
 4.500E+012  1.582E-012  1.177E+008  5.223E+006
 4.700E+012  1.591E-012  1.177E+008  5.460E+006
 4.900E+012  1.596E-012  1.177E+008  5.697E+006
 5.100E+012  1.597E-012  1.177E+008  5.935E+006
 5.300E+012  1.597E-012  1.177E+008  6.172E+006
 5.500E+012  1.597E-012  1.177E+008  6.409E+006
 5.700E+012  1.597E-012  1.177E+008  6.647E+006
 5.900E+012  1.597E-012  1.177E+008  6.884E+006
 6.100E+012  1.597E-012  1.177E+008  7.122E+006
 6.300E+012  1.597E-012  1.177E+008  7.359E+006
 6.500E+012  1.597E-012  1.177E+008  7.596E+006
 6.700E+012  1.596E-012  1.177E+008  7.834E+006
 6.900E+012  1.595E-012  1.177E+008  8.071E+006
 7.100E+012  1.594E-012  1.177E+008  8.308E+006
 7.300E+012  1.593E-012  1.177E+008  8.546E+006
 7.500E+012  1.592E-012  1.177E+008  8.783E+006
 7.700E+012  1.590E-012  1.177E+008  9.021E+006
 7.900E+012  1.589E-012  1.177E+008  9.258E+006
 8.100E+012  1.589E-012  1.177E+008  9.495E+006
 8.300E+012  1.589E-012  1.177E+008  9.733E+006
 8.500E+012  1.589E-012  1.177E+008  9.970E+006
 8.700E+012  1.589E-012  1.177E+008  1.021E+007
 8.900E+012  1.589E-012  1.177E+008  1.044E+007
 9.100E+012  1.589E-012  1.177E+008  1.068E+007
 9.300E+012  1.590E-012  1.177E+008  1.092E+007
 9.500E+012  1.590E-012  1.177E+008  1.116E+007
 9.700E+012  1.591E-012  1.177E+008  1.139E+007
 9.900E+012  1.592E-012  1.177E+008  1.163E+007
 1.010E+013  1.594E-012  1.177E+008  1.187E+007
 1.030E+013  1.596E-012  1.177E+008  1.211E+007
 1.050E+013  1.599E-012  1.177E+008  1.234E+007
 1.070E+013  1.603E-012  1.177E+008  1.258E+007
 1.090E+013  1.607E-012  1.177E+008  1.282E+007
 1.110E+013  1.612E-012  1.177E+008  1.306E+007
 1.130E+013  1.618E-012  1.177E+008  1.329E+007
 1.150E+013  1.626E-012  1.177E+008  1.353E+007
 1.170E+013  1.634E-012  1.177E+008  1.377E+007
 1.190E+013  1.644E-012  1.177E+008  1.401E+007
 1.210E+013  1.656E-012  1.177E+008  1.424E+007
 1.230E+013  1.669E-012  1.177E+008  1.448E+007
 1.250E+013  1.684E-012  1.177E+008  1.472E+007
 1.270E+013  1.700E-012  1.177E+008  1.496E+007
 1.290E+013  1.719E-012  1.177E+008  1.519E+007
 1.310E+013  1.741E-012  1.177E+008  1.543E+007
 1.330E+013  1.764E-012  1.177E+008  1.567E+007
 1.350E+013  1.791E-012  1.177E+008  1.591E+007
 1.370E+013  1.820E-012  1.177E+008  1.614E+007
 1.390E+013  1.852E-012  1.177E+008  1.638E+007
 1.410E+013  1.888E-012  1.177E+008  1.662E+007
 1.430E+013  1.927E-012  1.177E+008  1.686E+007
 1.450E+013  1.971E-012  1.177E+008  1.709E+007
 1.470E+013  2.019E-012  1.177E+008  1.733E+007
 1.490E+013  2.071E-012  1.177E+008  1.757E+007
 1.510E+013  2.129E-012  1.177E+008  1.781E+007
 1.530E+013  2.192E-012  1.177E+008  1.804E+007
 1.550E+013  2.261E-012  1.177E+008  1.828E+007
 1.570E+013  2.337E-012  1.177E+008  1.852E+007
 1.590E+013  2.419E-012  1.177E+008  1.876E+007
 1.610E+013  2.510E-012  1.177E+008  1.899E+007
 1.630E+013  2.608E-012  1.177E+008  1.923E+007
 1.650E+013  2.716E-012  1.177E+008  1.947E+007
 1.670E+013  2.833E-012  1.177E+008  1.971E+007
 1.690E+013  2.961E-012  1.177E+008  1.995E+007
 1.710E+013  3.101E-012  1.177E+008  2.018E+007
 1.730E+013  3.253E-012  1.177E+008  2.042E+007
 1.750E+013  3.418E-012  1.177E+008  2.066E+007
 1.770E+013  3.597E-012  1.177E+008  2.090E+007
 1.790E+013  3.792E-012  1.177E+008  2.114E+007
 1.810E+013  4.004E-012  1.177E+008  2.137E+007
 1.830E+013  4.233E-012  1.177E+008  2.161E+007
 1.850E+013  4.481E-012  1.177E+008  2.185E+007
 1.870E+013  4.750E-012  1.177E+008  2.209E+007
 1.890E+013  5.039E-012  1.177E+008  2.233E+007
 1.910E+013  5.350E-012  1.177E+008  2.256E+007
 1.930E+013  5.685E-012  1.177E+008  2.280E+007
 1.950E+013  6.044E-012  1.177E+008  2.304E+007
 1.970E+013  6.428E-012  1.177E+008  2.328E+007
 1.990E+013  6.838E-012  1.177E+008  2.351E+007
 2.010E+013  7.274E-012  1.177E+008  2.375E+007
 2.030E+013  7.737E-012  1.177E+008  2.399E+007
 2.050E+013  8.226E-012  1.177E+008  2.423E+007
 2.070E+013  8.742E-012  1.177E+008  2.446E+007
 2.090E+013  9.283E-012  1.177E+008  2.470E+007
 2.110E+013  9.851E-012  1.177E+008  2.494E+007
 2.130E+013  1.044E-011  1.177E+008  2.518E+007
 2.150E+013  1.106E-011  1.177E+008  2.541E+007
 2.170E+013  1.170E-011  1.177E+008  2.565E+007
 2.190E+013  1.236E-011  1.177E+008  2.589E+007
 2.210E+013  1.303E-011  1.177E+008  2.612E+007
 2.230E+013  1.373E-011  1.177E+008  2.636E+007
 2.250E+013  1.444E-011  1.177E+008  2.660E+007
 2.270E+013  1.517E-011  1.177E+008  2.684E+007
 2.290E+013  1.591E-011  1.177E+008  2.707E+007
 2.310E+013  1.666E-011  1.177E+008  2.731E+007
 2.330E+013  1.742E-011  1.177E+008  2.755E+007
 2.350E+013  1.820E-011  1.177E+008  2.778E+007
 2.370E+013  1.898E-011  1.177E+008  2.802E+007
 2.390E+013  1.977E-011  1.177E+008  2.826E+007
 2.410E+013  2.057E-011  1.177E+008  2.849E+007
 2.430E+013  2.137E-011  1.177E+008  2.873E+007
 2.450E+013  2.219E-011  1.177E+008  2.897E+007
 2.470E+013  2.301E-011  1.177E+008  2.921E+007
 2.490E+013  2.384E-011  1.177E+008  2.944E+007
 2.510E+013  2.469E-011  1.177E+008  2.968E+007
 2.530E+013  2.554E-011  1.177E+008  2.992E+007
 2.550E+013  2.641E-011  1.177E+008  3.015E+007
 2.570E+013  2.728E-011  1.177E+008  3.039E+007
 2.590E+013  2.818E-011  1.177E+008  3.063E+007
 2.610E+013  2.908E-011  1.177E+008  3.087E+007
 2.630E+013  3.001E-011  1.177E+008  3.110E+007
 2.650E+013  3.095E-011  1.177E+008  3.134E+007
 2.670E+013  3.191E-011  1.177E+008  3.158E+007
 2.690E+013  3.290E-011  1.177E+008  3.182E+007
 2.710E+013  3.390E-011  1.177E+008  3.205E+007
 2.730E+013  3.494E-011  1.177E+008  3.229E+007
 2.750E+013  3.600E-011  1.177E+008  3.253E+007
 2.770E+013  3.708E-011  1.177E+008  3.277E+007
 2.790E+013  3.820E-011  1.177E+008  3.300E+007
 2.810E+013  3.935E-011  1.177E+008  3.324E+007
 2.830E+013  4.053E-011  1.177E+008  3.348E+007
 2.850E+013  4.175E-011  1.178E+008  3.372E+007
 2.870E+013  4.300E-011  1.178E+008  3.395E+007
 2.890E+013  4.430E-011  1.178E+008  3.419E+007
 2.910E+013  4.563E-011  1.178E+008  3.443E+007
 2.930E+013  4.701E-011  1.178E+008  3.467E+007
 2.950E+013  4.843E-011  1.178E+008  3.490E+007
 2.970E+013  4.989E-011  1.178E+008  3.514E+007
 2.990E+013  5.141E-011  1.178E+008  3.538E+007
 3.010E+013  5.296E-011  1.178E+008  3.562E+007
 3.030E+013  5.457E-011  1.178E+008  3.585E+007
 3.050E+013  5.623E-011  1.178E+008  3.609E+007
 3.070E+013  5.794E-011  1.178E+008  3.633E+007
 3.090E+013  5.970E-011  1.178E+008  3.657E+007
 3.110E+013  6.151E-011  1.178E+008  3.680E+007
 3.130E+013  6.337E-011  1.178E+008  3.704E+007
 3.150E+013  6.529E-011  1.178E+008  3.728E+007
 3.170E+013  6.726E-011  1.178E+008  3.752E+007
 3.190E+013  6.928E-011  1.178E+008  3.776E+007
 3.210E+013  7.135E-011  1.178E+008  3.799E+007
 3.230E+013  7.347E-011  1.178E+008  3.823E+007
 3.250E+013  7.565E-011  1.178E+008  3.847E+007
 3.270E+013  7.788E-011  1.178E+008  3.871E+007
 3.290E+013  8.015E-011  1.178E+008  3.894E+007
 3.310E+013  8.248E-011  1.178E+008  3.918E+007
 3.330E+013  8.485E-011  1.178E+008  3.942E+007
 3.350E+013  8.728E-011  1.178E+008  3.966E+007
 3.370E+013  8.975E-011  1.178E+008  3.989E+007
 3.390E+013  9.227E-011  1.178E+008  4.013E+007
 3.410E+013  9.483E-011  1.178E+008  4.037E+007
 3.430E+013  9.745E-011  1.178E+008  4.061E+007
 3.450E+013  1.001E-010  1.178E+008  4.085E+007
 3.470E+013  1.028E-010  1.178E+008  4.108E+007
 3.490E+013  1.056E-010  1.178E+008  4.132E+007
 3.510E+013  1.084E-010  1.179E+008  4.156E+007
 3.530E+013  1.112E-010  1.179E+008  4.180E+007
 3.550E+013  1.141E-010  1.179E+008  4.204E+007
 3.570E+013  1.171E-010  1.179E+008  4.227E+007
 3.590E+013  1.201E-010  1.179E+008  4.251E+007
 3.610E+013  1.232E-010  1.179E+008  4.275E+007
 3.630E+013  1.263E-010  1.179E+008  4.299E+007
 3.650E+013  1.294E-010  1.179E+008  4.322E+007
 3.670E+013  1.327E-010  1.179E+008  4.346E+007
 3.690E+013  1.360E-010  1.179E+008  4.370E+007
 3.710E+013  1.393E-010  1.179E+008  4.394E+007
 3.730E+013  1.428E-010  1.179E+008  4.418E+007
 3.750E+013  1.463E-010  1.179E+008  4.442E+007
 3.770E+013  1.499E-010  1.179E+008  4.465E+007
 3.790E+013  1.535E-010  1.179E+008  4.489E+007
 3.810E+013  1.573E-010  1.179E+008  4.513E+007
 3.830E+013  1.611E-010  1.180E+008  4.537E+007
 3.850E+013  1.650E-010  1.180E+008  4.561E+007
 3.870E+013  1.690E-010  1.180E+008  4.585E+007
 3.890E+013  1.731E-010  1.180E+008  4.608E+007
 3.910E+013  1.772E-010  1.180E+008  4.632E+007
 3.930E+013  1.815E-010  1.180E+008  4.656E+007
 3.950E+013  1.859E-010  1.180E+008  4.680E+007
 3.970E+013  1.903E-010  1.180E+008  4.704E+007
 3.990E+013  1.949E-010  1.180E+008  4.728E+007
 4.010E+013  1.996E-010  1.180E+008  4.752E+007
 4.030E+013  2.044E-010  1.180E+008  4.775E+007
 4.050E+013  2.092E-010  1.181E+008  4.799E+007
 4.070E+013  2.142E-010  1.181E+008  4.823E+007
 4.090E+013  2.193E-010  1.181E+008  4.847E+007
 4.110E+013  2.246E-010  1.181E+008  4.871E+007
 4.130E+013  2.299E-010  1.181E+008  4.895E+007
 4.150E+013  2.353E-010  1.181E+008  4.919E+007
 4.170E+013  2.409E-010  1.181E+008  4.943E+007
 4.190E+013  2.465E-010  1.181E+008  4.967E+007
 4.210E+013  2.523E-010  1.182E+008  4.990E+007
 4.230E+013  2.582E-010  1.182E+008  5.014E+007
 4.250E+013  2.642E-010  1.182E+008  5.038E+007
 4.270E+013  2.703E-010  1.182E+008  5.062E+007
 4.290E+013  2.765E-010  1.182E+008  5.086E+007
 4.310E+013  2.829E-010  1.182E+008  5.110E+007
 4.330E+013  2.893E-010  1.183E+008  5.134E+007
 4.350E+013  2.959E-010  1.183E+008  5.158E+007
 4.370E+013  3.026E-010  1.183E+008  5.182E+007
 4.390E+013  3.094E-010  1.183E+008  5.206E+007
 4.410E+013  3.164E-010  1.183E+008  5.230E+007
 4.430E+013  3.234E-010  1.183E+008  5.254E+007
 4.450E+013  3.306E-010  1.184E+008  5.278E+007
 4.470E+013  3.379E-010  1.184E+008  5.302E+007
 4.490E+013  3.454E-010  1.184E+008  5.326E+007
 4.510E+013  3.529E-010  1.184E+008  5.350E+007
 4.530E+013  3.606E-010  1.184E+008  5.374E+007
 4.550E+013  3.685E-010  1.185E+008  5.398E+007
 4.570E+013  3.764E-010  1.185E+008  5.422E+007
 4.590E+013  3.845E-010  1.185E+008  5.446E+007
 4.610E+013  3.928E-010  1.185E+008  5.470E+007
 4.630E+013  4.012E-010  1.186E+008  5.494E+007
 4.650E+013  4.097E-010  1.186E+008  5.518E+007
 4.670E+013  4.184E-010  1.186E+008  5.542E+007
 4.690E+013  4.272E-010  1.186E+008  5.566E+007
 4.710E+013  4.361E-010  1.187E+008  5.591E+007
 4.730E+013  4.452E-010  1.187E+008  5.615E+007
 4.750E+013  4.545E-010  1.187E+008  5.639E+007
 4.770E+013  4.639E-010  1.187E+008  5.663E+007
 4.790E+013  4.735E-010  1.188E+008  5.687E+007
 4.810E+013  4.832E-010  1.188E+008  5.711E+007
 4.830E+013  4.931E-010  1.188E+008  5.735E+007
 4.850E+013  5.031E-010  1.189E+008  5.760E+007
 4.870E+013  5.133E-010  1.189E+008  5.784E+007
 4.890E+013  5.237E-010  1.189E+008  5.808E+007
 4.910E+013  5.342E-010  1.190E+008  5.832E+007
 4.930E+013  5.449E-010  1.190E+008  5.857E+007
 4.950E+013  5.558E-010  1.190E+008  5.881E+007
 4.970E+013  5.668E-010  1.191E+008  5.905E+007
 4.990E+013  5.780E-010  1.191E+008  5.929E+007
 5.010E+013  5.894E-010  1.192E+008  5.954E+007
 5.030E+013  6.009E-010  1.192E+008  5.978E+007
 5.050E+013  6.126E-010  1.192E+008  6.002E+007
 5.070E+013  6.245E-010  1.193E+008  6.027E+007
 5.090E+013  6.366E-010  1.193E+008  6.051E+007
 5.110E+013  6.488E-010  1.194E+008  6.075E+007
 5.130E+013  6.613E-010  1.194E+008  6.100E+007
 5.150E+013  6.739E-010  1.195E+008  6.124E+007
 5.170E+013  6.867E-010  1.195E+008  6.149E+007
 5.190E+013  6.997E-010  1.195E+008  6.173E+007
 5.210E+013  7.130E-010  1.196E+008  6.198E+007
 5.230E+013  7.264E-010  1.196E+008  6.222E+007
 5.250E+013  7.400E-010  1.197E+008  6.247E+007
 5.270E+013  7.539E-010  1.197E+008  6.271E+007
 5.290E+013  7.679E-010  1.198E+008  6.296E+007
 5.310E+013  7.822E-010  1.199E+008  6.320E+007
 5.330E+013  7.967E-010  1.199E+008  6.345E+007
 5.350E+013  8.115E-010  1.200E+008  6.370E+007
 5.370E+013  8.264E-010  1.200E+008  6.394E+007
 5.390E+013  8.416E-010  1.201E+008  6.419E+007
 5.410E+013  8.571E-010  1.202E+008  6.444E+007
 5.430E+013  8.728E-010  1.202E+008  6.468E+007
 5.450E+013  8.887E-010  1.203E+008  6.493E+007
 5.470E+013  9.050E-010  1.203E+008  6.518E+007
 5.490E+013  9.214E-010  1.204E+008  6.543E+007
 5.510E+013  9.382E-010  1.205E+008  6.567E+007
 5.530E+013  9.552E-010  1.205E+008  6.592E+007
 5.550E+013  9.724E-010  1.206E+008  6.617E+007
 5.570E+013  9.900E-010  1.207E+008  6.642E+007
 5.590E+013  1.008E-009  1.208E+008  6.667E+007
 5.610E+013  1.026E-009  1.208E+008  6.692E+007
 5.630E+013  1.044E-009  1.209E+008  6.717E+007
 5.650E+013  1.063E-009  1.210E+008  6.742E+007
 5.670E+013  1.082E-009  1.211E+008  6.767E+007
 5.690E+013  1.101E-009  1.212E+008  6.792E+007
 5.710E+013  1.121E-009  1.212E+008  6.817E+007
 5.730E+013  1.141E-009  1.213E+008  6.842E+007
 5.750E+013  1.161E-009  1.214E+008  6.868E+007
 5.770E+013  1.182E-009  1.215E+008  6.893E+007
 5.790E+013  1.203E-009  1.216E+008  6.918E+007
 5.810E+013  1.224E-009  1.217E+008  6.943E+007
 5.830E+013  1.245E-009  1.218E+008  6.969E+007
 5.850E+013  1.267E-009  1.219E+008  6.994E+007
 5.870E+013  1.289E-009  1.220E+008  7.019E+007
 5.890E+013  1.312E-009  1.221E+008  7.045E+007
 5.910E+013  1.335E-009  1.222E+008  7.070E+007
 5.930E+013  1.358E-009  1.223E+008  7.096E+007
 5.950E+013  1.381E-009  1.224E+008  7.121E+007
 5.970E+013  1.405E-009  1.225E+008  7.147E+007
 5.990E+013  1.430E-009  1.226E+008  7.173E+007
 6.010E+013  1.454E-009  1.228E+008  7.198E+007
 6.030E+013  1.479E-009  1.229E+008  7.224E+007
 6.050E+013  1.505E-009  1.230E+008  7.250E+007
 6.070E+013  1.530E-009  1.231E+008  7.276E+007
 6.090E+013  1.556E-009  1.233E+008  7.302E+007
 6.110E+013  1.583E-009  1.234E+008  7.328E+007
 6.130E+013  1.610E-009  1.235E+008  7.354E+007
 6.150E+013  1.637E-009  1.237E+008  7.380E+007
 6.170E+013  1.665E-009  1.238E+008  7.406E+007
 6.190E+013  1.693E-009  1.239E+008  7.432E+007
 6.210E+013  1.721E-009  1.241E+008  7.458E+007
 6.230E+013  1.750E-009  1.242E+008  7.484E+007
 6.250E+013  1.780E-009  1.244E+008  7.511E+007
 6.270E+013  1.810E-009  1.245E+008  7.537E+007
 6.290E+013  1.840E-009  1.247E+008  7.563E+007
 6.310E+013  1.871E-009  1.248E+008  7.590E+007
 6.330E+013  1.902E-009  1.250E+008  7.616E+007
 6.350E+013  1.933E-009  1.252E+008  7.643E+007
 6.370E+013  1.965E-009  1.253E+008  7.670E+007
 6.390E+013  1.998E-009  1.255E+008  7.696E+007
 6.410E+013  2.031E-009  1.257E+008  7.723E+007
 6.430E+013  2.064E-009  1.259E+008  7.750E+007
 6.450E+013  2.098E-009  1.260E+008  7.777E+007
 6.470E+013  2.133E-009  1.262E+008  7.804E+007
 6.490E+013  2.168E-009  1.264E+008  7.831E+007
 6.510E+013  2.204E-009  1.266E+008  7.858E+007
 6.530E+013  2.240E-009  1.268E+008  7.885E+007
 6.550E+013  2.276E-009  1.270E+008  7.912E+007
 6.570E+013  2.314E-009  1.272E+008  7.940E+007
 6.590E+013  2.352E-009  1.274E+008  7.967E+007
 6.610E+013  2.390E-009  1.277E+008  7.995E+007
 6.630E+013  2.429E-009  1.279E+008  8.022E+007
 6.650E+013  2.468E-009  1.281E+008  8.050E+007
 6.670E+013  2.509E-009  1.283E+008  8.078E+007
 6.690E+013  2.549E-009  1.286E+008  8.106E+007
 6.710E+013  2.591E-009  1.288E+008  8.133E+007
 6.730E+013  2.633E-009  1.290E+008  8.161E+007
 6.750E+013  2.676E-009  1.293E+008  8.189E+007
 6.770E+013  2.719E-009  1.295E+008  8.218E+007
 6.790E+013  2.763E-009  1.298E+008  8.246E+007
 6.810E+013  2.808E-009  1.301E+008  8.274E+007
 6.830E+013  2.853E-009  1.303E+008  8.303E+007
 6.850E+013  2.900E-009  1.306E+008  8.331E+007
 6.870E+013  2.947E-009  1.309E+008  8.360E+007
 6.890E+013  2.994E-009  1.312E+008  8.389E+007
 6.910E+013  3.043E-009  1.314E+008  8.417E+007
 6.930E+013  3.092E-009  1.317E+008  8.446E+007
 6.950E+013  3.142E-009  1.320E+008  8.475E+007
 6.970E+013  3.193E-009  1.324E+008  8.505E+007
 6.990E+013  3.244E-009  1.327E+008  8.534E+007
 7.010E+013  3.297E-009  1.330E+008  8.563E+007
 7.030E+013  3.350E-009  1.333E+008  8.593E+007
 7.050E+013  3.404E-009  1.336E+008  8.622E+007
 7.070E+013  3.459E-009  1.340E+008  8.652E+007
 7.090E+013  3.515E-009  1.343E+008  8.682E+007
 7.110E+013  3.572E-009  1.347E+008  8.711E+007
 7.130E+013  3.630E-009  1.351E+008  8.742E+007
 7.150E+013  3.689E-009  1.354E+008  8.772E+007
 7.170E+013  3.748E-009  1.358E+008  8.802E+007
 7.190E+013  3.809E-009  1.362E+008  8.832E+007
 7.210E+013  3.871E-009  1.366E+008  8.863E+007
 7.230E+013  3.934E-009  1.370E+008  8.894E+007
 7.250E+013  3.997E-009  1.374E+008  8.924E+007
 7.270E+013  4.062E-009  1.378E+008  8.955E+007
 7.290E+013  4.128E-009  1.382E+008  8.986E+007
 7.310E+013  4.195E-009  1.386E+008  9.017E+007
 7.330E+013  4.263E-009  1.391E+008  9.049E+007
 7.350E+013  4.333E-009  1.395E+008  9.080E+007
 7.370E+013  4.403E-009  1.400E+008  9.112E+007
 7.390E+013  4.475E-009  1.405E+008  9.144E+007
 7.410E+013  4.548E-009  1.409E+008  9.176E+007
 7.430E+013  4.622E-009  1.414E+008  9.208E+007
 7.450E+013  4.698E-009  1.419E+008  9.240E+007
 7.470E+013  4.775E-009  1.424E+008  9.272E+007
 7.490E+013  4.853E-009  1.430E+008  9.305E+007
 7.510E+013  4.933E-009  1.435E+008  9.337E+007
 7.530E+013  5.014E-009  1.440E+008  9.370E+007
 7.550E+013  5.096E-009  1.446E+008  9.403E+007
 7.570E+013  5.180E-009  1.451E+008  9.436E+007
 7.590E+013  5.266E-009  1.457E+008  9.470E+007
 7.610E+013  5.353E-009  1.463E+008  9.503E+007
 7.630E+013  5.441E-009  1.469E+008  9.537E+007
 7.650E+013  5.531E-009  1.475E+008  9.570E+007
 7.670E+013  5.623E-009  1.481E+008  9.604E+007
 7.690E+013  5.717E-009  1.488E+008  9.639E+007
 7.710E+013  5.812E-009  1.494E+008  9.673E+007
 7.730E+013  5.910E-009  1.501E+008  9.708E+007
 7.750E+013  6.009E-009  1.508E+008  9.742E+007
 7.770E+013  6.109E-009  1.515E+008  9.777E+007
 7.790E+013  6.212E-009  1.522E+008  9.812E+007
 7.810E+013  6.317E-009  1.529E+008  9.848E+007
 7.830E+013  6.424E-009  1.536E+008  9.883E+007
 7.850E+013  6.533E-009  1.544E+008  9.919E+007
 7.870E+013  6.644E-009  1.552E+008  9.955E+007
 7.890E+013  6.757E-009  1.559E+008  9.991E+007
 7.910E+013  6.872E-009  1.567E+008  1.003E+008
 7.930E+013  6.990E-009  1.576E+008  1.006E+008
 7.950E+013  7.110E-009  1.584E+008  1.010E+008
 7.970E+013  7.232E-009  1.592E+008  1.014E+008
 7.990E+013  7.357E-009  1.601E+008  1.017E+008
 8.010E+013  7.485E-009  1.610E+008  1.021E+008
 8.030E+013  7.615E-009  1.619E+008  1.025E+008
 8.050E+013  7.748E-009  1.629E+008  1.029E+008
 8.070E+013  7.883E-009  1.638E+008  1.032E+008
 8.090E+013  8.021E-009  1.648E+008  1.036E+008
 8.110E+013  8.162E-009  1.658E+008  1.040E+008
 8.130E+013  8.307E-009  1.668E+008  1.044E+008
 8.150E+013  8.454E-009  1.678E+008  1.048E+008
 8.170E+013  8.604E-009  1.689E+008  1.052E+008
 8.190E+013  8.758E-009  1.700E+008  1.056E+008
 8.210E+013  8.914E-009  1.711E+008  1.060E+008
 8.230E+013  9.075E-009  1.722E+008  1.064E+008
 8.250E+013  9.238E-009  1.734E+008  1.068E+008
 8.270E+013  9.406E-009  1.745E+008  1.072E+008
 8.290E+013  9.577E-009  1.758E+008  1.076E+008
 8.310E+013  9.752E-009  1.770E+008  1.080E+008
 8.330E+013  9.930E-009  1.783E+008  1.084E+008
 8.350E+013  1.011E-008  1.796E+008  1.088E+008
 8.370E+013  1.030E-008  1.809E+008  1.092E+008
 8.390E+013  1.049E-008  1.822E+008  1.096E+008
 8.410E+013  1.069E-008  1.836E+008  1.101E+008
 8.430E+013  1.089E-008  1.850E+008  1.105E+008
 8.450E+013  1.109E-008  1.865E+008  1.109E+008
 8.470E+013  1.130E-008  1.880E+008  1.113E+008
 8.490E+013  1.151E-008  1.895E+008  1.118E+008
 8.510E+013  1.173E-008  1.910E+008  1.122E+008
 8.530E+013  1.196E-008  1.926E+008  1.126E+008
 8.550E+013  1.219E-008  1.943E+008  1.131E+008
 8.570E+013  1.242E-008  1.959E+008  1.135E+008
 8.590E+013  1.267E-008  1.976E+008  1.140E+008
 8.610E+013  1.291E-008  1.994E+008  1.144E+008
 8.630E+013  1.317E-008  2.012E+008  1.149E+008
 8.650E+013  1.343E-008  2.030E+008  1.153E+008
 8.670E+013  1.369E-008  2.049E+008  1.158E+008
 8.690E+013  1.396E-008  2.068E+008  1.162E+008
 8.710E+013  1.424E-008  2.087E+008  1.167E+008
 8.730E+013  1.453E-008  2.108E+008  1.172E+008
 8.750E+013  1.483E-008  2.128E+008  1.176E+008
 8.770E+013  1.513E-008  2.149E+008  1.181E+008
 8.790E+013  1.544E-008  2.171E+008  1.186E+008
 8.810E+013  1.575E-008  2.193E+008  1.191E+008
 8.830E+013  1.608E-008  2.216E+008  1.195E+008
 8.850E+013  1.642E-008  2.239E+008  1.200E+008
 8.870E+013  1.676E-008  2.263E+008  1.205E+008
 8.890E+013  1.711E-008  2.287E+008  1.210E+008
 8.910E+013  1.747E-008  2.312E+008  1.215E+008
 8.930E+013  1.785E-008  2.338E+008  1.220E+008
 8.950E+013  1.823E-008  2.365E+008  1.225E+008
 8.970E+013  1.862E-008  2.392E+008  1.230E+008
 8.990E+013  1.903E-008  2.419E+008  1.235E+008
 9.010E+013  1.944E-008  2.448E+008  1.240E+008
 9.030E+013  1.987E-008  2.477E+008  1.245E+008
 9.050E+013  2.031E-008  2.507E+008  1.250E+008
 9.070E+013  2.076E-008  2.538E+008  1.255E+008
 9.090E+013  2.122E-008  2.569E+008  1.260E+008
 9.110E+013  2.170E-008  2.602E+008  1.265E+008
 9.130E+013  2.220E-008  2.635E+008  1.271E+008
 9.150E+013  2.270E-008  2.669E+008  1.276E+008
 9.170E+013  2.322E-008  2.704E+008  1.281E+008
 9.190E+013  2.376E-008  2.740E+008  1.286E+008
 9.210E+013  2.432E-008  2.777E+008  1.292E+008
 9.230E+013  2.489E-008  2.815E+008  1.297E+008
 9.250E+013  2.547E-008  2.854E+008  1.302E+008
 9.270E+013  2.608E-008  2.894E+008  1.308E+008
 9.290E+013  2.670E-008  2.935E+008  1.313E+008
 9.310E+013  2.735E-008  2.977E+008  1.319E+008
 9.330E+013  2.801E-008  3.020E+008  1.324E+008
 9.350E+013  2.870E-008  3.065E+008  1.330E+008
 9.370E+013  2.940E-008  3.111E+008  1.335E+008
 9.390E+013  3.013E-008  3.158E+008  1.341E+008
 9.410E+013  3.089E-008  3.207E+008  1.347E+008
 9.430E+013  3.166E-008  3.256E+008  1.352E+008
 9.450E+013  3.247E-008  3.308E+008  1.358E+008
 9.470E+013  3.330E-008  3.361E+008  1.364E+008
 9.490E+013  3.415E-008  3.414E+008  1.369E+008
 9.510E+013  3.504E-008  3.471E+008  1.375E+008
 9.530E+013  3.597E-008  3.531E+008  1.381E+008
 9.550E+013  3.688E-008  3.585E+008  1.387E+008
 9.570E+013  3.783E-008  3.642E+008  1.391E+008
 9.590E+013  3.905E-008  3.744E+008  1.399E+008
 9.610E+013  3.990E-008  3.803E+008  1.411E+008
 9.630E+013  3.920E-008  3.593E+008  1.405E+008
 9.650E+013  3.227E-008  2.450E+008  1.325E+008
 9.670E+013  1.950E-008  7.633E+007  1.059E+008
 9.690E+013  1.231E-008  6.924E+006  5.813E+007
 9.710E+013  1.025E-008  3.862E+004  1.321E+007
 9.730E+013  1.000E-008  6.269E+001  3.563E+005
 9.750E+013  1.000E-008  6.236E+001  1.145E+002
 9.770E+013  1.000E-008  6.236E+001  5.499E-006
 9.790E+013  1.000E-008  6.236E+001  7.433E-016
 9.810E+013  1.000E-008  6.236E+001  7.802E-041
 9.830E+013  1.000E-008  6.236E+001  5.506E-092
 9.850E+013  1.000E-008  6.236E+001  6.270E-196
 9.870E+013  1.000E-008  6.236E+001  0.000E+000
 9.890E+013  1.000E-008  6.236E+001  0.000E+000
 9.910E+013  1.000E-008  6.236E+001  0.000E+000
 9.930E+013  1.000E-008  6.236E+001  0.000E+000
 9.950E+013  1.000E-008  6.236E+001  7.248E-013
 9.970E+013  1.000E-008  6.236E+001 -7.248E-013
 9.990E+013  1.000E-008  6.236E+001  0.000E+000
 1.001E+014  1.000E-099  1.000E-099  0.000E+000
 1.003E+014  1.000E-099  1.000E-099  0.000E+000
 6.469E-003
