 1.860E+005
     x1b        dens       energ       v1
 1.000E+011  1.391E-012  1.316E+008  0.000E+000
 3.000E+011  1.391E-012  1.316E+008  2.775E+005
 5.000E+011  1.392E-012  1.316E+008  5.138E+005
 7.000E+011  1.395E-012  1.316E+008  7.843E+005
 9.000E+011  1.400E-012  1.316E+008  1.039E+006
 1.100E+012  1.407E-012  1.316E+008  1.303E+006
 1.300E+012  1.416E-012  1.316E+008  1.561E+006
 1.500E+012  1.428E-012  1.316E+008  1.823E+006
 1.700E+012  1.442E-012  1.316E+008  2.082E+006
 1.900E+012  1.457E-012  1.316E+008  2.343E+006
 2.100E+012  1.475E-012  1.316E+008  2.603E+006
 2.300E+012  1.493E-012  1.316E+008  2.864E+006
 2.500E+012  1.513E-012  1.316E+008  3.124E+006
 2.700E+012  1.532E-012  1.316E+008  3.384E+006
 2.900E+012  1.553E-012  1.316E+008  3.645E+006
 3.100E+012  1.573E-012  1.316E+008  3.905E+006
 3.300E+012  1.594E-012  1.316E+008  4.165E+006
 3.500E+012  1.614E-012  1.316E+008  4.426E+006
 3.700E+012  1.634E-012  1.316E+008  4.686E+006
 3.900E+012  1.653E-012  1.316E+008  4.946E+006
 4.100E+012  1.670E-012  1.316E+008  5.206E+006
 4.300E+012  1.686E-012  1.316E+008  5.467E+006
 4.500E+012  1.698E-012  1.316E+008  5.727E+006
 4.700E+012  1.705E-012  1.316E+008  5.987E+006
 4.900E+012  1.708E-012  1.316E+008  6.248E+006
 5.100E+012  1.708E-012  1.316E+008  6.508E+006
 5.300E+012  1.708E-012  1.316E+008  6.768E+006
 5.500E+012  1.708E-012  1.316E+008  7.029E+006
 5.700E+012  1.708E-012  1.316E+008  7.289E+006
 5.900E+012  1.708E-012  1.316E+008  7.549E+006
 6.100E+012  1.708E-012  1.316E+008  7.810E+006
 6.300E+012  1.708E-012  1.316E+008  8.070E+006
 6.500E+012  1.707E-012  1.316E+008  8.330E+006
 6.700E+012  1.706E-012  1.316E+008  8.591E+006
 6.900E+012  1.705E-012  1.316E+008  8.851E+006
 7.100E+012  1.704E-012  1.316E+008  9.111E+006
 7.300E+012  1.703E-012  1.316E+008  9.371E+006
 7.500E+012  1.701E-012  1.316E+008  9.632E+006
 7.700E+012  1.700E-012  1.316E+008  9.892E+006
 7.900E+012  1.699E-012  1.316E+008  1.015E+007
 8.100E+012  1.699E-012  1.316E+008  1.041E+007
 8.300E+012  1.699E-012  1.316E+008  1.067E+007
 8.500E+012  1.699E-012  1.316E+008  1.093E+007
 8.700E+012  1.699E-012  1.316E+008  1.119E+007
 8.900E+012  1.700E-012  1.316E+008  1.145E+007
 9.100E+012  1.700E-012  1.316E+008  1.171E+007
 9.300E+012  1.701E-012  1.316E+008  1.197E+007
 9.500E+012  1.702E-012  1.316E+008  1.223E+007
 9.700E+012  1.703E-012  1.316E+008  1.250E+007
 9.900E+012  1.705E-012  1.316E+008  1.276E+007
 1.010E+013  1.708E-012  1.316E+008  1.302E+007
 1.030E+013  1.711E-012  1.316E+008  1.328E+007
 1.050E+013  1.715E-012  1.316E+008  1.354E+007
 1.070E+013  1.720E-012  1.316E+008  1.380E+007
 1.090E+013  1.726E-012  1.316E+008  1.406E+007
 1.110E+013  1.733E-012  1.316E+008  1.432E+007
 1.130E+013  1.741E-012  1.316E+008  1.458E+007
 1.150E+013  1.751E-012  1.316E+008  1.484E+007
 1.170E+013  1.762E-012  1.316E+008  1.510E+007
 1.190E+013  1.775E-012  1.316E+008  1.536E+007
 1.210E+013  1.790E-012  1.316E+008  1.562E+007
 1.230E+013  1.807E-012  1.316E+008  1.588E+007
 1.250E+013  1.827E-012  1.316E+008  1.614E+007
 1.270E+013  1.848E-012  1.316E+008  1.640E+007
 1.290E+013  1.873E-012  1.316E+008  1.666E+007
 1.310E+013  1.900E-012  1.316E+008  1.692E+007
 1.330E+013  1.930E-012  1.316E+008  1.718E+007
 1.350E+013  1.964E-012  1.316E+008  1.744E+007
 1.370E+013  2.001E-012  1.316E+008  1.770E+007
 1.390E+013  2.043E-012  1.316E+008  1.796E+007
 1.410E+013  2.088E-012  1.316E+008  1.822E+007
 1.430E+013  2.139E-012  1.316E+008  1.848E+007
 1.450E+013  2.194E-012  1.316E+008  1.874E+007
 1.470E+013  2.255E-012  1.316E+008  1.901E+007
 1.490E+013  2.322E-012  1.316E+008  1.927E+007
 1.510E+013  2.396E-012  1.316E+008  1.953E+007
 1.530E+013  2.476E-012  1.316E+008  1.979E+007
 1.550E+013  2.565E-012  1.316E+008  2.005E+007
 1.570E+013  2.661E-012  1.316E+008  2.031E+007
 1.590E+013  2.767E-012  1.316E+008  2.057E+007
 1.610E+013  2.883E-012  1.316E+008  2.083E+007
 1.630E+013  3.010E-012  1.316E+008  2.109E+007
 1.650E+013  3.148E-012  1.316E+008  2.135E+007
 1.670E+013  3.299E-012  1.316E+008  2.161E+007
 1.690E+013  3.464E-012  1.316E+008  2.187E+007
 1.710E+013  3.643E-012  1.316E+008  2.214E+007
 1.730E+013  3.839E-012  1.316E+008  2.240E+007
 1.750E+013  4.051E-012  1.316E+008  2.266E+007
 1.770E+013  4.283E-012  1.316E+008  2.292E+007
 1.790E+013  4.534E-012  1.316E+008  2.318E+007
 1.810E+013  4.806E-012  1.316E+008  2.344E+007
 1.830E+013  5.101E-012  1.316E+008  2.370E+007
 1.850E+013  5.419E-012  1.316E+008  2.396E+007
 1.870E+013  5.762E-012  1.316E+008  2.422E+007
 1.890E+013  6.132E-012  1.316E+008  2.448E+007
 1.910E+013  6.528E-012  1.316E+008  2.474E+007
 1.930E+013  6.953E-012  1.316E+008  2.501E+007
 1.950E+013  7.407E-012  1.316E+008  2.527E+007
 1.970E+013  7.890E-012  1.316E+008  2.553E+007
 1.990E+013  8.403E-012  1.316E+008  2.579E+007
 2.010E+013  8.946E-012  1.317E+008  2.605E+007
 2.030E+013  9.518E-012  1.317E+008  2.631E+007
 2.050E+013  1.012E-011  1.317E+008  2.657E+007
 2.070E+013  1.075E-011  1.317E+008  2.683E+007
 2.090E+013  1.141E-011  1.317E+008  2.709E+007
 2.110E+013  1.209E-011  1.317E+008  2.735E+007
 2.130E+013  1.279E-011  1.317E+008  2.761E+007
 2.150E+013  1.352E-011  1.317E+008  2.787E+007
 2.170E+013  1.427E-011  1.317E+008  2.813E+007
 2.190E+013  1.504E-011  1.317E+008  2.839E+007
 2.210E+013  1.583E-011  1.317E+008  2.865E+007
 2.230E+013  1.663E-011  1.317E+008  2.891E+007
 2.250E+013  1.745E-011  1.317E+008  2.917E+007
 2.270E+013  1.828E-011  1.317E+008  2.943E+007
 2.290E+013  1.912E-011  1.317E+008  2.969E+007
 2.310E+013  1.997E-011  1.317E+008  2.995E+007
 2.330E+013  2.083E-011  1.317E+008  3.021E+007
 2.350E+013  2.170E-011  1.317E+008  3.047E+007
 2.370E+013  2.258E-011  1.317E+008  3.073E+007
 2.390E+013  2.347E-011  1.317E+008  3.099E+007
 2.410E+013  2.437E-011  1.317E+008  3.125E+007
 2.430E+013  2.527E-011  1.317E+008  3.151E+007
 2.450E+013  2.619E-011  1.317E+008  3.177E+007
 2.470E+013  2.712E-011  1.317E+008  3.203E+007
 2.490E+013  2.807E-011  1.317E+008  3.229E+007
 2.510E+013  2.903E-011  1.317E+008  3.255E+007
 2.530E+013  3.000E-011  1.317E+008  3.281E+007
 2.550E+013  3.099E-011  1.317E+008  3.307E+007
 2.570E+013  3.200E-011  1.317E+008  3.333E+007
 2.590E+013  3.303E-011  1.317E+008  3.359E+007
 2.610E+013  3.408E-011  1.317E+008  3.385E+007
 2.630E+013  3.515E-011  1.317E+008  3.411E+007
 2.650E+013  3.626E-011  1.317E+008  3.437E+007
 2.670E+013  3.738E-011  1.317E+008  3.463E+007
 2.690E+013  3.854E-011  1.317E+008  3.489E+007
 2.710E+013  3.973E-011  1.317E+008  3.515E+007
 2.730E+013  4.096E-011  1.317E+008  3.541E+007
 2.750E+013  4.222E-011  1.317E+008  3.567E+007
 2.770E+013  4.352E-011  1.317E+008  3.593E+007
 2.790E+013  4.485E-011  1.317E+008  3.619E+007
 2.810E+013  4.623E-011  1.317E+008  3.645E+007
 2.830E+013  4.766E-011  1.317E+008  3.671E+007
 2.850E+013  4.913E-011  1.317E+008  3.697E+007
 2.870E+013  5.064E-011  1.317E+008  3.723E+007
 2.890E+013  5.221E-011  1.317E+008  3.750E+007
 2.910E+013  5.382E-011  1.317E+008  3.776E+007
 2.930E+013  5.549E-011  1.317E+008  3.802E+007
 2.950E+013  5.722E-011  1.317E+008  3.828E+007
 2.970E+013  5.899E-011  1.317E+008  3.854E+007
 2.990E+013  6.083E-011  1.317E+008  3.880E+007
 3.010E+013  6.272E-011  1.317E+008  3.906E+007
 3.030E+013  6.467E-011  1.317E+008  3.932E+007
 3.050E+013  6.667E-011  1.317E+008  3.958E+007
 3.070E+013  6.874E-011  1.317E+008  3.984E+007
 3.090E+013  7.086E-011  1.317E+008  4.010E+007
 3.110E+013  7.304E-011  1.317E+008  4.036E+007
 3.130E+013  7.528E-011  1.317E+008  4.062E+007
 3.150E+013  7.758E-011  1.317E+008  4.088E+007
 3.170E+013  7.993E-011  1.317E+008  4.114E+007
 3.190E+013  8.235E-011  1.317E+008  4.140E+007
 3.210E+013  8.482E-011  1.318E+008  4.167E+007
 3.230E+013  8.734E-011  1.318E+008  4.193E+007
 3.250E+013  8.992E-011  1.318E+008  4.219E+007
 3.270E+013  9.255E-011  1.318E+008  4.245E+007
 3.290E+013  9.524E-011  1.318E+008  4.271E+007
 3.310E+013  9.798E-011  1.318E+008  4.297E+007
 3.330E+013  1.008E-010  1.318E+008  4.323E+007
 3.350E+013  1.036E-010  1.318E+008  4.349E+007
 3.370E+013  1.065E-010  1.318E+008  4.375E+007
 3.390E+013  1.095E-010  1.318E+008  4.401E+007
 3.410E+013  1.125E-010  1.318E+008  4.427E+007
 3.430E+013  1.155E-010  1.318E+008  4.453E+007
 3.450E+013  1.187E-010  1.318E+008  4.480E+007
 3.470E+013  1.218E-010  1.318E+008  4.506E+007
 3.490E+013  1.251E-010  1.318E+008  4.532E+007
 3.510E+013  1.283E-010  1.318E+008  4.558E+007
 3.530E+013  1.317E-010  1.318E+008  4.584E+007
 3.550E+013  1.351E-010  1.319E+008  4.610E+007
 3.570E+013  1.386E-010  1.319E+008  4.636E+007
 3.590E+013  1.421E-010  1.319E+008  4.662E+007
 3.610E+013  1.457E-010  1.319E+008  4.688E+007
 3.630E+013  1.494E-010  1.319E+008  4.714E+007
 3.650E+013  1.532E-010  1.319E+008  4.741E+007
 3.670E+013  1.570E-010  1.319E+008  4.767E+007
 3.690E+013  1.610E-010  1.319E+008  4.793E+007
 3.710E+013  1.650E-010  1.319E+008  4.819E+007
 3.730E+013  1.691E-010  1.319E+008  4.845E+007
 3.750E+013  1.733E-010  1.319E+008  4.871E+007
 3.770E+013  1.776E-010  1.320E+008  4.897E+007
 3.790E+013  1.820E-010  1.320E+008  4.924E+007
 3.810E+013  1.865E-010  1.320E+008  4.950E+007
 3.830E+013  1.911E-010  1.320E+008  4.976E+007
 3.850E+013  1.958E-010  1.320E+008  5.002E+007
 3.870E+013  2.006E-010  1.320E+008  5.028E+007
 3.890E+013  2.055E-010  1.320E+008  5.054E+007
 3.910E+013  2.106E-010  1.320E+008  5.081E+007
 3.930E+013  2.158E-010  1.320E+008  5.107E+007
 3.950E+013  2.210E-010  1.321E+008  5.133E+007
 3.970E+013  2.264E-010  1.321E+008  5.159E+007
 3.990E+013  2.320E-010  1.321E+008  5.185E+007
 4.010E+013  2.376E-010  1.321E+008  5.212E+007
 4.030E+013  2.434E-010  1.321E+008  5.238E+007
 4.050E+013  2.493E-010  1.321E+008  5.264E+007
 4.070E+013  2.553E-010  1.322E+008  5.290E+007
 4.090E+013  2.614E-010  1.322E+008  5.316E+007
 4.110E+013  2.677E-010  1.322E+008  5.343E+007
 4.130E+013  2.741E-010  1.322E+008  5.369E+007
 4.150E+013  2.806E-010  1.322E+008  5.395E+007
 4.170E+013  2.873E-010  1.322E+008  5.421E+007
 4.190E+013  2.941E-010  1.323E+008  5.448E+007
 4.210E+013  3.010E-010  1.323E+008  5.474E+007
 4.230E+013  3.080E-010  1.323E+008  5.500E+007
 4.250E+013  3.152E-010  1.323E+008  5.527E+007
 4.270E+013  3.225E-010  1.323E+008  5.553E+007
 4.290E+013  3.300E-010  1.324E+008  5.579E+007
 4.310E+013  3.375E-010  1.324E+008  5.606E+007
 4.330E+013  3.453E-010  1.324E+008  5.632E+007
 4.350E+013  3.531E-010  1.324E+008  5.658E+007
 4.370E+013  3.611E-010  1.325E+008  5.685E+007
 4.390E+013  3.693E-010  1.325E+008  5.711E+007
 4.410E+013  3.775E-010  1.325E+008  5.737E+007
 4.430E+013  3.860E-010  1.325E+008  5.764E+007
 4.450E+013  3.946E-010  1.326E+008  5.790E+007
 4.470E+013  4.033E-010  1.326E+008  5.816E+007
 4.490E+013  4.122E-010  1.326E+008  5.843E+007
 4.510E+013  4.212E-010  1.327E+008  5.869E+007
 4.530E+013  4.304E-010  1.327E+008  5.896E+007
 4.550E+013  4.398E-010  1.327E+008  5.922E+007
 4.570E+013  4.493E-010  1.327E+008  5.949E+007
 4.590E+013  4.590E-010  1.328E+008  5.975E+007
 4.610E+013  4.688E-010  1.328E+008  6.002E+007
 4.630E+013  4.788E-010  1.329E+008  6.028E+007
 4.650E+013  4.890E-010  1.329E+008  6.055E+007
 4.670E+013  4.994E-010  1.329E+008  6.081E+007
 4.690E+013  5.099E-010  1.330E+008  6.108E+007
 4.710E+013  5.206E-010  1.330E+008  6.134E+007
 4.730E+013  5.315E-010  1.330E+008  6.161E+007
 4.750E+013  5.426E-010  1.331E+008  6.187E+007
 4.770E+013  5.538E-010  1.331E+008  6.214E+007
 4.790E+013  5.653E-010  1.332E+008  6.241E+007
 4.810E+013  5.769E-010  1.332E+008  6.267E+007
 4.830E+013  5.887E-010  1.333E+008  6.294E+007
 4.850E+013  6.007E-010  1.333E+008  6.320E+007
 4.870E+013  6.128E-010  1.333E+008  6.347E+007
 4.890E+013  6.252E-010  1.334E+008  6.374E+007
 4.910E+013  6.378E-010  1.334E+008  6.401E+007
 4.930E+013  6.505E-010  1.335E+008  6.427E+007
 4.950E+013  6.635E-010  1.335E+008  6.454E+007
 4.970E+013  6.766E-010  1.336E+008  6.481E+007
 4.990E+013  6.900E-010  1.337E+008  6.508E+007
 5.010E+013  7.036E-010  1.337E+008  6.534E+007
 5.030E+013  7.174E-010  1.338E+008  6.561E+007
 5.050E+013  7.314E-010  1.338E+008  6.588E+007
 5.070E+013  7.456E-010  1.339E+008  6.615E+007
 5.090E+013  7.601E-010  1.339E+008  6.642E+007
 5.110E+013  7.747E-010  1.340E+008  6.669E+007
 5.130E+013  7.896E-010  1.341E+008  6.696E+007
 5.150E+013  8.048E-010  1.341E+008  6.723E+007
 5.170E+013  8.202E-010  1.342E+008  6.750E+007
 5.190E+013  8.358E-010  1.343E+008  6.777E+007
 5.210E+013  8.517E-010  1.343E+008  6.804E+007
 5.230E+013  8.679E-010  1.344E+008  6.831E+007
 5.250E+013  8.843E-010  1.345E+008  6.858E+007
 5.270E+013  9.010E-010  1.346E+008  6.885E+007
 5.290E+013  9.180E-010  1.346E+008  6.913E+007
 5.310E+013  9.352E-010  1.347E+008  6.940E+007
 5.330E+013  9.528E-010  1.348E+008  6.967E+007
 5.350E+013  9.706E-010  1.349E+008  6.994E+007
 5.370E+013  9.887E-010  1.350E+008  7.022E+007
 5.390E+013  1.007E-009  1.351E+008  7.049E+007
 5.410E+013  1.026E-009  1.351E+008  7.076E+007
 5.430E+013  1.045E-009  1.352E+008  7.104E+007
 5.450E+013  1.064E-009  1.353E+008  7.131E+007
 5.470E+013  1.084E-009  1.354E+008  7.159E+007
 5.490E+013  1.104E-009  1.355E+008  7.186E+007
 5.510E+013  1.124E-009  1.356E+008  7.214E+007
 5.530E+013  1.145E-009  1.357E+008  7.241E+007
 5.550E+013  1.166E-009  1.358E+008  7.269E+007
 5.570E+013  1.187E-009  1.359E+008  7.297E+007
 5.590E+013  1.209E-009  1.360E+008  7.324E+007
 5.610E+013  1.231E-009  1.361E+008  7.352E+007
 5.630E+013  1.253E-009  1.363E+008  7.380E+007
 5.650E+013  1.276E-009  1.364E+008  7.408E+007
 5.670E+013  1.299E-009  1.365E+008  7.436E+007
 5.690E+013  1.323E-009  1.366E+008  7.464E+007
 5.710E+013  1.346E-009  1.367E+008  7.492E+007
 5.730E+013  1.371E-009  1.369E+008  7.520E+007
 5.750E+013  1.395E-009  1.370E+008  7.548E+007
 5.770E+013  1.420E-009  1.371E+008  7.576E+007
 5.790E+013  1.446E-009  1.373E+008  7.604E+007
 5.810E+013  1.472E-009  1.374E+008  7.632E+007
 5.830E+013  1.498E-009  1.375E+008  7.660E+007
 5.850E+013  1.524E-009  1.377E+008  7.689E+007
 5.870E+013  1.551E-009  1.378E+008  7.717E+007
 5.890E+013  1.579E-009  1.380E+008  7.746E+007
 5.910E+013  1.607E-009  1.381E+008  7.774E+007
 5.930E+013  1.635E-009  1.383E+008  7.803E+007
 5.950E+013  1.664E-009  1.384E+008  7.831E+007
 5.970E+013  1.693E-009  1.386E+008  7.860E+007
 5.990E+013  1.722E-009  1.388E+008  7.889E+007
 6.010E+013  1.753E-009  1.389E+008  7.917E+007
 6.030E+013  1.783E-009  1.391E+008  7.946E+007
 6.050E+013  1.814E-009  1.393E+008  7.975E+007
 6.070E+013  1.846E-009  1.395E+008  8.004E+007
 6.090E+013  1.878E-009  1.397E+008  8.033E+007
 6.110E+013  1.910E-009  1.398E+008  8.062E+007
 6.130E+013  1.943E-009  1.400E+008  8.091E+007
 6.150E+013  1.976E-009  1.402E+008  8.121E+007
 6.170E+013  2.010E-009  1.404E+008  8.150E+007
 6.190E+013  2.045E-009  1.406E+008  8.179E+007
 6.210E+013  2.080E-009  1.409E+008  8.209E+007
 6.230E+013  2.115E-009  1.411E+008  8.238E+007
 6.250E+013  2.151E-009  1.413E+008  8.268E+007
 6.270E+013  2.188E-009  1.415E+008  8.298E+007
 6.290E+013  2.225E-009  1.417E+008  8.328E+007
 6.310E+013  2.263E-009  1.420E+008  8.358E+007
 6.330E+013  2.302E-009  1.422E+008  8.387E+007
 6.350E+013  2.341E-009  1.425E+008  8.418E+007
 6.370E+013  2.380E-009  1.427E+008  8.448E+007
 6.390E+013  2.421E-009  1.430E+008  8.478E+007
 6.410E+013  2.461E-009  1.432E+008  8.508E+007
 6.430E+013  2.503E-009  1.435E+008  8.539E+007
 6.450E+013  2.545E-009  1.437E+008  8.569E+007
 6.470E+013  2.588E-009  1.440E+008  8.600E+007
 6.490E+013  2.632E-009  1.443E+008  8.630E+007
 6.510E+013  2.676E-009  1.446E+008  8.661E+007
 6.530E+013  2.721E-009  1.449E+008  8.692E+007
 6.550E+013  2.767E-009  1.452E+008  8.723E+007
 6.570E+013  2.813E-009  1.455E+008  8.754E+007
 6.590E+013  2.860E-009  1.458E+008  8.785E+007
 6.610E+013  2.908E-009  1.461E+008  8.817E+007
 6.630E+013  2.957E-009  1.464E+008  8.848E+007
 6.650E+013  3.007E-009  1.468E+008  8.880E+007
 6.670E+013  3.057E-009  1.471E+008  8.911E+007
 6.690E+013  3.108E-009  1.475E+008  8.943E+007
 6.710E+013  3.161E-009  1.478E+008  8.975E+007
 6.730E+013  3.214E-009  1.482E+008  9.007E+007
 6.750E+013  3.267E-009  1.485E+008  9.039E+007
 6.770E+013  3.322E-009  1.489E+008  9.071E+007
 6.790E+013  3.378E-009  1.493E+008  9.104E+007
 6.810E+013  3.435E-009  1.497E+008  9.136E+007
 6.830E+013  3.492E-009  1.501E+008  9.169E+007
 6.850E+013  3.551E-009  1.505E+008  9.202E+007
 6.870E+013  3.610E-009  1.509E+008  9.234E+007
 6.890E+013  3.671E-009  1.513E+008  9.267E+007
 6.910E+013  3.732E-009  1.518E+008  9.301E+007
 6.930E+013  3.795E-009  1.522E+008  9.334E+007
 6.950E+013  3.859E-009  1.527E+008  9.367E+007
 6.970E+013  3.924E-009  1.531E+008  9.401E+007
 6.990E+013  3.990E-009  1.536E+008  9.435E+007
 7.010E+013  4.057E-009  1.541E+008  9.469E+007
 7.030E+013  4.125E-009  1.546E+008  9.503E+007
 7.050E+013  4.195E-009  1.551E+008  9.537E+007
 7.070E+013  4.266E-009  1.556E+008  9.571E+007
 7.090E+013  4.338E-009  1.561E+008  9.606E+007
 7.110E+013  4.411E-009  1.566E+008  9.640E+007
 7.130E+013  4.485E-009  1.572E+008  9.675E+007
 7.150E+013  4.561E-009  1.577E+008  9.710E+007
 7.170E+013  4.639E-009  1.583E+008  9.746E+007
 7.190E+013  4.717E-009  1.589E+008  9.781E+007
 7.210E+013  4.797E-009  1.595E+008  9.816E+007
 7.230E+013  4.879E-009  1.601E+008  9.852E+007
 7.250E+013  4.962E-009  1.607E+008  9.888E+007
 7.270E+013  5.047E-009  1.613E+008  9.924E+007
 7.290E+013  5.133E-009  1.620E+008  9.960E+007
 7.310E+013  5.221E-009  1.626E+008  9.997E+007
 7.330E+013  5.310E-009  1.633E+008  1.003E+008
 7.350E+013  5.401E-009  1.640E+008  1.007E+008
 7.370E+013  5.494E-009  1.647E+008  1.011E+008
 7.390E+013  5.589E-009  1.654E+008  1.014E+008
 7.410E+013  5.685E-009  1.662E+008  1.018E+008
 7.430E+013  5.783E-009  1.669E+008  1.022E+008
 7.450E+013  5.884E-009  1.677E+008  1.026E+008
 7.470E+013  5.986E-009  1.685E+008  1.030E+008
 7.490E+013  6.090E-009  1.693E+008  1.033E+008
 7.510E+013  6.196E-009  1.701E+008  1.037E+008
 7.530E+013  6.304E-009  1.709E+008  1.041E+008
 7.550E+013  6.415E-009  1.718E+008  1.045E+008
 7.570E+013  6.528E-009  1.726E+008  1.049E+008
 7.590E+013  6.642E-009  1.735E+008  1.053E+008
 7.610E+013  6.760E-009  1.744E+008  1.057E+008
 7.630E+013  6.880E-009  1.754E+008  1.061E+008
 7.650E+013  7.002E-009  1.763E+008  1.065E+008
 7.670E+013  7.126E-009  1.773E+008  1.069E+008
 7.690E+013  7.254E-009  1.783E+008  1.073E+008
 7.710E+013  7.384E-009  1.793E+008  1.077E+008
 7.730E+013  7.516E-009  1.803E+008  1.081E+008
 7.750E+013  7.652E-009  1.814E+008  1.085E+008
 7.770E+013  7.790E-009  1.825E+008  1.089E+008
 7.790E+013  7.932E-009  1.836E+008  1.093E+008
 7.810E+013  8.076E-009  1.847E+008  1.098E+008
 7.830E+013  8.224E-009  1.859E+008  1.102E+008
 7.850E+013  8.375E-009  1.871E+008  1.106E+008
 7.870E+013  8.529E-009  1.883E+008  1.110E+008
 7.890E+013  8.687E-009  1.896E+008  1.115E+008
 7.910E+013  8.848E-009  1.908E+008  1.119E+008
 7.930E+013  9.012E-009  1.921E+008  1.123E+008
 7.950E+013  9.181E-009  1.935E+008  1.128E+008
 7.970E+013  9.353E-009  1.948E+008  1.132E+008
 7.990E+013  9.529E-009  1.962E+008  1.137E+008
 8.010E+013  9.709E-009  1.976E+008  1.141E+008
 8.030E+013  9.894E-009  1.991E+008  1.146E+008
 8.050E+013  1.008E-008  2.006E+008  1.150E+008
 8.070E+013  1.028E-008  2.021E+008  1.155E+008
 8.090E+013  1.047E-008  2.037E+008  1.159E+008
 8.110E+013  1.068E-008  2.053E+008  1.164E+008
 8.130E+013  1.088E-008  2.069E+008  1.169E+008
 8.150E+013  1.110E-008  2.086E+008  1.173E+008
 8.170E+013  1.131E-008  2.104E+008  1.178E+008
 8.190E+013  1.154E-008  2.121E+008  1.183E+008
 8.210E+013  1.176E-008  2.139E+008  1.187E+008
 8.230E+013  1.200E-008  2.158E+008  1.192E+008
 8.250E+013  1.224E-008  2.177E+008  1.197E+008
 8.270E+013  1.248E-008  2.196E+008  1.202E+008
 8.290E+013  1.273E-008  2.216E+008  1.207E+008
 8.310E+013  1.299E-008  2.236E+008  1.212E+008
 8.330E+013  1.326E-008  2.257E+008  1.217E+008
 8.350E+013  1.353E-008  2.279E+008  1.222E+008
 8.370E+013  1.381E-008  2.301E+008  1.227E+008
 8.390E+013  1.409E-008  2.323E+008  1.232E+008
 8.410E+013  1.439E-008  2.346E+008  1.237E+008
 8.430E+013  1.469E-008  2.370E+008  1.242E+008
 8.450E+013  1.500E-008  2.394E+008  1.247E+008
 8.470E+013  1.532E-008  2.419E+008  1.252E+008
 8.490E+013  1.564E-008  2.444E+008  1.257E+008
 8.510E+013  1.598E-008  2.471E+008  1.263E+008
 8.530E+013  1.632E-008  2.497E+008  1.268E+008
 8.550E+013  1.668E-008  2.525E+008  1.273E+008
 8.570E+013  1.704E-008  2.553E+008  1.279E+008
 8.590E+013  1.741E-008  2.582E+008  1.284E+008
 8.610E+013  1.780E-008  2.612E+008  1.289E+008
 8.630E+013  1.819E-008  2.642E+008  1.295E+008
 8.650E+013  1.860E-008  2.674E+008  1.300E+008
 8.670E+013  1.902E-008  2.706E+008  1.306E+008
 8.690E+013  1.945E-008  2.739E+008  1.311E+008
 8.710E+013  1.989E-008  2.773E+008  1.317E+008
 8.730E+013  2.035E-008  2.807E+008  1.322E+008
 8.750E+013  2.082E-008  2.843E+008  1.328E+008
 8.770E+013  2.130E-008  2.880E+008  1.334E+008
 8.790E+013  2.180E-008  2.918E+008  1.339E+008
 8.810E+013  2.232E-008  2.956E+008  1.345E+008
 8.830E+013  2.285E-008  2.996E+008  1.351E+008
 8.850E+013  2.339E-008  3.037E+008  1.357E+008
 8.870E+013  2.396E-008  3.079E+008  1.363E+008
 8.890E+013  2.454E-008  3.122E+008  1.368E+008
 8.910E+013  2.513E-008  3.167E+008  1.374E+008
 8.930E+013  2.575E-008  3.213E+008  1.380E+008
 8.950E+013  2.639E-008  3.260E+008  1.386E+008
 8.970E+013  2.705E-008  3.308E+008  1.392E+008
 8.990E+013  2.773E-008  3.358E+008  1.398E+008
 9.010E+013  2.843E-008  3.409E+008  1.404E+008
 9.030E+013  2.915E-008  3.462E+008  1.410E+008
 9.050E+013  2.990E-008  3.516E+008  1.416E+008
 9.070E+013  3.068E-008  3.572E+008  1.423E+008
 9.090E+013  3.147E-008  3.629E+008  1.429E+008
 9.110E+013  3.230E-008  3.689E+008  1.435E+008
 9.130E+013  3.316E-008  3.749E+008  1.441E+008
 9.150E+013  3.404E-008  3.812E+008  1.447E+008
 9.170E+013  3.496E-008  3.878E+008  1.454E+008
 9.190E+013  3.592E-008  3.946E+008  1.460E+008
 9.210E+013  3.685E-008  4.007E+008  1.466E+008
 9.230E+013  3.786E-008  4.079E+008  1.471E+008
 9.250E+013  3.915E-008  4.203E+008  1.481E+008
 9.270E+013  3.984E-008  4.242E+008  1.494E+008
 9.290E+013  3.859E-008  3.893E+008  1.480E+008
 9.310E+013  3.011E-008  2.392E+008  1.369E+008
 9.330E+013  1.768E-008  6.233E+007  1.044E+008
 9.350E+013  1.170E-008  4.121E+006  5.172E+007
 9.370E+013  1.014E-008  1.016E+004  9.076E+006
 9.390E+013  1.000E-008  6.238E+001  1.377E+005
 9.410E+013  1.000E-008  6.236E+001  1.403E+001
 9.430E+013  1.000E-008  6.236E+001  7.825E-008
 9.450E+013  1.000E-008  6.236E+001  1.052E-024
 9.470E+013  1.000E-008  6.236E+001  7.100E-059
 9.490E+013  1.000E-008  6.236E+001  9.352E-128
 9.510E+013  1.000E-008  6.236E+001  2.308E-266
 9.530E+013  1.000E-008  6.236E+001  6.608E-013
 9.550E+013  1.000E-008  6.236E+001 -6.608E-013
 9.570E+013  1.000E-008  6.236E+001 -3.046E-068
 9.590E+013  1.000E-008  6.236E+001 -3.386E-031
 9.610E+013  1.000E-008  6.236E+001 -6.608E-013
 9.630E+013  1.000E-008  6.236E+001  6.608E-013
 9.650E+013  1.000E-008  6.236E+001  3.383E-031
 9.670E+013  1.000E-008  6.236E+001  6.608E-013
 9.690E+013  1.000E-008  6.236E+001 -6.608E-013
 9.710E+013  1.000E-008  6.236E+001  0.000E+000
 9.730E+013  1.000E-008  6.236E+001  0.000E+000
 9.750E+013  1.000E-008  6.236E+001  0.000E+000
 9.770E+013  1.000E-008  6.236E+001  0.000E+000
 9.790E+013  1.000E-008  6.236E+001  0.000E+000
 9.810E+013  1.000E-008  6.236E+001  0.000E+000
 9.830E+013  1.000E-008  6.236E+001  0.000E+000
 9.850E+013  1.000E-008  6.236E+001  0.000E+000
 9.870E+013  1.000E-008  6.236E+001  0.000E+000
 9.890E+013  1.000E-008  6.236E+001  0.000E+000
 9.910E+013  1.000E-008  6.236E+001  0.000E+000
 9.930E+013  1.000E-008  6.236E+001  0.000E+000
 9.950E+013  1.000E-008  6.236E+001  6.608E-013
 9.970E+013  1.000E-008  6.236E+001 -6.608E-013
 9.990E+013  1.000E-008  6.236E+001  0.000E+000
 1.001E+014  1.000E-099  1.000E-099  0.000E+000
 1.003E+014  1.000E-099  1.000E-099  0.000E+000
 5.898E-003
