 8.400E+004
     x1b        dens       energ       v1
 1.000E+011  2.476E-012  3.444E+008  0.000E+000
 3.000E+011  2.477E-012  3.444E+008  6.529E+005
 5.000E+011  2.482E-012  3.444E+008  1.121E+006
 7.000E+011  2.490E-012  3.444E+008  1.742E+006
 9.000E+011  2.505E-012  3.444E+008  2.296E+006
 1.100E+012  2.526E-012  3.444E+008  2.883E+006
 1.300E+012  2.552E-012  3.444E+008  3.453E+006
 1.500E+012  2.584E-012  3.444E+008  4.032E+006
 1.700E+012  2.620E-012  3.444E+008  4.606E+006
 1.900E+012  2.660E-012  3.444E+008  5.183E+006
 2.100E+012  2.702E-012  3.444E+008  5.758E+006
 2.300E+012  2.745E-012  3.444E+008  6.334E+006
 2.500E+012  2.789E-012  3.444E+008  6.910E+006
 2.700E+012  2.833E-012  3.444E+008  7.486E+006
 2.900E+012  2.877E-012  3.444E+008  8.061E+006
 3.100E+012  2.920E-012  3.444E+008  8.637E+006
 3.300E+012  2.960E-012  3.444E+008  9.213E+006
 3.500E+012  2.994E-012  3.444E+008  9.789E+006
 3.700E+012  3.021E-012  3.444E+008  1.036E+007
 3.900E+012  3.036E-012  3.444E+008  1.094E+007
 4.100E+012  3.041E-012  3.444E+008  1.152E+007
 4.300E+012  3.042E-012  3.444E+008  1.209E+007
 4.500E+012  3.042E-012  3.444E+008  1.267E+007
 4.700E+012  3.042E-012  3.444E+008  1.324E+007
 4.900E+012  3.042E-012  3.444E+008  1.382E+007
 5.100E+012  3.041E-012  3.444E+008  1.440E+007
 5.300E+012  3.040E-012  3.444E+008  1.497E+007
 5.500E+012  3.039E-012  3.444E+008  1.555E+007
 5.700E+012  3.036E-012  3.444E+008  1.612E+007
 5.900E+012  3.034E-012  3.444E+008  1.670E+007
 6.100E+012  3.030E-012  3.444E+008  1.727E+007
 6.300E+012  3.028E-012  3.444E+008  1.785E+007
 6.500E+012  3.026E-012  3.444E+008  1.843E+007
 6.700E+012  3.026E-012  3.444E+008  1.900E+007
 6.900E+012  3.026E-012  3.444E+008  1.958E+007
 7.100E+012  3.026E-012  3.444E+008  2.015E+007
 7.300E+012  3.026E-012  3.444E+008  2.073E+007
 7.500E+012  3.027E-012  3.444E+008  2.130E+007
 7.700E+012  3.029E-012  3.444E+008  2.188E+007
 7.900E+012  3.031E-012  3.444E+008  2.246E+007
 8.100E+012  3.034E-012  3.444E+008  2.303E+007
 8.300E+012  3.039E-012  3.444E+008  2.361E+007
 8.500E+012  3.046E-012  3.444E+008  2.418E+007
 8.700E+012  3.055E-012  3.444E+008  2.476E+007
 8.900E+012  3.066E-012  3.444E+008  2.534E+007
 9.100E+012  3.080E-012  3.444E+008  2.591E+007
 9.300E+012  3.098E-012  3.444E+008  2.649E+007
 9.500E+012  3.119E-012  3.444E+008  2.706E+007
 9.700E+012  3.144E-012  3.444E+008  2.764E+007
 9.900E+012  3.174E-012  3.444E+008  2.821E+007
 1.010E+013  3.209E-012  3.444E+008  2.879E+007
 1.030E+013  3.250E-012  3.444E+008  2.937E+007
 1.050E+013  3.297E-012  3.444E+008  2.994E+007
 1.070E+013  3.351E-012  3.444E+008  3.052E+007
 1.090E+013  3.412E-012  3.444E+008  3.109E+007
 1.110E+013  3.483E-012  3.444E+008  3.167E+007
 1.130E+013  3.563E-012  3.444E+008  3.225E+007
 1.150E+013  3.653E-012  3.444E+008  3.282E+007
 1.170E+013  3.754E-012  3.444E+008  3.340E+007
 1.190E+013  3.869E-012  3.444E+008  3.398E+007
 1.210E+013  3.997E-012  3.444E+008  3.455E+007
 1.230E+013  4.141E-012  3.444E+008  3.513E+007
 1.250E+013  4.302E-012  3.444E+008  3.571E+007
 1.270E+013  4.482E-012  3.444E+008  3.628E+007
 1.290E+013  4.683E-012  3.444E+008  3.686E+007
 1.310E+013  4.908E-012  3.444E+008  3.744E+007
 1.330E+013  5.158E-012  3.444E+008  3.802E+007
 1.350E+013  5.437E-012  3.444E+008  3.859E+007
 1.370E+013  5.748E-012  3.444E+008  3.917E+007
 1.390E+013  6.093E-012  3.444E+008  3.975E+007
 1.410E+013  6.476E-012  3.444E+008  4.033E+007
 1.430E+013  6.901E-012  3.444E+008  4.091E+007
 1.450E+013  7.372E-012  3.444E+008  4.148E+007
 1.470E+013  7.892E-012  3.444E+008  4.206E+007
 1.490E+013  8.466E-012  3.444E+008  4.264E+007
 1.510E+013  9.099E-012  3.444E+008  4.322E+007
 1.530E+013  9.793E-012  3.444E+008  4.380E+007
 1.550E+013  1.055E-011  3.444E+008  4.437E+007
 1.570E+013  1.138E-011  3.444E+008  4.495E+007
 1.590E+013  1.229E-011  3.444E+008  4.553E+007
 1.610E+013  1.327E-011  3.444E+008  4.611E+007
 1.630E+013  1.432E-011  3.444E+008  4.668E+007
 1.650E+013  1.545E-011  3.444E+008  4.726E+007
 1.670E+013  1.667E-011  3.444E+008  4.783E+007
 1.690E+013  1.795E-011  3.444E+008  4.841E+007
 1.710E+013  1.931E-011  3.444E+008  4.898E+007
 1.730E+013  2.074E-011  3.444E+008  4.956E+007
 1.750E+013  2.224E-011  3.444E+008  5.013E+007
 1.770E+013  2.380E-011  3.444E+008  5.071E+007
 1.790E+013  2.541E-011  3.444E+008  5.128E+007
 1.810E+013  2.707E-011  3.444E+008  5.186E+007
 1.830E+013  2.878E-011  3.444E+008  5.243E+007
 1.850E+013  3.053E-011  3.444E+008  5.300E+007
 1.870E+013  3.231E-011  3.444E+008  5.358E+007
 1.890E+013  3.412E-011  3.445E+008  5.415E+007
 1.910E+013  3.596E-011  3.445E+008  5.473E+007
 1.930E+013  3.782E-011  3.445E+008  5.530E+007
 1.950E+013  3.971E-011  3.445E+008  5.588E+007
 1.970E+013  4.162E-011  3.445E+008  5.645E+007
 1.990E+013  4.356E-011  3.445E+008  5.703E+007
 2.010E+013  4.553E-011  3.445E+008  5.760E+007
 2.030E+013  4.752E-011  3.445E+008  5.818E+007
 2.050E+013  4.955E-011  3.445E+008  5.875E+007
 2.070E+013  5.161E-011  3.445E+008  5.933E+007
 2.090E+013  5.372E-011  3.445E+008  5.990E+007
 2.110E+013  5.586E-011  3.445E+008  6.048E+007
 2.130E+013  5.806E-011  3.445E+008  6.106E+007
 2.150E+013  6.032E-011  3.446E+008  6.163E+007
 2.170E+013  6.264E-011  3.446E+008  6.221E+007
 2.190E+013  6.502E-011  3.446E+008  6.278E+007
 2.210E+013  6.748E-011  3.446E+008  6.336E+007
 2.230E+013  7.002E-011  3.446E+008  6.394E+007
 2.250E+013  7.265E-011  3.446E+008  6.451E+007
 2.270E+013  7.537E-011  3.446E+008  6.509E+007
 2.290E+013  7.819E-011  3.446E+008  6.567E+007
 2.310E+013  8.112E-011  3.446E+008  6.624E+007
 2.330E+013  8.415E-011  3.447E+008  6.682E+007
 2.350E+013  8.731E-011  3.447E+008  6.740E+007
 2.370E+013  9.059E-011  3.447E+008  6.797E+007
 2.390E+013  9.400E-011  3.447E+008  6.855E+007
 2.410E+013  9.755E-011  3.447E+008  6.913E+007
 2.430E+013  1.012E-010  3.447E+008  6.970E+007
 2.450E+013  1.051E-010  3.448E+008  7.028E+007
 2.470E+013  1.090E-010  3.448E+008  7.086E+007
 2.490E+013  1.132E-010  3.448E+008  7.144E+007
 2.510E+013  1.174E-010  3.448E+008  7.201E+007
 2.530E+013  1.219E-010  3.449E+008  7.259E+007
 2.550E+013  1.265E-010  3.449E+008  7.317E+007
 2.570E+013  1.312E-010  3.449E+008  7.375E+007
 2.590E+013  1.361E-010  3.449E+008  7.432E+007
 2.610E+013  1.411E-010  3.450E+008  7.490E+007
 2.630E+013  1.463E-010  3.450E+008  7.548E+007
 2.650E+013  1.516E-010  3.450E+008  7.606E+007
 2.670E+013  1.571E-010  3.451E+008  7.663E+007
 2.690E+013  1.628E-010  3.451E+008  7.721E+007
 2.710E+013  1.685E-010  3.451E+008  7.779E+007
 2.730E+013  1.744E-010  3.452E+008  7.837E+007
 2.750E+013  1.805E-010  3.452E+008  7.895E+007
 2.770E+013  1.867E-010  3.452E+008  7.952E+007
 2.790E+013  1.930E-010  3.453E+008  8.010E+007
 2.810E+013  1.995E-010  3.453E+008  8.068E+007
 2.830E+013  2.061E-010  3.454E+008  8.126E+007
 2.850E+013  2.129E-010  3.454E+008  8.184E+007
 2.870E+013  2.198E-010  3.455E+008  8.242E+007
 2.890E+013  2.268E-010  3.455E+008  8.300E+007
 2.910E+013  2.341E-010  3.456E+008  8.358E+007
 2.930E+013  2.414E-010  3.456E+008  8.416E+007
 2.950E+013  2.490E-010  3.457E+008  8.474E+007
 2.970E+013  2.567E-010  3.457E+008  8.532E+007
 2.990E+013  2.647E-010  3.458E+008  8.590E+007
 3.010E+013  2.728E-010  3.459E+008  8.648E+007
 3.030E+013  2.812E-010  3.459E+008  8.706E+007
 3.050E+013  2.898E-010  3.460E+008  8.764E+007
 3.070E+013  2.986E-010  3.461E+008  8.822E+007
 3.090E+013  3.076E-010  3.461E+008  8.880E+007
 3.110E+013  3.169E-010  3.462E+008  8.938E+007
 3.130E+013  3.265E-010  3.463E+008  8.996E+007
 3.150E+013  3.363E-010  3.464E+008  9.055E+007
 3.170E+013  3.465E-010  3.464E+008  9.113E+007
 3.190E+013  3.569E-010  3.465E+008  9.171E+007
 3.210E+013  3.676E-010  3.466E+008  9.229E+007
 3.230E+013  3.786E-010  3.467E+008  9.288E+007
 3.250E+013  3.899E-010  3.468E+008  9.346E+007
 3.270E+013  4.016E-010  3.469E+008  9.405E+007
 3.290E+013  4.136E-010  3.470E+008  9.463E+007
 3.310E+013  4.259E-010  3.471E+008  9.521E+007
 3.330E+013  4.385E-010  3.472E+008  9.580E+007
 3.350E+013  4.514E-010  3.474E+008  9.639E+007
 3.370E+013  4.648E-010  3.475E+008  9.697E+007
 3.390E+013  4.784E-010  3.476E+008  9.756E+007
 3.410E+013  4.924E-010  3.477E+008  9.814E+007
 3.430E+013  5.067E-010  3.479E+008  9.873E+007
 3.450E+013  5.214E-010  3.480E+008  9.932E+007
 3.470E+013  5.364E-010  3.481E+008  9.991E+007
 3.490E+013  5.518E-010  3.483E+008  1.005E+008
 3.510E+013  5.675E-010  3.484E+008  1.011E+008
 3.530E+013  5.836E-010  3.486E+008  1.017E+008
 3.550E+013  6.001E-010  3.488E+008  1.023E+008
 3.570E+013  6.169E-010  3.489E+008  1.029E+008
 3.590E+013  6.342E-010  3.491E+008  1.034E+008
 3.610E+013  6.518E-010  3.493E+008  1.040E+008
 3.630E+013  6.698E-010  3.495E+008  1.046E+008
 3.650E+013  6.882E-010  3.497E+008  1.052E+008
 3.670E+013  7.070E-010  3.499E+008  1.058E+008
 3.690E+013  7.262E-010  3.501E+008  1.064E+008
 3.710E+013  7.458E-010  3.503E+008  1.070E+008
 3.730E+013  7.659E-010  3.505E+008  1.076E+008
 3.750E+013  7.864E-010  3.507E+008  1.082E+008
 3.770E+013  8.074E-010  3.510E+008  1.088E+008
 3.790E+013  8.288E-010  3.512E+008  1.094E+008
 3.810E+013  8.507E-010  3.515E+008  1.100E+008
 3.830E+013  8.731E-010  3.517E+008  1.106E+008
 3.850E+013  8.959E-010  3.520E+008  1.112E+008
 3.870E+013  9.192E-010  3.523E+008  1.118E+008
 3.890E+013  9.430E-010  3.526E+008  1.124E+008
 3.910E+013  9.674E-010  3.529E+008  1.130E+008
 3.930E+013  9.922E-010  3.532E+008  1.136E+008
 3.950E+013  1.018E-009  3.535E+008  1.142E+008
 3.970E+013  1.043E-009  3.538E+008  1.148E+008
 3.990E+013  1.070E-009  3.541E+008  1.154E+008
 4.010E+013  1.097E-009  3.545E+008  1.160E+008
 4.030E+013  1.124E-009  3.548E+008  1.166E+008
 4.050E+013  1.152E-009  3.552E+008  1.172E+008
 4.070E+013  1.181E-009  3.556E+008  1.179E+008
 4.090E+013  1.210E-009  3.559E+008  1.185E+008
 4.110E+013  1.240E-009  3.563E+008  1.191E+008
 4.130E+013  1.270E-009  3.568E+008  1.197E+008
 4.150E+013  1.301E-009  3.572E+008  1.203E+008
 4.170E+013  1.333E-009  3.576E+008  1.209E+008
 4.190E+013  1.365E-009  3.581E+008  1.215E+008
 4.210E+013  1.398E-009  3.585E+008  1.222E+008
 4.230E+013  1.432E-009  3.590E+008  1.228E+008
 4.250E+013  1.466E-009  3.595E+008  1.234E+008
 4.270E+013  1.501E-009  3.600E+008  1.240E+008
 4.290E+013  1.537E-009  3.605E+008  1.247E+008
 4.310E+013  1.574E-009  3.610E+008  1.253E+008
 4.330E+013  1.611E-009  3.616E+008  1.259E+008
 4.350E+013  1.650E-009  3.621E+008  1.266E+008
 4.370E+013  1.689E-009  3.627E+008  1.272E+008
 4.390E+013  1.729E-009  3.633E+008  1.278E+008
 4.410E+013  1.769E-009  3.639E+008  1.285E+008
 4.430E+013  1.811E-009  3.646E+008  1.291E+008
 4.450E+013  1.854E-009  3.652E+008  1.297E+008
 4.470E+013  1.897E-009  3.659E+008  1.304E+008
 4.490E+013  1.942E-009  3.666E+008  1.310E+008
 4.510E+013  1.988E-009  3.673E+008  1.317E+008
 4.530E+013  2.034E-009  3.680E+008  1.323E+008
 4.550E+013  2.082E-009  3.688E+008  1.330E+008
 4.570E+013  2.130E-009  3.696E+008  1.336E+008
 4.590E+013  2.180E-009  3.703E+008  1.343E+008
 4.610E+013  2.231E-009  3.712E+008  1.350E+008
 4.630E+013  2.283E-009  3.720E+008  1.356E+008
 4.650E+013  2.336E-009  3.729E+008  1.363E+008
 4.670E+013  2.391E-009  3.738E+008  1.369E+008
 4.690E+013  2.446E-009  3.747E+008  1.376E+008
 4.710E+013  2.503E-009  3.756E+008  1.383E+008
 4.730E+013  2.561E-009  3.766E+008  1.390E+008
 4.750E+013  2.621E-009  3.776E+008  1.396E+008
 4.770E+013  2.681E-009  3.786E+008  1.403E+008
 4.790E+013  2.743E-009  3.797E+008  1.410E+008
 4.810E+013  2.807E-009  3.808E+008  1.417E+008
 4.830E+013  2.872E-009  3.819E+008  1.424E+008
 4.850E+013  2.938E-009  3.830E+008  1.431E+008
 4.870E+013  3.006E-009  3.842E+008  1.438E+008
 4.890E+013  3.075E-009  3.854E+008  1.445E+008
 4.910E+013  3.146E-009  3.867E+008  1.452E+008
 4.930E+013  3.218E-009  3.880E+008  1.459E+008
 4.950E+013  3.292E-009  3.893E+008  1.466E+008
 4.970E+013  3.368E-009  3.907E+008  1.473E+008
 4.990E+013  3.445E-009  3.921E+008  1.480E+008
 5.010E+013  3.525E-009  3.935E+008  1.488E+008
 5.030E+013  3.606E-009  3.950E+008  1.495E+008
 5.050E+013  3.688E-009  3.965E+008  1.502E+008
 5.070E+013  3.773E-009  3.981E+008  1.509E+008
 5.090E+013  3.860E-009  3.997E+008  1.517E+008
 5.110E+013  3.949E-009  4.014E+008  1.524E+008
 5.130E+013  4.040E-009  4.031E+008  1.532E+008
 5.150E+013  4.133E-009  4.049E+008  1.539E+008
 5.170E+013  4.228E-009  4.067E+008  1.547E+008
 5.190E+013  4.325E-009  4.085E+008  1.555E+008
 5.210E+013  4.425E-009  4.105E+008  1.562E+008
 5.230E+013  4.528E-009  4.124E+008  1.570E+008
 5.250E+013  4.633E-009  4.145E+008  1.578E+008
 5.270E+013  4.740E-009  4.165E+008  1.585E+008
 5.290E+013  4.850E-009  4.187E+008  1.593E+008
 5.310E+013  4.963E-009  4.209E+008  1.601E+008
 5.330E+013  5.079E-009  4.232E+008  1.609E+008
 5.350E+013  5.198E-009  4.255E+008  1.617E+008
 5.370E+013  5.319E-009  4.279E+008  1.625E+008
 5.390E+013  5.444E-009  4.304E+008  1.634E+008
 5.410E+013  5.573E-009  4.330E+008  1.642E+008
 5.430E+013  5.704E-009  4.356E+008  1.650E+008
 5.450E+013  5.839E-009  4.383E+008  1.658E+008
 5.470E+013  5.978E-009  4.411E+008  1.667E+008
 5.490E+013  6.121E-009  4.440E+008  1.675E+008
 5.510E+013  6.267E-009  4.470E+008  1.684E+008
 5.530E+013  6.417E-009  4.500E+008  1.692E+008
 5.550E+013  6.572E-009  4.532E+008  1.701E+008
 5.570E+013  6.731E-009  4.564E+008  1.710E+008
 5.590E+013  6.894E-009  4.597E+008  1.719E+008
 5.610E+013  7.062E-009  4.632E+008  1.728E+008
 5.630E+013  7.235E-009  4.667E+008  1.737E+008
 5.650E+013  7.412E-009  4.704E+008  1.746E+008
 5.670E+013  7.595E-009  4.741E+008  1.755E+008
 5.690E+013  7.783E-009  4.780E+008  1.764E+008
 5.710E+013  7.977E-009  4.820E+008  1.773E+008
 5.730E+013  8.176E-009  4.862E+008  1.782E+008
 5.750E+013  8.381E-009  4.904E+008  1.792E+008
 5.770E+013  8.593E-009  4.948E+008  1.801E+008
 5.790E+013  8.811E-009  4.993E+008  1.811E+008
 5.810E+013  9.035E-009  5.040E+008  1.821E+008
 5.830E+013  9.267E-009  5.088E+008  1.830E+008
 5.850E+013  9.506E-009  5.138E+008  1.840E+008
 5.870E+013  9.752E-009  5.189E+008  1.850E+008
 5.890E+013  1.001E-008  5.242E+008  1.860E+008
 5.910E+013  1.027E-008  5.297E+008  1.870E+008
 5.930E+013  1.054E-008  5.353E+008  1.880E+008
 5.950E+013  1.082E-008  5.412E+008  1.890E+008
 5.970E+013  1.111E-008  5.472E+008  1.901E+008
 5.990E+013  1.141E-008  5.534E+008  1.911E+008
 6.010E+013  1.171E-008  5.598E+008  1.922E+008
 6.030E+013  1.203E-008  5.665E+008  1.932E+008
 6.050E+013  1.236E-008  5.733E+008  1.943E+008
 6.070E+013  1.270E-008  5.804E+008  1.954E+008
 6.090E+013  1.306E-008  5.878E+008  1.965E+008
 6.110E+013  1.342E-008  5.953E+008  1.976E+008
 6.130E+013  1.380E-008  6.032E+008  1.987E+008
 6.150E+013  1.419E-008  6.113E+008  1.998E+008
 6.170E+013  1.460E-008  6.197E+008  2.009E+008
 6.190E+013  1.502E-008  6.284E+008  2.021E+008
 6.210E+013  1.546E-008  6.373E+008  2.032E+008
 6.230E+013  1.591E-008  6.466E+008  2.044E+008
 6.250E+013  1.638E-008  6.563E+008  2.055E+008
 6.270E+013  1.687E-008  6.662E+008  2.067E+008
 6.290E+013  1.738E-008  6.766E+008  2.079E+008
 6.310E+013  1.791E-008  6.873E+008  2.091E+008
 6.330E+013  1.845E-008  6.983E+008  2.103E+008
 6.350E+013  1.902E-008  7.098E+008  2.115E+008
 6.370E+013  1.961E-008  7.217E+008  2.128E+008
 6.390E+013  2.023E-008  7.341E+008  2.140E+008
 6.410E+013  2.087E-008  7.469E+008  2.152E+008
 6.430E+013  2.154E-008  7.602E+008  2.165E+008
 6.450E+013  2.224E-008  7.739E+008  2.178E+008
 6.470E+013  2.296E-008  7.882E+008  2.190E+008
 6.490E+013  2.372E-008  8.031E+008  2.203E+008
 6.510E+013  2.450E-008  8.185E+008  2.216E+008
 6.530E+013  2.533E-008  8.345E+008  2.229E+008
 6.550E+013  2.618E-008  8.512E+008  2.242E+008
 6.570E+013  2.708E-008  8.685E+008  2.256E+008
 6.590E+013  2.801E-008  8.864E+008  2.269E+008
 6.610E+013  2.899E-008  9.051E+008  2.282E+008
 6.630E+013  3.002E-008  9.246E+008  2.296E+008
 6.650E+013  3.108E-008  9.447E+008  2.309E+008
 6.670E+013  3.220E-008  9.658E+008  2.323E+008
 6.690E+013  3.339E-008  9.886E+008  2.337E+008
 6.710E+013  3.459E-008  1.010E+009  2.351E+008
 6.730E+013  3.581E-008  1.031E+009  2.362E+008
 6.750E+013  3.735E-008  1.067E+009  2.377E+008
 6.770E+013  3.882E-008  1.102E+009  2.409E+008
 6.790E+013  3.874E-008  1.064E+009  2.411E+008
 6.810E+013  3.364E-008  7.886E+008  2.306E+008
 6.830E+013  2.123E-008  2.842E+008  1.907E+008
 6.850E+013  1.294E-008  3.251E+007  1.130E+008
 6.870E+013  1.038E-008  3.277E+005  3.100E+007
 6.890E+013  1.001E-008  7.142E+001  1.276E+006
 6.910E+013  1.000E-008  6.236E+001  9.463E+002
 6.930E+013  1.000E-008  6.236E+001  2.300E-004
 6.950E+013  1.000E-008  6.236E+001 -2.693E-013
 6.970E+013  1.000E-008  6.236E+001  0.000E+000
 6.990E+013  1.000E-008  6.236E+001  0.000E+000
 7.010E+013  1.000E-008  6.236E+001  0.000E+000
 7.030E+013  1.000E-008  6.236E+001  0.000E+000
 7.050E+013  1.000E-008  6.236E+001  0.000E+000
 7.070E+013  1.000E-008  6.236E+001  0.000E+000
 7.090E+013  1.000E-008  6.236E+001  0.000E+000
 7.110E+013  1.000E-008  6.236E+001  0.000E+000
 7.130E+013  1.000E-008  6.236E+001  0.000E+000
 7.150E+013  1.000E-008  6.236E+001  0.000E+000
 7.170E+013  1.000E-008  6.236E+001  0.000E+000
 7.190E+013  1.000E-008  6.236E+001  2.984E-013
 7.210E+013  1.000E-008  6.236E+001 -2.984E-013
 7.230E+013  1.000E-008  6.236E+001  0.000E+000
 7.250E+013  1.000E-008  6.236E+001  0.000E+000
 7.270E+013  1.000E-008  6.236E+001  5.969E-013
 7.290E+013  1.000E-008  6.236E+001 -1.370E-034
 7.310E+013  1.000E-008  6.236E+001 -5.969E-013
 7.330E+013  1.000E-008  6.236E+001 -3.119E-032
 7.350E+013  1.000E-008  6.236E+001 -2.984E-013
 7.370E+013  1.000E-008  6.236E+001  2.984E-013
 7.390E+013  1.000E-008  6.236E+001  3.116E-032
 7.410E+013  1.000E-008  6.236E+001  1.165E-070
 7.430E+013  1.000E-008  6.236E+001  7.591E-148
 7.450E+013  1.000E-008  6.236E+001  1.559E-302
 7.470E+013  1.000E-008  6.236E+001  0.000E+000
 7.490E+013  1.000E-008  6.236E+001  0.000E+000
 7.510E+013  1.000E-008  6.236E+001  0.000E+000
 7.530E+013  1.000E-008  6.236E+001  0.000E+000
 7.550E+013  1.000E-008  6.236E+001  0.000E+000
 7.570E+013  1.000E-008  6.236E+001  0.000E+000
 7.590E+013  1.000E-008  6.236E+001  0.000E+000
 7.610E+013  1.000E-008  6.236E+001  0.000E+000
 7.630E+013  1.000E-008  6.236E+001  0.000E+000
 7.650E+013  1.000E-008  6.236E+001  0.000E+000
 7.670E+013  1.000E-008  6.236E+001  5.969E-013
 7.690E+013  1.000E-008  6.236E+001 -5.969E-013
 7.710E+013  1.000E-008  6.236E+001  8.953E-013
 7.730E+013  1.000E-008  6.236E+001 -8.953E-013
 7.750E+013  1.000E-008  6.236E+001  7.385E-033
 7.770E+013  1.000E-008  6.236E+001  5.969E-013
 7.790E+013  1.000E-008  6.236E+001 -1.791E-012
 7.810E+013  1.000E-008  6.236E+001  1.791E-012
 7.830E+013  1.000E-008  6.236E+001 -5.969E-013
 7.850E+013  1.000E-008  6.236E+001 -8.229E-071
 7.870E+013  1.000E-008  6.236E+001 -2.619E-032
 7.890E+013  1.000E-008  6.236E+001 -2.984E-013
 7.910E+013  1.000E-008  6.236E+001 -1.492E-012
 7.930E+013  1.000E-008  6.236E+001  8.953E-013
 7.950E+013  1.000E-008  6.236E+001  8.953E-013
 7.970E+013  1.000E-008  6.236E+001 -1.194E-012
 7.990E+013  1.000E-008  6.236E+001  1.194E-012
 8.010E+013  1.000E-008  6.236E+001  4.986E-031
 8.030E+013  1.000E-008  6.236E+001  2.982E-068
 8.050E+013  1.000E-008  6.236E+001  4.976E-143
 8.070E+013  1.000E-008  6.236E+001 -7.223E-286
 8.090E+013  1.000E-008  6.236E+001 -1.634E-139
 8.110E+013  1.000E-008  6.236E+001 -1.709E-066
 8.130E+013  1.000E-008  6.236E+001 -3.774E-030
 8.150E+013  1.000E-008  6.236E+001 -3.283E-012
 8.170E+013  1.000E-008  6.236E+001  4.178E-012
 8.190E+013  1.000E-008  6.236E+001 -8.953E-013
 8.210E+013  1.000E-008  6.236E+001  0.000E+000
 8.230E+013  1.000E-008  6.236E+001  0.000E+000
 8.250E+013  1.000E-008  6.236E+001  0.000E+000
 8.270E+013  1.000E-008  6.236E+001  0.000E+000
 8.290E+013  1.000E-008  6.236E+001  1.194E-012
 8.310E+013  1.000E-008  6.236E+001 -1.194E-012
 8.330E+013  1.000E-008  6.236E+001 -3.029E-032
 8.350E+013  1.000E-008  6.236E+001  1.791E-012
 8.370E+013  1.000E-008  6.236E+001 -1.492E-012
 8.390E+013  1.000E-008  6.236E+001 -3.119E-032
 8.410E+013  1.000E-008  6.236E+001 -2.984E-013
 8.430E+013  1.000E-008  6.236E+001  2.984E-013
 8.450E+013  1.000E-008  6.236E+001 -2.955E-035
 8.470E+013  1.000E-008  6.236E+001 -2.984E-013
 8.490E+013  1.000E-008  6.236E+001 -1.471E-035
 8.510E+013  1.000E-008  6.236E+001  2.984E-013
 8.530E+013  1.000E-008  6.236E+001 -2.927E-035
 8.550E+013  1.000E-008  6.236E+001 -2.984E-013
 8.570E+013  1.000E-008  6.236E+001 -1.457E-035
 8.590E+013  1.000E-008  6.236E+001  2.984E-013
 8.610E+013  1.000E-008  6.236E+001 -2.984E-013
 8.630E+013  1.000E-008  6.236E+001  0.000E+000
 8.650E+013  1.000E-008  6.236E+001  0.000E+000
 8.670E+013  1.000E-008  6.236E+001  0.000E+000
 8.690E+013  1.000E-008  6.236E+001  0.000E+000
 8.710E+013  1.000E-008  6.236E+001  0.000E+000
 8.730E+013  1.000E-008  6.236E+001  0.000E+000
 8.750E+013  1.000E-008  6.236E+001  2.984E-013
 8.770E+013  1.000E-008  6.236E+001 -2.984E-013
 8.790E+013  1.000E-008  6.236E+001 -1.420E-035
 8.810E+013  1.000E-008  6.236E+001  2.984E-013
 8.830E+013  1.000E-008  6.236E+001 -2.984E-013
 8.850E+013  1.000E-008  6.236E+001  2.984E-013
 8.870E+013  1.000E-008  6.236E+001  2.984E-013
 8.890E+013  1.000E-008  6.236E+001 -5.969E-013
 8.910E+013  1.000E-008  6.236E+001  0.000E+000
 8.930E+013  1.000E-008  6.236E+001  0.000E+000
 8.950E+013  1.000E-008  6.236E+001  0.000E+000
 8.970E+013  1.000E-008  6.236E+001  0.000E+000
 8.990E+013  1.000E-008  6.236E+001  0.000E+000
 9.010E+013  1.000E-008  6.236E+001  2.984E-013
 9.030E+013  1.000E-008  6.236E+001 -2.765E-035
 9.050E+013  1.000E-008  6.236E+001 -2.984E-013
 9.070E+013  1.000E-008  6.236E+001  2.984E-013
 9.090E+013  1.000E-008  6.236E+001 -2.747E-035
 9.110E+013  1.000E-008  6.236E+001 -2.984E-013
 9.130E+013  1.000E-008  6.236E+001  0.000E+000
 9.150E+013  1.000E-008  6.236E+001  0.000E+000
 9.170E+013  1.000E-008  6.236E+001  0.000E+000
 9.190E+013  1.000E-008  6.236E+001  0.000E+000
 9.210E+013  1.000E-008  6.236E+001  0.000E+000
 9.230E+013  1.000E-008  6.236E+001  2.984E-013
 9.250E+013  1.000E-008  6.236E+001 -2.699E-035
 9.270E+013  1.000E-008  6.236E+001 -2.984E-013
 9.290E+013  1.000E-008  6.236E+001  0.000E+000
 9.310E+013  1.000E-008  6.236E+001  0.000E+000
 9.330E+013  1.000E-008  6.236E+001  0.000E+000
 9.350E+013  1.000E-008  6.236E+001  0.000E+000
 9.370E+013  1.000E-008  6.236E+001  2.984E-013
 9.390E+013  1.000E-008  6.236E+001 -2.984E-013
 9.410E+013  1.000E-008  6.236E+001  2.984E-013
 9.430E+013  1.000E-008  6.236E+001 -2.984E-013
 9.450E+013  1.000E-008  6.236E+001  0.000E+000
 9.470E+013  1.000E-008  6.236E+001  0.000E+000
 9.490E+013  1.000E-008  6.236E+001  0.000E+000
 9.510E+013  1.000E-008  6.236E+001  0.000E+000
 9.530E+013  1.000E-008  6.236E+001  2.984E-013
 9.550E+013  1.000E-008  6.236E+001 -2.984E-013
 9.570E+013  1.000E-008  6.236E+001 -1.167E-070
 9.590E+013  1.000E-008  6.236E+001 -3.119E-032
 9.610E+013  1.000E-008  6.236E+001 -2.984E-013
 9.630E+013  1.000E-008  6.236E+001  2.984E-013
 9.650E+013  1.000E-008  6.236E+001  3.116E-032
 9.670E+013  1.000E-008  6.236E+001  2.984E-013
 9.690E+013  1.000E-008  6.236E+001 -2.984E-013
 9.710E+013  1.000E-008  6.236E+001  0.000E+000
 9.730E+013  1.000E-008  6.236E+001  0.000E+000
 9.750E+013  1.000E-008  6.236E+001  0.000E+000
 9.770E+013  1.000E-008  6.236E+001  0.000E+000
 9.790E+013  1.000E-008  6.236E+001  0.000E+000
 9.810E+013  1.000E-008  6.236E+001  0.000E+000
 9.830E+013  1.000E-008  6.236E+001  0.000E+000
 9.850E+013  1.000E-008  6.236E+001  0.000E+000
 9.870E+013  1.000E-008  6.236E+001  0.000E+000
 9.890E+013  1.000E-008  6.236E+001  0.000E+000
 9.910E+013  1.000E-008  6.236E+001  0.000E+000
 9.930E+013  1.000E-008  6.236E+001  0.000E+000
 9.950E+013  1.000E-008  6.236E+001  2.984E-013
 9.970E+013  1.000E-008  6.236E+001 -2.984E-013
 9.990E+013  1.000E-008  6.236E+001  0.000E+000
 1.001E+014  1.000E-099  1.000E-099  0.000E+000
 1.003E+014  1.000E-099  1.000E-099  0.000E+000
 2.664E-003
