 2.940E+005
     x1b        dens       energ       v1
 1.000E+011  9.970E-013  7.562E+007  0.000E+000
 3.000E+011  9.972E-013  7.562E+007  1.561E+005
 5.000E+011  9.979E-013  7.562E+007  3.331E+005
 7.000E+011  9.994E-013  7.562E+007  4.927E+005
 9.000E+011  1.002E-012  7.562E+007  6.602E+005
 1.100E+012  1.006E-012  7.562E+007  8.235E+005
 1.300E+012  1.011E-012  7.562E+007  9.891E+005
 1.500E+012  1.017E-012  7.562E+007  1.154E+006
 1.700E+012  1.025E-012  7.562E+007  1.319E+006
 1.900E+012  1.034E-012  7.562E+007  1.483E+006
 2.100E+012  1.044E-012  7.562E+007  1.648E+006
 2.300E+012  1.055E-012  7.562E+007  1.813E+006
 2.500E+012  1.066E-012  7.562E+007  1.978E+006
 2.700E+012  1.079E-012  7.562E+007  2.143E+006
 2.900E+012  1.091E-012  7.562E+007  2.307E+006
 3.100E+012  1.104E-012  7.562E+007  2.472E+006
 3.300E+012  1.117E-012  7.562E+007  2.637E+006
 3.500E+012  1.130E-012  7.562E+007  2.802E+006
 3.700E+012  1.144E-012  7.562E+007  2.967E+006
 3.900E+012  1.157E-012  7.562E+007  3.131E+006
 4.100E+012  1.169E-012  7.562E+007  3.296E+006
 4.300E+012  1.182E-012  7.562E+007  3.461E+006
 4.500E+012  1.193E-012  7.562E+007  3.626E+006
 4.700E+012  1.204E-012  7.562E+007  3.791E+006
 4.900E+012  1.213E-012  7.562E+007  3.955E+006
 5.100E+012  1.219E-012  7.562E+007  4.120E+006
 5.300E+012  1.223E-012  7.562E+007  4.285E+006
 5.500E+012  1.225E-012  7.562E+007  4.450E+006
 5.700E+012  1.225E-012  7.562E+007  4.615E+006
 5.900E+012  1.225E-012  7.562E+007  4.779E+006
 6.100E+012  1.225E-012  7.562E+007  4.944E+006
 6.300E+012  1.225E-012  7.562E+007  5.109E+006
 6.500E+012  1.225E-012  7.562E+007  5.274E+006
 6.700E+012  1.225E-012  7.562E+007  5.439E+006
 6.900E+012  1.225E-012  7.562E+007  5.604E+006
 7.100E+012  1.224E-012  7.562E+007  5.768E+006
 7.300E+012  1.224E-012  7.562E+007  5.933E+006
 7.500E+012  1.223E-012  7.562E+007  6.098E+006
 7.700E+012  1.223E-012  7.562E+007  6.263E+006
 7.900E+012  1.222E-012  7.562E+007  6.428E+006
 8.100E+012  1.221E-012  7.562E+007  6.592E+006
 8.300E+012  1.220E-012  7.562E+007  6.757E+006
 8.500E+012  1.219E-012  7.562E+007  6.922E+006
 8.700E+012  1.219E-012  7.562E+007  7.087E+006
 8.900E+012  1.218E-012  7.562E+007  7.252E+006
 9.100E+012  1.218E-012  7.562E+007  7.416E+006
 9.300E+012  1.218E-012  7.562E+007  7.581E+006
 9.500E+012  1.218E-012  7.562E+007  7.746E+006
 9.700E+012  1.218E-012  7.562E+007  7.911E+006
 9.900E+012  1.219E-012  7.562E+007  8.076E+006
 1.010E+013  1.219E-012  7.562E+007  8.241E+006
 1.030E+013  1.219E-012  7.562E+007  8.405E+006
 1.050E+013  1.220E-012  7.562E+007  8.570E+006
 1.070E+013  1.221E-012  7.562E+007  8.735E+006
 1.090E+013  1.222E-012  7.562E+007  8.900E+006
 1.110E+013  1.223E-012  7.562E+007  9.065E+006
 1.130E+013  1.224E-012  7.562E+007  9.229E+006
 1.150E+013  1.227E-012  7.562E+007  9.394E+006
 1.170E+013  1.229E-012  7.562E+007  9.559E+006
 1.190E+013  1.232E-012  7.562E+007  9.724E+006
 1.210E+013  1.236E-012  7.562E+007  9.889E+006
 1.230E+013  1.240E-012  7.562E+007  1.005E+007
 1.250E+013  1.245E-012  7.562E+007  1.022E+007
 1.270E+013  1.251E-012  7.562E+007  1.038E+007
 1.290E+013  1.257E-012  7.562E+007  1.055E+007
 1.310E+013  1.265E-012  7.562E+007  1.071E+007
 1.330E+013  1.273E-012  7.562E+007  1.088E+007
 1.350E+013  1.283E-012  7.562E+007  1.104E+007
 1.370E+013  1.293E-012  7.562E+007  1.121E+007
 1.390E+013  1.305E-012  7.562E+007  1.137E+007
 1.410E+013  1.319E-012  7.562E+007  1.154E+007
 1.430E+013  1.334E-012  7.562E+007  1.170E+007
 1.450E+013  1.350E-012  7.562E+007  1.187E+007
 1.470E+013  1.368E-012  7.562E+007  1.203E+007
 1.490E+013  1.388E-012  7.562E+007  1.220E+007
 1.510E+013  1.410E-012  7.562E+007  1.236E+007
 1.530E+013  1.434E-012  7.562E+007  1.253E+007
 1.550E+013  1.460E-012  7.562E+007  1.269E+007
 1.570E+013  1.489E-012  7.562E+007  1.286E+007
 1.590E+013  1.521E-012  7.562E+007  1.302E+007
 1.610E+013  1.555E-012  7.562E+007  1.319E+007
 1.630E+013  1.592E-012  7.562E+007  1.335E+007
 1.650E+013  1.633E-012  7.562E+007  1.352E+007
 1.670E+013  1.677E-012  7.562E+007  1.368E+007
 1.690E+013  1.725E-012  7.562E+007  1.385E+007
 1.710E+013  1.777E-012  7.562E+007  1.401E+007
 1.730E+013  1.833E-012  7.562E+007  1.418E+007
 1.750E+013  1.895E-012  7.562E+007  1.434E+007
 1.770E+013  1.961E-012  7.562E+007  1.451E+007
 1.790E+013  2.033E-012  7.562E+007  1.467E+007
 1.810E+013  2.111E-012  7.562E+007  1.484E+007
 1.830E+013  2.196E-012  7.562E+007  1.500E+007
 1.850E+013  2.287E-012  7.562E+007  1.517E+007
 1.870E+013  2.386E-012  7.562E+007  1.533E+007
 1.890E+013  2.493E-012  7.562E+007  1.550E+007
 1.910E+013  2.608E-012  7.562E+007  1.566E+007
 1.930E+013  2.733E-012  7.562E+007  1.583E+007
 1.950E+013  2.867E-012  7.562E+007  1.599E+007
 1.970E+013  3.012E-012  7.562E+007  1.616E+007
 1.990E+013  3.168E-012  7.562E+007  1.632E+007
 2.010E+013  3.336E-012  7.562E+007  1.649E+007
 2.030E+013  3.516E-012  7.562E+007  1.665E+007
 2.050E+013  3.709E-012  7.562E+007  1.682E+007
 2.070E+013  3.916E-012  7.562E+007  1.698E+007
 2.090E+013  4.138E-012  7.562E+007  1.715E+007
 2.110E+013  4.374E-012  7.562E+007  1.731E+007
 2.130E+013  4.626E-012  7.562E+007  1.748E+007
 2.150E+013  4.895E-012  7.562E+007  1.764E+007
 2.170E+013  5.179E-012  7.562E+007  1.781E+007
 2.190E+013  5.481E-012  7.562E+007  1.797E+007
 2.210E+013  5.799E-012  7.562E+007  1.814E+007
 2.230E+013  6.135E-012  7.562E+007  1.830E+007
 2.250E+013  6.488E-012  7.562E+007  1.847E+007
 2.270E+013  6.858E-012  7.562E+007  1.863E+007
 2.290E+013  7.244E-012  7.562E+007  1.880E+007
 2.310E+013  7.647E-012  7.562E+007  1.896E+007
 2.330E+013  8.065E-012  7.562E+007  1.913E+007
 2.350E+013  8.499E-012  7.562E+007  1.929E+007
 2.370E+013  8.947E-012  7.562E+007  1.946E+007
 2.390E+013  9.408E-012  7.562E+007  1.962E+007
 2.410E+013  9.882E-012  7.562E+007  1.978E+007
 2.430E+013  1.037E-011  7.562E+007  1.995E+007
 2.450E+013  1.086E-011  7.562E+007  2.011E+007
 2.470E+013  1.137E-011  7.562E+007  2.028E+007
 2.490E+013  1.188E-011  7.562E+007  2.044E+007
 2.510E+013  1.241E-011  7.562E+007  2.061E+007
 2.530E+013  1.294E-011  7.562E+007  2.077E+007
 2.550E+013  1.348E-011  7.562E+007  2.094E+007
 2.570E+013  1.402E-011  7.562E+007  2.110E+007
 2.590E+013  1.457E-011  7.562E+007  2.127E+007
 2.610E+013  1.512E-011  7.562E+007  2.143E+007
 2.630E+013  1.568E-011  7.562E+007  2.159E+007
 2.650E+013  1.625E-011  7.562E+007  2.176E+007
 2.670E+013  1.682E-011  7.562E+007  2.192E+007
 2.690E+013  1.739E-011  7.562E+007  2.209E+007
 2.710E+013  1.798E-011  7.562E+007  2.225E+007
 2.730E+013  1.856E-011  7.562E+007  2.242E+007
 2.750E+013  1.916E-011  7.562E+007  2.258E+007
 2.770E+013  1.976E-011  7.562E+007  2.275E+007
 2.790E+013  2.037E-011  7.562E+007  2.291E+007
 2.810E+013  2.099E-011  7.562E+007  2.308E+007
 2.830E+013  2.161E-011  7.562E+007  2.324E+007
 2.850E+013  2.225E-011  7.563E+007  2.341E+007
 2.870E+013  2.290E-011  7.563E+007  2.357E+007
 2.890E+013  2.356E-011  7.563E+007  2.374E+007
 2.910E+013  2.423E-011  7.563E+007  2.390E+007
 2.930E+013  2.491E-011  7.563E+007  2.407E+007
 2.950E+013  2.561E-011  7.563E+007  2.423E+007
 2.970E+013  2.632E-011  7.563E+007  2.440E+007
 2.990E+013  2.706E-011  7.563E+007  2.456E+007
 3.010E+013  2.780E-011  7.563E+007  2.473E+007
 3.030E+013  2.857E-011  7.563E+007  2.489E+007
 3.050E+013  2.936E-011  7.563E+007  2.506E+007
 3.070E+013  3.016E-011  7.563E+007  2.522E+007
 3.090E+013  3.099E-011  7.563E+007  2.538E+007
 3.110E+013  3.184E-011  7.563E+007  2.555E+007
 3.130E+013  3.272E-011  7.563E+007  2.571E+007
 3.150E+013  3.362E-011  7.563E+007  2.588E+007
 3.170E+013  3.454E-011  7.563E+007  2.604E+007
 3.190E+013  3.549E-011  7.563E+007  2.621E+007
 3.210E+013  3.647E-011  7.564E+007  2.637E+007
 3.230E+013  3.748E-011  7.564E+007  2.654E+007
 3.250E+013  3.852E-011  7.564E+007  2.670E+007
 3.270E+013  3.958E-011  7.564E+007  2.687E+007
 3.290E+013  4.068E-011  7.564E+007  2.703E+007
 3.310E+013  4.181E-011  7.564E+007  2.720E+007
 3.330E+013  4.297E-011  7.564E+007  2.736E+007
 3.350E+013  4.417E-011  7.564E+007  2.753E+007
 3.370E+013  4.539E-011  7.564E+007  2.769E+007
 3.390E+013  4.665E-011  7.564E+007  2.786E+007
 3.410E+013  4.794E-011  7.564E+007  2.802E+007
 3.430E+013  4.927E-011  7.565E+007  2.819E+007
 3.450E+013  5.063E-011  7.565E+007  2.835E+007
 3.470E+013  5.202E-011  7.565E+007  2.852E+007
 3.490E+013  5.345E-011  7.565E+007  2.868E+007
 3.510E+013  5.491E-011  7.565E+007  2.885E+007
 3.530E+013  5.640E-011  7.565E+007  2.901E+007
 3.550E+013  5.793E-011  7.565E+007  2.918E+007
 3.570E+013  5.949E-011  7.565E+007  2.934E+007
 3.590E+013  6.108E-011  7.566E+007  2.951E+007
 3.610E+013  6.270E-011  7.566E+007  2.967E+007
 3.630E+013  6.436E-011  7.566E+007  2.984E+007
 3.650E+013  6.604E-011  7.566E+007  3.000E+007
 3.670E+013  6.776E-011  7.566E+007  3.017E+007
 3.690E+013  6.951E-011  7.566E+007  3.033E+007
 3.710E+013  7.128E-011  7.566E+007  3.050E+007
 3.730E+013  7.309E-011  7.567E+007  3.066E+007
 3.750E+013  7.493E-011  7.567E+007  3.083E+007
 3.770E+013  7.680E-011  7.567E+007  3.099E+007
 3.790E+013  7.870E-011  7.567E+007  3.116E+007
 3.810E+013  8.063E-011  7.567E+007  3.132E+007
 3.830E+013  8.259E-011  7.568E+007  3.149E+007
 3.850E+013  8.458E-011  7.568E+007  3.165E+007
 3.870E+013  8.660E-011  7.568E+007  3.182E+007
 3.890E+013  8.866E-011  7.568E+007  3.198E+007
 3.910E+013  9.075E-011  7.568E+007  3.215E+007
 3.930E+013  9.287E-011  7.569E+007  3.231E+007
 3.950E+013  9.503E-011  7.569E+007  3.248E+007
 3.970E+013  9.722E-011  7.569E+007  3.264E+007
 3.990E+013  9.946E-011  7.569E+007  3.281E+007
 4.010E+013  1.017E-010  7.570E+007  3.297E+007
 4.030E+013  1.040E-010  7.570E+007  3.314E+007
 4.050E+013  1.064E-010  7.570E+007  3.330E+007
 4.070E+013  1.088E-010  7.570E+007  3.347E+007
 4.090E+013  1.112E-010  7.571E+007  3.363E+007
 4.110E+013  1.137E-010  7.571E+007  3.380E+007
 4.130E+013  1.163E-010  7.571E+007  3.396E+007
 4.150E+013  1.189E-010  7.572E+007  3.413E+007
 4.170E+013  1.215E-010  7.572E+007  3.430E+007
 4.190E+013  1.242E-010  7.572E+007  3.446E+007
 4.210E+013  1.269E-010  7.573E+007  3.463E+007
 4.230E+013  1.297E-010  7.573E+007  3.479E+007
 4.250E+013  1.326E-010  7.573E+007  3.496E+007
 4.270E+013  1.355E-010  7.574E+007  3.512E+007
 4.290E+013  1.385E-010  7.574E+007  3.529E+007
 4.310E+013  1.416E-010  7.574E+007  3.545E+007
 4.330E+013  1.447E-010  7.575E+007  3.562E+007
 4.350E+013  1.478E-010  7.575E+007  3.578E+007
 4.370E+013  1.511E-010  7.576E+007  3.595E+007
 4.390E+013  1.544E-010  7.576E+007  3.611E+007
 4.410E+013  1.578E-010  7.576E+007  3.628E+007
 4.430E+013  1.612E-010  7.577E+007  3.644E+007
 4.450E+013  1.647E-010  7.577E+007  3.661E+007
 4.470E+013  1.683E-010  7.578E+007  3.678E+007
 4.490E+013  1.719E-010  7.578E+007  3.694E+007
 4.510E+013  1.757E-010  7.579E+007  3.711E+007
 4.530E+013  1.795E-010  7.579E+007  3.727E+007
 4.550E+013  1.833E-010  7.580E+007  3.744E+007
 4.570E+013  1.873E-010  7.580E+007  3.760E+007
 4.590E+013  1.913E-010  7.581E+007  3.777E+007
 4.610E+013  1.953E-010  7.582E+007  3.793E+007
 4.630E+013  1.995E-010  7.582E+007  3.810E+007
 4.650E+013  2.037E-010  7.583E+007  3.827E+007
 4.670E+013  2.080E-010  7.583E+007  3.843E+007
 4.690E+013  2.124E-010  7.584E+007  3.860E+007
 4.710E+013  2.169E-010  7.585E+007  3.876E+007
 4.730E+013  2.214E-010  7.585E+007  3.893E+007
 4.750E+013  2.260E-010  7.586E+007  3.910E+007
 4.770E+013  2.306E-010  7.587E+007  3.926E+007
 4.790E+013  2.354E-010  7.587E+007  3.943E+007
 4.810E+013  2.402E-010  7.588E+007  3.959E+007
 4.830E+013  2.451E-010  7.589E+007  3.976E+007
 4.850E+013  2.501E-010  7.590E+007  3.992E+007
 4.870E+013  2.552E-010  7.590E+007  4.009E+007
 4.890E+013  2.603E-010  7.591E+007  4.026E+007
 4.910E+013  2.655E-010  7.592E+007  4.042E+007
 4.930E+013  2.708E-010  7.593E+007  4.059E+007
 4.950E+013  2.762E-010  7.594E+007  4.076E+007
 4.970E+013  2.817E-010  7.595E+007  4.092E+007
 4.990E+013  2.873E-010  7.595E+007  4.109E+007
 5.010E+013  2.929E-010  7.596E+007  4.125E+007
 5.030E+013  2.986E-010  7.597E+007  4.142E+007
 5.050E+013  3.045E-010  7.598E+007  4.159E+007
 5.070E+013  3.104E-010  7.599E+007  4.175E+007
 5.090E+013  3.164E-010  7.600E+007  4.192E+007
 5.110E+013  3.225E-010  7.601E+007  4.209E+007
 5.130E+013  3.287E-010  7.602E+007  4.225E+007
 5.150E+013  3.349E-010  7.603E+007  4.242E+007
 5.170E+013  3.413E-010  7.605E+007  4.259E+007
 5.190E+013  3.478E-010  7.606E+007  4.275E+007
 5.210E+013  3.543E-010  7.607E+007  4.292E+007
 5.230E+013  3.610E-010  7.608E+007  4.309E+007
 5.250E+013  3.678E-010  7.609E+007  4.325E+007
 5.270E+013  3.746E-010  7.611E+007  4.342E+007
 5.290E+013  3.816E-010  7.612E+007  4.359E+007
 5.310E+013  3.887E-010  7.613E+007  4.375E+007
 5.330E+013  3.958E-010  7.614E+007  4.392E+007
 5.350E+013  4.031E-010  7.616E+007  4.409E+007
 5.370E+013  4.105E-010  7.617E+007  4.425E+007
 5.390E+013  4.179E-010  7.619E+007  4.442E+007
 5.410E+013  4.255E-010  7.620E+007  4.459E+007
 5.430E+013  4.332E-010  7.622E+007  4.476E+007
 5.450E+013  4.410E-010  7.623E+007  4.492E+007
 5.470E+013  4.489E-010  7.625E+007  4.509E+007
 5.490E+013  4.569E-010  7.626E+007  4.526E+007
 5.510E+013  4.650E-010  7.628E+007  4.543E+007
 5.530E+013  4.732E-010  7.630E+007  4.559E+007
 5.550E+013  4.816E-010  7.631E+007  4.576E+007
 5.570E+013  4.900E-010  7.633E+007  4.593E+007
 5.590E+013  4.986E-010  7.635E+007  4.610E+007
 5.610E+013  5.073E-010  7.636E+007  4.627E+007
 5.630E+013  5.161E-010  7.638E+007  4.643E+007
 5.650E+013  5.250E-010  7.640E+007  4.660E+007
 5.670E+013  5.340E-010  7.642E+007  4.677E+007
 5.690E+013  5.432E-010  7.644E+007  4.694E+007
 5.710E+013  5.525E-010  7.646E+007  4.711E+007
 5.730E+013  5.619E-010  7.648E+007  4.728E+007
 5.750E+013  5.715E-010  7.650E+007  4.744E+007
 5.770E+013  5.812E-010  7.652E+007  4.761E+007
 5.790E+013  5.910E-010  7.654E+007  4.778E+007
 5.810E+013  6.010E-010  7.657E+007  4.795E+007
 5.830E+013  6.111E-010  7.659E+007  4.812E+007
 5.850E+013  6.214E-010  7.661E+007  4.829E+007
 5.870E+013  6.318E-010  7.664E+007  4.846E+007
 5.890E+013  6.423E-010  7.666E+007  4.863E+007
 5.910E+013  6.530E-010  7.668E+007  4.880E+007
 5.930E+013  6.639E-010  7.671E+007  4.897E+007
 5.950E+013  6.749E-010  7.674E+007  4.914E+007
 5.970E+013  6.860E-010  7.676E+007  4.931E+007
 5.990E+013  6.974E-010  7.679E+007  4.948E+007
 6.010E+013  7.089E-010  7.681E+007  4.964E+007
 6.030E+013  7.205E-010  7.684E+007  4.982E+007
 6.050E+013  7.323E-010  7.687E+007  4.999E+007
 6.070E+013  7.443E-010  7.690E+007  5.016E+007
 6.090E+013  7.565E-010  7.693E+007  5.033E+007
 6.110E+013  7.688E-010  7.696E+007  5.050E+007
 6.130E+013  7.813E-010  7.699E+007  5.067E+007
 6.150E+013  7.940E-010  7.702E+007  5.084E+007
 6.170E+013  8.069E-010  7.705E+007  5.101E+007
 6.190E+013  8.199E-010  7.708E+007  5.118E+007
 6.210E+013  8.332E-010  7.712E+007  5.135E+007
 6.230E+013  8.466E-010  7.715E+007  5.152E+007
 6.250E+013  8.602E-010  7.718E+007  5.169E+007
 6.270E+013  8.740E-010  7.722E+007  5.187E+007
 6.290E+013  8.880E-010  7.725E+007  5.204E+007
 6.310E+013  9.022E-010  7.729E+007  5.221E+007
 6.330E+013  9.165E-010  7.733E+007  5.238E+007
 6.350E+013  9.311E-010  7.737E+007  5.255E+007
 6.370E+013  9.459E-010  7.740E+007  5.273E+007
 6.390E+013  9.609E-010  7.744E+007  5.290E+007
 6.410E+013  9.760E-010  7.748E+007  5.307E+007
 6.430E+013  9.914E-010  7.752E+007  5.324E+007
 6.450E+013  1.007E-009  7.757E+007  5.342E+007
 6.470E+013  1.023E-009  7.761E+007  5.359E+007
 6.490E+013  1.039E-009  7.765E+007  5.376E+007
 6.510E+013  1.055E-009  7.769E+007  5.394E+007
 6.530E+013  1.071E-009  7.774E+007  5.411E+007
 6.550E+013  1.088E-009  7.779E+007  5.429E+007
 6.570E+013  1.105E-009  7.783E+007  5.446E+007
 6.590E+013  1.122E-009  7.788E+007  5.463E+007
 6.610E+013  1.139E-009  7.793E+007  5.481E+007
 6.630E+013  1.157E-009  7.798E+007  5.498E+007
 6.650E+013  1.175E-009  7.803E+007  5.516E+007
 6.670E+013  1.193E-009  7.808E+007  5.533E+007
 6.690E+013  1.211E-009  7.813E+007  5.551E+007
 6.710E+013  1.229E-009  7.818E+007  5.568E+007
 6.730E+013  1.248E-009  7.824E+007  5.586E+007
 6.750E+013  1.267E-009  7.829E+007  5.604E+007
 6.770E+013  1.286E-009  7.835E+007  5.621E+007
 6.790E+013  1.305E-009  7.840E+007  5.639E+007
 6.810E+013  1.325E-009  7.846E+007  5.657E+007
 6.830E+013  1.345E-009  7.852E+007  5.674E+007
 6.850E+013  1.365E-009  7.858E+007  5.692E+007
 6.870E+013  1.386E-009  7.864E+007  5.710E+007
 6.890E+013  1.406E-009  7.870E+007  5.728E+007
 6.910E+013  1.427E-009  7.877E+007  5.745E+007
 6.930E+013  1.449E-009  7.883E+007  5.763E+007
 6.950E+013  1.470E-009  7.890E+007  5.781E+007
 6.970E+013  1.492E-009  7.897E+007  5.799E+007
 6.990E+013  1.514E-009  7.903E+007  5.817E+007
 7.010E+013  1.536E-009  7.910E+007  5.835E+007
 7.030E+013  1.559E-009  7.917E+007  5.853E+007
 7.050E+013  1.582E-009  7.925E+007  5.871E+007
 7.070E+013  1.605E-009  7.932E+007  5.889E+007
 7.090E+013  1.628E-009  7.939E+007  5.907E+007
 7.110E+013  1.652E-009  7.947E+007  5.925E+007
 7.130E+013  1.676E-009  7.955E+007  5.943E+007
 7.150E+013  1.701E-009  7.963E+007  5.961E+007
 7.170E+013  1.725E-009  7.971E+007  5.979E+007
 7.190E+013  1.750E-009  7.979E+007  5.998E+007
 7.210E+013  1.776E-009  7.987E+007  6.016E+007
 7.230E+013  1.801E-009  7.995E+007  6.034E+007
 7.250E+013  1.827E-009  8.004E+007  6.053E+007
 7.270E+013  1.854E-009  8.013E+007  6.071E+007
 7.290E+013  1.880E-009  8.022E+007  6.089E+007
 7.310E+013  1.907E-009  8.031E+007  6.108E+007
 7.330E+013  1.935E-009  8.040E+007  6.126E+007
 7.350E+013  1.963E-009  8.049E+007  6.145E+007
 7.370E+013  1.991E-009  8.059E+007  6.163E+007
 7.390E+013  2.019E-009  8.069E+007  6.182E+007
 7.410E+013  2.048E-009  8.079E+007  6.200E+007
 7.430E+013  2.077E-009  8.089E+007  6.219E+007
 7.450E+013  2.107E-009  8.099E+007  6.238E+007
 7.470E+013  2.137E-009  8.109E+007  6.257E+007
 7.490E+013  2.168E-009  8.120E+007  6.275E+007
 7.510E+013  2.198E-009  8.131E+007  6.294E+007
 7.530E+013  2.230E-009  8.142E+007  6.313E+007
 7.550E+013  2.261E-009  8.153E+007  6.332E+007
 7.570E+013  2.293E-009  8.164E+007  6.351E+007
 7.590E+013  2.326E-009  8.176E+007  6.370E+007
 7.610E+013  2.359E-009  8.188E+007  6.389E+007
 7.630E+013  2.392E-009  8.200E+007  6.408E+007
 7.650E+013  2.426E-009  8.212E+007  6.427E+007
 7.670E+013  2.460E-009  8.224E+007  6.446E+007
 7.690E+013  2.495E-009  8.237E+007  6.466E+007
 7.710E+013  2.530E-009  8.250E+007  6.485E+007
 7.730E+013  2.566E-009  8.263E+007  6.504E+007
 7.750E+013  2.602E-009  8.276E+007  6.524E+007
 7.770E+013  2.639E-009  8.289E+007  6.543E+007
 7.790E+013  2.676E-009  8.303E+007  6.562E+007
 7.810E+013  2.714E-009  8.317E+007  6.582E+007
 7.830E+013  2.752E-009  8.331E+007  6.602E+007
 7.850E+013  2.791E-009  8.346E+007  6.621E+007
 7.870E+013  2.830E-009  8.361E+007  6.641E+007
 7.890E+013  2.869E-009  8.376E+007  6.661E+007
 7.910E+013  2.910E-009  8.391E+007  6.681E+007
 7.930E+013  2.951E-009  8.407E+007  6.700E+007
 7.950E+013  2.992E-009  8.422E+007  6.720E+007
 7.970E+013  3.034E-009  8.438E+007  6.740E+007
 7.990E+013  3.076E-009  8.455E+007  6.760E+007
 8.010E+013  3.119E-009  8.471E+007  6.781E+007
 8.030E+013  3.163E-009  8.488E+007  6.801E+007
 8.050E+013  3.207E-009  8.506E+007  6.821E+007
 8.070E+013  3.252E-009  8.523E+007  6.841E+007
 8.090E+013  3.298E-009  8.541E+007  6.862E+007
 8.110E+013  3.344E-009  8.559E+007  6.882E+007
 8.130E+013  3.391E-009  8.578E+007  6.903E+007
 8.150E+013  3.438E-009  8.596E+007  6.923E+007
 8.170E+013  3.486E-009  8.615E+007  6.944E+007
 8.190E+013  3.535E-009  8.635E+007  6.964E+007
 8.210E+013  3.585E-009  8.655E+007  6.985E+007
 8.230E+013  3.635E-009  8.675E+007  7.006E+007
 8.250E+013  3.686E-009  8.695E+007  7.027E+007
 8.270E+013  3.737E-009  8.716E+007  7.048E+007
 8.290E+013  3.790E-009  8.737E+007  7.069E+007
 8.310E+013  3.843E-009  8.759E+007  7.090E+007
 8.330E+013  3.897E-009  8.781E+007  7.111E+007
 8.350E+013  3.951E-009  8.803E+007  7.133E+007
 8.370E+013  4.007E-009  8.826E+007  7.154E+007
 8.390E+013  4.063E-009  8.849E+007  7.176E+007
 8.410E+013  4.120E-009  8.873E+007  7.197E+007
 8.430E+013  4.178E-009  8.897E+007  7.219E+007
 8.450E+013  4.237E-009  8.921E+007  7.240E+007
 8.470E+013  4.296E-009  8.946E+007  7.262E+007
 8.490E+013  4.357E-009  8.971E+007  7.284E+007
 8.510E+013  4.418E-009  8.997E+007  7.306E+007
 8.530E+013  4.481E-009  9.023E+007  7.328E+007
 8.550E+013  4.544E-009  9.049E+007  7.350E+007
 8.570E+013  4.608E-009  9.076E+007  7.372E+007
 8.590E+013  4.673E-009  9.104E+007  7.395E+007
 8.610E+013  4.740E-009  9.132E+007  7.417E+007
 8.630E+013  4.807E-009  9.161E+007  7.440E+007
 8.650E+013  4.875E-009  9.190E+007  7.462E+007
 8.670E+013  4.945E-009  9.219E+007  7.485E+007
 8.690E+013  5.015E-009  9.249E+007  7.508E+007
 8.710E+013  5.086E-009  9.280E+007  7.531E+007
 8.730E+013  5.159E-009  9.311E+007  7.554E+007
 8.750E+013  5.233E-009  9.343E+007  7.577E+007
 8.770E+013  5.308E-009  9.375E+007  7.600E+007
 8.790E+013  5.384E-009  9.408E+007  7.623E+007
 8.810E+013  5.461E-009  9.441E+007  7.646E+007
 8.830E+013  5.540E-009  9.476E+007  7.670E+007
 8.850E+013  5.619E-009  9.510E+007  7.693E+007
 8.870E+013  5.700E-009  9.546E+007  7.717E+007
 8.890E+013  5.783E-009  9.581E+007  7.741E+007
 8.910E+013  5.866E-009  9.618E+007  7.765E+007
 8.930E+013  5.951E-009  9.655E+007  7.789E+007
 8.950E+013  6.038E-009  9.693E+007  7.813E+007
 8.970E+013  6.126E-009  9.732E+007  7.837E+007
 8.990E+013  6.215E-009  9.771E+007  7.862E+007
 9.010E+013  6.306E-009  9.811E+007  7.886E+007
 9.030E+013  6.398E-009  9.852E+007  7.911E+007
 9.050E+013  6.492E-009  9.894E+007  7.935E+007
 9.070E+013  6.587E-009  9.936E+007  7.960E+007
 9.090E+013  6.684E-009  9.979E+007  7.985E+007
 9.110E+013  6.783E-009  1.002E+008  8.010E+007
 9.130E+013  6.883E-009  1.007E+008  8.035E+007
 9.150E+013  6.986E-009  1.011E+008  8.061E+007
 9.170E+013  7.089E-009  1.016E+008  8.086E+007
 9.190E+013  7.195E-009  1.021E+008  8.112E+007
 9.210E+013  7.302E-009  1.025E+008  8.137E+007
 9.230E+013  7.412E-009  1.030E+008  8.163E+007
 9.250E+013  7.523E-009  1.035E+008  8.189E+007
 9.270E+013  7.636E-009  1.040E+008  8.215E+007
 9.290E+013  7.751E-009  1.046E+008  8.241E+007
 9.310E+013  7.869E-009  1.051E+008  8.268E+007
 9.330E+013  7.988E-009  1.056E+008  8.294E+007
 9.350E+013  8.110E-009  1.062E+008  8.321E+007
 9.370E+013  8.233E-009  1.067E+008  8.348E+007
 9.390E+013  8.359E-009  1.073E+008  8.375E+007
 9.410E+013  8.488E-009  1.079E+008  8.402E+007
 9.430E+013  8.618E-009  1.085E+008  8.429E+007
 9.450E+013  8.751E-009  1.091E+008  8.456E+007
 9.470E+013  8.887E-009  1.097E+008  8.484E+007
 9.490E+013  9.025E-009  1.103E+008  8.511E+007
 9.510E+013  9.166E-009  1.110E+008  8.539E+007
 9.530E+013  9.309E-009  1.116E+008  8.567E+007
 9.550E+013  9.455E-009  1.123E+008  8.595E+007
 9.570E+013  9.604E-009  1.129E+008  8.623E+007
 9.590E+013  9.755E-009  1.136E+008  8.651E+007
 9.610E+013  9.910E-009  1.143E+008  8.680E+007
 9.630E+013  1.007E-008  1.151E+008  8.708E+007
 9.650E+013  1.023E-008  1.158E+008  8.737E+007
 9.670E+013  1.039E-008  1.165E+008  8.766E+007
 9.690E+013  1.056E-008  1.173E+008  8.795E+007
 9.710E+013  1.073E-008  1.181E+008  8.825E+007
 9.730E+013  1.090E-008  1.189E+008  8.854E+007
 9.750E+013  1.108E-008  1.197E+008  8.884E+007
 9.770E+013  1.126E-008  1.205E+008  8.913E+007
 9.790E+013  1.145E-008  1.213E+008  8.943E+007
 9.810E+013  1.163E-008  1.222E+008  8.973E+007
 9.830E+013  1.183E-008  1.230E+008  9.003E+007
 9.850E+013  1.202E-008  1.239E+008  9.034E+007
 9.870E+013  1.222E-008  1.247E+008  9.067E+007
 9.890E+013  1.242E-008  1.256E+008  9.102E+007
 9.910E+013  1.265E-008  1.269E+008  9.131E+007
 9.930E+013  1.291E-008  1.287E+008  9.130E+007
 9.950E+013  1.324E-008  1.312E+008  9.106E+007
 9.970E+013  1.363E-008  1.352E+008  9.026E+007
 9.990E+013  1.412E-008  1.388E+008  8.905E+007
 1.001E+014  1.000E-099  1.000E-099  8.905E+007
 1.003E+014  1.000E-099  1.000E-099  8.905E+007
 9.323E-003
