 1.680E+005
     x1b        dens       energ       v1
 1.000E+011  1.497E-012  1.489E+008  0.000E+000
 3.000E+011  1.498E-012  1.489E+008  3.066E+005
 5.000E+011  1.499E-012  1.489E+008  5.689E+005
 7.000E+011  1.503E-012  1.489E+008  8.681E+005
 9.000E+011  1.508E-012  1.489E+008  1.151E+006
 1.100E+012  1.516E-012  1.489E+008  1.442E+006
 1.300E+012  1.527E-012  1.489E+008  1.728E+006
 1.500E+012  1.540E-012  1.489E+008  2.017E+006
 1.700E+012  1.556E-012  1.489E+008  2.305E+006
 1.900E+012  1.574E-012  1.489E+008  2.594E+006
 2.100E+012  1.593E-012  1.489E+008  2.882E+006
 2.300E+012  1.614E-012  1.489E+008  3.170E+006
 2.500E+012  1.635E-012  1.489E+008  3.458E+006
 2.700E+012  1.657E-012  1.489E+008  3.746E+006
 2.900E+012  1.680E-012  1.489E+008  4.034E+006
 3.100E+012  1.703E-012  1.489E+008  4.322E+006
 3.300E+012  1.725E-012  1.489E+008  4.611E+006
 3.500E+012  1.747E-012  1.489E+008  4.899E+006
 3.700E+012  1.769E-012  1.489E+008  5.187E+006
 3.900E+012  1.789E-012  1.489E+008  5.475E+006
 4.100E+012  1.807E-012  1.489E+008  5.763E+006
 4.300E+012  1.822E-012  1.489E+008  6.051E+006
 4.500E+012  1.833E-012  1.489E+008  6.339E+006
 4.700E+012  1.838E-012  1.489E+008  6.628E+006
 4.900E+012  1.839E-012  1.489E+008  6.916E+006
 5.100E+012  1.839E-012  1.489E+008  7.204E+006
 5.300E+012  1.839E-012  1.489E+008  7.492E+006
 5.500E+012  1.839E-012  1.489E+008  7.780E+006
 5.700E+012  1.839E-012  1.489E+008  8.068E+006
 5.900E+012  1.839E-012  1.489E+008  8.356E+006
 6.100E+012  1.839E-012  1.489E+008  8.645E+006
 6.300E+012  1.838E-012  1.489E+008  8.933E+006
 6.500E+012  1.837E-012  1.489E+008  9.221E+006
 6.700E+012  1.836E-012  1.489E+008  9.509E+006
 6.900E+012  1.835E-012  1.489E+008  9.797E+006
 7.100E+012  1.833E-012  1.489E+008  1.009E+007
 7.300E+012  1.832E-012  1.489E+008  1.037E+007
 7.500E+012  1.830E-012  1.489E+008  1.066E+007
 7.700E+012  1.830E-012  1.489E+008  1.095E+007
 7.900E+012  1.830E-012  1.489E+008  1.124E+007
 8.100E+012  1.830E-012  1.489E+008  1.153E+007
 8.300E+012  1.830E-012  1.489E+008  1.181E+007
 8.500E+012  1.830E-012  1.489E+008  1.210E+007
 8.700E+012  1.830E-012  1.489E+008  1.239E+007
 8.900E+012  1.830E-012  1.489E+008  1.268E+007
 9.100E+012  1.831E-012  1.489E+008  1.297E+007
 9.300E+012  1.832E-012  1.489E+008  1.326E+007
 9.500E+012  1.834E-012  1.489E+008  1.354E+007
 9.700E+012  1.836E-012  1.489E+008  1.383E+007
 9.900E+012  1.839E-012  1.489E+008  1.412E+007
 1.010E+013  1.843E-012  1.489E+008  1.441E+007
 1.030E+013  1.848E-012  1.489E+008  1.470E+007
 1.050E+013  1.853E-012  1.489E+008  1.498E+007
 1.070E+013  1.860E-012  1.489E+008  1.527E+007
 1.090E+013  1.869E-012  1.489E+008  1.556E+007
 1.110E+013  1.878E-012  1.489E+008  1.585E+007
 1.130E+013  1.890E-012  1.489E+008  1.614E+007
 1.150E+013  1.903E-012  1.489E+008  1.642E+007
 1.170E+013  1.919E-012  1.489E+008  1.671E+007
 1.190E+013  1.936E-012  1.489E+008  1.700E+007
 1.210E+013  1.956E-012  1.489E+008  1.729E+007
 1.230E+013  1.979E-012  1.489E+008  1.758E+007
 1.250E+013  2.004E-012  1.489E+008  1.787E+007
 1.270E+013  2.033E-012  1.489E+008  1.815E+007
 1.290E+013  2.065E-012  1.489E+008  1.844E+007
 1.310E+013  2.101E-012  1.489E+008  1.873E+007
 1.330E+013  2.141E-012  1.489E+008  1.902E+007
 1.350E+013  2.185E-012  1.489E+008  1.931E+007
 1.370E+013  2.234E-012  1.489E+008  1.960E+007
 1.390E+013  2.288E-012  1.489E+008  1.988E+007
 1.410E+013  2.347E-012  1.489E+008  2.017E+007
 1.430E+013  2.413E-012  1.489E+008  2.046E+007
 1.450E+013  2.486E-012  1.489E+008  2.075E+007
 1.470E+013  2.566E-012  1.489E+008  2.104E+007
 1.490E+013  2.653E-012  1.489E+008  2.133E+007
 1.510E+013  2.750E-012  1.489E+008  2.162E+007
 1.530E+013  2.856E-012  1.489E+008  2.190E+007
 1.550E+013  2.972E-012  1.489E+008  2.219E+007
 1.570E+013  3.099E-012  1.489E+008  2.248E+007
 1.590E+013  3.238E-012  1.489E+008  2.277E+007
 1.610E+013  3.391E-012  1.489E+008  2.306E+007
 1.630E+013  3.558E-012  1.489E+008  2.335E+007
 1.650E+013  3.740E-012  1.489E+008  2.364E+007
 1.670E+013  3.940E-012  1.489E+008  2.393E+007
 1.690E+013  4.157E-012  1.489E+008  2.422E+007
 1.710E+013  4.394E-012  1.489E+008  2.450E+007
 1.730E+013  4.653E-012  1.489E+008  2.479E+007
 1.750E+013  4.934E-012  1.489E+008  2.508E+007
 1.770E+013  5.239E-012  1.489E+008  2.537E+007
 1.790E+013  5.570E-012  1.489E+008  2.566E+007
 1.810E+013  5.928E-012  1.489E+008  2.595E+007
 1.830E+013  6.314E-012  1.489E+008  2.624E+007
 1.850E+013  6.731E-012  1.489E+008  2.653E+007
 1.870E+013  7.178E-012  1.489E+008  2.682E+007
 1.890E+013  7.658E-012  1.489E+008  2.710E+007
 1.910E+013  8.171E-012  1.489E+008  2.739E+007
 1.930E+013  8.717E-012  1.489E+008  2.768E+007
 1.950E+013  9.297E-012  1.489E+008  2.797E+007
 1.970E+013  9.911E-012  1.489E+008  2.826E+007
 1.990E+013  1.056E-011  1.489E+008  2.854E+007
 2.010E+013  1.124E-011  1.489E+008  2.883E+007
 2.030E+013  1.195E-011  1.489E+008  2.912E+007
 2.050E+013  1.269E-011  1.489E+008  2.941E+007
 2.070E+013  1.346E-011  1.489E+008  2.970E+007
 2.090E+013  1.425E-011  1.489E+008  2.998E+007
 2.110E+013  1.507E-011  1.489E+008  3.027E+007
 2.130E+013  1.591E-011  1.489E+008  3.056E+007
 2.150E+013  1.677E-011  1.489E+008  3.085E+007
 2.170E+013  1.765E-011  1.489E+008  3.113E+007
 2.190E+013  1.855E-011  1.489E+008  3.142E+007
 2.210E+013  1.946E-011  1.489E+008  3.171E+007
 2.230E+013  2.039E-011  1.489E+008  3.200E+007
 2.250E+013  2.132E-011  1.489E+008  3.228E+007
 2.270E+013  2.227E-011  1.489E+008  3.257E+007
 2.290E+013  2.323E-011  1.489E+008  3.286E+007
 2.310E+013  2.420E-011  1.489E+008  3.315E+007
 2.330E+013  2.518E-011  1.489E+008  3.344E+007
 2.350E+013  2.617E-011  1.489E+008  3.372E+007
 2.370E+013  2.717E-011  1.489E+008  3.401E+007
 2.390E+013  2.818E-011  1.489E+008  3.430E+007
 2.410E+013  2.921E-011  1.489E+008  3.459E+007
 2.430E+013  3.025E-011  1.489E+008  3.487E+007
 2.450E+013  3.131E-011  1.489E+008  3.516E+007
 2.470E+013  3.239E-011  1.489E+008  3.545E+007
 2.490E+013  3.348E-011  1.489E+008  3.574E+007
 2.510E+013  3.460E-011  1.489E+008  3.603E+007
 2.530E+013  3.574E-011  1.489E+008  3.632E+007
 2.550E+013  3.690E-011  1.489E+008  3.660E+007
 2.570E+013  3.809E-011  1.489E+008  3.689E+007
 2.590E+013  3.931E-011  1.489E+008  3.718E+007
 2.610E+013  4.057E-011  1.489E+008  3.747E+007
 2.630E+013  4.186E-011  1.489E+008  3.776E+007
 2.650E+013  4.318E-011  1.489E+008  3.804E+007
 2.670E+013  4.454E-011  1.489E+008  3.833E+007
 2.690E+013  4.595E-011  1.490E+008  3.862E+007
 2.710E+013  4.740E-011  1.490E+008  3.891E+007
 2.730E+013  4.889E-011  1.490E+008  3.920E+007
 2.750E+013  5.043E-011  1.490E+008  3.949E+007
 2.770E+013  5.203E-011  1.490E+008  3.978E+007
 2.790E+013  5.367E-011  1.490E+008  4.006E+007
 2.810E+013  5.537E-011  1.490E+008  4.035E+007
 2.830E+013  5.713E-011  1.490E+008  4.064E+007
 2.850E+013  5.895E-011  1.490E+008  4.093E+007
 2.870E+013  6.082E-011  1.490E+008  4.122E+007
 2.890E+013  6.276E-011  1.490E+008  4.151E+007
 2.910E+013  6.476E-011  1.490E+008  4.179E+007
 2.930E+013  6.682E-011  1.490E+008  4.208E+007
 2.950E+013  6.895E-011  1.490E+008  4.237E+007
 2.970E+013  7.115E-011  1.490E+008  4.266E+007
 2.990E+013  7.341E-011  1.490E+008  4.295E+007
 3.010E+013  7.573E-011  1.490E+008  4.324E+007
 3.030E+013  7.812E-011  1.490E+008  4.353E+007
 3.050E+013  8.058E-011  1.490E+008  4.381E+007
 3.070E+013  8.311E-011  1.490E+008  4.410E+007
 3.090E+013  8.570E-011  1.490E+008  4.439E+007
 3.110E+013  8.835E-011  1.490E+008  4.468E+007
 3.130E+013  9.107E-011  1.490E+008  4.497E+007
 3.150E+013  9.385E-011  1.490E+008  4.526E+007
 3.170E+013  9.670E-011  1.490E+008  4.555E+007
 3.190E+013  9.960E-011  1.491E+008  4.583E+007
 3.210E+013  1.026E-010  1.491E+008  4.612E+007
 3.230E+013  1.056E-010  1.491E+008  4.641E+007
 3.250E+013  1.087E-010  1.491E+008  4.670E+007
 3.270E+013  1.118E-010  1.491E+008  4.699E+007
 3.290E+013  1.150E-010  1.491E+008  4.728E+007
 3.310E+013  1.183E-010  1.491E+008  4.757E+007
 3.330E+013  1.216E-010  1.491E+008  4.786E+007
 3.350E+013  1.250E-010  1.491E+008  4.814E+007
 3.370E+013  1.285E-010  1.491E+008  4.843E+007
 3.390E+013  1.320E-010  1.491E+008  4.872E+007
 3.410E+013  1.356E-010  1.491E+008  4.901E+007
 3.430E+013  1.392E-010  1.491E+008  4.930E+007
 3.450E+013  1.429E-010  1.492E+008  4.959E+007
 3.470E+013  1.467E-010  1.492E+008  4.988E+007
 3.490E+013  1.506E-010  1.492E+008  5.017E+007
 3.510E+013  1.545E-010  1.492E+008  5.046E+007
 3.530E+013  1.585E-010  1.492E+008  5.075E+007
 3.550E+013  1.626E-010  1.492E+008  5.104E+007
 3.570E+013  1.668E-010  1.492E+008  5.132E+007
 3.590E+013  1.711E-010  1.492E+008  5.161E+007
 3.610E+013  1.755E-010  1.492E+008  5.190E+007
 3.630E+013  1.800E-010  1.493E+008  5.219E+007
 3.650E+013  1.846E-010  1.493E+008  5.248E+007
 3.670E+013  1.893E-010  1.493E+008  5.277E+007
 3.690E+013  1.941E-010  1.493E+008  5.306E+007
 3.710E+013  1.990E-010  1.493E+008  5.335E+007
 3.730E+013  2.041E-010  1.493E+008  5.364E+007
 3.750E+013  2.092E-010  1.493E+008  5.393E+007
 3.770E+013  2.145E-010  1.494E+008  5.422E+007
 3.790E+013  2.199E-010  1.494E+008  5.451E+007
 3.810E+013  2.254E-010  1.494E+008  5.480E+007
 3.830E+013  2.311E-010  1.494E+008  5.509E+007
 3.850E+013  2.369E-010  1.494E+008  5.538E+007
 3.870E+013  2.429E-010  1.494E+008  5.567E+007
 3.890E+013  2.489E-010  1.495E+008  5.596E+007
 3.910E+013  2.552E-010  1.495E+008  5.625E+007
 3.930E+013  2.615E-010  1.495E+008  5.654E+007
 3.950E+013  2.680E-010  1.495E+008  5.683E+007
 3.970E+013  2.746E-010  1.495E+008  5.712E+007
 3.990E+013  2.814E-010  1.496E+008  5.741E+007
 4.010E+013  2.884E-010  1.496E+008  5.770E+007
 4.030E+013  2.954E-010  1.496E+008  5.800E+007
 4.050E+013  3.026E-010  1.496E+008  5.829E+007
 4.070E+013  3.100E-010  1.497E+008  5.858E+007
 4.090E+013  3.175E-010  1.497E+008  5.887E+007
 4.110E+013  3.252E-010  1.497E+008  5.916E+007
 4.130E+013  3.330E-010  1.497E+008  5.945E+007
 4.150E+013  3.409E-010  1.498E+008  5.974E+007
 4.170E+013  3.490E-010  1.498E+008  6.003E+007
 4.190E+013  3.573E-010  1.498E+008  6.032E+007
 4.210E+013  3.657E-010  1.498E+008  6.062E+007
 4.230E+013  3.743E-010  1.499E+008  6.091E+007
 4.250E+013  3.830E-010  1.499E+008  6.120E+007
 4.270E+013  3.919E-010  1.499E+008  6.149E+007
 4.290E+013  4.009E-010  1.500E+008  6.178E+007
 4.310E+013  4.102E-010  1.500E+008  6.208E+007
 4.330E+013  4.195E-010  1.500E+008  6.237E+007
 4.350E+013  4.291E-010  1.501E+008  6.266E+007
 4.370E+013  4.388E-010  1.501E+008  6.295E+007
 4.390E+013  4.487E-010  1.501E+008  6.325E+007
 4.410E+013  4.588E-010  1.502E+008  6.354E+007
 4.430E+013  4.691E-010  1.502E+008  6.383E+007
 4.450E+013  4.795E-010  1.503E+008  6.413E+007
 4.470E+013  4.901E-010  1.503E+008  6.442E+007
 4.490E+013  5.009E-010  1.504E+008  6.471E+007
 4.510E+013  5.120E-010  1.504E+008  6.501E+007
 4.530E+013  5.232E-010  1.504E+008  6.530E+007
 4.550E+013  5.345E-010  1.505E+008  6.560E+007
 4.570E+013  5.461E-010  1.505E+008  6.589E+007
 4.590E+013  5.579E-010  1.506E+008  6.618E+007
 4.610E+013  5.699E-010  1.506E+008  6.648E+007
 4.630E+013  5.821E-010  1.507E+008  6.677E+007
 4.650E+013  5.945E-010  1.507E+008  6.707E+007
 4.670E+013  6.071E-010  1.508E+008  6.736E+007
 4.690E+013  6.199E-010  1.509E+008  6.766E+007
 4.710E+013  6.330E-010  1.509E+008  6.796E+007
 4.730E+013  6.462E-010  1.510E+008  6.825E+007
 4.750E+013  6.597E-010  1.510E+008  6.855E+007
 4.770E+013  6.734E-010  1.511E+008  6.884E+007
 4.790E+013  6.873E-010  1.512E+008  6.914E+007
 4.810E+013  7.014E-010  1.512E+008  6.944E+007
 4.830E+013  7.157E-010  1.513E+008  6.974E+007
 4.850E+013  7.303E-010  1.514E+008  7.003E+007
 4.870E+013  7.451E-010  1.514E+008  7.033E+007
 4.890E+013  7.602E-010  1.515E+008  7.063E+007
 4.910E+013  7.755E-010  1.516E+008  7.093E+007
 4.930E+013  7.910E-010  1.517E+008  7.122E+007
 4.950E+013  8.068E-010  1.517E+008  7.152E+007
 4.970E+013  8.229E-010  1.518E+008  7.182E+007
 4.990E+013  8.392E-010  1.519E+008  7.212E+007
 5.010E+013  8.558E-010  1.520E+008  7.242E+007
 5.030E+013  8.727E-010  1.521E+008  7.272E+007
 5.050E+013  8.898E-010  1.521E+008  7.302E+007
 5.070E+013  9.072E-010  1.522E+008  7.332E+007
 5.090E+013  9.250E-010  1.523E+008  7.362E+007
 5.110E+013  9.430E-010  1.524E+008  7.393E+007
 5.130E+013  9.613E-010  1.525E+008  7.423E+007
 5.150E+013  9.800E-010  1.526E+008  7.453E+007
 5.170E+013  9.989E-010  1.527E+008  7.483E+007
 5.190E+013  1.018E-009  1.528E+008  7.513E+007
 5.210E+013  1.038E-009  1.529E+008  7.544E+007
 5.230E+013  1.058E-009  1.530E+008  7.574E+007
 5.250E+013  1.078E-009  1.531E+008  7.605E+007
 5.270E+013  1.099E-009  1.533E+008  7.635E+007
 5.290E+013  1.120E-009  1.534E+008  7.666E+007
 5.310E+013  1.141E-009  1.535E+008  7.696E+007
 5.330E+013  1.163E-009  1.536E+008  7.727E+007
 5.350E+013  1.185E-009  1.537E+008  7.757E+007
 5.370E+013  1.207E-009  1.539E+008  7.788E+007
 5.390E+013  1.230E-009  1.540E+008  7.819E+007
 5.410E+013  1.253E-009  1.541E+008  7.849E+007
 5.430E+013  1.277E-009  1.543E+008  7.880E+007
 5.450E+013  1.301E-009  1.544E+008  7.911E+007
 5.470E+013  1.325E-009  1.545E+008  7.942E+007
 5.490E+013  1.350E-009  1.547E+008  7.973E+007
 5.510E+013  1.376E-009  1.548E+008  8.004E+007
 5.530E+013  1.401E-009  1.550E+008  8.035E+007
 5.550E+013  1.427E-009  1.551E+008  8.066E+007
 5.570E+013  1.454E-009  1.553E+008  8.097E+007
 5.590E+013  1.481E-009  1.555E+008  8.129E+007
 5.610E+013  1.508E-009  1.556E+008  8.160E+007
 5.630E+013  1.536E-009  1.558E+008  8.191E+007
 5.650E+013  1.564E-009  1.560E+008  8.223E+007
 5.670E+013  1.593E-009  1.562E+008  8.254E+007
 5.690E+013  1.622E-009  1.563E+008  8.286E+007
 5.710E+013  1.652E-009  1.565E+008  8.318E+007
 5.730E+013  1.682E-009  1.567E+008  8.349E+007
 5.750E+013  1.713E-009  1.569E+008  8.381E+007
 5.770E+013  1.744E-009  1.571E+008  8.413E+007
 5.790E+013  1.776E-009  1.573E+008  8.445E+007
 5.810E+013  1.808E-009  1.575E+008  8.477E+007
 5.830E+013  1.841E-009  1.577E+008  8.509E+007
 5.850E+013  1.874E-009  1.580E+008  8.541E+007
 5.870E+013  1.908E-009  1.582E+008  8.573E+007
 5.890E+013  1.942E-009  1.584E+008  8.606E+007
 5.910E+013  1.977E-009  1.586E+008  8.638E+007
 5.930E+013  2.012E-009  1.589E+008  8.671E+007
 5.950E+013  2.048E-009  1.591E+008  8.703E+007
 5.970E+013  2.085E-009  1.594E+008  8.736E+007
 5.990E+013  2.122E-009  1.596E+008  8.768E+007
 6.010E+013  2.160E-009  1.599E+008  8.801E+007
 6.030E+013  2.198E-009  1.601E+008  8.834E+007
 6.050E+013  2.237E-009  1.604E+008  8.867E+007
 6.070E+013  2.277E-009  1.607E+008  8.900E+007
 6.090E+013  2.317E-009  1.610E+008  8.934E+007
 6.110E+013  2.358E-009  1.613E+008  8.967E+007
 6.130E+013  2.399E-009  1.616E+008  9.000E+007
 6.150E+013  2.442E-009  1.619E+008  9.034E+007
 6.170E+013  2.485E-009  1.622E+008  9.067E+007
 6.190E+013  2.528E-009  1.625E+008  9.101E+007
 6.210E+013  2.573E-009  1.628E+008  9.135E+007
 6.230E+013  2.618E-009  1.631E+008  9.169E+007
 6.250E+013  2.664E-009  1.635E+008  9.203E+007
 6.270E+013  2.710E-009  1.638E+008  9.237E+007
 6.290E+013  2.758E-009  1.642E+008  9.271E+007
 6.310E+013  2.806E-009  1.645E+008  9.306E+007
 6.330E+013  2.855E-009  1.649E+008  9.340E+007
 6.350E+013  2.905E-009  1.653E+008  9.375E+007
 6.370E+013  2.955E-009  1.656E+008  9.410E+007
 6.390E+013  3.007E-009  1.660E+008  9.445E+007
 6.410E+013  3.059E-009  1.664E+008  9.480E+007
 6.430E+013  3.113E-009  1.668E+008  9.515E+007
 6.450E+013  3.167E-009  1.672E+008  9.550E+007
 6.470E+013  3.222E-009  1.677E+008  9.586E+007
 6.490E+013  3.279E-009  1.681E+008  9.621E+007
 6.510E+013  3.336E-009  1.686E+008  9.657E+007
 6.530E+013  3.394E-009  1.690E+008  9.693E+007
 6.550E+013  3.453E-009  1.695E+008  9.729E+007
 6.570E+013  3.513E-009  1.699E+008  9.765E+007
 6.590E+013  3.575E-009  1.704E+008  9.801E+007
 6.610E+013  3.637E-009  1.709E+008  9.838E+007
 6.630E+013  3.701E-009  1.714E+008  9.875E+007
 6.650E+013  3.765E-009  1.719E+008  9.911E+007
 6.670E+013  3.831E-009  1.725E+008  9.948E+007
 6.690E+013  3.898E-009  1.730E+008  9.985E+007
 6.710E+013  3.966E-009  1.736E+008  1.002E+008
 6.730E+013  4.036E-009  1.741E+008  1.006E+008
 6.750E+013  4.107E-009  1.747E+008  1.010E+008
 6.770E+013  4.179E-009  1.753E+008  1.014E+008
 6.790E+013  4.252E-009  1.759E+008  1.017E+008
 6.810E+013  4.327E-009  1.765E+008  1.021E+008
 6.830E+013  4.403E-009  1.771E+008  1.025E+008
 6.850E+013  4.480E-009  1.778E+008  1.029E+008
 6.870E+013  4.559E-009  1.784E+008  1.033E+008
 6.890E+013  4.640E-009  1.791E+008  1.037E+008
 6.910E+013  4.722E-009  1.798E+008  1.041E+008
 6.930E+013  4.805E-009  1.805E+008  1.045E+008
 6.950E+013  4.890E-009  1.812E+008  1.048E+008
 6.970E+013  4.977E-009  1.819E+008  1.052E+008
 6.990E+013  5.065E-009  1.827E+008  1.056E+008
 7.010E+013  5.156E-009  1.834E+008  1.060E+008
 7.030E+013  5.247E-009  1.842E+008  1.064E+008
 7.050E+013  5.341E-009  1.850E+008  1.069E+008
 7.070E+013  5.437E-009  1.858E+008  1.073E+008
 7.090E+013  5.534E-009  1.867E+008  1.077E+008
 7.110E+013  5.633E-009  1.875E+008  1.081E+008
 7.130E+013  5.734E-009  1.884E+008  1.085E+008
 7.150E+013  5.838E-009  1.893E+008  1.089E+008
 7.170E+013  5.943E-009  1.902E+008  1.093E+008
 7.190E+013  6.051E-009  1.911E+008  1.098E+008
 7.210E+013  6.160E-009  1.921E+008  1.102E+008
 7.230E+013  6.272E-009  1.931E+008  1.106E+008
 7.250E+013  6.387E-009  1.941E+008  1.110E+008
 7.270E+013  6.504E-009  1.951E+008  1.115E+008
 7.290E+013  6.623E-009  1.961E+008  1.119E+008
 7.310E+013  6.744E-009  1.972E+008  1.124E+008
 7.330E+013  6.869E-009  1.983E+008  1.128E+008
 7.350E+013  6.996E-009  1.994E+008  1.132E+008
 7.370E+013  7.125E-009  2.006E+008  1.137E+008
 7.390E+013  7.258E-009  2.017E+008  1.141E+008
 7.410E+013  7.393E-009  2.029E+008  1.146E+008
 7.430E+013  7.532E-009  2.042E+008  1.150E+008
 7.450E+013  7.673E-009  2.054E+008  1.155E+008
 7.470E+013  7.817E-009  2.067E+008  1.160E+008
 7.490E+013  7.965E-009  2.080E+008  1.164E+008
 7.510E+013  8.116E-009  2.094E+008  1.169E+008
 7.530E+013  8.271E-009  2.107E+008  1.173E+008
 7.550E+013  8.429E-009  2.122E+008  1.178E+008
 7.570E+013  8.591E-009  2.136E+008  1.183E+008
 7.590E+013  8.756E-009  2.151E+008  1.188E+008
 7.610E+013  8.926E-009  2.166E+008  1.193E+008
 7.630E+013  9.099E-009  2.181E+008  1.197E+008
 7.650E+013  9.276E-009  2.197E+008  1.202E+008
 7.670E+013  9.458E-009  2.214E+008  1.207E+008
 7.690E+013  9.644E-009  2.230E+008  1.212E+008
 7.710E+013  9.834E-009  2.247E+008  1.217E+008
 7.730E+013  1.003E-008  2.265E+008  1.222E+008
 7.750E+013  1.023E-008  2.283E+008  1.227E+008
 7.770E+013  1.043E-008  2.301E+008  1.232E+008
 7.790E+013  1.064E-008  2.320E+008  1.237E+008
 7.810E+013  1.086E-008  2.339E+008  1.242E+008
 7.830E+013  1.108E-008  2.359E+008  1.248E+008
 7.850E+013  1.130E-008  2.379E+008  1.253E+008
 7.870E+013  1.154E-008  2.400E+008  1.258E+008
 7.890E+013  1.177E-008  2.421E+008  1.263E+008
 7.910E+013  1.202E-008  2.443E+008  1.269E+008
 7.930E+013  1.227E-008  2.465E+008  1.274E+008
 7.950E+013  1.252E-008  2.488E+008  1.279E+008
 7.970E+013  1.279E-008  2.512E+008  1.285E+008
 7.990E+013  1.306E-008  2.536E+008  1.290E+008
 8.010E+013  1.334E-008  2.561E+008  1.296E+008
 8.030E+013  1.362E-008  2.586E+008  1.301E+008
 8.050E+013  1.391E-008  2.612E+008  1.307E+008
 8.070E+013  1.421E-008  2.639E+008  1.312E+008
 8.090E+013  1.452E-008  2.667E+008  1.318E+008
 8.110E+013  1.484E-008  2.695E+008  1.324E+008
 8.130E+013  1.517E-008  2.724E+008  1.329E+008
 8.150E+013  1.550E-008  2.753E+008  1.335E+008
 8.170E+013  1.585E-008  2.784E+008  1.341E+008
 8.190E+013  1.620E-008  2.815E+008  1.347E+008
 8.210E+013  1.657E-008  2.847E+008  1.353E+008
 8.230E+013  1.694E-008  2.880E+008  1.359E+008
 8.250E+013  1.733E-008  2.914E+008  1.364E+008
 8.270E+013  1.773E-008  2.949E+008  1.370E+008
 8.290E+013  1.814E-008  2.985E+008  1.376E+008
 8.310E+013  1.856E-008  3.021E+008  1.383E+008
 8.330E+013  1.900E-008  3.059E+008  1.389E+008
 8.350E+013  1.944E-008  3.098E+008  1.395E+008
 8.370E+013  1.991E-008  3.138E+008  1.401E+008
 8.390E+013  2.038E-008  3.179E+008  1.407E+008
 8.410E+013  2.087E-008  3.221E+008  1.413E+008
 8.430E+013  2.138E-008  3.265E+008  1.420E+008
 8.450E+013  2.190E-008  3.309E+008  1.426E+008
 8.470E+013  2.244E-008  3.355E+008  1.432E+008
 8.490E+013  2.299E-008  3.402E+008  1.439E+008
 8.510E+013  2.357E-008  3.451E+008  1.445E+008
 8.530E+013  2.416E-008  3.501E+008  1.452E+008
 8.550E+013  2.477E-008  3.553E+008  1.458E+008
 8.570E+013  2.540E-008  3.606E+008  1.465E+008
 8.590E+013  2.605E-008  3.660E+008  1.471E+008
 8.610E+013  2.673E-008  3.716E+008  1.478E+008
 8.630E+013  2.742E-008  3.774E+008  1.484E+008
 8.650E+013  2.814E-008  3.834E+008  1.491E+008
 8.670E+013  2.889E-008  3.895E+008  1.498E+008
 8.690E+013  2.966E-008  3.958E+008  1.505E+008
 8.710E+013  3.046E-008  4.024E+008  1.511E+008
 8.730E+013  3.128E-008  4.091E+008  1.518E+008
 8.750E+013  3.214E-008  4.160E+008  1.525E+008
 8.770E+013  3.302E-008  4.231E+008  1.532E+008
 8.790E+013  3.393E-008  4.304E+008  1.539E+008
 8.810E+013  3.489E-008  4.383E+008  1.546E+008
 8.830E+013  3.588E-008  4.462E+008  1.553E+008
 8.850E+013  3.684E-008  4.531E+008  1.559E+008
 8.870E+013  3.794E-008  4.627E+008  1.565E+008
 8.890E+013  3.928E-008  4.774E+008  1.578E+008
 8.910E+013  3.973E-008  4.767E+008  1.589E+008
 8.930E+013  3.753E-008  4.170E+008  1.563E+008
 8.950E+013  2.729E-008  2.212E+008  1.405E+008
 8.970E+013  1.580E-008  4.568E+007  1.003E+008
 8.990E+013  1.113E-008  1.900E+006  4.284E+007
 9.010E+013  1.006E-008  1.507E+003  5.174E+006
 9.030E+013  1.000E-008  6.236E+001  3.525E+004
 9.050E+013  1.000E-008  6.236E+001  7.268E-001
 9.070E+013  1.000E-008  6.236E+001  5.717E-010
 9.090E+013  1.000E-008  6.236E+001  8.638E-029
 9.110E+013  1.000E-008  6.236E+001 -5.969E-013
 9.130E+013  1.000E-008  6.236E+001  0.000E+000
 9.150E+013  1.000E-008  6.236E+001  0.000E+000
 9.170E+013  1.000E-008  6.236E+001  0.000E+000
 9.190E+013  1.000E-008  6.236E+001  0.000E+000
 9.210E+013  1.000E-008  6.236E+001  0.000E+000
 9.230E+013  1.000E-008  6.236E+001  5.969E-013
 9.250E+013  1.000E-008  6.236E+001 -2.159E-034
 9.270E+013  1.000E-008  6.236E+001 -5.969E-013
 9.290E+013  1.000E-008  6.236E+001  0.000E+000
 9.310E+013  1.000E-008  6.236E+001  0.000E+000
 9.330E+013  1.000E-008  6.236E+001  0.000E+000
 9.350E+013  1.000E-008  6.236E+001  0.000E+000
 9.370E+013  1.000E-008  6.236E+001  5.969E-013
 9.390E+013  1.000E-008  6.236E+001 -5.969E-013
 9.410E+013  1.000E-008  6.236E+001  5.969E-013
 9.430E+013  1.000E-008  6.236E+001 -5.969E-013
 9.450E+013  1.000E-008  6.236E+001  0.000E+000
 9.470E+013  1.000E-008  6.236E+001  0.000E+000
 9.490E+013  1.000E-008  6.236E+001  0.000E+000
 9.510E+013  1.000E-008  6.236E+001  0.000E+000
 9.530E+013  1.000E-008  6.236E+001  5.969E-013
 9.550E+013  1.000E-008  6.236E+001 -5.969E-013
 9.570E+013  1.000E-008  6.236E+001 -1.494E-068
 9.590E+013  1.000E-008  6.236E+001 -2.495E-031
 9.610E+013  1.000E-008  6.236E+001 -5.969E-013
 9.630E+013  1.000E-008  6.236E+001  5.969E-013
 9.650E+013  1.000E-008  6.236E+001  2.493E-031
 9.670E+013  1.000E-008  6.236E+001  5.969E-013
 9.690E+013  1.000E-008  6.236E+001 -5.969E-013
 9.710E+013  1.000E-008  6.236E+001  0.000E+000
 9.730E+013  1.000E-008  6.236E+001  0.000E+000
 9.750E+013  1.000E-008  6.236E+001  0.000E+000
 9.770E+013  1.000E-008  6.236E+001  0.000E+000
 9.790E+013  1.000E-008  6.236E+001  0.000E+000
 9.810E+013  1.000E-008  6.236E+001  0.000E+000
 9.830E+013  1.000E-008  6.236E+001  0.000E+000
 9.850E+013  1.000E-008  6.236E+001  0.000E+000
 9.870E+013  1.000E-008  6.236E+001  0.000E+000
 9.890E+013  1.000E-008  6.236E+001  0.000E+000
 9.910E+013  1.000E-008  6.236E+001  0.000E+000
 9.930E+013  1.000E-008  6.236E+001  0.000E+000
 9.950E+013  1.000E-008  6.236E+001  5.969E-013
 9.970E+013  1.000E-008  6.236E+001 -5.969E-013
 9.990E+013  1.000E-008  6.236E+001  0.000E+000
 1.001E+014  1.000E-099  1.000E-099  0.000E+000
 1.003E+014  1.000E-099  1.000E-099  0.000E+000
 5.327E-003
