 2.820E+005
     x1b        dens       energ       v1
 1.000E+011  6.255E-014  9.753E+007  0.000E+000
 3.000E+011  6.273E-014  9.753E+007  7.172E+005
 5.000E+011  6.325E-014  9.753E+007  1.432E+006
 7.000E+011  6.418E-014  9.753E+007  2.144E+006
 9.000E+011  6.545E-014  9.753E+007  2.857E+006
 1.100E+012  6.688E-014  9.753E+007  3.569E+006
 1.300E+012  6.829E-014  9.753E+007  4.280E+006
 1.500E+012  6.951E-014  9.753E+007  4.991E+006
 1.700E+012  7.046E-014  9.753E+007  5.700E+006
 1.900E+012  7.114E-014  9.753E+007  6.409E+006
 2.100E+012  7.161E-014  9.753E+007  7.116E+006
 2.300E+012  7.194E-014  9.753E+007  7.823E+006
 2.500E+012  7.221E-014  9.753E+007  8.531E+006
 2.700E+012  7.244E-014  9.753E+007  9.238E+006
 2.900E+012  7.266E-014  9.753E+007  9.945E+006
 3.100E+012  7.290E-014  9.753E+007  1.065E+007
 3.300E+012  7.317E-014  9.753E+007  1.136E+007
 3.500E+012  7.346E-014  9.753E+007  1.207E+007
 3.700E+012  7.378E-014  9.753E+007  1.278E+007
 3.900E+012  7.412E-014  9.753E+007  1.349E+007
 4.100E+012  7.449E-014  9.753E+007  1.420E+007
 4.300E+012  7.487E-014  9.753E+007  1.492E+007
 4.500E+012  7.525E-014  9.753E+007  1.563E+007
 4.700E+012  7.563E-014  9.753E+007  1.634E+007
 4.900E+012  7.602E-014  9.753E+007  1.706E+007
 5.100E+012  7.639E-014  9.753E+007  1.777E+007
 5.300E+012  7.677E-014  9.754E+007  1.849E+007
 5.500E+012  7.715E-014  9.754E+007  1.921E+007
 5.700E+012  7.753E-014  9.754E+007  1.993E+007
 5.900E+012  7.791E-014  9.754E+007  2.065E+007
 6.100E+012  7.830E-014  9.754E+007  2.138E+007
 6.300E+012  7.870E-014  9.754E+007  2.210E+007
 6.500E+012  7.911E-014  9.754E+007  2.283E+007
 6.700E+012  7.952E-014  9.754E+007  2.356E+007
 6.900E+012  7.993E-014  9.754E+007  2.430E+007
 7.100E+012  8.035E-014  9.754E+007  2.503E+007
 7.300E+012  8.077E-014  9.754E+007  2.577E+007
 7.500E+012  8.120E-014  9.754E+007  2.651E+007
 7.700E+012  8.162E-014  9.754E+007  2.726E+007
 7.900E+012  8.205E-014  9.754E+007  2.800E+007
 8.100E+012  8.247E-014  9.754E+007  2.876E+007
 8.300E+012  8.289E-014  9.754E+007  2.951E+007
 8.500E+012  8.331E-014  9.754E+007  3.027E+007
 8.700E+012  8.373E-014  9.755E+007  3.104E+007
 8.900E+012  8.414E-014  9.755E+007  3.181E+007
 9.100E+012  8.456E-014  9.755E+007  3.259E+007
 9.300E+012  8.497E-014  9.755E+007  3.337E+007
 9.500E+012  8.537E-014  9.755E+007  3.416E+007
 9.700E+012  8.577E-014  9.755E+007  3.496E+007
 9.900E+012  8.617E-014  9.755E+007  3.576E+007
 1.010E+013  8.656E-014  9.755E+007  3.657E+007
 1.030E+013  8.694E-014  9.755E+007  3.738E+007
 1.050E+013  8.730E-014  9.756E+007  3.820E+007
 1.070E+013  8.766E-014  9.756E+007  3.903E+007
 1.090E+013  8.800E-014  9.756E+007  3.987E+007
 1.110E+013  8.832E-014  9.756E+007  4.072E+007
 1.130E+013  8.862E-014  9.756E+007  4.157E+007
 1.150E+013  8.889E-014  9.756E+007  4.243E+007
 1.170E+013  8.914E-014  9.756E+007  4.330E+007
 1.190E+013  8.937E-014  9.757E+007  4.418E+007
 1.210E+013  8.956E-014  9.757E+007  4.507E+007
 1.230E+013  8.973E-014  9.757E+007  4.597E+007
 1.250E+013  8.986E-014  9.757E+007  4.688E+007
 1.270E+013  8.997E-014  9.757E+007  4.779E+007
 1.290E+013  9.004E-014  9.758E+007  4.872E+007
 1.310E+013  9.008E-014  9.758E+007  4.966E+007
 1.330E+013  9.010E-014  9.758E+007  5.061E+007
 1.350E+013  9.011E-014  9.758E+007  5.157E+007
 1.370E+013  9.012E-014  9.758E+007  5.254E+007
 1.390E+013  9.012E-014  9.759E+007  5.352E+007
 1.410E+013  9.012E-014  9.759E+007  5.452E+007
 1.430E+013  9.012E-014  9.759E+007  5.553E+007
 1.450E+013  9.012E-014  9.759E+007  5.655E+007
 1.470E+013  9.012E-014  9.760E+007  5.759E+007
 1.490E+013  9.012E-014  9.760E+007  5.864E+007
 1.510E+013  9.012E-014  9.760E+007  5.970E+007
 1.530E+013  9.012E-014  9.760E+007  6.077E+007
 1.550E+013  9.012E-014  9.761E+007  6.186E+007
 1.570E+013  9.012E-014  9.761E+007  6.296E+007
 1.590E+013  9.011E-014  9.761E+007  6.408E+007
 1.610E+013  9.011E-014  9.762E+007  6.521E+007
 1.630E+013  9.010E-014  9.762E+007  6.636E+007
 1.650E+013  9.009E-014  9.762E+007  6.752E+007
 1.670E+013  9.009E-014  9.762E+007  6.870E+007
 1.690E+013  9.008E-014  9.763E+007  6.989E+007
 1.710E+013  9.007E-014  9.763E+007  7.109E+007
 1.730E+013  9.006E-014  9.763E+007  7.231E+007
 1.750E+013  9.005E-014  9.764E+007  7.354E+007
 1.770E+013  9.003E-014  9.764E+007  7.479E+007
 1.790E+013  9.002E-014  9.764E+007  7.605E+007
 1.810E+013  9.000E-014  9.765E+007  7.732E+007
 1.830E+013  8.998E-014  9.765E+007  7.861E+007
 1.850E+013  8.996E-014  9.765E+007  7.991E+007
 1.870E+013  8.994E-014  9.765E+007  8.123E+007
 1.890E+013  8.992E-014  9.766E+007  8.256E+007
 1.910E+013  8.990E-014  9.766E+007  8.391E+007
 1.930E+013  8.987E-014  9.766E+007  8.526E+007
 1.950E+013  8.985E-014  9.767E+007  8.663E+007
 1.970E+013  8.982E-014  9.767E+007  8.802E+007
 1.990E+013  8.980E-014  9.767E+007  8.941E+007
 2.010E+013  8.978E-014  9.768E+007  9.082E+007
 2.030E+013  8.976E-014  9.768E+007  9.224E+007
 2.050E+013  8.974E-014  9.768E+007  9.367E+007
 2.070E+013  8.973E-014  9.769E+007  9.512E+007
 2.090E+013  8.972E-014  9.769E+007  9.657E+007
 2.110E+013  8.971E-014  9.769E+007  9.804E+007
 2.130E+013  8.971E-014  9.770E+007  9.952E+007
 2.150E+013  8.971E-014  9.770E+007  1.010E+008
 2.170E+013  8.971E-014  9.770E+007  1.025E+008
 2.190E+013  8.971E-014  9.770E+007  1.040E+008
 2.210E+013  8.971E-014  9.771E+007  1.055E+008
 2.230E+013  8.971E-014  9.771E+007  1.071E+008
 2.250E+013  8.972E-014  9.771E+007  1.086E+008
 2.270E+013  8.972E-014  9.772E+007  1.102E+008
 2.290E+013  8.972E-014  9.772E+007  1.117E+008
 2.310E+013  8.973E-014  9.772E+007  1.133E+008
 2.330E+013  8.973E-014  9.773E+007  1.149E+008
 2.350E+013  8.974E-014  9.773E+007  1.164E+008
 2.370E+013  8.974E-014  9.773E+007  1.180E+008
 2.390E+013  8.975E-014  9.773E+007  1.196E+008
 2.410E+013  8.976E-014  9.774E+007  1.212E+008
 2.430E+013  8.977E-014  9.774E+007  1.229E+008
 2.450E+013  8.979E-014  9.774E+007  1.245E+008
 2.470E+013  8.980E-014  9.775E+007  1.261E+008
 2.490E+013  8.982E-014  9.775E+007  1.277E+008
 2.510E+013  8.984E-014  9.775E+007  1.293E+008
 2.530E+013  8.986E-014  9.775E+007  1.310E+008
 2.550E+013  8.989E-014  9.776E+007  1.326E+008
 2.570E+013  8.992E-014  9.776E+007  1.343E+008
 2.590E+013  8.995E-014  9.776E+007  1.359E+008
 2.610E+013  8.999E-014  9.776E+007  1.375E+008
 2.630E+013  9.003E-014  9.777E+007  1.392E+008
 2.650E+013  9.007E-014  9.777E+007  1.408E+008
 2.670E+013  9.012E-014  9.777E+007  1.425E+008
 2.690E+013  9.018E-014  9.777E+007  1.441E+008
 2.710E+013  9.024E-014  9.778E+007  1.458E+008
 2.730E+013  9.030E-014  9.778E+007  1.474E+008
 2.750E+013  9.037E-014  9.778E+007  1.491E+008
 2.770E+013  9.045E-014  9.778E+007  1.507E+008
 2.790E+013  9.053E-014  9.779E+007  1.524E+008
 2.810E+013  9.062E-014  9.779E+007  1.540E+008
 2.830E+013  9.072E-014  9.779E+007  1.557E+008
 2.850E+013  9.082E-014  9.779E+007  1.573E+008
 2.870E+013  9.093E-014  9.779E+007  1.589E+008
 2.890E+013  9.105E-014  9.780E+007  1.606E+008
 2.910E+013  9.118E-014  9.780E+007  1.622E+008
 2.930E+013  9.131E-014  9.780E+007  1.638E+008
 2.950E+013  9.146E-014  9.780E+007  1.655E+008
 2.970E+013  9.161E-014  9.781E+007  1.671E+008
 2.990E+013  9.177E-014  9.781E+007  1.687E+008
 3.010E+013  9.195E-014  9.781E+007  1.703E+008
 3.030E+013  9.213E-014  9.781E+007  1.719E+008
 3.050E+013  9.233E-014  9.781E+007  1.735E+008
 3.070E+013  9.253E-014  9.781E+007  1.751E+008
 3.090E+013  9.275E-014  9.782E+007  1.766E+008
 3.110E+013  9.298E-014  9.782E+007  1.782E+008
 3.130E+013  9.323E-014  9.782E+007  1.798E+008
 3.150E+013  9.348E-014  9.782E+007  1.813E+008
 3.170E+013  9.375E-014  9.782E+007  1.829E+008
 3.190E+013  9.404E-014  9.783E+007  1.844E+008
 3.210E+013  9.433E-014  9.783E+007  1.859E+008
 3.230E+013  9.465E-014  9.783E+007  1.875E+008
 3.250E+013  9.497E-014  9.783E+007  1.890E+008
 3.270E+013  9.532E-014  9.783E+007  1.905E+008
 3.290E+013  9.568E-014  9.783E+007  1.920E+008
 3.310E+013  9.606E-014  9.784E+007  1.934E+008
 3.330E+013  9.645E-014  9.784E+007  1.949E+008
 3.350E+013  9.686E-014  9.784E+007  1.964E+008
 3.370E+013  9.729E-014  9.784E+007  1.978E+008
 3.390E+013  9.775E-014  9.784E+007  1.992E+008
 3.410E+013  9.822E-014  9.784E+007  2.006E+008
 3.430E+013  9.871E-014  9.785E+007  2.021E+008
 3.450E+013  9.922E-014  9.785E+007  2.035E+008
 3.470E+013  9.975E-014  9.785E+007  2.048E+008
 3.490E+013  1.003E-013  9.785E+007  2.062E+008
 3.510E+013  1.009E-013  9.785E+007  2.076E+008
 3.530E+013  1.015E-013  9.786E+007  2.089E+008
 3.550E+013  1.021E-013  9.786E+007  2.102E+008
 3.570E+013  1.028E-013  9.786E+007  2.115E+008
 3.590E+013  1.034E-013  9.786E+007  2.129E+008
 3.610E+013  1.042E-013  9.786E+007  2.141E+008
 3.630E+013  1.049E-013  9.787E+007  2.154E+008
 3.650E+013  1.057E-013  9.787E+007  2.167E+008
 3.670E+013  1.064E-013  9.787E+007  2.179E+008
 3.690E+013  1.073E-013  9.787E+007  2.192E+008
 3.710E+013  1.081E-013  9.787E+007  2.204E+008
 3.730E+013  1.090E-013  9.788E+007  2.216E+008
 3.750E+013  1.099E-013  9.788E+007  2.228E+008
 3.770E+013  1.109E-013  9.788E+007  2.240E+008
 3.790E+013  1.119E-013  9.788E+007  2.251E+008
 3.810E+013  1.129E-013  9.789E+007  2.263E+008
 3.830E+013  1.139E-013  9.789E+007  2.274E+008
 3.850E+013  1.151E-013  9.789E+007  2.286E+008
 3.870E+013  1.162E-013  9.789E+007  2.297E+008
 3.890E+013  1.174E-013  9.790E+007  2.308E+008
 3.910E+013  1.186E-013  9.790E+007  2.319E+008
 3.930E+013  1.199E-013  9.790E+007  2.330E+008
 3.950E+013  1.212E-013  9.791E+007  2.340E+008
 3.970E+013  1.226E-013  9.791E+007  2.351E+008
 3.990E+013  1.240E-013  9.791E+007  2.361E+008
 4.010E+013  1.254E-013  9.792E+007  2.372E+008
 4.030E+013  1.269E-013  9.792E+007  2.382E+008
 4.050E+013  1.285E-013  9.792E+007  2.392E+008
 4.070E+013  1.301E-013  9.793E+007  2.402E+008
 4.090E+013  1.318E-013  9.793E+007  2.412E+008
 4.110E+013  1.335E-013  9.793E+007  2.421E+008
 4.130E+013  1.353E-013  9.794E+007  2.431E+008
 4.150E+013  1.372E-013  9.794E+007  2.440E+008
 4.170E+013  1.391E-013  9.795E+007  2.450E+008
 4.190E+013  1.411E-013  9.795E+007  2.459E+008
 4.210E+013  1.432E-013  9.796E+007  2.469E+008
 4.230E+013  1.453E-013  9.796E+007  2.478E+008
 4.250E+013  1.475E-013  9.797E+007  2.487E+008
 4.270E+013  1.498E-013  9.797E+007  2.496E+008
 4.290E+013  1.521E-013  9.798E+007  2.505E+008
 4.310E+013  1.546E-013  9.798E+007  2.514E+008
 4.330E+013  1.571E-013  9.799E+007  2.523E+008
 4.350E+013  1.597E-013  9.799E+007  2.532E+008
 4.370E+013  1.624E-013  9.800E+007  2.541E+008
 4.390E+013  1.652E-013  9.801E+007  2.550E+008
 4.410E+013  1.681E-013  9.801E+007  2.559E+008
 4.430E+013  1.710E-013  9.802E+007  2.568E+008
 4.450E+013  1.741E-013  9.803E+007  2.577E+008
 4.470E+013  1.773E-013  9.803E+007  2.586E+008
 4.490E+013  1.806E-013  9.804E+007  2.595E+008
 4.510E+013  1.839E-013  9.805E+007  2.604E+008
 4.530E+013  1.874E-013  9.806E+007  2.613E+008
 4.550E+013  1.911E-013  9.807E+007  2.623E+008
 4.570E+013  1.948E-013  9.808E+007  2.632E+008
 4.590E+013  1.987E-013  9.808E+007  2.641E+008
 4.610E+013  2.026E-013  9.809E+007  2.651E+008
 4.630E+013  2.067E-013  9.810E+007  2.661E+008
 4.650E+013  2.110E-013  9.811E+007  2.670E+008
 4.670E+013  2.154E-013  9.812E+007  2.680E+008
 4.690E+013  2.199E-013  9.813E+007  2.690E+008
 4.710E+013  2.246E-013  9.815E+007  2.700E+008
 4.730E+013  2.294E-013  9.816E+007  2.710E+008
 4.750E+013  2.343E-013  9.817E+007  2.721E+008
 4.770E+013  2.394E-013  9.818E+007  2.731E+008
 4.790E+013  2.447E-013  9.819E+007  2.742E+008
 4.810E+013  2.502E-013  9.821E+007  2.753E+008
 4.830E+013  2.558E-013  9.822E+007  2.764E+008
 4.850E+013  2.615E-013  9.824E+007  2.775E+008
 4.870E+013  2.675E-013  9.825E+007  2.786E+008
 4.890E+013  2.736E-013  9.827E+007  2.798E+008
 4.910E+013  2.799E-013  9.828E+007  2.810E+008
 4.930E+013  2.864E-013  9.830E+007  2.822E+008
 4.950E+013  2.931E-013  9.832E+007  2.834E+008
 4.970E+013  3.000E-013  9.833E+007  2.846E+008
 4.990E+013  3.071E-013  9.835E+007  2.858E+008
 5.010E+013  3.144E-013  9.837E+007  2.871E+008
 5.030E+013  3.219E-013  9.839E+007  2.884E+008
 5.050E+013  3.295E-013  9.841E+007  2.897E+008
 5.070E+013  3.374E-013  9.843E+007  2.910E+008
 5.090E+013  3.456E-013  9.845E+007  2.923E+008
 5.110E+013  3.539E-013  9.847E+007  2.936E+008
 5.130E+013  3.624E-013  9.849E+007  2.949E+008
 5.150E+013  3.712E-013  9.852E+007  2.962E+008
 5.170E+013  3.802E-013  9.854E+007  2.975E+008
 5.190E+013  3.894E-013  9.857E+007  2.988E+008
 5.210E+013  3.989E-013  9.859E+007  3.001E+008
 5.230E+013  4.085E-013  9.862E+007  3.014E+008
 5.250E+013  4.184E-013  9.864E+007  3.026E+008
 5.270E+013  4.286E-013  9.867E+007  3.039E+008
 5.290E+013  4.389E-013  9.870E+007  3.051E+008
 5.310E+013  4.495E-013  9.872E+007  3.063E+008
 5.330E+013  4.604E-013  9.875E+007  3.074E+008
 5.350E+013  4.714E-013  9.878E+007  3.085E+008
 5.370E+013  4.827E-013  9.881E+007  3.096E+008
 5.390E+013  4.942E-013  9.884E+007  3.106E+008
 5.410E+013  5.060E-013  9.887E+007  3.116E+008
 5.430E+013  5.180E-013  9.890E+007  3.125E+008
 5.450E+013  5.302E-013  9.892E+007  3.134E+008
 5.470E+013  5.426E-013  9.895E+007  3.142E+008
 5.490E+013  5.552E-013  9.898E+007  3.149E+008
 5.510E+013  5.681E-013  9.901E+007  3.156E+008
 5.530E+013  5.812E-013  9.904E+007  3.163E+008
 5.550E+013  5.944E-013  9.907E+007  3.169E+008
 5.570E+013  6.079E-013  9.909E+007  3.174E+008
 5.590E+013  6.216E-013  9.912E+007  3.179E+008
 5.610E+013  6.355E-013  9.915E+007  3.184E+008
 5.630E+013  6.496E-013  9.917E+007  3.188E+008
 5.650E+013  6.638E-013  9.920E+007  3.191E+008
 5.670E+013  6.783E-013  9.922E+007  3.195E+008
 5.690E+013  6.929E-013  9.924E+007  3.198E+008
 5.710E+013  7.077E-013  9.926E+007  3.201E+008
 5.730E+013  7.226E-013  9.928E+007  3.204E+008
 5.750E+013  7.377E-013  9.930E+007  3.207E+008
 5.770E+013  7.530E-013  9.931E+007  3.210E+008
 5.790E+013  7.684E-013  9.933E+007  3.214E+008
 5.810E+013  7.839E-013  9.934E+007  3.217E+008
 5.830E+013  7.996E-013  9.935E+007  3.221E+008
 5.850E+013  8.154E-013  9.936E+007  3.225E+008
 5.870E+013  8.313E-013  9.937E+007  3.229E+008
 5.890E+013  8.473E-013  9.937E+007  3.234E+008
 5.910E+013  8.635E-013  9.938E+007  3.239E+008
 5.930E+013  8.797E-013  9.938E+007  3.244E+008
 5.950E+013  8.961E-013  9.938E+007  3.250E+008
 5.970E+013  9.125E-013  9.938E+007  3.257E+008
 5.990E+013  9.291E-013  9.938E+007  3.263E+008
 6.010E+013  9.457E-013  9.938E+007  3.270E+008
 6.030E+013  9.624E-013  9.938E+007  3.278E+008
 6.050E+013  9.792E-013  9.937E+007  3.286E+008
 6.070E+013  9.961E-013  9.937E+007  3.294E+008
 6.090E+013  1.013E-012  9.936E+007  3.303E+008
 6.110E+013  1.030E-012  9.936E+007  3.312E+008
 6.130E+013  1.047E-012  9.935E+007  3.322E+008
 6.150E+013  1.064E-012  9.935E+007  3.332E+008
 6.170E+013  1.082E-012  9.934E+007  3.343E+008
 6.190E+013  1.099E-012  9.934E+007  3.355E+008
 6.210E+013  1.116E-012  9.933E+007  3.366E+008
 6.230E+013  1.134E-012  9.932E+007  3.379E+008
 6.250E+013  1.151E-012  9.932E+007  3.392E+008
 6.270E+013  1.169E-012  9.931E+007  3.406E+008
 6.290E+013  1.187E-012  9.930E+007  3.420E+008
 6.310E+013  1.204E-012  9.930E+007  3.435E+008
 6.330E+013  1.222E-012  9.929E+007  3.450E+008
 6.350E+013  1.240E-012  9.928E+007  3.466E+008
 6.370E+013  1.258E-012  9.927E+007  3.482E+008
 6.390E+013  1.276E-012  9.925E+007  3.498E+008
 6.410E+013  1.294E-012  9.924E+007  3.514E+008
 6.430E+013  1.312E-012  9.923E+007  3.531E+008
 6.450E+013  1.330E-012  9.921E+007  3.548E+008
 6.470E+013  1.348E-012  9.920E+007  3.564E+008
 6.490E+013  1.366E-012  9.918E+007  3.581E+008
 6.510E+013  1.384E-012  9.915E+007  3.597E+008
 6.530E+013  1.403E-012  9.913E+007  3.613E+008
 6.550E+013  1.421E-012  9.911E+007  3.629E+008
 6.570E+013  1.440E-012  9.908E+007  3.644E+008
 6.590E+013  1.458E-012  9.905E+007  3.659E+008
 6.610E+013  1.477E-012  9.901E+007  3.674E+008
 6.630E+013  1.496E-012  9.898E+007  3.688E+008
 6.650E+013  1.514E-012  9.894E+007  3.702E+008
 6.670E+013  1.533E-012  9.890E+007  3.715E+008
 6.690E+013  1.552E-012  9.885E+007  3.727E+008
 6.710E+013  1.571E-012  9.881E+007  3.739E+008
 6.730E+013  1.590E-012  9.876E+007  3.750E+008
 6.750E+013  1.609E-012  9.871E+007  3.761E+008
 6.770E+013  1.628E-012  9.866E+007  3.771E+008
 6.790E+013  1.648E-012  9.861E+007  3.781E+008
 6.810E+013  1.667E-012  9.855E+007  3.790E+008
 6.830E+013  1.687E-012  9.850E+007  3.798E+008
 6.850E+013  1.706E-012  9.844E+007  3.807E+008
 6.870E+013  1.726E-012  9.838E+007  3.815E+008
 6.890E+013  1.746E-012  9.833E+007  3.823E+008
 6.910E+013  1.766E-012  9.827E+007  3.831E+008
 6.930E+013  1.787E-012  9.822E+007  3.840E+008
 6.950E+013  1.807E-012  9.816E+007  3.849E+008
 6.970E+013  1.827E-012  9.811E+007  3.858E+008
 6.990E+013  1.848E-012  9.806E+007  3.869E+008
 7.010E+013  1.869E-012  9.801E+007  3.879E+008
 7.030E+013  1.890E-012  9.796E+007  3.891E+008
 7.050E+013  1.912E-012  9.791E+007  3.904E+008
 7.070E+013  1.933E-012  9.787E+007  3.919E+008
 7.090E+013  1.955E-012  9.783E+007  3.934E+008
 7.110E+013  1.977E-012  9.780E+007  3.952E+008
 7.130E+013  1.999E-012  9.777E+007  3.971E+008
 7.150E+013  2.022E-012  9.774E+007  3.991E+008
 7.170E+013  2.045E-012  9.771E+007  4.013E+008
 7.190E+013  2.068E-012  9.769E+007  4.037E+008
 7.210E+013  2.091E-012  9.768E+007  4.063E+008
 7.230E+013  2.115E-012  9.766E+007  4.090E+008
 7.250E+013  2.139E-012  9.765E+007  4.119E+008
 7.270E+013  2.163E-012  9.764E+007  4.150E+008
 7.290E+013  2.188E-012  9.764E+007  4.182E+008
 7.310E+013  2.212E-012  9.764E+007  4.216E+008
 7.330E+013  2.238E-012  9.763E+007  4.252E+008
 7.350E+013  2.263E-012  9.763E+007  4.288E+008
 7.370E+013  2.289E-012  9.763E+007  4.325E+008
 7.390E+013  2.315E-012  9.762E+007  4.363E+008
 7.410E+013  2.341E-012  9.762E+007  4.402E+008
 7.430E+013  2.367E-012  9.761E+007  4.441E+008
 7.450E+013  2.394E-012  9.760E+007  4.481E+008
 7.470E+013  2.421E-012  9.758E+007  4.521E+008
 7.490E+013  2.448E-012  9.756E+007  4.561E+008
 7.510E+013  2.476E-012  9.754E+007  4.600E+008
 7.530E+013  2.503E-012  9.751E+007  4.640E+008
 7.550E+013  2.531E-012  9.747E+007  4.679E+008
 7.570E+013  2.560E-012  9.743E+007  4.719E+008
 7.590E+013  2.588E-012  9.738E+007  4.758E+008
 7.610E+013  2.617E-012  9.733E+007  4.798E+008
 7.630E+013  2.645E-012  9.727E+007  4.838E+008
 7.650E+013  2.675E-012  9.721E+007  4.878E+008
 7.670E+013  2.704E-012  9.714E+007  4.920E+008
 7.690E+013  2.734E-012  9.707E+007  4.961E+008
 7.710E+013  2.763E-012  9.699E+007  5.003E+008
 7.730E+013  2.793E-012  9.690E+007  5.046E+008
 7.750E+013  2.824E-012  9.681E+007  5.089E+008
 7.770E+013  2.854E-012  9.672E+007  5.134E+008
 7.790E+013  2.885E-012  9.663E+007  5.179E+008
 7.810E+013  2.916E-012  9.653E+007  5.226E+008
 7.830E+013  2.948E-012  9.643E+007  5.274E+008
 7.850E+013  2.979E-012  9.632E+007  5.323E+008
 7.870E+013  3.011E-012  9.621E+007  5.371E+008
 7.890E+013  3.043E-012  9.610E+007  5.420E+008
 7.910E+013  3.076E-012  9.599E+007  5.470E+008
 7.930E+013  3.109E-012  9.587E+007  5.520E+008
 7.950E+013  3.142E-012  9.576E+007  5.571E+008
 7.970E+013  3.175E-012  9.564E+007  5.622E+008
 7.990E+013  3.209E-012  9.553E+007  5.673E+008
 8.010E+013  3.243E-012  9.542E+007  5.723E+008
 8.030E+013  3.277E-012  9.530E+007  5.771E+008
 8.050E+013  3.312E-012  9.519E+007  5.817E+008
 8.070E+013  3.347E-012  9.507E+007  5.861E+008
 8.090E+013  3.383E-012  9.497E+007  5.904E+008
 8.110E+013  3.419E-012  9.486E+007  5.945E+008
 8.130E+013  3.455E-012  9.477E+007  5.984E+008
 8.150E+013  3.492E-012  9.468E+007  6.021E+008
 8.170E+013  3.530E-012  9.459E+007  6.054E+008
 8.190E+013  3.567E-012  9.451E+007  6.083E+008
 8.210E+013  3.606E-012  9.443E+007  6.106E+008
 8.230E+013  3.644E-012  9.435E+007  6.126E+008
 8.250E+013  3.683E-012  9.429E+007  6.142E+008
 8.270E+013  3.723E-012  9.423E+007  6.154E+008
 8.290E+013  3.764E-012  9.418E+007  6.164E+008
 8.310E+013  3.805E-012  9.414E+007  6.172E+008
 8.330E+013  3.846E-012  9.410E+007  6.177E+008
 8.350E+013  3.888E-012  9.406E+007  6.180E+008
 8.370E+013  3.930E-012  9.402E+007  6.178E+008
 8.390E+013  3.972E-012  9.398E+007  6.173E+008
 8.410E+013  4.015E-012  9.393E+007  6.165E+008
 8.430E+013  4.058E-012  9.388E+007  6.156E+008
 8.450E+013  4.101E-012  9.384E+007  6.147E+008
 8.470E+013  4.145E-012  9.380E+007  6.140E+008
 8.490E+013  4.190E-012  9.377E+007  6.134E+008
 8.510E+013  4.234E-012  9.373E+007  6.128E+008
 8.530E+013  4.279E-012  9.369E+007  6.122E+008
 8.550E+013  4.325E-012  9.364E+007  6.115E+008
 8.570E+013  4.370E-012  9.358E+007  6.106E+008
 8.590E+013  4.415E-012  9.351E+007  6.095E+008
 8.610E+013  4.460E-012  9.342E+007  6.083E+008
 8.630E+013  4.505E-012  9.334E+007  6.071E+008
 8.650E+013  4.551E-012  9.325E+007  6.061E+008
 8.670E+013  4.597E-012  9.316E+007  6.053E+008
 8.690E+013  4.643E-012  9.309E+007  6.050E+008
 8.710E+013  4.690E-012  9.302E+007  6.052E+008
 8.730E+013  4.738E-012  9.296E+007  6.059E+008
 8.750E+013  4.786E-012  9.290E+007  6.070E+008
 8.770E+013  4.835E-012  9.286E+007  6.086E+008
 8.790E+013  4.884E-012  9.281E+007  6.105E+008
 8.810E+013  4.934E-012  9.277E+007  6.127E+008
 8.830E+013  4.983E-012  9.273E+007  6.149E+008
 8.850E+013  5.033E-012  9.269E+007  6.173E+008
 8.870E+013  5.084E-012  9.265E+007  6.196E+008
 8.890E+013  5.134E-012  9.260E+007  6.218E+008
 8.910E+013  5.185E-012  9.255E+007  6.239E+008
 8.930E+013  5.236E-012  9.250E+007  6.259E+008
 8.950E+013  5.288E-012  9.244E+007  6.277E+008
 8.970E+013  5.339E-012  9.238E+007  6.293E+008
 8.990E+013  5.391E-012  9.232E+007  6.307E+008
 9.010E+013  5.442E-012  9.225E+007  6.320E+008
 9.030E+013  5.494E-012  9.218E+007  6.333E+008
 9.050E+013  5.546E-012  9.209E+007  6.346E+008
 9.070E+013  5.597E-012  9.200E+007  6.358E+008
 9.090E+013  5.649E-012  9.189E+007  6.372E+008
 9.110E+013  5.700E-012  9.177E+007  6.386E+008
 9.130E+013  5.751E-012  9.164E+007  6.400E+008
 9.150E+013  5.802E-012  9.151E+007  6.414E+008
 9.170E+013  5.853E-012  9.137E+007  6.428E+008
 9.190E+013  5.904E-012  9.124E+007  6.439E+008
 9.210E+013  5.957E-012  9.112E+007  6.445E+008
 9.230E+013  6.009E-012  9.101E+007  6.446E+008
 9.250E+013  6.063E-012  9.091E+007  6.441E+008
 9.270E+013  6.118E-012  9.084E+007  6.429E+008
 9.290E+013  6.174E-012  9.078E+007  6.411E+008
 9.310E+013  6.230E-012  9.073E+007  6.389E+008
 9.330E+013  6.287E-012  9.067E+007  6.364E+008
 9.350E+013  6.343E-012  9.061E+007  6.340E+008
 9.370E+013  6.399E-012  9.053E+007  6.317E+008
 9.390E+013  6.455E-012  9.043E+007  6.299E+008
 9.410E+013  6.510E-012  9.030E+007  6.286E+008
 9.430E+013  6.564E-012  9.016E+007  6.279E+008
 9.450E+013  6.617E-012  8.999E+007  6.276E+008
 9.470E+013  6.670E-012  8.982E+007  6.276E+008
 9.490E+013  6.723E-012  8.963E+007  6.279E+008
 9.510E+013  6.776E-012  8.944E+007  6.284E+008
 9.530E+013  6.829E-012  8.925E+007  6.289E+008
 9.550E+013  6.884E-012  8.908E+007  6.291E+008
 9.570E+013  6.939E-012  8.893E+007  6.289E+008
 9.590E+013  6.995E-012  8.879E+007  6.282E+008
 9.610E+013  7.053E-012  8.867E+007  6.272E+008
 9.630E+013  7.110E-012  8.855E+007  6.261E+008
 9.650E+013  7.168E-012  8.842E+007  6.252E+008
 9.670E+013  7.225E-012  8.829E+007  6.245E+008
 9.690E+013  7.283E-012  8.815E+007  6.241E+008
 9.710E+013  7.342E-012  8.802E+007  6.237E+008
 9.730E+013  7.401E-012  8.790E+007  6.232E+008
 9.750E+013  7.461E-012  8.779E+007  6.226E+008
 9.770E+013  7.521E-012  8.769E+007  6.218E+008
 9.790E+013  7.582E-012  8.758E+007  6.211E+008
 9.810E+013  7.643E-012  8.747E+007  6.206E+008
 9.830E+013  7.705E-012  8.736E+007  6.203E+008
 9.850E+013  7.767E-012  8.725E+007  6.200E+008
 9.870E+013  7.830E-012  8.716E+007  6.197E+008
 9.890E+013  7.893E-012  8.706E+007  6.193E+008
 9.910E+013  7.957E-012  8.697E+007  6.190E+008
 9.930E+013  8.020E-012  8.687E+007  6.188E+008
 9.950E+013  8.086E-012  8.677E+007  6.188E+008
 9.970E+013  8.144E-012  8.667E+007  6.188E+008
 9.990E+013  8.251E-012  8.657E+007  6.189E+008
 1.001E+014  1.000E-099  1.000E-099  6.189E+008
 1.003E+014  1.000E-099  1.000E-099  6.189E+008
 8.942E-003
