 1.200E+005
     x1b        dens       energ       v1
 1.000E+011  5.053E-013  3.178E+009  0.000E+000
 3.000E+011  5.157E-013  3.178E+009  5.594E+005
 5.000E+011  5.372E-013  3.178E+009  8.591E+005
 7.000E+011  5.594E-013  3.178E+009  1.361E+006
 9.000E+011  5.740E-013  3.178E+009  1.789E+006
 1.100E+012  5.810E-013  3.178E+009  2.246E+006
 1.300E+012  5.849E-013  3.178E+009  2.691E+006
 1.500E+012  5.884E-013  3.178E+009  3.142E+006
 1.700E+012  5.929E-013  3.178E+009  3.590E+006
 1.900E+012  5.984E-013  3.178E+009  4.039E+006
 2.100E+012  6.046E-013  3.178E+009  4.487E+006
 2.300E+012  6.108E-013  3.178E+009  4.936E+006
 2.500E+012  6.168E-013  3.178E+009  5.385E+006
 2.700E+012  6.228E-013  3.178E+009  5.834E+006
 2.900E+012  6.289E-013  3.178E+009  6.283E+006
 3.100E+012  6.353E-013  3.178E+009  6.732E+006
 3.300E+012  6.419E-013  3.178E+009  7.181E+006
 3.500E+012  6.487E-013  3.178E+009  7.630E+006
 3.700E+012  6.556E-013  3.178E+009  8.079E+006
 3.900E+012  6.624E-013  3.178E+009  8.528E+006
 4.100E+012  6.693E-013  3.178E+009  8.978E+006
 4.300E+012  6.761E-013  3.178E+009  9.427E+006
 4.500E+012  6.828E-013  3.178E+009  9.876E+006
 4.700E+012  6.894E-013  3.178E+009  1.033E+007
 4.900E+012  6.959E-013  3.178E+009  1.077E+007
 5.100E+012  7.021E-013  3.178E+009  1.122E+007
 5.300E+012  7.081E-013  3.178E+009  1.167E+007
 5.500E+012  7.135E-013  3.178E+009  1.212E+007
 5.700E+012  7.183E-013  3.178E+009  1.257E+007
 5.900E+012  7.221E-013  3.178E+009  1.302E+007
 6.100E+012  7.250E-013  3.178E+009  1.347E+007
 6.300E+012  7.270E-013  3.178E+009  1.392E+007
 6.500E+012  7.281E-013  3.178E+009  1.437E+007
 6.700E+012  7.286E-013  3.178E+009  1.482E+007
 6.900E+012  7.286E-013  3.178E+009  1.527E+007
 7.100E+012  7.286E-013  3.178E+009  1.572E+007
 7.300E+012  7.286E-013  3.178E+009  1.617E+007
 7.500E+012  7.286E-013  3.178E+009  1.663E+007
 7.700E+012  7.285E-013  3.178E+009  1.708E+007
 7.900E+012  7.284E-013  3.178E+009  1.753E+007
 8.100E+012  7.283E-013  3.178E+009  1.798E+007
 8.300E+012  7.282E-013  3.178E+009  1.843E+007
 8.500E+012  7.280E-013  3.178E+009  1.888E+007
 8.700E+012  7.278E-013  3.178E+009  1.933E+007
 8.900E+012  7.276E-013  3.178E+009  1.978E+007
 9.100E+012  7.273E-013  3.178E+009  2.023E+007
 9.300E+012  7.269E-013  3.178E+009  2.069E+007
 9.500E+012  7.265E-013  3.178E+009  2.114E+007
 9.700E+012  7.261E-013  3.178E+009  2.159E+007
 9.900E+012  7.257E-013  3.178E+009  2.204E+007
 1.010E+013  7.253E-013  3.178E+009  2.250E+007
 1.030E+013  7.250E-013  3.178E+009  2.295E+007
 1.050E+013  7.248E-013  3.178E+009  2.340E+007
 1.070E+013  7.248E-013  3.178E+009  2.385E+007
 1.090E+013  7.248E-013  3.178E+009  2.431E+007
 1.110E+013  7.248E-013  3.178E+009  2.476E+007
 1.130E+013  7.248E-013  3.178E+009  2.521E+007
 1.150E+013  7.248E-013  3.178E+009  2.567E+007
 1.170E+013  7.249E-013  3.178E+009  2.612E+007
 1.190E+013  7.250E-013  3.178E+009  2.657E+007
 1.210E+013  7.251E-013  3.178E+009  2.703E+007
 1.230E+013  7.253E-013  3.178E+009  2.748E+007
 1.250E+013  7.256E-013  3.178E+009  2.794E+007
 1.270E+013  7.260E-013  3.178E+009  2.839E+007
 1.290E+013  7.264E-013  3.178E+009  2.885E+007
 1.310E+013  7.270E-013  3.178E+009  2.930E+007
 1.330E+013  7.278E-013  3.178E+009  2.976E+007
 1.350E+013  7.286E-013  3.178E+009  3.021E+007
 1.370E+013  7.297E-013  3.178E+009  3.067E+007
 1.390E+013  7.310E-013  3.178E+009  3.112E+007
 1.410E+013  7.324E-013  3.178E+009  3.158E+007
 1.430E+013  7.342E-013  3.178E+009  3.204E+007
 1.450E+013  7.361E-013  3.178E+009  3.249E+007
 1.470E+013  7.384E-013  3.178E+009  3.295E+007
 1.490E+013  7.409E-013  3.178E+009  3.341E+007
 1.510E+013  7.438E-013  3.178E+009  3.386E+007
 1.530E+013  7.470E-013  3.178E+009  3.432E+007
 1.550E+013  7.507E-013  3.178E+009  3.478E+007
 1.570E+013  7.547E-013  3.178E+009  3.524E+007
 1.590E+013  7.592E-013  3.178E+009  3.569E+007
 1.610E+013  7.641E-013  3.178E+009  3.615E+007
 1.630E+013  7.695E-013  3.178E+009  3.661E+007
 1.650E+013  7.755E-013  3.178E+009  3.707E+007
 1.670E+013  7.820E-013  3.178E+009  3.753E+007
 1.690E+013  7.891E-013  3.178E+009  3.799E+007
 1.710E+013  7.969E-013  3.178E+009  3.845E+007
 1.730E+013  8.054E-013  3.178E+009  3.891E+007
 1.750E+013  8.146E-013  3.178E+009  3.937E+007
 1.770E+013  8.246E-013  3.178E+009  3.983E+007
 1.790E+013  8.353E-013  3.178E+009  4.029E+007
 1.810E+013  8.470E-013  3.178E+009  4.075E+007
 1.830E+013  8.596E-013  3.178E+009  4.122E+007
 1.850E+013  8.732E-013  3.178E+009  4.168E+007
 1.870E+013  8.878E-013  3.178E+009  4.214E+007
 1.890E+013  9.035E-013  3.178E+009  4.261E+007
 1.910E+013  9.205E-013  3.178E+009  4.307E+007
 1.930E+013  9.387E-013  3.178E+009  4.353E+007
 1.950E+013  9.582E-013  3.178E+009  4.400E+007
 1.970E+013  9.792E-013  3.178E+009  4.446E+007
 1.990E+013  1.002E-012  3.178E+009  4.493E+007
 2.010E+013  1.026E-012  3.178E+009  4.539E+007
 2.030E+013  1.052E-012  3.178E+009  4.586E+007
 2.050E+013  1.080E-012  3.178E+009  4.633E+007
 2.070E+013  1.109E-012  3.178E+009  4.680E+007
 2.090E+013  1.141E-012  3.178E+009  4.726E+007
 2.110E+013  1.175E-012  3.178E+009  4.773E+007
 2.130E+013  1.211E-012  3.178E+009  4.820E+007
 2.150E+013  1.250E-012  3.178E+009  4.867E+007
 2.170E+013  1.292E-012  3.178E+009  4.914E+007
 2.190E+013  1.336E-012  3.178E+009  4.962E+007
 2.210E+013  1.384E-012  3.178E+009  5.009E+007
 2.230E+013  1.434E-012  3.178E+009  5.056E+007
 2.250E+013  1.489E-012  3.178E+009  5.104E+007
 2.270E+013  1.546E-012  3.178E+009  5.151E+007
 2.290E+013  1.608E-012  3.178E+009  5.199E+007
 2.310E+013  1.674E-012  3.178E+009  5.247E+007
 2.330E+013  1.743E-012  3.178E+009  5.294E+007
 2.350E+013  1.818E-012  3.178E+009  5.342E+007
 2.370E+013  1.897E-012  3.178E+009  5.390E+007
 2.390E+013  1.981E-012  3.178E+009  5.439E+007
 2.410E+013  2.071E-012  3.178E+009  5.487E+007
 2.430E+013  2.165E-012  3.178E+009  5.535E+007
 2.450E+013  2.266E-012  3.178E+009  5.584E+007
 2.470E+013  2.372E-012  3.178E+009  5.633E+007
 2.490E+013  2.485E-012  3.178E+009  5.682E+007
 2.510E+013  2.604E-012  3.178E+009  5.731E+007
 2.530E+013  2.730E-012  3.178E+009  5.780E+007
 2.550E+013  2.862E-012  3.178E+009  5.829E+007
 2.570E+013  3.001E-012  3.178E+009  5.879E+007
 2.590E+013  3.147E-012  3.178E+009  5.929E+007
 2.610E+013  3.301E-012  3.178E+009  5.979E+007
 2.630E+013  3.461E-012  3.178E+009  6.030E+007
 2.650E+013  3.629E-012  3.178E+009  6.080E+007
 2.670E+013  3.804E-012  3.178E+009  6.131E+007
 2.690E+013  3.986E-012  3.178E+009  6.183E+007
 2.710E+013  4.175E-012  3.178E+009  6.234E+007
 2.730E+013  4.371E-012  3.178E+009  6.286E+007
 2.750E+013  4.574E-012  3.178E+009  6.339E+007
 2.770E+013  4.783E-012  3.178E+009  6.391E+007
 2.790E+013  4.999E-012  3.178E+009  6.445E+007
 2.810E+013  5.221E-012  3.177E+009  6.498E+007
 2.830E+013  5.448E-012  3.177E+009  6.552E+007
 2.850E+013  5.681E-012  3.177E+009  6.607E+007
 2.870E+013  5.920E-012  3.177E+009  6.662E+007
 2.890E+013  6.163E-012  3.177E+009  6.718E+007
 2.910E+013  6.410E-012  3.177E+009  6.774E+007
 2.930E+013  6.662E-012  3.177E+009  6.831E+007
 2.950E+013  6.918E-012  3.177E+009  6.888E+007
 2.970E+013  7.177E-012  3.177E+009  6.946E+007
 2.990E+013  7.439E-012  3.177E+009  7.005E+007
 3.010E+013  7.705E-012  3.177E+009  7.065E+007
 3.030E+013  7.973E-012  3.177E+009  7.126E+007
 3.050E+013  8.244E-012  3.177E+009  7.187E+007
 3.070E+013  8.517E-012  3.177E+009  7.249E+007
 3.090E+013  8.793E-012  3.177E+009  7.312E+007
 3.110E+013  9.071E-012  3.177E+009  7.376E+007
 3.130E+013  9.351E-012  3.177E+009  7.441E+007
 3.150E+013  9.633E-012  3.177E+009  7.507E+007
 3.170E+013  9.918E-012  3.176E+009  7.574E+007
 3.190E+013  1.020E-011  3.176E+009  7.643E+007
 3.210E+013  1.049E-011  3.176E+009  7.712E+007
 3.230E+013  1.078E-011  3.176E+009  7.783E+007
 3.250E+013  1.108E-011  3.176E+009  7.855E+007
 3.270E+013  1.138E-011  3.176E+009  7.928E+007
 3.290E+013  1.168E-011  3.176E+009  8.003E+007
 3.310E+013  1.198E-011  3.176E+009  8.079E+007
 3.330E+013  1.228E-011  3.175E+009  8.156E+007
 3.350E+013  1.259E-011  3.175E+009  8.235E+007
 3.370E+013  1.291E-011  3.175E+009  8.316E+007
 3.390E+013  1.323E-011  3.175E+009  8.398E+007
 3.410E+013  1.355E-011  3.175E+009  8.482E+007
 3.430E+013  1.387E-011  3.175E+009  8.568E+007
 3.450E+013  1.421E-011  3.174E+009  8.655E+007
 3.470E+013  1.454E-011  3.174E+009  8.744E+007
 3.490E+013  1.489E-011  3.174E+009  8.836E+007
 3.510E+013  1.524E-011  3.174E+009  8.929E+007
 3.530E+013  1.559E-011  3.174E+009  9.024E+007
 3.550E+013  1.595E-011  3.173E+009  9.122E+007
 3.570E+013  1.632E-011  3.173E+009  9.221E+007
 3.590E+013  1.670E-011  3.173E+009  9.323E+007
 3.610E+013  1.708E-011  3.173E+009  9.427E+007
 3.630E+013  1.748E-011  3.172E+009  9.534E+007
 3.650E+013  1.788E-011  3.172E+009  9.643E+007
 3.670E+013  1.829E-011  3.172E+009  9.755E+007
 3.690E+013  1.871E-011  3.171E+009  9.869E+007
 3.710E+013  1.914E-011  3.171E+009  9.986E+007
 3.730E+013  1.958E-011  3.171E+009  1.011E+008
 3.750E+013  2.003E-011  3.170E+009  1.023E+008
 3.770E+013  2.049E-011  3.170E+009  1.035E+008
 3.790E+013  2.096E-011  3.169E+009  1.048E+008
 3.810E+013  2.144E-011  3.169E+009  1.061E+008
 3.830E+013  2.193E-011  3.169E+009  1.075E+008
 3.850E+013  2.244E-011  3.168E+009  1.088E+008
 3.870E+013  2.295E-011  3.168E+009  1.103E+008
 3.890E+013  2.348E-011  3.167E+009  1.117E+008
 3.910E+013  2.403E-011  3.166E+009  1.132E+008
 3.930E+013  2.458E-011  3.166E+009  1.147E+008
 3.950E+013  2.515E-011  3.165E+009  1.162E+008
 3.970E+013  2.573E-011  3.165E+009  1.178E+008
 3.990E+013  2.633E-011  3.164E+009  1.194E+008
 4.010E+013  2.693E-011  3.163E+009  1.211E+008
 4.030E+013  2.755E-011  3.163E+009  1.228E+008
 4.050E+013  2.819E-011  3.162E+009  1.245E+008
 4.070E+013  2.884E-011  3.161E+009  1.263E+008
 4.090E+013  2.950E-011  3.160E+009  1.281E+008
 4.110E+013  3.017E-011  3.159E+009  1.299E+008
 4.130E+013  3.086E-011  3.158E+009  1.318E+008
 4.150E+013  3.156E-011  3.158E+009  1.338E+008
 4.170E+013  3.228E-011  3.157E+009  1.357E+008
 4.190E+013  3.301E-011  3.156E+009  1.377E+008
 4.210E+013  3.375E-011  3.155E+009  1.398E+008
 4.230E+013  3.450E-011  3.154E+009  1.419E+008
 4.250E+013  3.527E-011  3.152E+009  1.440E+008
 4.270E+013  3.605E-011  3.151E+009  1.462E+008
 4.290E+013  3.684E-011  3.150E+009  1.484E+008
 4.310E+013  3.764E-011  3.149E+009  1.507E+008
 4.330E+013  3.846E-011  3.148E+009  1.530E+008
 4.350E+013  3.929E-011  3.146E+009  1.553E+008
 4.370E+013  4.013E-011  3.145E+009  1.577E+008
 4.390E+013  4.098E-011  3.143E+009  1.601E+008
 4.410E+013  4.184E-011  3.142E+009  1.626E+008
 4.430E+013  4.272E-011  3.140E+009  1.651E+008
 4.450E+013  4.360E-011  3.139E+009  1.676E+008
 4.470E+013  4.450E-011  3.137E+009  1.702E+008
 4.490E+013  4.540E-011  3.136E+009  1.729E+008
 4.510E+013  4.632E-011  3.134E+009  1.755E+008
 4.530E+013  4.725E-011  3.132E+009  1.782E+008
 4.550E+013  4.819E-011  3.130E+009  1.810E+008
 4.570E+013  4.915E-011  3.129E+009  1.837E+008
 4.590E+013  5.011E-011  3.127E+009  1.865E+008
 4.610E+013  5.109E-011  3.125E+009  1.894E+008
 4.630E+013  5.207E-011  3.123E+009  1.923E+008
 4.650E+013  5.307E-011  3.121E+009  1.952E+008
 4.670E+013  5.408E-011  3.119E+009  1.981E+008
 4.690E+013  5.511E-011  3.117E+009  2.011E+008
 4.710E+013  5.614E-011  3.114E+009  2.041E+008
 4.730E+013  5.719E-011  3.112E+009  2.072E+008
 4.750E+013  5.826E-011  3.110E+009  2.102E+008
 4.770E+013  5.933E-011  3.108E+009  2.133E+008
 4.790E+013  6.042E-011  3.105E+009  2.165E+008
 4.810E+013  6.153E-011  3.103E+009  2.196E+008
 4.830E+013  6.265E-011  3.100E+009  2.228E+008
 4.850E+013  6.378E-011  3.098E+009  2.260E+008
 4.870E+013  6.494E-011  3.095E+009  2.292E+008
 4.890E+013  6.610E-011  3.092E+009  2.325E+008
 4.910E+013  6.729E-011  3.090E+009  2.358E+008
 4.930E+013  6.849E-011  3.087E+009  2.391E+008
 4.950E+013  6.971E-011  3.084E+009  2.424E+008
 4.970E+013  7.095E-011  3.081E+009  2.457E+008
 4.990E+013  7.220E-011  3.079E+009  2.491E+008
 5.010E+013  7.348E-011  3.076E+009  2.524E+008
 5.030E+013  7.477E-011  3.073E+009  2.558E+008
 5.050E+013  7.609E-011  3.070E+009  2.592E+008
 5.070E+013  7.742E-011  3.067E+009  2.627E+008
 5.090E+013  7.877E-011  3.063E+009  2.661E+008
 5.110E+013  8.015E-011  3.060E+009  2.696E+008
 5.130E+013  8.154E-011  3.057E+009  2.730E+008
 5.150E+013  8.296E-011  3.054E+009  2.765E+008
 5.170E+013  8.440E-011  3.050E+009  2.800E+008
 5.190E+013  8.586E-011  3.047E+009  2.835E+008
 5.210E+013  8.734E-011  3.044E+009  2.870E+008
 5.230E+013  8.885E-011  3.040E+009  2.905E+008
 5.250E+013  9.037E-011  3.037E+009  2.941E+008
 5.270E+013  9.192E-011  3.033E+009  2.976E+008
 5.290E+013  9.349E-011  3.030E+009  3.012E+008
 5.310E+013  9.509E-011  3.026E+009  3.047E+008
 5.330E+013  9.670E-011  3.022E+009  3.083E+008
 5.350E+013  9.834E-011  3.018E+009  3.119E+008
 5.370E+013  1.000E-010  3.015E+009  3.155E+008
 5.390E+013  1.017E-010  3.011E+009  3.190E+008
 5.410E+013  1.034E-010  3.007E+009  3.226E+008
 5.430E+013  1.051E-010  3.003E+009  3.262E+008
 5.450E+013  1.069E-010  2.999E+009  3.298E+008
 5.470E+013  1.086E-010  2.995E+009  3.334E+008
 5.490E+013  1.104E-010  2.991E+009  3.371E+008
 5.510E+013  1.123E-010  2.987E+009  3.407E+008
 5.530E+013  1.141E-010  2.982E+009  3.443E+008
 5.550E+013  1.160E-010  2.978E+009  3.479E+008
 5.570E+013  1.178E-010  2.974E+009  3.515E+008
 5.590E+013  1.197E-010  2.969E+009  3.551E+008
 5.610E+013  1.217E-010  2.965E+009  3.588E+008
 5.630E+013  1.236E-010  2.961E+009  3.624E+008
 5.650E+013  1.256E-010  2.956E+009  3.660E+008
 5.670E+013  1.276E-010  2.952E+009  3.697E+008
 5.690E+013  1.296E-010  2.947E+009  3.733E+008
 5.710E+013  1.316E-010  2.942E+009  3.769E+008
 5.730E+013  1.337E-010  2.938E+009  3.805E+008
 5.750E+013  1.357E-010  2.933E+009  3.842E+008
 5.770E+013  1.378E-010  2.928E+009  3.878E+008
 5.790E+013  1.399E-010  2.923E+009  3.914E+008
 5.810E+013  1.421E-010  2.918E+009  3.951E+008
 5.830E+013  1.442E-010  2.914E+009  3.987E+008
 5.850E+013  1.464E-010  2.909E+009  4.023E+008
 5.870E+013  1.486E-010  2.904E+009  4.059E+008
 5.890E+013  1.508E-010  2.899E+009  4.096E+008
 5.910E+013  1.530E-010  2.893E+009  4.132E+008
 5.930E+013  1.553E-010  2.888E+009  4.168E+008
 5.950E+013  1.576E-010  2.883E+009  4.204E+008
 5.970E+013  1.599E-010  2.878E+009  4.241E+008
 5.990E+013  1.622E-010  2.873E+009  4.277E+008
 6.010E+013  1.646E-010  2.867E+009  4.313E+008
 6.030E+013  1.669E-010  2.862E+009  4.349E+008
 6.050E+013  1.693E-010  2.856E+009  4.386E+008
 6.070E+013  1.717E-010  2.851E+009  4.422E+008
 6.090E+013  1.741E-010  2.845E+009  4.458E+008
 6.110E+013  1.766E-010  2.840E+009  4.494E+008
 6.130E+013  1.791E-010  2.834E+009  4.530E+008
 6.150E+013  1.815E-010  2.829E+009  4.566E+008
 6.170E+013  1.841E-010  2.823E+009  4.603E+008
 6.190E+013  1.866E-010  2.817E+009  4.639E+008
 6.210E+013  1.891E-010  2.811E+009  4.675E+008
 6.230E+013  1.917E-010  2.805E+009  4.711E+008
 6.250E+013  1.943E-010  2.800E+009  4.747E+008
 6.270E+013  1.969E-010  2.794E+009  4.783E+008
 6.290E+013  1.996E-010  2.788E+009  4.820E+008
 6.310E+013  2.022E-010  2.782E+009  4.856E+008
 6.330E+013  2.049E-010  2.776E+009  4.892E+008
 6.350E+013  2.076E-010  2.769E+009  4.928E+008
 6.370E+013  2.103E-010  2.763E+009  4.964E+008
 6.390E+013  2.130E-010  2.757E+009  5.000E+008
 6.410E+013  2.158E-010  2.751E+009  5.036E+008
 6.430E+013  2.186E-010  2.745E+009  5.073E+008
 6.450E+013  2.214E-010  2.738E+009  5.109E+008
 6.470E+013  2.242E-010  2.732E+009  5.145E+008
 6.490E+013  2.270E-010  2.725E+009  5.181E+008
 6.510E+013  2.299E-010  2.719E+009  5.217E+008
 6.530E+013  2.327E-010  2.712E+009  5.253E+008
 6.550E+013  2.356E-010  2.706E+009  5.289E+008
 6.570E+013  2.385E-010  2.699E+009  5.325E+008
 6.590E+013  2.414E-010  2.693E+009  5.361E+008
 6.610E+013  2.444E-010  2.686E+009  5.397E+008
 6.630E+013  2.473E-010  2.679E+009  5.432E+008
 6.650E+013  2.503E-010  2.673E+009  5.468E+008
 6.670E+013  2.533E-010  2.666E+009  5.504E+008
 6.690E+013  2.563E-010  2.659E+009  5.539E+008
 6.710E+013  2.594E-010  2.652E+009  5.575E+008
 6.730E+013  2.624E-010  2.645E+009  5.610E+008
 6.750E+013  2.655E-010  2.639E+009  5.645E+008
 6.770E+013  2.686E-010  2.632E+009  5.680E+008
 6.790E+013  2.717E-010  2.625E+009  5.715E+008
 6.810E+013  2.748E-010  2.618E+009  5.749E+008
 6.830E+013  2.779E-010  2.611E+009  5.783E+008
 6.850E+013  2.811E-010  2.604E+009  5.818E+008
 6.870E+013  2.843E-010  2.597E+009  5.851E+008
 6.890E+013  2.875E-010  2.590E+009  5.885E+008
 6.910E+013  2.907E-010  2.584E+009  5.918E+008
 6.930E+013  2.940E-010  2.577E+009  5.951E+008
 6.950E+013  2.973E-010  2.570E+009  5.984E+008
 6.970E+013  3.005E-010  2.563E+009  6.016E+008
 6.990E+013  3.039E-010  2.556E+009  6.047E+008
 7.010E+013  3.072E-010  2.549E+009  6.078E+008
 7.030E+013  3.106E-010  2.543E+009  6.109E+008
 7.050E+013  3.140E-010  2.536E+009  6.139E+008
 7.070E+013  3.174E-010  2.529E+009  6.168E+008
 7.090E+013  3.208E-010  2.523E+009  6.197E+008
 7.110E+013  3.243E-010  2.516E+009  6.225E+008
 7.130E+013  3.278E-010  2.510E+009  6.252E+008
 7.150E+013  3.314E-010  2.504E+009  6.278E+008
 7.170E+013  3.350E-010  2.498E+009  6.304E+008
 7.190E+013  3.386E-010  2.492E+009  6.328E+008
 7.210E+013  3.422E-010  2.486E+009  6.351E+008
 7.230E+013  3.459E-010  2.480E+009  6.373E+008
 7.250E+013  3.496E-010  2.474E+009  6.394E+008
 7.270E+013  3.534E-010  2.469E+009  6.414E+008
 7.290E+013  3.572E-010  2.464E+009  6.432E+008
 7.310E+013  3.611E-010  2.459E+009  6.449E+008
 7.330E+013  3.650E-010  2.454E+009  6.465E+008
 7.350E+013  3.689E-010  2.449E+009  6.479E+008
 7.370E+013  3.729E-010  2.445E+009  6.492E+008
 7.390E+013  3.770E-010  2.440E+009  6.504E+008
 7.410E+013  3.811E-010  2.436E+009  6.515E+008
 7.430E+013  3.852E-010  2.432E+009  6.525E+008
 7.450E+013  3.894E-010  2.428E+009  6.534E+008
 7.470E+013  3.936E-010  2.424E+009  6.543E+008
 7.490E+013  3.978E-010  2.420E+009  6.552E+008
 7.510E+013  4.021E-010  2.416E+009  6.561E+008
 7.530E+013  4.064E-010  2.412E+009  6.570E+008
 7.550E+013  4.107E-010  2.407E+009  6.580E+008
 7.570E+013  4.150E-010  2.403E+009  6.591E+008
 7.590E+013  4.194E-010  2.398E+009  6.603E+008
 7.610E+013  4.237E-010  2.393E+009  6.617E+008
 7.630E+013  4.281E-010  2.388E+009  6.632E+008
 7.650E+013  4.324E-010  2.383E+009  6.648E+008
 7.670E+013  4.368E-010  2.377E+009  6.665E+008
 7.690E+013  4.412E-010  2.371E+009  6.684E+008
 7.710E+013  4.455E-010  2.365E+009  6.705E+008
 7.730E+013  4.499E-010  2.359E+009  6.726E+008
 7.750E+013  4.543E-010  2.353E+009  6.748E+008
 7.770E+013  4.587E-010  2.346E+009  6.771E+008
 7.790E+013  4.630E-010  2.340E+009  6.794E+008
 7.810E+013  4.675E-010  2.333E+009  6.818E+008
 7.830E+013  4.719E-010  2.326E+009  6.843E+008
 7.850E+013  4.763E-010  2.319E+009  6.867E+008
 7.870E+013  4.808E-010  2.312E+009  6.892E+008
 7.890E+013  4.852E-010  2.305E+009  6.917E+008
 7.910E+013  4.897E-010  2.299E+009  6.942E+008
 7.930E+013  4.942E-010  2.292E+009  6.966E+008
 7.950E+013  4.988E-010  2.285E+009  6.990E+008
 7.970E+013  5.033E-010  2.278E+009  7.015E+008
 7.990E+013  5.079E-010  2.271E+009  7.039E+008
 8.010E+013  5.125E-010  2.264E+009  7.062E+008
 8.030E+013  5.171E-010  2.258E+009  7.085E+008
 8.050E+013  5.218E-010  2.251E+009  7.108E+008
 8.070E+013  5.265E-010  2.244E+009  7.130E+008
 8.090E+013  5.312E-010  2.238E+009  7.152E+008
 8.110E+013  5.360E-010  2.231E+009  7.173E+008
 8.130E+013  5.408E-010  2.225E+009  7.193E+008
 8.150E+013  5.456E-010  2.219E+009  7.212E+008
 8.170E+013  5.505E-010  2.213E+009  7.231E+008
 8.190E+013  5.554E-010  2.207E+009  7.248E+008
 8.210E+013  5.604E-010  2.202E+009  7.264E+008
 8.230E+013  5.655E-010  2.196E+009  7.279E+008
 8.250E+013  5.706E-010  2.191E+009  7.291E+008
 8.270E+013  5.758E-010  2.187E+009  7.302E+008
 8.290E+013  5.811E-010  2.183E+009  7.311E+008
 8.310E+013  5.865E-010  2.179E+009  7.317E+008
 8.330E+013  5.921E-010  2.176E+009  7.320E+008
 8.350E+013  5.978E-010  2.173E+009  7.319E+008
 8.370E+013  6.036E-010  2.171E+009  7.316E+008
 8.390E+013  6.095E-010  2.170E+009  7.310E+008
 8.410E+013  6.156E-010  2.169E+009  7.302E+008
 8.430E+013  6.217E-010  2.168E+009  7.291E+008
 8.450E+013  6.280E-010  2.167E+009  7.280E+008
 8.470E+013  6.343E-010  2.167E+009  7.268E+008
 8.490E+013  6.406E-010  2.166E+009  7.256E+008
 8.510E+013  6.470E-010  2.165E+009  7.245E+008
 8.530E+013  6.533E-010  2.164E+009  7.235E+008
 8.550E+013  6.597E-010  2.163E+009  7.226E+008
 8.570E+013  6.661E-010  2.162E+009  7.218E+008
 8.590E+013  6.725E-010  2.160E+009  7.212E+008
 8.610E+013  6.790E-010  2.159E+009  7.206E+008
 8.630E+013  6.855E-010  2.157E+009  7.200E+008
 8.650E+013  6.920E-010  2.155E+009  7.195E+008
 8.670E+013  6.986E-010  2.154E+009  7.189E+008
 8.690E+013  7.053E-010  2.152E+009  7.183E+008
 8.710E+013  7.120E-010  2.151E+009  7.177E+008
 8.730E+013  7.188E-010  2.150E+009  7.171E+008
 8.750E+013  7.257E-010  2.149E+009  7.164E+008
 8.770E+013  7.326E-010  2.147E+009  7.157E+008
 8.790E+013  7.396E-010  2.146E+009  7.150E+008
 8.810E+013  7.466E-010  2.145E+009  7.143E+008
 8.830E+013  7.537E-010  2.144E+009  7.135E+008
 8.850E+013  7.609E-010  2.143E+009  7.128E+008
 8.870E+013  7.681E-010  2.142E+009  7.121E+008
 8.890E+013  7.754E-010  2.141E+009  7.114E+008
 8.910E+013  7.827E-010  2.140E+009  7.108E+008
 8.930E+013  7.900E-010  2.139E+009  7.101E+008
 8.950E+013  7.974E-010  2.137E+009  7.095E+008
 8.970E+013  8.049E-010  2.136E+009  7.088E+008
 8.990E+013  8.125E-010  2.135E+009  7.082E+008
 9.010E+013  8.201E-010  2.134E+009  7.076E+008
 9.030E+013  8.277E-010  2.133E+009  7.069E+008
 9.050E+013  8.354E-010  2.132E+009  7.063E+008
 9.070E+013  8.432E-010  2.131E+009  7.057E+008
 9.090E+013  8.510E-010  2.130E+009  7.051E+008
 9.110E+013  8.589E-010  2.129E+009  7.046E+008
 9.130E+013  8.668E-010  2.128E+009  7.040E+008
 9.150E+013  8.748E-010  2.126E+009  7.035E+008
 9.170E+013  8.829E-010  2.125E+009  7.029E+008
 9.190E+013  8.910E-010  2.124E+009  7.024E+008
 9.210E+013  8.991E-010  2.123E+009  7.019E+008
 9.230E+013  9.073E-010  2.122E+009  7.014E+008
 9.250E+013  9.156E-010  2.121E+009  7.009E+008
 9.270E+013  9.240E-010  2.120E+009  7.005E+008
 9.290E+013  9.324E-010  2.118E+009  7.000E+008
 9.310E+013  9.408E-010  2.117E+009  6.996E+008
 9.330E+013  9.493E-010  2.116E+009  6.991E+008
 9.350E+013  9.579E-010  2.115E+009  6.987E+008
 9.370E+013  9.665E-010  2.114E+009  6.983E+008
 9.390E+013  9.752E-010  2.112E+009  6.980E+008
 9.410E+013  9.839E-010  2.111E+009  6.976E+008
 9.430E+013  9.927E-010  2.110E+009  6.973E+008
 9.450E+013  1.002E-009  2.108E+009  6.969E+008
 9.470E+013  1.010E-009  2.107E+009  6.966E+008
 9.490E+013  1.019E-009  2.106E+009  6.964E+008
 9.510E+013  1.028E-009  2.104E+009  6.961E+008
 9.530E+013  1.037E-009  2.103E+009  6.958E+008
 9.550E+013  1.047E-009  2.101E+009  6.956E+008
 9.570E+013  1.056E-009  2.100E+009  6.954E+008
 9.590E+013  1.065E-009  2.098E+009  6.952E+008
 9.610E+013  1.074E-009  2.097E+009  6.950E+008
 9.630E+013  1.084E-009  2.095E+009  6.949E+008
 9.650E+013  1.093E-009  2.094E+009  6.947E+008
 9.670E+013  1.102E-009  2.092E+009  6.946E+008
 9.690E+013  1.112E-009  2.090E+009  6.945E+008
 9.710E+013  1.122E-009  2.089E+009  6.944E+008
 9.730E+013  1.131E-009  2.087E+009  6.944E+008
 9.750E+013  1.141E-009  2.085E+009  6.944E+008
 9.770E+013  1.150E-009  2.083E+009  6.944E+008
 9.790E+013  1.160E-009  2.081E+009  6.944E+008
 9.810E+013  1.170E-009  2.080E+009  6.944E+008
 9.830E+013  1.180E-009  2.078E+009  6.945E+008
 9.850E+013  1.190E-009  2.076E+009  6.946E+008
 9.870E+013  1.200E-009  2.073E+009  6.947E+008
 9.890E+013  1.209E-009  2.071E+009  6.948E+008
 9.910E+013  1.219E-009  2.069E+009  6.950E+008
 9.930E+013  1.229E-009  2.067E+009  6.952E+008
 9.950E+013  1.240E-009  2.065E+009  6.954E+008
 9.970E+013  1.249E-009  2.062E+009  6.956E+008
 9.990E+013  1.265E-009  2.060E+009  6.959E+008
 1.001E+014  1.000E-099  1.000E-099  6.959E+008
 1.003E+014  1.000E-099  1.000E-099  6.959E+008
 3.805E-003
