 6.000E+004
     x1b        dens       energ       v1
 1.000E+011  5.935E-013  3.186E+009  0.000E+000
 3.000E+011  5.936E-013  3.186E+009  8.235E+005
 5.000E+011  5.939E-013  3.186E+009  1.610E+006
 7.000E+011  5.944E-013  3.186E+009  2.428E+006
 9.000E+011  5.953E-013  3.186E+009  3.231E+006
 1.100E+012  5.967E-013  3.186E+009  4.042E+006
 1.300E+012  5.985E-013  3.186E+009  4.848E+006
 1.500E+012  6.010E-013  3.186E+009  5.657E+006
 1.700E+012  6.040E-013  3.186E+009  6.465E+006
 1.900E+012  6.076E-013  3.186E+009  7.273E+006
 2.100E+012  6.117E-013  3.186E+009  8.081E+006
 2.300E+012  6.163E-013  3.186E+009  8.890E+006
 2.500E+012  6.213E-013  3.186E+009  9.698E+006
 2.700E+012  6.268E-013  3.186E+009  1.051E+007
 2.900E+012  6.326E-013  3.186E+009  1.131E+007
 3.100E+012  6.386E-013  3.186E+009  1.212E+007
 3.300E+012  6.448E-013  3.186E+009  1.293E+007
 3.500E+012  6.512E-013  3.186E+009  1.374E+007
 3.700E+012  6.577E-013  3.186E+009  1.455E+007
 3.900E+012  6.643E-013  3.186E+009  1.536E+007
 4.100E+012  6.709E-013  3.186E+009  1.616E+007
 4.300E+012  6.775E-013  3.186E+009  1.697E+007
 4.500E+012  6.840E-013  3.186E+009  1.778E+007
 4.700E+012  6.905E-013  3.186E+009  1.859E+007
 4.900E+012  6.969E-013  3.186E+009  1.940E+007
 5.100E+012  7.031E-013  3.186E+009  2.020E+007
 5.300E+012  7.090E-013  3.186E+009  2.101E+007
 5.500E+012  7.144E-013  3.186E+009  2.182E+007
 5.700E+012  7.193E-013  3.186E+009  2.263E+007
 5.900E+012  7.234E-013  3.186E+009  2.344E+007
 6.100E+012  7.265E-013  3.186E+009  2.424E+007
 6.300E+012  7.283E-013  3.186E+009  2.505E+007
 6.500E+012  7.290E-013  3.186E+009  2.586E+007
 6.700E+012  7.292E-013  3.186E+009  2.667E+007
 6.900E+012  7.292E-013  3.186E+009  2.748E+007
 7.100E+012  7.292E-013  3.186E+009  2.829E+007
 7.300E+012  7.292E-013  3.186E+009  2.909E+007
 7.500E+012  7.292E-013  3.186E+009  2.990E+007
 7.700E+012  7.291E-013  3.186E+009  3.071E+007
 7.900E+012  7.291E-013  3.186E+009  3.152E+007
 8.100E+012  7.290E-013  3.186E+009  3.233E+007
 8.300E+012  7.289E-013  3.186E+009  3.313E+007
 8.500E+012  7.288E-013  3.186E+009  3.394E+007
 8.700E+012  7.286E-013  3.186E+009  3.475E+007
 8.900E+012  7.283E-013  3.186E+009  3.556E+007
 9.100E+012  7.280E-013  3.186E+009  3.637E+007
 9.300E+012  7.276E-013  3.186E+009  3.717E+007
 9.500E+012  7.272E-013  3.186E+009  3.798E+007
 9.700E+012  7.267E-013  3.186E+009  3.879E+007
 9.900E+012  7.262E-013  3.186E+009  3.960E+007
 1.010E+013  7.258E-013  3.186E+009  4.041E+007
 1.030E+013  7.255E-013  3.186E+009  4.122E+007
 1.050E+013  7.253E-013  3.186E+009  4.202E+007
 1.070E+013  7.253E-013  3.186E+009  4.283E+007
 1.090E+013  7.253E-013  3.186E+009  4.364E+007
 1.110E+013  7.253E-013  3.186E+009  4.445E+007
 1.130E+013  7.253E-013  3.186E+009  4.526E+007
 1.150E+013  7.254E-013  3.186E+009  4.606E+007
 1.170E+013  7.254E-013  3.186E+009  4.687E+007
 1.190E+013  7.255E-013  3.186E+009  4.768E+007
 1.210E+013  7.257E-013  3.186E+009  4.849E+007
 1.230E+013  7.259E-013  3.186E+009  4.930E+007
 1.250E+013  7.262E-013  3.186E+009  5.011E+007
 1.270E+013  7.265E-013  3.186E+009  5.091E+007
 1.290E+013  7.270E-013  3.186E+009  5.172E+007
 1.310E+013  7.276E-013  3.186E+009  5.253E+007
 1.330E+013  7.284E-013  3.186E+009  5.334E+007
 1.350E+013  7.293E-013  3.186E+009  5.415E+007
 1.370E+013  7.304E-013  3.186E+009  5.495E+007
 1.390E+013  7.316E-013  3.186E+009  5.576E+007
 1.410E+013  7.331E-013  3.186E+009  5.657E+007
 1.430E+013  7.348E-013  3.186E+009  5.738E+007
 1.450E+013  7.368E-013  3.186E+009  5.819E+007
 1.470E+013  7.391E-013  3.186E+009  5.900E+007
 1.490E+013  7.416E-013  3.186E+009  5.980E+007
 1.510E+013  7.445E-013  3.186E+009  6.061E+007
 1.530E+013  7.478E-013  3.186E+009  6.142E+007
 1.550E+013  7.514E-013  3.186E+009  6.223E+007
 1.570E+013  7.555E-013  3.186E+009  6.304E+007
 1.590E+013  7.600E-013  3.186E+009  6.384E+007
 1.610E+013  7.649E-013  3.186E+009  6.465E+007
 1.630E+013  7.704E-013  3.186E+009  6.546E+007
 1.650E+013  7.764E-013  3.186E+009  6.627E+007
 1.670E+013  7.830E-013  3.186E+009  6.708E+007
 1.690E+013  7.902E-013  3.186E+009  6.789E+007
 1.710E+013  7.980E-013  3.186E+009  6.869E+007
 1.730E+013  8.065E-013  3.186E+009  6.950E+007
 1.750E+013  8.157E-013  3.186E+009  7.031E+007
 1.770E+013  8.257E-013  3.186E+009  7.112E+007
 1.790E+013  8.366E-013  3.186E+009  7.193E+007
 1.810E+013  8.483E-013  3.186E+009  7.274E+007
 1.830E+013  8.609E-013  3.186E+009  7.354E+007
 1.850E+013  8.746E-013  3.186E+009  7.435E+007
 1.870E+013  8.893E-013  3.186E+009  7.516E+007
 1.890E+013  9.051E-013  3.186E+009  7.597E+007
 1.910E+013  9.221E-013  3.186E+009  7.678E+007
 1.930E+013  9.404E-013  3.186E+009  7.759E+007
 1.950E+013  9.600E-013  3.186E+009  7.840E+007
 1.970E+013  9.811E-013  3.186E+009  7.920E+007
 1.990E+013  1.004E-012  3.186E+009  8.001E+007
 2.010E+013  1.028E-012  3.186E+009  8.082E+007
 2.030E+013  1.054E-012  3.186E+009  8.163E+007
 2.050E+013  1.082E-012  3.186E+009  8.244E+007
 2.070E+013  1.112E-012  3.186E+009  8.325E+007
 2.090E+013  1.143E-012  3.186E+009  8.406E+007
 2.110E+013  1.178E-012  3.186E+009  8.487E+007
 2.130E+013  1.214E-012  3.186E+009  8.568E+007
 2.150E+013  1.253E-012  3.186E+009  8.648E+007
 2.170E+013  1.295E-012  3.186E+009  8.729E+007
 2.190E+013  1.340E-012  3.186E+009  8.810E+007
 2.210E+013  1.387E-012  3.186E+009  8.891E+007
 2.230E+013  1.438E-012  3.186E+009  8.972E+007
 2.250E+013  1.493E-012  3.186E+009  9.053E+007
 2.270E+013  1.551E-012  3.186E+009  9.134E+007
 2.290E+013  1.612E-012  3.186E+009  9.215E+007
 2.310E+013  1.678E-012  3.186E+009  9.296E+007
 2.330E+013  1.749E-012  3.186E+009  9.377E+007
 2.350E+013  1.823E-012  3.186E+009  9.458E+007
 2.370E+013  1.903E-012  3.186E+009  9.539E+007
 2.390E+013  1.987E-012  3.186E+009  9.620E+007
 2.410E+013  2.077E-012  3.186E+009  9.701E+007
 2.430E+013  2.172E-012  3.186E+009  9.782E+007
 2.450E+013  2.273E-012  3.186E+009  9.862E+007
 2.470E+013  2.380E-012  3.186E+009  9.943E+007
 2.490E+013  2.494E-012  3.186E+009  1.002E+008
 2.510E+013  2.613E-012  3.186E+009  1.011E+008
 2.530E+013  2.739E-012  3.186E+009  1.019E+008
 2.550E+013  2.872E-012  3.186E+009  1.027E+008
 2.570E+013  3.012E-012  3.186E+009  1.035E+008
 2.590E+013  3.159E-012  3.186E+009  1.043E+008
 2.610E+013  3.313E-012  3.186E+009  1.051E+008
 2.630E+013  3.474E-012  3.186E+009  1.059E+008
 2.650E+013  3.642E-012  3.186E+009  1.067E+008
 2.670E+013  3.818E-012  3.186E+009  1.075E+008
 2.690E+013  4.001E-012  3.186E+009  1.083E+008
 2.710E+013  4.191E-012  3.186E+009  1.091E+008
 2.730E+013  4.388E-012  3.186E+009  1.099E+008
 2.750E+013  4.591E-012  3.186E+009  1.108E+008
 2.770E+013  4.801E-012  3.186E+009  1.116E+008
 2.790E+013  5.018E-012  3.186E+009  1.124E+008
 2.810E+013  5.241E-012  3.186E+009  1.132E+008
 2.830E+013  5.469E-012  3.186E+009  1.140E+008
 2.850E+013  5.703E-012  3.186E+009  1.148E+008
 2.870E+013  5.942E-012  3.186E+009  1.156E+008
 2.890E+013  6.186E-012  3.186E+009  1.164E+008
 2.910E+013  6.435E-012  3.186E+009  1.172E+008
 2.930E+013  6.687E-012  3.186E+009  1.180E+008
 2.950E+013  6.944E-012  3.186E+009  1.188E+008
 2.970E+013  7.204E-012  3.186E+009  1.196E+008
 2.990E+013  7.467E-012  3.186E+009  1.204E+008
 3.010E+013  7.734E-012  3.186E+009  1.212E+008
 3.030E+013  8.003E-012  3.186E+009  1.221E+008
 3.050E+013  8.275E-012  3.186E+009  1.229E+008
 3.070E+013  8.549E-012  3.186E+009  1.237E+008
 3.090E+013  8.826E-012  3.186E+009  1.245E+008
 3.110E+013  9.105E-012  3.186E+009  1.253E+008
 3.130E+013  9.386E-012  3.186E+009  1.261E+008
 3.150E+013  9.669E-012  3.186E+009  1.269E+008
 3.170E+013  9.955E-012  3.186E+009  1.277E+008
 3.190E+013  1.024E-011  3.186E+009  1.285E+008
 3.210E+013  1.053E-011  3.186E+009  1.293E+008
 3.230E+013  1.083E-011  3.186E+009  1.301E+008
 3.250E+013  1.112E-011  3.186E+009  1.309E+008
 3.270E+013  1.142E-011  3.186E+009  1.317E+008
 3.290E+013  1.172E-011  3.186E+009  1.326E+008
 3.310E+013  1.202E-011  3.186E+009  1.334E+008
 3.330E+013  1.233E-011  3.186E+009  1.342E+008
 3.350E+013  1.264E-011  3.186E+009  1.350E+008
 3.370E+013  1.296E-011  3.186E+009  1.358E+008
 3.390E+013  1.328E-011  3.186E+009  1.366E+008
 3.410E+013  1.360E-011  3.186E+009  1.374E+008
 3.430E+013  1.393E-011  3.186E+009  1.382E+008
 3.450E+013  1.426E-011  3.186E+009  1.390E+008
 3.470E+013  1.460E-011  3.186E+009  1.398E+008
 3.490E+013  1.495E-011  3.186E+009  1.406E+008
 3.510E+013  1.530E-011  3.186E+009  1.414E+008
 3.530E+013  1.566E-011  3.186E+009  1.422E+008
 3.550E+013  1.602E-011  3.186E+009  1.431E+008
 3.570E+013  1.640E-011  3.186E+009  1.439E+008
 3.590E+013  1.678E-011  3.186E+009  1.447E+008
 3.610E+013  1.716E-011  3.186E+009  1.455E+008
 3.630E+013  1.756E-011  3.186E+009  1.463E+008
 3.650E+013  1.797E-011  3.186E+009  1.471E+008
 3.670E+013  1.838E-011  3.186E+009  1.479E+008
 3.690E+013  1.880E-011  3.186E+009  1.487E+008
 3.710E+013  1.924E-011  3.186E+009  1.495E+008
 3.730E+013  1.968E-011  3.186E+009  1.503E+008
 3.750E+013  2.013E-011  3.186E+009  1.511E+008
 3.770E+013  2.060E-011  3.186E+009  1.519E+008
 3.790E+013  2.108E-011  3.186E+009  1.528E+008
 3.810E+013  2.156E-011  3.186E+009  1.536E+008
 3.830E+013  2.206E-011  3.186E+009  1.544E+008
 3.850E+013  2.257E-011  3.186E+009  1.552E+008
 3.870E+013  2.310E-011  3.186E+009  1.560E+008
 3.890E+013  2.364E-011  3.186E+009  1.568E+008
 3.910E+013  2.419E-011  3.186E+009  1.576E+008
 3.930E+013  2.475E-011  3.186E+009  1.584E+008
 3.950E+013  2.533E-011  3.186E+009  1.592E+008
 3.970E+013  2.592E-011  3.186E+009  1.600E+008
 3.990E+013  2.652E-011  3.186E+009  1.608E+008
 4.010E+013  2.714E-011  3.186E+009  1.616E+008
 4.030E+013  2.777E-011  3.186E+009  1.625E+008
 4.050E+013  2.841E-011  3.186E+009  1.633E+008
 4.070E+013  2.907E-011  3.186E+009  1.641E+008
 4.090E+013  2.975E-011  3.186E+009  1.649E+008
 4.110E+013  3.044E-011  3.186E+009  1.657E+008
 4.130E+013  3.114E-011  3.186E+009  1.665E+008
 4.150E+013  3.185E-011  3.186E+009  1.673E+008
 4.170E+013  3.258E-011  3.186E+009  1.681E+008
 4.190E+013  3.333E-011  3.186E+009  1.689E+008
 4.210E+013  3.409E-011  3.186E+009  1.697E+008
 4.230E+013  3.486E-011  3.186E+009  1.705E+008
 4.250E+013  3.565E-011  3.186E+009  1.714E+008
 4.270E+013  3.644E-011  3.186E+009  1.722E+008
 4.290E+013  3.726E-011  3.186E+009  1.730E+008
 4.310E+013  3.808E-011  3.186E+009  1.738E+008
 4.330E+013  3.892E-011  3.186E+009  1.746E+008
 4.350E+013  3.977E-011  3.186E+009  1.754E+008
 4.370E+013  4.064E-011  3.186E+009  1.762E+008
 4.390E+013  4.152E-011  3.186E+009  1.770E+008
 4.410E+013  4.241E-011  3.187E+009  1.778E+008
 4.430E+013  4.331E-011  3.187E+009  1.786E+008
 4.450E+013  4.423E-011  3.187E+009  1.794E+008
 4.470E+013  4.516E-011  3.187E+009  1.802E+008
 4.490E+013  4.610E-011  3.187E+009  1.811E+008
 4.510E+013  4.705E-011  3.187E+009  1.819E+008
 4.530E+013  4.802E-011  3.187E+009  1.827E+008
 4.550E+013  4.900E-011  3.187E+009  1.835E+008
 4.570E+013  4.999E-011  3.187E+009  1.843E+008
 4.590E+013  5.100E-011  3.187E+009  1.851E+008
 4.610E+013  5.202E-011  3.187E+009  1.859E+008
 4.630E+013  5.306E-011  3.187E+009  1.867E+008
 4.650E+013  5.410E-011  3.187E+009  1.875E+008
 4.670E+013  5.517E-011  3.187E+009  1.883E+008
 4.690E+013  5.624E-011  3.187E+009  1.891E+008
 4.710E+013  5.734E-011  3.187E+009  1.900E+008
 4.730E+013  5.844E-011  3.187E+009  1.908E+008
 4.750E+013  5.957E-011  3.187E+009  1.916E+008
 4.770E+013  6.071E-011  3.187E+009  1.924E+008
 4.790E+013  6.187E-011  3.187E+009  1.932E+008
 4.810E+013  6.304E-011  3.187E+009  1.940E+008
 4.830E+013  6.424E-011  3.187E+009  1.948E+008
 4.850E+013  6.545E-011  3.187E+009  1.956E+008
 4.870E+013  6.668E-011  3.187E+009  1.964E+008
 4.890E+013  6.793E-011  3.187E+009  1.972E+008
 4.910E+013  6.920E-011  3.187E+009  1.981E+008
 4.930E+013  7.050E-011  3.188E+009  1.989E+008
 4.950E+013  7.181E-011  3.188E+009  1.997E+008
 4.970E+013  7.315E-011  3.188E+009  2.005E+008
 4.990E+013  7.451E-011  3.188E+009  2.013E+008
 5.010E+013  7.589E-011  3.188E+009  2.021E+008
 5.030E+013  7.729E-011  3.188E+009  2.029E+008
 5.050E+013  7.872E-011  3.188E+009  2.037E+008
 5.070E+013  8.018E-011  3.188E+009  2.045E+008
 5.090E+013  8.166E-011  3.188E+009  2.054E+008
 5.110E+013  8.317E-011  3.188E+009  2.062E+008
 5.130E+013  8.470E-011  3.188E+009  2.070E+008
 5.150E+013  8.626E-011  3.188E+009  2.078E+008
 5.170E+013  8.785E-011  3.188E+009  2.086E+008
 5.190E+013  8.946E-011  3.188E+009  2.094E+008
 5.210E+013  9.110E-011  3.188E+009  2.102E+008
 5.230E+013  9.277E-011  3.188E+009  2.110E+008
 5.250E+013  9.447E-011  3.189E+009  2.119E+008
 5.270E+013  9.620E-011  3.189E+009  2.127E+008
 5.290E+013  9.796E-011  3.189E+009  2.135E+008
 5.310E+013  9.974E-011  3.189E+009  2.143E+008
 5.330E+013  1.016E-010  3.189E+009  2.151E+008
 5.350E+013  1.034E-010  3.189E+009  2.159E+008
 5.370E+013  1.053E-010  3.189E+009  2.167E+008
 5.390E+013  1.072E-010  3.189E+009  2.175E+008
 5.410E+013  1.091E-010  3.189E+009  2.182E+008
 5.430E+013  1.111E-010  3.190E+009  2.189E+008
 5.450E+013  1.131E-010  3.190E+009  2.195E+008
 5.470E+013  1.151E-010  3.191E+009  2.197E+008
 5.490E+013  1.173E-010  3.194E+009  2.190E+008
 5.510E+013  1.195E-010  3.201E+009  2.157E+008
 5.530E+013  1.221E-010  3.222E+009  2.042E+008
 5.550E+013  1.257E-010  3.283E+009  1.686E+008
 5.570E+013  1.313E-010  3.427E+009  7.353E+007
 5.590E+013  1.395E-010  3.674E+009 -1.139E+008
 5.610E+013  1.483E-010  3.940E+009 -3.514E+008
 5.630E+013  1.545E-010  4.082E+009 -5.225E+008
 5.650E+013  1.569E-010  4.052E+009 -5.553E+008
 5.670E+013  1.574E-010  3.945E+009 -4.817E+008
 5.690E+013  1.589E-010  3.880E+009 -3.969E+008
 5.710E+013  1.622E-010  3.890E+009 -3.690E+008
 5.730E+013  1.671E-010  3.961E+009 -3.975E+008
 5.750E+013  1.727E-010  4.054E+009 -4.595E+008
 5.770E+013  1.778E-010  4.120E+009 -5.165E+008
 5.790E+013  1.817E-010  4.139E+009 -5.403E+008
 5.810E+013  1.848E-010  4.122E+009 -5.326E+008
 5.830E+013  1.875E-010  4.091E+009 -5.060E+008
 5.850E+013  1.904E-010  4.067E+009 -4.777E+008
 5.870E+013  1.938E-010  4.060E+009 -4.593E+008
 5.890E+013  1.977E-010  4.067E+009 -4.535E+008
 5.910E+013  2.019E-010  4.085E+009 -4.562E+008
 5.930E+013  2.063E-010  4.108E+009 -4.641E+008
 5.950E+013  2.108E-010  4.128E+009 -4.728E+008
 5.970E+013  2.152E-010  4.142E+009 -4.779E+008
 5.990E+013  2.194E-010  4.150E+009 -4.782E+008
 6.010E+013  2.236E-010  4.153E+009 -4.749E+008
 6.030E+013  2.278E-010  4.155E+009 -4.697E+008
 6.050E+013  2.321E-010  4.159E+009 -4.649E+008
 6.070E+013  2.366E-010  4.167E+009 -4.621E+008
 6.090E+013  2.412E-010  4.177E+009 -4.613E+008
 6.110E+013  2.460E-010  4.187E+009 -4.613E+008
 6.130E+013  2.508E-010  4.197E+009 -4.613E+008
 6.150E+013  2.556E-010  4.206E+009 -4.606E+008
 6.170E+013  2.604E-010  4.213E+009 -4.589E+008
 6.190E+013  2.653E-010  4.220E+009 -4.567E+008
 6.210E+013  2.703E-010  4.227E+009 -4.542E+008
 6.230E+013  2.754E-010  4.235E+009 -4.521E+008
 6.250E+013  2.806E-010  4.243E+009 -4.504E+008
 6.270E+013  2.859E-010  4.252E+009 -4.490E+008
 6.290E+013  2.912E-010  4.261E+009 -4.476E+008
 6.310E+013  2.967E-010  4.269E+009 -4.460E+008
 6.330E+013  3.022E-010  4.277E+009 -4.444E+008
 6.350E+013  3.078E-010  4.286E+009 -4.426E+008
 6.370E+013  3.134E-010  4.294E+009 -4.409E+008
 6.390E+013  3.192E-010  4.302E+009 -4.391E+008
 6.410E+013  3.250E-010  4.311E+009 -4.374E+008
 6.430E+013  3.310E-010  4.319E+009 -4.357E+008
 6.450E+013  3.370E-010  4.328E+009 -4.341E+008
 6.470E+013  3.431E-010  4.337E+009 -4.324E+008
 6.490E+013  3.493E-010  4.345E+009 -4.307E+008
 6.510E+013  3.556E-010  4.354E+009 -4.290E+008
 6.530E+013  3.620E-010  4.363E+009 -4.273E+008
 6.550E+013  3.685E-010  4.372E+009 -4.255E+008
 6.570E+013  3.750E-010  4.381E+009 -4.238E+008
 6.590E+013  3.817E-010  4.389E+009 -4.221E+008
 6.610E+013  3.885E-010  4.398E+009 -4.204E+008
 6.630E+013  3.954E-010  4.407E+009 -4.187E+008
 6.650E+013  4.024E-010  4.417E+009 -4.170E+008
 6.670E+013  4.095E-010  4.426E+009 -4.153E+008
 6.690E+013  4.167E-010  4.435E+009 -4.136E+008
 6.710E+013  4.240E-010  4.444E+009 -4.119E+008
 6.730E+013  4.314E-010  4.454E+009 -4.103E+008
 6.750E+013  4.389E-010  4.463E+009 -4.086E+008
 6.770E+013  4.466E-010  4.472E+009 -4.069E+008
 6.790E+013  4.544E-010  4.482E+009 -4.052E+008
 6.810E+013  4.623E-010  4.492E+009 -4.036E+008
 6.830E+013  4.703E-010  4.501E+009 -4.019E+008
 6.850E+013  4.784E-010  4.511E+009 -4.002E+008
 6.870E+013  4.867E-010  4.521E+009 -3.986E+008
 6.890E+013  4.951E-010  4.531E+009 -3.969E+008
 6.910E+013  5.036E-010  4.541E+009 -3.953E+008
 6.930E+013  5.123E-010  4.551E+009 -3.936E+008
 6.950E+013  5.211E-010  4.561E+009 -3.920E+008
 6.970E+013  5.301E-010  4.571E+009 -3.904E+008
 6.990E+013  5.392E-010  4.581E+009 -3.888E+008
 7.010E+013  5.484E-010  4.591E+009 -3.872E+008
 7.030E+013  5.578E-010  4.602E+009 -3.856E+008
 7.050E+013  5.673E-010  4.612E+009 -3.840E+008
 7.070E+013  5.770E-010  4.623E+009 -3.824E+008
 7.090E+013  5.868E-010  4.633E+009 -3.808E+008
 7.110E+013  5.968E-010  4.644E+009 -3.792E+008
 7.130E+013  6.069E-010  4.655E+009 -3.776E+008
 7.150E+013  6.172E-010  4.666E+009 -3.761E+008
 7.170E+013  6.277E-010  4.677E+009 -3.745E+008
 7.190E+013  6.383E-010  4.688E+009 -3.730E+008
 7.210E+013  6.491E-010  4.699E+009 -3.714E+008
 7.230E+013  6.601E-010  4.710E+009 -3.699E+008
 7.250E+013  6.712E-010  4.722E+009 -3.684E+008
 7.270E+013  6.825E-010  4.733E+009 -3.669E+008
 7.290E+013  6.940E-010  4.745E+009 -3.654E+008
 7.310E+013  7.056E-010  4.756E+009 -3.639E+008
 7.330E+013  7.175E-010  4.768E+009 -3.624E+008
 7.350E+013  7.295E-010  4.780E+009 -3.609E+008
 7.370E+013  7.417E-010  4.792E+009 -3.594E+008
 7.390E+013  7.541E-010  4.804E+009 -3.580E+008
 7.410E+013  7.666E-010  4.816E+009 -3.565E+008
 7.430E+013  7.794E-010  4.829E+009 -3.551E+008
 7.450E+013  7.924E-010  4.841E+009 -3.536E+008
 7.470E+013  8.055E-010  4.854E+009 -3.522E+008
 7.490E+013  8.189E-010  4.866E+009 -3.508E+008
 7.510E+013  8.324E-010  4.879E+009 -3.493E+008
 7.530E+013  8.462E-010  4.892E+009 -3.479E+008
 7.550E+013  8.602E-010  4.905E+009 -3.465E+008
 7.570E+013  8.744E-010  4.918E+009 -3.451E+008
 7.590E+013  8.888E-010  4.931E+009 -3.438E+008
 7.610E+013  9.034E-010  4.945E+009 -3.424E+008
 7.630E+013  9.182E-010  4.958E+009 -3.410E+008
 7.650E+013  9.332E-010  4.972E+009 -3.397E+008
 7.670E+013  9.485E-010  4.986E+009 -3.383E+008
 7.690E+013  9.640E-010  4.999E+009 -3.370E+008
 7.710E+013  9.798E-010  5.013E+009 -3.356E+008
 7.730E+013  9.957E-010  5.028E+009 -3.343E+008
 7.750E+013  1.012E-009  5.042E+009 -3.330E+008
 7.770E+013  1.028E-009  5.056E+009 -3.317E+008
 7.790E+013  1.045E-009  5.071E+009 -3.304E+008
 7.810E+013  1.062E-009  5.086E+009 -3.291E+008
 7.830E+013  1.079E-009  5.101E+009 -3.278E+008
 7.850E+013  1.097E-009  5.116E+009 -3.265E+008
 7.870E+013  1.114E-009  5.131E+009 -3.253E+008
 7.890E+013  1.132E-009  5.146E+009 -3.240E+008
 7.910E+013  1.151E-009  5.162E+009 -3.228E+008
 7.930E+013  1.169E-009  5.178E+009 -3.215E+008
 7.950E+013  1.188E-009  5.193E+009 -3.203E+008
 7.970E+013  1.207E-009  5.209E+009 -3.191E+008
 7.990E+013  1.227E-009  5.226E+009 -3.179E+008
 8.010E+013  1.246E-009  5.242E+009 -3.167E+008
 8.030E+013  1.266E-009  5.258E+009 -3.155E+008
 8.050E+013  1.286E-009  5.275E+009 -3.143E+008
 8.070E+013  1.307E-009  5.292E+009 -3.131E+008
 8.090E+013  1.328E-009  5.309E+009 -3.119E+008
 8.110E+013  1.349E-009  5.326E+009 -3.108E+008
 8.130E+013  1.371E-009  5.344E+009 -3.096E+008
 8.150E+013  1.393E-009  5.361E+009 -3.085E+008
 8.170E+013  1.415E-009  5.379E+009 -3.074E+008
 8.190E+013  1.437E-009  5.397E+009 -3.062E+008
 8.210E+013  1.460E-009  5.415E+009 -3.051E+008
 8.230E+013  1.484E-009  5.434E+009 -3.040E+008
 8.250E+013  1.507E-009  5.452E+009 -3.029E+008
 8.270E+013  1.531E-009  5.471E+009 -3.018E+008
 8.290E+013  1.556E-009  5.490E+009 -3.007E+008
 8.310E+013  1.580E-009  5.509E+009 -2.997E+008
 8.330E+013  1.606E-009  5.529E+009 -2.986E+008
 8.350E+013  1.631E-009  5.548E+009 -2.975E+008
 8.370E+013  1.657E-009  5.568E+009 -2.965E+008
 8.390E+013  1.683E-009  5.588E+009 -2.955E+008
 8.410E+013  1.710E-009  5.608E+009 -2.944E+008
 8.430E+013  1.737E-009  5.629E+009 -2.934E+008
 8.450E+013  1.765E-009  5.650E+009 -2.924E+008
 8.470E+013  1.793E-009  5.671E+009 -2.914E+008
 8.490E+013  1.822E-009  5.692E+009 -2.904E+008
 8.510E+013  1.851E-009  5.713E+009 -2.894E+008
 8.530E+013  1.880E-009  5.735E+009 -2.884E+008
 8.550E+013  1.910E-009  5.757E+009 -2.875E+008
 8.570E+013  1.940E-009  5.779E+009 -2.865E+008
 8.590E+013  1.971E-009  5.802E+009 -2.856E+008
 8.610E+013  2.003E-009  5.825E+009 -2.846E+008
 8.630E+013  2.034E-009  5.848E+009 -2.837E+008
 8.650E+013  2.067E-009  5.871E+009 -2.828E+008
 8.670E+013  2.100E-009  5.894E+009 -2.818E+008
 8.690E+013  2.133E-009  5.918E+009 -2.809E+008
 8.710E+013  2.167E-009  5.941E+009 -2.800E+008
 8.730E+013  2.201E-009  5.965E+009 -2.789E+008
 8.750E+013  2.236E-009  5.987E+009 -2.778E+008
 8.770E+013  2.270E-009  6.008E+009 -2.763E+008
 8.790E+013  2.305E-009  6.026E+009 -2.745E+008
 8.810E+013  2.339E-009  6.040E+009 -2.721E+008
 8.830E+013  2.372E-009  6.049E+009 -2.689E+008
 8.850E+013  2.405E-009  6.053E+009 -2.650E+008
 8.870E+013  2.436E-009  6.053E+009 -2.601E+008
 8.890E+013  2.467E-009  6.049E+009 -2.547E+008
 8.910E+013  2.498E-009  6.043E+009 -2.489E+008
 8.930E+013  2.530E-009  6.038E+009 -2.430E+008
 8.950E+013  2.562E-009  6.035E+009 -2.373E+008
 8.970E+013  2.595E-009  6.035E+009 -2.321E+008
 8.990E+013  2.629E-009  6.036E+009 -2.273E+008
 9.010E+013  2.663E-009  6.038E+009 -2.227E+008
 9.030E+013  2.698E-009  6.039E+009 -2.181E+008
 9.050E+013  2.732E-009  6.038E+009 -2.133E+008
 9.070E+013  2.766E-009  6.036E+009 -2.082E+008
 9.090E+013  2.801E-009  6.034E+009 -2.031E+008
 9.110E+013  2.836E-009  6.033E+009 -1.981E+008
 9.130E+013  2.872E-009  6.033E+009 -1.933E+008
 9.150E+013  2.908E-009  6.034E+009 -1.886E+008
 9.170E+013  2.944E-009  6.033E+009 -1.839E+008
 9.190E+013  2.981E-009  6.032E+009 -1.791E+008
 9.210E+013  3.017E-009  6.031E+009 -1.742E+008
 9.230E+013  3.054E-009  6.030E+009 -1.694E+008
 9.250E+013  3.092E-009  6.030E+009 -1.648E+008
 9.270E+013  3.130E-009  6.029E+009 -1.602E+008
 9.290E+013  3.168E-009  6.028E+009 -1.555E+008
 9.310E+013  3.207E-009  6.027E+009 -1.508E+008
 9.330E+013  3.245E-009  6.027E+009 -1.461E+008
 9.350E+013  3.285E-009  6.026E+009 -1.415E+008
 9.370E+013  3.324E-009  6.026E+009 -1.370E+008
 9.390E+013  3.364E-009  6.025E+009 -1.324E+008
 9.410E+013  3.404E-009  6.024E+009 -1.278E+008
 9.430E+013  3.445E-009  6.023E+009 -1.233E+008
 9.450E+013  3.486E-009  6.023E+009 -1.188E+008
 9.470E+013  3.527E-009  6.022E+009 -1.143E+008
 9.490E+013  3.569E-009  6.021E+009 -1.098E+008
 9.510E+013  3.611E-009  6.021E+009 -1.054E+008
 9.530E+013  3.654E-009  6.020E+009 -1.010E+008
 9.550E+013  3.696E-009  6.019E+009 -9.655E+007
 9.570E+013  3.740E-009  6.019E+009 -9.215E+007
 9.590E+013  3.783E-009  6.018E+009 -8.779E+007
 9.610E+013  3.827E-009  6.017E+009 -8.344E+007
 9.630E+013  3.871E-009  6.017E+009 -7.908E+007
 9.650E+013  3.916E-009  6.016E+009 -7.477E+007
 9.670E+013  3.961E-009  6.016E+009 -7.048E+007
 9.690E+013  4.007E-009  6.015E+009 -6.618E+007
 9.710E+013  4.053E-009  6.015E+009 -6.192E+007
 9.730E+013  4.099E-009  6.014E+009 -5.768E+007
 9.750E+013  4.146E-009  6.014E+009 -5.344E+007
 9.770E+013  4.193E-009  6.013E+009 -4.923E+007
 9.790E+013  4.240E-009  6.013E+009 -4.504E+007
 9.810E+013  4.288E-009  6.012E+009 -4.085E+007
 9.830E+013  4.337E-009  6.012E+009 -3.670E+007
 9.850E+013  4.385E-009  6.012E+009 -3.256E+007
 9.870E+013  4.435E-009  6.012E+009 -2.842E+007
 9.890E+013  4.484E-009  6.011E+009 -2.432E+007
 9.910E+013  4.534E-009  6.011E+009 -2.022E+007
 9.930E+013  4.584E-009  6.011E+009 -1.615E+007
 9.950E+013  4.635E-009  6.011E+009 -1.208E+007
 9.970E+013  4.694E-009  6.011E+009 -8.041E+006
 9.990E+013  4.765E-009  6.011E+009 -4.012E+006
 1.001E+014  1.000E-099  1.000E-099 -0.000E+000
 1.003E+014  1.000E-099  1.000E-099 -0.000E+000
 1.903E-003
