 1.980E+005
     x1b        dens       energ       v1
 1.000E+011  1.426E-013  3.857E+008  0.000E+000
 3.000E+011  1.435E-013  3.857E+008  1.801E+006
 5.000E+011  1.460E-013  3.857E+008  3.571E+006
 7.000E+011  1.498E-013  3.857E+008  5.366E+006
 9.000E+011  1.541E-013  3.857E+008  7.152E+006
 1.100E+012  1.581E-013  3.857E+008  8.941E+006
 1.300E+012  1.610E-013  3.857E+008  1.073E+007
 1.500E+012  1.628E-013  3.857E+008  1.252E+007
 1.700E+012  1.640E-013  3.857E+008  1.431E+007
 1.900E+012  1.648E-013  3.857E+008  1.610E+007
 2.100E+012  1.654E-013  3.857E+008  1.789E+007
 2.300E+012  1.661E-013  3.857E+008  1.968E+007
 2.500E+012  1.669E-013  3.857E+008  2.147E+007
 2.700E+012  1.678E-013  3.857E+008  2.327E+007
 2.900E+012  1.688E-013  3.857E+008  2.506E+007
 3.100E+012  1.699E-013  3.857E+008  2.686E+007
 3.300E+012  1.710E-013  3.857E+008  2.866E+007
 3.500E+012  1.722E-013  3.857E+008  3.046E+007
 3.700E+012  1.733E-013  3.857E+008  3.226E+007
 3.900E+012  1.745E-013  3.857E+008  3.407E+007
 4.100E+012  1.756E-013  3.857E+008  3.587E+007
 4.300E+012  1.767E-013  3.857E+008  3.768E+007
 4.500E+012  1.779E-013  3.857E+008  3.949E+007
 4.700E+012  1.791E-013  3.857E+008  4.130E+007
 4.900E+012  1.803E-013  3.857E+008  4.311E+007
 5.100E+012  1.815E-013  3.857E+008  4.492E+007
 5.300E+012  1.828E-013  3.857E+008  4.674E+007
 5.500E+012  1.840E-013  3.857E+008  4.856E+007
 5.700E+012  1.853E-013  3.857E+008  5.038E+007
 5.900E+012  1.866E-013  3.857E+008  5.220E+007
 6.100E+012  1.878E-013  3.857E+008  5.402E+007
 6.300E+012  1.891E-013  3.857E+008  5.584E+007
 6.500E+012  1.904E-013  3.857E+008  5.767E+007
 6.700E+012  1.916E-013  3.857E+008  5.950E+007
 6.900E+012  1.929E-013  3.857E+008  6.132E+007
 7.100E+012  1.941E-013  3.857E+008  6.315E+007
 7.300E+012  1.953E-013  3.857E+008  6.498E+007
 7.500E+012  1.965E-013  3.857E+008  6.681E+007
 7.700E+012  1.976E-013  3.857E+008  6.864E+007
 7.900E+012  1.988E-013  3.857E+008  7.047E+007
 8.100E+012  1.998E-013  3.857E+008  7.230E+007
 8.300E+012  2.009E-013  3.857E+008  7.413E+007
 8.500E+012  2.018E-013  3.857E+008  7.596E+007
 8.700E+012  2.027E-013  3.857E+008  7.778E+007
 8.900E+012  2.034E-013  3.857E+008  7.961E+007
 9.100E+012  2.041E-013  3.857E+008  8.143E+007
 9.300E+012  2.046E-013  3.857E+008  8.325E+007
 9.500E+012  2.050E-013  3.857E+008  8.507E+007
 9.700E+012  2.053E-013  3.857E+008  8.689E+007
 9.900E+012  2.054E-013  3.857E+008  8.870E+007
 1.010E+013  2.055E-013  3.857E+008  9.052E+007
 1.030E+013  2.056E-013  3.857E+008  9.232E+007
 1.050E+013  2.056E-013  3.857E+008  9.413E+007
 1.070E+013  2.056E-013  3.857E+008  9.593E+007
 1.090E+013  2.056E-013  3.857E+008  9.773E+007
 1.110E+013  2.056E-013  3.857E+008  9.952E+007
 1.130E+013  2.056E-013  3.857E+008  1.013E+008
 1.150E+013  2.056E-013  3.857E+008  1.031E+008
 1.170E+013  2.055E-013  3.857E+008  1.049E+008
 1.190E+013  2.055E-013  3.857E+008  1.066E+008
 1.210E+013  2.055E-013  3.857E+008  1.084E+008
 1.230E+013  2.055E-013  3.857E+008  1.102E+008
 1.250E+013  2.055E-013  3.857E+008  1.119E+008
 1.270E+013  2.054E-013  3.857E+008  1.137E+008
 1.290E+013  2.054E-013  3.857E+008  1.154E+008
 1.310E+013  2.054E-013  3.857E+008  1.172E+008
 1.330E+013  2.053E-013  3.857E+008  1.189E+008
 1.350E+013  2.053E-013  3.857E+008  1.206E+008
 1.370E+013  2.052E-013  3.857E+008  1.224E+008
 1.390E+013  2.052E-013  3.857E+008  1.241E+008
 1.410E+013  2.051E-013  3.857E+008  1.258E+008
 1.430E+013  2.050E-013  3.857E+008  1.275E+008
 1.450E+013  2.050E-013  3.857E+008  1.292E+008
 1.470E+013  2.049E-013  3.857E+008  1.309E+008
 1.490E+013  2.048E-013  3.857E+008  1.325E+008
 1.510E+013  2.047E-013  3.857E+008  1.342E+008
 1.530E+013  2.047E-013  3.857E+008  1.359E+008
 1.550E+013  2.046E-013  3.857E+008  1.376E+008
 1.570E+013  2.045E-013  3.857E+008  1.392E+008
 1.590E+013  2.045E-013  3.857E+008  1.409E+008
 1.610E+013  2.045E-013  3.857E+008  1.425E+008
 1.630E+013  2.045E-013  3.857E+008  1.442E+008
 1.650E+013  2.045E-013  3.857E+008  1.458E+008
 1.670E+013  2.045E-013  3.857E+008  1.474E+008
 1.690E+013  2.045E-013  3.857E+008  1.490E+008
 1.710E+013  2.045E-013  3.857E+008  1.506E+008
 1.730E+013  2.045E-013  3.857E+008  1.522E+008
 1.750E+013  2.045E-013  3.857E+008  1.538E+008
 1.770E+013  2.045E-013  3.857E+008  1.554E+008
 1.790E+013  2.045E-013  3.857E+008  1.570E+008
 1.810E+013  2.045E-013  3.857E+008  1.586E+008
 1.830E+013  2.046E-013  3.857E+008  1.602E+008
 1.850E+013  2.046E-013  3.857E+008  1.617E+008
 1.870E+013  2.046E-013  3.857E+008  1.633E+008
 1.890E+013  2.047E-013  3.857E+008  1.649E+008
 1.910E+013  2.047E-013  3.857E+008  1.664E+008
 1.930E+013  2.048E-013  3.857E+008  1.680E+008
 1.950E+013  2.049E-013  3.857E+008  1.695E+008
 1.970E+013  2.050E-013  3.857E+008  1.710E+008
 1.990E+013  2.051E-013  3.857E+008  1.725E+008
 2.010E+013  2.052E-013  3.857E+008  1.741E+008
 2.030E+013  2.054E-013  3.857E+008  1.756E+008
 2.050E+013  2.055E-013  3.857E+008  1.771E+008
 2.070E+013  2.057E-013  3.857E+008  1.786E+008
 2.090E+013  2.059E-013  3.857E+008  1.801E+008
 2.110E+013  2.061E-013  3.857E+008  1.815E+008
 2.130E+013  2.064E-013  3.857E+008  1.830E+008
 2.150E+013  2.067E-013  3.857E+008  1.845E+008
 2.170E+013  2.070E-013  3.857E+008  1.860E+008
 2.190E+013  2.073E-013  3.857E+008  1.874E+008
 2.210E+013  2.077E-013  3.857E+008  1.889E+008
 2.230E+013  2.081E-013  3.857E+008  1.903E+008
 2.250E+013  2.085E-013  3.857E+008  1.917E+008
 2.270E+013  2.090E-013  3.857E+008  1.932E+008
 2.290E+013  2.095E-013  3.857E+008  1.946E+008
 2.310E+013  2.101E-013  3.857E+008  1.960E+008
 2.330E+013  2.107E-013  3.857E+008  1.974E+008
 2.350E+013  2.113E-013  3.857E+008  1.988E+008
 2.370E+013  2.120E-013  3.857E+008  2.002E+008
 2.390E+013  2.128E-013  3.857E+008  2.016E+008
 2.410E+013  2.136E-013  3.857E+008  2.030E+008
 2.430E+013  2.144E-013  3.857E+008  2.044E+008
 2.450E+013  2.154E-013  3.857E+008  2.058E+008
 2.470E+013  2.163E-013  3.857E+008  2.071E+008
 2.490E+013  2.174E-013  3.857E+008  2.085E+008
 2.510E+013  2.185E-013  3.857E+008  2.098E+008
 2.530E+013  2.196E-013  3.857E+008  2.112E+008
 2.550E+013  2.209E-013  3.857E+008  2.125E+008
 2.570E+013  2.222E-013  3.857E+008  2.139E+008
 2.590E+013  2.236E-013  3.857E+008  2.152E+008
 2.610E+013  2.251E-013  3.857E+008  2.165E+008
 2.630E+013  2.266E-013  3.857E+008  2.178E+008
 2.650E+013  2.282E-013  3.857E+008  2.191E+008
 2.670E+013  2.300E-013  3.857E+008  2.204E+008
 2.690E+013  2.318E-013  3.857E+008  2.217E+008
 2.710E+013  2.337E-013  3.857E+008  2.230E+008
 2.730E+013  2.358E-013  3.857E+008  2.243E+008
 2.750E+013  2.379E-013  3.857E+008  2.256E+008
 2.770E+013  2.401E-013  3.857E+008  2.269E+008
 2.790E+013  2.425E-013  3.857E+008  2.281E+008
 2.810E+013  2.450E-013  3.857E+008  2.294E+008
 2.830E+013  2.476E-013  3.857E+008  2.306E+008
 2.850E+013  2.503E-013  3.857E+008  2.319E+008
 2.870E+013  2.532E-013  3.857E+008  2.331E+008
 2.890E+013  2.562E-013  3.857E+008  2.344E+008
 2.910E+013  2.593E-013  3.857E+008  2.356E+008
 2.930E+013  2.626E-013  3.857E+008  2.368E+008
 2.950E+013  2.661E-013  3.857E+008  2.381E+008
 2.970E+013  2.697E-013  3.857E+008  2.393E+008
 2.990E+013  2.735E-013  3.857E+008  2.405E+008
 3.010E+013  2.775E-013  3.857E+008  2.417E+008
 3.030E+013  2.817E-013  3.857E+008  2.429E+008
 3.050E+013  2.861E-013  3.857E+008  2.441E+008
 3.070E+013  2.906E-013  3.857E+008  2.453E+008
 3.090E+013  2.954E-013  3.857E+008  2.465E+008
 3.110E+013  3.004E-013  3.857E+008  2.476E+008
 3.130E+013  3.057E-013  3.857E+008  2.488E+008
 3.150E+013  3.111E-013  3.857E+008  2.500E+008
 3.170E+013  3.169E-013  3.857E+008  2.512E+008
 3.190E+013  3.228E-013  3.857E+008  2.523E+008
 3.210E+013  3.291E-013  3.857E+008  2.535E+008
 3.230E+013  3.356E-013  3.857E+008  2.546E+008
 3.250E+013  3.425E-013  3.857E+008  2.558E+008
 3.270E+013  3.496E-013  3.857E+008  2.569E+008
 3.290E+013  3.571E-013  3.856E+008  2.581E+008
 3.310E+013  3.649E-013  3.856E+008  2.592E+008
 3.330E+013  3.730E-013  3.856E+008  2.603E+008
 3.350E+013  3.815E-013  3.856E+008  2.615E+008
 3.370E+013  3.904E-013  3.856E+008  2.626E+008
 3.390E+013  3.997E-013  3.856E+008  2.637E+008
 3.410E+013  4.093E-013  3.856E+008  2.648E+008
 3.430E+013  4.194E-013  3.856E+008  2.659E+008
 3.450E+013  4.300E-013  3.856E+008  2.670E+008
 3.470E+013  4.410E-013  3.856E+008  2.681E+008
 3.490E+013  4.524E-013  3.856E+008  2.692E+008
 3.510E+013  4.644E-013  3.856E+008  2.703E+008
 3.530E+013  4.768E-013  3.856E+008  2.714E+008
 3.550E+013  4.898E-013  3.856E+008  2.725E+008
 3.570E+013  5.033E-013  3.856E+008  2.736E+008
 3.590E+013  5.174E-013  3.856E+008  2.746E+008
 3.610E+013  5.321E-013  3.856E+008  2.757E+008
 3.630E+013  5.474E-013  3.856E+008  2.768E+008
 3.650E+013  5.633E-013  3.856E+008  2.778E+008
 3.670E+013  5.798E-013  3.856E+008  2.789E+008
 3.690E+013  5.970E-013  3.856E+008  2.800E+008
 3.710E+013  6.148E-013  3.856E+008  2.810E+008
 3.730E+013  6.334E-013  3.856E+008  2.821E+008
 3.750E+013  6.527E-013  3.856E+008  2.832E+008
 3.770E+013  6.727E-013  3.856E+008  2.842E+008
 3.790E+013  6.934E-013  3.855E+008  2.853E+008
 3.810E+013  7.149E-013  3.855E+008  2.863E+008
 3.830E+013  7.373E-013  3.855E+008  2.874E+008
 3.850E+013  7.604E-013  3.855E+008  2.884E+008
 3.870E+013  7.843E-013  3.855E+008  2.895E+008
 3.890E+013  8.090E-013  3.855E+008  2.905E+008
 3.910E+013  8.346E-013  3.855E+008  2.916E+008
 3.930E+013  8.610E-013  3.855E+008  2.927E+008
 3.950E+013  8.883E-013  3.855E+008  2.937E+008
 3.970E+013  9.164E-013  3.855E+008  2.948E+008
 3.990E+013  9.454E-013  3.855E+008  2.958E+008
 4.010E+013  9.753E-013  3.855E+008  2.969E+008
 4.030E+013  1.006E-012  3.855E+008  2.980E+008
 4.050E+013  1.038E-012  3.855E+008  2.991E+008
 4.070E+013  1.070E-012  3.854E+008  3.001E+008
 4.090E+013  1.104E-012  3.854E+008  3.012E+008
 4.110E+013  1.138E-012  3.854E+008  3.023E+008
 4.130E+013  1.173E-012  3.854E+008  3.034E+008
 4.150E+013  1.209E-012  3.854E+008  3.046E+008
 4.170E+013  1.246E-012  3.854E+008  3.057E+008
 4.190E+013  1.283E-012  3.854E+008  3.068E+008
 4.210E+013  1.322E-012  3.854E+008  3.080E+008
 4.230E+013  1.361E-012  3.854E+008  3.091E+008
 4.250E+013  1.401E-012  3.854E+008  3.103E+008
 4.270E+013  1.441E-012  3.854E+008  3.115E+008
 4.290E+013  1.483E-012  3.853E+008  3.127E+008
 4.310E+013  1.525E-012  3.853E+008  3.139E+008
 4.330E+013  1.568E-012  3.853E+008  3.151E+008
 4.350E+013  1.611E-012  3.853E+008  3.164E+008
 4.370E+013  1.655E-012  3.853E+008  3.176E+008
 4.390E+013  1.700E-012  3.853E+008  3.189E+008
 4.410E+013  1.745E-012  3.853E+008  3.202E+008
 4.430E+013  1.791E-012  3.853E+008  3.215E+008
 4.450E+013  1.837E-012  3.853E+008  3.229E+008
 4.470E+013  1.884E-012  3.853E+008  3.243E+008
 4.490E+013  1.931E-012  3.853E+008  3.257E+008
 4.510E+013  1.978E-012  3.853E+008  3.271E+008
 4.530E+013  2.026E-012  3.853E+008  3.286E+008
 4.550E+013  2.075E-012  3.853E+008  3.301E+008
 4.570E+013  2.124E-012  3.852E+008  3.316E+008
 4.590E+013  2.173E-012  3.852E+008  3.331E+008
 4.610E+013  2.223E-012  3.852E+008  3.347E+008
 4.630E+013  2.272E-012  3.852E+008  3.363E+008
 4.650E+013  2.323E-012  3.852E+008  3.379E+008
 4.670E+013  2.373E-012  3.852E+008  3.396E+008
 4.690E+013  2.424E-012  3.852E+008  3.413E+008
 4.710E+013  2.475E-012  3.852E+008  3.431E+008
 4.730E+013  2.526E-012  3.852E+008  3.448E+008
 4.750E+013  2.578E-012  3.852E+008  3.467E+008
 4.770E+013  2.630E-012  3.853E+008  3.485E+008
 4.790E+013  2.682E-012  3.853E+008  3.504E+008
 4.810E+013  2.735E-012  3.853E+008  3.523E+008
 4.830E+013  2.787E-012  3.853E+008  3.543E+008
 4.850E+013  2.840E-012  3.853E+008  3.563E+008
 4.870E+013  2.894E-012  3.853E+008  3.583E+008
 4.890E+013  2.947E-012  3.853E+008  3.604E+008
 4.910E+013  3.001E-012  3.853E+008  3.625E+008
 4.930E+013  3.055E-012  3.854E+008  3.646E+008
 4.950E+013  3.110E-012  3.854E+008  3.668E+008
 4.970E+013  3.165E-012  3.854E+008  3.690E+008
 4.990E+013  3.220E-012  3.854E+008  3.713E+008
 5.010E+013  3.276E-012  3.855E+008  3.736E+008
 5.030E+013  3.332E-012  3.855E+008  3.759E+008
 5.050E+013  3.388E-012  3.855E+008  3.783E+008
 5.070E+013  3.445E-012  3.856E+008  3.807E+008
 5.090E+013  3.502E-012  3.856E+008  3.831E+008
 5.110E+013  3.560E-012  3.857E+008  3.856E+008
 5.130E+013  3.619E-012  3.857E+008  3.881E+008
 5.150E+013  3.677E-012  3.858E+008  3.907E+008
 5.170E+013  3.737E-012  3.858E+008  3.932E+008
 5.190E+013  3.797E-012  3.859E+008  3.959E+008
 5.210E+013  3.857E-012  3.859E+008  3.985E+008
 5.230E+013  3.919E-012  3.860E+008  4.012E+008
 5.250E+013  3.981E-012  3.860E+008  4.039E+008
 5.270E+013  4.043E-012  3.861E+008  4.066E+008
 5.290E+013  4.106E-012  3.862E+008  4.094E+008
 5.310E+013  4.170E-012  3.862E+008  4.122E+008
 5.330E+013  4.235E-012  3.863E+008  4.151E+008
 5.350E+013  4.301E-012  3.864E+008  4.179E+008
 5.370E+013  4.367E-012  3.865E+008  4.208E+008
 5.390E+013  4.434E-012  3.866E+008  4.238E+008
 5.410E+013  4.502E-012  3.866E+008  4.267E+008
 5.430E+013  4.572E-012  3.867E+008  4.297E+008
 5.450E+013  4.642E-012  3.868E+008  4.327E+008
 5.470E+013  4.712E-012  3.869E+008  4.357E+008
 5.490E+013  4.784E-012  3.870E+008  4.387E+008
 5.510E+013  4.857E-012  3.871E+008  4.418E+008
 5.530E+013  4.932E-012  3.872E+008  4.449E+008
 5.550E+013  5.007E-012  3.873E+008  4.480E+008
 5.570E+013  5.083E-012  3.874E+008  4.511E+008
 5.590E+013  5.160E-012  3.875E+008  4.542E+008
 5.610E+013  5.239E-012  3.876E+008  4.574E+008
 5.630E+013  5.319E-012  3.877E+008  4.605E+008
 5.650E+013  5.400E-012  3.878E+008  4.637E+008
 5.670E+013  5.482E-012  3.879E+008  4.668E+008
 5.690E+013  5.566E-012  3.880E+008  4.700E+008
 5.710E+013  5.651E-012  3.881E+008  4.732E+008
 5.730E+013  5.737E-012  3.882E+008  4.763E+008
 5.750E+013  5.825E-012  3.883E+008  4.795E+008
 5.770E+013  5.914E-012  3.884E+008  4.827E+008
 5.790E+013  6.005E-012  3.885E+008  4.859E+008
 5.810E+013  6.097E-012  3.886E+008  4.891E+008
 5.830E+013  6.191E-012  3.887E+008  4.922E+008
 5.850E+013  6.286E-012  3.888E+008  4.954E+008
 5.870E+013  6.382E-012  3.889E+008  4.986E+008
 5.890E+013  6.481E-012  3.890E+008  5.017E+008
 5.910E+013  6.580E-012  3.891E+008  5.048E+008
 5.930E+013  6.682E-012  3.892E+008  5.080E+008
 5.950E+013  6.785E-012  3.893E+008  5.111E+008
 5.970E+013  6.889E-012  3.895E+008  5.142E+008
 5.990E+013  6.996E-012  3.896E+008  5.173E+008
 6.010E+013  7.104E-012  3.897E+008  5.204E+008
 6.030E+013  7.214E-012  3.898E+008  5.235E+008
 6.050E+013  7.325E-012  3.899E+008  5.265E+008
 6.070E+013  7.438E-012  3.900E+008  5.296E+008
 6.090E+013  7.553E-012  3.901E+008  5.327E+008
 6.110E+013  7.670E-012  3.902E+008  5.357E+008
 6.130E+013  7.788E-012  3.903E+008  5.387E+008
 6.150E+013  7.908E-012  3.904E+008  5.418E+008
 6.170E+013  8.030E-012  3.905E+008  5.448E+008
 6.190E+013  8.154E-012  3.905E+008  5.478E+008
 6.210E+013  8.280E-012  3.906E+008  5.509E+008
 6.230E+013  8.407E-012  3.907E+008  5.539E+008
 6.250E+013  8.536E-012  3.908E+008  5.570E+008
 6.270E+013  8.667E-012  3.909E+008  5.600E+008
 6.290E+013  8.800E-012  3.910E+008  5.631E+008
 6.310E+013  8.934E-012  3.911E+008  5.661E+008
 6.330E+013  9.071E-012  3.912E+008  5.692E+008
 6.350E+013  9.209E-012  3.913E+008  5.722E+008
 6.370E+013  9.349E-012  3.914E+008  5.753E+008
 6.390E+013  9.490E-012  3.915E+008  5.784E+008
 6.410E+013  9.634E-012  3.916E+008  5.814E+008
 6.430E+013  9.779E-012  3.917E+008  5.845E+008
 6.450E+013  9.926E-012  3.918E+008  5.875E+008
 6.470E+013  1.007E-011  3.919E+008  5.905E+008
 6.490E+013  1.022E-011  3.920E+008  5.935E+008
 6.510E+013  1.038E-011  3.920E+008  5.965E+008
 6.530E+013  1.053E-011  3.921E+008  5.995E+008
 6.550E+013  1.069E-011  3.922E+008  6.024E+008
 6.570E+013  1.084E-011  3.922E+008  6.053E+008
 6.590E+013  1.100E-011  3.923E+008  6.082E+008
 6.610E+013  1.116E-011  3.924E+008  6.110E+008
 6.630E+013  1.132E-011  3.924E+008  6.138E+008
 6.650E+013  1.149E-011  3.924E+008  6.166E+008
 6.670E+013  1.165E-011  3.925E+008  6.194E+008
 6.690E+013  1.182E-011  3.925E+008  6.221E+008
 6.710E+013  1.198E-011  3.926E+008  6.249E+008
 6.730E+013  1.215E-011  3.926E+008  6.277E+008
 6.750E+013  1.232E-011  3.926E+008  6.304E+008
 6.770E+013  1.250E-011  3.927E+008  6.332E+008
 6.790E+013  1.267E-011  3.927E+008  6.360E+008
 6.810E+013  1.285E-011  3.927E+008  6.387E+008
 6.830E+013  1.302E-011  3.927E+008  6.415E+008
 6.850E+013  1.320E-011  3.927E+008  6.443E+008
 6.870E+013  1.338E-011  3.928E+008  6.470E+008
 6.890E+013  1.356E-011  3.928E+008  6.498E+008
 6.910E+013  1.375E-011  3.927E+008  6.524E+008
 6.930E+013  1.393E-011  3.927E+008  6.550E+008
 6.950E+013  1.411E-011  3.927E+008  6.576E+008
 6.970E+013  1.430E-011  3.926E+008  6.600E+008
 6.990E+013  1.449E-011  3.926E+008  6.623E+008
 7.010E+013  1.468E-011  3.925E+008  6.645E+008
 7.030E+013  1.487E-011  3.923E+008  6.666E+008
 7.050E+013  1.506E-011  3.922E+008  6.686E+008
 7.070E+013  1.525E-011  3.921E+008  6.705E+008
 7.090E+013  1.545E-011  3.919E+008  6.722E+008
 7.110E+013  1.564E-011  3.917E+008  6.739E+008
 7.130E+013  1.584E-011  3.915E+008  6.755E+008
 7.150E+013  1.603E-011  3.913E+008  6.770E+008
 7.170E+013  1.623E-011  3.911E+008  6.785E+008
 7.190E+013  1.643E-011  3.908E+008  6.800E+008
 7.210E+013  1.663E-011  3.906E+008  6.815E+008
 7.230E+013  1.684E-011  3.903E+008  6.831E+008
 7.250E+013  1.704E-011  3.901E+008  6.847E+008
 7.270E+013  1.725E-011  3.899E+008  6.864E+008
 7.290E+013  1.746E-011  3.896E+008  6.882E+008
 7.310E+013  1.767E-011  3.894E+008  6.901E+008
 7.330E+013  1.788E-011  3.892E+008  6.921E+008
 7.350E+013  1.810E-011  3.890E+008  6.942E+008
 7.370E+013  1.832E-011  3.888E+008  6.965E+008
 7.390E+013  1.854E-011  3.886E+008  6.989E+008
 7.410E+013  1.876E-011  3.884E+008  7.015E+008
 7.430E+013  1.899E-011  3.882E+008  7.043E+008
 7.450E+013  1.921E-011  3.881E+008  7.071E+008
 7.470E+013  1.944E-011  3.879E+008  7.101E+008
 7.490E+013  1.968E-011  3.878E+008  7.133E+008
 7.510E+013  1.991E-011  3.877E+008  7.166E+008
 7.530E+013  2.015E-011  3.876E+008  7.200E+008
 7.550E+013  2.039E-011  3.874E+008  7.236E+008
 7.570E+013  2.064E-011  3.873E+008  7.273E+008
 7.590E+013  2.088E-011  3.873E+008  7.311E+008
 7.610E+013  2.113E-011  3.872E+008  7.350E+008
 7.630E+013  2.139E-011  3.871E+008  7.390E+008
 7.650E+013  2.164E-011  3.870E+008  7.431E+008
 7.670E+013  2.190E-011  3.869E+008  7.474E+008
 7.690E+013  2.216E-011  3.869E+008  7.517E+008
 7.710E+013  2.243E-011  3.868E+008  7.560E+008
 7.730E+013  2.270E-011  3.867E+008  7.605E+008
 7.750E+013  2.297E-011  3.866E+008  7.650E+008
 7.770E+013  2.324E-011  3.865E+008  7.695E+008
 7.790E+013  2.351E-011  3.864E+008  7.741E+008
 7.810E+013  2.379E-011  3.863E+008  7.787E+008
 7.830E+013  2.407E-011  3.862E+008  7.834E+008
 7.850E+013  2.436E-011  3.861E+008  7.881E+008
 7.870E+013  2.465E-011  3.860E+008  7.928E+008
 7.890E+013  2.494E-011  3.859E+008  7.976E+008
 7.910E+013  2.523E-011  3.857E+008  8.024E+008
 7.930E+013  2.552E-011  3.856E+008  8.073E+008
 7.950E+013  2.582E-011  3.855E+008  8.122E+008
 7.970E+013  2.612E-011  3.853E+008  8.172E+008
 7.990E+013  2.643E-011  3.851E+008  8.222E+008
 8.010E+013  2.674E-011  3.850E+008  8.273E+008
 8.030E+013  2.705E-011  3.848E+008  8.325E+008
 8.050E+013  2.736E-011  3.846E+008  8.377E+008
 8.070E+013  2.767E-011  3.844E+008  8.431E+008
 8.090E+013  2.799E-011  3.842E+008  8.485E+008
 8.110E+013  2.832E-011  3.840E+008  8.540E+008
 8.130E+013  2.864E-011  3.838E+008  8.596E+008
 8.150E+013  2.897E-011  3.836E+008  8.654E+008
 8.170E+013  2.930E-011  3.834E+008  8.712E+008
 8.190E+013  2.963E-011  3.831E+008  8.772E+008
 8.210E+013  2.997E-011  3.829E+008  8.832E+008
 8.230E+013  3.030E-011  3.826E+008  8.893E+008
 8.250E+013  3.064E-011  3.823E+008  8.955E+008
 8.270E+013  3.099E-011  3.820E+008  9.017E+008
 8.290E+013  3.133E-011  3.817E+008  9.079E+008
 8.310E+013  3.168E-011  3.813E+008  9.139E+008
 8.330E+013  3.202E-011  3.809E+008  9.199E+008
 8.350E+013  3.237E-011  3.805E+008  9.257E+008
 8.370E+013  3.272E-011  3.800E+008  9.312E+008
 8.390E+013  3.307E-011  3.795E+008  9.364E+008
 8.410E+013  3.342E-011  3.790E+008  9.413E+008
 8.430E+013  3.378E-011  3.785E+008  9.457E+008
 8.450E+013  3.413E-011  3.780E+008  9.496E+008
 8.470E+013  3.449E-011  3.775E+008  9.529E+008
 8.490E+013  3.486E-011  3.770E+008  9.556E+008
 8.510E+013  3.522E-011  3.765E+008  9.577E+008
 8.530E+013  3.560E-011  3.761E+008  9.591E+008
 8.550E+013  3.598E-011  3.758E+008  9.597E+008
 8.570E+013  3.636E-011  3.754E+008  9.596E+008
 8.590E+013  3.675E-011  3.752E+008  9.591E+008
 8.610E+013  3.715E-011  3.750E+008  9.581E+008
 8.630E+013  3.755E-011  3.748E+008  9.567E+008
 8.650E+013  3.795E-011  3.745E+008  9.552E+008
 8.670E+013  3.836E-011  3.743E+008  9.538E+008
 8.690E+013  3.876E-011  3.740E+008  9.526E+008
 8.710E+013  3.917E-011  3.737E+008  9.515E+008
 8.730E+013  3.958E-011  3.734E+008  9.507E+008
 8.750E+013  3.999E-011  3.731E+008  9.501E+008
 8.770E+013  4.040E-011  3.727E+008  9.497E+008
 8.790E+013  4.082E-011  3.724E+008  9.493E+008
 8.810E+013  4.125E-011  3.721E+008  9.491E+008
 8.830E+013  4.168E-011  3.719E+008  9.488E+008
 8.850E+013  4.211E-011  3.717E+008  9.486E+008
 8.870E+013  4.255E-011  3.715E+008  9.484E+008
 8.890E+013  4.300E-011  3.713E+008  9.482E+008
 8.910E+013  4.344E-011  3.712E+008  9.481E+008
 8.930E+013  4.390E-011  3.710E+008  9.481E+008
 8.950E+013  4.436E-011  3.709E+008  9.482E+008
 8.970E+013  4.482E-011  3.708E+008  9.484E+008
 8.990E+013  4.528E-011  3.706E+008  9.486E+008
 9.010E+013  4.575E-011  3.705E+008  9.489E+008
 9.030E+013  4.623E-011  3.704E+008  9.493E+008
 9.050E+013  4.671E-011  3.703E+008  9.496E+008
 9.070E+013  4.719E-011  3.702E+008  9.500E+008
 9.090E+013  4.767E-011  3.701E+008  9.504E+008
 9.110E+013  4.817E-011  3.700E+008  9.508E+008
 9.130E+013  4.866E-011  3.699E+008  9.512E+008
 9.150E+013  4.916E-011  3.699E+008  9.516E+008
 9.170E+013  4.966E-011  3.698E+008  9.520E+008
 9.190E+013  5.017E-011  3.697E+008  9.524E+008
 9.210E+013  5.068E-011  3.696E+008  9.529E+008
 9.230E+013  5.120E-011  3.695E+008  9.533E+008
 9.250E+013  5.172E-011  3.694E+008  9.537E+008
 9.270E+013  5.224E-011  3.694E+008  9.541E+008
 9.290E+013  5.277E-011  3.693E+008  9.545E+008
 9.310E+013  5.330E-011  3.692E+008  9.549E+008
 9.330E+013  5.383E-011  3.691E+008  9.552E+008
 9.350E+013  5.437E-011  3.690E+008  9.556E+008
 9.370E+013  5.491E-011  3.689E+008  9.559E+008
 9.390E+013  5.546E-011  3.688E+008  9.563E+008
 9.410E+013  5.601E-011  3.687E+008  9.566E+008
 9.430E+013  5.657E-011  3.686E+008  9.569E+008
 9.450E+013  5.713E-011  3.686E+008  9.572E+008
 9.470E+013  5.769E-011  3.685E+008  9.575E+008
 9.490E+013  5.826E-011  3.684E+008  9.578E+008
 9.510E+013  5.883E-011  3.683E+008  9.581E+008
 9.530E+013  5.941E-011  3.682E+008  9.584E+008
 9.550E+013  5.999E-011  3.681E+008  9.586E+008
 9.570E+013  6.057E-011  3.680E+008  9.588E+008
 9.590E+013  6.116E-011  3.679E+008  9.591E+008
 9.610E+013  6.176E-011  3.678E+008  9.593E+008
 9.630E+013  6.235E-011  3.677E+008  9.595E+008
 9.650E+013  6.295E-011  3.676E+008  9.597E+008
 9.670E+013  6.356E-011  3.675E+008  9.599E+008
 9.690E+013  6.417E-011  3.674E+008  9.600E+008
 9.710E+013  6.479E-011  3.673E+008  9.602E+008
 9.730E+013  6.541E-011  3.672E+008  9.603E+008
 9.750E+013  6.603E-011  3.671E+008  9.605E+008
 9.770E+013  6.666E-011  3.670E+008  9.606E+008
 9.790E+013  6.729E-011  3.669E+008  9.607E+008
 9.810E+013  6.793E-011  3.668E+008  9.608E+008
 9.830E+013  6.857E-011  3.667E+008  9.610E+008
 9.850E+013  6.922E-011  3.666E+008  9.611E+008
 9.870E+013  6.987E-011  3.665E+008  9.612E+008
 9.890E+013  7.052E-011  3.664E+008  9.613E+008
 9.910E+013  7.118E-011  3.663E+008  9.614E+008
 9.930E+013  7.184E-011  3.662E+008  9.615E+008
 9.950E+013  7.253E-011  3.661E+008  9.616E+008
 9.970E+013  7.313E-011  3.660E+008  9.617E+008
 9.990E+013  7.421E-011  3.659E+008  9.618E+008
 1.001E+014  1.000E-099  1.000E-099  9.618E+008
 1.003E+014  1.000E-099  1.000E-099  9.618E+008
 6.279E-003
