 2.400E+004
     x1b        dens       energ       v1
 1.000E+011  1.155E-012  9.669E+009  0.000E+000
 3.000E+011  1.156E-012  9.669E+009  2.143E+006
 5.000E+011  1.157E-012  9.669E+009  3.987E+006
 7.000E+011  1.159E-012  9.669E+009  6.079E+006
 9.000E+011  1.162E-012  9.669E+009  8.060E+006
 1.100E+012  1.167E-012  9.669E+009  1.010E+007
 1.300E+012  1.174E-012  9.669E+009  1.211E+007
 1.500E+012  1.182E-012  9.669E+009  1.413E+007
 1.700E+012  1.192E-012  9.669E+009  1.615E+007
 1.900E+012  1.203E-012  9.669E+009  1.817E+007
 2.100E+012  1.216E-012  9.669E+009  2.018E+007
 2.300E+012  1.230E-012  9.669E+009  2.220E+007
 2.500E+012  1.245E-012  9.669E+009  2.422E+007
 2.700E+012  1.260E-012  9.669E+009  2.624E+007
 2.900E+012  1.276E-012  9.669E+009  2.826E+007
 3.100E+012  1.291E-012  9.669E+009  3.028E+007
 3.300E+012  1.307E-012  9.669E+009  3.229E+007
 3.500E+012  1.324E-012  9.669E+009  3.431E+007
 3.700E+012  1.339E-012  9.669E+009  3.633E+007
 3.900E+012  1.355E-012  9.669E+009  3.835E+007
 4.100E+012  1.370E-012  9.669E+009  4.037E+007
 4.300E+012  1.384E-012  9.669E+009  4.239E+007
 4.500E+012  1.397E-012  9.669E+009  4.440E+007
 4.700E+012  1.407E-012  9.669E+009  4.642E+007
 4.900E+012  1.414E-012  9.669E+009  4.844E+007
 5.100E+012  1.418E-012  9.669E+009  5.046E+007
 5.300E+012  1.419E-012  9.669E+009  5.248E+007
 5.500E+012  1.420E-012  9.669E+009  5.449E+007
 5.700E+012  1.420E-012  9.669E+009  5.651E+007
 5.900E+012  1.420E-012  9.669E+009  5.853E+007
 6.100E+012  1.419E-012  9.669E+009  6.055E+007
 6.300E+012  1.419E-012  9.669E+009  6.257E+007
 6.500E+012  1.419E-012  9.669E+009  6.459E+007
 6.700E+012  1.419E-012  9.669E+009  6.660E+007
 6.900E+012  1.419E-012  9.669E+009  6.862E+007
 7.100E+012  1.418E-012  9.669E+009  7.064E+007
 7.300E+012  1.417E-012  9.669E+009  7.266E+007
 7.500E+012  1.416E-012  9.669E+009  7.468E+007
 7.700E+012  1.415E-012  9.669E+009  7.670E+007
 7.900E+012  1.414E-012  9.669E+009  7.871E+007
 8.100E+012  1.413E-012  9.669E+009  8.073E+007
 8.300E+012  1.412E-012  9.669E+009  8.275E+007
 8.500E+012  1.412E-012  9.669E+009  8.477E+007
 8.700E+012  1.412E-012  9.669E+009  8.679E+007
 8.900E+012  1.412E-012  9.669E+009  8.881E+007
 9.100E+012  1.412E-012  9.669E+009  9.082E+007
 9.300E+012  1.412E-012  9.669E+009  9.284E+007
 9.500E+012  1.412E-012  9.669E+009  9.486E+007
 9.700E+012  1.413E-012  9.669E+009  9.688E+007
 9.900E+012  1.413E-012  9.669E+009  9.890E+007
 1.010E+013  1.414E-012  9.669E+009  1.009E+008
 1.030E+013  1.415E-012  9.669E+009  1.029E+008
 1.050E+013  1.417E-012  9.669E+009  1.050E+008
 1.070E+013  1.418E-012  9.669E+009  1.070E+008
 1.090E+013  1.421E-012  9.669E+009  1.090E+008
 1.110E+013  1.424E-012  9.669E+009  1.110E+008
 1.130E+013  1.427E-012  9.669E+009  1.130E+008
 1.150E+013  1.432E-012  9.669E+009  1.150E+008
 1.170E+013  1.437E-012  9.669E+009  1.171E+008
 1.190E+013  1.443E-012  9.669E+009  1.191E+008
 1.210E+013  1.450E-012  9.669E+009  1.211E+008
 1.230E+013  1.458E-012  9.669E+009  1.231E+008
 1.250E+013  1.467E-012  9.669E+009  1.251E+008
 1.270E+013  1.478E-012  9.669E+009  1.272E+008
 1.290E+013  1.490E-012  9.669E+009  1.292E+008
 1.310E+013  1.503E-012  9.669E+009  1.312E+008
 1.330E+013  1.518E-012  9.669E+009  1.332E+008
 1.350E+013  1.535E-012  9.669E+009  1.352E+008
 1.370E+013  1.554E-012  9.669E+009  1.372E+008
 1.390E+013  1.575E-012  9.669E+009  1.393E+008
 1.410E+013  1.598E-012  9.669E+009  1.413E+008
 1.430E+013  1.624E-012  9.669E+009  1.433E+008
 1.450E+013  1.652E-012  9.669E+009  1.453E+008
 1.470E+013  1.683E-012  9.669E+009  1.473E+008
 1.490E+013  1.717E-012  9.669E+009  1.494E+008
 1.510E+013  1.755E-012  9.669E+009  1.514E+008
 1.530E+013  1.796E-012  9.669E+009  1.534E+008
 1.550E+013  1.841E-012  9.669E+009  1.554E+008
 1.570E+013  1.890E-012  9.669E+009  1.574E+008
 1.590E+013  1.944E-012  9.669E+009  1.595E+008
 1.610E+013  2.002E-012  9.669E+009  1.615E+008
 1.630E+013  2.066E-012  9.669E+009  1.635E+008
 1.650E+013  2.136E-012  9.669E+009  1.655E+008
 1.670E+013  2.211E-012  9.669E+009  1.676E+008
 1.690E+013  2.294E-012  9.669E+009  1.696E+008
 1.710E+013  2.384E-012  9.669E+009  1.716E+008
 1.730E+013  2.481E-012  9.669E+009  1.736E+008
 1.750E+013  2.587E-012  9.669E+009  1.756E+008
 1.770E+013  2.702E-012  9.669E+009  1.777E+008
 1.790E+013  2.827E-012  9.669E+009  1.797E+008
 1.810E+013  2.963E-012  9.669E+009  1.817E+008
 1.830E+013  3.110E-012  9.669E+009  1.837E+008
 1.850E+013  3.269E-012  9.669E+009  1.858E+008
 1.870E+013  3.441E-012  9.669E+009  1.878E+008
 1.890E+013  3.628E-012  9.669E+009  1.898E+008
 1.910E+013  3.829E-012  9.669E+009  1.918E+008
 1.930E+013  4.046E-012  9.669E+009  1.938E+008
 1.950E+013  4.279E-012  9.669E+009  1.959E+008
 1.970E+013  4.530E-012  9.669E+009  1.979E+008
 1.990E+013  4.800E-012  9.669E+009  1.999E+008
 2.010E+013  5.089E-012  9.669E+009  2.019E+008
 2.030E+013  5.397E-012  9.669E+009  2.040E+008
 2.050E+013  5.727E-012  9.669E+009  2.060E+008
 2.070E+013  6.077E-012  9.669E+009  2.080E+008
 2.090E+013  6.449E-012  9.669E+009  2.100E+008
 2.110E+013  6.843E-012  9.669E+009  2.120E+008
 2.130E+013  7.259E-012  9.669E+009  2.141E+008
 2.150E+013  7.697E-012  9.669E+009  2.161E+008
 2.170E+013  8.156E-012  9.669E+009  2.181E+008
 2.190E+013  8.636E-012  9.669E+009  2.201E+008
 2.210E+013  9.137E-012  9.669E+009  2.221E+008
 2.230E+013  9.657E-012  9.669E+009  2.241E+008
 2.250E+013  1.020E-011  9.669E+009  2.262E+008
 2.270E+013  1.075E-011  9.669E+009  2.282E+008
 2.290E+013  1.133E-011  9.669E+009  2.302E+008
 2.310E+013  1.191E-011  9.669E+009  2.322E+008
 2.330E+013  1.252E-011  9.669E+009  2.342E+008
 2.350E+013  1.313E-011  9.669E+009  2.362E+008
 2.370E+013  1.376E-011  9.669E+009  2.382E+008
 2.390E+013  1.439E-011  9.669E+009  2.403E+008
 2.410E+013  1.504E-011  9.669E+009  2.423E+008
 2.430E+013  1.569E-011  9.669E+009  2.443E+008
 2.450E+013  1.636E-011  9.669E+009  2.463E+008
 2.470E+013  1.703E-011  9.669E+009  2.483E+008
 2.490E+013  1.770E-011  9.670E+009  2.503E+008
 2.510E+013  1.839E-011  9.670E+009  2.524E+008
 2.530E+013  1.908E-011  9.670E+009  2.544E+008
 2.550E+013  1.977E-011  9.670E+009  2.564E+008
 2.570E+013  2.048E-011  9.670E+009  2.584E+008
 2.590E+013  2.119E-011  9.670E+009  2.604E+008
 2.610E+013  2.191E-011  9.670E+009  2.624E+008
 2.630E+013  2.264E-011  9.670E+009  2.645E+008
 2.650E+013  2.338E-011  9.670E+009  2.665E+008
 2.670E+013  2.413E-011  9.670E+009  2.685E+008
 2.690E+013  2.489E-011  9.670E+009  2.705E+008
 2.710E+013  2.566E-011  9.670E+009  2.725E+008
 2.730E+013  2.644E-011  9.670E+009  2.745E+008
 2.750E+013  2.724E-011  9.670E+009  2.766E+008
 2.770E+013  2.806E-011  9.670E+009  2.786E+008
 2.790E+013  2.889E-011  9.670E+009  2.806E+008
 2.810E+013  2.975E-011  9.670E+009  2.826E+008
 2.830E+013  3.062E-011  9.671E+009  2.846E+008
 2.850E+013  3.151E-011  9.671E+009  2.867E+008
 2.870E+013  3.243E-011  9.671E+009  2.887E+008
 2.890E+013  3.337E-011  9.671E+009  2.907E+008
 2.910E+013  3.433E-011  9.671E+009  2.927E+008
 2.930E+013  3.532E-011  9.671E+009  2.947E+008
 2.950E+013  3.634E-011  9.671E+009  2.967E+008
 2.970E+013  3.739E-011  9.671E+009  2.988E+008
 2.990E+013  3.847E-011  9.671E+009  3.008E+008
 3.010E+013  3.959E-011  9.671E+009  3.028E+008
 3.030E+013  4.073E-011  9.672E+009  3.048E+008
 3.050E+013  4.191E-011  9.672E+009  3.068E+008
 3.070E+013  4.313E-011  9.672E+009  3.089E+008
 3.090E+013  4.438E-011  9.672E+009  3.109E+008
 3.110E+013  4.567E-011  9.672E+009  3.129E+008
 3.130E+013  4.701E-011  9.672E+009  3.149E+008
 3.150E+013  4.838E-011  9.672E+009  3.169E+008
 3.170E+013  4.979E-011  9.672E+009  3.190E+008
 3.190E+013  5.124E-011  9.673E+009  3.210E+008
 3.210E+013  5.274E-011  9.673E+009  3.230E+008
 3.230E+013  5.427E-011  9.673E+009  3.250E+008
 3.250E+013  5.585E-011  9.673E+009  3.270E+008
 3.270E+013  5.748E-011  9.673E+009  3.291E+008
 3.290E+013  5.914E-011  9.673E+009  3.311E+008
 3.310E+013  6.085E-011  9.674E+009  3.331E+008
 3.330E+013  6.261E-011  9.674E+009  3.351E+008
 3.350E+013  6.440E-011  9.674E+009  3.371E+008
 3.370E+013  6.624E-011  9.674E+009  3.392E+008
 3.390E+013  6.812E-011  9.674E+009  3.412E+008
 3.410E+013  7.004E-011  9.675E+009  3.432E+008
 3.430E+013  7.200E-011  9.675E+009  3.452E+008
 3.450E+013  7.400E-011  9.675E+009  3.472E+008
 3.470E+013  7.604E-011  9.675E+009  3.493E+008
 3.490E+013  7.812E-011  9.676E+009  3.513E+008
 3.510E+013  8.024E-011  9.676E+009  3.533E+008
 3.530E+013  8.240E-011  9.676E+009  3.553E+008
 3.550E+013  8.460E-011  9.677E+009  3.574E+008
 3.570E+013  8.684E-011  9.677E+009  3.594E+008
 3.590E+013  8.912E-011  9.677E+009  3.614E+008
 3.610E+013  9.143E-011  9.677E+009  3.634E+008
 3.630E+013  9.378E-011  9.678E+009  3.654E+008
 3.650E+013  9.618E-011  9.678E+009  3.675E+008
 3.670E+013  9.861E-011  9.678E+009  3.695E+008
 3.690E+013  1.011E-010  9.679E+009  3.715E+008
 3.710E+013  1.036E-010  9.679E+009  3.735E+008
 3.730E+013  1.062E-010  9.679E+009  3.755E+008
 3.750E+013  1.088E-010  9.680E+009  3.776E+008
 3.770E+013  1.114E-010  9.680E+009  3.796E+008
 3.790E+013  1.141E-010  9.681E+009  3.816E+008
 3.810E+013  1.169E-010  9.681E+009  3.836E+008
 3.830E+013  1.197E-010  9.682E+009  3.857E+008
 3.850E+013  1.225E-010  9.682E+009  3.877E+008
 3.870E+013  1.254E-010  9.682E+009  3.897E+008
 3.890E+013  1.284E-010  9.683E+009  3.917E+008
 3.910E+013  1.314E-010  9.683E+009  3.938E+008
 3.930E+013  1.345E-010  9.684E+009  3.958E+008
 3.950E+013  1.376E-010  9.684E+009  3.978E+008
 3.970E+013  1.409E-010  9.685E+009  3.998E+008
 3.990E+013  1.441E-010  9.685E+009  4.019E+008
 4.010E+013  1.475E-010  9.686E+009  4.039E+008
 4.030E+013  1.509E-010  9.687E+009  4.059E+008
 4.050E+013  1.544E-010  9.687E+009  4.079E+008
 4.070E+013  1.580E-010  9.688E+009  4.100E+008
 4.090E+013  1.616E-010  9.688E+009  4.120E+008
 4.110E+013  1.654E-010  9.689E+009  4.140E+008
 4.130E+013  1.692E-010  9.690E+009  4.160E+008
 4.150E+013  1.731E-010  9.690E+009  4.181E+008
 4.170E+013  1.771E-010  9.691E+009  4.201E+008
 4.190E+013  1.812E-010  9.692E+009  4.221E+008
 4.210E+013  1.853E-010  9.693E+009  4.242E+008
 4.230E+013  1.896E-010  9.693E+009  4.262E+008
 4.250E+013  1.939E-010  9.694E+009  4.282E+008
 4.270E+013  1.983E-010  9.695E+009  4.302E+008
 4.290E+013  2.028E-010  9.696E+009  4.323E+008
 4.310E+013  2.075E-010  9.697E+009  4.343E+008
 4.330E+013  2.122E-010  9.697E+009  4.363E+008
 4.350E+013  2.169E-010  9.698E+009  4.384E+008
 4.370E+013  2.218E-010  9.699E+009  4.404E+008
 4.390E+013  2.268E-010  9.700E+009  4.424E+008
 4.410E+013  2.319E-010  9.701E+009  4.444E+008
 4.430E+013  2.370E-010  9.702E+009  4.465E+008
 4.450E+013  2.423E-010  9.703E+009  4.485E+008
 4.470E+013  2.477E-010  9.704E+009  4.505E+008
 4.490E+013  2.531E-010  9.705E+009  4.526E+008
 4.510E+013  2.587E-010  9.706E+009  4.546E+008
 4.530E+013  2.643E-010  9.707E+009  4.566E+008
 4.550E+013  2.700E-010  9.709E+009  4.587E+008
 4.570E+013  2.759E-010  9.710E+009  4.607E+008
 4.590E+013  2.818E-010  9.711E+009  4.628E+008
 4.610E+013  2.879E-010  9.712E+009  4.648E+008
 4.630E+013  2.940E-010  9.714E+009  4.668E+008
 4.650E+013  3.002E-010  9.715E+009  4.689E+008
 4.670E+013  3.066E-010  9.716E+009  4.709E+008
 4.690E+013  3.130E-010  9.718E+009  4.729E+008
 4.710E+013  3.196E-010  9.719E+009  4.750E+008
 4.730E+013  3.263E-010  9.720E+009  4.770E+008
 4.750E+013  3.330E-010  9.722E+009  4.791E+008
 4.770E+013  3.399E-010  9.724E+009  4.811E+008
 4.790E+013  3.469E-010  9.725E+009  4.831E+008
 4.810E+013  3.540E-010  9.727E+009  4.852E+008
 4.830E+013  3.613E-010  9.728E+009  4.872E+008
 4.850E+013  3.686E-010  9.730E+009  4.893E+008
 4.870E+013  3.761E-010  9.732E+009  4.913E+008
 4.890E+013  3.836E-010  9.734E+009  4.934E+008
 4.910E+013  3.914E-010  9.735E+009  4.954E+008
 4.930E+013  3.992E-010  9.737E+009  4.974E+008
 4.950E+013  4.071E-010  9.739E+009  4.995E+008
 4.970E+013  4.152E-010  9.741E+009  5.015E+008
 4.990E+013  4.234E-010  9.743E+009  5.036E+008
 5.010E+013  4.317E-010  9.745E+009  5.056E+008
 5.030E+013  4.402E-010  9.747E+009  5.077E+008
 5.050E+013  4.488E-010  9.749E+009  5.097E+008
 5.070E+013  4.575E-010  9.752E+009  5.118E+008
 5.090E+013  4.664E-010  9.754E+009  5.138E+008
 5.110E+013  4.753E-010  9.756E+009  5.159E+008
 5.130E+013  4.845E-010  9.758E+009  5.180E+008
 5.150E+013  4.937E-010  9.761E+009  5.200E+008
 5.170E+013  5.031E-010  9.763E+009  5.221E+008
 5.190E+013  5.126E-010  9.766E+009  5.241E+008
 5.210E+013  5.223E-010  9.768E+009  5.262E+008
 5.230E+013  5.321E-010  9.771E+009  5.282E+008
 5.250E+013  5.420E-010  9.774E+009  5.303E+008
 5.270E+013  5.521E-010  9.777E+009  5.324E+008
 5.290E+013  5.624E-010  9.779E+009  5.344E+008
 5.310E+013  5.728E-010  9.782E+009  5.365E+008
 5.330E+013  5.833E-010  9.785E+009  5.386E+008
 5.350E+013  5.940E-010  9.788E+009  5.406E+008
 5.370E+013  6.048E-010  9.791E+009  5.427E+008
 5.390E+013  6.158E-010  9.794E+009  5.448E+008
 5.410E+013  6.270E-010  9.798E+009  5.468E+008
 5.430E+013  6.383E-010  9.801E+009  5.489E+008
 5.450E+013  6.498E-010  9.804E+009  5.510E+008
 5.470E+013  6.615E-010  9.808E+009  5.531E+008
 5.490E+013  6.733E-010  9.811E+009  5.551E+008
 5.510E+013  6.854E-010  9.815E+009  5.572E+008
 5.530E+013  6.975E-010  9.819E+009  5.593E+008
 5.550E+013  7.099E-010  9.822E+009  5.614E+008
 5.570E+013  7.225E-010  9.826E+009  5.635E+008
 5.590E+013  7.352E-010  9.830E+009  5.655E+008
 5.610E+013  7.482E-010  9.834E+009  5.676E+008
 5.630E+013  7.613E-010  9.838E+009  5.697E+008
 5.650E+013  7.747E-010  9.842E+009  5.718E+008
 5.670E+013  7.882E-010  9.847E+009  5.739E+008
 5.690E+013  8.020E-010  9.851E+009  5.760E+008
 5.710E+013  8.160E-010  9.855E+009  5.781E+008
 5.730E+013  8.301E-010  9.860E+009  5.802E+008
 5.750E+013  8.445E-010  9.865E+009  5.823E+008
 5.770E+013  8.592E-010  9.869E+009  5.844E+008
 5.790E+013  8.740E-010  9.874E+009  5.865E+008
 5.810E+013  8.891E-010  9.879E+009  5.886E+008
 5.830E+013  9.044E-010  9.884E+009  5.907E+008
 5.850E+013  9.199E-010  9.889E+009  5.928E+008
 5.870E+013  9.356E-010  9.894E+009  5.949E+008
 5.890E+013  9.516E-010  9.900E+009  5.970E+008
 5.910E+013  9.679E-010  9.905E+009  5.991E+008
 5.930E+013  9.843E-010  9.911E+009  6.012E+008
 5.950E+013  1.001E-009  9.917E+009  6.034E+008
 5.970E+013  1.018E-009  9.922E+009  6.055E+008
 5.990E+013  1.035E-009  9.928E+009  6.076E+008
 6.010E+013  1.053E-009  9.934E+009  6.097E+008
 6.030E+013  1.070E-009  9.941E+009  6.119E+008
 6.050E+013  1.088E-009  9.947E+009  6.140E+008
 6.070E+013  1.107E-009  9.953E+009  6.161E+008
 6.090E+013  1.125E-009  9.960E+009  6.183E+008
 6.110E+013  1.144E-009  9.967E+009  6.204E+008
 6.130E+013  1.163E-009  9.973E+009  6.225E+008
 6.150E+013  1.182E-009  9.980E+009  6.247E+008
 6.170E+013  1.202E-009  9.988E+009  6.268E+008
 6.190E+013  1.222E-009  9.995E+009  6.290E+008
 6.210E+013  1.242E-009  1.000E+010  6.311E+008
 6.230E+013  1.263E-009  1.001E+010  6.333E+008
 6.250E+013  1.283E-009  1.002E+010  6.355E+008
 6.270E+013  1.304E-009  1.003E+010  6.376E+008
 6.290E+013  1.326E-009  1.003E+010  6.398E+008
 6.310E+013  1.347E-009  1.004E+010  6.419E+008
 6.330E+013  1.369E-009  1.005E+010  6.441E+008
 6.350E+013  1.391E-009  1.006E+010  6.463E+008
 6.370E+013  1.414E-009  1.007E+010  6.485E+008
 6.390E+013  1.437E-009  1.008E+010  6.507E+008
 6.410E+013  1.460E-009  1.009E+010  6.528E+008
 6.430E+013  1.484E-009  1.009E+010  6.550E+008
 6.450E+013  1.507E-009  1.010E+010  6.572E+008
 6.470E+013  1.531E-009  1.011E+010  6.594E+008
 6.490E+013  1.556E-009  1.012E+010  6.616E+008
 6.510E+013  1.581E-009  1.013E+010  6.638E+008
 6.530E+013  1.606E-009  1.014E+010  6.660E+008
 6.550E+013  1.631E-009  1.015E+010  6.682E+008
 6.570E+013  1.657E-009  1.016E+010  6.705E+008
 6.590E+013  1.684E-009  1.017E+010  6.727E+008
 6.610E+013  1.710E-009  1.019E+010  6.749E+008
 6.630E+013  1.737E-009  1.020E+010  6.771E+008
 6.650E+013  1.764E-009  1.021E+010  6.794E+008
 6.670E+013  1.792E-009  1.022E+010  6.816E+008
 6.690E+013  1.820E-009  1.023E+010  6.839E+008
 6.710E+013  1.849E-009  1.024E+010  6.861E+008
 6.730E+013  1.877E-009  1.026E+010  6.884E+008
 6.750E+013  1.907E-009  1.027E+010  6.906E+008
 6.770E+013  1.936E-009  1.028E+010  6.929E+008
 6.790E+013  1.966E-009  1.029E+010  6.951E+008
 6.810E+013  1.997E-009  1.031E+010  6.974E+008
 6.830E+013  2.028E-009  1.032E+010  6.997E+008
 6.850E+013  2.059E-009  1.034E+010  7.020E+008
 6.870E+013  2.091E-009  1.035E+010  7.043E+008
 6.890E+013  2.123E-009  1.036E+010  7.065E+008
 6.910E+013  2.156E-009  1.038E+010  7.088E+008
 6.930E+013  2.189E-009  1.039E+010  7.111E+008
 6.950E+013  2.223E-009  1.041E+010  7.135E+008
 6.970E+013  2.257E-009  1.042E+010  7.158E+008
 6.990E+013  2.292E-009  1.044E+010  7.181E+008
 7.010E+013  2.327E-009  1.046E+010  7.204E+008
 7.030E+013  2.363E-009  1.047E+010  7.228E+008
 7.050E+013  2.399E-009  1.049E+010  7.251E+008
 7.070E+013  2.436E-009  1.051E+010  7.274E+008
 7.090E+013  2.473E-009  1.052E+010  7.298E+008
 7.110E+013  2.511E-009  1.054E+010  7.321E+008
 7.130E+013  2.549E-009  1.056E+010  7.345E+008
 7.150E+013  2.588E-009  1.058E+010  7.369E+008
 7.170E+013  2.627E-009  1.059E+010  7.393E+008
 7.190E+013  2.667E-009  1.061E+010  7.416E+008
 7.210E+013  2.708E-009  1.063E+010  7.440E+008
 7.230E+013  2.749E-009  1.065E+010  7.464E+008
 7.250E+013  2.791E-009  1.067E+010  7.488E+008
 7.270E+013  2.834E-009  1.069E+010  7.513E+008
 7.290E+013  2.877E-009  1.071E+010  7.537E+008
 7.310E+013  2.920E-009  1.074E+010  7.561E+008
 7.330E+013  2.965E-009  1.076E+010  7.585E+008
 7.350E+013  3.010E-009  1.078E+010  7.610E+008
 7.370E+013  3.055E-009  1.080E+010  7.634E+008
 7.390E+013  3.102E-009  1.082E+010  7.659E+008
 7.410E+013  3.149E-009  1.085E+010  7.684E+008
 7.430E+013  3.197E-009  1.087E+010  7.709E+008
 7.450E+013  3.245E-009  1.090E+010  7.733E+008
 7.470E+013  3.294E-009  1.092E+010  7.758E+008
 7.490E+013  3.344E-009  1.095E+010  7.783E+008
 7.510E+013  3.395E-009  1.097E+010  7.808E+008
 7.530E+013  3.446E-009  1.100E+010  7.834E+008
 7.550E+013  3.499E-009  1.102E+010  7.859E+008
 7.570E+013  3.552E-009  1.105E+010  7.884E+008
 7.590E+013  3.606E-009  1.108E+010  7.910E+008
 7.610E+013  3.660E-009  1.111E+010  7.935E+008
 7.630E+013  3.716E-009  1.114E+010  7.961E+008
 7.650E+013  3.772E-009  1.116E+010  7.987E+008
 7.670E+013  3.830E-009  1.119E+010  8.013E+008
 7.690E+013  3.888E-009  1.122E+010  8.039E+008
 7.710E+013  3.947E-009  1.126E+010  8.065E+008
 7.730E+013  4.007E-009  1.129E+010  8.091E+008
 7.750E+013  4.068E-009  1.132E+010  8.117E+008
 7.770E+013  4.130E-009  1.135E+010  8.144E+008
 7.790E+013  4.193E-009  1.139E+010  8.170E+008
 7.810E+013  4.257E-009  1.142E+010  8.197E+008
 7.830E+013  4.322E-009  1.145E+010  8.224E+008
 7.850E+013  4.387E-009  1.149E+010  8.250E+008
 7.870E+013  4.454E-009  1.152E+010  8.277E+008
 7.890E+013  4.523E-009  1.156E+010  8.304E+008
 7.910E+013  4.592E-009  1.160E+010  8.332E+008
 7.930E+013  4.662E-009  1.164E+010  8.359E+008
 7.950E+013  4.734E-009  1.168E+010  8.386E+008
 7.970E+013  4.806E-009  1.172E+010  8.414E+008
 7.990E+013  4.880E-009  1.176E+010  8.442E+008
 8.010E+013  4.955E-009  1.180E+010  8.469E+008
 8.030E+013  5.032E-009  1.184E+010  8.497E+008
 8.050E+013  5.110E-009  1.188E+010  8.525E+008
 8.070E+013  5.189E-009  1.192E+010  8.554E+008
 8.090E+013  5.269E-009  1.197E+010  8.582E+008
 8.110E+013  5.351E-009  1.201E+010  8.610E+008
 8.130E+013  5.434E-009  1.206E+010  8.639E+008
 8.150E+013  5.518E-009  1.211E+010  8.668E+008
 8.170E+013  5.604E-009  1.215E+010  8.696E+008
 8.190E+013  5.692E-009  1.220E+010  8.725E+008
 8.210E+013  5.781E-009  1.225E+010  8.755E+008
 8.230E+013  5.871E-009  1.230E+010  8.784E+008
 8.250E+013  5.964E-009  1.236E+010  8.813E+008
 8.270E+013  6.057E-009  1.241E+010  8.843E+008
 8.290E+013  6.153E-009  1.246E+010  8.873E+008
 8.310E+013  6.250E-009  1.252E+010  8.903E+008
 8.330E+013  6.349E-009  1.257E+010  8.933E+008
 8.350E+013  6.450E-009  1.263E+010  8.963E+008
 8.370E+013  6.553E-009  1.269E+010  8.993E+008
 8.390E+013  6.657E-009  1.275E+010  9.024E+008
 8.410E+013  6.763E-009  1.281E+010  9.054E+008
 8.430E+013  6.872E-009  1.287E+010  9.085E+008
 8.450E+013  6.982E-009  1.293E+010  9.116E+008
 8.470E+013  7.095E-009  1.300E+010  9.147E+008
 8.490E+013  7.209E-009  1.306E+010  9.179E+008
 8.510E+013  7.326E-009  1.313E+010  9.210E+008
 8.530E+013  7.445E-009  1.320E+010  9.242E+008
 8.550E+013  7.566E-009  1.327E+010  9.274E+008
 8.570E+013  7.690E-009  1.334E+010  9.306E+008
 8.590E+013  7.816E-009  1.341E+010  9.338E+008
 8.610E+013  7.944E-009  1.349E+010  9.370E+008
 8.630E+013  8.075E-009  1.356E+010  9.403E+008
 8.650E+013  8.208E-009  1.364E+010  9.436E+008
 8.670E+013  8.344E-009  1.372E+010  9.469E+008
 8.690E+013  8.483E-009  1.380E+010  9.502E+008
 8.710E+013  8.624E-009  1.388E+010  9.535E+008
 8.730E+013  8.769E-009  1.396E+010  9.569E+008
 8.750E+013  8.916E-009  1.405E+010  9.602E+008
 8.770E+013  9.066E-009  1.413E+010  9.636E+008
 8.790E+013  9.220E-009  1.422E+010  9.670E+008
 8.810E+013  9.376E-009  1.431E+010  9.704E+008
 8.830E+013  9.536E-009  1.441E+010  9.739E+008
 8.850E+013  9.699E-009  1.450E+010  9.773E+008
 8.870E+013  9.865E-009  1.460E+010  9.808E+008
 8.890E+013  1.004E-008  1.470E+010  9.843E+008
 8.910E+013  1.021E-008  1.480E+010  9.879E+008
 8.930E+013  1.039E-008  1.490E+010  9.914E+008
 8.950E+013  1.057E-008  1.501E+010  9.950E+008
 8.970E+013  1.075E-008  1.511E+010  9.986E+008
 8.990E+013  1.094E-008  1.522E+010  1.002E+009
 9.010E+013  1.113E-008  1.534E+010  1.006E+009
 9.030E+013  1.133E-008  1.545E+010  1.009E+009
 9.050E+013  1.153E-008  1.557E+010  1.013E+009
 9.070E+013  1.174E-008  1.569E+010  1.017E+009
 9.090E+013  1.195E-008  1.581E+010  1.021E+009
 9.110E+013  1.216E-008  1.594E+010  1.024E+009
 9.130E+013  1.238E-008  1.606E+010  1.028E+009
 9.150E+013  1.261E-008  1.619E+010  1.032E+009
 9.170E+013  1.284E-008  1.633E+010  1.036E+009
 9.190E+013  1.308E-008  1.646E+010  1.039E+009
 9.210E+013  1.332E-008  1.660E+010  1.043E+009
 9.230E+013  1.356E-008  1.675E+010  1.047E+009
 9.250E+013  1.382E-008  1.689E+010  1.051E+009
 9.270E+013  1.408E-008  1.704E+010  1.055E+009
 9.290E+013  1.434E-008  1.719E+010  1.059E+009
 9.310E+013  1.461E-008  1.735E+010  1.063E+009
 9.330E+013  1.489E-008  1.751E+010  1.067E+009
 9.350E+013  1.517E-008  1.767E+010  1.071E+009
 9.370E+013  1.546E-008  1.784E+010  1.075E+009
 9.390E+013  1.576E-008  1.801E+010  1.079E+009
 9.410E+013  1.607E-008  1.819E+010  1.083E+009
 9.430E+013  1.638E-008  1.837E+010  1.087E+009
 9.450E+013  1.670E-008  1.855E+010  1.091E+009
 9.470E+013  1.703E-008  1.874E+010  1.095E+009
 9.490E+013  1.737E-008  1.893E+010  1.099E+009
 9.510E+013  1.772E-008  1.912E+010  1.104E+009
 9.530E+013  1.807E-008  1.933E+010  1.108E+009
 9.550E+013  1.844E-008  1.953E+010  1.112E+009
 9.570E+013  1.881E-008  1.974E+010  1.116E+009
 9.590E+013  1.920E-008  1.996E+010  1.121E+009
 9.610E+013  1.959E-008  2.018E+010  1.125E+009
 9.630E+013  1.999E-008  2.041E+010  1.129E+009
 9.650E+013  2.041E-008  2.064E+010  1.134E+009
 9.670E+013  2.083E-008  2.088E+010  1.138E+009
 9.690E+013  2.127E-008  2.112E+010  1.142E+009
 9.710E+013  2.172E-008  2.137E+010  1.147E+009
 9.730E+013  2.218E-008  2.162E+010  1.151E+009
 9.750E+013  2.266E-008  2.189E+010  1.156E+009
 9.770E+013  2.315E-008  2.216E+010  1.160E+009
 9.790E+013  2.365E-008  2.243E+010  1.165E+009
 9.810E+013  2.416E-008  2.271E+010  1.169E+009
 9.830E+013  2.469E-008  2.300E+010  1.174E+009
 9.850E+013  2.524E-008  2.330E+010  1.178E+009
 9.870E+013  2.580E-008  2.360E+010  1.183E+009
 9.890E+013  2.638E-008  2.392E+010  1.187E+009
 9.910E+013  2.698E-008  2.425E+010  1.192E+009
 9.930E+013  2.758E-008  2.458E+010  1.196E+009
 9.950E+013  2.817E-008  2.481E+010  1.202E+009
 9.970E+013  2.842E-008  2.461E+010  1.214E+009
 9.990E+013  2.924E-008  2.487E+010  1.233E+009
 1.001E+014  1.000E-099  1.000E-099  1.233E+009
 1.003E+014  1.000E-099  1.000E-099  1.233E+009
 7.610E-004
