 4.200E+004
     x1b        dens       energ       v1
 1.000E+011  7.693E-013  4.908E+009  0.000E+000
 3.000E+011  7.694E-013  4.908E+009  1.155E+006
 5.000E+011  7.698E-013  4.908E+009  2.308E+006
 7.000E+011  7.707E-013  4.908E+009  3.463E+006
 9.000E+011  7.722E-013  4.908E+009  4.617E+006
 1.100E+012  7.745E-013  4.908E+009  5.771E+006
 1.300E+012  7.776E-013  4.908E+009  6.925E+006
 1.500E+012  7.815E-013  4.908E+009  8.079E+006
 1.700E+012  7.864E-013  4.908E+009  9.233E+006
 1.900E+012  7.921E-013  4.908E+009  1.039E+007
 2.100E+012  7.985E-013  4.908E+009  1.154E+007
 2.300E+012  8.057E-013  4.908E+009  1.270E+007
 2.500E+012  8.134E-013  4.908E+009  1.385E+007
 2.700E+012  8.216E-013  4.908E+009  1.500E+007
 2.900E+012  8.302E-013  4.908E+009  1.616E+007
 3.100E+012  8.391E-013  4.908E+009  1.731E+007
 3.300E+012  8.482E-013  4.908E+009  1.847E+007
 3.500E+012  8.575E-013  4.908E+009  1.962E+007
 3.700E+012  8.668E-013  4.908E+009  2.078E+007
 3.900E+012  8.761E-013  4.908E+009  2.193E+007
 4.100E+012  8.854E-013  4.908E+009  2.308E+007
 4.300E+012  8.946E-013  4.908E+009  2.424E+007
 4.500E+012  9.036E-013  4.908E+009  2.539E+007
 4.700E+012  9.123E-013  4.908E+009  2.655E+007
 4.900E+012  9.205E-013  4.908E+009  2.770E+007
 5.100E+012  9.280E-013  4.908E+009  2.885E+007
 5.300E+012  9.345E-013  4.908E+009  3.001E+007
 5.500E+012  9.397E-013  4.908E+009  3.116E+007
 5.700E+012  9.431E-013  4.908E+009  3.232E+007
 5.900E+012  9.447E-013  4.908E+009  3.347E+007
 6.100E+012  9.451E-013  4.908E+009  3.462E+007
 6.300E+012  9.451E-013  4.908E+009  3.578E+007
 6.500E+012  9.451E-013  4.908E+009  3.693E+007
 6.700E+012  9.451E-013  4.908E+009  3.809E+007
 6.900E+012  9.451E-013  4.908E+009  3.924E+007
 7.100E+012  9.451E-013  4.908E+009  4.040E+007
 7.300E+012  9.450E-013  4.908E+009  4.155E+007
 7.500E+012  9.449E-013  4.908E+009  4.270E+007
 7.700E+012  9.447E-013  4.908E+009  4.386E+007
 7.900E+012  9.444E-013  4.908E+009  4.501E+007
 8.100E+012  9.441E-013  4.908E+009  4.617E+007
 8.300E+012  9.437E-013  4.908E+009  4.732E+007
 8.500E+012  9.432E-013  4.908E+009  4.848E+007
 8.700E+012  9.426E-013  4.908E+009  4.963E+007
 8.900E+012  9.419E-013  4.908E+009  5.078E+007
 9.100E+012  9.412E-013  4.908E+009  5.194E+007
 9.300E+012  9.406E-013  4.908E+009  5.309E+007
 9.500E+012  9.403E-013  4.908E+009  5.425E+007
 9.700E+012  9.401E-013  4.908E+009  5.540E+007
 9.900E+012  9.401E-013  4.908E+009  5.655E+007
 1.010E+013  9.401E-013  4.908E+009  5.771E+007
 1.030E+013  9.401E-013  4.908E+009  5.886E+007
 1.050E+013  9.402E-013  4.908E+009  6.002E+007
 1.070E+013  9.402E-013  4.908E+009  6.117E+007
 1.090E+013  9.404E-013  4.908E+009  6.233E+007
 1.110E+013  9.406E-013  4.908E+009  6.348E+007
 1.130E+013  9.409E-013  4.908E+009  6.463E+007
 1.150E+013  9.413E-013  4.908E+009  6.579E+007
 1.170E+013  9.419E-013  4.908E+009  6.694E+007
 1.190E+013  9.426E-013  4.908E+009  6.810E+007
 1.210E+013  9.435E-013  4.908E+009  6.925E+007
 1.230E+013  9.447E-013  4.908E+009  7.040E+007
 1.250E+013  9.461E-013  4.908E+009  7.156E+007
 1.270E+013  9.478E-013  4.908E+009  7.271E+007
 1.290E+013  9.498E-013  4.908E+009  7.387E+007
 1.310E+013  9.522E-013  4.908E+009  7.502E+007
 1.330E+013  9.550E-013  4.908E+009  7.618E+007
 1.350E+013  9.582E-013  4.908E+009  7.733E+007
 1.370E+013  9.619E-013  4.908E+009  7.848E+007
 1.390E+013  9.662E-013  4.908E+009  7.964E+007
 1.410E+013  9.709E-013  4.908E+009  8.079E+007
 1.430E+013  9.763E-013  4.908E+009  8.195E+007
 1.450E+013  9.823E-013  4.908E+009  8.310E+007
 1.470E+013  9.891E-013  4.908E+009  8.425E+007
 1.490E+013  9.966E-013  4.908E+009  8.541E+007
 1.510E+013  1.005E-012  4.908E+009  8.656E+007
 1.530E+013  1.014E-012  4.908E+009  8.772E+007
 1.550E+013  1.024E-012  4.908E+009  8.887E+007
 1.570E+013  1.035E-012  4.908E+009  9.003E+007
 1.590E+013  1.047E-012  4.908E+009  9.118E+007
 1.610E+013  1.061E-012  4.908E+009  9.234E+007
 1.630E+013  1.075E-012  4.908E+009  9.349E+007
 1.650E+013  1.091E-012  4.908E+009  9.464E+007
 1.670E+013  1.108E-012  4.908E+009  9.580E+007
 1.690E+013  1.127E-012  4.908E+009  9.695E+007
 1.710E+013  1.147E-012  4.908E+009  9.811E+007
 1.730E+013  1.169E-012  4.908E+009  9.926E+007
 1.750E+013  1.193E-012  4.908E+009  1.004E+008
 1.770E+013  1.219E-012  4.908E+009  1.016E+008
 1.790E+013  1.247E-012  4.908E+009  1.027E+008
 1.810E+013  1.277E-012  4.908E+009  1.039E+008
 1.830E+013  1.309E-012  4.908E+009  1.050E+008
 1.850E+013  1.344E-012  4.908E+009  1.062E+008
 1.870E+013  1.382E-012  4.908E+009  1.073E+008
 1.890E+013  1.423E-012  4.908E+009  1.085E+008
 1.910E+013  1.466E-012  4.908E+009  1.097E+008
 1.930E+013  1.514E-012  4.908E+009  1.108E+008
 1.950E+013  1.564E-012  4.908E+009  1.120E+008
 1.970E+013  1.619E-012  4.908E+009  1.131E+008
 1.990E+013  1.678E-012  4.908E+009  1.143E+008
 2.010E+013  1.741E-012  4.908E+009  1.154E+008
 2.030E+013  1.809E-012  4.908E+009  1.166E+008
 2.050E+013  1.882E-012  4.908E+009  1.178E+008
 2.070E+013  1.961E-012  4.908E+009  1.189E+008
 2.090E+013  2.045E-012  4.908E+009  1.201E+008
 2.110E+013  2.135E-012  4.908E+009  1.212E+008
 2.130E+013  2.231E-012  4.908E+009  1.224E+008
 2.150E+013  2.335E-012  4.908E+009  1.235E+008
 2.170E+013  2.446E-012  4.908E+009  1.247E+008
 2.190E+013  2.564E-012  4.908E+009  1.258E+008
 2.210E+013  2.691E-012  4.908E+009  1.270E+008
 2.230E+013  2.825E-012  4.908E+009  1.282E+008
 2.250E+013  2.969E-012  4.908E+009  1.293E+008
 2.270E+013  3.122E-012  4.908E+009  1.305E+008
 2.290E+013  3.285E-012  4.908E+009  1.316E+008
 2.310E+013  3.457E-012  4.908E+009  1.328E+008
 2.330E+013  3.640E-012  4.908E+009  1.339E+008
 2.350E+013  3.834E-012  4.908E+009  1.351E+008
 2.370E+013  4.038E-012  4.908E+009  1.362E+008
 2.390E+013  4.253E-012  4.908E+009  1.374E+008
 2.410E+013  4.479E-012  4.908E+009  1.386E+008
 2.430E+013  4.716E-012  4.908E+009  1.397E+008
 2.450E+013  4.965E-012  4.908E+009  1.409E+008
 2.470E+013  5.224E-012  4.908E+009  1.420E+008
 2.490E+013  5.495E-012  4.909E+009  1.432E+008
 2.510E+013  5.776E-012  4.909E+009  1.443E+008
 2.530E+013  6.067E-012  4.909E+009  1.455E+008
 2.550E+013  6.368E-012  4.909E+009  1.466E+008
 2.570E+013  6.679E-012  4.909E+009  1.478E+008
 2.590E+013  6.999E-012  4.909E+009  1.489E+008
 2.610E+013  7.328E-012  4.909E+009  1.501E+008
 2.630E+013  7.665E-012  4.909E+009  1.512E+008
 2.650E+013  8.009E-012  4.909E+009  1.524E+008
 2.670E+013  8.360E-012  4.909E+009  1.535E+008
 2.690E+013  8.718E-012  4.909E+009  1.547E+008
 2.710E+013  9.081E-012  4.909E+009  1.559E+008
 2.730E+013  9.450E-012  4.909E+009  1.570E+008
 2.750E+013  9.824E-012  4.909E+009  1.582E+008
 2.770E+013  1.020E-011  4.909E+009  1.593E+008
 2.790E+013  1.058E-011  4.909E+009  1.605E+008
 2.810E+013  1.097E-011  4.909E+009  1.616E+008
 2.830E+013  1.136E-011  4.909E+009  1.628E+008
 2.850E+013  1.175E-011  4.909E+009  1.639E+008
 2.870E+013  1.215E-011  4.909E+009  1.651E+008
 2.890E+013  1.255E-011  4.909E+009  1.662E+008
 2.910E+013  1.296E-011  4.909E+009  1.674E+008
 2.930E+013  1.336E-011  4.909E+009  1.685E+008
 2.950E+013  1.377E-011  4.909E+009  1.697E+008
 2.970E+013  1.419E-011  4.909E+009  1.708E+008
 2.990E+013  1.461E-011  4.909E+009  1.720E+008
 3.010E+013  1.503E-011  4.909E+009  1.731E+008
 3.030E+013  1.546E-011  4.909E+009  1.743E+008
 3.050E+013  1.589E-011  4.909E+009  1.755E+008
 3.070E+013  1.633E-011  4.909E+009  1.766E+008
 3.090E+013  1.678E-011  4.909E+009  1.778E+008
 3.110E+013  1.723E-011  4.909E+009  1.789E+008
 3.130E+013  1.769E-011  4.909E+009  1.801E+008
 3.150E+013  1.815E-011  4.909E+009  1.812E+008
 3.170E+013  1.863E-011  4.909E+009  1.824E+008
 3.190E+013  1.911E-011  4.909E+009  1.835E+008
 3.210E+013  1.960E-011  4.909E+009  1.847E+008
 3.230E+013  2.010E-011  4.909E+009  1.858E+008
 3.250E+013  2.062E-011  4.909E+009  1.870E+008
 3.270E+013  2.114E-011  4.909E+009  1.882E+008
 3.290E+013  2.168E-011  4.909E+009  1.893E+008
 3.310E+013  2.222E-011  4.909E+009  1.905E+008
 3.330E+013  2.278E-011  4.909E+009  1.916E+008
 3.350E+013  2.336E-011  4.909E+009  1.928E+008
 3.370E+013  2.394E-011  4.909E+009  1.939E+008
 3.390E+013  2.455E-011  4.909E+009  1.951E+008
 3.410E+013  2.516E-011  4.909E+009  1.962E+008
 3.430E+013  2.580E-011  4.909E+009  1.974E+008
 3.450E+013  2.645E-011  4.909E+009  1.985E+008
 3.470E+013  2.711E-011  4.909E+009  1.997E+008
 3.490E+013  2.780E-011  4.909E+009  2.009E+008
 3.510E+013  2.850E-011  4.909E+009  2.020E+008
 3.530E+013  2.922E-011  4.909E+009  2.032E+008
 3.550E+013  2.996E-011  4.909E+009  2.043E+008
 3.570E+013  3.072E-011  4.909E+009  2.055E+008
 3.590E+013  3.150E-011  4.909E+009  2.066E+008
 3.610E+013  3.231E-011  4.909E+009  2.078E+008
 3.630E+013  3.313E-011  4.909E+009  2.089E+008
 3.650E+013  3.397E-011  4.910E+009  2.101E+008
 3.670E+013  3.483E-011  4.910E+009  2.112E+008
 3.690E+013  3.572E-011  4.910E+009  2.124E+008
 3.710E+013  3.663E-011  4.910E+009  2.136E+008
 3.730E+013  3.755E-011  4.910E+009  2.147E+008
 3.750E+013  3.850E-011  4.910E+009  2.159E+008
 3.770E+013  3.948E-011  4.910E+009  2.170E+008
 3.790E+013  4.047E-011  4.910E+009  2.182E+008
 3.810E+013  4.149E-011  4.910E+009  2.193E+008
 3.830E+013  4.252E-011  4.910E+009  2.205E+008
 3.850E+013  4.358E-011  4.910E+009  2.216E+008
 3.870E+013  4.466E-011  4.910E+009  2.228E+008
 3.890E+013  4.576E-011  4.910E+009  2.239E+008
 3.910E+013  4.689E-011  4.910E+009  2.251E+008
 3.930E+013  4.803E-011  4.910E+009  2.263E+008
 3.950E+013  4.919E-011  4.910E+009  2.274E+008
 3.970E+013  5.038E-011  4.910E+009  2.286E+008
 3.990E+013  5.158E-011  4.910E+009  2.297E+008
 4.010E+013  5.281E-011  4.910E+009  2.309E+008
 4.030E+013  5.405E-011  4.911E+009  2.320E+008
 4.050E+013  5.531E-011  4.911E+009  2.332E+008
 4.070E+013  5.660E-011  4.911E+009  2.343E+008
 4.090E+013  5.790E-011  4.911E+009  2.355E+008
 4.110E+013  5.922E-011  4.911E+009  2.367E+008
 4.130E+013  6.056E-011  4.911E+009  2.378E+008
 4.150E+013  6.193E-011  4.911E+009  2.390E+008
 4.170E+013  6.331E-011  4.911E+009  2.401E+008
 4.190E+013  6.471E-011  4.911E+009  2.413E+008
 4.210E+013  6.613E-011  4.911E+009  2.424E+008
 4.230E+013  6.757E-011  4.911E+009  2.436E+008
 4.250E+013  6.904E-011  4.911E+009  2.447E+008
 4.270E+013  7.053E-011  4.911E+009  2.459E+008
 4.290E+013  7.203E-011  4.912E+009  2.471E+008
 4.310E+013  7.357E-011  4.912E+009  2.482E+008
 4.330E+013  7.512E-011  4.912E+009  2.494E+008
 4.350E+013  7.670E-011  4.912E+009  2.505E+008
 4.370E+013  7.831E-011  4.912E+009  2.517E+008
 4.390E+013  7.994E-011  4.912E+009  2.528E+008
 4.410E+013  8.160E-011  4.912E+009  2.540E+008
 4.430E+013  8.329E-011  4.912E+009  2.551E+008
 4.450E+013  8.500E-011  4.912E+009  2.563E+008
 4.470E+013  8.675E-011  4.913E+009  2.575E+008
 4.490E+013  8.852E-011  4.913E+009  2.586E+008
 4.510E+013  9.033E-011  4.913E+009  2.598E+008
 4.530E+013  9.217E-011  4.913E+009  2.609E+008
 4.550E+013  9.405E-011  4.913E+009  2.621E+008
 4.570E+013  9.595E-011  4.913E+009  2.632E+008
 4.590E+013  9.790E-011  4.913E+009  2.644E+008
 4.610E+013  9.988E-011  4.913E+009  2.655E+008
 4.630E+013  1.019E-010  4.914E+009  2.667E+008
 4.650E+013  1.040E-010  4.914E+009  2.679E+008
 4.670E+013  1.061E-010  4.914E+009  2.690E+008
 4.690E+013  1.082E-010  4.914E+009  2.702E+008
 4.710E+013  1.104E-010  4.914E+009  2.713E+008
 4.730E+013  1.126E-010  4.914E+009  2.725E+008
 4.750E+013  1.148E-010  4.915E+009  2.736E+008
 4.770E+013  1.171E-010  4.915E+009  2.748E+008
 4.790E+013  1.195E-010  4.915E+009  2.760E+008
 4.810E+013  1.219E-010  4.915E+009  2.771E+008
 4.830E+013  1.243E-010  4.915E+009  2.783E+008
 4.850E+013  1.268E-010  4.915E+009  2.794E+008
 4.870E+013  1.293E-010  4.916E+009  2.806E+008
 4.890E+013  1.319E-010  4.916E+009  2.817E+008
 4.910E+013  1.345E-010  4.916E+009  2.829E+008
 4.930E+013  1.372E-010  4.916E+009  2.841E+008
 4.950E+013  1.399E-010  4.916E+009  2.852E+008
 4.970E+013  1.426E-010  4.917E+009  2.864E+008
 4.990E+013  1.454E-010  4.917E+009  2.875E+008
 5.010E+013  1.483E-010  4.917E+009  2.887E+008
 5.030E+013  1.512E-010  4.917E+009  2.899E+008
 5.050E+013  1.541E-010  4.918E+009  2.910E+008
 5.070E+013  1.571E-010  4.918E+009  2.922E+008
 5.090E+013  1.601E-010  4.918E+009  2.933E+008
 5.110E+013  1.632E-010  4.918E+009  2.945E+008
 5.130E+013  1.664E-010  4.919E+009  2.956E+008
 5.150E+013  1.695E-010  4.919E+009  2.968E+008
 5.170E+013  1.728E-010  4.919E+009  2.980E+008
 5.190E+013  1.760E-010  4.919E+009  2.991E+008
 5.210E+013  1.794E-010  4.920E+009  3.003E+008
 5.230E+013  1.827E-010  4.920E+009  3.014E+008
 5.250E+013  1.862E-010  4.920E+009  3.026E+008
 5.270E+013  1.896E-010  4.921E+009  3.038E+008
 5.290E+013  1.932E-010  4.921E+009  3.049E+008
 5.310E+013  1.968E-010  4.921E+009  3.061E+008
 5.330E+013  2.004E-010  4.922E+009  3.072E+008
 5.350E+013  2.041E-010  4.922E+009  3.084E+008
 5.370E+013  2.078E-010  4.922E+009  3.096E+008
 5.390E+013  2.116E-010  4.923E+009  3.107E+008
 5.410E+013  2.154E-010  4.923E+009  3.119E+008
 5.430E+013  2.193E-010  4.923E+009  3.130E+008
 5.450E+013  2.233E-010  4.924E+009  3.142E+008
 5.470E+013  2.273E-010  4.924E+009  3.154E+008
 5.490E+013  2.313E-010  4.925E+009  3.165E+008
 5.510E+013  2.355E-010  4.925E+009  3.177E+008
 5.530E+013  2.396E-010  4.925E+009  3.189E+008
 5.550E+013  2.439E-010  4.926E+009  3.200E+008
 5.570E+013  2.482E-010  4.926E+009  3.212E+008
 5.590E+013  2.525E-010  4.927E+009  3.223E+008
 5.610E+013  2.569E-010  4.927E+009  3.235E+008
 5.630E+013  2.614E-010  4.928E+009  3.247E+008
 5.650E+013  2.660E-010  4.928E+009  3.258E+008
 5.670E+013  2.706E-010  4.928E+009  3.270E+008
 5.690E+013  2.752E-010  4.929E+009  3.282E+008
 5.710E+013  2.799E-010  4.929E+009  3.293E+008
 5.730E+013  2.847E-010  4.930E+009  3.305E+008
 5.750E+013  2.896E-010  4.930E+009  3.316E+008
 5.770E+013  2.945E-010  4.931E+009  3.328E+008
 5.790E+013  2.995E-010  4.932E+009  3.340E+008
 5.810E+013  3.045E-010  4.932E+009  3.351E+008
 5.830E+013  3.096E-010  4.933E+009  3.363E+008
 5.850E+013  3.148E-010  4.933E+009  3.375E+008
 5.870E+013  3.201E-010  4.934E+009  3.386E+008
 5.890E+013  3.254E-010  4.934E+009  3.398E+008
 5.910E+013  3.307E-010  4.935E+009  3.410E+008
 5.930E+013  3.362E-010  4.936E+009  3.421E+008
 5.950E+013  3.417E-010  4.936E+009  3.433E+008
 5.970E+013  3.473E-010  4.937E+009  3.445E+008
 5.990E+013  3.529E-010  4.938E+009  3.456E+008
 6.010E+013  3.587E-010  4.938E+009  3.468E+008
 6.030E+013  3.645E-010  4.939E+009  3.480E+008
 6.050E+013  3.703E-010  4.940E+009  3.491E+008
 6.070E+013  3.763E-010  4.940E+009  3.503E+008
 6.090E+013  3.823E-010  4.941E+009  3.515E+008
 6.110E+013  3.884E-010  4.942E+009  3.527E+008
 6.130E+013  3.945E-010  4.943E+009  3.538E+008
 6.150E+013  4.008E-010  4.943E+009  3.550E+008
 6.170E+013  4.071E-010  4.944E+009  3.562E+008
 6.190E+013  4.135E-010  4.945E+009  3.573E+008
 6.210E+013  4.200E-010  4.946E+009  3.585E+008
 6.230E+013  4.265E-010  4.946E+009  3.597E+008
 6.250E+013  4.331E-010  4.947E+009  3.608E+008
 6.270E+013  4.399E-010  4.948E+009  3.620E+008
 6.290E+013  4.467E-010  4.949E+009  3.632E+008
 6.310E+013  4.536E-010  4.950E+009  3.644E+008
 6.330E+013  4.606E-010  4.951E+009  3.655E+008
 6.350E+013  4.676E-010  4.952E+009  3.667E+008
 6.370E+013  4.748E-010  4.953E+009  3.679E+008
 6.390E+013  4.820E-010  4.954E+009  3.691E+008
 6.410E+013  4.894E-010  4.955E+009  3.702E+008
 6.430E+013  4.968E-010  4.956E+009  3.714E+008
 6.450E+013  5.044E-010  4.957E+009  3.726E+008
 6.470E+013  5.120E-010  4.958E+009  3.738E+008
 6.490E+013  5.197E-010  4.959E+009  3.749E+008
 6.510E+013  5.276E-010  4.960E+009  3.761E+008
 6.530E+013  5.355E-010  4.961E+009  3.773E+008
 6.550E+013  5.436E-010  4.962E+009  3.785E+008
 6.570E+013  5.517E-010  4.963E+009  3.797E+008
 6.590E+013  5.599E-010  4.964E+009  3.808E+008
 6.610E+013  5.683E-010  4.965E+009  3.820E+008
 6.630E+013  5.768E-010  4.967E+009  3.832E+008
 6.650E+013  5.853E-010  4.968E+009  3.844E+008
 6.670E+013  5.940E-010  4.969E+009  3.856E+008
 6.690E+013  6.028E-010  4.970E+009  3.868E+008
 6.710E+013  6.117E-010  4.972E+009  3.879E+008
 6.730E+013  6.207E-010  4.973E+009  3.891E+008
 6.750E+013  6.299E-010  4.974E+009  3.903E+008
 6.770E+013  6.391E-010  4.976E+009  3.915E+008
 6.790E+013  6.485E-010  4.977E+009  3.927E+008
 6.810E+013  6.580E-010  4.978E+009  3.939E+008
 6.830E+013  6.676E-010  4.980E+009  3.950E+008
 6.850E+013  6.773E-010  4.981E+009  3.962E+008
 6.870E+013  6.871E-010  4.983E+009  3.974E+008
 6.890E+013  6.971E-010  4.984E+009  3.986E+008
 6.910E+013  7.072E-010  4.986E+009  3.998E+008
 6.930E+013  7.174E-010  4.987E+009  4.010E+008
 6.950E+013  7.277E-010  4.989E+009  4.022E+008
 6.970E+013  7.382E-010  4.990E+009  4.034E+008
 6.990E+013  7.487E-010  4.992E+009  4.046E+008
 7.010E+013  7.595E-010  4.994E+009  4.058E+008
 7.030E+013  7.703E-010  4.995E+009  4.070E+008
 7.050E+013  7.813E-010  4.997E+009  4.082E+008
 7.070E+013  7.924E-010  4.999E+009  4.093E+008
 7.090E+013  8.036E-010  5.001E+009  4.105E+008
 7.110E+013  8.150E-010  5.002E+009  4.117E+008
 7.130E+013  8.265E-010  5.004E+009  4.129E+008
 7.150E+013  8.381E-010  5.006E+009  4.141E+008
 7.170E+013  8.498E-010  5.008E+009  4.153E+008
 7.190E+013  8.618E-010  5.010E+009  4.165E+008
 7.210E+013  8.738E-010  5.012E+009  4.177E+008
 7.230E+013  8.860E-010  5.014E+009  4.189E+008
 7.250E+013  8.983E-010  5.016E+009  4.201E+008
 7.270E+013  9.107E-010  5.018E+009  4.214E+008
 7.290E+013  9.233E-010  5.020E+009  4.226E+008
 7.310E+013  9.361E-010  5.022E+009  4.238E+008
 7.330E+013  9.490E-010  5.025E+009  4.250E+008
 7.350E+013  9.620E-010  5.027E+009  4.262E+008
 7.370E+013  9.752E-010  5.029E+009  4.274E+008
 7.390E+013  9.885E-010  5.031E+009  4.286E+008
 7.410E+013  1.002E-009  5.034E+009  4.298E+008
 7.430E+013  1.016E-009  5.036E+009  4.310E+008
 7.450E+013  1.029E-009  5.038E+009  4.322E+008
 7.470E+013  1.043E-009  5.041E+009  4.335E+008
 7.490E+013  1.057E-009  5.043E+009  4.347E+008
 7.510E+013  1.072E-009  5.046E+009  4.359E+008
 7.530E+013  1.086E-009  5.048E+009  4.371E+008
 7.550E+013  1.101E-009  5.051E+009  4.383E+008
 7.570E+013  1.115E-009  5.054E+009  4.395E+008
 7.590E+013  1.130E-009  5.056E+009  4.408E+008
 7.610E+013  1.145E-009  5.059E+009  4.420E+008
 7.630E+013  1.161E-009  5.062E+009  4.432E+008
 7.650E+013  1.176E-009  5.065E+009  4.444E+008
 7.670E+013  1.192E-009  5.068E+009  4.457E+008
 7.690E+013  1.207E-009  5.071E+009  4.469E+008
 7.710E+013  1.223E-009  5.073E+009  4.481E+008
 7.730E+013  1.239E-009  5.076E+009  4.494E+008
 7.750E+013  1.256E-009  5.080E+009  4.506E+008
 7.770E+013  1.272E-009  5.083E+009  4.518E+008
 7.790E+013  1.289E-009  5.086E+009  4.531E+008
 7.810E+013  1.306E-009  5.089E+009  4.543E+008
 7.830E+013  1.323E-009  5.092E+009  4.555E+008
 7.850E+013  1.340E-009  5.096E+009  4.568E+008
 7.870E+013  1.357E-009  5.099E+009  4.580E+008
 7.890E+013  1.375E-009  5.102E+009  4.593E+008
 7.910E+013  1.393E-009  5.106E+009  4.605E+008
 7.930E+013  1.411E-009  5.109E+009  4.617E+008
 7.950E+013  1.429E-009  5.113E+009  4.630E+008
 7.970E+013  1.448E-009  5.117E+009  4.642E+008
 7.990E+013  1.466E-009  5.120E+009  4.655E+008
 8.010E+013  1.485E-009  5.124E+009  4.667E+008
 8.030E+013  1.504E-009  5.128E+009  4.680E+008
 8.050E+013  1.523E-009  5.132E+009  4.693E+008
 8.070E+013  1.543E-009  5.136E+009  4.705E+008
 8.090E+013  1.563E-009  5.140E+009  4.718E+008
 8.110E+013  1.583E-009  5.144E+009  4.730E+008
 8.130E+013  1.603E-009  5.148E+009  4.743E+008
 8.150E+013  1.623E-009  5.152E+009  4.756E+008
 8.170E+013  1.644E-009  5.156E+009  4.768E+008
 8.190E+013  1.665E-009  5.161E+009  4.781E+008
 8.210E+013  1.686E-009  5.165E+009  4.794E+008
 8.230E+013  1.707E-009  5.170E+009  4.806E+008
 8.250E+013  1.729E-009  5.174E+009  4.819E+008
 8.270E+013  1.750E-009  5.179E+009  4.832E+008
 8.290E+013  1.773E-009  5.183E+009  4.845E+008
 8.310E+013  1.795E-009  5.188E+009  4.857E+008
 8.330E+013  1.817E-009  5.193E+009  4.870E+008
 8.350E+013  1.840E-009  5.198E+009  4.883E+008
 8.370E+013  1.863E-009  5.203E+009  4.896E+008
 8.390E+013  1.887E-009  5.208E+009  4.909E+008
 8.410E+013  1.910E-009  5.213E+009  4.922E+008
 8.430E+013  1.934E-009  5.218E+009  4.935E+008
 8.450E+013  1.958E-009  5.224E+009  4.948E+008
 8.470E+013  1.983E-009  5.229E+009  4.961E+008
 8.490E+013  2.008E-009  5.234E+009  4.974E+008
 8.510E+013  2.033E-009  5.240E+009  4.987E+008
 8.530E+013  2.058E-009  5.246E+009  5.000E+008
 8.550E+013  2.084E-009  5.251E+009  5.013E+008
 8.570E+013  2.109E-009  5.257E+009  5.026E+008
 8.590E+013  2.136E-009  5.263E+009  5.039E+008
 8.610E+013  2.162E-009  5.269E+009  5.052E+008
 8.630E+013  2.189E-009  5.275E+009  5.065E+008
 8.650E+013  2.216E-009  5.281E+009  5.079E+008
 8.670E+013  2.243E-009  5.287E+009  5.092E+008
 8.690E+013  2.271E-009  5.294E+009  5.105E+008
 8.710E+013  2.299E-009  5.300E+009  5.118E+008
 8.730E+013  2.327E-009  5.307E+009  5.132E+008
 8.750E+013  2.356E-009  5.313E+009  5.145E+008
 8.770E+013  2.385E-009  5.320E+009  5.158E+008
 8.790E+013  2.414E-009  5.327E+009  5.172E+008
 8.810E+013  2.444E-009  5.334E+009  5.185E+008
 8.830E+013  2.474E-009  5.341E+009  5.199E+008
 8.850E+013  2.504E-009  5.348E+009  5.212E+008
 8.870E+013  2.535E-009  5.355E+009  5.226E+008
 8.890E+013  2.566E-009  5.363E+009  5.239E+008
 8.910E+013  2.597E-009  5.370E+009  5.253E+008
 8.930E+013  2.629E-009  5.378E+009  5.266E+008
 8.950E+013  2.661E-009  5.385E+009  5.280E+008
 8.970E+013  2.694E-009  5.393E+009  5.294E+008
 8.990E+013  2.727E-009  5.401E+009  5.307E+008
 9.010E+013  2.760E-009  5.409E+009  5.321E+008
 9.030E+013  2.794E-009  5.418E+009  5.335E+008
 9.050E+013  2.828E-009  5.426E+009  5.349E+008
 9.070E+013  2.862E-009  5.434E+009  5.362E+008
 9.090E+013  2.897E-009  5.443E+009  5.376E+008
 9.110E+013  2.932E-009  5.451E+009  5.390E+008
 9.130E+013  2.968E-009  5.460E+009  5.404E+008
 9.150E+013  3.004E-009  5.469E+009  5.419E+008
 9.170E+013  3.041E-009  5.478E+009  5.433E+008
 9.190E+013  3.078E-009  5.488E+009  5.447E+008
 9.210E+013  3.116E-009  5.498E+009  5.460E+008
 9.230E+013  3.155E-009  5.513E+009  5.470E+008
 9.250E+013  3.198E-009  5.535E+009  5.471E+008
 9.270E+013  3.244E-009  5.563E+009  5.463E+008
 9.290E+013  3.295E-009  5.607E+009  5.440E+008
 9.310E+013  3.357E-009  5.676E+009  5.389E+008
 9.330E+013  3.435E-009  5.788E+009  5.291E+008
 9.350E+013  3.535E-009  5.960E+009  5.121E+008
 9.370E+013  3.655E-009  6.181E+009  4.880E+008
 9.390E+013  3.788E-009  6.433E+009  4.592E+008
 9.410E+013  3.914E-009  6.660E+009  4.314E+008
 9.430E+013  4.020E-009  6.823E+009  4.110E+008
 9.450E+013  4.104E-009  6.918E+009  3.991E+008
 9.470E+013  4.174E-009  6.973E+009  3.952E+008
 9.490E+013  4.244E-009  7.023E+009  3.934E+008
 9.510E+013  4.318E-009  7.082E+009  3.912E+008
 9.530E+013  4.397E-009  7.151E+009  3.881E+008
 9.550E+013  4.479E-009  7.223E+009  3.842E+008
 9.570E+013  4.562E-009  7.295E+009  3.804E+008
 9.590E+013  4.645E-009  7.364E+009  3.769E+008
 9.610E+013  4.729E-009  7.430E+009  3.739E+008
 9.630E+013  4.814E-009  7.496E+009  3.712E+008
 9.650E+013  4.900E-009  7.561E+009  3.687E+008
 9.670E+013  4.987E-009  7.627E+009  3.664E+008
 9.690E+013  5.077E-009  7.693E+009  3.642E+008
 9.710E+013  5.167E-009  7.758E+009  3.620E+008
 9.730E+013  5.259E-009  7.824E+009  3.601E+008
 9.750E+013  5.353E-009  7.890E+009  3.582E+008
 9.770E+013  5.448E-009  7.956E+009  3.564E+008
 9.790E+013  5.545E-009  8.023E+009  3.548E+008
 9.810E+013  5.644E-009  8.089E+009  3.532E+008
 9.830E+013  5.745E-009  8.157E+009  3.517E+008
 9.850E+013  5.847E-009  8.224E+009  3.503E+008
 9.870E+013  5.951E-009  8.293E+009  3.489E+008
 9.890E+013  6.058E-009  8.362E+009  3.477E+008
 9.910E+013  6.166E-009  8.431E+009  3.464E+008
 9.930E+013  6.276E-009  8.502E+009  3.453E+008
 9.950E+013  6.390E-009  8.572E+009  3.442E+008
 9.970E+013  6.497E-009  8.644E+009  3.432E+008
 9.990E+013  6.663E-009  8.715E+009  3.422E+008
 1.001E+014  1.000E-099  1.000E-099  3.422E+008
 1.003E+014  1.000E-099  1.000E-099  3.422E+008
 1.332E-003
