 8.400E+004
     x1b        dens       energ       v1
 1.000E+011  7.544E-013  6.201E+009  0.000E+000
 3.000E+011  7.770E-013  6.201E+009 -4.904E+005
 5.000E+011  8.160E-013  6.201E+009  2.003E+006
 7.000E+011  8.485E-013  6.201E+009  2.251E+006
 9.000E+011  8.651E-013  6.201E+009  3.330E+006
 1.100E+012  8.724E-013  6.201E+009  4.074E+006
 1.300E+012  8.782E-013  6.201E+009  4.936E+006
 1.500E+012  8.859E-013  6.201E+009  5.716E+006
 1.700E+012  8.958E-013  6.201E+009  6.540E+006
 1.900E+012  9.065E-013  6.201E+009  7.349E+006
 2.100E+012  9.168E-013  6.201E+009  8.182E+006
 2.300E+012  9.269E-013  6.201E+009  8.999E+006
 2.500E+012  9.373E-013  6.201E+009  9.820E+006
 2.700E+012  9.481E-013  6.201E+009  1.063E+007
 2.900E+012  9.595E-013  6.201E+009  1.145E+007
 3.100E+012  9.711E-013  6.201E+009  1.226E+007
 3.300E+012  9.828E-013  6.201E+009  1.308E+007
 3.500E+012  9.945E-013  6.201E+009  1.390E+007
 3.700E+012  1.006E-012  6.201E+009  1.472E+007
 3.900E+012  1.018E-012  6.201E+009  1.554E+007
 4.100E+012  1.029E-012  6.201E+009  1.635E+007
 4.300E+012  1.040E-012  6.201E+009  1.717E+007
 4.500E+012  1.051E-012  6.201E+009  1.799E+007
 4.700E+012  1.061E-012  6.201E+009  1.881E+007
 4.900E+012  1.069E-012  6.201E+009  1.963E+007
 5.100E+012  1.077E-012  6.201E+009  2.044E+007
 5.300E+012  1.082E-012  6.201E+009  2.126E+007
 5.500E+012  1.085E-012  6.201E+009  2.208E+007
 5.700E+012  1.087E-012  6.201E+009  2.290E+007
 5.900E+012  1.088E-012  6.201E+009  2.372E+007
 6.100E+012  1.088E-012  6.201E+009  2.453E+007
 6.300E+012  1.088E-012  6.201E+009  2.535E+007
 6.500E+012  1.088E-012  6.201E+009  2.617E+007
 6.700E+012  1.088E-012  6.201E+009  2.699E+007
 6.900E+012  1.088E-012  6.201E+009  2.781E+007
 7.100E+012  1.088E-012  6.201E+009  2.862E+007
 7.300E+012  1.087E-012  6.201E+009  2.943E+007
 7.500E+012  1.087E-012  6.201E+009  3.025E+007
 7.700E+012  1.087E-012  6.201E+009  3.108E+007
 7.900E+012  1.086E-012  6.201E+009  3.190E+007
 8.100E+012  1.086E-012  6.201E+009  3.272E+007
 8.300E+012  1.085E-012  6.201E+009  3.353E+007
 8.500E+012  1.084E-012  6.201E+009  3.435E+007
 8.700E+012  1.084E-012  6.201E+009  3.516E+007
 8.900E+012  1.083E-012  6.201E+009  3.598E+007
 9.100E+012  1.083E-012  6.201E+009  3.680E+007
 9.300E+012  1.082E-012  6.201E+009  3.762E+007
 9.500E+012  1.082E-012  6.201E+009  3.844E+007
 9.700E+012  1.082E-012  6.201E+009  3.926E+007
 9.900E+012  1.082E-012  6.201E+009  4.007E+007
 1.010E+013  1.082E-012  6.201E+009  4.089E+007
 1.030E+013  1.083E-012  6.201E+009  4.170E+007
 1.050E+013  1.083E-012  6.201E+009  4.252E+007
 1.070E+013  1.083E-012  6.201E+009  4.335E+007
 1.090E+013  1.083E-012  6.201E+009  4.417E+007
 1.110E+013  1.084E-012  6.201E+009  4.498E+007
 1.130E+013  1.085E-012  6.201E+009  4.580E+007
 1.150E+013  1.086E-012  6.201E+009  4.661E+007
 1.170E+013  1.087E-012  6.201E+009  4.743E+007
 1.190E+013  1.089E-012  6.201E+009  4.825E+007
 1.210E+013  1.091E-012  6.201E+009  4.907E+007
 1.230E+013  1.093E-012  6.201E+009  4.989E+007
 1.250E+013  1.096E-012  6.201E+009  5.071E+007
 1.270E+013  1.100E-012  6.201E+009  5.152E+007
 1.290E+013  1.103E-012  6.201E+009  5.234E+007
 1.310E+013  1.108E-012  6.201E+009  5.316E+007
 1.330E+013  1.113E-012  6.201E+009  5.398E+007
 1.350E+013  1.119E-012  6.201E+009  5.479E+007
 1.370E+013  1.126E-012  6.201E+009  5.561E+007
 1.390E+013  1.133E-012  6.201E+009  5.643E+007
 1.410E+013  1.142E-012  6.201E+009  5.725E+007
 1.430E+013  1.151E-012  6.201E+009  5.807E+007
 1.450E+013  1.162E-012  6.201E+009  5.888E+007
 1.470E+013  1.173E-012  6.201E+009  5.970E+007
 1.490E+013  1.186E-012  6.201E+009  6.052E+007
 1.510E+013  1.200E-012  6.201E+009  6.134E+007
 1.530E+013  1.216E-012  6.201E+009  6.216E+007
 1.550E+013  1.233E-012  6.201E+009  6.297E+007
 1.570E+013  1.251E-012  6.201E+009  6.379E+007
 1.590E+013  1.272E-012  6.201E+009  6.461E+007
 1.610E+013  1.294E-012  6.201E+009  6.543E+007
 1.630E+013  1.318E-012  6.201E+009  6.625E+007
 1.650E+013  1.345E-012  6.201E+009  6.707E+007
 1.670E+013  1.373E-012  6.201E+009  6.788E+007
 1.690E+013  1.404E-012  6.201E+009  6.870E+007
 1.710E+013  1.438E-012  6.201E+009  6.952E+007
 1.730E+013  1.475E-012  6.201E+009  7.034E+007
 1.750E+013  1.514E-012  6.201E+009  7.116E+007
 1.770E+013  1.557E-012  6.201E+009  7.198E+007
 1.790E+013  1.604E-012  6.201E+009  7.280E+007
 1.810E+013  1.654E-012  6.201E+009  7.362E+007
 1.830E+013  1.709E-012  6.201E+009  7.444E+007
 1.850E+013  1.767E-012  6.201E+009  7.525E+007
 1.870E+013  1.831E-012  6.201E+009  7.607E+007
 1.890E+013  1.899E-012  6.201E+009  7.689E+007
 1.910E+013  1.973E-012  6.201E+009  7.771E+007
 1.930E+013  2.053E-012  6.201E+009  7.853E+007
 1.950E+013  2.139E-012  6.201E+009  7.935E+007
 1.970E+013  2.231E-012  6.201E+009  8.017E+007
 1.990E+013  2.331E-012  6.201E+009  8.099E+007
 2.010E+013  2.438E-012  6.201E+009  8.181E+007
 2.030E+013  2.553E-012  6.201E+009  8.263E+007
 2.050E+013  2.677E-012  6.201E+009  8.345E+007
 2.070E+013  2.810E-012  6.201E+009  8.427E+007
 2.090E+013  2.953E-012  6.201E+009  8.508E+007
 2.110E+013  3.106E-012  6.201E+009  8.590E+007
 2.130E+013  3.270E-012  6.201E+009  8.672E+007
 2.150E+013  3.444E-012  6.201E+009  8.754E+007
 2.170E+013  3.631E-012  6.201E+009  8.836E+007
 2.190E+013  3.830E-012  6.201E+009  8.918E+007
 2.210E+013  4.041E-012  6.201E+009  9.000E+007
 2.230E+013  4.266E-012  6.201E+009  9.082E+007
 2.250E+013  4.504E-012  6.201E+009  9.164E+007
 2.270E+013  4.756E-012  6.201E+009  9.246E+007
 2.290E+013  5.021E-012  6.201E+009  9.327E+007
 2.310E+013  5.301E-012  6.201E+009  9.409E+007
 2.330E+013  5.594E-012  6.201E+009  9.491E+007
 2.350E+013  5.902E-012  6.201E+009  9.573E+007
 2.370E+013  6.224E-012  6.201E+009  9.655E+007
 2.390E+013  6.559E-012  6.201E+009  9.736E+007
 2.410E+013  6.907E-012  6.201E+009  9.818E+007
 2.430E+013  7.268E-012  6.201E+009  9.900E+007
 2.450E+013  7.641E-012  6.201E+009  9.981E+007
 2.470E+013  8.025E-012  6.201E+009  1.006E+008
 2.490E+013  8.421E-012  6.201E+009  1.014E+008
 2.510E+013  8.827E-012  6.201E+009  1.023E+008
 2.530E+013  9.242E-012  6.201E+009  1.031E+008
 2.550E+013  9.666E-012  6.201E+009  1.039E+008
 2.570E+013  1.010E-011  6.201E+009  1.047E+008
 2.590E+013  1.054E-011  6.201E+009  1.055E+008
 2.610E+013  1.098E-011  6.201E+009  1.063E+008
 2.630E+013  1.143E-011  6.201E+009  1.072E+008
 2.650E+013  1.189E-011  6.201E+009  1.080E+008
 2.670E+013  1.236E-011  6.201E+009  1.088E+008
 2.690E+013  1.282E-011  6.201E+009  1.096E+008
 2.710E+013  1.329E-011  6.201E+009  1.104E+008
 2.730E+013  1.377E-011  6.201E+009  1.112E+008
 2.750E+013  1.425E-011  6.201E+009  1.121E+008
 2.770E+013  1.474E-011  6.201E+009  1.129E+008
 2.790E+013  1.523E-011  6.201E+009  1.137E+008
 2.810E+013  1.572E-011  6.201E+009  1.145E+008
 2.830E+013  1.622E-011  6.201E+009  1.153E+008
 2.850E+013  1.672E-011  6.201E+009  1.161E+008
 2.870E+013  1.723E-011  6.201E+009  1.170E+008
 2.890E+013  1.775E-011  6.201E+009  1.178E+008
 2.910E+013  1.827E-011  6.201E+009  1.186E+008
 2.930E+013  1.880E-011  6.201E+009  1.194E+008
 2.950E+013  1.934E-011  6.201E+009  1.202E+008
 2.970E+013  1.988E-011  6.201E+009  1.210E+008
 2.990E+013  2.044E-011  6.201E+009  1.219E+008
 3.010E+013  2.100E-011  6.201E+009  1.227E+008
 3.030E+013  2.157E-011  6.201E+009  1.235E+008
 3.050E+013  2.216E-011  6.201E+009  1.243E+008
 3.070E+013  2.275E-011  6.201E+009  1.251E+008
 3.090E+013  2.336E-011  6.201E+009  1.259E+008
 3.110E+013  2.399E-011  6.201E+009  1.268E+008
 3.130E+013  2.462E-011  6.201E+009  1.276E+008
 3.150E+013  2.528E-011  6.201E+009  1.284E+008
 3.170E+013  2.594E-011  6.201E+009  1.292E+008
 3.190E+013  2.663E-011  6.200E+009  1.300E+008
 3.210E+013  2.733E-011  6.200E+009  1.308E+008
 3.230E+013  2.805E-011  6.200E+009  1.317E+008
 3.250E+013  2.879E-011  6.200E+009  1.325E+008
 3.270E+013  2.955E-011  6.200E+009  1.333E+008
 3.290E+013  3.033E-011  6.200E+009  1.341E+008
 3.310E+013  3.113E-011  6.200E+009  1.349E+008
 3.330E+013  3.196E-011  6.200E+009  1.357E+008
 3.350E+013  3.280E-011  6.200E+009  1.366E+008
 3.370E+013  3.367E-011  6.200E+009  1.374E+008
 3.390E+013  3.457E-011  6.200E+009  1.382E+008
 3.410E+013  3.549E-011  6.200E+009  1.390E+008
 3.430E+013  3.643E-011  6.200E+009  1.398E+008
 3.450E+013  3.740E-011  6.200E+009  1.406E+008
 3.470E+013  3.840E-011  6.200E+009  1.415E+008
 3.490E+013  3.942E-011  6.200E+009  1.423E+008
 3.510E+013  4.047E-011  6.200E+009  1.431E+008
 3.530E+013  4.155E-011  6.200E+009  1.439E+008
 3.550E+013  4.265E-011  6.200E+009  1.447E+008
 3.570E+013  4.378E-011  6.200E+009  1.455E+008
 3.590E+013  4.494E-011  6.200E+009  1.463E+008
 3.610E+013  4.613E-011  6.200E+009  1.472E+008
 3.630E+013  4.734E-011  6.200E+009  1.480E+008
 3.650E+013  4.858E-011  6.200E+009  1.488E+008
 3.670E+013  4.985E-011  6.200E+009  1.496E+008
 3.690E+013  5.115E-011  6.200E+009  1.504E+008
 3.710E+013  5.247E-011  6.200E+009  1.512E+008
 3.730E+013  5.382E-011  6.200E+009  1.521E+008
 3.750E+013  5.519E-011  6.200E+009  1.529E+008
 3.770E+013  5.659E-011  6.200E+009  1.537E+008
 3.790E+013  5.802E-011  6.200E+009  1.545E+008
 3.810E+013  5.947E-011  6.199E+009  1.553E+008
 3.830E+013  6.095E-011  6.199E+009  1.561E+008
 3.850E+013  6.245E-011  6.199E+009  1.569E+008
 3.870E+013  6.397E-011  6.199E+009  1.578E+008
 3.890E+013  6.552E-011  6.199E+009  1.586E+008
 3.910E+013  6.710E-011  6.199E+009  1.594E+008
 3.930E+013  6.870E-011  6.199E+009  1.602E+008
 3.950E+013  7.032E-011  6.199E+009  1.610E+008
 3.970E+013  7.197E-011  6.199E+009  1.618E+008
 3.990E+013  7.365E-011  6.199E+009  1.626E+008
 4.010E+013  7.534E-011  6.199E+009  1.634E+008
 4.030E+013  7.707E-011  6.199E+009  1.643E+008
 4.050E+013  7.882E-011  6.199E+009  1.651E+008
 4.070E+013  8.060E-011  6.199E+009  1.659E+008
 4.090E+013  8.241E-011  6.199E+009  1.667E+008
 4.110E+013  8.425E-011  6.199E+009  1.675E+008
 4.130E+013  8.611E-011  6.198E+009  1.683E+008
 4.150E+013  8.801E-011  6.198E+009  1.691E+008
 4.170E+013  8.993E-011  6.198E+009  1.699E+008
 4.190E+013  9.190E-011  6.198E+009  1.707E+008
 4.210E+013  9.389E-011  6.198E+009  1.715E+008
 4.230E+013  9.592E-011  6.198E+009  1.724E+008
 4.250E+013  9.798E-011  6.198E+009  1.732E+008
 4.270E+013  1.001E-010  6.198E+009  1.740E+008
 4.290E+013  1.022E-010  6.198E+009  1.748E+008
 4.310E+013  1.044E-010  6.198E+009  1.756E+008
 4.330E+013  1.066E-010  6.197E+009  1.764E+008
 4.350E+013  1.089E-010  6.197E+009  1.772E+008
 4.370E+013  1.112E-010  6.197E+009  1.780E+008
 4.390E+013  1.136E-010  6.197E+009  1.788E+008
 4.410E+013  1.160E-010  6.197E+009  1.796E+008
 4.430E+013  1.184E-010  6.197E+009  1.804E+008
 4.450E+013  1.209E-010  6.197E+009  1.812E+008
 4.470E+013  1.235E-010  6.197E+009  1.820E+008
 4.490E+013  1.261E-010  6.197E+009  1.829E+008
 4.510E+013  1.287E-010  6.196E+009  1.837E+008
 4.530E+013  1.314E-010  6.196E+009  1.845E+008
 4.550E+013  1.342E-010  6.196E+009  1.853E+008
 4.570E+013  1.370E-010  6.196E+009  1.861E+008
 4.590E+013  1.398E-010  6.196E+009  1.869E+008
 4.610E+013  1.427E-010  6.196E+009  1.877E+008
 4.630E+013  1.457E-010  6.196E+009  1.885E+008
 4.650E+013  1.488E-010  6.195E+009  1.893E+008
 4.670E+013  1.518E-010  6.195E+009  1.901E+008
 4.690E+013  1.550E-010  6.195E+009  1.909E+008
 4.710E+013  1.582E-010  6.195E+009  1.917E+008
 4.730E+013  1.614E-010  6.195E+009  1.925E+008
 4.750E+013  1.648E-010  6.195E+009  1.933E+008
 4.770E+013  1.681E-010  6.194E+009  1.941E+008
 4.790E+013  1.716E-010  6.194E+009  1.949E+008
 4.810E+013  1.751E-010  6.194E+009  1.957E+008
 4.830E+013  1.786E-010  6.194E+009  1.965E+008
 4.850E+013  1.822E-010  6.194E+009  1.973E+008
 4.870E+013  1.859E-010  6.193E+009  1.981E+008
 4.890E+013  1.896E-010  6.193E+009  1.989E+008
 4.910E+013  1.934E-010  6.193E+009  1.997E+008
 4.930E+013  1.972E-010  6.193E+009  2.005E+008
 4.950E+013  2.012E-010  6.192E+009  2.013E+008
 4.970E+013  2.051E-010  6.192E+009  2.020E+008
 4.990E+013  2.091E-010  6.192E+009  2.028E+008
 5.010E+013  2.132E-010  6.192E+009  2.036E+008
 5.030E+013  2.174E-010  6.191E+009  2.044E+008
 5.050E+013  2.216E-010  6.191E+009  2.052E+008
 5.070E+013  2.259E-010  6.191E+009  2.060E+008
 5.090E+013  2.302E-010  6.191E+009  2.068E+008
 5.110E+013  2.346E-010  6.190E+009  2.076E+008
 5.130E+013  2.391E-010  6.190E+009  2.084E+008
 5.150E+013  2.436E-010  6.190E+009  2.092E+008
 5.170E+013  2.482E-010  6.189E+009  2.100E+008
 5.190E+013  2.529E-010  6.189E+009  2.107E+008
 5.210E+013  2.576E-010  6.189E+009  2.115E+008
 5.230E+013  2.624E-010  6.189E+009  2.123E+008
 5.250E+013  2.673E-010  6.188E+009  2.131E+008
 5.270E+013  2.723E-010  6.188E+009  2.139E+008
 5.290E+013  2.773E-010  6.187E+009  2.146E+008
 5.310E+013  2.824E-010  6.187E+009  2.154E+008
 5.330E+013  2.875E-010  6.187E+009  2.162E+008
 5.350E+013  2.928E-010  6.186E+009  2.170E+008
 5.370E+013  2.981E-010  6.186E+009  2.177E+008
 5.390E+013  3.034E-010  6.186E+009  2.185E+008
 5.410E+013  3.089E-010  6.185E+009  2.193E+008
 5.430E+013  3.144E-010  6.185E+009  2.201E+008
 5.450E+013  3.200E-010  6.184E+009  2.208E+008
 5.470E+013  3.257E-010  6.184E+009  2.216E+008
 5.490E+013  3.315E-010  6.183E+009  2.224E+008
 5.510E+013  3.373E-010  6.183E+009  2.231E+008
 5.530E+013  3.433E-010  6.183E+009  2.239E+008
 5.550E+013  3.492E-010  6.182E+009  2.247E+008
 5.570E+013  3.553E-010  6.182E+009  2.254E+008
 5.590E+013  3.615E-010  6.181E+009  2.262E+008
 5.610E+013  3.677E-010  6.181E+009  2.270E+008
 5.630E+013  3.740E-010  6.180E+009  2.277E+008
 5.650E+013  3.804E-010  6.180E+009  2.285E+008
 5.670E+013  3.869E-010  6.179E+009  2.292E+008
 5.690E+013  3.934E-010  6.178E+009  2.300E+008
 5.710E+013  4.001E-010  6.178E+009  2.307E+008
 5.730E+013  4.068E-010  6.177E+009  2.314E+008
 5.750E+013  4.136E-010  6.177E+009  2.322E+008
 5.770E+013  4.205E-010  6.176E+009  2.329E+008
 5.790E+013  4.275E-010  6.175E+009  2.337E+008
 5.810E+013  4.345E-010  6.175E+009  2.344E+008
 5.830E+013  4.417E-010  6.174E+009  2.352E+008
 5.850E+013  4.489E-010  6.173E+009  2.359E+008
 5.870E+013  4.563E-010  6.173E+009  2.367E+008
 5.890E+013  4.637E-010  6.172E+009  2.374E+008
 5.910E+013  4.712E-010  6.171E+009  2.381E+008
 5.930E+013  4.788E-010  6.171E+009  2.389E+008
 5.950E+013  4.865E-010  6.170E+009  2.396E+008
 5.970E+013  4.943E-010  6.169E+009  2.403E+008
 5.990E+013  5.022E-010  6.168E+009  2.410E+008
 6.010E+013  5.102E-010  6.168E+009  2.418E+008
 6.030E+013  5.183E-010  6.167E+009  2.425E+008
 6.050E+013  5.265E-010  6.166E+009  2.432E+008
 6.070E+013  5.348E-010  6.165E+009  2.439E+008
 6.090E+013  5.432E-010  6.164E+009  2.446E+008
 6.110E+013  5.517E-010  6.163E+009  2.453E+008
 6.130E+013  5.603E-010  6.162E+009  2.460E+008
 6.150E+013  5.690E-010  6.161E+009  2.467E+008
 6.170E+013  5.779E-010  6.160E+009  2.474E+008
 6.190E+013  5.868E-010  6.160E+009  2.481E+008
 6.210E+013  5.959E-010  6.159E+009  2.488E+008
 6.230E+013  6.051E-010  6.158E+009  2.495E+008
 6.250E+013  6.144E-010  6.157E+009  2.502E+008
 6.270E+013  6.238E-010  6.156E+009  2.509E+008
 6.290E+013  6.334E-010  6.154E+009  2.516E+008
 6.310E+013  6.430E-010  6.153E+009  2.523E+008
 6.330E+013  6.528E-010  6.152E+009  2.529E+008
 6.350E+013  6.627E-010  6.151E+009  2.536E+008
 6.370E+013  6.727E-010  6.150E+009  2.542E+008
 6.390E+013  6.828E-010  6.148E+009  2.549E+008
 6.410E+013  6.931E-010  6.147E+009  2.555E+008
 6.430E+013  7.035E-010  6.146E+009  2.561E+008
 6.450E+013  7.140E-010  6.144E+009  2.568E+008
 6.470E+013  7.247E-010  6.143E+009  2.574E+008
 6.490E+013  7.354E-010  6.142E+009  2.581E+008
 6.510E+013  7.464E-010  6.141E+009  2.587E+008
 6.530E+013  7.574E-010  6.139E+009  2.594E+008
 6.550E+013  7.686E-010  6.138E+009  2.601E+008
 6.570E+013  7.799E-010  6.137E+009  2.607E+008
 6.590E+013  7.913E-010  6.135E+009  2.614E+008
 6.610E+013  8.029E-010  6.134E+009  2.620E+008
 6.630E+013  8.146E-010  6.132E+009  2.627E+008
 6.650E+013  8.264E-010  6.130E+009  2.632E+008
 6.670E+013  8.384E-010  6.129E+009  2.638E+008
 6.690E+013  8.505E-010  6.127E+009  2.644E+008
 6.710E+013  8.627E-010  6.125E+009  2.649E+008
 6.730E+013  8.750E-010  6.123E+009  2.654E+008
 6.750E+013  8.875E-010  6.121E+009  2.660E+008
 6.770E+013  9.002E-010  6.119E+009  2.665E+008
 6.790E+013  9.129E-010  6.117E+009  2.671E+008
 6.810E+013  9.259E-010  6.115E+009  2.677E+008
 6.830E+013  9.390E-010  6.114E+009  2.683E+008
 6.850E+013  9.522E-010  6.112E+009  2.690E+008
 6.870E+013  9.656E-010  6.111E+009  2.696E+008
 6.890E+013  9.791E-010  6.109E+009  2.703E+008
 6.910E+013  9.927E-010  6.107E+009  2.709E+008
 6.930E+013  1.006E-009  6.105E+009  2.715E+008
 6.950E+013  1.020E-009  6.103E+009  2.721E+008
 6.970E+013  1.034E-009  6.100E+009  2.725E+008
 6.990E+013  1.048E-009  6.097E+009  2.729E+008
 7.010E+013  1.063E-009  6.094E+009  2.733E+008
 7.030E+013  1.077E-009  6.091E+009  2.736E+008
 7.050E+013  1.092E-009  6.088E+009  2.739E+008
 7.070E+013  1.106E-009  6.084E+009  2.742E+008
 7.090E+013  1.121E-009  6.081E+009  2.745E+008
 7.110E+013  1.136E-009  6.078E+009  2.748E+008
 7.130E+013  1.151E-009  6.075E+009  2.752E+008
 7.150E+013  1.167E-009  6.073E+009  2.757E+008
 7.170E+013  1.182E-009  6.071E+009  2.763E+008
 7.190E+013  1.198E-009  6.069E+009  2.770E+008
 7.210E+013  1.214E-009  6.068E+009  2.777E+008
 7.230E+013  1.230E-009  6.066E+009  2.785E+008
 7.250E+013  1.246E-009  6.065E+009  2.793E+008
 7.270E+013  1.262E-009  6.063E+009  2.800E+008
 7.290E+013  1.279E-009  6.061E+009  2.807E+008
 7.310E+013  1.296E-009  6.059E+009  2.814E+008
 7.330E+013  1.312E-009  6.055E+009  2.818E+008
 7.350E+013  1.329E-009  6.050E+009  2.820E+008
 7.370E+013  1.346E-009  6.045E+009  2.820E+008
 7.390E+013  1.362E-009  6.037E+009  2.817E+008
 7.410E+013  1.379E-009  6.028E+009  2.810E+008
 7.430E+013  1.395E-009  6.016E+009  2.798E+008
 7.450E+013  1.411E-009  6.001E+009  2.781E+008
 7.470E+013  1.426E-009  5.984E+009  2.758E+008
 7.490E+013  1.442E-009  5.965E+009  2.731E+008
 7.510E+013  1.457E-009  5.944E+009  2.699E+008
 7.530E+013  1.472E-009  5.922E+009  2.665E+008
 7.550E+013  1.487E-009  5.899E+009  2.629E+008
 7.570E+013  1.503E-009  5.875E+009  2.592E+008
 7.590E+013  1.518E-009  5.852E+009  2.555E+008
 7.610E+013  1.533E-009  5.828E+009  2.518E+008
 7.630E+013  1.548E-009  5.804E+009  2.481E+008
 7.650E+013  1.563E-009  5.781E+009  2.446E+008
 7.670E+013  1.579E-009  5.757E+009  2.410E+008
 7.690E+013  1.594E-009  5.734E+009  2.376E+008
 7.710E+013  1.609E-009  5.711E+009  2.341E+008
 7.730E+013  1.625E-009  5.688E+009  2.308E+008
 7.750E+013  1.641E-009  5.665E+009  2.274E+008
 7.770E+013  1.656E-009  5.641E+009  2.241E+008
 7.790E+013  1.672E-009  5.618E+009  2.209E+008
 7.810E+013  1.688E-009  5.595E+009  2.177E+008
 7.830E+013  1.703E-009  5.573E+009  2.145E+008
 7.850E+013  1.719E-009  5.550E+009  2.114E+008
 7.870E+013  1.735E-009  5.527E+009  2.084E+008
 7.890E+013  1.751E-009  5.504E+009  2.053E+008
 7.910E+013  1.767E-009  5.481E+009  2.023E+008
 7.930E+013  1.783E-009  5.458E+009  1.993E+008
 7.950E+013  1.799E-009  5.435E+009  1.964E+008
 7.970E+013  1.815E-009  5.412E+009  1.934E+008
 7.990E+013  1.831E-009  5.390E+009  1.905E+008
 8.010E+013  1.847E-009  5.367E+009  1.876E+008
 8.030E+013  1.863E-009  5.344E+009  1.848E+008
 8.050E+013  1.879E-009  5.321E+009  1.819E+008
 8.070E+013  1.895E-009  5.298E+009  1.791E+008
 8.090E+013  1.911E-009  5.275E+009  1.763E+008
 8.110E+013  1.928E-009  5.252E+009  1.735E+008
 8.130E+013  1.944E-009  5.229E+009  1.708E+008
 8.150E+013  1.960E-009  5.206E+009  1.680E+008
 8.170E+013  1.976E-009  5.183E+009  1.655E+008
 8.190E+013  1.992E-009  5.160E+009  1.626E+008
 8.210E+013  2.009E-009  5.138E+009  1.601E+008
 8.230E+013  2.025E-009  5.113E+009  1.574E+008
 8.250E+013  2.042E-009  5.092E+009  1.546E+008
 8.270E+013  2.058E-009  5.068E+009  1.524E+008
 8.290E+013  2.074E-009  5.044E+009  1.492E+008
 8.310E+013  2.091E-009  5.024E+009  1.471E+008
 8.330E+013  2.106E-009  4.996E+009  1.444E+008
 8.350E+013  2.123E-009  4.975E+009  1.412E+008
 8.370E+013  2.139E-009  4.954E+009  1.398E+008
 8.390E+013  2.154E-009  4.923E+009  1.361E+008
 8.410E+013  2.172E-009  4.908E+009  1.336E+008
 8.430E+013  2.187E-009  4.881E+009  1.324E+008
 8.450E+013  2.201E-009  4.850E+009  1.275E+008
 8.470E+013  2.221E-009  4.841E+009  1.263E+008
 8.490E+013  2.235E-009  4.807E+009  1.251E+008
 8.510E+013  2.248E-009  4.776E+009  1.189E+008
 8.530E+013  2.271E-009  4.776E+009  1.190E+008
 8.550E+013  2.282E-009  4.737E+009  1.186E+008
 8.570E+013  2.293E-009  4.696E+009  1.102E+008
 8.590E+013  2.320E-009  4.709E+009  1.106E+008
 8.610E+013  2.333E-009  4.676E+009  1.134E+008
 8.630E+013  2.335E-009  4.605E+009  1.025E+008
 8.650E+013  2.363E-009  4.623E+009  9.818E+007
 8.670E+013  2.390E-009  4.636E+009  1.079E+008
 8.690E+013  2.379E-009  4.526E+009  1.005E+008
 8.710E+013  2.383E-009  4.468E+009  7.994E+007
 8.730E+013  2.438E-009  4.567E+009  8.856E+007
 8.750E+013  2.458E-009  4.558E+009  1.073E+008
 8.770E+013  2.381E-009  4.251E+009  8.162E+007
 8.790E+013  2.259E-009  3.836E+009  6.236E+006
 8.810E+013  2.181E-009  3.566E+009 -7.009E+007
 8.830E+013  2.157E-009  3.453E+009 -1.106E+008
 8.850E+013  2.162E-009  3.419E+009 -1.228E+008
 8.870E+013  2.175E-009  3.409E+009 -1.241E+008
 8.890E+013  2.191E-009  3.404E+009 -1.226E+008
 8.910E+013  2.207E-009  3.401E+009 -1.206E+008
 8.930E+013  2.224E-009  3.397E+009 -1.185E+008
 8.950E+013  2.241E-009  3.394E+009 -1.163E+008
 8.970E+013  2.257E-009  3.391E+009 -1.141E+008
 8.990E+013  2.274E-009  3.389E+009 -1.119E+008
 9.010E+013  2.292E-009  3.386E+009 -1.097E+008
 9.030E+013  2.309E-009  3.383E+009 -1.074E+008
 9.050E+013  2.326E-009  3.381E+009 -1.052E+008
 9.070E+013  2.344E-009  3.378E+009 -1.029E+008
 9.090E+013  2.362E-009  3.376E+009 -1.007E+008
 9.110E+013  2.380E-009  3.374E+009 -9.845E+007
 9.130E+013  2.398E-009  3.371E+009 -9.621E+007
 9.150E+013  2.416E-009  3.369E+009 -9.399E+007
 9.170E+013  2.434E-009  3.366E+009 -9.177E+007
 9.190E+013  2.452E-009  3.364E+009 -8.956E+007
 9.210E+013  2.471E-009  3.362E+009 -8.736E+007
 9.230E+013  2.490E-009  3.360E+009 -8.516E+007
 9.250E+013  2.508E-009  3.357E+009 -8.296E+007
 9.270E+013  2.527E-009  3.355E+009 -8.076E+007
 9.290E+013  2.546E-009  3.353E+009 -7.857E+007
 9.310E+013  2.566E-009  3.351E+009 -7.637E+007
 9.330E+013  2.585E-009  3.349E+009 -7.417E+007
 9.350E+013  2.605E-009  3.348E+009 -7.196E+007
 9.370E+013  2.624E-009  3.346E+009 -6.976E+007
 9.390E+013  2.644E-009  3.344E+009 -6.754E+007
 9.410E+013  2.664E-009  3.342E+009 -6.533E+007
 9.430E+013  2.685E-009  3.341E+009 -6.311E+007
 9.450E+013  2.705E-009  3.340E+009 -6.089E+007
 9.470E+013  2.726E-009  3.338E+009 -5.867E+007
 9.490E+013  2.747E-009  3.337E+009 -5.644E+007
 9.510E+013  2.768E-009  3.336E+009 -5.422E+007
 9.530E+013  2.789E-009  3.335E+009 -5.199E+007
 9.550E+013  2.810E-009  3.333E+009 -4.977E+007
 9.570E+013  2.832E-009  3.332E+009 -4.754E+007
 9.590E+013  2.853E-009  3.331E+009 -4.532E+007
 9.610E+013  2.875E-009  3.331E+009 -4.310E+007
 9.630E+013  2.897E-009  3.330E+009 -4.089E+007
 9.650E+013  2.919E-009  3.329E+009 -3.868E+007
 9.670E+013  2.942E-009  3.328E+009 -3.647E+007
 9.690E+013  2.964E-009  3.327E+009 -3.427E+007
 9.710E+013  2.987E-009  3.327E+009 -3.207E+007
 9.730E+013  3.010E-009  3.326E+009 -2.989E+007
 9.750E+013  3.033E-009  3.325E+009 -2.770E+007
 9.770E+013  3.056E-009  3.325E+009 -2.553E+007
 9.790E+013  3.080E-009  3.324E+009 -2.336E+007
 9.810E+013  3.104E-009  3.324E+009 -2.120E+007
 9.830E+013  3.127E-009  3.324E+009 -1.904E+007
 9.850E+013  3.151E-009  3.323E+009 -1.690E+007
 9.870E+013  3.176E-009  3.323E+009 -1.476E+007
 9.890E+013  3.200E-009  3.323E+009 -1.263E+007
 9.910E+013  3.224E-009  3.322E+009 -1.050E+007
 9.930E+013  3.250E-009  3.322E+009 -8.385E+006
 9.950E+013  3.281E-009  3.322E+009 -6.277E+006
 9.970E+013  3.314E-009  3.322E+009 -4.177E+006
 9.990E+013  3.338E-009  3.322E+009 -2.084E+006
 1.001E+014  1.000E-099  1.000E-099 -0.000E+000
 1.003E+014  1.000E-099  1.000E-099 -0.000E+000
 2.664E-003
