 2.340E+005
     x1b        dens       energ       v1
 1.000E+011  9.292E-014  1.887E+008  0.000E+000
 3.000E+011  9.331E-014  1.887E+008  1.044E+006
 5.000E+011  9.442E-014  1.887E+008  2.094E+006
 7.000E+011  9.628E-014  1.887E+008  3.140E+006
 9.000E+011  9.863E-014  1.887E+008  4.188E+006
 1.100E+012  1.011E-013  1.887E+008  5.236E+006
 1.300E+012  1.032E-013  1.887E+008  6.284E+006
 1.500E+012  1.048E-013  1.887E+008  7.333E+006
 1.700E+012  1.059E-013  1.887E+008  8.383E+006
 1.900E+012  1.066E-013  1.887E+008  9.435E+006
 2.100E+012  1.071E-013  1.887E+008  1.049E+007
 2.300E+012  1.075E-013  1.887E+008  1.154E+007
 2.500E+012  1.079E-013  1.887E+008  1.260E+007
 2.700E+012  1.083E-013  1.887E+008  1.366E+007
 2.900E+012  1.087E-013  1.887E+008  1.472E+007
 3.100E+012  1.092E-013  1.887E+008  1.578E+007
 3.300E+012  1.098E-013  1.887E+008  1.685E+007
 3.500E+012  1.104E-013  1.887E+008  1.792E+007
 3.700E+012  1.110E-013  1.887E+008  1.899E+007
 3.900E+012  1.117E-013  1.887E+008  2.006E+007
 4.100E+012  1.123E-013  1.887E+008  2.113E+007
 4.300E+012  1.130E-013  1.887E+008  2.221E+007
 4.500E+012  1.136E-013  1.887E+008  2.328E+007
 4.700E+012  1.143E-013  1.887E+008  2.436E+007
 4.900E+012  1.149E-013  1.887E+008  2.545E+007
 5.100E+012  1.156E-013  1.887E+008  2.653E+007
 5.300E+012  1.162E-013  1.887E+008  2.762E+007
 5.500E+012  1.169E-013  1.887E+008  2.870E+007
 5.700E+012  1.176E-013  1.887E+008  2.979E+007
 5.900E+012  1.183E-013  1.887E+008  3.088E+007
 6.100E+012  1.190E-013  1.887E+008  3.197E+007
 6.300E+012  1.197E-013  1.887E+008  3.307E+007
 6.500E+012  1.204E-013  1.887E+008  3.416E+007
 6.700E+012  1.211E-013  1.887E+008  3.525E+007
 6.900E+012  1.218E-013  1.887E+008  3.635E+007
 7.100E+012  1.226E-013  1.887E+008  3.744E+007
 7.300E+012  1.233E-013  1.887E+008  3.853E+007
 7.500E+012  1.240E-013  1.887E+008  3.963E+007
 7.700E+012  1.247E-013  1.887E+008  4.072E+007
 7.900E+012  1.254E-013  1.887E+008  4.182E+007
 8.100E+012  1.261E-013  1.887E+008  4.291E+007
 8.300E+012  1.268E-013  1.887E+008  4.400E+007
 8.500E+012  1.275E-013  1.887E+008  4.509E+007
 8.700E+012  1.281E-013  1.887E+008  4.618E+007
 8.900E+012  1.288E-013  1.887E+008  4.727E+007
 9.100E+012  1.294E-013  1.887E+008  4.836E+007
 9.300E+012  1.300E-013  1.887E+008  4.945E+007
 9.500E+012  1.306E-013  1.887E+008  5.053E+007
 9.700E+012  1.312E-013  1.887E+008  5.161E+007
 9.900E+012  1.317E-013  1.887E+008  5.269E+007
 1.010E+013  1.321E-013  1.887E+008  5.377E+007
 1.030E+013  1.325E-013  1.887E+008  5.485E+007
 1.050E+013  1.329E-013  1.887E+008  5.592E+007
 1.070E+013  1.332E-013  1.887E+008  5.700E+007
 1.090E+013  1.335E-013  1.887E+008  5.807E+007
 1.110E+013  1.336E-013  1.887E+008  5.914E+007
 1.130E+013  1.338E-013  1.887E+008  6.021E+007
 1.150E+013  1.338E-013  1.887E+008  6.128E+007
 1.170E+013  1.339E-013  1.887E+008  6.234E+007
 1.190E+013  1.339E-013  1.887E+008  6.341E+007
 1.210E+013  1.339E-013  1.887E+008  6.447E+007
 1.230E+013  1.339E-013  1.887E+008  6.554E+007
 1.250E+013  1.339E-013  1.887E+008  6.660E+007
 1.270E+013  1.339E-013  1.887E+008  6.766E+007
 1.290E+013  1.339E-013  1.887E+008  6.872E+007
 1.310E+013  1.339E-013  1.887E+008  6.979E+007
 1.330E+013  1.339E-013  1.887E+008  7.085E+007
 1.350E+013  1.339E-013  1.887E+008  7.191E+007
 1.370E+013  1.339E-013  1.887E+008  7.297E+007
 1.390E+013  1.338E-013  1.887E+008  7.403E+007
 1.410E+013  1.338E-013  1.887E+008  7.510E+007
 1.430E+013  1.338E-013  1.887E+008  7.616E+007
 1.450E+013  1.338E-013  1.887E+008  7.723E+007
 1.470E+013  1.338E-013  1.887E+008  7.829E+007
 1.490E+013  1.338E-013  1.887E+008  7.936E+007
 1.510E+013  1.338E-013  1.887E+008  8.043E+007
 1.530E+013  1.337E-013  1.887E+008  8.150E+007
 1.550E+013  1.337E-013  1.887E+008  8.257E+007
 1.570E+013  1.337E-013  1.887E+008  8.364E+007
 1.590E+013  1.336E-013  1.887E+008  8.471E+007
 1.610E+013  1.336E-013  1.887E+008  8.579E+007
 1.630E+013  1.336E-013  1.887E+008  8.686E+007
 1.650E+013  1.335E-013  1.887E+008  8.794E+007
 1.670E+013  1.335E-013  1.887E+008  8.902E+007
 1.690E+013  1.335E-013  1.887E+008  9.010E+007
 1.710E+013  1.334E-013  1.887E+008  9.118E+007
 1.730E+013  1.334E-013  1.887E+008  9.226E+007
 1.750E+013  1.333E-013  1.887E+008  9.334E+007
 1.770E+013  1.333E-013  1.887E+008  9.442E+007
 1.790E+013  1.332E-013  1.887E+008  9.551E+007
 1.810E+013  1.332E-013  1.887E+008  9.659E+007
 1.830E+013  1.332E-013  1.887E+008  9.768E+007
 1.850E+013  1.332E-013  1.887E+008  9.876E+007
 1.870E+013  1.332E-013  1.887E+008  9.984E+007
 1.890E+013  1.332E-013  1.887E+008  1.009E+008
 1.910E+013  1.332E-013  1.887E+008  1.020E+008
 1.930E+013  1.332E-013  1.887E+008  1.031E+008
 1.950E+013  1.332E-013  1.887E+008  1.042E+008
 1.970E+013  1.332E-013  1.887E+008  1.053E+008
 1.990E+013  1.332E-013  1.887E+008  1.064E+008
 2.010E+013  1.332E-013  1.887E+008  1.074E+008
 2.030E+013  1.332E-013  1.887E+008  1.085E+008
 2.050E+013  1.332E-013  1.887E+008  1.096E+008
 2.070E+013  1.332E-013  1.887E+008  1.107E+008
 2.090E+013  1.332E-013  1.887E+008  1.118E+008
 2.110E+013  1.332E-013  1.887E+008  1.128E+008
 2.130E+013  1.332E-013  1.887E+008  1.139E+008
 2.150E+013  1.333E-013  1.887E+008  1.150E+008
 2.170E+013  1.333E-013  1.887E+008  1.161E+008
 2.190E+013  1.333E-013  1.887E+008  1.171E+008
 2.210E+013  1.333E-013  1.887E+008  1.182E+008
 2.230E+013  1.334E-013  1.887E+008  1.193E+008
 2.250E+013  1.334E-013  1.887E+008  1.204E+008
 2.270E+013  1.335E-013  1.887E+008  1.214E+008
 2.290E+013  1.335E-013  1.887E+008  1.225E+008
 2.310E+013  1.336E-013  1.887E+008  1.236E+008
 2.330E+013  1.337E-013  1.887E+008  1.247E+008
 2.350E+013  1.338E-013  1.887E+008  1.257E+008
 2.370E+013  1.339E-013  1.887E+008  1.268E+008
 2.390E+013  1.340E-013  1.887E+008  1.279E+008
 2.410E+013  1.341E-013  1.887E+008  1.289E+008
 2.430E+013  1.342E-013  1.887E+008  1.300E+008
 2.450E+013  1.344E-013  1.887E+008  1.311E+008
 2.470E+013  1.345E-013  1.887E+008  1.322E+008
 2.490E+013  1.347E-013  1.887E+008  1.332E+008
 2.510E+013  1.349E-013  1.887E+008  1.343E+008
 2.530E+013  1.351E-013  1.887E+008  1.354E+008
 2.550E+013  1.353E-013  1.887E+008  1.365E+008
 2.570E+013  1.355E-013  1.887E+008  1.375E+008
 2.590E+013  1.357E-013  1.887E+008  1.386E+008
 2.610E+013  1.360E-013  1.887E+008  1.397E+008
 2.630E+013  1.363E-013  1.887E+008  1.408E+008
 2.650E+013  1.366E-013  1.887E+008  1.418E+008
 2.670E+013  1.369E-013  1.887E+008  1.429E+008
 2.690E+013  1.373E-013  1.887E+008  1.440E+008
 2.710E+013  1.376E-013  1.887E+008  1.451E+008
 2.730E+013  1.380E-013  1.887E+008  1.462E+008
 2.750E+013  1.384E-013  1.887E+008  1.473E+008
 2.770E+013  1.389E-013  1.887E+008  1.483E+008
 2.790E+013  1.393E-013  1.887E+008  1.494E+008
 2.810E+013  1.398E-013  1.887E+008  1.505E+008
 2.830E+013  1.404E-013  1.887E+008  1.516E+008
 2.850E+013  1.409E-013  1.887E+008  1.527E+008
 2.870E+013  1.415E-013  1.887E+008  1.538E+008
 2.890E+013  1.421E-013  1.887E+008  1.549E+008
 2.910E+013  1.427E-013  1.887E+008  1.560E+008
 2.930E+013  1.434E-013  1.887E+008  1.570E+008
 2.950E+013  1.441E-013  1.887E+008  1.581E+008
 2.970E+013  1.449E-013  1.887E+008  1.592E+008
 2.990E+013  1.457E-013  1.887E+008  1.603E+008
 3.010E+013  1.465E-013  1.887E+008  1.614E+008
 3.030E+013  1.474E-013  1.887E+008  1.625E+008
 3.050E+013  1.483E-013  1.887E+008  1.636E+008
 3.070E+013  1.493E-013  1.887E+008  1.647E+008
 3.090E+013  1.503E-013  1.887E+008  1.658E+008
 3.110E+013  1.513E-013  1.887E+008  1.669E+008
 3.130E+013  1.524E-013  1.887E+008  1.679E+008
 3.150E+013  1.536E-013  1.887E+008  1.690E+008
 3.170E+013  1.548E-013  1.887E+008  1.701E+008
 3.190E+013  1.560E-013  1.887E+008  1.712E+008
 3.210E+013  1.573E-013  1.887E+008  1.723E+008
 3.230E+013  1.587E-013  1.887E+008  1.734E+008
 3.250E+013  1.601E-013  1.887E+008  1.745E+008
 3.270E+013  1.616E-013  1.887E+008  1.756E+008
 3.290E+013  1.632E-013  1.887E+008  1.766E+008
 3.310E+013  1.648E-013  1.887E+008  1.777E+008
 3.330E+013  1.665E-013  1.887E+008  1.788E+008
 3.350E+013  1.682E-013  1.887E+008  1.799E+008
 3.370E+013  1.701E-013  1.887E+008  1.810E+008
 3.390E+013  1.720E-013  1.887E+008  1.821E+008
 3.410E+013  1.740E-013  1.887E+008  1.832E+008
 3.430E+013  1.761E-013  1.887E+008  1.842E+008
 3.450E+013  1.782E-013  1.887E+008  1.853E+008
 3.470E+013  1.805E-013  1.887E+008  1.864E+008
 3.490E+013  1.828E-013  1.887E+008  1.875E+008
 3.510E+013  1.852E-013  1.887E+008  1.886E+008
 3.530E+013  1.878E-013  1.887E+008  1.897E+008
 3.550E+013  1.904E-013  1.887E+008  1.908E+008
 3.570E+013  1.931E-013  1.887E+008  1.919E+008
 3.590E+013  1.960E-013  1.887E+008  1.929E+008
 3.610E+013  1.989E-013  1.887E+008  1.940E+008
 3.630E+013  2.020E-013  1.887E+008  1.951E+008
 3.650E+013  2.052E-013  1.887E+008  1.962E+008
 3.670E+013  2.085E-013  1.887E+008  1.973E+008
 3.690E+013  2.120E-013  1.887E+008  1.984E+008
 3.710E+013  2.156E-013  1.887E+008  1.995E+008
 3.730E+013  2.193E-013  1.887E+008  2.006E+008
 3.750E+013  2.232E-013  1.887E+008  2.017E+008
 3.770E+013  2.272E-013  1.887E+008  2.028E+008
 3.790E+013  2.314E-013  1.887E+008  2.039E+008
 3.810E+013  2.357E-013  1.887E+008  2.050E+008
 3.830E+013  2.402E-013  1.887E+008  2.061E+008
 3.850E+013  2.449E-013  1.887E+008  2.072E+008
 3.870E+013  2.498E-013  1.887E+008  2.083E+008
 3.890E+013  2.548E-013  1.887E+008  2.095E+008
 3.910E+013  2.601E-013  1.887E+008  2.106E+008
 3.930E+013  2.655E-013  1.887E+008  2.117E+008
 3.950E+013  2.712E-013  1.887E+008  2.128E+008
 3.970E+013  2.770E-013  1.887E+008  2.139E+008
 3.990E+013  2.831E-013  1.887E+008  2.150E+008
 4.010E+013  2.894E-013  1.887E+008  2.161E+008
 4.030E+013  2.959E-013  1.887E+008  2.172E+008
 4.050E+013  3.027E-013  1.887E+008  2.184E+008
 4.070E+013  3.097E-013  1.887E+008  2.195E+008
 4.090E+013  3.170E-013  1.887E+008  2.206E+008
 4.110E+013  3.245E-013  1.887E+008  2.217E+008
 4.130E+013  3.323E-013  1.887E+008  2.228E+008
 4.150E+013  3.404E-013  1.887E+008  2.239E+008
 4.170E+013  3.488E-013  1.887E+008  2.250E+008
 4.190E+013  3.575E-013  1.887E+008  2.262E+008
 4.210E+013  3.665E-013  1.887E+008  2.273E+008
 4.230E+013  3.758E-013  1.887E+008  2.284E+008
 4.250E+013  3.854E-013  1.887E+008  2.295E+008
 4.270E+013  3.953E-013  1.887E+008  2.306E+008
 4.290E+013  4.056E-013  1.887E+008  2.317E+008
 4.310E+013  4.163E-013  1.887E+008  2.329E+008
 4.330E+013  4.272E-013  1.887E+008  2.340E+008
 4.350E+013  4.386E-013  1.887E+008  2.351E+008
 4.370E+013  4.503E-013  1.887E+008  2.362E+008
 4.390E+013  4.624E-013  1.887E+008  2.374E+008
 4.410E+013  4.748E-013  1.887E+008  2.385E+008
 4.430E+013  4.877E-013  1.887E+008  2.396E+008
 4.450E+013  5.009E-013  1.887E+008  2.408E+008
 4.470E+013  5.146E-013  1.887E+008  2.419E+008
 4.490E+013  5.286E-013  1.887E+008  2.431E+008
 4.510E+013  5.431E-013  1.887E+008  2.442E+008
 4.530E+013  5.580E-013  1.887E+008  2.454E+008
 4.550E+013  5.733E-013  1.887E+008  2.465E+008
 4.570E+013  5.890E-013  1.887E+008  2.477E+008
 4.590E+013  6.051E-013  1.887E+008  2.488E+008
 4.610E+013  6.217E-013  1.887E+008  2.500E+008
 4.630E+013  6.387E-013  1.887E+008  2.512E+008
 4.650E+013  6.561E-013  1.887E+008  2.523E+008
 4.670E+013  6.740E-013  1.887E+008  2.535E+008
 4.690E+013  6.923E-013  1.887E+008  2.547E+008
 4.710E+013  7.110E-013  1.887E+008  2.558E+008
 4.730E+013  7.301E-013  1.887E+008  2.570E+008
 4.750E+013  7.496E-013  1.887E+008  2.582E+008
 4.770E+013  7.696E-013  1.887E+008  2.594E+008
 4.790E+013  7.900E-013  1.887E+008  2.605E+008
 4.810E+013  8.108E-013  1.887E+008  2.617E+008
 4.830E+013  8.320E-013  1.887E+008  2.629E+008
 4.850E+013  8.536E-013  1.887E+008  2.641E+008
 4.870E+013  8.755E-013  1.887E+008  2.652E+008
 4.890E+013  8.979E-013  1.887E+008  2.664E+008
 4.910E+013  9.206E-013  1.887E+008  2.676E+008
 4.930E+013  9.437E-013  1.887E+008  2.688E+008
 4.950E+013  9.671E-013  1.887E+008  2.700E+008
 4.970E+013  9.909E-013  1.887E+008  2.713E+008
 4.990E+013  1.015E-012  1.887E+008  2.725E+008
 5.010E+013  1.039E-012  1.887E+008  2.737E+008
 5.030E+013  1.064E-012  1.887E+008  2.749E+008
 5.050E+013  1.089E-012  1.887E+008  2.762E+008
 5.070E+013  1.115E-012  1.887E+008  2.774E+008
 5.090E+013  1.140E-012  1.887E+008  2.787E+008
 5.110E+013  1.166E-012  1.887E+008  2.799E+008
 5.130E+013  1.192E-012  1.887E+008  2.812E+008
 5.150E+013  1.218E-012  1.887E+008  2.824E+008
 5.170E+013  1.245E-012  1.887E+008  2.837E+008
 5.190E+013  1.272E-012  1.887E+008  2.849E+008
 5.210E+013  1.299E-012  1.886E+008  2.862E+008
 5.230E+013  1.326E-012  1.886E+008  2.874E+008
 5.250E+013  1.353E-012  1.886E+008  2.886E+008
 5.270E+013  1.381E-012  1.886E+008  2.899E+008
 5.290E+013  1.409E-012  1.886E+008  2.912E+008
 5.310E+013  1.437E-012  1.886E+008  2.924E+008
 5.330E+013  1.465E-012  1.886E+008  2.937E+008
 5.350E+013  1.493E-012  1.886E+008  2.950E+008
 5.370E+013  1.521E-012  1.886E+008  2.963E+008
 5.390E+013  1.550E-012  1.886E+008  2.976E+008
 5.410E+013  1.579E-012  1.886E+008  2.989E+008
 5.430E+013  1.607E-012  1.886E+008  3.003E+008
 5.450E+013  1.636E-012  1.886E+008  3.016E+008
 5.470E+013  1.665E-012  1.886E+008  3.029E+008
 5.490E+013  1.695E-012  1.886E+008  3.042E+008
 5.510E+013  1.724E-012  1.886E+008  3.055E+008
 5.530E+013  1.753E-012  1.886E+008  3.068E+008
 5.550E+013  1.783E-012  1.885E+008  3.081E+008
 5.570E+013  1.813E-012  1.885E+008  3.093E+008
 5.590E+013  1.842E-012  1.885E+008  3.106E+008
 5.610E+013  1.872E-012  1.885E+008  3.119E+008
 5.630E+013  1.902E-012  1.885E+008  3.132E+008
 5.650E+013  1.933E-012  1.885E+008  3.145E+008
 5.670E+013  1.963E-012  1.885E+008  3.158E+008
 5.690E+013  1.994E-012  1.885E+008  3.171E+008
 5.710E+013  2.024E-012  1.885E+008  3.185E+008
 5.730E+013  2.055E-012  1.885E+008  3.198E+008
 5.750E+013  2.086E-012  1.885E+008  3.211E+008
 5.770E+013  2.117E-012  1.885E+008  3.225E+008
 5.790E+013  2.148E-012  1.884E+008  3.238E+008
 5.810E+013  2.180E-012  1.884E+008  3.251E+008
 5.830E+013  2.212E-012  1.884E+008  3.263E+008
 5.850E+013  2.244E-012  1.884E+008  3.276E+008
 5.870E+013  2.276E-012  1.884E+008  3.288E+008
 5.890E+013  2.308E-012  1.884E+008  3.301E+008
 5.910E+013  2.341E-012  1.884E+008  3.313E+008
 5.930E+013  2.373E-012  1.884E+008  3.325E+008
 5.950E+013  2.406E-012  1.884E+008  3.337E+008
 5.970E+013  2.440E-012  1.883E+008  3.350E+008
 5.990E+013  2.473E-012  1.883E+008  3.362E+008
 6.010E+013  2.507E-012  1.883E+008  3.375E+008
 6.030E+013  2.541E-012  1.883E+008  3.387E+008
 6.050E+013  2.576E-012  1.883E+008  3.400E+008
 6.070E+013  2.610E-012  1.883E+008  3.412E+008
 6.090E+013  2.646E-012  1.883E+008  3.424E+008
 6.110E+013  2.681E-012  1.883E+008  3.436E+008
 6.130E+013  2.717E-012  1.883E+008  3.447E+008
 6.150E+013  2.753E-012  1.883E+008  3.458E+008
 6.170E+013  2.789E-012  1.883E+008  3.469E+008
 6.190E+013  2.826E-012  1.882E+008  3.479E+008
 6.210E+013  2.863E-012  1.882E+008  3.490E+008
 6.230E+013  2.901E-012  1.882E+008  3.501E+008
 6.250E+013  2.939E-012  1.882E+008  3.511E+008
 6.270E+013  2.977E-012  1.882E+008  3.522E+008
 6.290E+013  3.016E-012  1.882E+008  3.533E+008
 6.310E+013  3.056E-012  1.882E+008  3.544E+008
 6.330E+013  3.096E-012  1.882E+008  3.555E+008
 6.350E+013  3.136E-012  1.882E+008  3.565E+008
 6.370E+013  3.177E-012  1.882E+008  3.575E+008
 6.390E+013  3.218E-012  1.882E+008  3.584E+008
 6.410E+013  3.260E-012  1.882E+008  3.593E+008
 6.430E+013  3.303E-012  1.882E+008  3.602E+008
 6.450E+013  3.346E-012  1.882E+008  3.609E+008
 6.470E+013  3.389E-012  1.882E+008  3.617E+008
 6.490E+013  3.433E-012  1.882E+008  3.624E+008
 6.510E+013  3.478E-012  1.882E+008  3.632E+008
 6.530E+013  3.524E-012  1.883E+008  3.639E+008
 6.550E+013  3.570E-012  1.883E+008  3.647E+008
 6.570E+013  3.616E-012  1.883E+008  3.655E+008
 6.590E+013  3.664E-012  1.883E+008  3.662E+008
 6.610E+013  3.712E-012  1.884E+008  3.669E+008
 6.630E+013  3.761E-012  1.884E+008  3.676E+008
 6.650E+013  3.810E-012  1.884E+008  3.681E+008
 6.670E+013  3.860E-012  1.884E+008  3.686E+008
 6.690E+013  3.911E-012  1.885E+008  3.689E+008
 6.710E+013  3.963E-012  1.885E+008  3.691E+008
 6.730E+013  4.015E-012  1.885E+008  3.692E+008
 6.750E+013  4.068E-012  1.886E+008  3.693E+008
 6.770E+013  4.122E-012  1.886E+008  3.693E+008
 6.790E+013  4.177E-012  1.887E+008  3.694E+008
 6.810E+013  4.232E-012  1.887E+008  3.694E+008
 6.830E+013  4.289E-012  1.888E+008  3.695E+008
 6.850E+013  4.346E-012  1.889E+008  3.696E+008
 6.870E+013  4.404E-012  1.889E+008  3.697E+008
 6.890E+013  4.463E-012  1.890E+008  3.698E+008
 6.910E+013  4.522E-012  1.890E+008  3.699E+008
 6.930E+013  4.583E-012  1.891E+008  3.699E+008
 6.950E+013  4.644E-012  1.891E+008  3.699E+008
 6.970E+013  4.705E-012  1.892E+008  3.698E+008
 6.990E+013  4.768E-012  1.892E+008  3.697E+008
 7.010E+013  4.831E-012  1.892E+008  3.697E+008
 7.030E+013  4.895E-012  1.892E+008  3.698E+008
 7.050E+013  4.959E-012  1.892E+008  3.701E+008
 7.070E+013  5.025E-012  1.892E+008  3.706E+008
 7.090E+013  5.091E-012  1.892E+008  3.713E+008
 7.110E+013  5.157E-012  1.892E+008  3.723E+008
 7.130E+013  5.225E-012  1.892E+008  3.735E+008
 7.150E+013  5.294E-012  1.892E+008  3.747E+008
 7.170E+013  5.363E-012  1.892E+008  3.760E+008
 7.190E+013  5.433E-012  1.892E+008  3.772E+008
 7.210E+013  5.504E-012  1.891E+008  3.782E+008
 7.230E+013  5.576E-012  1.891E+008  3.788E+008
 7.250E+013  5.649E-012  1.891E+008  3.790E+008
 7.270E+013  5.722E-012  1.891E+008  3.788E+008
 7.290E+013  5.796E-012  1.890E+008  3.782E+008
 7.310E+013  5.871E-012  1.890E+008  3.770E+008
 7.330E+013  5.946E-012  1.890E+008  3.755E+008
 7.350E+013  6.023E-012  1.890E+008  3.737E+008
 7.370E+013  6.102E-012  1.890E+008  3.716E+008
 7.390E+013  6.181E-012  1.891E+008  3.693E+008
 7.410E+013  6.262E-012  1.891E+008  3.669E+008
 7.430E+013  6.345E-012  1.893E+008  3.644E+008
 7.450E+013  6.429E-012  1.894E+008  3.618E+008
 7.470E+013  6.515E-012  1.896E+008  3.592E+008
 7.490E+013  6.603E-012  1.898E+008  3.567E+008
 7.510E+013  6.692E-012  1.901E+008  3.543E+008
 7.530E+013  6.783E-012  1.904E+008  3.522E+008
 7.550E+013  6.875E-012  1.906E+008  3.503E+008
 7.570E+013  6.968E-012  1.909E+008  3.488E+008
 7.590E+013  7.062E-012  1.912E+008  3.476E+008
 7.610E+013  7.156E-012  1.914E+008  3.468E+008
 7.630E+013  7.251E-012  1.917E+008  3.462E+008
 7.650E+013  7.346E-012  1.919E+008  3.461E+008
 7.670E+013  7.442E-012  1.921E+008  3.462E+008
 7.690E+013  7.538E-012  1.922E+008  3.467E+008
 7.710E+013  7.634E-012  1.923E+008  3.474E+008
 7.730E+013  7.729E-012  1.924E+008  3.484E+008
 7.750E+013  7.825E-012  1.924E+008  3.495E+008
 7.770E+013  7.922E-012  1.925E+008  3.507E+008
 7.790E+013  8.018E-012  1.925E+008  3.518E+008
 7.810E+013  8.116E-012  1.925E+008  3.527E+008
 7.830E+013  8.214E-012  1.925E+008  3.533E+008
 7.850E+013  8.312E-012  1.925E+008  3.534E+008
 7.870E+013  8.412E-012  1.925E+008  3.531E+008
 7.890E+013  8.513E-012  1.925E+008  3.522E+008
 7.910E+013  8.615E-012  1.925E+008  3.509E+008
 7.930E+013  8.717E-012  1.925E+008  3.493E+008
 7.950E+013  8.818E-012  1.925E+008  3.475E+008
 7.970E+013  8.920E-012  1.924E+008  3.458E+008
 7.990E+013  9.021E-012  1.923E+008  3.443E+008
 8.010E+013  9.122E-012  1.922E+008  3.429E+008
 8.030E+013  9.222E-012  1.920E+008  3.417E+008
 8.050E+013  9.322E-012  1.918E+008  3.404E+008
 8.070E+013  9.422E-012  1.916E+008  3.389E+008
 8.090E+013  9.523E-012  1.913E+008  3.374E+008
 8.110E+013  9.623E-012  1.911E+008  3.357E+008
 8.130E+013  9.724E-012  1.908E+008  3.342E+008
 8.150E+013  9.824E-012  1.905E+008  3.327E+008
 8.170E+013  9.924E-012  1.902E+008  3.314E+008
 8.190E+013  1.003E-011  1.899E+008  3.300E+008
 8.210E+013  1.013E-011  1.896E+008  3.284E+008
 8.230E+013  1.023E-011  1.894E+008  3.265E+008
 8.250E+013  1.034E-011  1.892E+008  3.243E+008
 8.270E+013  1.045E-011  1.890E+008  3.218E+008
 8.290E+013  1.055E-011  1.888E+008  3.192E+008
 8.310E+013  1.066E-011  1.886E+008  3.165E+008
 8.330E+013  1.077E-011  1.884E+008  3.134E+008
 8.350E+013  1.088E-011  1.883E+008  3.097E+008
 8.370E+013  1.100E-011  1.881E+008  3.055E+008
 8.390E+013  1.111E-011  1.879E+008  3.009E+008
 8.410E+013  1.122E-011  1.878E+008  2.960E+008
 8.430E+013  1.133E-011  1.875E+008  2.909E+008
 8.450E+013  1.145E-011  1.873E+008  2.856E+008
 8.470E+013  1.156E-011  1.871E+008  2.801E+008
 8.490E+013  1.167E-011  1.868E+008  2.744E+008
 8.510E+013  1.179E-011  1.866E+008  2.686E+008
 8.530E+013  1.190E-011  1.863E+008  2.629E+008
 8.550E+013  1.202E-011  1.861E+008  2.572E+008
 8.570E+013  1.214E-011  1.858E+008  2.514E+008
 8.590E+013  1.225E-011  1.856E+008  2.455E+008
 8.610E+013  1.237E-011  1.854E+008  2.396E+008
 8.630E+013  1.250E-011  1.852E+008  2.338E+008
 8.650E+013  1.262E-011  1.851E+008  2.282E+008
 8.670E+013  1.274E-011  1.849E+008  2.226E+008
 8.690E+013  1.287E-011  1.848E+008  2.171E+008
 8.710E+013  1.300E-011  1.846E+008  2.118E+008
 8.730E+013  1.313E-011  1.845E+008  2.066E+008
 8.750E+013  1.326E-011  1.844E+008  2.017E+008
 8.770E+013  1.339E-011  1.843E+008  1.969E+008
 8.790E+013  1.353E-011  1.842E+008  1.922E+008
 8.810E+013  1.366E-011  1.841E+008  1.877E+008
 8.830E+013  1.380E-011  1.841E+008  1.835E+008
 8.850E+013  1.394E-011  1.840E+008  1.793E+008
 8.870E+013  1.408E-011  1.839E+008  1.754E+008
 8.890E+013  1.422E-011  1.838E+008  1.717E+008
 8.910E+013  1.436E-011  1.837E+008  1.684E+008
 8.930E+013  1.450E-011  1.835E+008  1.654E+008
 8.950E+013  1.464E-011  1.833E+008  1.627E+008
 8.970E+013  1.478E-011  1.831E+008  1.604E+008
 8.990E+013  1.492E-011  1.829E+008  1.583E+008
 9.010E+013  1.506E-011  1.827E+008  1.563E+008
 9.030E+013  1.520E-011  1.824E+008  1.543E+008
 9.050E+013  1.535E-011  1.822E+008  1.520E+008
 9.070E+013  1.549E-011  1.819E+008  1.493E+008
 9.090E+013  1.564E-011  1.817E+008  1.462E+008
 9.110E+013  1.578E-011  1.814E+008  1.429E+008
 9.130E+013  1.592E-011  1.811E+008  1.395E+008
 9.150E+013  1.607E-011  1.808E+008  1.362E+008
 9.170E+013  1.621E-011  1.804E+008  1.328E+008
 9.190E+013  1.635E-011  1.800E+008  1.291E+008
 9.210E+013  1.650E-011  1.796E+008  1.250E+008
 9.230E+013  1.664E-011  1.792E+008  1.209E+008
 9.250E+013  1.678E-011  1.787E+008  1.168E+008
 9.270E+013  1.692E-011  1.782E+008  1.126E+008
 9.290E+013  1.705E-011  1.777E+008  1.082E+008
 9.310E+013  1.719E-011  1.772E+008  1.036E+008
 9.330E+013  1.733E-011  1.766E+008  9.899E+007
 9.350E+013  1.747E-011  1.761E+008  9.441E+007
 9.370E+013  1.761E-011  1.755E+008  8.971E+007
 9.390E+013  1.776E-011  1.750E+008  8.488E+007
 9.410E+013  1.790E-011  1.745E+008  8.010E+007
 9.430E+013  1.804E-011  1.740E+008  7.540E+007
 9.450E+013  1.819E-011  1.736E+008  7.066E+007
 9.470E+013  1.834E-011  1.731E+008  6.596E+007
 9.490E+013  1.849E-011  1.727E+008  6.147E+007
 9.510E+013  1.864E-011  1.723E+008  5.711E+007
 9.530E+013  1.880E-011  1.719E+008  5.288E+007
 9.550E+013  1.895E-011  1.715E+008  4.893E+007
 9.570E+013  1.911E-011  1.711E+008  4.522E+007
 9.590E+013  1.927E-011  1.708E+008  4.169E+007
 9.610E+013  1.944E-011  1.705E+008  3.844E+007
 9.630E+013  1.960E-011  1.701E+008  3.543E+007
 9.650E+013  1.977E-011  1.699E+008  3.259E+007
 9.670E+013  1.994E-011  1.696E+008  2.996E+007
 9.690E+013  2.011E-011  1.693E+008  2.750E+007
 9.710E+013  2.028E-011  1.691E+008  2.514E+007
 9.730E+013  2.046E-011  1.689E+008  2.292E+007
 9.750E+013  2.064E-011  1.687E+008  2.081E+007
 9.770E+013  2.082E-011  1.685E+008  1.881E+007
 9.790E+013  2.100E-011  1.683E+008  1.699E+007
 9.810E+013  2.118E-011  1.681E+008  1.535E+007
 9.830E+013  2.137E-011  1.680E+008  1.393E+007
 9.850E+013  2.156E-011  1.678E+008  1.266E+007
 9.870E+013  2.175E-011  1.677E+008  1.151E+007
 9.890E+013  2.194E-011  1.675E+008  1.054E+007
 9.910E+013  2.213E-011  1.674E+008  9.706E+006
 9.930E+013  2.232E-011  1.672E+008  9.029E+006
 9.950E+013  2.252E-011  1.671E+008  8.513E+006
 9.970E+013  2.273E-011  1.670E+008  8.163E+006
 9.990E+013  2.303E-011  1.668E+008  7.986E+006
 1.001E+014  1.000E-099  1.000E-099  7.986E+006
 1.003E+014  1.000E-099  1.000E-099  7.986E+006
 7.420E-003
