 6.600E+004
     x1b        dens       energ       v1
 1.000E+011  6.816E-013  5.271E+009  0.000E+000
 3.000E+011  7.013E-013  5.271E+009 -1.704E+007
 5.000E+011  7.362E-013  5.268E+009 -3.359E+007
 7.000E+011  7.669E-013  5.265E+009 -2.934E+007
 9.000E+011  7.830E-013  5.263E+009 -1.586E+007
 1.100E+012  7.898E-013  5.263E+009  1.154E+006
 1.300E+012  7.945E-013  5.263E+009  1.198E+007
 1.500E+012  8.008E-013  5.263E+009  1.035E+007
 1.700E+012  8.092E-013  5.264E+009 -2.402E+006
 1.900E+012  8.187E-013  5.264E+009 -1.989E+007
 2.100E+012  8.279E-013  5.263E+009 -3.355E+007
 2.300E+012  8.366E-013  5.263E+009 -3.762E+007
 2.500E+012  8.455E-013  5.263E+009 -3.224E+007
 2.700E+012  8.549E-013  5.263E+009 -2.319E+007
 2.900E+012  8.647E-013  5.263E+009 -1.761E+007
 3.100E+012  8.749E-013  5.264E+009 -1.866E+007
 3.300E+012  8.851E-013  5.264E+009 -2.449E+007
 3.500E+012  8.953E-013  5.263E+009 -3.063E+007
 3.700E+012  9.055E-013  5.263E+009 -3.346E+007
 3.900E+012  9.157E-013  5.263E+009 -3.266E+007
 4.100E+012  9.257E-013  5.263E+009 -3.146E+007
 4.300E+012  9.356E-013  5.263E+009 -3.319E+007
 4.500E+012  9.452E-013  5.264E+009 -3.860E+007
 4.700E+012  9.544E-013  5.264E+009 -4.520E+007
 4.900E+012  9.629E-013  5.264E+009 -4.917E+007
 5.100E+012  9.704E-013  5.264E+009 -4.858E+007
 5.300E+012  9.765E-013  5.263E+009 -4.503E+007
 5.500E+012  9.811E-013  5.263E+009 -4.251E+007
 5.700E+012  9.840E-013  5.263E+009 -4.401E+007
 5.900E+012  9.855E-013  5.263E+009 -4.916E+007
 6.100E+012  9.861E-013  5.263E+009 -5.500E+007
 6.300E+012  9.863E-013  5.263E+009 -5.853E+007
 6.500E+012  9.862E-013  5.263E+009 -5.918E+007
 6.700E+012  9.861E-013  5.263E+009 -5.860E+007
 6.900E+012  9.860E-013  5.263E+009 -5.893E+007
 7.100E+012  9.859E-013  5.263E+009 -6.093E+007
 7.300E+012  9.858E-013  5.263E+009 -6.374E+007
 7.500E+012  9.856E-013  5.264E+009 -6.587E+007
 7.700E+012  9.854E-013  5.264E+009 -6.673E+007
 7.900E+012  9.851E-013  5.263E+009 -6.710E+007
 8.100E+012  9.847E-013  5.263E+009 -6.836E+007
 8.300E+012  9.841E-013  5.263E+009 -7.117E+007
 8.500E+012  9.836E-013  5.263E+009 -7.491E+007
 8.700E+012  9.829E-013  5.263E+009 -7.821E+007
 8.900E+012  9.823E-013  5.263E+009 -8.030E+007
 9.100E+012  9.818E-013  5.263E+009 -8.130E+007
 9.300E+012  9.813E-013  5.263E+009 -8.184E+007
 9.500E+012  9.811E-013  5.263E+009 -8.259E+007
 9.700E+012  9.809E-013  5.263E+009 -8.381E+007
 9.900E+012  9.809E-013  5.263E+009 -8.539E+007
 1.010E+013  9.809E-013  5.263E+009 -8.727E+007
 1.030E+013  9.810E-013  5.263E+009 -8.973E+007
 1.050E+013  9.810E-013  5.263E+009 -9.261E+007
 1.070E+013  9.811E-013  5.263E+009 -9.510E+007
 1.090E+013  9.813E-013  5.263E+009 -9.654E+007
 1.110E+013  9.816E-013  5.263E+009 -9.709E+007
 1.130E+013  9.821E-013  5.263E+009 -9.763E+007
 1.150E+013  9.826E-013  5.263E+009 -9.925E+007
 1.170E+013  9.834E-013  5.263E+009 -1.023E+008
 1.190E+013  9.843E-013  5.263E+009 -1.055E+008
 1.210E+013  9.855E-013  5.263E+009 -1.074E+008
 1.230E+013  9.869E-013  5.263E+009 -1.082E+008
 1.250E+013  9.887E-013  5.263E+009 -1.090E+008
 1.270E+013  9.908E-013  5.263E+009 -1.110E+008
 1.290E+013  9.932E-013  5.263E+009 -1.139E+008
 1.310E+013  9.962E-013  5.263E+009 -1.165E+008
 1.330E+013  9.996E-013  5.263E+009 -1.179E+008
 1.350E+013  1.003E-012  5.263E+009 -1.184E+008
 1.370E+013  1.008E-012  5.263E+009 -1.193E+008
 1.390E+013  1.013E-012  5.263E+009 -1.210E+008
 1.410E+013  1.019E-012  5.263E+009 -1.231E+008
 1.430E+013  1.025E-012  5.263E+009 -1.253E+008
 1.450E+013  1.032E-012  5.263E+009 -1.275E+008
 1.470E+013  1.040E-012  5.263E+009 -1.298E+008
 1.490E+013  1.049E-012  5.263E+009 -1.319E+008
 1.510E+013  1.059E-012  5.263E+009 -1.334E+008
 1.530E+013  1.069E-012  5.263E+009 -1.342E+008
 1.550E+013  1.081E-012  5.263E+009 -1.350E+008
 1.570E+013  1.094E-012  5.263E+009 -1.370E+008
 1.590E+013  1.108E-012  5.263E+009 -1.401E+008
 1.610E+013  1.124E-012  5.263E+009 -1.431E+008
 1.630E+013  1.141E-012  5.263E+009 -1.451E+008
 1.650E+013  1.159E-012  5.263E+009 -1.460E+008
 1.670E+013  1.179E-012  5.263E+009 -1.467E+008
 1.690E+013  1.201E-012  5.263E+009 -1.480E+008
 1.710E+013  1.225E-012  5.263E+009 -1.498E+008
 1.730E+013  1.250E-012  5.263E+009 -1.513E+008
 1.750E+013  1.278E-012  5.263E+009 -1.533E+008
 1.770E+013  1.308E-012  5.263E+009 -1.560E+008
 1.790E+013  1.340E-012  5.263E+009 -1.580E+008
 1.810E+013  1.375E-012  5.263E+009 -1.594E+008
 1.830E+013  1.413E-012  5.263E+009 -1.613E+008
 1.850E+013  1.454E-012  5.263E+009 -1.637E+008
 1.870E+013  1.498E-012  5.263E+009 -1.654E+008
 1.890E+013  1.546E-012  5.263E+009 -1.664E+008
 1.910E+013  1.597E-012  5.263E+009 -1.676E+008
 1.930E+013  1.652E-012  5.263E+009 -1.692E+008
 1.950E+013  1.712E-012  5.263E+009 -1.716E+008
 1.970E+013  1.776E-012  5.263E+009 -1.744E+008
 1.990E+013  1.845E-012  5.263E+009 -1.765E+008
 2.010E+013  1.919E-012  5.263E+009 -1.775E+008
 2.030E+013  1.998E-012  5.263E+009 -1.779E+008
 2.050E+013  2.084E-012  5.263E+009 -1.791E+008
 2.070E+013  2.176E-012  5.263E+009 -1.818E+008
 2.090E+013  2.274E-012  5.263E+009 -1.851E+008
 2.110E+013  2.380E-012  5.263E+009 -1.874E+008
 2.130E+013  2.493E-012  5.263E+009 -1.884E+008
 2.150E+013  2.614E-012  5.263E+009 -1.890E+008
 2.170E+013  2.744E-012  5.263E+009 -1.907E+008
 2.190E+013  2.882E-012  5.263E+009 -1.932E+008
 2.210E+013  3.030E-012  5.262E+009 -1.951E+008
 2.230E+013  3.188E-012  5.262E+009 -1.967E+008
 2.250E+013  3.355E-012  5.263E+009 -1.984E+008
 2.270E+013  3.534E-012  5.263E+009 -2.003E+008
 2.290E+013  3.723E-012  5.262E+009 -2.019E+008
 2.310E+013  3.923E-012  5.262E+009 -2.038E+008
 2.330E+013  4.135E-012  5.262E+009 -2.060E+008
 2.350E+013  4.358E-012  5.263E+009 -2.073E+008
 2.370E+013  4.593E-012  5.262E+009 -2.084E+008
 2.390E+013  4.840E-012  5.262E+009 -2.112E+008
 2.410E+013  5.099E-012  5.262E+009 -2.135E+008
 2.430E+013  5.370E-012  5.262E+009 -2.137E+008
 2.450E+013  5.653E-012  5.262E+009 -2.160E+008
 2.470E+013  5.947E-012  5.262E+009 -2.192E+008
 2.490E+013  6.252E-012  5.262E+009 -2.190E+008
 2.510E+013  6.568E-012  5.262E+009 -2.212E+008
 2.530E+013  6.894E-012  5.261E+009 -2.243E+008
 2.550E+013  7.231E-012  5.262E+009 -2.247E+008
 2.570E+013  7.576E-012  5.261E+009 -2.276E+008
 2.590E+013  7.931E-012  5.262E+009 -2.284E+008
 2.610E+013  8.293E-012  5.261E+009 -2.304E+008
 2.630E+013  8.663E-012  5.261E+009 -2.326E+008
 2.650E+013  9.040E-012  5.261E+009 -2.343E+008
 2.670E+013  9.423E-012  5.261E+009 -2.360E+008
 2.690E+013  9.812E-012  5.261E+009 -2.377E+008
 2.710E+013  1.021E-011  5.261E+009 -2.396E+008
 2.730E+013  1.061E-011  5.261E+009 -2.414E+008
 2.750E+013  1.101E-011  5.261E+009 -2.434E+008
 2.770E+013  1.142E-011  5.261E+009 -2.450E+008
 2.790E+013  1.183E-011  5.260E+009 -2.467E+008
 2.810E+013  1.224E-011  5.260E+009 -2.489E+008
 2.830E+013  1.266E-011  5.260E+009 -2.506E+008
 2.850E+013  1.309E-011  5.260E+009 -2.520E+008
 2.870E+013  1.351E-011  5.260E+009 -2.543E+008
 2.890E+013  1.394E-011  5.260E+009 -2.562E+008
 2.910E+013  1.438E-011  5.260E+009 -2.576E+008
 2.930E+013  1.481E-011  5.259E+009 -2.597E+008
 2.950E+013  1.526E-011  5.259E+009 -2.615E+008
 2.970E+013  1.570E-011  5.259E+009 -2.633E+008
 2.990E+013  1.616E-011  5.258E+009 -2.651E+008
 3.010E+013  1.662E-011  5.259E+009 -2.672E+008
 3.030E+013  1.708E-011  5.258E+009 -2.685E+008
 3.050E+013  1.755E-011  5.258E+009 -2.709E+008
 3.070E+013  1.803E-011  5.258E+009 -2.724E+008
 3.090E+013  1.851E-011  5.258E+009 -2.744E+008
 3.110E+013  1.901E-011  5.257E+009 -2.761E+008
 3.130E+013  1.951E-011  5.257E+009 -2.781E+008
 3.150E+013  2.002E-011  5.257E+009 -2.799E+008
 3.170E+013  2.054E-011  5.257E+009 -2.818E+008
 3.190E+013  2.107E-011  5.256E+009 -2.836E+008
 3.210E+013  2.161E-011  5.256E+009 -2.855E+008
 3.230E+013  2.217E-011  5.256E+009 -2.874E+008
 3.250E+013  2.273E-011  5.255E+009 -2.893E+008
 3.270E+013  2.331E-011  5.255E+009 -2.912E+008
 3.290E+013  2.391E-011  5.255E+009 -2.931E+008
 3.310E+013  2.452E-011  5.254E+009 -2.950E+008
 3.330E+013  2.514E-011  5.254E+009 -2.969E+008
 3.350E+013  2.578E-011  5.254E+009 -2.988E+008
 3.370E+013  2.644E-011  5.253E+009 -3.007E+008
 3.390E+013  2.711E-011  5.253E+009 -3.027E+008
 3.410E+013  2.780E-011  5.253E+009 -3.046E+008
 3.430E+013  2.851E-011  5.252E+009 -3.066E+008
 3.450E+013  2.924E-011  5.252E+009 -3.085E+008
 3.470E+013  2.999E-011  5.251E+009 -3.105E+008
 3.490E+013  3.075E-011  5.251E+009 -3.124E+008
 3.510E+013  3.154E-011  5.251E+009 -3.143E+008
 3.530E+013  3.235E-011  5.250E+009 -3.163E+008
 3.550E+013  3.318E-011  5.250E+009 -3.182E+008
 3.570E+013  3.403E-011  5.249E+009 -3.201E+008
 3.590E+013  3.491E-011  5.249E+009 -3.220E+008
 3.610E+013  3.581E-011  5.248E+009 -3.239E+008
 3.630E+013  3.673E-011  5.248E+009 -3.258E+008
 3.650E+013  3.767E-011  5.248E+009 -3.277E+008
 3.670E+013  3.863E-011  5.247E+009 -3.296E+008
 3.690E+013  3.962E-011  5.247E+009 -3.315E+008
 3.710E+013  4.063E-011  5.246E+009 -3.333E+008
 3.730E+013  4.167E-011  5.246E+009 -3.353E+008
 3.750E+013  4.272E-011  5.245E+009 -3.372E+008
 3.770E+013  4.380E-011  5.245E+009 -3.391E+008
 3.790E+013  4.491E-011  5.244E+009 -3.410E+008
 3.810E+013  4.603E-011  5.243E+009 -3.430E+008
 3.830E+013  4.718E-011  5.243E+009 -3.450E+008
 3.850E+013  4.835E-011  5.242E+009 -3.470E+008
 3.870E+013  4.954E-011  5.241E+009 -3.490E+008
 3.890E+013  5.075E-011  5.241E+009 -3.511E+008
 3.910E+013  5.198E-011  5.240E+009 -3.532E+008
 3.930E+013  5.324E-011  5.239E+009 -3.554E+008
 3.950E+013  5.451E-011  5.238E+009 -3.575E+008
 3.970E+013  5.581E-011  5.238E+009 -3.596E+008
 3.990E+013  5.713E-011  5.237E+009 -3.617E+008
 4.010E+013  5.846E-011  5.236E+009 -3.637E+008
 4.030E+013  5.982E-011  5.235E+009 -3.656E+008
 4.050E+013  6.120E-011  5.235E+009 -3.674E+008
 4.070E+013  6.260E-011  5.234E+009 -3.692E+008
 4.090E+013  6.402E-011  5.234E+009 -3.707E+008
 4.110E+013  6.547E-011  5.234E+009 -3.723E+008
 4.130E+013  6.693E-011  5.234E+009 -3.737E+008
 4.150E+013  6.842E-011  5.233E+009 -3.751E+008
 4.170E+013  6.992E-011  5.233E+009 -3.766E+008
 4.190E+013  7.145E-011  5.232E+009 -3.783E+008
 4.210E+013  7.300E-011  5.232E+009 -3.801E+008
 4.230E+013  7.457E-011  5.230E+009 -3.822E+008
 4.250E+013  7.616E-011  5.229E+009 -3.845E+008
 4.270E+013  7.777E-011  5.227E+009 -3.872E+008
 4.290E+013  7.941E-011  5.225E+009 -3.902E+008
 4.310E+013  8.107E-011  5.223E+009 -3.933E+008
 4.330E+013  8.275E-011  5.221E+009 -3.965E+008
 4.350E+013  8.446E-011  5.219E+009 -3.996E+008
 4.370E+013  8.621E-011  5.218E+009 -4.023E+008
 4.390E+013  8.799E-011  5.217E+009 -4.046E+008
 4.410E+013  8.981E-011  5.217E+009 -4.061E+008
 4.430E+013  9.167E-011  5.217E+009 -4.069E+008
 4.450E+013  9.357E-011  5.219E+009 -4.070E+008
 4.470E+013  9.552E-011  5.220E+009 -4.066E+008
 4.490E+013  9.750E-011  5.222E+009 -4.060E+008
 4.510E+013  9.951E-011  5.224E+009 -4.054E+008
 4.530E+013  1.016E-010  5.224E+009 -4.055E+008
 4.550E+013  1.036E-010  5.223E+009 -4.072E+008
 4.570E+013  1.057E-010  5.219E+009 -4.107E+008
 4.590E+013  1.077E-010  5.212E+009 -4.165E+008
 4.610E+013  1.098E-010  5.202E+009 -4.245E+008
 4.630E+013  1.119E-010  5.191E+009 -4.346E+008
 4.650E+013  1.140E-010  5.181E+009 -4.444E+008
 4.670E+013  1.162E-010  5.174E+009 -4.524E+008
 4.690E+013  1.185E-010  5.170E+009 -4.582E+008
 4.710E+013  1.209E-010  5.171E+009 -4.596E+008
 4.730E+013  1.234E-010  5.175E+009 -4.591E+008
 4.750E+013  1.261E-010  5.189E+009 -4.527E+008
 4.770E+013  1.287E-010  5.198E+009 -4.421E+008
 4.790E+013  1.313E-010  5.199E+009 -4.416E+008
 4.810E+013  1.344E-010  5.224E+009 -4.343E+008
 4.830E+013  1.375E-010  5.252E+009 -4.097E+008
 4.850E+013  1.397E-010  5.221E+009 -4.093E+008
 4.870E+013  1.412E-010  5.142E+009 -4.557E+008
 4.890E+013  1.426E-010  5.062E+009 -5.191E+008
 4.910E+013  1.445E-010  5.008E+009 -5.705E+008
 4.930E+013  1.474E-010  5.015E+009 -5.917E+008
 4.950E+013  1.513E-010  5.076E+009 -5.607E+008
 4.970E+013  1.544E-010  5.083E+009 -5.234E+008
 4.990E+013  1.555E-010  4.981E+009 -5.625E+008
 5.010E+013  1.564E-010  4.878E+009 -6.509E+008
 5.030E+013  1.608E-010  4.952E+009 -6.709E+008
 5.050E+013  1.678E-010  5.157E+009 -5.539E+008
 5.070E+013  1.717E-010  5.183E+009 -4.427E+008
 5.090E+013  1.688E-010  4.882E+009 -5.479E+008
 5.110E+013  1.643E-010  4.528E+009 -7.963E+008
 5.130E+013  1.619E-010  4.295E+009 -1.018E+009
 5.150E+013  1.623E-010  4.195E+009 -1.140E+009
 5.170E+013  1.643E-010  4.167E+009 -1.178E+009
 5.190E+013  1.670E-010  4.162E+009 -1.184E+009
 5.210E+013  1.698E-010  4.166E+009 -1.178E+009
 5.230E+013  1.728E-010  4.173E+009 -1.170E+009
 5.250E+013  1.758E-010  4.181E+009 -1.160E+009
 5.270E+013  1.790E-010  4.189E+009 -1.149E+009
 5.290E+013  1.821E-010  4.199E+009 -1.138E+009
 5.310E+013  1.854E-010  4.208E+009 -1.127E+009
 5.330E+013  1.887E-010  4.218E+009 -1.116E+009
 5.350E+013  1.920E-010  4.227E+009 -1.105E+009
 5.370E+013  1.954E-010  4.236E+009 -1.095E+009
 5.390E+013  1.988E-010  4.245E+009 -1.085E+009
 5.410E+013  2.023E-010  4.253E+009 -1.075E+009
 5.430E+013  2.058E-010  4.261E+009 -1.066E+009
 5.450E+013  2.094E-010  4.269E+009 -1.058E+009
 5.470E+013  2.130E-010  4.276E+009 -1.049E+009
 5.490E+013  2.166E-010  4.282E+009 -1.042E+009
 5.510E+013  2.203E-010  4.288E+009 -1.034E+009
 5.530E+013  2.241E-010  4.294E+009 -1.027E+009
 5.550E+013  2.278E-010  4.299E+009 -1.020E+009
 5.570E+013  2.317E-010  4.305E+009 -1.014E+009
 5.590E+013  2.355E-010  4.310E+009 -1.008E+009
 5.610E+013  2.395E-010  4.314E+009 -1.002E+009
 5.630E+013  2.434E-010  4.319E+009 -9.961E+008
 5.650E+013  2.475E-010  4.324E+009 -9.904E+008
 5.670E+013  2.515E-010  4.328E+009 -9.848E+008
 5.690E+013  2.557E-010  4.333E+009 -9.794E+008
 5.710E+013  2.599E-010  4.338E+009 -9.740E+008
 5.730E+013  2.642E-010  4.342E+009 -9.686E+008
 5.750E+013  2.685E-010  4.347E+009 -9.633E+008
 5.770E+013  2.729E-010  4.352E+009 -9.581E+008
 5.790E+013  2.773E-010  4.357E+009 -9.528E+008
 5.810E+013  2.819E-010  4.362E+009 -9.476E+008
 5.830E+013  2.865E-010  4.367E+009 -9.424E+008
 5.850E+013  2.911E-010  4.373E+009 -9.371E+008
 5.870E+013  2.959E-010  4.378E+009 -9.319E+008
 5.890E+013  3.007E-010  4.384E+009 -9.267E+008
 5.910E+013  3.055E-010  4.390E+009 -9.215E+008
 5.930E+013  3.105E-010  4.396E+009 -9.163E+008
 5.950E+013  3.155E-010  4.402E+009 -9.110E+008
 5.970E+013  3.206E-010  4.408E+009 -9.058E+008
 5.990E+013  3.258E-010  4.415E+009 -9.006E+008
 6.010E+013  3.310E-010  4.421E+009 -8.954E+008
 6.030E+013  3.364E-010  4.428E+009 -8.902E+008
 6.050E+013  3.418E-010  4.435E+009 -8.851E+008
 6.070E+013  3.472E-010  4.442E+009 -8.799E+008
 6.090E+013  3.528E-010  4.449E+009 -8.748E+008
 6.110E+013  3.585E-010  4.456E+009 -8.697E+008
 6.130E+013  3.642E-010  4.463E+009 -8.646E+008
 6.150E+013  3.700E-010  4.471E+009 -8.596E+008
 6.170E+013  3.759E-010  4.478E+009 -8.546E+008
 6.190E+013  3.819E-010  4.486E+009 -8.496E+008
 6.210E+013  3.880E-010  4.493E+009 -8.447E+008
 6.230E+013  3.941E-010  4.501E+009 -8.399E+008
 6.250E+013  4.004E-010  4.509E+009 -8.350E+008
 6.270E+013  4.067E-010  4.517E+009 -8.303E+008
 6.290E+013  4.132E-010  4.524E+009 -8.255E+008
 6.310E+013  4.197E-010  4.532E+009 -8.209E+008
 6.330E+013  4.263E-010  4.540E+009 -8.162E+008
 6.350E+013  4.330E-010  4.548E+009 -8.117E+008
 6.370E+013  4.399E-010  4.556E+009 -8.071E+008
 6.390E+013  4.468E-010  4.565E+009 -8.027E+008
 6.410E+013  4.538E-010  4.573E+009 -7.983E+008
 6.430E+013  4.609E-010  4.581E+009 -7.939E+008
 6.450E+013  4.682E-010  4.589E+009 -7.896E+008
 6.470E+013  4.755E-010  4.598E+009 -7.853E+008
 6.490E+013  4.830E-010  4.606E+009 -7.811E+008
 6.510E+013  4.905E-010  4.615E+009 -7.769E+008
 6.530E+013  4.982E-010  4.623E+009 -7.728E+008
 6.550E+013  5.060E-010  4.632E+009 -7.687E+008
 6.570E+013  5.139E-010  4.641E+009 -7.646E+008
 6.590E+013  5.220E-010  4.650E+009 -7.606E+008
 6.610E+013  5.301E-010  4.659E+009 -7.567E+008
 6.630E+013  5.384E-010  4.668E+009 -7.527E+008
 6.650E+013  5.468E-010  4.677E+009 -7.488E+008
 6.670E+013  5.554E-010  4.686E+009 -7.450E+008
 6.690E+013  5.640E-010  4.695E+009 -7.412E+008
 6.710E+013  5.728E-010  4.705E+009 -7.374E+008
 6.730E+013  5.818E-010  4.714E+009 -7.336E+008
 6.750E+013  5.909E-010  4.724E+009 -7.299E+008
 6.770E+013  6.001E-010  4.733E+009 -7.261E+008
 6.790E+013  6.094E-010  4.743E+009 -7.225E+008
 6.810E+013  6.189E-010  4.753E+009 -7.188E+008
 6.830E+013  6.286E-010  4.763E+009 -7.152E+008
 6.850E+013  6.384E-010  4.774E+009 -7.116E+008
 6.870E+013  6.483E-010  4.784E+009 -7.080E+008
 6.890E+013  6.584E-010  4.794E+009 -7.045E+008
 6.910E+013  6.687E-010  4.805E+009 -7.010E+008
 6.930E+013  6.791E-010  4.815E+009 -6.975E+008
 6.950E+013  6.897E-010  4.826E+009 -6.940E+008
 6.970E+013  7.004E-010  4.837E+009 -6.905E+008
 6.990E+013  7.113E-010  4.848E+009 -6.871E+008
 7.010E+013  7.223E-010  4.859E+009 -6.837E+008
 7.030E+013  7.336E-010  4.871E+009 -6.804E+008
 7.050E+013  7.450E-010  4.882E+009 -6.770E+008
 7.070E+013  7.565E-010  4.894E+009 -6.737E+008
 7.090E+013  7.683E-010  4.905E+009 -6.704E+008
 7.110E+013  7.802E-010  4.917E+009 -6.672E+008
 7.130E+013  7.923E-010  4.929E+009 -6.639E+008
 7.150E+013  8.045E-010  4.941E+009 -6.607E+008
 7.170E+013  8.170E-010  4.953E+009 -6.574E+008
 7.190E+013  8.296E-010  4.965E+009 -6.542E+008
 7.210E+013  8.423E-010  4.976E+009 -6.508E+008
 7.230E+013  8.552E-010  4.988E+009 -6.474E+008
 7.250E+013  8.682E-010  4.999E+009 -6.439E+008
 7.270E+013  8.814E-010  5.009E+009 -6.403E+008
 7.290E+013  8.946E-010  5.019E+009 -6.364E+008
 7.310E+013  9.079E-010  5.027E+009 -6.323E+008
 7.330E+013  9.212E-010  5.035E+009 -6.278E+008
 7.350E+013  9.346E-010  5.041E+009 -6.231E+008
 7.370E+013  9.480E-010  5.046E+009 -6.180E+008
 7.390E+013  9.614E-010  5.049E+009 -6.125E+008
 7.410E+013  9.747E-010  5.052E+009 -6.067E+008
 7.430E+013  9.881E-010  5.053E+009 -6.005E+008
 7.450E+013  1.002E-009  5.053E+009 -5.941E+008
 7.470E+013  1.015E-009  5.052E+009 -5.875E+008
 7.490E+013  1.028E-009  5.051E+009 -5.807E+008
 7.510E+013  1.042E-009  5.049E+009 -5.739E+008
 7.530E+013  1.056E-009  5.047E+009 -5.671E+008
 7.550E+013  1.070E-009  5.046E+009 -5.603E+008
 7.570E+013  1.084E-009  5.045E+009 -5.537E+008
 7.590E+013  1.098E-009  5.044E+009 -5.472E+008
 7.610E+013  1.113E-009  5.044E+009 -5.410E+008
 7.630E+013  1.127E-009  5.044E+009 -5.349E+008
 7.650E+013  1.142E-009  5.045E+009 -5.290E+008
 7.670E+013  1.157E-009  5.047E+009 -5.233E+008
 7.690E+013  1.173E-009  5.048E+009 -5.176E+008
 7.710E+013  1.188E-009  5.049E+009 -5.120E+008
 7.730E+013  1.204E-009  5.050E+009 -5.063E+008
 7.750E+013  1.219E-009  5.050E+009 -5.006E+008
 7.770E+013  1.235E-009  5.050E+009 -4.948E+008
 7.790E+013  1.251E-009  5.050E+009 -4.890E+008
 7.810E+013  1.267E-009  5.050E+009 -4.831E+008
 7.830E+013  1.283E-009  5.049E+009 -4.772E+008
 7.850E+013  1.299E-009  5.049E+009 -4.714E+008
 7.870E+013  1.316E-009  5.048E+009 -4.657E+008
 7.890E+013  1.332E-009  5.049E+009 -4.601E+008
 7.910E+013  1.349E-009  5.049E+009 -4.546E+008
 7.930E+013  1.366E-009  5.049E+009 -4.492E+008
 7.950E+013  1.384E-009  5.050E+009 -4.438E+008
 7.970E+013  1.401E-009  5.050E+009 -4.384E+008
 7.990E+013  1.419E-009  5.049E+009 -4.329E+008
 8.010E+013  1.436E-009  5.049E+009 -4.275E+008
 8.030E+013  1.454E-009  5.049E+009 -4.220E+008
 8.050E+013  1.472E-009  5.048E+009 -4.166E+008
 8.070E+013  1.490E-009  5.048E+009 -4.113E+008
 8.090E+013  1.509E-009  5.048E+009 -4.060E+008
 8.110E+013  1.527E-009  5.048E+009 -4.007E+008
 8.130E+013  1.546E-009  5.048E+009 -3.956E+008
 8.150E+013  1.565E-009  5.048E+009 -3.904E+008
 8.170E+013  1.584E-009  5.047E+009 -3.852E+008
 8.190E+013  1.603E-009  5.047E+009 -3.800E+008
 8.210E+013  1.623E-009  5.046E+009 -3.749E+008
 8.230E+013  1.642E-009  5.046E+009 -3.698E+008
 8.250E+013  1.662E-009  5.046E+009 -3.647E+008
 8.270E+013  1.682E-009  5.045E+009 -3.597E+008
 8.290E+013  1.702E-009  5.045E+009 -3.547E+008
 8.310E+013  1.723E-009  5.045E+009 -3.497E+008
 8.330E+013  1.743E-009  5.044E+009 -3.447E+008
 8.350E+013  1.764E-009  5.044E+009 -3.398E+008
 8.370E+013  1.785E-009  5.043E+009 -3.349E+008
 8.390E+013  1.806E-009  5.043E+009 -3.300E+008
 8.410E+013  1.827E-009  5.042E+009 -3.251E+008
 8.430E+013  1.849E-009  5.042E+009 -3.203E+008
 8.450E+013  1.871E-009  5.041E+009 -3.155E+008
 8.470E+013  1.893E-009  5.041E+009 -3.107E+008
 8.490E+013  1.915E-009  5.040E+009 -3.059E+008
 8.510E+013  1.937E-009  5.039E+009 -3.012E+008
 8.530E+013  1.959E-009  5.039E+009 -2.964E+008
 8.550E+013  1.982E-009  5.038E+009 -2.917E+008
 8.570E+013  2.005E-009  5.038E+009 -2.871E+008
 8.590E+013  2.028E-009  5.037E+009 -2.824E+008
 8.610E+013  2.052E-009  5.036E+009 -2.778E+008
 8.630E+013  2.075E-009  5.036E+009 -2.732E+008
 8.650E+013  2.099E-009  5.035E+009 -2.686E+008
 8.670E+013  2.123E-009  5.034E+009 -2.640E+008
 8.690E+013  2.147E-009  5.034E+009 -2.595E+008
 8.710E+013  2.171E-009  5.033E+009 -2.550E+008
 8.730E+013  2.196E-009  5.032E+009 -2.505E+008
 8.750E+013  2.221E-009  5.032E+009 -2.460E+008
 8.770E+013  2.246E-009  5.031E+009 -2.415E+008
 8.790E+013  2.271E-009  5.030E+009 -2.371E+008
 8.810E+013  2.296E-009  5.030E+009 -2.327E+008
 8.830E+013  2.322E-009  5.029E+009 -2.283E+008
 8.850E+013  2.348E-009  5.028E+009 -2.239E+008
 8.870E+013  2.374E-009  5.028E+009 -2.195E+008
 8.890E+013  2.400E-009  5.027E+009 -2.152E+008
 8.910E+013  2.427E-009  5.026E+009 -2.109E+008
 8.930E+013  2.454E-009  5.025E+009 -2.066E+008
 8.950E+013  2.480E-009  5.025E+009 -2.023E+008
 8.970E+013  2.508E-009  5.024E+009 -1.980E+008
 8.990E+013  2.535E-009  5.023E+009 -1.938E+008
 9.010E+013  2.563E-009  5.022E+009 -1.896E+008
 9.030E+013  2.591E-009  5.022E+009 -1.854E+008
 9.050E+013  2.619E-009  5.021E+009 -1.812E+008
 9.070E+013  2.647E-009  5.020E+009 -1.770E+008
 9.090E+013  2.676E-009  5.020E+009 -1.729E+008
 9.110E+013  2.705E-009  5.019E+009 -1.687E+008
 9.130E+013  2.734E-009  5.018E+009 -1.646E+008
 9.150E+013  2.763E-009  5.017E+009 -1.605E+008
 9.170E+013  2.793E-009  5.017E+009 -1.565E+008
 9.190E+013  2.823E-009  5.016E+009 -1.524E+008
 9.210E+013  2.853E-009  5.015E+009 -1.484E+008
 9.230E+013  2.883E-009  5.014E+009 -1.443E+008
 9.250E+013  2.914E-009  5.014E+009 -1.403E+008
 9.270E+013  2.945E-009  5.013E+009 -1.363E+008
 9.290E+013  2.976E-009  5.012E+009 -1.324E+008
 9.310E+013  3.007E-009  5.012E+009 -1.284E+008
 9.330E+013  3.039E-009  5.011E+009 -1.245E+008
 9.350E+013  3.071E-009  5.010E+009 -1.205E+008
 9.370E+013  3.103E-009  5.010E+009 -1.166E+008
 9.390E+013  3.135E-009  5.009E+009 -1.128E+008
 9.410E+013  3.168E-009  5.008E+009 -1.089E+008
 9.430E+013  3.201E-009  5.008E+009 -1.050E+008
 9.450E+013  3.234E-009  5.007E+009 -1.012E+008
 9.470E+013  3.268E-009  5.006E+009 -9.737E+007
 9.490E+013  3.302E-009  5.006E+009 -9.357E+007
 9.510E+013  3.336E-009  5.005E+009 -8.978E+007
 9.530E+013  3.370E-009  5.005E+009 -8.601E+007
 9.550E+013  3.405E-009  5.004E+009 -8.225E+007
 9.570E+013  3.440E-009  5.004E+009 -7.851E+007
 9.590E+013  3.475E-009  5.003E+009 -7.478E+007
 9.610E+013  3.511E-009  5.002E+009 -7.107E+007
 9.630E+013  3.546E-009  5.002E+009 -6.738E+007
 9.650E+013  3.582E-009  5.001E+009 -6.370E+007
 9.670E+013  3.619E-009  5.001E+009 -6.003E+007
 9.690E+013  3.656E-009  5.001E+009 -5.639E+007
 9.710E+013  3.693E-009  5.000E+009 -5.275E+007
 9.730E+013  3.730E-009  5.000E+009 -4.913E+007
 9.750E+013  3.768E-009  4.999E+009 -4.553E+007
 9.770E+013  3.805E-009  4.999E+009 -4.194E+007
 9.790E+013  3.844E-009  4.999E+009 -3.837E+007
 9.810E+013  3.882E-009  4.998E+009 -3.481E+007
 9.830E+013  3.921E-009  4.998E+009 -3.126E+007
 9.850E+013  3.960E-009  4.998E+009 -2.773E+007
 9.870E+013  4.000E-009  4.998E+009 -2.422E+007
 9.890E+013  4.040E-009  4.997E+009 -2.072E+007
 9.910E+013  4.080E-009  4.997E+009 -1.723E+007
 9.930E+013  4.120E-009  4.997E+009 -1.376E+007
 9.950E+013  4.163E-009  4.997E+009 -1.030E+007
 9.970E+013  4.214E-009  4.997E+009 -6.850E+006
 9.990E+013  4.265E-009  4.997E+009 -3.418E+006
 1.001E+014  1.000E-099  1.000E-099 -0.000E+000
 1.003E+014  1.000E-099  1.000E-099 -0.000E+000
 2.093E-003
