 2.460E+005
     x1b        dens       energ       v1
 1.000E+011  8.472E-014  1.618E+008  0.000E+000
 3.000E+011  8.504E-014  1.618E+008  1.860E+006
 5.000E+011  8.598E-014  1.618E+008  3.718E+006
 7.000E+011  8.756E-014  1.618E+008  5.577E+006
 9.000E+011  8.960E-014  1.618E+008  7.434E+006
 1.100E+012  9.178E-014  1.618E+008  9.292E+006
 1.300E+012  9.373E-014  1.618E+008  1.115E+007
 1.500E+012  9.525E-014  1.618E+008  1.300E+007
 1.700E+012  9.632E-014  1.618E+008  1.486E+007
 1.900E+012  9.703E-014  1.618E+008  1.672E+007
 2.100E+012  9.752E-014  1.618E+008  1.857E+007
 2.300E+012  9.789E-014  1.618E+008  2.043E+007
 2.500E+012  9.823E-014  1.618E+008  2.229E+007
 2.700E+012  9.858E-014  1.618E+008  2.414E+007
 2.900E+012  9.895E-014  1.618E+008  2.600E+007
 3.100E+012  9.937E-014  1.618E+008  2.786E+007
 3.300E+012  9.984E-014  1.618E+008  2.973E+007
 3.500E+012  1.004E-013  1.618E+008  3.159E+007
 3.700E+012  1.009E-013  1.618E+008  3.345E+007
 3.900E+012  1.015E-013  1.618E+008  3.531E+007
 4.100E+012  1.020E-013  1.618E+008  3.718E+007
 4.300E+012  1.026E-013  1.618E+008  3.904E+007
 4.500E+012  1.032E-013  1.618E+008  4.091E+007
 4.700E+012  1.037E-013  1.618E+008  4.277E+007
 4.900E+012  1.043E-013  1.618E+008  4.464E+007
 5.100E+012  1.049E-013  1.618E+008  4.650E+007
 5.300E+012  1.055E-013  1.618E+008  4.837E+007
 5.500E+012  1.060E-013  1.618E+008  5.024E+007
 5.700E+012  1.066E-013  1.618E+008  5.211E+007
 5.900E+012  1.072E-013  1.618E+008  5.398E+007
 6.100E+012  1.079E-013  1.618E+008  5.585E+007
 6.300E+012  1.085E-013  1.618E+008  5.773E+007
 6.500E+012  1.091E-013  1.618E+008  5.960E+007
 6.700E+012  1.097E-013  1.617E+008  6.147E+007
 6.900E+012  1.104E-013  1.617E+008  6.335E+007
 7.100E+012  1.110E-013  1.617E+008  6.522E+007
 7.300E+012  1.116E-013  1.617E+008  6.710E+007
 7.500E+012  1.123E-013  1.617E+008  6.898E+007
 7.700E+012  1.129E-013  1.617E+008  7.085E+007
 7.900E+012  1.135E-013  1.617E+008  7.273E+007
 8.100E+012  1.141E-013  1.617E+008  7.461E+007
 8.300E+012  1.148E-013  1.617E+008  7.649E+007
 8.500E+012  1.154E-013  1.617E+008  7.837E+007
 8.700E+012  1.160E-013  1.617E+008  8.026E+007
 8.900E+012  1.166E-013  1.617E+008  8.214E+007
 9.100E+012  1.171E-013  1.617E+008  8.402E+007
 9.300E+012  1.177E-013  1.617E+008  8.591E+007
 9.500E+012  1.183E-013  1.617E+008  8.779E+007
 9.700E+012  1.188E-013  1.617E+008  8.968E+007
 9.900E+012  1.193E-013  1.617E+008  9.156E+007
 1.010E+013  1.198E-013  1.617E+008  9.345E+007
 1.030E+013  1.202E-013  1.617E+008  9.534E+007
 1.050E+013  1.206E-013  1.617E+008  9.722E+007
 1.070E+013  1.209E-013  1.617E+008  9.911E+007
 1.090E+013  1.212E-013  1.617E+008  1.010E+008
 1.110E+013  1.215E-013  1.617E+008  1.029E+008
 1.130E+013  1.217E-013  1.617E+008  1.048E+008
 1.150E+013  1.218E-013  1.617E+008  1.067E+008
 1.170E+013  1.219E-013  1.617E+008  1.086E+008
 1.190E+013  1.220E-013  1.617E+008  1.104E+008
 1.210E+013  1.220E-013  1.617E+008  1.123E+008
 1.230E+013  1.220E-013  1.617E+008  1.142E+008
 1.250E+013  1.220E-013  1.617E+008  1.161E+008
 1.270E+013  1.220E-013  1.617E+008  1.180E+008
 1.290E+013  1.220E-013  1.617E+008  1.199E+008
 1.310E+013  1.220E-013  1.617E+008  1.218E+008
 1.330E+013  1.220E-013  1.617E+008  1.237E+008
 1.350E+013  1.220E-013  1.617E+008  1.256E+008
 1.370E+013  1.220E-013  1.616E+008  1.274E+008
 1.390E+013  1.220E-013  1.616E+008  1.293E+008
 1.410E+013  1.220E-013  1.616E+008  1.312E+008
 1.430E+013  1.220E-013  1.616E+008  1.331E+008
 1.450E+013  1.219E-013  1.616E+008  1.350E+008
 1.470E+013  1.219E-013  1.616E+008  1.369E+008
 1.490E+013  1.219E-013  1.616E+008  1.388E+008
 1.510E+013  1.219E-013  1.616E+008  1.407E+008
 1.530E+013  1.219E-013  1.616E+008  1.426E+008
 1.550E+013  1.219E-013  1.616E+008  1.444E+008
 1.570E+013  1.218E-013  1.616E+008  1.463E+008
 1.590E+013  1.218E-013  1.616E+008  1.482E+008
 1.610E+013  1.218E-013  1.616E+008  1.501E+008
 1.630E+013  1.218E-013  1.616E+008  1.520E+008
 1.650E+013  1.217E-013  1.616E+008  1.539E+008
 1.670E+013  1.217E-013  1.616E+008  1.558E+008
 1.690E+013  1.217E-013  1.616E+008  1.577E+008
 1.710E+013  1.216E-013  1.616E+008  1.596E+008
 1.730E+013  1.216E-013  1.616E+008  1.615E+008
 1.750E+013  1.216E-013  1.616E+008  1.634E+008
 1.770E+013  1.215E-013  1.616E+008  1.653E+008
 1.790E+013  1.215E-013  1.616E+008  1.672E+008
 1.810E+013  1.214E-013  1.615E+008  1.691E+008
 1.830E+013  1.214E-013  1.615E+008  1.710E+008
 1.850E+013  1.214E-013  1.615E+008  1.729E+008
 1.870E+013  1.213E-013  1.615E+008  1.748E+008
 1.890E+013  1.213E-013  1.615E+008  1.767E+008
 1.910E+013  1.213E-013  1.615E+008  1.786E+008
 1.930E+013  1.213E-013  1.615E+008  1.805E+008
 1.950E+013  1.213E-013  1.615E+008  1.824E+008
 1.970E+013  1.213E-013  1.615E+008  1.843E+008
 1.990E+013  1.213E-013  1.615E+008  1.862E+008
 2.010E+013  1.213E-013  1.615E+008  1.881E+008
 2.030E+013  1.213E-013  1.615E+008  1.900E+008
 2.050E+013  1.213E-013  1.615E+008  1.919E+008
 2.070E+013  1.213E-013  1.615E+008  1.938E+008
 2.090E+013  1.213E-013  1.615E+008  1.957E+008
 2.110E+013  1.213E-013  1.615E+008  1.976E+008
 2.130E+013  1.213E-013  1.615E+008  1.995E+008
 2.150E+013  1.213E-013  1.615E+008  2.014E+008
 2.170E+013  1.213E-013  1.614E+008  2.033E+008
 2.190E+013  1.213E-013  1.614E+008  2.052E+008
 2.210E+013  1.213E-013  1.614E+008  2.072E+008
 2.230E+013  1.213E-013  1.614E+008  2.091E+008
 2.250E+013  1.214E-013  1.614E+008  2.110E+008
 2.270E+013  1.214E-013  1.614E+008  2.129E+008
 2.290E+013  1.214E-013  1.614E+008  2.148E+008
 2.310E+013  1.215E-013  1.614E+008  2.167E+008
 2.330E+013  1.215E-013  1.614E+008  2.187E+008
 2.350E+013  1.215E-013  1.614E+008  2.206E+008
 2.370E+013  1.216E-013  1.614E+008  2.225E+008
 2.390E+013  1.216E-013  1.614E+008  2.244E+008
 2.410E+013  1.217E-013  1.614E+008  2.263E+008
 2.430E+013  1.218E-013  1.614E+008  2.283E+008
 2.450E+013  1.219E-013  1.614E+008  2.302E+008
 2.470E+013  1.220E-013  1.613E+008  2.321E+008
 2.490E+013  1.221E-013  1.613E+008  2.340E+008
 2.510E+013  1.222E-013  1.613E+008  2.360E+008
 2.530E+013  1.223E-013  1.613E+008  2.379E+008
 2.550E+013  1.224E-013  1.613E+008  2.398E+008
 2.570E+013  1.226E-013  1.613E+008  2.418E+008
 2.590E+013  1.227E-013  1.613E+008  2.437E+008
 2.610E+013  1.229E-013  1.613E+008  2.456E+008
 2.630E+013  1.231E-013  1.613E+008  2.476E+008
 2.650E+013  1.233E-013  1.613E+008  2.495E+008
 2.670E+013  1.235E-013  1.613E+008  2.514E+008
 2.690E+013  1.237E-013  1.613E+008  2.534E+008
 2.710E+013  1.240E-013  1.613E+008  2.553E+008
 2.730E+013  1.242E-013  1.613E+008  2.573E+008
 2.750E+013  1.245E-013  1.612E+008  2.592E+008
 2.770E+013  1.248E-013  1.612E+008  2.611E+008
 2.790E+013  1.251E-013  1.612E+008  2.631E+008
 2.810E+013  1.254E-013  1.612E+008  2.650E+008
 2.830E+013  1.258E-013  1.612E+008  2.670E+008
 2.850E+013  1.262E-013  1.612E+008  2.689E+008
 2.870E+013  1.266E-013  1.612E+008  2.709E+008
 2.890E+013  1.270E-013  1.612E+008  2.728E+008
 2.910E+013  1.274E-013  1.612E+008  2.747E+008
 2.930E+013  1.279E-013  1.612E+008  2.767E+008
 2.950E+013  1.284E-013  1.612E+008  2.786E+008
 2.970E+013  1.289E-013  1.612E+008  2.806E+008
 2.990E+013  1.295E-013  1.611E+008  2.825E+008
 3.010E+013  1.300E-013  1.611E+008  2.845E+008
 3.030E+013  1.307E-013  1.611E+008  2.864E+008
 3.050E+013  1.313E-013  1.611E+008  2.884E+008
 3.070E+013  1.320E-013  1.611E+008  2.903E+008
 3.090E+013  1.327E-013  1.611E+008  2.923E+008
 3.110E+013  1.334E-013  1.611E+008  2.943E+008
 3.130E+013  1.342E-013  1.611E+008  2.962E+008
 3.150E+013  1.350E-013  1.611E+008  2.982E+008
 3.170E+013  1.358E-013  1.611E+008  3.001E+008
 3.190E+013  1.367E-013  1.611E+008  3.021E+008
 3.210E+013  1.376E-013  1.610E+008  3.041E+008
 3.230E+013  1.386E-013  1.610E+008  3.060E+008
 3.250E+013  1.396E-013  1.610E+008  3.080E+008
 3.270E+013  1.406E-013  1.610E+008  3.100E+008
 3.290E+013  1.417E-013  1.610E+008  3.119E+008
 3.310E+013  1.429E-013  1.610E+008  3.139E+008
 3.330E+013  1.441E-013  1.610E+008  3.159E+008
 3.350E+013  1.453E-013  1.610E+008  3.178E+008
 3.370E+013  1.466E-013  1.610E+008  3.198E+008
 3.390E+013  1.480E-013  1.610E+008  3.218E+008
 3.410E+013  1.494E-013  1.609E+008  3.238E+008
 3.430E+013  1.508E-013  1.609E+008  3.258E+008
 3.450E+013  1.523E-013  1.609E+008  3.278E+008
 3.470E+013  1.539E-013  1.609E+008  3.297E+008
 3.490E+013  1.556E-013  1.609E+008  3.317E+008
 3.510E+013  1.573E-013  1.609E+008  3.337E+008
 3.530E+013  1.591E-013  1.609E+008  3.357E+008
 3.550E+013  1.609E-013  1.609E+008  3.377E+008
 3.570E+013  1.628E-013  1.609E+008  3.397E+008
 3.590E+013  1.648E-013  1.608E+008  3.417E+008
 3.610E+013  1.669E-013  1.608E+008  3.437E+008
 3.630E+013  1.691E-013  1.608E+008  3.457E+008
 3.650E+013  1.713E-013  1.608E+008  3.477E+008
 3.670E+013  1.737E-013  1.608E+008  3.497E+008
 3.690E+013  1.761E-013  1.608E+008  3.518E+008
 3.710E+013  1.786E-013  1.608E+008  3.538E+008
 3.730E+013  1.812E-013  1.607E+008  3.558E+008
 3.750E+013  1.839E-013  1.607E+008  3.578E+008
 3.770E+013  1.867E-013  1.607E+008  3.598E+008
 3.790E+013  1.897E-013  1.607E+008  3.618E+008
 3.810E+013  1.927E-013  1.607E+008  3.639E+008
 3.830E+013  1.959E-013  1.607E+008  3.659E+008
 3.850E+013  1.991E-013  1.607E+008  3.679E+008
 3.870E+013  2.025E-013  1.606E+008  3.699E+008
 3.890E+013  2.060E-013  1.606E+008  3.720E+008
 3.910E+013  2.097E-013  1.606E+008  3.740E+008
 3.930E+013  2.135E-013  1.606E+008  3.760E+008
 3.950E+013  2.174E-013  1.606E+008  3.780E+008
 3.970E+013  2.214E-013  1.606E+008  3.801E+008
 3.990E+013  2.257E-013  1.605E+008  3.821E+008
 4.010E+013  2.300E-013  1.605E+008  3.841E+008
 4.030E+013  2.346E-013  1.605E+008  3.861E+008
 4.050E+013  2.393E-013  1.605E+008  3.882E+008
 4.070E+013  2.441E-013  1.605E+008  3.902E+008
 4.090E+013  2.492E-013  1.604E+008  3.922E+008
 4.110E+013  2.544E-013  1.604E+008  3.942E+008
 4.130E+013  2.598E-013  1.604E+008  3.962E+008
 4.150E+013  2.654E-013  1.604E+008  3.983E+008
 4.170E+013  2.712E-013  1.604E+008  4.003E+008
 4.190E+013  2.772E-013  1.603E+008  4.023E+008
 4.210E+013  2.835E-013  1.603E+008  4.043E+008
 4.230E+013  2.899E-013  1.603E+008  4.063E+008
 4.250E+013  2.966E-013  1.603E+008  4.083E+008
 4.270E+013  3.035E-013  1.602E+008  4.103E+008
 4.290E+013  3.106E-013  1.602E+008  4.123E+008
 4.310E+013  3.180E-013  1.602E+008  4.143E+008
 4.330E+013  3.256E-013  1.602E+008  4.163E+008
 4.350E+013  3.335E-013  1.601E+008  4.183E+008
 4.370E+013  3.416E-013  1.601E+008  4.203E+008
 4.390E+013  3.500E-013  1.601E+008  4.223E+008
 4.410E+013  3.587E-013  1.600E+008  4.243E+008
 4.430E+013  3.677E-013  1.600E+008  4.263E+008
 4.450E+013  3.769E-013  1.600E+008  4.283E+008
 4.470E+013  3.865E-013  1.600E+008  4.302E+008
 4.490E+013  3.963E-013  1.599E+008  4.322E+008
 4.510E+013  4.065E-013  1.599E+008  4.342E+008
 4.530E+013  4.169E-013  1.599E+008  4.361E+008
 4.550E+013  4.277E-013  1.598E+008  4.381E+008
 4.570E+013  4.388E-013  1.598E+008  4.401E+008
 4.590E+013  4.502E-013  1.597E+008  4.420E+008
 4.610E+013  4.620E-013  1.597E+008  4.440E+008
 4.630E+013  4.741E-013  1.597E+008  4.459E+008
 4.650E+013  4.865E-013  1.596E+008  4.479E+008
 4.670E+013  4.993E-013  1.596E+008  4.498E+008
 4.690E+013  5.124E-013  1.595E+008  4.518E+008
 4.710E+013  5.258E-013  1.595E+008  4.537E+008
 4.730E+013  5.396E-013  1.594E+008  4.556E+008
 4.750E+013  5.538E-013  1.594E+008  4.576E+008
 4.770E+013  5.683E-013  1.594E+008  4.595E+008
 4.790E+013  5.831E-013  1.593E+008  4.614E+008
 4.810E+013  5.983E-013  1.593E+008  4.634E+008
 4.830E+013  6.138E-013  1.592E+008  4.653E+008
 4.850E+013  6.297E-013  1.592E+008  4.672E+008
 4.870E+013  6.460E-013  1.591E+008  4.691E+008
 4.890E+013  6.626E-013  1.590E+008  4.710E+008
 4.910E+013  6.795E-013  1.590E+008  4.729E+008
 4.930E+013  6.967E-013  1.589E+008  4.748E+008
 4.950E+013  7.143E-013  1.589E+008  4.767E+008
 4.970E+013  7.322E-013  1.588E+008  4.786E+008
 4.990E+013  7.505E-013  1.588E+008  4.804E+008
 5.010E+013  7.690E-013  1.587E+008  4.823E+008
 5.030E+013  7.879E-013  1.586E+008  4.841E+008
 5.050E+013  8.070E-013  1.586E+008  4.859E+008
 5.070E+013  8.264E-013  1.585E+008  4.877E+008
 5.090E+013  8.462E-013  1.584E+008  4.894E+008
 5.110E+013  8.662E-013  1.584E+008  4.912E+008
 5.130E+013  8.865E-013  1.583E+008  4.929E+008
 5.150E+013  9.070E-013  1.582E+008  4.946E+008
 5.170E+013  9.278E-013  1.581E+008  4.962E+008
 5.190E+013  9.488E-013  1.581E+008  4.979E+008
 5.210E+013  9.700E-013  1.580E+008  4.995E+008
 5.230E+013  9.915E-013  1.579E+008  5.010E+008
 5.250E+013  1.013E-012  1.578E+008  5.025E+008
 5.270E+013  1.035E-012  1.578E+008  5.040E+008
 5.290E+013  1.057E-012  1.577E+008  5.055E+008
 5.310E+013  1.079E-012  1.576E+008  5.069E+008
 5.330E+013  1.102E-012  1.575E+008  5.082E+008
 5.350E+013  1.124E-012  1.574E+008  5.095E+008
 5.370E+013  1.147E-012  1.574E+008  5.108E+008
 5.390E+013  1.170E-012  1.573E+008  5.120E+008
 5.410E+013  1.193E-012  1.572E+008  5.131E+008
 5.430E+013  1.216E-012  1.571E+008  5.142E+008
 5.450E+013  1.239E-012  1.570E+008  5.152E+008
 5.470E+013  1.263E-012  1.569E+008  5.162E+008
 5.490E+013  1.286E-012  1.568E+008  5.172E+008
 5.510E+013  1.310E-012  1.567E+008  5.180E+008
 5.530E+013  1.334E-012  1.566E+008  5.189E+008
 5.550E+013  1.358E-012  1.566E+008  5.197E+008
 5.570E+013  1.381E-012  1.565E+008  5.204E+008
 5.590E+013  1.405E-012  1.564E+008  5.211E+008
 5.610E+013  1.429E-012  1.563E+008  5.217E+008
 5.630E+013  1.454E-012  1.562E+008  5.223E+008
 5.650E+013  1.478E-012  1.561E+008  5.228E+008
 5.670E+013  1.502E-012  1.560E+008  5.233E+008
 5.690E+013  1.527E-012  1.559E+008  5.237E+008
 5.710E+013  1.551E-012  1.558E+008  5.241E+008
 5.730E+013  1.576E-012  1.557E+008  5.244E+008
 5.750E+013  1.600E-012  1.556E+008  5.247E+008
 5.770E+013  1.625E-012  1.555E+008  5.249E+008
 5.790E+013  1.650E-012  1.554E+008  5.251E+008
 5.810E+013  1.675E-012  1.554E+008  5.253E+008
 5.830E+013  1.700E-012  1.553E+008  5.254E+008
 5.850E+013  1.725E-012  1.552E+008  5.255E+008
 5.870E+013  1.750E-012  1.551E+008  5.256E+008
 5.890E+013  1.776E-012  1.550E+008  5.256E+008
 5.910E+013  1.801E-012  1.549E+008  5.256E+008
 5.930E+013  1.827E-012  1.548E+008  5.256E+008
 5.950E+013  1.852E-012  1.547E+008  5.255E+008
 5.970E+013  1.878E-012  1.547E+008  5.254E+008
 5.990E+013  1.904E-012  1.546E+008  5.253E+008
 6.010E+013  1.930E-012  1.545E+008  5.251E+008
 6.030E+013  1.956E-012  1.544E+008  5.250E+008
 6.050E+013  1.982E-012  1.543E+008  5.248E+008
 6.070E+013  2.009E-012  1.542E+008  5.246E+008
 6.090E+013  2.035E-012  1.542E+008  5.243E+008
 6.110E+013  2.062E-012  1.541E+008  5.241E+008
 6.130E+013  2.089E-012  1.540E+008  5.239E+008
 6.150E+013  2.116E-012  1.539E+008  5.237E+008
 6.170E+013  2.143E-012  1.538E+008  5.235E+008
 6.190E+013  2.171E-012  1.537E+008  5.233E+008
 6.210E+013  2.198E-012  1.536E+008  5.231E+008
 6.230E+013  2.226E-012  1.535E+008  5.229E+008
 6.250E+013  2.254E-012  1.534E+008  5.226E+008
 6.270E+013  2.282E-012  1.533E+008  5.224E+008
 6.290E+013  2.310E-012  1.532E+008  5.222E+008
 6.310E+013  2.339E-012  1.531E+008  5.220E+008
 6.330E+013  2.368E-012  1.530E+008  5.218E+008
 6.350E+013  2.397E-012  1.529E+008  5.216E+008
 6.370E+013  2.426E-012  1.528E+008  5.215E+008
 6.390E+013  2.455E-012  1.527E+008  5.215E+008
 6.410E+013  2.485E-012  1.526E+008  5.215E+008
 6.430E+013  2.515E-012  1.525E+008  5.216E+008
 6.450E+013  2.545E-012  1.524E+008  5.218E+008
 6.470E+013  2.575E-012  1.523E+008  5.220E+008
 6.490E+013  2.606E-012  1.521E+008  5.223E+008
 6.510E+013  2.637E-012  1.520E+008  5.226E+008
 6.530E+013  2.668E-012  1.519E+008  5.229E+008
 6.550E+013  2.700E-012  1.517E+008  5.233E+008
 6.570E+013  2.732E-012  1.516E+008  5.238E+008
 6.590E+013  2.764E-012  1.515E+008  5.244E+008
 6.610E+013  2.796E-012  1.513E+008  5.251E+008
 6.630E+013  2.829E-012  1.512E+008  5.259E+008
 6.650E+013  2.862E-012  1.510E+008  5.268E+008
 6.670E+013  2.895E-012  1.509E+008  5.279E+008
 6.690E+013  2.929E-012  1.507E+008  5.292E+008
 6.710E+013  2.963E-012  1.506E+008  5.306E+008
 6.730E+013  2.997E-012  1.504E+008  5.321E+008
 6.750E+013  3.032E-012  1.503E+008  5.337E+008
 6.770E+013  3.067E-012  1.501E+008  5.354E+008
 6.790E+013  3.102E-012  1.499E+008  5.372E+008
 6.810E+013  3.138E-012  1.498E+008  5.391E+008
 6.830E+013  3.174E-012  1.496E+008  5.410E+008
 6.850E+013  3.211E-012  1.494E+008  5.430E+008
 6.870E+013  3.248E-012  1.493E+008  5.451E+008
 6.890E+013  3.285E-012  1.491E+008  5.473E+008
 6.910E+013  3.323E-012  1.489E+008  5.495E+008
 6.930E+013  3.361E-012  1.487E+008  5.519E+008
 6.950E+013  3.400E-012  1.486E+008  5.544E+008
 6.970E+013  3.439E-012  1.484E+008  5.570E+008
 6.990E+013  3.478E-012  1.482E+008  5.596E+008
 7.010E+013  3.519E-012  1.480E+008  5.623E+008
 7.030E+013  3.559E-012  1.479E+008  5.650E+008
 7.050E+013  3.600E-012  1.477E+008  5.677E+008
 7.070E+013  3.641E-012  1.475E+008  5.703E+008
 7.090E+013  3.683E-012  1.474E+008  5.728E+008
 7.110E+013  3.726E-012  1.472E+008  5.750E+008
 7.130E+013  3.769E-012  1.470E+008  5.771E+008
 7.150E+013  3.812E-012  1.468E+008  5.790E+008
 7.170E+013  3.856E-012  1.467E+008  5.807E+008
 7.190E+013  3.900E-012  1.465E+008  5.821E+008
 7.210E+013  3.945E-012  1.463E+008  5.834E+008
 7.230E+013  3.990E-012  1.461E+008  5.845E+008
 7.250E+013  4.036E-012  1.460E+008  5.855E+008
 7.270E+013  4.082E-012  1.458E+008  5.863E+008
 7.290E+013  4.130E-012  1.457E+008  5.872E+008
 7.310E+013  4.177E-012  1.455E+008  5.881E+008
 7.330E+013  4.226E-012  1.454E+008  5.890E+008
 7.350E+013  4.275E-012  1.452E+008  5.899E+008
 7.370E+013  4.324E-012  1.451E+008  5.910E+008
 7.390E+013  4.375E-012  1.450E+008  5.922E+008
 7.410E+013  4.425E-012  1.448E+008  5.935E+008
 7.430E+013  4.477E-012  1.447E+008  5.949E+008
 7.450E+013  4.529E-012  1.446E+008  5.964E+008
 7.470E+013  4.582E-012  1.445E+008  5.981E+008
 7.490E+013  4.635E-012  1.444E+008  5.998E+008
 7.510E+013  4.689E-012  1.443E+008  6.015E+008
 7.530E+013  4.743E-012  1.442E+008  6.031E+008
 7.550E+013  4.798E-012  1.441E+008  6.046E+008
 7.570E+013  4.854E-012  1.440E+008  6.059E+008
 7.590E+013  4.911E-012  1.439E+008  6.070E+008
 7.610E+013  4.968E-012  1.438E+008  6.079E+008
 7.630E+013  5.026E-012  1.438E+008  6.084E+008
 7.650E+013  5.085E-012  1.437E+008  6.086E+008
 7.670E+013  5.145E-012  1.437E+008  6.083E+008
 7.690E+013  5.205E-012  1.437E+008  6.076E+008
 7.710E+013  5.267E-012  1.437E+008  6.065E+008
 7.730E+013  5.329E-012  1.437E+008  6.050E+008
 7.750E+013  5.393E-012  1.437E+008  6.032E+008
 7.770E+013  5.457E-012  1.437E+008  6.011E+008
 7.790E+013  5.522E-012  1.437E+008  5.988E+008
 7.810E+013  5.587E-012  1.438E+008  5.961E+008
 7.830E+013  5.654E-012  1.438E+008  5.931E+008
 7.850E+013  5.720E-012  1.438E+008  5.899E+008
 7.870E+013  5.788E-012  1.439E+008  5.866E+008
 7.890E+013  5.855E-012  1.439E+008  5.831E+008
 7.910E+013  5.924E-012  1.439E+008  5.797E+008
 7.930E+013  5.992E-012  1.439E+008  5.763E+008
 7.950E+013  6.061E-012  1.439E+008  5.729E+008
 7.970E+013  6.131E-012  1.439E+008  5.696E+008
 7.990E+013  6.200E-012  1.439E+008  5.665E+008
 8.010E+013  6.269E-012  1.438E+008  5.639E+008
 8.030E+013  6.339E-012  1.438E+008  5.616E+008
 8.050E+013  6.408E-012  1.437E+008  5.599E+008
 8.070E+013  6.478E-012  1.436E+008  5.586E+008
 8.090E+013  6.548E-012  1.435E+008  5.575E+008
 8.110E+013  6.619E-012  1.434E+008  5.565E+008
 8.130E+013  6.689E-012  1.433E+008  5.554E+008
 8.150E+013  6.761E-012  1.432E+008  5.539E+008
 8.170E+013  6.832E-012  1.431E+008  5.522E+008
 8.190E+013  6.905E-012  1.430E+008  5.500E+008
 8.210E+013  6.978E-012  1.429E+008  5.474E+008
 8.230E+013  7.051E-012  1.428E+008  5.444E+008
 8.250E+013  7.126E-012  1.427E+008  5.408E+008
 8.270E+013  7.200E-012  1.427E+008  5.368E+008
 8.290E+013  7.275E-012  1.426E+008  5.325E+008
 8.310E+013  7.349E-012  1.424E+008  5.279E+008
 8.330E+013  7.423E-012  1.423E+008  5.233E+008
 8.350E+013  7.498E-012  1.422E+008  5.188E+008
 8.370E+013  7.573E-012  1.420E+008  5.147E+008
 8.390E+013  7.649E-012  1.419E+008  5.107E+008
 8.410E+013  7.726E-012  1.418E+008  5.069E+008
 8.430E+013  7.804E-012  1.417E+008  5.032E+008
 8.450E+013  7.882E-012  1.416E+008  4.995E+008
 8.470E+013  7.962E-012  1.415E+008  4.959E+008
 8.490E+013  8.042E-012  1.414E+008  4.925E+008
 8.510E+013  8.123E-012  1.414E+008  4.894E+008
 8.530E+013  8.205E-012  1.413E+008  4.868E+008
 8.550E+013  8.289E-012  1.413E+008  4.847E+008
 8.570E+013  8.374E-012  1.413E+008  4.831E+008
 8.590E+013  8.460E-012  1.413E+008  4.818E+008
 8.610E+013  8.546E-012  1.413E+008  4.807E+008
 8.630E+013  8.634E-012  1.414E+008  4.795E+008
 8.650E+013  8.721E-012  1.414E+008  4.782E+008
 8.670E+013  8.809E-012  1.413E+008  4.766E+008
 8.690E+013  8.897E-012  1.413E+008  4.749E+008
 8.710E+013  8.985E-012  1.413E+008  4.729E+008
 8.730E+013  9.074E-012  1.413E+008  4.709E+008
 8.750E+013  9.164E-012  1.412E+008  4.690E+008
 8.770E+013  9.255E-012  1.412E+008  4.672E+008
 8.790E+013  9.348E-012  1.412E+008  4.658E+008
 8.810E+013  9.442E-012  1.413E+008  4.647E+008
 8.830E+013  9.538E-012  1.413E+008  4.640E+008
 8.850E+013  9.636E-012  1.414E+008  4.638E+008
 8.870E+013  9.736E-012  1.415E+008  4.639E+008
 8.890E+013  9.838E-012  1.417E+008  4.645E+008
 8.910E+013  9.941E-012  1.418E+008  4.653E+008
 8.930E+013  1.005E-011  1.420E+008  4.664E+008
 8.950E+013  1.015E-011  1.421E+008  4.677E+008
 8.970E+013  1.026E-011  1.423E+008  4.690E+008
 8.990E+013  1.037E-011  1.425E+008  4.701E+008
 9.010E+013  1.048E-011  1.426E+008  4.708E+008
 9.030E+013  1.058E-011  1.427E+008  4.710E+008
 9.050E+013  1.069E-011  1.427E+008  4.707E+008
 9.070E+013  1.080E-011  1.428E+008  4.699E+008
 9.090E+013  1.090E-011  1.428E+008  4.685E+008
 9.110E+013  1.101E-011  1.427E+008  4.666E+008
 9.130E+013  1.111E-011  1.427E+008  4.642E+008
 9.150E+013  1.122E-011  1.426E+008  4.615E+008
 9.170E+013  1.132E-011  1.425E+008  4.586E+008
 9.190E+013  1.143E-011  1.424E+008  4.554E+008
 9.210E+013  1.153E-011  1.423E+008  4.523E+008
 9.230E+013  1.164E-011  1.422E+008  4.494E+008
 9.250E+013  1.175E-011  1.421E+008  4.467E+008
 9.270E+013  1.186E-011  1.421E+008  4.442E+008
 9.290E+013  1.197E-011  1.420E+008  4.421E+008
 9.310E+013  1.209E-011  1.420E+008  4.403E+008
 9.330E+013  1.221E-011  1.420E+008  4.388E+008
 9.350E+013  1.233E-011  1.420E+008  4.374E+008
 9.370E+013  1.245E-011  1.420E+008  4.361E+008
 9.390E+013  1.257E-011  1.421E+008  4.349E+008
 9.410E+013  1.269E-011  1.421E+008  4.336E+008
 9.430E+013  1.281E-011  1.421E+008  4.323E+008
 9.450E+013  1.294E-011  1.421E+008  4.309E+008
 9.470E+013  1.306E-011  1.421E+008  4.294E+008
 9.490E+013  1.319E-011  1.421E+008  4.278E+008
 9.510E+013  1.332E-011  1.421E+008  4.262E+008
 9.530E+013  1.345E-011  1.421E+008  4.246E+008
 9.550E+013  1.358E-011  1.421E+008  4.230E+008
 9.570E+013  1.371E-011  1.421E+008  4.213E+008
 9.590E+013  1.384E-011  1.422E+008  4.197E+008
 9.610E+013  1.398E-011  1.422E+008  4.181E+008
 9.630E+013  1.411E-011  1.422E+008  4.165E+008
 9.650E+013  1.425E-011  1.423E+008  4.150E+008
 9.670E+013  1.439E-011  1.423E+008  4.136E+008
 9.690E+013  1.454E-011  1.424E+008  4.122E+008
 9.710E+013  1.468E-011  1.425E+008  4.108E+008
 9.730E+013  1.483E-011  1.425E+008  4.096E+008
 9.750E+013  1.497E-011  1.426E+008  4.084E+008
 9.770E+013  1.512E-011  1.427E+008  4.072E+008
 9.790E+013  1.527E-011  1.428E+008  4.062E+008
 9.810E+013  1.543E-011  1.429E+008  4.052E+008
 9.830E+013  1.558E-011  1.430E+008  4.042E+008
 9.850E+013  1.574E-011  1.431E+008  4.034E+008
 9.870E+013  1.590E-011  1.433E+008  4.026E+008
 9.890E+013  1.606E-011  1.434E+008  4.019E+008
 9.910E+013  1.622E-011  1.435E+008  4.013E+008
 9.930E+013  1.639E-011  1.436E+008  4.007E+008
 9.950E+013  1.656E-011  1.438E+008  4.003E+008
 9.970E+013  1.671E-011  1.439E+008  4.000E+008
 9.990E+013  1.697E-011  1.440E+008  3.998E+008
 1.001E+014  1.000E-099  1.000E-099  3.998E+008
 1.003E+014  1.000E-099  1.000E-099  3.998E+008
 7.801E-003
