 3.600E+004
     x1b        dens       energ       v1
 1.000E+011  8.606E-013  5.917E+009  0.000E+000
 3.000E+011  8.607E-013  5.917E+009  1.297E+006
 5.000E+011  8.612E-013  5.917E+009  2.712E+006
 7.000E+011  8.623E-013  5.917E+009  4.029E+006
 9.000E+011  8.642E-013  5.917E+009  5.390E+006
 1.100E+012  8.670E-013  5.917E+009  6.729E+006
 1.300E+012  8.708E-013  5.917E+009  8.080E+006
 1.500E+012  8.757E-013  5.917E+009  9.423E+006
 1.700E+012  8.816E-013  5.917E+009  1.077E+007
 1.900E+012  8.885E-013  5.917E+009  1.212E+007
 2.100E+012  8.964E-013  5.917E+009  1.346E+007
 2.300E+012  9.050E-013  5.917E+009  1.481E+007
 2.500E+012  9.142E-013  5.917E+009  1.616E+007
 2.700E+012  9.240E-013  5.917E+009  1.750E+007
 2.900E+012  9.342E-013  5.917E+009  1.885E+007
 3.100E+012  9.447E-013  5.917E+009  2.020E+007
 3.300E+012  9.553E-013  5.917E+009  2.154E+007
 3.500E+012  9.661E-013  5.917E+009  2.289E+007
 3.700E+012  9.769E-013  5.917E+009  2.423E+007
 3.900E+012  9.877E-013  5.917E+009  2.558E+007
 4.100E+012  9.985E-013  5.917E+009  2.693E+007
 4.300E+012  1.009E-012  5.917E+009  2.827E+007
 4.500E+012  1.019E-012  5.917E+009  2.962E+007
 4.700E+012  1.029E-012  5.917E+009  3.097E+007
 4.900E+012  1.038E-012  5.917E+009  3.231E+007
 5.100E+012  1.045E-012  5.917E+009  3.366E+007
 5.300E+012  1.051E-012  5.917E+009  3.500E+007
 5.500E+012  1.055E-012  5.917E+009  3.635E+007
 5.700E+012  1.057E-012  5.917E+009  3.770E+007
 5.900E+012  1.057E-012  5.917E+009  3.904E+007
 6.100E+012  1.057E-012  5.917E+009  4.039E+007
 6.300E+012  1.057E-012  5.917E+009  4.174E+007
 6.500E+012  1.057E-012  5.917E+009  4.308E+007
 6.700E+012  1.057E-012  5.917E+009  4.443E+007
 6.900E+012  1.057E-012  5.917E+009  4.577E+007
 7.100E+012  1.057E-012  5.917E+009  4.712E+007
 7.300E+012  1.057E-012  5.917E+009  4.847E+007
 7.500E+012  1.057E-012  5.917E+009  4.981E+007
 7.700E+012  1.056E-012  5.917E+009  5.116E+007
 7.900E+012  1.056E-012  5.917E+009  5.251E+007
 8.100E+012  1.055E-012  5.917E+009  5.385E+007
 8.300E+012  1.055E-012  5.917E+009  5.520E+007
 8.500E+012  1.054E-012  5.917E+009  5.655E+007
 8.700E+012  1.053E-012  5.917E+009  5.789E+007
 8.900E+012  1.052E-012  5.917E+009  5.924E+007
 9.100E+012  1.052E-012  5.917E+009  6.058E+007
 9.300E+012  1.052E-012  5.917E+009  6.193E+007
 9.500E+012  1.052E-012  5.917E+009  6.328E+007
 9.700E+012  1.052E-012  5.917E+009  6.462E+007
 9.900E+012  1.052E-012  5.917E+009  6.597E+007
 1.010E+013  1.052E-012  5.917E+009  6.732E+007
 1.030E+013  1.052E-012  5.917E+009  6.866E+007
 1.050E+013  1.052E-012  5.917E+009  7.001E+007
 1.070E+013  1.052E-012  5.917E+009  7.135E+007
 1.090E+013  1.052E-012  5.917E+009  7.270E+007
 1.110E+013  1.053E-012  5.917E+009  7.405E+007
 1.130E+013  1.054E-012  5.917E+009  7.539E+007
 1.150E+013  1.055E-012  5.917E+009  7.674E+007
 1.170E+013  1.056E-012  5.917E+009  7.809E+007
 1.190E+013  1.057E-012  5.917E+009  7.943E+007
 1.210E+013  1.059E-012  5.917E+009  8.078E+007
 1.230E+013  1.061E-012  5.917E+009  8.213E+007
 1.250E+013  1.063E-012  5.917E+009  8.347E+007
 1.270E+013  1.066E-012  5.917E+009  8.482E+007
 1.290E+013  1.070E-012  5.917E+009  8.616E+007
 1.310E+013  1.074E-012  5.917E+009  8.751E+007
 1.330E+013  1.078E-012  5.917E+009  8.886E+007
 1.350E+013  1.084E-012  5.917E+009  9.020E+007
 1.370E+013  1.090E-012  5.917E+009  9.155E+007
 1.390E+013  1.096E-012  5.917E+009  9.290E+007
 1.410E+013  1.104E-012  5.917E+009  9.424E+007
 1.430E+013  1.112E-012  5.917E+009  9.559E+007
 1.450E+013  1.122E-012  5.917E+009  9.694E+007
 1.470E+013  1.132E-012  5.917E+009  9.828E+007
 1.490E+013  1.144E-012  5.917E+009  9.963E+007
 1.510E+013  1.156E-012  5.917E+009  1.010E+008
 1.530E+013  1.170E-012  5.917E+009  1.023E+008
 1.550E+013  1.186E-012  5.917E+009  1.037E+008
 1.570E+013  1.203E-012  5.917E+009  1.050E+008
 1.590E+013  1.221E-012  5.917E+009  1.064E+008
 1.610E+013  1.241E-012  5.917E+009  1.077E+008
 1.630E+013  1.263E-012  5.917E+009  1.091E+008
 1.650E+013  1.287E-012  5.917E+009  1.104E+008
 1.670E+013  1.312E-012  5.917E+009  1.118E+008
 1.690E+013  1.341E-012  5.917E+009  1.131E+008
 1.710E+013  1.371E-012  5.917E+009  1.144E+008
 1.730E+013  1.404E-012  5.917E+009  1.158E+008
 1.750E+013  1.440E-012  5.917E+009  1.171E+008
 1.770E+013  1.478E-012  5.917E+009  1.185E+008
 1.790E+013  1.520E-012  5.917E+009  1.198E+008
 1.810E+013  1.566E-012  5.917E+009  1.212E+008
 1.830E+013  1.615E-012  5.917E+009  1.225E+008
 1.850E+013  1.667E-012  5.917E+009  1.239E+008
 1.870E+013  1.725E-012  5.917E+009  1.252E+008
 1.890E+013  1.786E-012  5.917E+009  1.266E+008
 1.910E+013  1.853E-012  5.917E+009  1.279E+008
 1.930E+013  1.924E-012  5.917E+009  1.293E+008
 1.950E+013  2.001E-012  5.917E+009  1.306E+008
 1.970E+013  2.085E-012  5.917E+009  1.320E+008
 1.990E+013  2.174E-012  5.917E+009  1.333E+008
 2.010E+013  2.270E-012  5.917E+009  1.347E+008
 2.030E+013  2.374E-012  5.917E+009  1.360E+008
 2.050E+013  2.485E-012  5.917E+009  1.374E+008
 2.070E+013  2.605E-012  5.917E+009  1.387E+008
 2.090E+013  2.733E-012  5.917E+009  1.401E+008
 2.110E+013  2.871E-012  5.917E+009  1.414E+008
 2.130E+013  3.018E-012  5.917E+009  1.428E+008
 2.150E+013  3.175E-012  5.917E+009  1.441E+008
 2.170E+013  3.343E-012  5.917E+009  1.455E+008
 2.190E+013  3.523E-012  5.917E+009  1.468E+008
 2.210E+013  3.714E-012  5.917E+009  1.482E+008
 2.230E+013  3.917E-012  5.917E+009  1.495E+008
 2.250E+013  4.132E-012  5.917E+009  1.509E+008
 2.270E+013  4.361E-012  5.917E+009  1.522E+008
 2.290E+013  4.602E-012  5.917E+009  1.535E+008
 2.310E+013  4.857E-012  5.917E+009  1.549E+008
 2.330E+013  5.125E-012  5.917E+009  1.562E+008
 2.350E+013  5.406E-012  5.917E+009  1.576E+008
 2.370E+013  5.701E-012  5.917E+009  1.589E+008
 2.390E+013  6.009E-012  5.917E+009  1.603E+008
 2.410E+013  6.330E-012  5.917E+009  1.616E+008
 2.430E+013  6.664E-012  5.917E+009  1.630E+008
 2.450E+013  7.010E-012  5.917E+009  1.643E+008
 2.470E+013  7.367E-012  5.917E+009  1.657E+008
 2.490E+013  7.736E-012  5.917E+009  1.670E+008
 2.510E+013  8.115E-012  5.917E+009  1.684E+008
 2.530E+013  8.504E-012  5.917E+009  1.697E+008
 2.550E+013  8.903E-012  5.917E+009  1.710E+008
 2.570E+013  9.309E-012  5.917E+009  1.724E+008
 2.590E+013  9.724E-012  5.917E+009  1.737E+008
 2.610E+013  1.015E-011  5.917E+009  1.751E+008
 2.630E+013  1.057E-011  5.917E+009  1.764E+008
 2.650E+013  1.101E-011  5.917E+009  1.778E+008
 2.670E+013  1.145E-011  5.917E+009  1.791E+008
 2.690E+013  1.189E-011  5.917E+009  1.804E+008
 2.710E+013  1.234E-011  5.917E+009  1.818E+008
 2.730E+013  1.279E-011  5.917E+009  1.831E+008
 2.750E+013  1.325E-011  5.917E+009  1.845E+008
 2.770E+013  1.371E-011  5.917E+009  1.858E+008
 2.790E+013  1.418E-011  5.917E+009  1.872E+008
 2.810E+013  1.465E-011  5.917E+009  1.885E+008
 2.830E+013  1.513E-011  5.917E+009  1.899E+008
 2.850E+013  1.560E-011  5.917E+009  1.912E+008
 2.870E+013  1.609E-011  5.917E+009  1.926E+008
 2.890E+013  1.658E-011  5.917E+009  1.939E+008
 2.910E+013  1.707E-011  5.917E+009  1.952E+008
 2.930E+013  1.757E-011  5.917E+009  1.966E+008
 2.950E+013  1.808E-011  5.917E+009  1.979E+008
 2.970E+013  1.859E-011  5.917E+009  1.993E+008
 2.990E+013  1.912E-011  5.917E+009  2.006E+008
 3.010E+013  1.965E-011  5.917E+009  2.020E+008
 3.030E+013  2.018E-011  5.917E+009  2.033E+008
 3.050E+013  2.073E-011  5.917E+009  2.047E+008
 3.070E+013  2.129E-011  5.917E+009  2.060E+008
 3.090E+013  2.186E-011  5.917E+009  2.074E+008
 3.110E+013  2.244E-011  5.917E+009  2.087E+008
 3.130E+013  2.304E-011  5.917E+009  2.101E+008
 3.150E+013  2.365E-011  5.917E+009  2.114E+008
 3.170E+013  2.427E-011  5.917E+009  2.127E+008
 3.190E+013  2.490E-011  5.917E+009  2.141E+008
 3.210E+013  2.555E-011  5.917E+009  2.154E+008
 3.230E+013  2.622E-011  5.917E+009  2.168E+008
 3.250E+013  2.691E-011  5.917E+009  2.181E+008
 3.270E+013  2.761E-011  5.918E+009  2.195E+008
 3.290E+013  2.833E-011  5.918E+009  2.208E+008
 3.310E+013  2.907E-011  5.918E+009  2.222E+008
 3.330E+013  2.983E-011  5.918E+009  2.235E+008
 3.350E+013  3.062E-011  5.918E+009  2.249E+008
 3.370E+013  3.142E-011  5.918E+009  2.262E+008
 3.390E+013  3.225E-011  5.918E+009  2.276E+008
 3.410E+013  3.309E-011  5.918E+009  2.289E+008
 3.430E+013  3.397E-011  5.918E+009  2.303E+008
 3.450E+013  3.486E-011  5.918E+009  2.316E+008
 3.470E+013  3.578E-011  5.918E+009  2.330E+008
 3.490E+013  3.673E-011  5.918E+009  2.343E+008
 3.510E+013  3.770E-011  5.918E+009  2.356E+008
 3.530E+013  3.869E-011  5.918E+009  2.370E+008
 3.550E+013  3.971E-011  5.918E+009  2.383E+008
 3.570E+013  4.076E-011  5.918E+009  2.397E+008
 3.590E+013  4.184E-011  5.918E+009  2.410E+008
 3.610E+013  4.294E-011  5.918E+009  2.424E+008
 3.630E+013  4.406E-011  5.918E+009  2.437E+008
 3.650E+013  4.521E-011  5.919E+009  2.451E+008
 3.670E+013  4.639E-011  5.919E+009  2.464E+008
 3.690E+013  4.760E-011  5.919E+009  2.478E+008
 3.710E+013  4.883E-011  5.919E+009  2.491E+008
 3.730E+013  5.009E-011  5.919E+009  2.505E+008
 3.750E+013  5.137E-011  5.919E+009  2.518E+008
 3.770E+013  5.267E-011  5.919E+009  2.532E+008
 3.790E+013  5.401E-011  5.919E+009  2.545E+008
 3.810E+013  5.536E-011  5.919E+009  2.559E+008
 3.830E+013  5.675E-011  5.919E+009  2.572E+008
 3.850E+013  5.815E-011  5.919E+009  2.585E+008
 3.870E+013  5.958E-011  5.919E+009  2.599E+008
 3.890E+013  6.103E-011  5.920E+009  2.612E+008
 3.910E+013  6.251E-011  5.920E+009  2.626E+008
 3.930E+013  6.401E-011  5.920E+009  2.639E+008
 3.950E+013  6.554E-011  5.920E+009  2.653E+008
 3.970E+013  6.708E-011  5.920E+009  2.666E+008
 3.990E+013  6.866E-011  5.920E+009  2.680E+008
 4.010E+013  7.025E-011  5.920E+009  2.693E+008
 4.030E+013  7.187E-011  5.920E+009  2.707E+008
 4.050E+013  7.352E-011  5.920E+009  2.720E+008
 4.070E+013  7.519E-011  5.921E+009  2.734E+008
 4.090E+013  7.688E-011  5.921E+009  2.747E+008
 4.110E+013  7.860E-011  5.921E+009  2.761E+008
 4.130E+013  8.035E-011  5.921E+009  2.774E+008
 4.150E+013  8.213E-011  5.921E+009  2.788E+008
 4.170E+013  8.393E-011  5.921E+009  2.801E+008
 4.190E+013  8.577E-011  5.921E+009  2.815E+008
 4.210E+013  8.763E-011  5.922E+009  2.828E+008
 4.230E+013  8.953E-011  5.922E+009  2.842E+008
 4.250E+013  9.146E-011  5.922E+009  2.855E+008
 4.270E+013  9.342E-011  5.922E+009  2.869E+008
 4.290E+013  9.542E-011  5.922E+009  2.882E+008
 4.310E+013  9.745E-011  5.922E+009  2.896E+008
 4.330E+013  9.952E-011  5.923E+009  2.909E+008
 4.350E+013  1.016E-010  5.923E+009  2.923E+008
 4.370E+013  1.038E-010  5.923E+009  2.936E+008
 4.390E+013  1.060E-010  5.923E+009  2.950E+008
 4.410E+013  1.082E-010  5.923E+009  2.963E+008
 4.430E+013  1.105E-010  5.924E+009  2.976E+008
 4.450E+013  1.128E-010  5.924E+009  2.990E+008
 4.470E+013  1.152E-010  5.924E+009  3.003E+008
 4.490E+013  1.176E-010  5.924E+009  3.017E+008
 4.510E+013  1.200E-010  5.924E+009  3.030E+008
 4.530E+013  1.226E-010  5.925E+009  3.044E+008
 4.550E+013  1.251E-010  5.925E+009  3.057E+008
 4.570E+013  1.277E-010  5.925E+009  3.071E+008
 4.590E+013  1.304E-010  5.925E+009  3.084E+008
 4.610E+013  1.331E-010  5.926E+009  3.098E+008
 4.630E+013  1.359E-010  5.926E+009  3.111E+008
 4.650E+013  1.387E-010  5.926E+009  3.125E+008
 4.670E+013  1.416E-010  5.926E+009  3.139E+008
 4.690E+013  1.445E-010  5.927E+009  3.152E+008
 4.710E+013  1.475E-010  5.927E+009  3.166E+008
 4.730E+013  1.505E-010  5.927E+009  3.179E+008
 4.750E+013  1.536E-010  5.928E+009  3.193E+008
 4.770E+013  1.568E-010  5.928E+009  3.206E+008
 4.790E+013  1.600E-010  5.928E+009  3.220E+008
 4.810E+013  1.632E-010  5.929E+009  3.233E+008
 4.830E+013  1.665E-010  5.929E+009  3.247E+008
 4.850E+013  1.699E-010  5.929E+009  3.260E+008
 4.870E+013  1.733E-010  5.930E+009  3.274E+008
 4.890E+013  1.768E-010  5.930E+009  3.287E+008
 4.910E+013  1.804E-010  5.930E+009  3.301E+008
 4.930E+013  1.840E-010  5.931E+009  3.314E+008
 4.950E+013  1.876E-010  5.931E+009  3.328E+008
 4.970E+013  1.914E-010  5.932E+009  3.341E+008
 4.990E+013  1.951E-010  5.932E+009  3.355E+008
 5.010E+013  1.990E-010  5.932E+009  3.368E+008
 5.030E+013  2.029E-010  5.933E+009  3.382E+008
 5.050E+013  2.068E-010  5.933E+009  3.395E+008
 5.070E+013  2.109E-010  5.934E+009  3.409E+008
 5.090E+013  2.149E-010  5.934E+009  3.422E+008
 5.110E+013  2.191E-010  5.935E+009  3.436E+008
 5.130E+013  2.233E-010  5.935E+009  3.450E+008
 5.150E+013  2.275E-010  5.936E+009  3.463E+008
 5.170E+013  2.319E-010  5.936E+009  3.477E+008
 5.190E+013  2.363E-010  5.937E+009  3.490E+008
 5.210E+013  2.407E-010  5.937E+009  3.504E+008
 5.230E+013  2.452E-010  5.938E+009  3.517E+008
 5.250E+013  2.498E-010  5.938E+009  3.531E+008
 5.270E+013  2.545E-010  5.939E+009  3.544E+008
 5.290E+013  2.592E-010  5.939E+009  3.558E+008
 5.310E+013  2.640E-010  5.940E+009  3.572E+008
 5.330E+013  2.689E-010  5.941E+009  3.585E+008
 5.350E+013  2.738E-010  5.941E+009  3.599E+008
 5.370E+013  2.788E-010  5.942E+009  3.612E+008
 5.390E+013  2.839E-010  5.942E+009  3.626E+008
 5.410E+013  2.891E-010  5.943E+009  3.639E+008
 5.430E+013  2.943E-010  5.944E+009  3.653E+008
 5.450E+013  2.996E-010  5.944E+009  3.667E+008
 5.470E+013  3.050E-010  5.945E+009  3.680E+008
 5.490E+013  3.104E-010  5.946E+009  3.694E+008
 5.510E+013  3.160E-010  5.947E+009  3.707E+008
 5.530E+013  3.216E-010  5.947E+009  3.721E+008
 5.550E+013  3.273E-010  5.948E+009  3.735E+008
 5.570E+013  3.330E-010  5.949E+009  3.748E+008
 5.590E+013  3.389E-010  5.950E+009  3.762E+008
 5.610E+013  3.448E-010  5.951E+009  3.775E+008
 5.630E+013  3.508E-010  5.951E+009  3.789E+008
 5.650E+013  3.569E-010  5.952E+009  3.803E+008
 5.670E+013  3.630E-010  5.953E+009  3.816E+008
 5.690E+013  3.693E-010  5.954E+009  3.830E+008
 5.710E+013  3.756E-010  5.955E+009  3.844E+008
 5.730E+013  3.820E-010  5.956E+009  3.857E+008
 5.750E+013  3.885E-010  5.957E+009  3.871E+008
 5.770E+013  3.951E-010  5.958E+009  3.885E+008
 5.790E+013  4.017E-010  5.959E+009  3.898E+008
 5.810E+013  4.085E-010  5.960E+009  3.912E+008
 5.830E+013  4.153E-010  5.961E+009  3.925E+008
 5.850E+013  4.222E-010  5.962E+009  3.939E+008
 5.870E+013  4.292E-010  5.963E+009  3.953E+008
 5.890E+013  4.363E-010  5.964E+009  3.967E+008
 5.910E+013  4.435E-010  5.965E+009  3.980E+008
 5.930E+013  4.508E-010  5.966E+009  3.994E+008
 5.950E+013  4.582E-010  5.967E+009  4.008E+008
 5.970E+013  4.657E-010  5.968E+009  4.021E+008
 5.990E+013  4.732E-010  5.970E+009  4.035E+008
 6.010E+013  4.809E-010  5.971E+009  4.049E+008
 6.030E+013  4.887E-010  5.972E+009  4.062E+008
 6.050E+013  4.966E-010  5.973E+009  4.076E+008
 6.070E+013  5.046E-010  5.975E+009  4.090E+008
 6.090E+013  5.127E-010  5.976E+009  4.104E+008
 6.110E+013  5.208E-010  5.977E+009  4.117E+008
 6.130E+013  5.292E-010  5.979E+009  4.131E+008
 6.150E+013  5.376E-010  5.980E+009  4.145E+008
 6.170E+013  5.461E-010  5.982E+009  4.159E+008
 6.190E+013  5.547E-010  5.983E+009  4.172E+008
 6.210E+013  5.635E-010  5.984E+009  4.186E+008
 6.230E+013  5.724E-010  5.986E+009  4.200E+008
 6.250E+013  5.814E-010  5.988E+009  4.214E+008
 6.270E+013  5.905E-010  5.989E+009  4.227E+008
 6.290E+013  5.998E-010  5.991E+009  4.241E+008
 6.310E+013  6.091E-010  5.992E+009  4.255E+008
 6.330E+013  6.186E-010  5.994E+009  4.269E+008
 6.350E+013  6.283E-010  5.996E+009  4.283E+008
 6.370E+013  6.380E-010  5.997E+009  4.296E+008
 6.390E+013  6.479E-010  5.999E+009  4.310E+008
 6.410E+013  6.579E-010  6.001E+009  4.324E+008
 6.430E+013  6.681E-010  6.003E+009  4.338E+008
 6.450E+013  6.784E-010  6.005E+009  4.352E+008
 6.470E+013  6.888E-010  6.006E+009  4.366E+008
 6.490E+013  6.994E-010  6.008E+009  4.380E+008
 6.510E+013  7.101E-010  6.010E+009  4.393E+008
 6.530E+013  7.209E-010  6.012E+009  4.407E+008
 6.550E+013  7.319E-010  6.014E+009  4.421E+008
 6.570E+013  7.430E-010  6.016E+009  4.435E+008
 6.590E+013  7.543E-010  6.019E+009  4.449E+008
 6.610E+013  7.658E-010  6.021E+009  4.463E+008
 6.630E+013  7.773E-010  6.023E+009  4.477E+008
 6.650E+013  7.891E-010  6.025E+009  4.491E+008
 6.670E+013  8.009E-010  6.027E+009  4.505E+008
 6.690E+013  8.130E-010  6.030E+009  4.519E+008
 6.710E+013  8.251E-010  6.032E+009  4.533E+008
 6.730E+013  8.375E-010  6.034E+009  4.547E+008
 6.750E+013  8.500E-010  6.037E+009  4.561E+008
 6.770E+013  8.626E-010  6.039E+009  4.575E+008
 6.790E+013  8.754E-010  6.042E+009  4.589E+008
 6.810E+013  8.884E-010  6.044E+009  4.603E+008
 6.830E+013  9.015E-010  6.047E+009  4.617E+008
 6.850E+013  9.148E-010  6.050E+009  4.631E+008
 6.870E+013  9.282E-010  6.052E+009  4.645E+008
 6.890E+013  9.419E-010  6.055E+009  4.659E+008
 6.910E+013  9.556E-010  6.058E+009  4.673E+008
 6.930E+013  9.696E-010  6.061E+009  4.687E+008
 6.950E+013  9.837E-010  6.064E+009  4.701E+008
 6.970E+013  9.980E-010  6.067E+009  4.715E+008
 6.990E+013  1.012E-009  6.070E+009  4.730E+008
 7.010E+013  1.027E-009  6.073E+009  4.744E+008
 7.030E+013  1.042E-009  6.076E+009  4.758E+008
 7.050E+013  1.057E-009  6.079E+009  4.772E+008
 7.070E+013  1.072E-009  6.082E+009  4.786E+008
 7.090E+013  1.087E-009  6.086E+009  4.801E+008
 7.110E+013  1.103E-009  6.089E+009  4.815E+008
 7.130E+013  1.119E-009  6.092E+009  4.829E+008
 7.150E+013  1.135E-009  6.096E+009  4.843E+008
 7.170E+013  1.151E-009  6.099E+009  4.858E+008
 7.190E+013  1.167E-009  6.103E+009  4.872E+008
 7.210E+013  1.183E-009  6.107E+009  4.886E+008
 7.230E+013  1.200E-009  6.110E+009  4.900E+008
 7.250E+013  1.217E-009  6.114E+009  4.915E+008
 7.270E+013  1.234E-009  6.118E+009  4.929E+008
 7.290E+013  1.251E-009  6.122E+009  4.944E+008
 7.310E+013  1.269E-009  6.126E+009  4.958E+008
 7.330E+013  1.286E-009  6.130E+009  4.972E+008
 7.350E+013  1.304E-009  6.134E+009  4.987E+008
 7.370E+013  1.322E-009  6.138E+009  5.001E+008
 7.390E+013  1.341E-009  6.143E+009  5.016E+008
 7.410E+013  1.359E-009  6.147E+009  5.030E+008
 7.430E+013  1.378E-009  6.151E+009  5.045E+008
 7.450E+013  1.397E-009  6.156E+009  5.059E+008
 7.470E+013  1.416E-009  6.160E+009  5.074E+008
 7.490E+013  1.436E-009  6.165E+009  5.088E+008
 7.510E+013  1.455E-009  6.170E+009  5.103E+008
 7.530E+013  1.475E-009  6.174E+009  5.117E+008
 7.550E+013  1.495E-009  6.179E+009  5.132E+008
 7.570E+013  1.516E-009  6.184E+009  5.147E+008
 7.590E+013  1.536E-009  6.189E+009  5.161E+008
 7.610E+013  1.557E-009  6.194E+009  5.176E+008
 7.630E+013  1.578E-009  6.199E+009  5.191E+008
 7.650E+013  1.600E-009  6.205E+009  5.205E+008
 7.670E+013  1.621E-009  6.210E+009  5.220E+008
 7.690E+013  1.643E-009  6.216E+009  5.235E+008
 7.710E+013  1.665E-009  6.221E+009  5.250E+008
 7.730E+013  1.688E-009  6.227E+009  5.265E+008
 7.750E+013  1.710E-009  6.232E+009  5.279E+008
 7.770E+013  1.733E-009  6.238E+009  5.294E+008
 7.790E+013  1.757E-009  6.244E+009  5.309E+008
 7.810E+013  1.780E-009  6.250E+009  5.324E+008
 7.830E+013  1.804E-009  6.256E+009  5.339E+008
 7.850E+013  1.828E-009  6.263E+009  5.354E+008
 7.870E+013  1.852E-009  6.269E+009  5.369E+008
 7.890E+013  1.877E-009  6.275E+009  5.384E+008
 7.910E+013  1.902E-009  6.282E+009  5.399E+008
 7.930E+013  1.927E-009  6.288E+009  5.414E+008
 7.950E+013  1.953E-009  6.295E+009  5.429E+008
 7.970E+013  1.979E-009  6.302E+009  5.444E+008
 7.990E+013  2.005E-009  6.309E+009  5.459E+008
 8.010E+013  2.031E-009  6.316E+009  5.475E+008
 8.030E+013  2.058E-009  6.323E+009  5.490E+008
 8.050E+013  2.086E-009  6.331E+009  5.505E+008
 8.070E+013  2.113E-009  6.338E+009  5.520E+008
 8.090E+013  2.141E-009  6.346E+009  5.536E+008
 8.110E+013  2.169E-009  6.353E+009  5.551E+008
 8.130E+013  2.198E-009  6.361E+009  5.566E+008
 8.150E+013  2.226E-009  6.369E+009  5.582E+008
 8.170E+013  2.256E-009  6.377E+009  5.597E+008
 8.190E+013  2.285E-009  6.385E+009  5.613E+008
 8.210E+013  2.315E-009  6.394E+009  5.628E+008
 8.230E+013  2.346E-009  6.402E+009  5.644E+008
 8.250E+013  2.376E-009  6.411E+009  5.659E+008
 8.270E+013  2.407E-009  6.419E+009  5.675E+008
 8.290E+013  2.439E-009  6.428E+009  5.691E+008
 8.310E+013  2.470E-009  6.437E+009  5.706E+008
 8.330E+013  2.503E-009  6.446E+009  5.722E+008
 8.350E+013  2.535E-009  6.456E+009  5.738E+008
 8.370E+013  2.568E-009  6.465E+009  5.754E+008
 8.390E+013  2.602E-009  6.475E+009  5.769E+008
 8.410E+013  2.636E-009  6.484E+009  5.785E+008
 8.430E+013  2.670E-009  6.494E+009  5.801E+008
 8.450E+013  2.704E-009  6.504E+009  5.817E+008
 8.470E+013  2.740E-009  6.515E+009  5.833E+008
 8.490E+013  2.775E-009  6.525E+009  5.849E+008
 8.510E+013  2.811E-009  6.536E+009  5.865E+008
 8.530E+013  2.848E-009  6.546E+009  5.881E+008
 8.550E+013  2.884E-009  6.557E+009  5.898E+008
 8.570E+013  2.922E-009  6.568E+009  5.914E+008
 8.590E+013  2.960E-009  6.580E+009  5.930E+008
 8.610E+013  2.998E-009  6.591E+009  5.946E+008
 8.630E+013  3.037E-009  6.603E+009  5.963E+008
 8.650E+013  3.076E-009  6.615E+009  5.979E+008
 8.670E+013  3.116E-009  6.627E+009  5.995E+008
 8.690E+013  3.156E-009  6.639E+009  6.012E+008
 8.710E+013  3.197E-009  6.651E+009  6.028E+008
 8.730E+013  3.238E-009  6.664E+009  6.045E+008
 8.750E+013  3.280E-009  6.677E+009  6.062E+008
 8.770E+013  3.322E-009  6.690E+009  6.078E+008
 8.790E+013  3.365E-009  6.703E+009  6.095E+008
 8.810E+013  3.409E-009  6.716E+009  6.112E+008
 8.830E+013  3.453E-009  6.730E+009  6.129E+008
 8.850E+013  3.497E-009  6.744E+009  6.146E+008
 8.870E+013  3.542E-009  6.758E+009  6.162E+008
 8.890E+013  3.588E-009  6.772E+009  6.179E+008
 8.910E+013  3.635E-009  6.787E+009  6.196E+008
 8.930E+013  3.682E-009  6.802E+009  6.214E+008
 8.950E+013  3.729E-009  6.817E+009  6.231E+008
 8.970E+013  3.777E-009  6.832E+009  6.248E+008
 8.990E+013  3.826E-009  6.847E+009  6.265E+008
 9.010E+013  3.876E-009  6.863E+009  6.282E+008
 9.030E+013  3.926E-009  6.879E+009  6.300E+008
 9.050E+013  3.977E-009  6.895E+009  6.317E+008
 9.070E+013  4.029E-009  6.912E+009  6.335E+008
 9.090E+013  4.081E-009  6.929E+009  6.352E+008
 9.110E+013  4.134E-009  6.946E+009  6.370E+008
 9.130E+013  4.188E-009  6.963E+009  6.388E+008
 9.150E+013  4.242E-009  6.981E+009  6.405E+008
 9.170E+013  4.297E-009  6.999E+009  6.423E+008
 9.190E+013  4.353E-009  7.017E+009  6.441E+008
 9.210E+013  4.410E-009  7.036E+009  6.459E+008
 9.230E+013  4.467E-009  7.054E+009  6.477E+008
 9.250E+013  4.526E-009  7.073E+009  6.495E+008
 9.270E+013  4.585E-009  7.093E+009  6.513E+008
 9.290E+013  4.645E-009  7.113E+009  6.531E+008
 9.310E+013  4.705E-009  7.133E+009  6.550E+008
 9.330E+013  4.767E-009  7.153E+009  6.568E+008
 9.350E+013  4.830E-009  7.174E+009  6.586E+008
 9.370E+013  4.893E-009  7.195E+009  6.605E+008
 9.390E+013  4.957E-009  7.216E+009  6.623E+008
 9.410E+013  5.022E-009  7.238E+009  6.642E+008
 9.430E+013  5.089E-009  7.260E+009  6.661E+008
 9.450E+013  5.156E-009  7.283E+009  6.679E+008
 9.470E+013  5.224E-009  7.306E+009  6.698E+008
 9.490E+013  5.293E-009  7.329E+009  6.717E+008
 9.510E+013  5.363E-009  7.353E+009  6.736E+008
 9.530E+013  5.434E-009  7.377E+009  6.755E+008
 9.550E+013  5.506E-009  7.401E+009  6.774E+008
 9.570E+013  5.579E-009  7.425E+009  6.794E+008
 9.590E+013  5.653E-009  7.450E+009  6.814E+008
 9.610E+013  5.728E-009  7.475E+009  6.834E+008
 9.630E+013  5.804E-009  7.501E+009  6.854E+008
 9.650E+013  5.885E-009  7.534E+009  6.872E+008
 9.670E+013  5.974E-009  7.582E+009  6.879E+008
 9.690E+013  6.070E-009  7.642E+009  6.873E+008
 9.710E+013  6.179E-009  7.727E+009  6.853E+008
 9.730E+013  6.309E-009  7.850E+009  6.805E+008
 9.750E+013  6.467E-009  8.026E+009  6.720E+008
 9.770E+013  6.654E-009  8.259E+009  6.588E+008
 9.790E+013  6.862E-009  8.524E+009  6.422E+008
 9.810E+013  7.073E-009  8.791E+009  6.249E+008
 9.830E+013  7.276E-009  9.030E+009  6.096E+008
 9.850E+013  7.458E-009  9.222E+009  5.983E+008
 9.870E+013  7.623E-009  9.373E+009  5.909E+008
 9.890E+013  7.782E-009  9.504E+009  5.861E+008
 9.910E+013  7.942E-009  9.630E+009  5.824E+008
 9.930E+013  8.105E-009  9.758E+009  5.790E+008
 9.950E+013  8.273E-009  9.885E+009  5.758E+008
 9.970E+013  8.432E-009  1.001E+010  5.728E+008
 9.990E+013  8.661E-009  1.013E+010  5.699E+008
 1.001E+014  1.000E-099  1.000E-099  5.699E+008
 1.003E+014  1.000E-099  1.000E-099  5.699E+008
 1.142E-003
