 5.400E+004
     x1b        dens       energ       v1
 1.000E+011  6.408E-013  3.620E+009  0.000E+000
 3.000E+011  6.409E-013  3.620E+009  8.688E+005
 5.000E+011  6.412E-013  3.620E+009  1.807E+006
 7.000E+011  6.418E-013  3.620E+009  2.688E+006
 9.000E+011  6.429E-013  3.620E+009  3.595E+006
 1.100E+012  6.444E-013  3.620E+009  4.488E+006
 1.300E+012  6.466E-013  3.620E+009  5.388E+006
 1.500E+012  6.494E-013  3.620E+009  6.285E+006
 1.700E+012  6.529E-013  3.620E+009  7.183E+006
 1.900E+012  6.570E-013  3.620E+009  8.081E+006
 2.100E+012  6.617E-013  3.620E+009  8.979E+006
 2.300E+012  6.670E-013  3.620E+009  9.877E+006
 2.500E+012  6.727E-013  3.620E+009  1.077E+007
 2.700E+012  6.789E-013  3.620E+009  1.167E+007
 2.900E+012  6.854E-013  3.620E+009  1.257E+007
 3.100E+012  6.921E-013  3.620E+009  1.347E+007
 3.300E+012  6.991E-013  3.620E+009  1.437E+007
 3.500E+012  7.063E-013  3.620E+009  1.526E+007
 3.700E+012  7.135E-013  3.620E+009  1.616E+007
 3.900E+012  7.208E-013  3.620E+009  1.706E+007
 4.100E+012  7.281E-013  3.620E+009  1.796E+007
 4.300E+012  7.354E-013  3.620E+009  1.886E+007
 4.500E+012  7.426E-013  3.620E+009  1.975E+007
 4.700E+012  7.497E-013  3.620E+009  2.065E+007
 4.900E+012  7.567E-013  3.620E+009  2.155E+007
 5.100E+012  7.633E-013  3.620E+009  2.245E+007
 5.300E+012  7.695E-013  3.620E+009  2.334E+007
 5.500E+012  7.751E-013  3.620E+009  2.424E+007
 5.700E+012  7.799E-013  3.620E+009  2.514E+007
 5.900E+012  7.836E-013  3.620E+009  2.604E+007
 6.100E+012  7.860E-013  3.620E+009  2.694E+007
 6.300E+012  7.870E-013  3.620E+009  2.783E+007
 6.500E+012  7.872E-013  3.620E+009  2.873E+007
 6.700E+012  7.872E-013  3.620E+009  2.963E+007
 6.900E+012  7.872E-013  3.620E+009  3.053E+007
 7.100E+012  7.872E-013  3.620E+009  3.143E+007
 7.300E+012  7.872E-013  3.620E+009  3.232E+007
 7.500E+012  7.872E-013  3.620E+009  3.322E+007
 7.700E+012  7.872E-013  3.620E+009  3.412E+007
 7.900E+012  7.871E-013  3.620E+009  3.502E+007
 8.100E+012  7.870E-013  3.620E+009  3.591E+007
 8.300E+012  7.868E-013  3.620E+009  3.681E+007
 8.500E+012  7.866E-013  3.620E+009  3.771E+007
 8.700E+012  7.863E-013  3.620E+009  3.861E+007
 8.900E+012  7.859E-013  3.620E+009  3.951E+007
 9.100E+012  7.855E-013  3.620E+009  4.040E+007
 9.300E+012  7.850E-013  3.620E+009  4.130E+007
 9.500E+012  7.845E-013  3.620E+009  4.220E+007
 9.700E+012  7.839E-013  3.620E+009  4.310E+007
 9.900E+012  7.835E-013  3.620E+009  4.400E+007
 1.010E+013  7.832E-013  3.620E+009  4.489E+007
 1.030E+013  7.831E-013  3.620E+009  4.579E+007
 1.050E+013  7.831E-013  3.620E+009  4.669E+007
 1.070E+013  7.831E-013  3.620E+009  4.759E+007
 1.090E+013  7.831E-013  3.620E+009  4.849E+007
 1.110E+013  7.831E-013  3.620E+009  4.938E+007
 1.130E+013  7.832E-013  3.620E+009  5.028E+007
 1.150E+013  7.833E-013  3.620E+009  5.118E+007
 1.170E+013  7.834E-013  3.620E+009  5.208E+007
 1.190E+013  7.836E-013  3.620E+009  5.297E+007
 1.210E+013  7.839E-013  3.620E+009  5.387E+007
 1.230E+013  7.842E-013  3.620E+009  5.477E+007
 1.250E+013  7.847E-013  3.620E+009  5.567E+007
 1.270E+013  7.853E-013  3.620E+009  5.657E+007
 1.290E+013  7.861E-013  3.620E+009  5.746E+007
 1.310E+013  7.870E-013  3.620E+009  5.836E+007
 1.330E+013  7.882E-013  3.620E+009  5.926E+007
 1.350E+013  7.895E-013  3.620E+009  6.016E+007
 1.370E+013  7.911E-013  3.620E+009  6.106E+007
 1.390E+013  7.930E-013  3.620E+009  6.195E+007
 1.410E+013  7.951E-013  3.620E+009  6.285E+007
 1.430E+013  7.976E-013  3.620E+009  6.375E+007
 1.450E+013  8.004E-013  3.620E+009  6.465E+007
 1.470E+013  8.035E-013  3.620E+009  6.554E+007
 1.490E+013  8.071E-013  3.620E+009  6.644E+007
 1.510E+013  8.111E-013  3.620E+009  6.734E+007
 1.530E+013  8.156E-013  3.620E+009  6.824E+007
 1.550E+013  8.205E-013  3.620E+009  6.914E+007
 1.570E+013  8.260E-013  3.620E+009  7.003E+007
 1.590E+013  8.321E-013  3.620E+009  7.093E+007
 1.610E+013  8.388E-013  3.620E+009  7.183E+007
 1.630E+013  8.461E-013  3.620E+009  7.273E+007
 1.650E+013  8.542E-013  3.620E+009  7.363E+007
 1.670E+013  8.630E-013  3.620E+009  7.452E+007
 1.690E+013  8.725E-013  3.620E+009  7.542E+007
 1.710E+013  8.829E-013  3.620E+009  7.632E+007
 1.730E+013  8.942E-013  3.620E+009  7.722E+007
 1.750E+013  9.064E-013  3.620E+009  7.812E+007
 1.770E+013  9.197E-013  3.620E+009  7.902E+007
 1.790E+013  9.340E-013  3.620E+009  7.991E+007
 1.810E+013  9.495E-013  3.620E+009  8.081E+007
 1.830E+013  9.662E-013  3.620E+009  8.171E+007
 1.850E+013  9.842E-013  3.620E+009  8.261E+007
 1.870E+013  1.004E-012  3.620E+009  8.351E+007
 1.890E+013  1.025E-012  3.620E+009  8.441E+007
 1.910E+013  1.047E-012  3.620E+009  8.530E+007
 1.930E+013  1.071E-012  3.620E+009  8.620E+007
 1.950E+013  1.097E-012  3.620E+009  8.710E+007
 1.970E+013  1.125E-012  3.620E+009  8.800E+007
 1.990E+013  1.155E-012  3.620E+009  8.890E+007
 2.010E+013  1.187E-012  3.620E+009  8.980E+007
 2.030E+013  1.221E-012  3.620E+009  9.070E+007
 2.050E+013  1.258E-012  3.620E+009  9.159E+007
 2.070E+013  1.298E-012  3.620E+009  9.249E+007
 2.090E+013  1.340E-012  3.620E+009  9.339E+007
 2.110E+013  1.386E-012  3.620E+009  9.429E+007
 2.130E+013  1.434E-012  3.620E+009  9.519E+007
 2.150E+013  1.486E-012  3.620E+009  9.609E+007
 2.170E+013  1.542E-012  3.620E+009  9.699E+007
 2.190E+013  1.602E-012  3.620E+009  9.789E+007
 2.210E+013  1.665E-012  3.620E+009  9.879E+007
 2.230E+013  1.733E-012  3.620E+009  9.969E+007
 2.250E+013  1.806E-012  3.620E+009  1.006E+008
 2.270E+013  1.883E-012  3.620E+009  1.015E+008
 2.290E+013  1.966E-012  3.620E+009  1.024E+008
 2.310E+013  2.054E-012  3.620E+009  1.033E+008
 2.330E+013  2.147E-012  3.620E+009  1.042E+008
 2.350E+013  2.247E-012  3.620E+009  1.051E+008
 2.370E+013  2.353E-012  3.620E+009  1.060E+008
 2.390E+013  2.465E-012  3.620E+009  1.069E+008
 2.410E+013  2.584E-012  3.620E+009  1.078E+008
 2.430E+013  2.710E-012  3.620E+009  1.087E+008
 2.450E+013  2.844E-012  3.620E+009  1.096E+008
 2.470E+013  2.985E-012  3.620E+009  1.105E+008
 2.490E+013  3.134E-012  3.620E+009  1.114E+008
 2.510E+013  3.291E-012  3.620E+009  1.123E+008
 2.530E+013  3.455E-012  3.620E+009  1.132E+008
 2.550E+013  3.628E-012  3.620E+009  1.141E+008
 2.570E+013  3.809E-012  3.620E+009  1.150E+008
 2.590E+013  3.998E-012  3.620E+009  1.159E+008
 2.610E+013  4.196E-012  3.620E+009  1.168E+008
 2.630E+013  4.401E-012  3.620E+009  1.177E+008
 2.650E+013  4.615E-012  3.620E+009  1.186E+008
 2.670E+013  4.836E-012  3.620E+009  1.195E+008
 2.690E+013  5.065E-012  3.620E+009  1.204E+008
 2.710E+013  5.302E-012  3.620E+009  1.213E+008
 2.730E+013  5.545E-012  3.620E+009  1.221E+008
 2.750E+013  5.795E-012  3.620E+009  1.230E+008
 2.770E+013  6.052E-012  3.620E+009  1.239E+008
 2.790E+013  6.314E-012  3.620E+009  1.248E+008
 2.810E+013  6.583E-012  3.620E+009  1.257E+008
 2.830E+013  6.856E-012  3.620E+009  1.266E+008
 2.850E+013  7.135E-012  3.620E+009  1.275E+008
 2.870E+013  7.417E-012  3.620E+009  1.284E+008
 2.890E+013  7.704E-012  3.620E+009  1.293E+008
 2.910E+013  7.995E-012  3.620E+009  1.302E+008
 2.930E+013  8.290E-012  3.620E+009  1.311E+008
 2.950E+013  8.587E-012  3.620E+009  1.320E+008
 2.970E+013  8.888E-012  3.620E+009  1.329E+008
 2.990E+013  9.191E-012  3.620E+009  1.338E+008
 3.010E+013  9.497E-012  3.620E+009  1.347E+008
 3.030E+013  9.806E-012  3.620E+009  1.356E+008
 3.050E+013  1.012E-011  3.620E+009  1.365E+008
 3.070E+013  1.043E-011  3.620E+009  1.374E+008
 3.090E+013  1.075E-011  3.620E+009  1.383E+008
 3.110E+013  1.107E-011  3.620E+009  1.392E+008
 3.130E+013  1.139E-011  3.620E+009  1.401E+008
 3.150E+013  1.171E-011  3.620E+009  1.410E+008
 3.170E+013  1.204E-011  3.620E+009  1.419E+008
 3.190E+013  1.237E-011  3.620E+009  1.428E+008
 3.210E+013  1.270E-011  3.620E+009  1.437E+008
 3.230E+013  1.304E-011  3.620E+009  1.446E+008
 3.250E+013  1.338E-011  3.620E+009  1.455E+008
 3.270E+013  1.373E-011  3.620E+009  1.464E+008
 3.290E+013  1.408E-011  3.620E+009  1.473E+008
 3.310E+013  1.443E-011  3.620E+009  1.482E+008
 3.330E+013  1.479E-011  3.620E+009  1.491E+008
 3.350E+013  1.516E-011  3.620E+009  1.500E+008
 3.370E+013  1.553E-011  3.620E+009  1.509E+008
 3.390E+013  1.591E-011  3.620E+009  1.518E+008
 3.410E+013  1.630E-011  3.620E+009  1.527E+008
 3.430E+013  1.669E-011  3.620E+009  1.536E+008
 3.450E+013  1.709E-011  3.620E+009  1.545E+008
 3.470E+013  1.750E-011  3.620E+009  1.553E+008
 3.490E+013  1.791E-011  3.620E+009  1.562E+008
 3.510E+013  1.834E-011  3.620E+009  1.571E+008
 3.530E+013  1.877E-011  3.620E+009  1.580E+008
 3.550E+013  1.922E-011  3.620E+009  1.589E+008
 3.570E+013  1.967E-011  3.620E+009  1.598E+008
 3.590E+013  2.014E-011  3.620E+009  1.607E+008
 3.610E+013  2.061E-011  3.620E+009  1.616E+008
 3.630E+013  2.110E-011  3.620E+009  1.625E+008
 3.650E+013  2.160E-011  3.620E+009  1.634E+008
 3.670E+013  2.211E-011  3.620E+009  1.643E+008
 3.690E+013  2.264E-011  3.620E+009  1.652E+008
 3.710E+013  2.317E-011  3.620E+009  1.661E+008
 3.730E+013  2.373E-011  3.620E+009  1.670E+008
 3.750E+013  2.429E-011  3.620E+009  1.679E+008
 3.770E+013  2.487E-011  3.620E+009  1.688E+008
 3.790E+013  2.546E-011  3.620E+009  1.697E+008
 3.810E+013  2.607E-011  3.620E+009  1.706E+008
 3.830E+013  2.669E-011  3.620E+009  1.715E+008
 3.850E+013  2.733E-011  3.620E+009  1.724E+008
 3.870E+013  2.798E-011  3.620E+009  1.733E+008
 3.890E+013  2.865E-011  3.620E+009  1.742E+008
 3.910E+013  2.934E-011  3.620E+009  1.751E+008
 3.930E+013  3.004E-011  3.620E+009  1.760E+008
 3.950E+013  3.076E-011  3.620E+009  1.769E+008
 3.970E+013  3.149E-011  3.620E+009  1.778E+008
 3.990E+013  3.224E-011  3.620E+009  1.787E+008
 4.010E+013  3.300E-011  3.620E+009  1.796E+008
 4.030E+013  3.378E-011  3.620E+009  1.805E+008
 4.050E+013  3.458E-011  3.620E+009  1.814E+008
 4.070E+013  3.539E-011  3.620E+009  1.823E+008
 4.090E+013  3.622E-011  3.620E+009  1.832E+008
 4.110E+013  3.707E-011  3.620E+009  1.841E+008
 4.130E+013  3.793E-011  3.620E+009  1.850E+008
 4.150E+013  3.880E-011  3.621E+009  1.859E+008
 4.170E+013  3.969E-011  3.621E+009  1.868E+008
 4.190E+013  4.060E-011  3.621E+009  1.877E+008
 4.210E+013  4.152E-011  3.621E+009  1.886E+008
 4.230E+013  4.246E-011  3.621E+009  1.895E+008
 4.250E+013  4.341E-011  3.621E+009  1.904E+008
 4.270E+013  4.437E-011  3.621E+009  1.913E+008
 4.290E+013  4.535E-011  3.621E+009  1.922E+008
 4.310E+013  4.635E-011  3.621E+009  1.931E+008
 4.330E+013  4.736E-011  3.621E+009  1.940E+008
 4.350E+013  4.838E-011  3.621E+009  1.949E+008
 4.370E+013  4.942E-011  3.621E+009  1.958E+008
 4.390E+013  5.047E-011  3.621E+009  1.967E+008
 4.410E+013  5.154E-011  3.621E+009  1.976E+008
 4.430E+013  5.262E-011  3.621E+009  1.985E+008
 4.450E+013  5.372E-011  3.621E+009  1.994E+008
 4.470E+013  5.483E-011  3.621E+009  2.003E+008
 4.490E+013  5.596E-011  3.621E+009  2.012E+008
 4.510E+013  5.710E-011  3.621E+009  2.021E+008
 4.530E+013  5.826E-011  3.621E+009  2.030E+008
 4.550E+013  5.943E-011  3.621E+009  2.039E+008
 4.570E+013  6.062E-011  3.621E+009  2.048E+008
 4.590E+013  6.183E-011  3.621E+009  2.057E+008
 4.610E+013  6.306E-011  3.621E+009  2.066E+008
 4.630E+013  6.430E-011  3.622E+009  2.075E+008
 4.650E+013  6.557E-011  3.622E+009  2.083E+008
 4.670E+013  6.685E-011  3.622E+009  2.092E+008
 4.690E+013  6.815E-011  3.622E+009  2.101E+008
 4.710E+013  6.948E-011  3.622E+009  2.110E+008
 4.730E+013  7.082E-011  3.622E+009  2.119E+008
 4.750E+013  7.219E-011  3.622E+009  2.128E+008
 4.770E+013  7.358E-011  3.622E+009  2.137E+008
 4.790E+013  7.499E-011  3.622E+009  2.146E+008
 4.810E+013  7.643E-011  3.622E+009  2.155E+008
 4.830E+013  7.789E-011  3.622E+009  2.164E+008
 4.850E+013  7.938E-011  3.622E+009  2.173E+008
 4.870E+013  8.089E-011  3.622E+009  2.182E+008
 4.890E+013  8.243E-011  3.622E+009  2.191E+008
 4.910E+013  8.400E-011  3.622E+009  2.200E+008
 4.930E+013  8.559E-011  3.623E+009  2.209E+008
 4.950E+013  8.722E-011  3.623E+009  2.218E+008
 4.970E+013  8.887E-011  3.623E+009  2.227E+008
 4.990E+013  9.055E-011  3.623E+009  2.236E+008
 5.010E+013  9.226E-011  3.623E+009  2.245E+008
 5.030E+013  9.401E-011  3.623E+009  2.254E+008
 5.050E+013  9.578E-011  3.623E+009  2.263E+008
 5.070E+013  9.759E-011  3.623E+009  2.272E+008
 5.090E+013  9.942E-011  3.623E+009  2.281E+008
 5.110E+013  1.013E-010  3.623E+009  2.290E+008
 5.130E+013  1.032E-010  3.623E+009  2.299E+008
 5.150E+013  1.051E-010  3.624E+009  2.308E+008
 5.170E+013  1.071E-010  3.624E+009  2.317E+008
 5.190E+013  1.091E-010  3.624E+009  2.326E+008
 5.210E+013  1.111E-010  3.624E+009  2.335E+008
 5.230E+013  1.132E-010  3.624E+009  2.344E+008
 5.250E+013  1.153E-010  3.624E+009  2.353E+008
 5.270E+013  1.174E-010  3.624E+009  2.362E+008
 5.290E+013  1.196E-010  3.624E+009  2.371E+008
 5.310E+013  1.218E-010  3.624E+009  2.380E+008
 5.330E+013  1.241E-010  3.625E+009  2.389E+008
 5.350E+013  1.263E-010  3.625E+009  2.398E+008
 5.370E+013  1.286E-010  3.625E+009  2.407E+008
 5.390E+013  1.310E-010  3.625E+009  2.416E+008
 5.410E+013  1.334E-010  3.625E+009  2.425E+008
 5.430E+013  1.358E-010  3.625E+009  2.434E+008
 5.450E+013  1.382E-010  3.625E+009  2.443E+008
 5.470E+013  1.407E-010  3.625E+009  2.452E+008
 5.490E+013  1.432E-010  3.626E+009  2.461E+008
 5.510E+013  1.458E-010  3.626E+009  2.470E+008
 5.530E+013  1.484E-010  3.626E+009  2.479E+008
 5.550E+013  1.510E-010  3.626E+009  2.488E+008
 5.570E+013  1.537E-010  3.626E+009  2.497E+008
 5.590E+013  1.564E-010  3.626E+009  2.506E+008
 5.610E+013  1.591E-010  3.627E+009  2.515E+008
 5.630E+013  1.619E-010  3.627E+009  2.524E+008
 5.650E+013  1.647E-010  3.627E+009  2.533E+008
 5.670E+013  1.676E-010  3.627E+009  2.542E+008
 5.690E+013  1.704E-010  3.627E+009  2.552E+008
 5.710E+013  1.734E-010  3.627E+009  2.561E+008
 5.730E+013  1.763E-010  3.628E+009  2.570E+008
 5.750E+013  1.794E-010  3.628E+009  2.579E+008
 5.770E+013  1.824E-010  3.628E+009  2.588E+008
 5.790E+013  1.855E-010  3.628E+009  2.597E+008
 5.810E+013  1.886E-010  3.628E+009  2.606E+008
 5.830E+013  1.918E-010  3.629E+009  2.615E+008
 5.850E+013  1.950E-010  3.629E+009  2.624E+008
 5.870E+013  1.983E-010  3.629E+009  2.633E+008
 5.890E+013  2.016E-010  3.629E+009  2.642E+008
 5.910E+013  2.049E-010  3.630E+009  2.651E+008
 5.930E+013  2.083E-010  3.630E+009  2.660E+008
 5.950E+013  2.117E-010  3.630E+009  2.669E+008
 5.970E+013  2.152E-010  3.630E+009  2.678E+008
 5.990E+013  2.187E-010  3.631E+009  2.687E+008
 6.010E+013  2.223E-010  3.631E+009  2.696E+008
 6.030E+013  2.259E-010  3.631E+009  2.705E+008
 6.050E+013  2.295E-010  3.631E+009  2.714E+008
 6.070E+013  2.332E-010  3.632E+009  2.723E+008
 6.090E+013  2.370E-010  3.632E+009  2.732E+008
 6.110E+013  2.408E-010  3.632E+009  2.741E+008
 6.130E+013  2.446E-010  3.632E+009  2.750E+008
 6.150E+013  2.485E-010  3.633E+009  2.759E+008
 6.170E+013  2.524E-010  3.633E+009  2.768E+008
 6.190E+013  2.564E-010  3.633E+009  2.777E+008
 6.210E+013  2.604E-010  3.634E+009  2.786E+008
 6.230E+013  2.645E-010  3.634E+009  2.795E+008
 6.250E+013  2.686E-010  3.634E+009  2.804E+008
 6.270E+013  2.728E-010  3.634E+009  2.813E+008
 6.290E+013  2.771E-010  3.635E+009  2.823E+008
 6.310E+013  2.813E-010  3.635E+009  2.832E+008
 6.330E+013  2.857E-010  3.635E+009  2.841E+008
 6.350E+013  2.900E-010  3.636E+009  2.850E+008
 6.370E+013  2.945E-010  3.636E+009  2.859E+008
 6.390E+013  2.989E-010  3.637E+009  2.868E+008
 6.410E+013  3.035E-010  3.637E+009  2.877E+008
 6.430E+013  3.081E-010  3.637E+009  2.886E+008
 6.450E+013  3.127E-010  3.638E+009  2.895E+008
 6.470E+013  3.174E-010  3.638E+009  2.904E+008
 6.490E+013  3.221E-010  3.638E+009  2.913E+008
 6.510E+013  3.269E-010  3.639E+009  2.922E+008
 6.530E+013  3.318E-010  3.639E+009  2.931E+008
 6.550E+013  3.367E-010  3.640E+009  2.940E+008
 6.570E+013  3.417E-010  3.640E+009  2.949E+008
 6.590E+013  3.467E-010  3.641E+009  2.959E+008
 6.610E+013  3.518E-010  3.641E+009  2.968E+008
 6.630E+013  3.569E-010  3.641E+009  2.977E+008
 6.650E+013  3.622E-010  3.642E+009  2.986E+008
 6.670E+013  3.674E-010  3.642E+009  2.995E+008
 6.690E+013  3.728E-010  3.643E+009  3.004E+008
 6.710E+013  3.781E-010  3.643E+009  3.013E+008
 6.730E+013  3.836E-010  3.644E+009  3.022E+008
 6.750E+013  3.891E-010  3.644E+009  3.031E+008
 6.770E+013  3.947E-010  3.645E+009  3.040E+008
 6.790E+013  4.004E-010  3.645E+009  3.049E+008
 6.810E+013  4.061E-010  3.646E+009  3.059E+008
 6.830E+013  4.119E-010  3.646E+009  3.068E+008
 6.850E+013  4.178E-010  3.647E+009  3.077E+008
 6.870E+013  4.237E-010  3.647E+009  3.086E+008
 6.890E+013  4.297E-010  3.648E+009  3.095E+008
 6.910E+013  4.358E-010  3.648E+009  3.104E+008
 6.930E+013  4.419E-010  3.649E+009  3.113E+008
 6.950E+013  4.482E-010  3.650E+009  3.122E+008
 6.970E+013  4.545E-010  3.650E+009  3.132E+008
 6.990E+013  4.608E-010  3.651E+009  3.141E+008
 7.010E+013  4.673E-010  3.651E+009  3.150E+008
 7.030E+013  4.738E-010  3.652E+009  3.159E+008
 7.050E+013  4.804E-010  3.653E+009  3.168E+008
 7.070E+013  4.871E-010  3.653E+009  3.177E+008
 7.090E+013  4.939E-010  3.654E+009  3.186E+008
 7.110E+013  5.007E-010  3.655E+009  3.196E+008
 7.130E+013  5.077E-010  3.655E+009  3.205E+008
 7.150E+013  5.147E-010  3.656E+009  3.214E+008
 7.170E+013  5.218E-010  3.657E+009  3.223E+008
 7.190E+013  5.290E-010  3.657E+009  3.232E+008
 7.210E+013  5.362E-010  3.658E+009  3.241E+008
 7.230E+013  5.436E-010  3.659E+009  3.251E+008
 7.250E+013  5.510E-010  3.660E+009  3.260E+008
 7.270E+013  5.585E-010  3.660E+009  3.269E+008
 7.290E+013  5.661E-010  3.661E+009  3.278E+008
 7.310E+013  5.738E-010  3.662E+009  3.287E+008
 7.330E+013  5.816E-010  3.663E+009  3.297E+008
 7.350E+013  5.895E-010  3.664E+009  3.306E+008
 7.370E+013  5.975E-010  3.664E+009  3.315E+008
 7.390E+013  6.055E-010  3.665E+009  3.324E+008
 7.410E+013  6.137E-010  3.666E+009  3.334E+008
 7.430E+013  6.219E-010  3.667E+009  3.343E+008
 7.450E+013  6.302E-010  3.668E+009  3.352E+008
 7.470E+013  6.387E-010  3.669E+009  3.360E+008
 7.490E+013  6.472E-010  3.670E+009  3.368E+008
 7.510E+013  6.559E-010  3.672E+009  3.375E+008
 7.530E+013  6.649E-010  3.675E+009  3.379E+008
 7.550E+013  6.742E-010  3.681E+009  3.375E+008
 7.570E+013  6.844E-010  3.694E+009  3.355E+008
 7.590E+013  6.970E-010  3.726E+009  3.289E+008
 7.610E+013  7.157E-010  3.809E+009  3.096E+008
 7.630E+013  7.454E-010  3.988E+009  2.619E+008
 7.650E+013  7.874E-010  4.271E+009  1.765E+008
 7.670E+013  8.334E-010  4.586E+009  7.037E+007
 7.690E+013  8.662E-010  4.772E+009 -1.165E+007
 7.710E+013  8.754E-010  4.739E+009 -3.074E+007
 7.730E+013  8.743E-010  4.614E+009  5.605E+006
 7.750E+013  8.831E-010  4.581E+009  3.828E+007
 7.770E+013  9.040E-010  4.651E+009  3.328E+007
 7.790E+013  9.276E-010  4.739E+009  8.846E+006
 7.810E+013  9.470E-010  4.789E+009 -9.174E+006
 7.830E+013  9.625E-010  4.803E+009 -1.398E+007
 7.850E+013  9.775E-010  4.810E+009 -1.249E+007
 7.870E+013  9.937E-010  4.826E+009 -1.215E+007
 7.890E+013  1.011E-009  4.847E+009 -1.402E+007
 7.910E+013  1.028E-009  4.866E+009 -1.613E+007
 7.930E+013  1.045E-009  4.886E+009 -1.784E+007
 7.950E+013  1.063E-009  4.906E+009 -1.970E+007
 7.970E+013  1.081E-009  4.928E+009 -2.186E+007
 7.990E+013  1.099E-009  4.949E+009 -2.396E+007
 8.010E+013  1.118E-009  4.969E+009 -2.578E+007
 8.030E+013  1.137E-009  4.989E+009 -2.736E+007
 8.050E+013  1.156E-009  5.009E+009 -2.881E+007
 8.070E+013  1.175E-009  5.029E+009 -3.019E+007
 8.090E+013  1.195E-009  5.049E+009 -3.153E+007
 8.110E+013  1.215E-009  5.069E+009 -3.280E+007
 8.130E+013  1.235E-009  5.089E+009 -3.401E+007
 8.150E+013  1.255E-009  5.109E+009 -3.515E+007
 8.170E+013  1.276E-009  5.129E+009 -3.625E+007
 8.190E+013  1.297E-009  5.150E+009 -3.729E+007
 8.210E+013  1.319E-009  5.170E+009 -3.828E+007
 8.230E+013  1.341E-009  5.190E+009 -3.922E+007
 8.250E+013  1.363E-009  5.210E+009 -4.011E+007
 8.270E+013  1.385E-009  5.231E+009 -4.095E+007
 8.290E+013  1.408E-009  5.251E+009 -4.176E+007
 8.310E+013  1.431E-009  5.272E+009 -4.252E+007
 8.330E+013  1.455E-009  5.293E+009 -4.325E+007
 8.350E+013  1.478E-009  5.313E+009 -4.394E+007
 8.370E+013  1.503E-009  5.334E+009 -4.459E+007
 8.390E+013  1.527E-009  5.355E+009 -4.521E+007
 8.410E+013  1.552E-009  5.377E+009 -4.580E+007
 8.430E+013  1.578E-009  5.398E+009 -4.636E+007
 8.450E+013  1.603E-009  5.419E+009 -4.690E+007
 8.470E+013  1.630E-009  5.441E+009 -4.740E+007
 8.490E+013  1.656E-009  5.463E+009 -4.788E+007
 8.510E+013  1.683E-009  5.485E+009 -4.833E+007
 8.530E+013  1.711E-009  5.507E+009 -4.876E+007
 8.550E+013  1.738E-009  5.529E+009 -4.917E+007
 8.570E+013  1.767E-009  5.552E+009 -4.955E+007
 8.590E+013  1.795E-009  5.574E+009 -4.991E+007
 8.610E+013  1.825E-009  5.597E+009 -5.026E+007
 8.630E+013  1.854E-009  5.620E+009 -5.058E+007
 8.650E+013  1.884E-009  5.643E+009 -5.088E+007
 8.670E+013  1.915E-009  5.667E+009 -5.117E+007
 8.690E+013  1.946E-009  5.690E+009 -5.144E+007
 8.710E+013  1.978E-009  5.714E+009 -5.170E+007
 8.730E+013  2.010E-009  5.738E+009 -5.193E+007
 8.750E+013  2.042E-009  5.762E+009 -5.216E+007
 8.770E+013  2.076E-009  5.787E+009 -5.237E+007
 8.790E+013  2.109E-009  5.812E+009 -5.256E+007
 8.810E+013  2.144E-009  5.837E+009 -5.274E+007
 8.830E+013  2.178E-009  5.862E+009 -5.291E+007
 8.850E+013  2.214E-009  5.887E+009 -5.307E+007
 8.870E+013  2.250E-009  5.913E+009 -5.322E+007
 8.890E+013  2.286E-009  5.939E+009 -5.335E+007
 8.910E+013  2.323E-009  5.965E+009 -5.348E+007
 8.930E+013  2.361E-009  5.992E+009 -5.359E+007
 8.950E+013  2.399E-009  6.019E+009 -5.369E+007
 8.970E+013  2.438E-009  6.046E+009 -5.379E+007
 8.990E+013  2.478E-009  6.073E+009 -5.387E+007
 9.010E+013  2.518E-009  6.101E+009 -5.395E+007
 9.030E+013  2.559E-009  6.129E+009 -5.402E+007
 9.050E+013  2.600E-009  6.158E+009 -5.408E+007
 9.070E+013  2.642E-009  6.186E+009 -5.413E+007
 9.090E+013  2.685E-009  6.215E+009 -5.417E+007
 9.110E+013  2.729E-009  6.245E+009 -5.421E+007
 9.130E+013  2.773E-009  6.274E+009 -5.424E+007
 9.150E+013  2.819E-009  6.304E+009 -5.427E+007
 9.170E+013  2.864E-009  6.335E+009 -5.429E+007
 9.190E+013  2.911E-009  6.366E+009 -5.430E+007
 9.210E+013  2.958E-009  6.397E+009 -5.431E+007
 9.230E+013  3.007E-009  6.428E+009 -5.431E+007
 9.250E+013  3.056E-009  6.460E+009 -5.431E+007
 9.270E+013  3.106E-009  6.492E+009 -5.430E+007
 9.290E+013  3.156E-009  6.525E+009 -5.429E+007
 9.310E+013  3.208E-009  6.558E+009 -5.427E+007
 9.330E+013  3.260E-009  6.592E+009 -5.425E+007
 9.350E+013  3.314E-009  6.626E+009 -5.422E+007
 9.370E+013  3.368E-009  6.660E+009 -5.419E+007
 9.390E+013  3.423E-009  6.695E+009 -5.416E+007
 9.410E+013  3.479E-009  6.730E+009 -5.412E+007
 9.430E+013  3.537E-009  6.766E+009 -5.408E+007
 9.450E+013  3.595E-009  6.802E+009 -5.403E+007
 9.470E+013  3.654E-009  6.839E+009 -5.398E+007
 9.490E+013  3.714E-009  6.876E+009 -5.393E+007
 9.510E+013  3.776E-009  6.913E+009 -5.387E+007
 9.530E+013  3.838E-009  6.952E+009 -5.382E+007
 9.550E+013  3.901E-009  6.990E+009 -5.376E+007
 9.570E+013  3.966E-009  7.029E+009 -5.369E+007
 9.590E+013  4.032E-009  7.069E+009 -5.363E+007
 9.610E+013  4.099E-009  7.109E+009 -5.356E+007
 9.630E+013  4.167E-009  7.150E+009 -5.349E+007
 9.650E+013  4.236E-009  7.192E+009 -5.341E+007
 9.670E+013  4.307E-009  7.233E+009 -5.334E+007
 9.690E+013  4.379E-009  7.276E+009 -5.326E+007
 9.710E+013  4.452E-009  7.319E+009 -5.318E+007
 9.730E+013  4.527E-009  7.363E+009 -5.309E+007
 9.750E+013  4.602E-009  7.406E+009 -5.294E+007
 9.770E+013  4.678E-009  7.446E+009 -5.260E+007
 9.790E+013  4.751E-009  7.478E+009 -5.163E+007
 9.810E+013  4.819E-009  7.493E+009 -4.931E+007
 9.830E+013  4.881E-009  7.490E+009 -4.499E+007
 9.850E+013  4.940E-009  7.480E+009 -3.916E+007
 9.870E+013  5.003E-009  7.479E+009 -3.356E+007
 9.890E+013  5.070E-009  7.484E+009 -2.906E+007
 9.910E+013  5.134E-009  7.482E+009 -2.441E+007
 9.930E+013  5.199E-009  7.480E+009 -1.918E+007
 9.950E+013  5.266E-009  7.482E+009 -1.448E+007
 9.970E+013  5.330E-009  7.481E+009 -9.649E+006
 9.990E+013  5.434E-009  7.481E+009 -4.774E+006
 1.001E+014  1.000E-099  1.000E-099 -0.000E+000
 1.003E+014  1.000E-099  1.000E-099 -0.000E+000
 1.712E-003
