 2.760E+005
     x1b        dens       energ       v1
 1.000E+011  6.842E-014  1.133E+008  0.000E+000
 3.000E+011  6.863E-014  1.133E+008  3.988E+006
 5.000E+011  6.926E-014  1.133E+008  7.986E+006
 7.000E+011  7.035E-014  1.133E+008  1.199E+007
 9.000E+011  7.181E-014  1.133E+008  1.598E+007
 1.100E+012  7.344E-014  1.133E+008  1.995E+007
 1.300E+012  7.500E-014  1.133E+008  2.388E+007
 1.500E+012  7.632E-014  1.133E+008  2.779E+007
 1.700E+012  7.731E-014  1.133E+008  3.168E+007
 1.900E+012  7.800E-014  1.133E+008  3.554E+007
 2.100E+012  7.848E-014  1.133E+008  3.936E+007
 2.300E+012  7.883E-014  1.133E+008  4.313E+007
 2.500E+012  7.911E-014  1.133E+008  4.686E+007
 2.700E+012  7.937E-014  1.133E+008  5.055E+007
 2.900E+012  7.964E-014  1.134E+008  5.419E+007
 3.100E+012  7.992E-014  1.134E+008  5.778E+007
 3.300E+012  8.024E-014  1.134E+008  6.132E+007
 3.500E+012  8.059E-014  1.134E+008  6.480E+007
 3.700E+012  8.098E-014  1.134E+008  6.823E+007
 3.900E+012  8.139E-014  1.134E+008  7.158E+007
 4.100E+012  8.182E-014  1.134E+008  7.487E+007
 4.300E+012  8.226E-014  1.135E+008  7.809E+007
 4.500E+012  8.270E-014  1.135E+008  8.124E+007
 4.700E+012  8.314E-014  1.135E+008  8.431E+007
 4.900E+012  8.357E-014  1.135E+008  8.731E+007
 5.100E+012  8.401E-014  1.135E+008  9.023E+007
 5.300E+012  8.444E-014  1.136E+008  9.308E+007
 5.500E+012  8.488E-014  1.136E+008  9.584E+007
 5.700E+012  8.533E-014  1.136E+008  9.853E+007
 5.900E+012  8.578E-014  1.136E+008  1.011E+008
 6.100E+012  8.624E-014  1.136E+008  1.036E+008
 6.300E+012  8.670E-014  1.137E+008  1.061E+008
 6.500E+012  8.718E-014  1.137E+008  1.084E+008
 6.700E+012  8.766E-014  1.137E+008  1.107E+008
 6.900E+012  8.815E-014  1.137E+008  1.129E+008
 7.100E+012  8.864E-014  1.138E+008  1.150E+008
 7.300E+012  8.913E-014  1.138E+008  1.170E+008
 7.500E+012  8.962E-014  1.138E+008  1.189E+008
 7.700E+012  9.011E-014  1.139E+008  1.208E+008
 7.900E+012  9.060E-014  1.139E+008  1.226E+008
 8.100E+012  9.109E-014  1.139E+008  1.243E+008
 8.300E+012  9.158E-014  1.139E+008  1.259E+008
 8.500E+012  9.207E-014  1.140E+008  1.274E+008
 8.700E+012  9.255E-014  1.140E+008  1.288E+008
 8.900E+012  9.303E-014  1.140E+008  1.302E+008
 9.100E+012  9.351E-014  1.140E+008  1.315E+008
 9.300E+012  9.398E-014  1.141E+008  1.328E+008
 9.500E+012  9.444E-014  1.141E+008  1.340E+008
 9.700E+012  9.490E-014  1.141E+008  1.351E+008
 9.900E+012  9.535E-014  1.142E+008  1.362E+008
 1.010E+013  9.579E-014  1.142E+008  1.372E+008
 1.030E+013  9.621E-014  1.142E+008  1.382E+008
 1.050E+013  9.661E-014  1.142E+008  1.392E+008
 1.070E+013  9.700E-014  1.143E+008  1.401E+008
 1.090E+013  9.736E-014  1.143E+008  1.410E+008
 1.110E+013  9.769E-014  1.143E+008  1.418E+008
 1.130E+013  9.799E-014  1.143E+008  1.427E+008
 1.150E+013  9.827E-014  1.144E+008  1.435E+008
 1.170E+013  9.851E-014  1.144E+008  1.444E+008
 1.190E+013  9.871E-014  1.144E+008  1.452E+008
 1.210E+013  9.888E-014  1.144E+008  1.460E+008
 1.230E+013  9.900E-014  1.145E+008  1.469E+008
 1.250E+013  9.909E-014  1.145E+008  1.477E+008
 1.270E+013  9.915E-014  1.145E+008  1.486E+008
 1.290E+013  9.919E-014  1.145E+008  1.495E+008
 1.310E+013  9.921E-014  1.145E+008  1.504E+008
 1.330E+013  9.922E-014  1.146E+008  1.513E+008
 1.350E+013  9.923E-014  1.146E+008  1.522E+008
 1.370E+013  9.924E-014  1.146E+008  1.531E+008
 1.390E+013  9.925E-014  1.146E+008  1.541E+008
 1.410E+013  9.926E-014  1.146E+008  1.551E+008
 1.430E+013  9.926E-014  1.146E+008  1.560E+008
 1.450E+013  9.927E-014  1.147E+008  1.571E+008
 1.470E+013  9.927E-014  1.147E+008  1.581E+008
 1.490E+013  9.927E-014  1.147E+008  1.591E+008
 1.510E+013  9.927E-014  1.147E+008  1.601E+008
 1.530E+013  9.927E-014  1.147E+008  1.612E+008
 1.550E+013  9.927E-014  1.147E+008  1.622E+008
 1.570E+013  9.927E-014  1.147E+008  1.633E+008
 1.590E+013  9.926E-014  1.147E+008  1.643E+008
 1.610E+013  9.926E-014  1.147E+008  1.654E+008
 1.630E+013  9.925E-014  1.147E+008  1.664E+008
 1.650E+013  9.924E-014  1.148E+008  1.674E+008
 1.670E+013  9.923E-014  1.148E+008  1.684E+008
 1.690E+013  9.922E-014  1.148E+008  1.694E+008
 1.710E+013  9.921E-014  1.148E+008  1.703E+008
 1.730E+013  9.919E-014  1.148E+008  1.712E+008
 1.750E+013  9.917E-014  1.148E+008  1.721E+008
 1.770E+013  9.916E-014  1.148E+008  1.730E+008
 1.790E+013  9.913E-014  1.148E+008  1.738E+008
 1.810E+013  9.911E-014  1.148E+008  1.746E+008
 1.830E+013  9.909E-014  1.148E+008  1.753E+008
 1.850E+013  9.906E-014  1.148E+008  1.760E+008
 1.870E+013  9.903E-014  1.148E+008  1.766E+008
 1.890E+013  9.901E-014  1.148E+008  1.772E+008
 1.910E+013  9.898E-014  1.148E+008  1.777E+008
 1.930E+013  9.895E-014  1.148E+008  1.782E+008
 1.950E+013  9.892E-014  1.148E+008  1.787E+008
 1.970E+013  9.890E-014  1.148E+008  1.791E+008
 1.990E+013  9.888E-014  1.148E+008  1.794E+008
 2.010E+013  9.887E-014  1.148E+008  1.797E+008
 2.030E+013  9.886E-014  1.148E+008  1.799E+008
 2.050E+013  9.885E-014  1.148E+008  1.801E+008
 2.070E+013  9.885E-014  1.149E+008  1.803E+008
 2.090E+013  9.885E-014  1.149E+008  1.803E+008
 2.110E+013  9.885E-014  1.149E+008  1.804E+008
 2.130E+013  9.886E-014  1.149E+008  1.804E+008
 2.150E+013  9.886E-014  1.149E+008  1.803E+008
 2.170E+013  9.886E-014  1.149E+008  1.802E+008
 2.190E+013  9.886E-014  1.149E+008  1.800E+008
 2.210E+013  9.887E-014  1.149E+008  1.798E+008
 2.230E+013  9.887E-014  1.149E+008  1.796E+008
 2.250E+013  9.888E-014  1.149E+008  1.793E+008
 2.270E+013  9.888E-014  1.149E+008  1.790E+008
 2.290E+013  9.889E-014  1.149E+008  1.786E+008
 2.310E+013  9.890E-014  1.149E+008  1.782E+008
 2.330E+013  9.891E-014  1.149E+008  1.778E+008
 2.350E+013  9.893E-014  1.149E+008  1.774E+008
 2.370E+013  9.894E-014  1.149E+008  1.769E+008
 2.390E+013  9.896E-014  1.149E+008  1.764E+008
 2.410E+013  9.898E-014  1.149E+008  1.759E+008
 2.430E+013  9.900E-014  1.149E+008  1.754E+008
 2.450E+013  9.903E-014  1.149E+008  1.749E+008
 2.470E+013  9.906E-014  1.149E+008  1.744E+008
 2.490E+013  9.909E-014  1.149E+008  1.739E+008
 2.510E+013  9.913E-014  1.149E+008  1.734E+008
 2.530E+013  9.917E-014  1.149E+008  1.729E+008
 2.550E+013  9.922E-014  1.149E+008  1.724E+008
 2.570E+013  9.927E-014  1.149E+008  1.719E+008
 2.590E+013  9.933E-014  1.149E+008  1.714E+008
 2.610E+013  9.939E-014  1.149E+008  1.710E+008
 2.630E+013  9.946E-014  1.150E+008  1.705E+008
 2.650E+013  9.953E-014  1.150E+008  1.701E+008
 2.670E+013  9.961E-014  1.150E+008  1.697E+008
 2.690E+013  9.970E-014  1.150E+008  1.693E+008
 2.710E+013  9.980E-014  1.150E+008  1.690E+008
 2.730E+013  9.990E-014  1.150E+008  1.686E+008
 2.750E+013  1.000E-013  1.150E+008  1.683E+008
 2.770E+013  1.001E-013  1.150E+008  1.680E+008
 2.790E+013  1.003E-013  1.150E+008  1.677E+008
 2.810E+013  1.004E-013  1.150E+008  1.674E+008
 2.830E+013  1.006E-013  1.150E+008  1.672E+008
 2.850E+013  1.007E-013  1.150E+008  1.669E+008
 2.870E+013  1.009E-013  1.150E+008  1.666E+008
 2.890E+013  1.011E-013  1.150E+008  1.664E+008
 2.910E+013  1.013E-013  1.150E+008  1.661E+008
 2.930E+013  1.015E-013  1.150E+008  1.659E+008
 2.950E+013  1.017E-013  1.150E+008  1.656E+008
 2.970E+013  1.019E-013  1.150E+008  1.654E+008
 2.990E+013  1.022E-013  1.150E+008  1.651E+008
 3.010E+013  1.024E-013  1.150E+008  1.649E+008
 3.030E+013  1.027E-013  1.150E+008  1.646E+008
 3.050E+013  1.030E-013  1.150E+008  1.643E+008
 3.070E+013  1.033E-013  1.150E+008  1.640E+008
 3.090E+013  1.036E-013  1.150E+008  1.637E+008
 3.110E+013  1.040E-013  1.149E+008  1.633E+008
 3.130E+013  1.043E-013  1.149E+008  1.630E+008
 3.150E+013  1.047E-013  1.149E+008  1.626E+008
 3.170E+013  1.051E-013  1.149E+008  1.623E+008
 3.190E+013  1.055E-013  1.149E+008  1.619E+008
 3.210E+013  1.059E-013  1.149E+008  1.615E+008
 3.230E+013  1.064E-013  1.149E+008  1.611E+008
 3.250E+013  1.068E-013  1.149E+008  1.606E+008
 3.270E+013  1.073E-013  1.149E+008  1.602E+008
 3.290E+013  1.079E-013  1.149E+008  1.597E+008
 3.310E+013  1.084E-013  1.149E+008  1.592E+008
 3.330E+013  1.090E-013  1.149E+008  1.587E+008
 3.350E+013  1.096E-013  1.149E+008  1.582E+008
 3.370E+013  1.102E-013  1.149E+008  1.576E+008
 3.390E+013  1.108E-013  1.149E+008  1.571E+008
 3.410E+013  1.115E-013  1.149E+008  1.565E+008
 3.430E+013  1.122E-013  1.149E+008  1.559E+008
 3.450E+013  1.129E-013  1.149E+008  1.553E+008
 3.470E+013  1.137E-013  1.149E+008  1.547E+008
 3.490E+013  1.145E-013  1.149E+008  1.542E+008
 3.510E+013  1.153E-013  1.149E+008  1.536E+008
 3.530E+013  1.162E-013  1.149E+008  1.530E+008
 3.550E+013  1.171E-013  1.149E+008  1.524E+008
 3.570E+013  1.180E-013  1.149E+008  1.518E+008
 3.590E+013  1.189E-013  1.149E+008  1.512E+008
 3.610E+013  1.199E-013  1.149E+008  1.506E+008
 3.630E+013  1.210E-013  1.149E+008  1.500E+008
 3.650E+013  1.221E-013  1.149E+008  1.495E+008
 3.670E+013  1.232E-013  1.149E+008  1.489E+008
 3.690E+013  1.243E-013  1.149E+008  1.484E+008
 3.710E+013  1.256E-013  1.149E+008  1.479E+008
 3.730E+013  1.268E-013  1.149E+008  1.474E+008
 3.750E+013  1.281E-013  1.149E+008  1.469E+008
 3.770E+013  1.295E-013  1.149E+008  1.464E+008
 3.790E+013  1.309E-013  1.149E+008  1.460E+008
 3.810E+013  1.323E-013  1.149E+008  1.455E+008
 3.830E+013  1.338E-013  1.149E+008  1.451E+008
 3.850E+013  1.354E-013  1.149E+008  1.447E+008
 3.870E+013  1.370E-013  1.149E+008  1.443E+008
 3.890E+013  1.387E-013  1.149E+008  1.438E+008
 3.910E+013  1.404E-013  1.149E+008  1.434E+008
 3.930E+013  1.422E-013  1.149E+008  1.430E+008
 3.950E+013  1.441E-013  1.149E+008  1.426E+008
 3.970E+013  1.460E-013  1.149E+008  1.422E+008
 3.990E+013  1.480E-013  1.149E+008  1.418E+008
 4.010E+013  1.501E-013  1.149E+008  1.414E+008
 4.030E+013  1.522E-013  1.149E+008  1.410E+008
 4.050E+013  1.544E-013  1.149E+008  1.405E+008
 4.070E+013  1.567E-013  1.149E+008  1.401E+008
 4.090E+013  1.591E-013  1.149E+008  1.396E+008
 4.110E+013  1.616E-013  1.149E+008  1.392E+008
 4.130E+013  1.641E-013  1.149E+008  1.387E+008
 4.150E+013  1.668E-013  1.148E+008  1.382E+008
 4.170E+013  1.695E-013  1.148E+008  1.377E+008
 4.190E+013  1.724E-013  1.148E+008  1.372E+008
 4.210E+013  1.753E-013  1.148E+008  1.367E+008
 4.230E+013  1.783E-013  1.148E+008  1.362E+008
 4.250E+013  1.815E-013  1.148E+008  1.357E+008
 4.270E+013  1.847E-013  1.148E+008  1.352E+008
 4.290E+013  1.881E-013  1.148E+008  1.347E+008
 4.310E+013  1.915E-013  1.148E+008  1.341E+008
 4.330E+013  1.951E-013  1.148E+008  1.336E+008
 4.350E+013  1.988E-013  1.148E+008  1.331E+008
 4.370E+013  2.027E-013  1.148E+008  1.326E+008
 4.390E+013  2.066E-013  1.148E+008  1.321E+008
 4.410E+013  2.107E-013  1.148E+008  1.316E+008
 4.430E+013  2.150E-013  1.148E+008  1.311E+008
 4.450E+013  2.194E-013  1.148E+008  1.306E+008
 4.470E+013  2.239E-013  1.148E+008  1.302E+008
 4.490E+013  2.286E-013  1.148E+008  1.297E+008
 4.510E+013  2.334E-013  1.147E+008  1.293E+008
 4.530E+013  2.384E-013  1.147E+008  1.289E+008
 4.550E+013  2.435E-013  1.147E+008  1.285E+008
 4.570E+013  2.488E-013  1.147E+008  1.281E+008
 4.590E+013  2.543E-013  1.147E+008  1.278E+008
 4.610E+013  2.600E-013  1.147E+008  1.274E+008
 4.630E+013  2.658E-013  1.147E+008  1.271E+008
 4.650E+013  2.719E-013  1.147E+008  1.267E+008
 4.670E+013  2.781E-013  1.147E+008  1.264E+008
 4.690E+013  2.845E-013  1.147E+008  1.260E+008
 4.710E+013  2.911E-013  1.147E+008  1.257E+008
 4.730E+013  2.979E-013  1.146E+008  1.254E+008
 4.750E+013  3.049E-013  1.146E+008  1.250E+008
 4.770E+013  3.121E-013  1.146E+008  1.246E+008
 4.790E+013  3.195E-013  1.146E+008  1.243E+008
 4.810E+013  3.272E-013  1.146E+008  1.239E+008
 4.830E+013  3.351E-013  1.146E+008  1.235E+008
 4.850E+013  3.432E-013  1.146E+008  1.231E+008
 4.870E+013  3.515E-013  1.146E+008  1.227E+008
 4.890E+013  3.601E-013  1.145E+008  1.223E+008
 4.910E+013  3.689E-013  1.145E+008  1.219E+008
 4.930E+013  3.779E-013  1.145E+008  1.215E+008
 4.950E+013  3.872E-013  1.145E+008  1.211E+008
 4.970E+013  3.967E-013  1.145E+008  1.207E+008
 4.990E+013  4.065E-013  1.145E+008  1.203E+008
 5.010E+013  4.165E-013  1.145E+008  1.200E+008
 5.030E+013  4.268E-013  1.144E+008  1.196E+008
 5.050E+013  4.373E-013  1.144E+008  1.193E+008
 5.070E+013  4.481E-013  1.144E+008  1.190E+008
 5.090E+013  4.591E-013  1.144E+008  1.186E+008
 5.110E+013  4.704E-013  1.144E+008  1.183E+008
 5.130E+013  4.819E-013  1.144E+008  1.179E+008
 5.150E+013  4.937E-013  1.143E+008  1.176E+008
 5.170E+013  5.058E-013  1.143E+008  1.172E+008
 5.190E+013  5.181E-013  1.143E+008  1.168E+008
 5.210E+013  5.307E-013  1.143E+008  1.164E+008
 5.230E+013  5.435E-013  1.143E+008  1.160E+008
 5.250E+013  5.565E-013  1.142E+008  1.155E+008
 5.270E+013  5.698E-013  1.142E+008  1.150E+008
 5.290E+013  5.834E-013  1.142E+008  1.145E+008
 5.310E+013  5.972E-013  1.142E+008  1.140E+008
 5.330E+013  6.112E-013  1.142E+008  1.134E+008
 5.350E+013  6.255E-013  1.141E+008  1.128E+008
 5.370E+013  6.400E-013  1.141E+008  1.122E+008
 5.390E+013  6.547E-013  1.141E+008  1.116E+008
 5.410E+013  6.697E-013  1.141E+008  1.110E+008
 5.430E+013  6.849E-013  1.141E+008  1.103E+008
 5.450E+013  7.002E-013  1.140E+008  1.096E+008
 5.470E+013  7.158E-013  1.140E+008  1.090E+008
 5.490E+013  7.316E-013  1.140E+008  1.082E+008
 5.510E+013  7.476E-013  1.140E+008  1.075E+008
 5.530E+013  7.638E-013  1.140E+008  1.067E+008
 5.550E+013  7.802E-013  1.140E+008  1.058E+008
 5.570E+013  7.967E-013  1.139E+008  1.049E+008
 5.590E+013  8.134E-013  1.139E+008  1.040E+008
 5.610E+013  8.303E-013  1.139E+008  1.031E+008
 5.630E+013  8.474E-013  1.139E+008  1.021E+008
 5.650E+013  8.646E-013  1.139E+008  1.011E+008
 5.670E+013  8.819E-013  1.139E+008  1.001E+008
 5.690E+013  8.994E-013  1.138E+008  9.912E+007
 5.710E+013  9.171E-013  1.138E+008  9.815E+007
 5.730E+013  9.348E-013  1.138E+008  9.719E+007
 5.750E+013  9.527E-013  1.138E+008  9.626E+007
 5.770E+013  9.707E-013  1.138E+008  9.536E+007
 5.790E+013  9.888E-013  1.138E+008  9.450E+007
 5.810E+013  1.007E-012  1.138E+008  9.369E+007
 5.830E+013  1.025E-012  1.137E+008  9.293E+007
 5.850E+013  1.044E-012  1.137E+008  9.223E+007
 5.870E+013  1.062E-012  1.137E+008  9.162E+007
 5.890E+013  1.081E-012  1.137E+008  9.111E+007
 5.910E+013  1.099E-012  1.137E+008  9.070E+007
 5.930E+013  1.118E-012  1.136E+008  9.044E+007
 5.950E+013  1.137E-012  1.136E+008  9.032E+007
 5.970E+013  1.156E-012  1.136E+008  9.035E+007
 5.990E+013  1.175E-012  1.135E+008  9.055E+007
 6.010E+013  1.194E-012  1.135E+008  9.092E+007
 6.030E+013  1.213E-012  1.135E+008  9.146E+007
 6.050E+013  1.232E-012  1.134E+008  9.217E+007
 6.070E+013  1.251E-012  1.134E+008  9.304E+007
 6.090E+013  1.270E-012  1.133E+008  9.409E+007
 6.110E+013  1.289E-012  1.133E+008  9.530E+007
 6.130E+013  1.308E-012  1.132E+008  9.669E+007
 6.150E+013  1.328E-012  1.132E+008  9.824E+007
 6.170E+013  1.347E-012  1.131E+008  9.995E+007
 6.190E+013  1.366E-012  1.130E+008  1.018E+008
 6.210E+013  1.386E-012  1.130E+008  1.038E+008
 6.230E+013  1.405E-012  1.129E+008  1.060E+008
 6.250E+013  1.425E-012  1.128E+008  1.082E+008
 6.270E+013  1.444E-012  1.128E+008  1.106E+008
 6.290E+013  1.464E-012  1.127E+008  1.130E+008
 6.310E+013  1.484E-012  1.126E+008  1.155E+008
 6.330E+013  1.503E-012  1.125E+008  1.180E+008
 6.350E+013  1.523E-012  1.125E+008  1.206E+008
 6.370E+013  1.543E-012  1.124E+008  1.231E+008
 6.390E+013  1.563E-012  1.123E+008  1.257E+008
 6.410E+013  1.583E-012  1.122E+008  1.283E+008
 6.430E+013  1.603E-012  1.122E+008  1.309E+008
 6.450E+013  1.623E-012  1.121E+008  1.334E+008
 6.470E+013  1.644E-012  1.120E+008  1.359E+008
 6.490E+013  1.664E-012  1.119E+008  1.384E+008
 6.510E+013  1.685E-012  1.119E+008  1.408E+008
 6.530E+013  1.705E-012  1.118E+008  1.431E+008
 6.550E+013  1.726E-012  1.117E+008  1.453E+008
 6.570E+013  1.747E-012  1.117E+008  1.474E+008
 6.590E+013  1.768E-012  1.116E+008  1.495E+008
 6.610E+013  1.790E-012  1.116E+008  1.515E+008
 6.630E+013  1.811E-012  1.115E+008  1.533E+008
 6.650E+013  1.833E-012  1.115E+008  1.551E+008
 6.670E+013  1.854E-012  1.114E+008  1.568E+008
 6.690E+013  1.876E-012  1.114E+008  1.583E+008
 6.710E+013  1.899E-012  1.113E+008  1.598E+008
 6.730E+013  1.921E-012  1.113E+008  1.612E+008
 6.750E+013  1.944E-012  1.112E+008  1.625E+008
 6.770E+013  1.966E-012  1.112E+008  1.637E+008
 6.790E+013  1.989E-012  1.111E+008  1.649E+008
 6.810E+013  2.012E-012  1.111E+008  1.660E+008
 6.830E+013  2.036E-012  1.111E+008  1.671E+008
 6.850E+013  2.059E-012  1.110E+008  1.682E+008
 6.870E+013  2.083E-012  1.110E+008  1.693E+008
 6.890E+013  2.107E-012  1.110E+008  1.704E+008
 6.910E+013  2.132E-012  1.109E+008  1.715E+008
 6.930E+013  2.156E-012  1.109E+008  1.726E+008
 6.950E+013  2.181E-012  1.109E+008  1.738E+008
 6.970E+013  2.206E-012  1.108E+008  1.749E+008
 6.990E+013  2.231E-012  1.108E+008  1.761E+008
 7.010E+013  2.257E-012  1.107E+008  1.773E+008
 7.030E+013  2.282E-012  1.107E+008  1.785E+008
 7.050E+013  2.308E-012  1.107E+008  1.797E+008
 7.070E+013  2.335E-012  1.106E+008  1.810E+008
 7.090E+013  2.361E-012  1.106E+008  1.823E+008
 7.110E+013  2.388E-012  1.105E+008  1.837E+008
 7.130E+013  2.415E-012  1.105E+008  1.851E+008
 7.150E+013  2.442E-012  1.105E+008  1.864E+008
 7.170E+013  2.470E-012  1.104E+008  1.878E+008
 7.190E+013  2.498E-012  1.104E+008  1.891E+008
 7.210E+013  2.527E-012  1.103E+008  1.903E+008
 7.230E+013  2.555E-012  1.103E+008  1.914E+008
 7.250E+013  2.584E-012  1.103E+008  1.924E+008
 7.270E+013  2.614E-012  1.102E+008  1.932E+008
 7.290E+013  2.644E-012  1.102E+008  1.939E+008
 7.310E+013  2.674E-012  1.102E+008  1.943E+008
 7.330E+013  2.705E-012  1.102E+008  1.946E+008
 7.350E+013  2.736E-012  1.101E+008  1.948E+008
 7.370E+013  2.767E-012  1.101E+008  1.948E+008
 7.390E+013  2.799E-012  1.101E+008  1.947E+008
 7.410E+013  2.831E-012  1.101E+008  1.945E+008
 7.430E+013  2.864E-012  1.101E+008  1.943E+008
 7.450E+013  2.897E-012  1.101E+008  1.940E+008
 7.470E+013  2.931E-012  1.101E+008  1.937E+008
 7.490E+013  2.965E-012  1.101E+008  1.933E+008
 7.510E+013  2.999E-012  1.101E+008  1.930E+008
 7.530E+013  3.034E-012  1.101E+008  1.926E+008
 7.550E+013  3.070E-012  1.101E+008  1.922E+008
 7.570E+013  3.105E-012  1.101E+008  1.919E+008
 7.590E+013  3.141E-012  1.100E+008  1.915E+008
 7.610E+013  3.177E-012  1.100E+008  1.912E+008
 7.630E+013  3.214E-012  1.100E+008  1.910E+008
 7.650E+013  3.251E-012  1.099E+008  1.908E+008
 7.670E+013  3.288E-012  1.099E+008  1.907E+008
 7.690E+013  3.325E-012  1.099E+008  1.907E+008
 7.710E+013  3.363E-012  1.098E+008  1.909E+008
 7.730E+013  3.402E-012  1.098E+008  1.913E+008
 7.750E+013  3.440E-012  1.097E+008  1.918E+008
 7.770E+013  3.479E-012  1.096E+008  1.926E+008
 7.790E+013  3.519E-012  1.096E+008  1.935E+008
 7.810E+013  3.559E-012  1.095E+008  1.945E+008
 7.830E+013  3.599E-012  1.095E+008  1.956E+008
 7.850E+013  3.640E-012  1.094E+008  1.966E+008
 7.870E+013  3.681E-012  1.094E+008  1.976E+008
 7.890E+013  3.723E-012  1.093E+008  1.983E+008
 7.910E+013  3.764E-012  1.092E+008  1.989E+008
 7.930E+013  3.806E-012  1.091E+008  1.992E+008
 7.950E+013  3.848E-012  1.090E+008  1.993E+008
 7.970E+013  3.891E-012  1.089E+008  1.991E+008
 7.990E+013  3.933E-012  1.088E+008  1.988E+008
 8.010E+013  3.976E-012  1.087E+008  1.984E+008
 8.030E+013  4.020E-012  1.086E+008  1.979E+008
 8.050E+013  4.063E-012  1.085E+008  1.976E+008
 8.070E+013  4.107E-012  1.083E+008  1.973E+008
 8.090E+013  4.152E-012  1.082E+008  1.973E+008
 8.110E+013  4.197E-012  1.081E+008  1.975E+008
 8.130E+013  4.242E-012  1.080E+008  1.981E+008
 8.150E+013  4.288E-012  1.079E+008  1.990E+008
 8.170E+013  4.335E-012  1.078E+008  2.002E+008
 8.190E+013  4.382E-012  1.077E+008  2.018E+008
 8.210E+013  4.429E-012  1.077E+008  2.037E+008
 8.230E+013  4.477E-012  1.076E+008  2.059E+008
 8.250E+013  4.526E-012  1.075E+008  2.083E+008
 8.270E+013  4.575E-012  1.075E+008  2.109E+008
 8.290E+013  4.625E-012  1.074E+008  2.136E+008
 8.310E+013  4.675E-012  1.073E+008  2.165E+008
 8.330E+013  4.725E-012  1.073E+008  2.194E+008
 8.350E+013  4.776E-012  1.072E+008  2.223E+008
 8.370E+013  4.828E-012  1.072E+008  2.252E+008
 8.390E+013  4.879E-012  1.071E+008  2.278E+008
 8.410E+013  4.931E-012  1.070E+008  2.302E+008
 8.430E+013  4.983E-012  1.070E+008  2.323E+008
 8.450E+013  5.035E-012  1.069E+008  2.340E+008
 8.470E+013  5.087E-012  1.068E+008  2.352E+008
 8.490E+013  5.139E-012  1.067E+008  2.361E+008
 8.510E+013  5.191E-012  1.065E+008  2.365E+008
 8.530E+013  5.243E-012  1.064E+008  2.364E+008
 8.550E+013  5.295E-012  1.063E+008  2.361E+008
 8.570E+013  5.347E-012  1.061E+008  2.355E+008
 8.590E+013  5.400E-012  1.060E+008  2.348E+008
 8.610E+013  5.453E-012  1.058E+008  2.339E+008
 8.630E+013  5.506E-012  1.057E+008  2.331E+008
 8.650E+013  5.559E-012  1.056E+008  2.323E+008
 8.670E+013  5.613E-012  1.054E+008  2.316E+008
 8.690E+013  5.668E-012  1.053E+008  2.311E+008
 8.710E+013  5.723E-012  1.052E+008  2.307E+008
 8.730E+013  5.778E-012  1.051E+008  2.305E+008
 8.750E+013  5.833E-012  1.050E+008  2.304E+008
 8.770E+013  5.889E-012  1.048E+008  2.305E+008
 8.790E+013  5.946E-012  1.047E+008  2.306E+008
 8.810E+013  6.002E-012  1.046E+008  2.308E+008
 8.830E+013  6.059E-012  1.045E+008  2.309E+008
 8.850E+013  6.117E-012  1.044E+008  2.310E+008
 8.870E+013  6.174E-012  1.043E+008  2.309E+008
 8.890E+013  6.232E-012  1.042E+008  2.307E+008
 8.910E+013  6.290E-012  1.041E+008  2.302E+008
 8.930E+013  6.349E-012  1.040E+008  2.296E+008
 8.950E+013  6.408E-012  1.039E+008  2.287E+008
 8.970E+013  6.468E-012  1.038E+008  2.277E+008
 8.990E+013  6.528E-012  1.037E+008  2.266E+008
 9.010E+013  6.588E-012  1.036E+008  2.253E+008
 9.030E+013  6.649E-012  1.035E+008  2.240E+008
 9.050E+013  6.711E-012  1.034E+008  2.227E+008
 9.070E+013  6.773E-012  1.034E+008  2.214E+008
 9.090E+013  6.835E-012  1.033E+008  2.201E+008
 9.110E+013  6.899E-012  1.032E+008  2.188E+008
 9.130E+013  6.962E-012  1.032E+008  2.175E+008
 9.150E+013  7.027E-012  1.031E+008  2.162E+008
 9.170E+013  7.092E-012  1.031E+008  2.150E+008
 9.190E+013  7.158E-012  1.030E+008  2.138E+008
 9.210E+013  7.225E-012  1.030E+008  2.126E+008
 9.230E+013  7.292E-012  1.030E+008  2.114E+008
 9.250E+013  7.360E-012  1.030E+008  2.104E+008
 9.270E+013  7.428E-012  1.029E+008  2.095E+008
 9.290E+013  7.497E-012  1.029E+008  2.088E+008
 9.310E+013  7.565E-012  1.029E+008  2.085E+008
 9.330E+013  7.633E-012  1.028E+008  2.084E+008
 9.350E+013  7.702E-012  1.027E+008  2.086E+008
 9.370E+013  7.771E-012  1.027E+008  2.090E+008
 9.390E+013  7.839E-012  1.026E+008  2.095E+008
 9.410E+013  7.908E-012  1.025E+008  2.101E+008
 9.430E+013  7.977E-012  1.024E+008  2.108E+008
 9.450E+013  8.045E-012  1.023E+008  2.116E+008
 9.470E+013  8.114E-012  1.022E+008  2.123E+008
 9.490E+013  8.182E-012  1.021E+008  2.130E+008
 9.510E+013  8.250E-012  1.019E+008  2.136E+008
 9.530E+013  8.317E-012  1.018E+008  2.141E+008
 9.550E+013  8.384E-012  1.016E+008  2.144E+008
 9.570E+013  8.450E-012  1.014E+008  2.146E+008
 9.590E+013  8.515E-012  1.011E+008  2.145E+008
 9.610E+013  8.578E-012  1.009E+008  2.141E+008
 9.630E+013  8.641E-012  1.006E+008  2.133E+008
 9.650E+013  8.702E-012  1.003E+008  2.121E+008
 9.670E+013  8.762E-012  9.991E+007  2.106E+008
 9.690E+013  8.821E-012  9.955E+007  2.086E+008
 9.710E+013  8.880E-012  9.917E+007  2.062E+008
 9.730E+013  8.938E-012  9.878E+007  2.034E+008
 9.750E+013  8.995E-012  9.838E+007  2.005E+008
 9.770E+013  9.052E-012  9.797E+007  1.974E+008
 9.790E+013  9.109E-012  9.756E+007  1.942E+008
 9.810E+013  9.166E-012  9.715E+007  1.910E+008
 9.830E+013  9.224E-012  9.676E+007  1.878E+008
 9.850E+013  9.282E-012  9.636E+007  1.848E+008
 9.870E+013  9.340E-012  9.598E+007  1.820E+008
 9.890E+013  9.399E-012  9.560E+007  1.794E+008
 9.910E+013  9.458E-012  9.522E+007  1.773E+008
 9.930E+013  9.518E-012  9.485E+007  1.756E+008
 9.950E+013  9.577E-012  9.449E+007  1.743E+008
 9.970E+013  9.636E-012  9.413E+007  1.734E+008
 9.990E+013  9.746E-012  9.376E+007  1.731E+008
 1.001E+014  1.000E-099  1.000E-099  1.731E+008
 1.003E+014  1.000E-099  1.000E-099  1.731E+008
 8.752E-003
