 7.200E+004
     x1b        dens       energ       v1
 1.000E+011  7.887E-013  6.688E+009  0.000E+000
 3.000E+011  8.136E-013  6.688E+009 -1.154E+006
 5.000E+011  8.555E-013  6.688E+009 -2.454E+006
 7.000E+011  8.894E-013  6.688E+009 -4.087E+006
 9.000E+011  9.061E-013  6.688E+009 -5.972E+006
 1.100E+012  9.134E-013  6.688E+009 -8.053E+006
 1.300E+012  9.195E-013  6.688E+009 -9.911E+006
 1.500E+012  9.280E-013  6.688E+009 -1.148E+007
 1.700E+012  9.388E-013  6.688E+009 -1.271E+007
 1.900E+012  9.502E-013  6.688E+009 -1.389E+007
 2.100E+012  9.611E-013  6.688E+009 -1.522E+007
 2.300E+012  9.718E-013  6.688E+009 -1.678E+007
 2.500E+012  9.828E-013  6.688E+009 -1.851E+007
 2.700E+012  9.945E-013  6.688E+009 -2.028E+007
 2.900E+012  1.007E-012  6.688E+009 -2.200E+007
 3.100E+012  1.019E-012  6.688E+009 -2.361E+007
 3.300E+012  1.031E-012  6.688E+009 -2.513E+007
 3.500E+012  1.044E-012  6.688E+009 -2.659E+007
 3.700E+012  1.056E-012  6.688E+009 -2.805E+007
 3.900E+012  1.068E-012  6.688E+009 -2.954E+007
 4.100E+012  1.080E-012  6.688E+009 -3.106E+007
 4.300E+012  1.092E-012  6.688E+009 -3.261E+007
 4.500E+012  1.103E-012  6.688E+009 -3.424E+007
 4.700E+012  1.113E-012  6.688E+009 -3.592E+007
 4.900E+012  1.122E-012  6.688E+009 -3.759E+007
 5.100E+012  1.129E-012  6.688E+009 -3.917E+007
 5.300E+012  1.134E-012  6.688E+009 -4.062E+007
 5.500E+012  1.137E-012  6.688E+009 -4.202E+007
 5.700E+012  1.138E-012  6.688E+009 -4.349E+007
 5.900E+012  1.139E-012  6.688E+009 -4.509E+007
 6.100E+012  1.139E-012  6.688E+009 -4.678E+007
 6.300E+012  1.139E-012  6.688E+009 -4.847E+007
 6.500E+012  1.139E-012  6.688E+009 -5.005E+007
 6.700E+012  1.138E-012  6.688E+009 -5.152E+007
 6.900E+012  1.138E-012  6.688E+009 -5.296E+007
 7.100E+012  1.138E-012  6.688E+009 -5.447E+007
 7.300E+012  1.138E-012  6.688E+009 -5.609E+007
 7.500E+012  1.137E-012  6.688E+009 -5.773E+007
 7.700E+012  1.137E-012  6.688E+009 -5.933E+007
 7.900E+012  1.136E-012  6.688E+009 -6.087E+007
 8.100E+012  1.136E-012  6.688E+009 -6.238E+007
 8.300E+012  1.135E-012  6.688E+009 -6.391E+007
 8.500E+012  1.134E-012  6.688E+009 -6.547E+007
 8.700E+012  1.133E-012  6.688E+009 -6.705E+007
 8.900E+012  1.133E-012  6.688E+009 -6.861E+007
 9.100E+012  1.133E-012  6.688E+009 -7.017E+007
 9.300E+012  1.133E-012  6.688E+009 -7.173E+007
 9.500E+012  1.133E-012  6.688E+009 -7.331E+007
 9.700E+012  1.133E-012  6.688E+009 -7.489E+007
 9.900E+012  1.133E-012  6.688E+009 -7.645E+007
 1.010E+013  1.133E-012  6.688E+009 -7.799E+007
 1.030E+013  1.133E-012  6.688E+009 -7.952E+007
 1.050E+013  1.133E-012  6.688E+009 -8.106E+007
 1.070E+013  1.134E-012  6.688E+009 -8.263E+007
 1.090E+013  1.134E-012  6.688E+009 -8.421E+007
 1.110E+013  1.135E-012  6.688E+009 -8.579E+007
 1.130E+013  1.136E-012  6.688E+009 -8.734E+007
 1.150E+013  1.138E-012  6.688E+009 -8.889E+007
 1.170E+013  1.139E-012  6.688E+009 -9.046E+007
 1.190E+013  1.141E-012  6.688E+009 -9.203E+007
 1.210E+013  1.144E-012  6.688E+009 -9.359E+007
 1.230E+013  1.147E-012  6.688E+009 -9.514E+007
 1.250E+013  1.150E-012  6.688E+009 -9.667E+007
 1.270E+013  1.155E-012  6.688E+009 -9.822E+007
 1.290E+013  1.159E-012  6.688E+009 -9.979E+007
 1.310E+013  1.165E-012  6.688E+009 -1.014E+008
 1.330E+013  1.171E-012  6.688E+009 -1.029E+008
 1.350E+013  1.178E-012  6.688E+009 -1.045E+008
 1.370E+013  1.186E-012  6.688E+009 -1.061E+008
 1.390E+013  1.195E-012  6.688E+009 -1.076E+008
 1.410E+013  1.205E-012  6.688E+009 -1.092E+008
 1.430E+013  1.217E-012  6.688E+009 -1.107E+008
 1.450E+013  1.229E-012  6.688E+009 -1.123E+008
 1.470E+013  1.243E-012  6.688E+009 -1.138E+008
 1.490E+013  1.258E-012  6.688E+009 -1.154E+008
 1.510E+013  1.275E-012  6.688E+009 -1.170E+008
 1.530E+013  1.293E-012  6.688E+009 -1.186E+008
 1.550E+013  1.313E-012  6.688E+009 -1.201E+008
 1.570E+013  1.335E-012  6.688E+009 -1.216E+008
 1.590E+013  1.359E-012  6.688E+009 -1.232E+008
 1.610E+013  1.385E-012  6.688E+009 -1.248E+008
 1.630E+013  1.414E-012  6.688E+009 -1.264E+008
 1.650E+013  1.445E-012  6.688E+009 -1.279E+008
 1.670E+013  1.479E-012  6.688E+009 -1.294E+008
 1.690E+013  1.516E-012  6.688E+009 -1.310E+008
 1.710E+013  1.555E-012  6.688E+009 -1.326E+008
 1.730E+013  1.599E-012  6.688E+009 -1.342E+008
 1.750E+013  1.645E-012  6.688E+009 -1.357E+008
 1.770E+013  1.696E-012  6.688E+009 -1.372E+008
 1.790E+013  1.751E-012  6.688E+009 -1.388E+008
 1.810E+013  1.810E-012  6.688E+009 -1.404E+008
 1.830E+013  1.875E-012  6.688E+009 -1.420E+008
 1.850E+013  1.944E-012  6.688E+009 -1.435E+008
 1.870E+013  2.019E-012  6.688E+009 -1.451E+008
 1.890E+013  2.100E-012  6.688E+009 -1.466E+008
 1.910E+013  2.188E-012  6.688E+009 -1.482E+008
 1.930E+013  2.283E-012  6.688E+009 -1.498E+008
 1.950E+013  2.384E-012  6.688E+009 -1.514E+008
 1.970E+013  2.494E-012  6.688E+009 -1.529E+008
 1.990E+013  2.612E-012  6.688E+009 -1.544E+008
 2.010E+013  2.740E-012  6.688E+009 -1.560E+008
 2.030E+013  2.876E-012  6.688E+009 -1.576E+008
 2.050E+013  3.023E-012  6.688E+009 -1.592E+008
 2.070E+013  3.181E-012  6.688E+009 -1.607E+008
 2.090E+013  3.350E-012  6.688E+009 -1.623E+008
 2.110E+013  3.531E-012  6.688E+009 -1.639E+008
 2.130E+013  3.724E-012  6.688E+009 -1.654E+008
 2.150E+013  3.931E-012  6.688E+009 -1.670E+008
 2.170E+013  4.151E-012  6.688E+009 -1.685E+008
 2.190E+013  4.384E-012  6.688E+009 -1.701E+008
 2.210E+013  4.633E-012  6.688E+009 -1.717E+008
 2.230E+013  4.896E-012  6.688E+009 -1.732E+008
 2.250E+013  5.173E-012  6.688E+009 -1.748E+008
 2.270E+013  5.466E-012  6.688E+009 -1.764E+008
 2.290E+013  5.774E-012  6.688E+009 -1.779E+008
 2.310E+013  6.098E-012  6.688E+009 -1.794E+008
 2.330E+013  6.436E-012  6.688E+009 -1.810E+008
 2.350E+013  6.788E-012  6.688E+009 -1.826E+008
 2.370E+013  7.156E-012  6.688E+009 -1.841E+008
 2.390E+013  7.536E-012  6.688E+009 -1.857E+008
 2.410E+013  7.931E-012  6.688E+009 -1.872E+008
 2.430E+013  8.337E-012  6.688E+009 -1.888E+008
 2.450E+013  8.756E-012  6.688E+009 -1.904E+008
 2.470E+013  9.186E-012  6.688E+009 -1.919E+008
 2.490E+013  9.626E-012  6.688E+009 -1.935E+008
 2.510E+013  1.008E-011  6.688E+009 -1.951E+008
 2.530E+013  1.053E-011  6.688E+009 -1.966E+008
 2.550E+013  1.100E-011  6.688E+009 -1.982E+008
 2.570E+013  1.147E-011  6.688E+009 -1.997E+008
 2.590E+013  1.195E-011  6.688E+009 -2.013E+008
 2.610E+013  1.244E-011  6.688E+009 -2.028E+008
 2.630E+013  1.293E-011  6.688E+009 -2.044E+008
 2.650E+013  1.343E-011  6.688E+009 -2.060E+008
 2.670E+013  1.393E-011  6.688E+009 -2.075E+008
 2.690E+013  1.443E-011  6.688E+009 -2.091E+008
 2.710E+013  1.495E-011  6.688E+009 -2.106E+008
 2.730E+013  1.546E-011  6.688E+009 -2.122E+008
 2.750E+013  1.598E-011  6.688E+009 -2.138E+008
 2.770E+013  1.651E-011  6.688E+009 -2.153E+008
 2.790E+013  1.704E-011  6.688E+009 -2.169E+008
 2.810E+013  1.757E-011  6.688E+009 -2.184E+008
 2.830E+013  1.812E-011  6.688E+009 -2.200E+008
 2.850E+013  1.867E-011  6.688E+009 -2.215E+008
 2.870E+013  1.922E-011  6.688E+009 -2.231E+008
 2.890E+013  1.978E-011  6.688E+009 -2.247E+008
 2.910E+013  2.036E-011  6.688E+009 -2.262E+008
 2.930E+013  2.094E-011  6.688E+009 -2.278E+008
 2.950E+013  2.153E-011  6.688E+009 -2.293E+008
 2.970E+013  2.213E-011  6.688E+009 -2.309E+008
 2.990E+013  2.274E-011  6.688E+009 -2.325E+008
 3.010E+013  2.337E-011  6.688E+009 -2.340E+008
 3.030E+013  2.401E-011  6.688E+009 -2.356E+008
 3.050E+013  2.466E-011  6.688E+009 -2.372E+008
 3.070E+013  2.532E-011  6.688E+009 -2.387E+008
 3.090E+013  2.601E-011  6.688E+009 -2.403E+008
 3.110E+013  2.670E-011  6.688E+009 -2.418E+008
 3.130E+013  2.742E-011  6.688E+009 -2.434E+008
 3.150E+013  2.816E-011  6.688E+009 -2.450E+008
 3.170E+013  2.891E-011  6.688E+009 -2.465E+008
 3.190E+013  2.968E-011  6.688E+009 -2.481E+008
 3.210E+013  3.048E-011  6.688E+009 -2.497E+008
 3.230E+013  3.130E-011  6.688E+009 -2.513E+008
 3.250E+013  3.213E-011  6.688E+009 -2.528E+008
 3.270E+013  3.300E-011  6.688E+009 -2.544E+008
 3.290E+013  3.389E-011  6.688E+009 -2.560E+008
 3.310E+013  3.480E-011  6.688E+009 -2.575E+008
 3.330E+013  3.574E-011  6.688E+009 -2.591E+008
 3.350E+013  3.670E-011  6.688E+009 -2.607E+008
 3.370E+013  3.769E-011  6.688E+009 -2.622E+008
 3.390E+013  3.871E-011  6.688E+009 -2.638E+008
 3.410E+013  3.976E-011  6.688E+009 -2.654E+008
 3.430E+013  4.083E-011  6.688E+009 -2.669E+008
 3.450E+013  4.194E-011  6.688E+009 -2.685E+008
 3.470E+013  4.307E-011  6.688E+009 -2.701E+008
 3.490E+013  4.424E-011  6.688E+009 -2.717E+008
 3.510E+013  4.543E-011  6.688E+009 -2.732E+008
 3.530E+013  4.665E-011  6.688E+009 -2.748E+008
 3.550E+013  4.790E-011  6.688E+009 -2.764E+008
 3.570E+013  4.919E-011  6.688E+009 -2.779E+008
 3.590E+013  5.050E-011  6.688E+009 -2.795E+008
 3.610E+013  5.184E-011  6.688E+009 -2.811E+008
 3.630E+013  5.321E-011  6.688E+009 -2.827E+008
 3.650E+013  5.461E-011  6.688E+009 -2.842E+008
 3.670E+013  5.603E-011  6.688E+009 -2.858E+008
 3.690E+013  5.749E-011  6.688E+009 -2.874E+008
 3.710E+013  5.897E-011  6.688E+009 -2.890E+008
 3.730E+013  6.048E-011  6.687E+009 -2.905E+008
 3.750E+013  6.202E-011  6.687E+009 -2.921E+008
 3.770E+013  6.359E-011  6.687E+009 -2.937E+008
 3.790E+013  6.518E-011  6.687E+009 -2.953E+008
 3.810E+013  6.680E-011  6.687E+009 -2.968E+008
 3.830E+013  6.844E-011  6.687E+009 -2.984E+008
 3.850E+013  7.011E-011  6.687E+009 -3.000E+008
 3.870E+013  7.181E-011  6.687E+009 -3.016E+008
 3.890E+013  7.354E-011  6.687E+009 -3.032E+008
 3.910E+013  7.529E-011  6.687E+009 -3.047E+008
 3.930E+013  7.707E-011  6.687E+009 -3.063E+008
 3.950E+013  7.887E-011  6.687E+009 -3.079E+008
 3.970E+013  8.071E-011  6.687E+009 -3.095E+008
 3.990E+013  8.257E-011  6.687E+009 -3.111E+008
 4.010E+013  8.447E-011  6.687E+009 -3.126E+008
 4.030E+013  8.639E-011  6.687E+009 -3.142E+008
 4.050E+013  8.834E-011  6.687E+009 -3.158E+008
 4.070E+013  9.033E-011  6.687E+009 -3.174E+008
 4.090E+013  9.235E-011  6.687E+009 -3.190E+008
 4.110E+013  9.440E-011  6.687E+009 -3.206E+008
 4.130E+013  9.649E-011  6.687E+009 -3.221E+008
 4.150E+013  9.862E-011  6.687E+009 -3.237E+008
 4.170E+013  1.008E-010  6.687E+009 -3.253E+008
 4.190E+013  1.030E-010  6.687E+009 -3.269E+008
 4.210E+013  1.052E-010  6.687E+009 -3.284E+008
 4.230E+013  1.075E-010  6.687E+009 -3.300E+008
 4.250E+013  1.098E-010  6.687E+009 -3.316E+008
 4.270E+013  1.122E-010  6.687E+009 -3.331E+008
 4.290E+013  1.146E-010  6.687E+009 -3.347E+008
 4.310E+013  1.171E-010  6.686E+009 -3.362E+008
 4.330E+013  1.196E-010  6.686E+009 -3.377E+008
 4.350E+013  1.222E-010  6.686E+009 -3.392E+008
 4.370E+013  1.248E-010  6.686E+009 -3.407E+008
 4.390E+013  1.275E-010  6.686E+009 -3.422E+008
 4.410E+013  1.302E-010  6.685E+009 -3.436E+008
 4.430E+013  1.330E-010  6.685E+009 -3.451E+008
 4.450E+013  1.358E-010  6.685E+009 -3.465E+008
 4.470E+013  1.387E-010  6.684E+009 -3.478E+008
 4.490E+013  1.416E-010  6.684E+009 -3.492E+008
 4.510E+013  1.447E-010  6.683E+009 -3.504E+008
 4.530E+013  1.477E-010  6.682E+009 -3.517E+008
 4.550E+013  1.508E-010  6.682E+009 -3.528E+008
 4.570E+013  1.540E-010  6.681E+009 -3.540E+008
 4.590E+013  1.572E-010  6.680E+009 -3.550E+008
 4.610E+013  1.605E-010  6.679E+009 -3.560E+008
 4.630E+013  1.639E-010  6.677E+009 -3.569E+008
 4.650E+013  1.673E-010  6.676E+009 -3.577E+008
 4.670E+013  1.708E-010  6.674E+009 -3.584E+008
 4.690E+013  1.743E-010  6.672E+009 -3.591E+008
 4.710E+013  1.779E-010  6.670E+009 -3.596E+008
 4.730E+013  1.815E-010  6.668E+009 -3.601E+008
 4.750E+013  1.852E-010  6.665E+009 -3.604E+008
 4.770E+013  1.890E-010  6.662E+009 -3.606E+008
 4.790E+013  1.928E-010  6.659E+009 -3.607E+008
 4.810E+013  1.967E-010  6.656E+009 -3.606E+008
 4.830E+013  2.006E-010  6.652E+009 -3.605E+008
 4.850E+013  2.046E-010  6.648E+009 -3.602E+008
 4.870E+013  2.086E-010  6.644E+009 -3.599E+008
 4.890E+013  2.127E-010  6.639E+009 -3.594E+008
 4.910E+013  2.168E-010  6.634E+009 -3.588E+008
 4.930E+013  2.210E-010  6.629E+009 -3.580E+008
 4.950E+013  2.252E-010  6.624E+009 -3.572E+008
 4.970E+013  2.296E-010  6.618E+009 -3.563E+008
 4.990E+013  2.339E-010  6.612E+009 -3.553E+008
 5.010E+013  2.383E-010  6.606E+009 -3.541E+008
 5.030E+013  2.428E-010  6.599E+009 -3.529E+008
 5.050E+013  2.473E-010  6.592E+009 -3.517E+008
 5.070E+013  2.519E-010  6.585E+009 -3.503E+008
 5.090E+013  2.565E-010  6.578E+009 -3.489E+008
 5.110E+013  2.612E-010  6.570E+009 -3.475E+008
 5.130E+013  2.659E-010  6.562E+009 -3.460E+008
 5.150E+013  2.707E-010  6.554E+009 -3.444E+008
 5.170E+013  2.756E-010  6.546E+009 -3.429E+008
 5.190E+013  2.805E-010  6.538E+009 -3.413E+008
 5.210E+013  2.855E-010  6.530E+009 -3.398E+008
 5.230E+013  2.906E-010  6.521E+009 -3.383E+008
 5.250E+013  2.957E-010  6.513E+009 -3.367E+008
 5.270E+013  3.008E-010  6.504E+009 -3.352E+008
 5.290E+013  3.061E-010  6.495E+009 -3.338E+008
 5.310E+013  3.113E-010  6.487E+009 -3.324E+008
 5.330E+013  3.167E-010  6.478E+009 -3.310E+008
 5.350E+013  3.221E-010  6.469E+009 -3.297E+008
 5.370E+013  3.276E-010  6.461E+009 -3.284E+008
 5.390E+013  3.332E-010  6.452E+009 -3.272E+008
 5.410E+013  3.388E-010  6.443E+009 -3.261E+008
 5.430E+013  3.445E-010  6.435E+009 -3.251E+008
 5.450E+013  3.502E-010  6.426E+009 -3.241E+008
 5.470E+013  3.561E-010  6.418E+009 -3.232E+008
 5.490E+013  3.619E-010  6.409E+009 -3.224E+008
 5.510E+013  3.679E-010  6.401E+009 -3.216E+008
 5.530E+013  3.739E-010  6.392E+009 -3.209E+008
 5.550E+013  3.800E-010  6.384E+009 -3.202E+008
 5.570E+013  3.862E-010  6.375E+009 -3.196E+008
 5.590E+013  3.924E-010  6.367E+009 -3.190E+008
 5.610E+013  3.987E-010  6.358E+009 -3.184E+008
 5.630E+013  4.051E-010  6.350E+009 -3.178E+008
 5.650E+013  4.115E-010  6.341E+009 -3.172E+008
 5.670E+013  4.180E-010  6.332E+009 -3.166E+008
 5.690E+013  4.245E-010  6.323E+009 -3.160E+008
 5.710E+013  4.311E-010  6.313E+009 -3.154E+008
 5.730E+013  4.378E-010  6.304E+009 -3.148E+008
 5.750E+013  4.445E-010  6.294E+009 -3.141E+008
 5.770E+013  4.513E-010  6.284E+009 -3.133E+008
 5.790E+013  4.582E-010  6.274E+009 -3.126E+008
 5.810E+013  4.651E-010  6.264E+009 -3.118E+008
 5.830E+013  4.721E-010  6.253E+009 -3.111E+008
 5.850E+013  4.791E-010  6.243E+009 -3.103E+008
 5.870E+013  4.862E-010  6.232E+009 -3.095E+008
 5.890E+013  4.934E-010  6.222E+009 -3.088E+008
 5.910E+013  5.007E-010  6.211E+009 -3.080E+008
 5.930E+013  5.080E-010  6.200E+009 -3.073E+008
 5.950E+013  5.154E-010  6.189E+009 -3.067E+008
 5.970E+013  5.229E-010  6.179E+009 -3.060E+008
 5.990E+013  5.305E-010  6.168E+009 -3.054E+008
 6.010E+013  5.381E-010  6.157E+009 -3.049E+008
 6.030E+013  5.458E-010  6.146E+009 -3.044E+008
 6.050E+013  5.536E-010  6.135E+009 -3.039E+008
 6.070E+013  5.615E-010  6.124E+009 -3.034E+008
 6.090E+013  5.694E-010  6.113E+009 -3.030E+008
 6.110E+013  5.774E-010  6.101E+009 -3.026E+008
 6.130E+013  5.855E-010  6.090E+009 -3.022E+008
 6.150E+013  5.936E-010  6.078E+009 -3.017E+008
 6.170E+013  6.019E-010  6.066E+009 -3.013E+008
 6.190E+013  6.102E-010  6.054E+009 -3.009E+008
 6.210E+013  6.185E-010  6.042E+009 -3.006E+008
 6.230E+013  6.270E-010  6.029E+009 -3.002E+008
 6.250E+013  6.355E-010  6.017E+009 -2.998E+008
 6.270E+013  6.440E-010  6.004E+009 -2.995E+008
 6.290E+013  6.527E-010  5.991E+009 -2.993E+008
 6.310E+013  6.614E-010  5.977E+009 -2.991E+008
 6.330E+013  6.702E-010  5.964E+009 -2.989E+008
 6.350E+013  6.790E-010  5.950E+009 -2.988E+008
 6.370E+013  6.879E-010  5.936E+009 -2.988E+008
 6.390E+013  6.969E-010  5.922E+009 -2.988E+008
 6.410E+013  7.060E-010  5.908E+009 -2.989E+008
 6.430E+013  7.151E-010  5.893E+009 -2.991E+008
 6.450E+013  7.242E-010  5.878E+009 -2.994E+008
 6.470E+013  7.334E-010  5.863E+009 -2.997E+008
 6.490E+013  7.428E-010  5.848E+009 -2.998E+008
 6.510E+013  7.522E-010  5.833E+009 -2.998E+008
 6.530E+013  7.614E-010  5.816E+009 -3.003E+008
 6.550E+013  7.707E-010  5.798E+009 -3.012E+008
 6.570E+013  7.803E-010  5.783E+009 -3.019E+008
 6.590E+013  7.902E-010  5.770E+009 -3.015E+008
 6.610E+013  7.999E-010  5.755E+009 -3.008E+008
 6.630E+013  8.092E-010  5.734E+009 -3.019E+008
 6.650E+013  8.185E-010  5.712E+009 -3.041E+008
 6.670E+013  8.285E-010  5.697E+009 -3.052E+008
 6.690E+013  8.393E-010  5.691E+009 -3.037E+008
 6.710E+013  8.501E-010  5.684E+009 -3.004E+008
 6.730E+013  8.583E-010  5.647E+009 -3.017E+008
 6.750E+013  8.647E-010  5.592E+009 -3.120E+008
 6.770E+013  8.775E-010  5.605E+009 -3.174E+008
 6.790E+013  8.983E-010  5.700E+009 -2.927E+008
 6.810E+013  8.970E-010  5.559E+009 -2.817E+008
 6.830E+013  8.695E-010  5.165E+009 -3.602E+008
 6.850E+013  8.423E-010  4.796E+009 -4.771E+008
 6.870E+013  8.291E-010  4.581E+009 -5.665E+008
 6.890E+013  8.286E-010  4.490E+009 -6.089E+008
 6.910E+013  8.354E-010  4.464E+009 -6.201E+008
 6.930E+013  8.445E-010  4.459E+009 -6.179E+008
 6.950E+013  8.540E-010  4.458E+009 -6.125E+008
 6.970E+013  8.637E-010  4.456E+009 -6.071E+008
 6.990E+013  8.733E-010  4.453E+009 -6.018E+008
 7.010E+013  8.829E-010  4.450E+009 -5.967E+008
 7.030E+013  8.926E-010  4.447E+009 -5.919E+008
 7.050E+013  9.024E-010  4.443E+009 -5.871E+008
 7.070E+013  9.122E-010  4.439E+009 -5.824E+008
 7.090E+013  9.221E-010  4.435E+009 -5.778E+008
 7.110E+013  9.321E-010  4.432E+009 -5.732E+008
 7.130E+013  9.422E-010  4.428E+009 -5.685E+008
 7.150E+013  9.524E-010  4.425E+009 -5.639E+008
 7.170E+013  9.627E-010  4.422E+009 -5.592E+008
 7.190E+013  9.731E-010  4.419E+009 -5.544E+008
 7.210E+013  9.837E-010  4.416E+009 -5.496E+008
 7.230E+013  9.944E-010  4.413E+009 -5.448E+008
 7.250E+013  1.005E-009  4.411E+009 -5.399E+008
 7.270E+013  1.016E-009  4.409E+009 -5.350E+008
 7.290E+013  1.027E-009  4.407E+009 -5.300E+008
 7.310E+013  1.038E-009  4.405E+009 -5.251E+008
 7.330E+013  1.050E-009  4.403E+009 -5.201E+008
 7.350E+013  1.061E-009  4.401E+009 -5.151E+008
 7.370E+013  1.072E-009  4.400E+009 -5.101E+008
 7.390E+013  1.084E-009  4.398E+009 -5.052E+008
 7.410E+013  1.096E-009  4.396E+009 -5.002E+008
 7.430E+013  1.108E-009  4.395E+009 -4.953E+008
 7.450E+013  1.120E-009  4.393E+009 -4.903E+008
 7.470E+013  1.132E-009  4.392E+009 -4.854E+008
 7.490E+013  1.144E-009  4.390E+009 -4.806E+008
 7.510E+013  1.156E-009  4.389E+009 -4.757E+008
 7.530E+013  1.168E-009  4.387E+009 -4.709E+008
 7.550E+013  1.181E-009  4.386E+009 -4.661E+008
 7.570E+013  1.194E-009  4.384E+009 -4.613E+008
 7.590E+013  1.206E-009  4.382E+009 -4.566E+008
 7.610E+013  1.219E-009  4.381E+009 -4.519E+008
 7.630E+013  1.232E-009  4.379E+009 -4.472E+008
 7.650E+013  1.245E-009  4.377E+009 -4.425E+008
 7.670E+013  1.258E-009  4.376E+009 -4.379E+008
 7.690E+013  1.271E-009  4.374E+009 -4.332E+008
 7.710E+013  1.285E-009  4.372E+009 -4.286E+008
 7.730E+013  1.298E-009  4.371E+009 -4.240E+008
 7.750E+013  1.312E-009  4.369E+009 -4.195E+008
 7.770E+013  1.326E-009  4.367E+009 -4.149E+008
 7.790E+013  1.340E-009  4.366E+009 -4.104E+008
 7.810E+013  1.354E-009  4.364E+009 -4.059E+008
 7.830E+013  1.368E-009  4.363E+009 -4.013E+008
 7.850E+013  1.382E-009  4.361E+009 -3.968E+008
 7.870E+013  1.396E-009  4.360E+009 -3.923E+008
 7.890E+013  1.411E-009  4.358E+009 -3.879E+008
 7.910E+013  1.426E-009  4.357E+009 -3.834E+008
 7.930E+013  1.440E-009  4.356E+009 -3.789E+008
 7.950E+013  1.455E-009  4.354E+009 -3.745E+008
 7.970E+013  1.471E-009  4.353E+009 -3.701E+008
 7.990E+013  1.486E-009  4.352E+009 -3.656E+008
 8.010E+013  1.501E-009  4.350E+009 -3.612E+008
 8.030E+013  1.517E-009  4.349E+009 -3.568E+008
 8.050E+013  1.532E-009  4.348E+009 -3.524E+008
 8.070E+013  1.548E-009  4.347E+009 -3.481E+008
 8.090E+013  1.564E-009  4.346E+009 -3.437E+008
 8.110E+013  1.580E-009  4.344E+009 -3.394E+008
 8.130E+013  1.596E-009  4.343E+009 -3.351E+008
 8.150E+013  1.613E-009  4.342E+009 -3.308E+008
 8.170E+013  1.629E-009  4.341E+009 -3.265E+008
 8.190E+013  1.646E-009  4.340E+009 -3.222E+008
 8.210E+013  1.663E-009  4.339E+009 -3.179E+008
 8.230E+013  1.679E-009  4.338E+009 -3.137E+008
 8.250E+013  1.697E-009  4.337E+009 -3.095E+008
 8.270E+013  1.714E-009  4.336E+009 -3.053E+008
 8.290E+013  1.731E-009  4.335E+009 -3.011E+008
 8.310E+013  1.749E-009  4.334E+009 -2.969E+008
 8.330E+013  1.766E-009  4.332E+009 -2.928E+008
 8.350E+013  1.784E-009  4.331E+009 -2.887E+008
 8.370E+013  1.802E-009  4.330E+009 -2.845E+008
 8.390E+013  1.820E-009  4.329E+009 -2.805E+008
 8.410E+013  1.838E-009  4.328E+009 -2.764E+008
 8.430E+013  1.857E-009  4.327E+009 -2.723E+008
 8.450E+013  1.875E-009  4.326E+009 -2.683E+008
 8.470E+013  1.894E-009  4.325E+009 -2.643E+008
 8.490E+013  1.913E-009  4.324E+009 -2.603E+008
 8.510E+013  1.932E-009  4.323E+009 -2.563E+008
 8.530E+013  1.951E-009  4.322E+009 -2.523E+008
 8.550E+013  1.971E-009  4.320E+009 -2.484E+008
 8.570E+013  1.990E-009  4.319E+009 -2.444E+008
 8.590E+013  2.010E-009  4.318E+009 -2.405E+008
 8.610E+013  2.030E-009  4.317E+009 -2.366E+008
 8.630E+013  2.050E-009  4.316E+009 -2.327E+008
 8.650E+013  2.070E-009  4.315E+009 -2.289E+008
 8.670E+013  2.090E-009  4.314E+009 -2.250E+008
 8.690E+013  2.111E-009  4.313E+009 -2.212E+008
 8.710E+013  2.131E-009  4.312E+009 -2.174E+008
 8.730E+013  2.152E-009  4.311E+009 -2.136E+008
 8.750E+013  2.173E-009  4.310E+009 -2.098E+008
 8.770E+013  2.194E-009  4.309E+009 -2.060E+008
 8.790E+013  2.216E-009  4.308E+009 -2.023E+008
 8.810E+013  2.237E-009  4.307E+009 -1.985E+008
 8.830E+013  2.259E-009  4.305E+009 -1.948E+008
 8.850E+013  2.281E-009  4.304E+009 -1.911E+008
 8.870E+013  2.303E-009  4.303E+009 -1.874E+008
 8.890E+013  2.325E-009  4.302E+009 -1.837E+008
 8.910E+013  2.347E-009  4.301E+009 -1.801E+008
 8.930E+013  2.370E-009  4.300E+009 -1.764E+008
 8.950E+013  2.392E-009  4.299E+009 -1.728E+008
 8.970E+013  2.415E-009  4.298E+009 -1.692E+008
 8.990E+013  2.438E-009  4.297E+009 -1.656E+008
 9.010E+013  2.462E-009  4.296E+009 -1.620E+008
 9.030E+013  2.485E-009  4.295E+009 -1.585E+008
 9.050E+013  2.509E-009  4.294E+009 -1.549E+008
 9.070E+013  2.533E-009  4.293E+009 -1.514E+008
 9.090E+013  2.557E-009  4.292E+009 -1.479E+008
 9.110E+013  2.581E-009  4.291E+009 -1.444E+008
 9.130E+013  2.605E-009  4.290E+009 -1.409E+008
 9.150E+013  2.630E-009  4.289E+009 -1.374E+008
 9.170E+013  2.655E-009  4.288E+009 -1.339E+008
 9.190E+013  2.680E-009  4.287E+009 -1.305E+008
 9.210E+013  2.705E-009  4.286E+009 -1.270E+008
 9.230E+013  2.730E-009  4.285E+009 -1.236E+008
 9.250E+013  2.756E-009  4.284E+009 -1.202E+008
 9.270E+013  2.782E-009  4.284E+009 -1.168E+008
 9.290E+013  2.808E-009  4.283E+009 -1.134E+008
 9.310E+013  2.834E-009  4.282E+009 -1.101E+008
 9.330E+013  2.860E-009  4.281E+009 -1.067E+008
 9.350E+013  2.887E-009  4.280E+009 -1.034E+008
 9.370E+013  2.914E-009  4.279E+009 -1.001E+008
 9.390E+013  2.941E-009  4.278E+009 -9.674E+007
 9.410E+013  2.968E-009  4.278E+009 -9.344E+007
 9.430E+013  2.996E-009  4.277E+009 -9.015E+007
 9.450E+013  3.023E-009  4.276E+009 -8.687E+007
 9.470E+013  3.051E-009  4.275E+009 -8.360E+007
 9.490E+013  3.079E-009  4.275E+009 -8.035E+007
 9.510E+013  3.108E-009  4.274E+009 -7.711E+007
 9.530E+013  3.136E-009  4.273E+009 -7.388E+007
 9.550E+013  3.165E-009  4.273E+009 -7.067E+007
 9.570E+013  3.194E-009  4.272E+009 -6.746E+007
 9.590E+013  3.224E-009  4.271E+009 -6.427E+007
 9.610E+013  3.253E-009  4.271E+009 -6.109E+007
 9.630E+013  3.283E-009  4.270E+009 -5.793E+007
 9.650E+013  3.313E-009  4.270E+009 -5.477E+007
 9.670E+013  3.343E-009  4.269E+009 -5.163E+007
 9.690E+013  3.373E-009  4.269E+009 -4.849E+007
 9.710E+013  3.404E-009  4.268E+009 -4.538E+007
 9.730E+013  3.435E-009  4.268E+009 -4.227E+007
 9.750E+013  3.466E-009  4.267E+009 -3.917E+007
 9.770E+013  3.498E-009  4.267E+009 -3.609E+007
 9.790E+013  3.530E-009  4.267E+009 -3.302E+007
 9.810E+013  3.562E-009  4.266E+009 -2.996E+007
 9.830E+013  3.594E-009  4.266E+009 -2.691E+007
 9.850E+013  3.626E-009  4.266E+009 -2.387E+007
 9.870E+013  3.659E-009  4.266E+009 -2.085E+007
 9.890E+013  3.692E-009  4.265E+009 -1.783E+007
 9.910E+013  3.725E-009  4.265E+009 -1.483E+007
 9.930E+013  3.758E-009  4.265E+009 -1.184E+007
 9.950E+013  3.796E-009  4.265E+009 -8.864E+006
 9.970E+013  3.840E-009  4.265E+009 -5.897E+006
 9.990E+013  3.879E-009  4.265E+009 -2.943E+006
 1.001E+014  1.000E-099  1.000E-099 -0.000E+000
 1.003E+014  1.000E-099  1.000E-099 -0.000E+000
 2.283E-003
