 2.280E+005
     x1b        dens       energ       v1
 1.000E+011  9.865E-014  2.086E+008  0.000E+000
 3.000E+011  9.909E-014  2.086E+008 -3.622E+005
 5.000E+011  1.003E-013  2.086E+008 -7.335E+005
 7.000E+011  1.024E-013  2.086E+008 -1.100E+006
 9.000E+011  1.050E-013  2.086E+008 -1.470E+006
 1.100E+012  1.076E-013  2.086E+008 -1.841E+006
 1.300E+012  1.098E-013  2.086E+008 -2.215E+006
 1.500E+012  1.115E-013  2.086E+008 -2.592E+006
 1.700E+012  1.126E-013  2.085E+008 -2.972E+006
 1.900E+012  1.133E-013  2.085E+008 -3.357E+006
 2.100E+012  1.138E-013  2.085E+008 -3.747E+006
 2.300E+012  1.142E-013  2.085E+008 -4.143E+006
 2.500E+012  1.147E-013  2.085E+008 -4.546E+006
 2.700E+012  1.151E-013  2.085E+008 -4.955E+006
 2.900E+012  1.156E-013  2.085E+008 -5.372E+006
 3.100E+012  1.162E-013  2.085E+008 -5.797E+006
 3.300E+012  1.168E-013  2.085E+008 -6.232E+006
 3.500E+012  1.174E-013  2.085E+008 -6.677E+006
 3.700E+012  1.181E-013  2.085E+008 -7.132E+006
 3.900E+012  1.188E-013  2.085E+008 -7.600E+006
 4.100E+012  1.195E-013  2.085E+008 -8.079E+006
 4.300E+012  1.202E-013  2.085E+008 -8.572E+006
 4.500E+012  1.209E-013  2.085E+008 -9.079E+006
 4.700E+012  1.216E-013  2.085E+008 -9.601E+006
 4.900E+012  1.223E-013  2.085E+008 -1.014E+007
 5.100E+012  1.230E-013  2.085E+008 -1.069E+007
 5.300E+012  1.237E-013  2.085E+008 -1.126E+007
 5.500E+012  1.245E-013  2.085E+008 -1.185E+007
 5.700E+012  1.252E-013  2.085E+008 -1.246E+007
 5.900E+012  1.260E-013  2.085E+008 -1.309E+007
 6.100E+012  1.267E-013  2.084E+008 -1.373E+007
 6.300E+012  1.275E-013  2.084E+008 -1.440E+007
 6.500E+012  1.283E-013  2.084E+008 -1.508E+007
 6.700E+012  1.291E-013  2.084E+008 -1.579E+007
 6.900E+012  1.298E-013  2.084E+008 -1.652E+007
 7.100E+012  1.306E-013  2.084E+008 -1.727E+007
 7.300E+012  1.314E-013  2.084E+008 -1.805E+007
 7.500E+012  1.321E-013  2.084E+008 -1.885E+007
 7.700E+012  1.329E-013  2.084E+008 -1.967E+007
 7.900E+012  1.336E-013  2.084E+008 -2.051E+007
 8.100E+012  1.344E-013  2.084E+008 -2.138E+007
 8.300E+012  1.351E-013  2.083E+008 -2.228E+007
 8.500E+012  1.358E-013  2.083E+008 -2.320E+007
 8.700E+012  1.365E-013  2.083E+008 -2.414E+007
 8.900E+012  1.372E-013  2.083E+008 -2.511E+007
 9.100E+012  1.379E-013  2.083E+008 -2.611E+007
 9.300E+012  1.385E-013  2.083E+008 -2.713E+007
 9.500E+012  1.391E-013  2.083E+008 -2.818E+007
 9.700E+012  1.397E-013  2.083E+008 -2.925E+007
 9.900E+012  1.402E-013  2.082E+008 -3.035E+007
 1.010E+013  1.406E-013  2.082E+008 -3.148E+007
 1.030E+013  1.410E-013  2.082E+008 -3.263E+007
 1.050E+013  1.413E-013  2.082E+008 -3.382E+007
 1.070E+013  1.416E-013  2.082E+008 -3.502E+007
 1.090E+013  1.417E-013  2.082E+008 -3.626E+007
 1.110E+013  1.419E-013  2.082E+008 -3.752E+007
 1.130E+013  1.419E-013  2.082E+008 -3.881E+007
 1.150E+013  1.420E-013  2.081E+008 -4.013E+007
 1.170E+013  1.420E-013  2.081E+008 -4.147E+007
 1.190E+013  1.420E-013  2.081E+008 -4.284E+007
 1.210E+013  1.420E-013  2.081E+008 -4.424E+007
 1.230E+013  1.420E-013  2.081E+008 -4.566E+007
 1.250E+013  1.419E-013  2.081E+008 -4.710E+007
 1.270E+013  1.419E-013  2.081E+008 -4.857E+007
 1.290E+013  1.419E-013  2.081E+008 -5.006E+007
 1.310E+013  1.419E-013  2.080E+008 -5.158E+007
 1.330E+013  1.419E-013  2.080E+008 -5.312E+007
 1.350E+013  1.419E-013  2.080E+008 -5.468E+007
 1.370E+013  1.419E-013  2.080E+008 -5.627E+007
 1.390E+013  1.419E-013  2.080E+008 -5.787E+007
 1.410E+013  1.418E-013  2.080E+008 -5.950E+007
 1.430E+013  1.418E-013  2.080E+008 -6.115E+007
 1.450E+013  1.418E-013  2.079E+008 -6.281E+007
 1.470E+013  1.418E-013  2.079E+008 -6.450E+007
 1.490E+013  1.417E-013  2.079E+008 -6.620E+007
 1.510E+013  1.417E-013  2.079E+008 -6.793E+007
 1.530E+013  1.417E-013  2.079E+008 -6.966E+007
 1.550E+013  1.416E-013  2.079E+008 -7.142E+007
 1.570E+013  1.416E-013  2.079E+008 -7.319E+007
 1.590E+013  1.416E-013  2.079E+008 -7.498E+007
 1.610E+013  1.415E-013  2.078E+008 -7.678E+007
 1.630E+013  1.415E-013  2.078E+008 -7.860E+007
 1.650E+013  1.414E-013  2.078E+008 -8.043E+007
 1.670E+013  1.413E-013  2.078E+008 -8.228E+007
 1.690E+013  1.413E-013  2.078E+008 -8.414E+007
 1.710E+013  1.412E-013  2.078E+008 -8.601E+007
 1.730E+013  1.412E-013  2.078E+008 -8.789E+007
 1.750E+013  1.411E-013  2.077E+008 -8.979E+007
 1.770E+013  1.411E-013  2.077E+008 -9.170E+007
 1.790E+013  1.411E-013  2.077E+008 -9.362E+007
 1.810E+013  1.411E-013  2.077E+008 -9.555E+007
 1.830E+013  1.410E-013  2.077E+008 -9.749E+007
 1.850E+013  1.410E-013  2.077E+008 -9.944E+007
 1.870E+013  1.410E-013  2.077E+008 -1.014E+008
 1.890E+013  1.410E-013  2.077E+008 -1.034E+008
 1.910E+013  1.410E-013  2.076E+008 -1.054E+008
 1.930E+013  1.410E-013  2.076E+008 -1.073E+008
 1.950E+013  1.410E-013  2.076E+008 -1.093E+008
 1.970E+013  1.410E-013  2.076E+008 -1.113E+008
 1.990E+013  1.410E-013  2.076E+008 -1.134E+008
 2.010E+013  1.410E-013  2.076E+008 -1.154E+008
 2.030E+013  1.410E-013  2.076E+008 -1.174E+008
 2.050E+013  1.410E-013  2.076E+008 -1.194E+008
 2.070E+013  1.410E-013  2.075E+008 -1.215E+008
 2.090E+013  1.410E-013  2.075E+008 -1.235E+008
 2.110E+013  1.411E-013  2.075E+008 -1.256E+008
 2.130E+013  1.411E-013  2.075E+008 -1.276E+008
 2.150E+013  1.411E-013  2.075E+008 -1.297E+008
 2.170E+013  1.411E-013  2.075E+008 -1.317E+008
 2.190E+013  1.412E-013  2.075E+008 -1.338E+008
 2.210E+013  1.412E-013  2.075E+008 -1.359E+008
 2.230E+013  1.413E-013  2.075E+008 -1.380E+008
 2.250E+013  1.413E-013  2.075E+008 -1.400E+008
 2.270E+013  1.414E-013  2.074E+008 -1.421E+008
 2.290E+013  1.415E-013  2.074E+008 -1.442E+008
 2.310E+013  1.416E-013  2.074E+008 -1.463E+008
 2.330E+013  1.417E-013  2.074E+008 -1.484E+008
 2.350E+013  1.418E-013  2.074E+008 -1.505E+008
 2.370E+013  1.419E-013  2.074E+008 -1.526E+008
 2.390E+013  1.421E-013  2.074E+008 -1.547E+008
 2.410E+013  1.422E-013  2.074E+008 -1.568E+008
 2.430E+013  1.424E-013  2.074E+008 -1.588E+008
 2.450E+013  1.426E-013  2.074E+008 -1.609E+008
 2.470E+013  1.428E-013  2.073E+008 -1.630E+008
 2.490E+013  1.430E-013  2.073E+008 -1.651E+008
 2.510E+013  1.432E-013  2.073E+008 -1.672E+008
 2.530E+013  1.435E-013  2.073E+008 -1.693E+008
 2.550E+013  1.437E-013  2.073E+008 -1.714E+008
 2.570E+013  1.440E-013  2.073E+008 -1.735E+008
 2.590E+013  1.443E-013  2.073E+008 -1.756E+008
 2.610E+013  1.447E-013  2.073E+008 -1.776E+008
 2.630E+013  1.450E-013  2.073E+008 -1.797E+008
 2.650E+013  1.454E-013  2.073E+008 -1.818E+008
 2.670E+013  1.458E-013  2.073E+008 -1.839E+008
 2.690E+013  1.462E-013  2.073E+008 -1.859E+008
 2.710E+013  1.467E-013  2.072E+008 -1.880E+008
 2.730E+013  1.472E-013  2.072E+008 -1.901E+008
 2.750E+013  1.477E-013  2.072E+008 -1.921E+008
 2.770E+013  1.482E-013  2.072E+008 -1.942E+008
 2.790E+013  1.488E-013  2.072E+008 -1.962E+008
 2.810E+013  1.494E-013  2.072E+008 -1.983E+008
 2.830E+013  1.501E-013  2.072E+008 -2.003E+008
 2.850E+013  1.508E-013  2.072E+008 -2.023E+008
 2.870E+013  1.515E-013  2.072E+008 -2.044E+008
 2.890E+013  1.523E-013  2.072E+008 -2.064E+008
 2.910E+013  1.531E-013  2.072E+008 -2.084E+008
 2.930E+013  1.539E-013  2.072E+008 -2.104E+008
 2.950E+013  1.548E-013  2.072E+008 -2.124E+008
 2.970E+013  1.557E-013  2.072E+008 -2.144E+008
 2.990E+013  1.567E-013  2.072E+008 -2.164E+008
 3.010E+013  1.577E-013  2.071E+008 -2.184E+008
 3.030E+013  1.588E-013  2.071E+008 -2.204E+008
 3.050E+013  1.599E-013  2.071E+008 -2.224E+008
 3.070E+013  1.611E-013  2.071E+008 -2.243E+008
 3.090E+013  1.623E-013  2.071E+008 -2.263E+008
 3.110E+013  1.636E-013  2.071E+008 -2.282E+008
 3.130E+013  1.650E-013  2.071E+008 -2.302E+008
 3.150E+013  1.664E-013  2.071E+008 -2.321E+008
 3.170E+013  1.678E-013  2.071E+008 -2.341E+008
 3.190E+013  1.694E-013  2.071E+008 -2.360E+008
 3.210E+013  1.710E-013  2.071E+008 -2.379E+008
 3.230E+013  1.726E-013  2.071E+008 -2.398E+008
 3.250E+013  1.744E-013  2.071E+008 -2.417E+008
 3.270E+013  1.762E-013  2.071E+008 -2.436E+008
 3.290E+013  1.781E-013  2.071E+008 -2.455E+008
 3.310E+013  1.801E-013  2.071E+008 -2.474E+008
 3.330E+013  1.822E-013  2.071E+008 -2.492E+008
 3.350E+013  1.843E-013  2.071E+008 -2.511E+008
 3.370E+013  1.866E-013  2.071E+008 -2.530E+008
 3.390E+013  1.889E-013  2.071E+008 -2.548E+008
 3.410E+013  1.913E-013  2.070E+008 -2.566E+008
 3.430E+013  1.939E-013  2.070E+008 -2.585E+008
 3.450E+013  1.965E-013  2.070E+008 -2.603E+008
 3.470E+013  1.993E-013  2.070E+008 -2.621E+008
 3.490E+013  2.021E-013  2.070E+008 -2.639E+008
 3.510E+013  2.051E-013  2.070E+008 -2.657E+008
 3.530E+013  2.082E-013  2.070E+008 -2.675E+008
 3.550E+013  2.114E-013  2.070E+008 -2.692E+008
 3.570E+013  2.148E-013  2.070E+008 -2.710E+008
 3.590E+013  2.183E-013  2.070E+008 -2.727E+008
 3.610E+013  2.219E-013  2.070E+008 -2.745E+008
 3.630E+013  2.257E-013  2.070E+008 -2.762E+008
 3.650E+013  2.296E-013  2.070E+008 -2.779E+008
 3.670E+013  2.337E-013  2.070E+008 -2.796E+008
 3.690E+013  2.380E-013  2.070E+008 -2.813E+008
 3.710E+013  2.424E-013  2.070E+008 -2.830E+008
 3.730E+013  2.470E-013  2.070E+008 -2.847E+008
 3.750E+013  2.517E-013  2.070E+008 -2.864E+008
 3.770E+013  2.567E-013  2.070E+008 -2.881E+008
 3.790E+013  2.618E-013  2.070E+008 -2.897E+008
 3.810E+013  2.672E-013  2.070E+008 -2.913E+008
 3.830E+013  2.727E-013  2.070E+008 -2.930E+008
 3.850E+013  2.785E-013  2.070E+008 -2.946E+008
 3.870E+013  2.845E-013  2.070E+008 -2.962E+008
 3.890E+013  2.907E-013  2.070E+008 -2.978E+008
 3.910E+013  2.972E-013  2.070E+008 -2.994E+008
 3.930E+013  3.039E-013  2.070E+008 -3.009E+008
 3.950E+013  3.108E-013  2.070E+008 -3.025E+008
 3.970E+013  3.180E-013  2.070E+008 -3.040E+008
 3.990E+013  3.255E-013  2.070E+008 -3.056E+008
 4.010E+013  3.333E-013  2.069E+008 -3.071E+008
 4.030E+013  3.413E-013  2.069E+008 -3.086E+008
 4.050E+013  3.497E-013  2.069E+008 -3.101E+008
 4.070E+013  3.583E-013  2.069E+008 -3.116E+008
 4.090E+013  3.673E-013  2.069E+008 -3.131E+008
 4.110E+013  3.766E-013  2.069E+008 -3.145E+008
 4.130E+013  3.862E-013  2.069E+008 -3.160E+008
 4.150E+013  3.962E-013  2.069E+008 -3.174E+008
 4.170E+013  4.065E-013  2.069E+008 -3.188E+008
 4.190E+013  4.172E-013  2.069E+008 -3.202E+008
 4.210E+013  4.282E-013  2.069E+008 -3.216E+008
 4.230E+013  4.397E-013  2.069E+008 -3.230E+008
 4.250E+013  4.515E-013  2.069E+008 -3.243E+008
 4.270E+013  4.637E-013  2.069E+008 -3.257E+008
 4.290E+013  4.763E-013  2.069E+008 -3.270E+008
 4.310E+013  4.893E-013  2.069E+008 -3.283E+008
 4.330E+013  5.027E-013  2.069E+008 -3.296E+008
 4.350E+013  5.166E-013  2.069E+008 -3.309E+008
 4.370E+013  5.309E-013  2.069E+008 -3.321E+008
 4.390E+013  5.456E-013  2.069E+008 -3.333E+008
 4.410E+013  5.608E-013  2.069E+008 -3.345E+008
 4.430E+013  5.765E-013  2.069E+008 -3.357E+008
 4.450E+013  5.925E-013  2.069E+008 -3.369E+008
 4.470E+013  6.091E-013  2.069E+008 -3.380E+008
 4.490E+013  6.261E-013  2.069E+008 -3.391E+008
 4.510E+013  6.436E-013  2.069E+008 -3.402E+008
 4.530E+013  6.615E-013  2.069E+008 -3.412E+008
 4.550E+013  6.799E-013  2.069E+008 -3.422E+008
 4.570E+013  6.988E-013  2.069E+008 -3.431E+008
 4.590E+013  7.182E-013  2.069E+008 -3.440E+008
 4.610E+013  7.380E-013  2.069E+008 -3.449E+008
 4.630E+013  7.583E-013  2.069E+008 -3.457E+008
 4.650E+013  7.790E-013  2.069E+008 -3.464E+008
 4.670E+013  8.002E-013  2.069E+008 -3.471E+008
 4.690E+013  8.219E-013  2.069E+008 -3.477E+008
 4.710E+013  8.440E-013  2.069E+008 -3.482E+008
 4.730E+013  8.665E-013  2.069E+008 -3.487E+008
 4.750E+013  8.895E-013  2.069E+008 -3.490E+008
 4.770E+013  9.129E-013  2.069E+008 -3.493E+008
 4.790E+013  9.367E-013  2.069E+008 -3.494E+008
 4.810E+013  9.609E-013  2.069E+008 -3.494E+008
 4.830E+013  9.855E-013  2.068E+008 -3.493E+008
 4.850E+013  1.011E-012  2.068E+008 -3.491E+008
 4.870E+013  1.036E-012  2.068E+008 -3.487E+008
 4.890E+013  1.062E-012  2.068E+008 -3.482E+008
 4.910E+013  1.088E-012  2.067E+008 -3.475E+008
 4.930E+013  1.114E-012  2.067E+008 -3.466E+008
 4.950E+013  1.141E-012  2.067E+008 -3.456E+008
 4.970E+013  1.168E-012  2.066E+008 -3.444E+008
 4.990E+013  1.195E-012  2.066E+008 -3.430E+008
 5.010E+013  1.222E-012  2.065E+008 -3.414E+008
 5.030E+013  1.250E-012  2.064E+008 -3.396E+008
 5.050E+013  1.278E-012  2.064E+008 -3.377E+008
 5.070E+013  1.306E-012  2.063E+008 -3.356E+008
 5.090E+013  1.335E-012  2.062E+008 -3.333E+008
 5.110E+013  1.363E-012  2.061E+008 -3.309E+008
 5.130E+013  1.392E-012  2.060E+008 -3.283E+008
 5.150E+013  1.421E-012  2.059E+008 -3.256E+008
 5.170E+013  1.450E-012  2.058E+008 -3.228E+008
 5.190E+013  1.479E-012  2.057E+008 -3.199E+008
 5.210E+013  1.509E-012  2.056E+008 -3.168E+008
 5.230E+013  1.538E-012  2.055E+008 -3.138E+008
 5.250E+013  1.568E-012  2.054E+008 -3.107E+008
 5.270E+013  1.598E-012  2.053E+008 -3.075E+008
 5.290E+013  1.627E-012  2.052E+008 -3.044E+008
 5.310E+013  1.657E-012  2.050E+008 -3.013E+008
 5.330E+013  1.688E-012  2.049E+008 -2.983E+008
 5.350E+013  1.718E-012  2.048E+008 -2.954E+008
 5.370E+013  1.748E-012  2.047E+008 -2.925E+008
 5.390E+013  1.779E-012  2.046E+008 -2.898E+008
 5.410E+013  1.809E-012  2.044E+008 -2.873E+008
 5.430E+013  1.840E-012  2.043E+008 -2.849E+008
 5.450E+013  1.871E-012  2.042E+008 -2.826E+008
 5.470E+013  1.902E-012  2.041E+008 -2.806E+008
 5.490E+013  1.933E-012  2.040E+008 -2.787E+008
 5.510E+013  1.964E-012  2.039E+008 -2.770E+008
 5.530E+013  1.995E-012  2.038E+008 -2.755E+008
 5.550E+013  2.027E-012  2.037E+008 -2.740E+008
 5.570E+013  2.058E-012  2.036E+008 -2.727E+008
 5.590E+013  2.090E-012  2.035E+008 -2.715E+008
 5.610E+013  2.122E-012  2.034E+008 -2.704E+008
 5.630E+013  2.154E-012  2.032E+008 -2.693E+008
 5.650E+013  2.186E-012  2.031E+008 -2.682E+008
 5.670E+013  2.218E-012  2.030E+008 -2.671E+008
 5.690E+013  2.250E-012  2.029E+008 -2.659E+008
 5.710E+013  2.282E-012  2.027E+008 -2.648E+008
 5.730E+013  2.315E-012  2.026E+008 -2.636E+008
 5.750E+013  2.348E-012  2.025E+008 -2.623E+008
 5.770E+013  2.380E-012  2.023E+008 -2.611E+008
 5.790E+013  2.413E-012  2.021E+008 -2.598E+008
 5.810E+013  2.447E-012  2.020E+008 -2.586E+008
 5.830E+013  2.480E-012  2.018E+008 -2.574E+008
 5.850E+013  2.513E-012  2.016E+008 -2.564E+008
 5.870E+013  2.547E-012  2.015E+008 -2.554E+008
 5.890E+013  2.581E-012  2.013E+008 -2.546E+008
 5.910E+013  2.615E-012  2.011E+008 -2.539E+008
 5.930E+013  2.650E-012  2.010E+008 -2.534E+008
 5.950E+013  2.684E-012  2.008E+008 -2.530E+008
 5.970E+013  2.719E-012  2.006E+008 -2.528E+008
 5.990E+013  2.755E-012  2.004E+008 -2.527E+008
 6.010E+013  2.790E-012  2.003E+008 -2.528E+008
 6.030E+013  2.826E-012  2.001E+008 -2.529E+008
 6.050E+013  2.862E-012  1.999E+008 -2.530E+008
 6.070E+013  2.898E-012  1.997E+008 -2.532E+008
 6.090E+013  2.935E-012  1.995E+008 -2.534E+008
 6.110E+013  2.972E-012  1.993E+008 -2.535E+008
 6.130E+013  3.009E-012  1.991E+008 -2.537E+008
 6.150E+013  3.046E-012  1.988E+008 -2.538E+008
 6.170E+013  3.084E-012  1.986E+008 -2.540E+008
 6.190E+013  3.122E-012  1.984E+008 -2.543E+008
 6.210E+013  3.161E-012  1.982E+008 -2.546E+008
 6.230E+013  3.200E-012  1.979E+008 -2.550E+008
 6.250E+013  3.239E-012  1.977E+008 -2.555E+008
 6.270E+013  3.279E-012  1.975E+008 -2.561E+008
 6.290E+013  3.319E-012  1.973E+008 -2.568E+008
 6.310E+013  3.360E-012  1.970E+008 -2.575E+008
 6.330E+013  3.401E-012  1.968E+008 -2.583E+008
 6.350E+013  3.442E-012  1.966E+008 -2.592E+008
 6.370E+013  3.484E-012  1.963E+008 -2.600E+008
 6.390E+013  3.526E-012  1.961E+008 -2.609E+008
 6.410E+013  3.569E-012  1.958E+008 -2.616E+008
 6.430E+013  3.612E-012  1.956E+008 -2.624E+008
 6.450E+013  3.656E-012  1.953E+008 -2.631E+008
 6.470E+013  3.700E-012  1.951E+008 -2.639E+008
 6.490E+013  3.745E-012  1.948E+008 -2.646E+008
 6.510E+013  3.790E-012  1.945E+008 -2.654E+008
 6.530E+013  3.836E-012  1.943E+008 -2.662E+008
 6.550E+013  3.882E-012  1.940E+008 -2.670E+008
 6.570E+013  3.929E-012  1.938E+008 -2.679E+008
 6.590E+013  3.977E-012  1.935E+008 -2.687E+008
 6.610E+013  4.025E-012  1.933E+008 -2.695E+008
 6.630E+013  4.073E-012  1.930E+008 -2.703E+008
 6.650E+013  4.123E-012  1.927E+008 -2.710E+008
 6.670E+013  4.172E-012  1.925E+008 -2.716E+008
 6.690E+013  4.223E-012  1.922E+008 -2.722E+008
 6.710E+013  4.273E-012  1.920E+008 -2.728E+008
 6.730E+013  4.325E-012  1.917E+008 -2.733E+008
 6.750E+013  4.377E-012  1.914E+008 -2.738E+008
 6.770E+013  4.430E-012  1.912E+008 -2.742E+008
 6.790E+013  4.483E-012  1.909E+008 -2.747E+008
 6.810E+013  4.538E-012  1.907E+008 -2.751E+008
 6.830E+013  4.592E-012  1.904E+008 -2.755E+008
 6.850E+013  4.648E-012  1.902E+008 -2.758E+008
 6.870E+013  4.704E-012  1.899E+008 -2.760E+008
 6.890E+013  4.760E-012  1.897E+008 -2.761E+008
 6.910E+013  4.818E-012  1.894E+008 -2.761E+008
 6.930E+013  4.876E-012  1.892E+008 -2.761E+008
 6.950E+013  4.934E-012  1.889E+008 -2.761E+008
 6.970E+013  4.994E-012  1.887E+008 -2.760E+008
 6.990E+013  5.054E-012  1.884E+008 -2.758E+008
 7.010E+013  5.115E-012  1.882E+008 -2.756E+008
 7.030E+013  5.176E-012  1.880E+008 -2.754E+008
 7.050E+013  5.238E-012  1.877E+008 -2.750E+008
 7.070E+013  5.301E-012  1.875E+008 -2.746E+008
 7.090E+013  5.365E-012  1.873E+008 -2.741E+008
 7.110E+013  5.429E-012  1.871E+008 -2.735E+008
 7.130E+013  5.494E-012  1.868E+008 -2.729E+008
 7.150E+013  5.559E-012  1.866E+008 -2.722E+008
 7.170E+013  5.626E-012  1.864E+008 -2.715E+008
 7.190E+013  5.693E-012  1.862E+008 -2.707E+008
 7.210E+013  5.760E-012  1.860E+008 -2.698E+008
 7.230E+013  5.829E-012  1.857E+008 -2.689E+008
 7.250E+013  5.898E-012  1.855E+008 -2.679E+008
 7.270E+013  5.967E-012  1.853E+008 -2.668E+008
 7.290E+013  6.038E-012  1.851E+008 -2.657E+008
 7.310E+013  6.109E-012  1.849E+008 -2.645E+008
 7.330E+013  6.181E-012  1.847E+008 -2.633E+008
 7.350E+013  6.253E-012  1.845E+008 -2.620E+008
 7.370E+013  6.326E-012  1.843E+008 -2.607E+008
 7.390E+013  6.400E-012  1.841E+008 -2.593E+008
 7.410E+013  6.474E-012  1.839E+008 -2.578E+008
 7.430E+013  6.549E-012  1.838E+008 -2.563E+008
 7.450E+013  6.625E-012  1.836E+008 -2.548E+008
 7.470E+013  6.701E-012  1.834E+008 -2.532E+008
 7.490E+013  6.778E-012  1.832E+008 -2.515E+008
 7.510E+013  6.856E-012  1.830E+008 -2.499E+008
 7.530E+013  6.934E-012  1.829E+008 -2.481E+008
 7.550E+013  7.013E-012  1.827E+008 -2.463E+008
 7.570E+013  7.093E-012  1.825E+008 -2.445E+008
 7.590E+013  7.173E-012  1.823E+008 -2.426E+008
 7.610E+013  7.253E-012  1.822E+008 -2.407E+008
 7.630E+013  7.335E-012  1.820E+008 -2.388E+008
 7.650E+013  7.417E-012  1.818E+008 -2.369E+008
 7.670E+013  7.499E-012  1.817E+008 -2.349E+008
 7.690E+013  7.583E-012  1.815E+008 -2.328E+008
 7.710E+013  7.666E-012  1.814E+008 -2.307E+008
 7.730E+013  7.751E-012  1.812E+008 -2.286E+008
 7.750E+013  7.836E-012  1.810E+008 -2.265E+008
 7.770E+013  7.921E-012  1.809E+008 -2.243E+008
 7.790E+013  8.008E-012  1.807E+008 -2.221E+008
 7.810E+013  8.094E-012  1.806E+008 -2.199E+008
 7.830E+013  8.182E-012  1.804E+008 -2.177E+008
 7.850E+013  8.270E-012  1.803E+008 -2.154E+008
 7.870E+013  8.358E-012  1.801E+008 -2.131E+008
 7.890E+013  8.448E-012  1.800E+008 -2.107E+008
 7.910E+013  8.538E-012  1.799E+008 -2.083E+008
 7.930E+013  8.628E-012  1.797E+008 -2.059E+008
 7.950E+013  8.719E-012  1.796E+008 -2.035E+008
 7.970E+013  8.811E-012  1.794E+008 -2.010E+008
 7.990E+013  8.903E-012  1.793E+008 -1.986E+008
 8.010E+013  8.996E-012  1.792E+008 -1.961E+008
 8.030E+013  9.090E-012  1.791E+008 -1.936E+008
 8.050E+013  9.184E-012  1.789E+008 -1.910E+008
 8.070E+013  9.279E-012  1.788E+008 -1.885E+008
 8.090E+013  9.375E-012  1.787E+008 -1.860E+008
 8.110E+013  9.471E-012  1.785E+008 -1.834E+008
 8.130E+013  9.568E-012  1.784E+008 -1.809E+008
 8.150E+013  9.666E-012  1.783E+008 -1.783E+008
 8.170E+013  9.764E-012  1.782E+008 -1.758E+008
 8.190E+013  9.863E-012  1.780E+008 -1.732E+008
 8.210E+013  9.963E-012  1.779E+008 -1.706E+008
 8.230E+013  1.006E-011  1.778E+008 -1.680E+008
 8.250E+013  1.016E-011  1.777E+008 -1.653E+008
 8.270E+013  1.027E-011  1.776E+008 -1.627E+008
 8.290E+013  1.037E-011  1.775E+008 -1.600E+008
 8.310E+013  1.047E-011  1.774E+008 -1.572E+008
 8.330E+013  1.058E-011  1.773E+008 -1.545E+008
 8.350E+013  1.068E-011  1.772E+008 -1.517E+008
 8.370E+013  1.079E-011  1.770E+008 -1.489E+008
 8.390E+013  1.090E-011  1.769E+008 -1.461E+008
 8.410E+013  1.100E-011  1.769E+008 -1.432E+008
 8.430E+013  1.111E-011  1.768E+008 -1.404E+008
 8.450E+013  1.122E-011  1.767E+008 -1.376E+008
 8.470E+013  1.133E-011  1.765E+008 -1.348E+008
 8.490E+013  1.144E-011  1.764E+008 -1.321E+008
 8.510E+013  1.156E-011  1.763E+008 -1.293E+008
 8.530E+013  1.167E-011  1.762E+008 -1.266E+008
 8.550E+013  1.178E-011  1.761E+008 -1.239E+008
 8.570E+013  1.190E-011  1.760E+008 -1.212E+008
 8.590E+013  1.201E-011  1.759E+008 -1.185E+008
 8.610E+013  1.213E-011  1.758E+008 -1.158E+008
 8.630E+013  1.225E-011  1.757E+008 -1.130E+008
 8.650E+013  1.237E-011  1.756E+008 -1.101E+008
 8.670E+013  1.249E-011  1.755E+008 -1.072E+008
 8.690E+013  1.261E-011  1.754E+008 -1.042E+008
 8.710E+013  1.273E-011  1.753E+008 -1.011E+008
 8.730E+013  1.285E-011  1.753E+008 -9.792E+007
 8.750E+013  1.298E-011  1.752E+008 -9.464E+007
 8.770E+013  1.311E-011  1.751E+008 -9.129E+007
 8.790E+013  1.323E-011  1.751E+008 -8.790E+007
 8.810E+013  1.336E-011  1.750E+008 -8.447E+007
 8.830E+013  1.349E-011  1.749E+008 -8.105E+007
 8.850E+013  1.362E-011  1.748E+008 -7.765E+007
 8.870E+013  1.376E-011  1.748E+008 -7.430E+007
 8.890E+013  1.389E-011  1.747E+008 -7.102E+007
 8.910E+013  1.402E-011  1.746E+008 -6.782E+007
 8.930E+013  1.415E-011  1.744E+008 -6.471E+007
 8.950E+013  1.429E-011  1.743E+008 -6.169E+007
 8.970E+013  1.442E-011  1.742E+008 -5.876E+007
 8.990E+013  1.456E-011  1.741E+008 -5.589E+007
 9.010E+013  1.470E-011  1.739E+008 -5.309E+007
 9.030E+013  1.484E-011  1.738E+008 -5.033E+007
 9.050E+013  1.498E-011  1.737E+008 -4.759E+007
 9.070E+013  1.512E-011  1.735E+008 -4.487E+007
 9.090E+013  1.526E-011  1.734E+008 -4.213E+007
 9.110E+013  1.540E-011  1.732E+008 -3.937E+007
 9.130E+013  1.555E-011  1.731E+008 -3.658E+007
 9.150E+013  1.569E-011  1.730E+008 -3.375E+007
 9.170E+013  1.584E-011  1.729E+008 -3.086E+007
 9.190E+013  1.599E-011  1.728E+008 -2.793E+007
 9.210E+013  1.615E-011  1.727E+008 -2.495E+007
 9.230E+013  1.630E-011  1.727E+008 -2.193E+007
 9.250E+013  1.646E-011  1.726E+008 -1.889E+007
 9.270E+013  1.662E-011  1.726E+008 -1.583E+007
 9.290E+013  1.678E-011  1.725E+008 -1.278E+007
 9.310E+013  1.694E-011  1.725E+008 -9.785E+006
 9.330E+013  1.710E-011  1.725E+008 -6.890E+006
 9.350E+013  1.727E-011  1.725E+008 -4.144E+006
 9.370E+013  1.744E-011  1.725E+008 -1.576E+006
 9.390E+013  1.761E-011  1.725E+008  8.111E+005
 9.410E+013  1.778E-011  1.725E+008  3.011E+006
 9.430E+013  1.796E-011  1.726E+008  5.000E+006
 9.450E+013  1.814E-011  1.726E+008  6.745E+006
 9.470E+013  1.832E-011  1.726E+008  8.229E+006
 9.490E+013  1.850E-011  1.727E+008  9.479E+006
 9.510E+013  1.868E-011  1.727E+008  1.060E+007
 9.530E+013  1.886E-011  1.727E+008  1.175E+007
 9.550E+013  1.904E-011  1.727E+008  1.312E+007
 9.570E+013  1.922E-011  1.726E+008  1.482E+007
 9.590E+013  1.940E-011  1.725E+008  1.684E+007
 9.610E+013  1.957E-011  1.723E+008  1.903E+007
 9.630E+013  1.975E-011  1.722E+008  2.125E+007
 9.650E+013  1.993E-011  1.721E+008  2.335E+007
 9.670E+013  2.012E-011  1.719E+008  2.520E+007
 9.690E+013  2.030E-011  1.718E+008  2.646E+007
 9.710E+013  2.048E-011  1.717E+008  2.679E+007
 9.730E+013  2.067E-011  1.716E+008  2.601E+007
 9.750E+013  2.086E-011  1.715E+008  2.413E+007
 9.770E+013  2.106E-011  1.714E+008  2.116E+007
 9.790E+013  2.125E-011  1.714E+008  1.733E+007
 9.810E+013  2.145E-011  1.713E+008  1.299E+007
 9.830E+013  2.165E-011  1.713E+008  8.487E+006
 9.850E+013  2.186E-011  1.713E+008  4.201E+006
 9.870E+013  2.207E-011  1.713E+008  4.206E+005
 9.890E+013  2.228E-011  1.714E+008 -2.647E+006
 9.910E+013  2.248E-011  1.713E+008 -4.613E+006
 9.930E+013  2.268E-011  1.712E+008 -4.870E+006
 9.950E+013  2.288E-011  1.710E+008 -3.438E+006
 9.970E+013  2.311E-011  1.710E+008 -2.037E+006
 9.990E+013  2.342E-011  1.710E+008 -1.154E+006
 1.001E+014  1.000E-099  1.000E-099 -0.000E+000
 1.003E+014  1.000E-099  1.000E-099 -0.000E+000
 7.230E-003
