 2.160E+005
     x1b        dens       energ       v1
 1.000E+011  8.826E-014  1.733E+008  0.000E+000
 3.000E+011  8.860E-014  1.733E+008 -4.393E+006
 5.000E+011  8.961E-014  1.733E+008 -8.767E+006
 7.000E+011  9.131E-014  1.733E+008 -1.314E+007
 9.000E+011  9.350E-014  1.733E+008 -1.748E+007
 1.100E+012  9.580E-014  1.733E+008 -2.181E+007
 1.300E+012  9.784E-014  1.733E+008 -2.611E+007
 1.500E+012  9.941E-014  1.733E+008 -3.041E+007
 1.700E+012  1.005E-013  1.733E+008 -3.469E+007
 1.900E+012  1.012E-013  1.733E+008 -3.897E+007
 2.100E+012  1.017E-013  1.733E+008 -4.325E+007
 2.300E+012  1.021E-013  1.733E+008 -4.751E+007
 2.500E+012  1.024E-013  1.733E+008 -5.177E+007
 2.700E+012  1.028E-013  1.733E+008 -5.601E+007
 2.900E+012  1.032E-013  1.733E+008 -6.023E+007
 3.100E+012  1.037E-013  1.733E+008 -6.444E+007
 3.300E+012  1.042E-013  1.733E+008 -6.862E+007
 3.500E+012  1.047E-013  1.733E+008 -7.278E+007
 3.700E+012  1.053E-013  1.733E+008 -7.692E+007
 3.900E+012  1.059E-013  1.733E+008 -8.104E+007
 4.100E+012  1.065E-013  1.733E+008 -8.512E+007
 4.300E+012  1.071E-013  1.733E+008 -8.918E+007
 4.500E+012  1.077E-013  1.733E+008 -9.320E+007
 4.700E+012  1.083E-013  1.733E+008 -9.719E+007
 4.900E+012  1.089E-013  1.733E+008 -1.011E+008
 5.100E+012  1.095E-013  1.733E+008 -1.051E+008
 5.300E+012  1.101E-013  1.733E+008 -1.090E+008
 5.500E+012  1.108E-013  1.733E+008 -1.128E+008
 5.700E+012  1.114E-013  1.733E+008 -1.166E+008
 5.900E+012  1.120E-013  1.733E+008 -1.204E+008
 6.100E+012  1.127E-013  1.733E+008 -1.241E+008
 6.300E+012  1.134E-013  1.734E+008 -1.279E+008
 6.500E+012  1.140E-013  1.734E+008 -1.315E+008
 6.700E+012  1.147E-013  1.734E+008 -1.351E+008
 6.900E+012  1.154E-013  1.734E+008 -1.387E+008
 7.100E+012  1.161E-013  1.734E+008 -1.422E+008
 7.300E+012  1.167E-013  1.734E+008 -1.457E+008
 7.500E+012  1.174E-013  1.734E+008 -1.492E+008
 7.700E+012  1.181E-013  1.734E+008 -1.526E+008
 7.900E+012  1.187E-013  1.734E+008 -1.559E+008
 8.100E+012  1.194E-013  1.734E+008 -1.592E+008
 8.300E+012  1.200E-013  1.734E+008 -1.625E+008
 8.500E+012  1.207E-013  1.734E+008 -1.656E+008
 8.700E+012  1.213E-013  1.734E+008 -1.688E+008
 8.900E+012  1.219E-013  1.735E+008 -1.719E+008
 9.100E+012  1.226E-013  1.735E+008 -1.749E+008
 9.300E+012  1.231E-013  1.735E+008 -1.778E+008
 9.500E+012  1.237E-013  1.735E+008 -1.808E+008
 9.700E+012  1.243E-013  1.735E+008 -1.836E+008
 9.900E+012  1.248E-013  1.735E+008 -1.864E+008
 1.010E+013  1.253E-013  1.735E+008 -1.891E+008
 1.030E+013  1.257E-013  1.735E+008 -1.917E+008
 1.050E+013  1.261E-013  1.735E+008 -1.943E+008
 1.070E+013  1.264E-013  1.735E+008 -1.969E+008
 1.090E+013  1.267E-013  1.736E+008 -1.993E+008
 1.110E+013  1.269E-013  1.736E+008 -2.017E+008
 1.130E+013  1.271E-013  1.736E+008 -2.040E+008
 1.150E+013  1.272E-013  1.736E+008 -2.063E+008
 1.170E+013  1.273E-013  1.736E+008 -2.085E+008
 1.190E+013  1.273E-013  1.736E+008 -2.106E+008
 1.210E+013  1.273E-013  1.736E+008 -2.127E+008
 1.230E+013  1.273E-013  1.736E+008 -2.146E+008
 1.250E+013  1.273E-013  1.736E+008 -2.166E+008
 1.270E+013  1.273E-013  1.736E+008 -2.184E+008
 1.290E+013  1.274E-013  1.737E+008 -2.202E+008
 1.310E+013  1.274E-013  1.737E+008 -2.219E+008
 1.330E+013  1.274E-013  1.737E+008 -2.236E+008
 1.350E+013  1.274E-013  1.737E+008 -2.251E+008
 1.370E+013  1.274E-013  1.737E+008 -2.266E+008
 1.390E+013  1.274E-013  1.737E+008 -2.281E+008
 1.410E+013  1.273E-013  1.737E+008 -2.294E+008
 1.430E+013  1.273E-013  1.737E+008 -2.307E+008
 1.450E+013  1.273E-013  1.737E+008 -2.319E+008
 1.470E+013  1.273E-013  1.737E+008 -2.331E+008
 1.490E+013  1.273E-013  1.737E+008 -2.342E+008
 1.510E+013  1.273E-013  1.738E+008 -2.352E+008
 1.530E+013  1.273E-013  1.738E+008 -2.361E+008
 1.550E+013  1.273E-013  1.738E+008 -2.369E+008
 1.570E+013  1.273E-013  1.738E+008 -2.377E+008
 1.590E+013  1.272E-013  1.738E+008 -2.384E+008
 1.610E+013  1.272E-013  1.738E+008 -2.390E+008
 1.630E+013  1.272E-013  1.738E+008 -2.396E+008
 1.650E+013  1.271E-013  1.738E+008 -2.400E+008
 1.670E+013  1.271E-013  1.738E+008 -2.404E+008
 1.690E+013  1.271E-013  1.738E+008 -2.407E+008
 1.710E+013  1.270E-013  1.738E+008 -2.409E+008
 1.730E+013  1.270E-013  1.738E+008 -2.411E+008
 1.750E+013  1.270E-013  1.738E+008 -2.412E+008
 1.770E+013  1.269E-013  1.738E+008 -2.412E+008
 1.790E+013  1.269E-013  1.738E+008 -2.411E+008
 1.810E+013  1.268E-013  1.739E+008 -2.410E+008
 1.830E+013  1.268E-013  1.739E+008 -2.407E+008
 1.850E+013  1.268E-013  1.739E+008 -2.405E+008
 1.870E+013  1.268E-013  1.739E+008 -2.401E+008
 1.890E+013  1.268E-013  1.739E+008 -2.397E+008
 1.910E+013  1.268E-013  1.739E+008 -2.392E+008
 1.930E+013  1.268E-013  1.739E+008 -2.386E+008
 1.950E+013  1.268E-013  1.739E+008 -2.380E+008
 1.970E+013  1.268E-013  1.739E+008 -2.373E+008
 1.990E+013  1.268E-013  1.739E+008 -2.366E+008
 2.010E+013  1.268E-013  1.739E+008 -2.358E+008
 2.030E+013  1.268E-013  1.739E+008 -2.349E+008
 2.050E+013  1.268E-013  1.739E+008 -2.340E+008
 2.070E+013  1.268E-013  1.739E+008 -2.331E+008
 2.090E+013  1.268E-013  1.739E+008 -2.321E+008
 2.110E+013  1.268E-013  1.739E+008 -2.311E+008
 2.130E+013  1.268E-013  1.739E+008 -2.300E+008
 2.150E+013  1.268E-013  1.739E+008 -2.288E+008
 2.170E+013  1.268E-013  1.739E+008 -2.277E+008
 2.190E+013  1.269E-013  1.739E+008 -2.265E+008
 2.210E+013  1.269E-013  1.739E+008 -2.252E+008
 2.230E+013  1.269E-013  1.739E+008 -2.240E+008
 2.250E+013  1.270E-013  1.739E+008 -2.227E+008
 2.270E+013  1.270E-013  1.739E+008 -2.213E+008
 2.290E+013  1.270E-013  1.739E+008 -2.200E+008
 2.310E+013  1.271E-013  1.739E+008 -2.186E+008
 2.330E+013  1.271E-013  1.739E+008 -2.172E+008
 2.350E+013  1.272E-013  1.739E+008 -2.158E+008
 2.370E+013  1.273E-013  1.739E+008 -2.144E+008
 2.390E+013  1.274E-013  1.739E+008 -2.129E+008
 2.410E+013  1.274E-013  1.739E+008 -2.115E+008
 2.430E+013  1.275E-013  1.739E+008 -2.100E+008
 2.450E+013  1.277E-013  1.739E+008 -2.085E+008
 2.470E+013  1.278E-013  1.739E+008 -2.070E+008
 2.490E+013  1.279E-013  1.739E+008 -2.055E+008
 2.510E+013  1.280E-013  1.739E+008 -2.040E+008
 2.530E+013  1.282E-013  1.739E+008 -2.025E+008
 2.550E+013  1.284E-013  1.739E+008 -2.010E+008
 2.570E+013  1.286E-013  1.739E+008 -1.995E+008
 2.590E+013  1.287E-013  1.739E+008 -1.979E+008
 2.610E+013  1.290E-013  1.739E+008 -1.964E+008
 2.630E+013  1.292E-013  1.739E+008 -1.948E+008
 2.650E+013  1.294E-013  1.739E+008 -1.933E+008
 2.670E+013  1.297E-013  1.739E+008 -1.917E+008
 2.690E+013  1.300E-013  1.739E+008 -1.902E+008
 2.710E+013  1.303E-013  1.739E+008 -1.886E+008
 2.730E+013  1.306E-013  1.739E+008 -1.871E+008
 2.750E+013  1.309E-013  1.739E+008 -1.855E+008
 2.770E+013  1.313E-013  1.739E+008 -1.839E+008
 2.790E+013  1.317E-013  1.739E+008 -1.823E+008
 2.810E+013  1.321E-013  1.739E+008 -1.808E+008
 2.830E+013  1.325E-013  1.739E+008 -1.792E+008
 2.850E+013  1.330E-013  1.739E+008 -1.776E+008
 2.870E+013  1.335E-013  1.739E+008 -1.760E+008
 2.890E+013  1.340E-013  1.739E+008 -1.744E+008
 2.910E+013  1.345E-013  1.739E+008 -1.728E+008
 2.930E+013  1.351E-013  1.739E+008 -1.712E+008
 2.950E+013  1.357E-013  1.739E+008 -1.696E+008
 2.970E+013  1.363E-013  1.739E+008 -1.680E+008
 2.990E+013  1.369E-013  1.739E+008 -1.664E+008
 3.010E+013  1.376E-013  1.739E+008 -1.648E+008
 3.030E+013  1.384E-013  1.739E+008 -1.631E+008
 3.050E+013  1.391E-013  1.739E+008 -1.615E+008
 3.070E+013  1.399E-013  1.739E+008 -1.599E+008
 3.090E+013  1.408E-013  1.739E+008 -1.582E+008
 3.110E+013  1.416E-013  1.739E+008 -1.566E+008
 3.130E+013  1.426E-013  1.740E+008 -1.550E+008
 3.150E+013  1.435E-013  1.740E+008 -1.533E+008
 3.170E+013  1.445E-013  1.740E+008 -1.517E+008
 3.190E+013  1.456E-013  1.740E+008 -1.500E+008
 3.210E+013  1.467E-013  1.740E+008 -1.483E+008
 3.230E+013  1.478E-013  1.740E+008 -1.467E+008
 3.250E+013  1.490E-013  1.740E+008 -1.450E+008
 3.270E+013  1.503E-013  1.740E+008 -1.433E+008
 3.290E+013  1.516E-013  1.740E+008 -1.417E+008
 3.310E+013  1.529E-013  1.740E+008 -1.400E+008
 3.330E+013  1.543E-013  1.740E+008 -1.383E+008
 3.350E+013  1.558E-013  1.740E+008 -1.366E+008
 3.370E+013  1.574E-013  1.740E+008 -1.349E+008
 3.390E+013  1.590E-013  1.740E+008 -1.332E+008
 3.410E+013  1.606E-013  1.740E+008 -1.315E+008
 3.430E+013  1.624E-013  1.740E+008 -1.298E+008
 3.450E+013  1.642E-013  1.740E+008 -1.281E+008
 3.470E+013  1.661E-013  1.740E+008 -1.264E+008
 3.490E+013  1.680E-013  1.740E+008 -1.247E+008
 3.510E+013  1.701E-013  1.740E+008 -1.229E+008
 3.530E+013  1.722E-013  1.740E+008 -1.212E+008
 3.550E+013  1.744E-013  1.740E+008 -1.194E+008
 3.570E+013  1.767E-013  1.741E+008 -1.177E+008
 3.590E+013  1.791E-013  1.741E+008 -1.159E+008
 3.610E+013  1.815E-013  1.741E+008 -1.141E+008
 3.630E+013  1.841E-013  1.741E+008 -1.123E+008
 3.650E+013  1.868E-013  1.741E+008 -1.105E+008
 3.670E+013  1.896E-013  1.741E+008 -1.087E+008
 3.690E+013  1.925E-013  1.741E+008 -1.068E+008
 3.710E+013  1.955E-013  1.741E+008 -1.050E+008
 3.730E+013  1.986E-013  1.741E+008 -1.031E+008
 3.750E+013  2.018E-013  1.741E+008 -1.012E+008
 3.770E+013  2.052E-013  1.741E+008 -9.933E+007
 3.790E+013  2.087E-013  1.741E+008 -9.740E+007
 3.810E+013  2.123E-013  1.741E+008 -9.546E+007
 3.830E+013  2.161E-013  1.741E+008 -9.349E+007
 3.850E+013  2.200E-013  1.741E+008 -9.150E+007
 3.870E+013  2.241E-013  1.741E+008 -8.948E+007
 3.890E+013  2.283E-013  1.742E+008 -8.745E+007
 3.910E+013  2.326E-013  1.742E+008 -8.539E+007
 3.930E+013  2.372E-013  1.742E+008 -8.330E+007
 3.950E+013  2.419E-013  1.742E+008 -8.119E+007
 3.970E+013  2.468E-013  1.742E+008 -7.905E+007
 3.990E+013  2.518E-013  1.742E+008 -7.689E+007
 4.010E+013  2.571E-013  1.742E+008 -7.470E+007
 4.030E+013  2.625E-013  1.742E+008 -7.248E+007
 4.050E+013  2.682E-013  1.742E+008 -7.023E+007
 4.070E+013  2.740E-013  1.742E+008 -6.796E+007
 4.090E+013  2.801E-013  1.742E+008 -6.565E+007
 4.110E+013  2.864E-013  1.742E+008 -6.332E+007
 4.130E+013  2.929E-013  1.742E+008 -6.096E+007
 4.150E+013  2.997E-013  1.742E+008 -5.856E+007
 4.170E+013  3.067E-013  1.742E+008 -5.614E+007
 4.190E+013  3.139E-013  1.743E+008 -5.368E+007
 4.210E+013  3.214E-013  1.743E+008 -5.119E+007
 4.230E+013  3.292E-013  1.743E+008 -4.867E+007
 4.250E+013  3.372E-013  1.743E+008 -4.611E+007
 4.270E+013  3.455E-013  1.743E+008 -4.352E+007
 4.290E+013  3.541E-013  1.743E+008 -4.089E+007
 4.310E+013  3.630E-013  1.743E+008 -3.823E+007
 4.330E+013  3.722E-013  1.743E+008 -3.553E+007
 4.350E+013  3.817E-013  1.743E+008 -3.280E+007
 4.370E+013  3.916E-013  1.743E+008 -3.003E+007
 4.390E+013  4.017E-013  1.743E+008 -2.723E+007
 4.410E+013  4.122E-013  1.743E+008 -2.439E+007
 4.430E+013  4.230E-013  1.743E+008 -2.151E+007
 4.450E+013  4.341E-013  1.743E+008 -1.860E+007
 4.470E+013  4.456E-013  1.743E+008 -1.566E+007
 4.490E+013  4.575E-013  1.743E+008 -1.269E+007
 4.510E+013  4.697E-013  1.743E+008 -9.684E+006
 4.530E+013  4.823E-013  1.743E+008 -6.650E+006
 4.550E+013  4.952E-013  1.743E+008 -3.587E+006
 4.570E+013  5.086E-013  1.743E+008 -4.957E+005
 4.590E+013  5.223E-013  1.743E+008  2.621E+006
 4.610E+013  5.364E-013  1.743E+008  5.763E+006
 4.630E+013  5.509E-013  1.743E+008  8.928E+006
 4.650E+013  5.658E-013  1.744E+008  1.211E+007
 4.670E+013  5.810E-013  1.744E+008  1.532E+007
 4.690E+013  5.967E-013  1.744E+008  1.855E+007
 4.710E+013  6.128E-013  1.744E+008  2.179E+007
 4.730E+013  6.292E-013  1.744E+008  2.504E+007
 4.750E+013  6.461E-013  1.744E+008  2.831E+007
 4.770E+013  6.634E-013  1.744E+008  3.159E+007
 4.790E+013  6.810E-013  1.744E+008  3.488E+007
 4.810E+013  6.991E-013  1.744E+008  3.817E+007
 4.830E+013  7.175E-013  1.744E+008  4.147E+007
 4.850E+013  7.363E-013  1.744E+008  4.477E+007
 4.870E+013  7.556E-013  1.744E+008  4.806E+007
 4.890E+013  7.751E-013  1.744E+008  5.134E+007
 4.910E+013  7.951E-013  1.744E+008  5.462E+007
 4.930E+013  8.154E-013  1.744E+008  5.788E+007
 4.950E+013  8.361E-013  1.744E+008  6.112E+007
 4.970E+013  8.572E-013  1.744E+008  6.435E+007
 4.990E+013  8.786E-013  1.744E+008  6.754E+007
 5.010E+013  9.003E-013  1.745E+008  7.071E+007
 5.030E+013  9.224E-013  1.745E+008  7.385E+007
 5.050E+013  9.448E-013  1.745E+008  7.695E+007
 5.070E+013  9.675E-013  1.745E+008  8.001E+007
 5.090E+013  9.905E-013  1.745E+008  8.302E+007
 5.110E+013  1.014E-012  1.745E+008  8.598E+007
 5.130E+013  1.037E-012  1.745E+008  8.889E+007
 5.150E+013  1.061E-012  1.746E+008  9.174E+007
 5.170E+013  1.085E-012  1.746E+008  9.452E+007
 5.190E+013  1.110E-012  1.746E+008  9.723E+007
 5.210E+013  1.135E-012  1.746E+008  9.986E+007
 5.230E+013  1.159E-012  1.747E+008  1.024E+008
 5.250E+013  1.185E-012  1.747E+008  1.049E+008
 5.270E+013  1.210E-012  1.747E+008  1.073E+008
 5.290E+013  1.235E-012  1.748E+008  1.096E+008
 5.310E+013  1.261E-012  1.748E+008  1.117E+008
 5.330E+013  1.287E-012  1.749E+008  1.138E+008
 5.350E+013  1.313E-012  1.749E+008  1.158E+008
 5.370E+013  1.340E-012  1.750E+008  1.177E+008
 5.390E+013  1.366E-012  1.750E+008  1.195E+008
 5.410E+013  1.393E-012  1.751E+008  1.212E+008
 5.430E+013  1.420E-012  1.751E+008  1.227E+008
 5.450E+013  1.447E-012  1.752E+008  1.242E+008
 5.470E+013  1.474E-012  1.752E+008  1.255E+008
 5.490E+013  1.502E-012  1.753E+008  1.268E+008
 5.510E+013  1.530E-012  1.754E+008  1.280E+008
 5.530E+013  1.557E-012  1.755E+008  1.291E+008
 5.550E+013  1.585E-012  1.755E+008  1.301E+008
 5.570E+013  1.613E-012  1.756E+008  1.310E+008
 5.590E+013  1.641E-012  1.757E+008  1.319E+008
 5.610E+013  1.670E-012  1.758E+008  1.328E+008
 5.630E+013  1.698E-012  1.759E+008  1.336E+008
 5.650E+013  1.727E-012  1.759E+008  1.343E+008
 5.670E+013  1.756E-012  1.760E+008  1.350E+008
 5.690E+013  1.785E-012  1.761E+008  1.357E+008
 5.710E+013  1.814E-012  1.762E+008  1.363E+008
 5.730E+013  1.843E-012  1.763E+008  1.369E+008
 5.750E+013  1.873E-012  1.764E+008  1.374E+008
 5.770E+013  1.903E-012  1.765E+008  1.380E+008
 5.790E+013  1.932E-012  1.766E+008  1.385E+008
 5.810E+013  1.962E-012  1.767E+008  1.391E+008
 5.830E+013  1.993E-012  1.768E+008  1.396E+008
 5.850E+013  2.023E-012  1.769E+008  1.401E+008
 5.870E+013  2.053E-012  1.769E+008  1.407E+008
 5.890E+013  2.084E-012  1.770E+008  1.412E+008
 5.910E+013  2.115E-012  1.771E+008  1.417E+008
 5.930E+013  2.146E-012  1.772E+008  1.421E+008
 5.950E+013  2.178E-012  1.773E+008  1.426E+008
 5.970E+013  2.210E-012  1.774E+008  1.430E+008
 5.990E+013  2.242E-012  1.775E+008  1.434E+008
 6.010E+013  2.274E-012  1.776E+008  1.438E+008
 6.030E+013  2.306E-012  1.777E+008  1.442E+008
 6.050E+013  2.339E-012  1.778E+008  1.445E+008
 6.070E+013  2.372E-012  1.779E+008  1.447E+008
 6.090E+013  2.405E-012  1.780E+008  1.449E+008
 6.110E+013  2.439E-012  1.781E+008  1.451E+008
 6.130E+013  2.473E-012  1.782E+008  1.452E+008
 6.150E+013  2.507E-012  1.783E+008  1.453E+008
 6.170E+013  2.542E-012  1.785E+008  1.454E+008
 6.190E+013  2.577E-012  1.786E+008  1.455E+008
 6.210E+013  2.612E-012  1.787E+008  1.455E+008
 6.230E+013  2.648E-012  1.788E+008  1.456E+008
 6.250E+013  2.684E-012  1.789E+008  1.456E+008
 6.270E+013  2.721E-012  1.790E+008  1.456E+008
 6.290E+013  2.758E-012  1.791E+008  1.457E+008
 6.310E+013  2.795E-012  1.792E+008  1.458E+008
 6.330E+013  2.833E-012  1.793E+008  1.458E+008
 6.350E+013  2.871E-012  1.794E+008  1.459E+008
 6.370E+013  2.910E-012  1.796E+008  1.460E+008
 6.390E+013  2.949E-012  1.797E+008  1.460E+008
 6.410E+013  2.989E-012  1.798E+008  1.461E+008
 6.430E+013  3.029E-012  1.799E+008  1.462E+008
 6.450E+013  3.070E-012  1.800E+008  1.464E+008
 6.470E+013  3.111E-012  1.801E+008  1.465E+008
 6.490E+013  3.153E-012  1.802E+008  1.467E+008
 6.510E+013  3.195E-012  1.803E+008  1.469E+008
 6.530E+013  3.238E-012  1.804E+008  1.472E+008
 6.550E+013  3.281E-012  1.805E+008  1.475E+008
 6.570E+013  3.325E-012  1.806E+008  1.479E+008
 6.590E+013  3.370E-012  1.807E+008  1.484E+008
 6.610E+013  3.415E-012  1.808E+008  1.490E+008
 6.630E+013  3.460E-012  1.809E+008  1.496E+008
 6.650E+013  3.507E-012  1.810E+008  1.503E+008
 6.670E+013  3.553E-012  1.811E+008  1.512E+008
 6.690E+013  3.601E-012  1.812E+008  1.521E+008
 6.710E+013  3.649E-012  1.812E+008  1.531E+008
 6.730E+013  3.698E-012  1.813E+008  1.543E+008
 6.750E+013  3.747E-012  1.814E+008  1.555E+008
 6.770E+013  3.797E-012  1.815E+008  1.569E+008
 6.790E+013  3.848E-012  1.815E+008  1.583E+008
 6.810E+013  3.899E-012  1.816E+008  1.599E+008
 6.830E+013  3.951E-012  1.816E+008  1.615E+008
 6.850E+013  4.004E-012  1.817E+008  1.633E+008
 6.870E+013  4.057E-012  1.817E+008  1.651E+008
 6.890E+013  4.111E-012  1.818E+008  1.670E+008
 6.910E+013  4.166E-012  1.818E+008  1.690E+008
 6.930E+013  4.221E-012  1.819E+008  1.711E+008
 6.950E+013  4.278E-012  1.819E+008  1.732E+008
 6.970E+013  4.335E-012  1.819E+008  1.754E+008
 6.990E+013  4.392E-012  1.820E+008  1.776E+008
 7.010E+013  4.451E-012  1.820E+008  1.798E+008
 7.030E+013  4.510E-012  1.820E+008  1.821E+008
 7.050E+013  4.570E-012  1.821E+008  1.844E+008
 7.070E+013  4.631E-012  1.821E+008  1.867E+008
 7.090E+013  4.693E-012  1.821E+008  1.889E+008
 7.110E+013  4.755E-012  1.822E+008  1.912E+008
 7.130E+013  4.819E-012  1.822E+008  1.934E+008
 7.150E+013  4.883E-012  1.822E+008  1.956E+008
 7.170E+013  4.948E-012  1.823E+008  1.977E+008
 7.190E+013  5.014E-012  1.823E+008  1.998E+008
 7.210E+013  5.081E-012  1.824E+008  2.019E+008
 7.230E+013  5.149E-012  1.824E+008  2.038E+008
 7.250E+013  5.218E-012  1.825E+008  2.057E+008
 7.270E+013  5.287E-012  1.825E+008  2.075E+008
 7.290E+013  5.358E-012  1.826E+008  2.093E+008
 7.310E+013  5.430E-012  1.826E+008  2.110E+008
 7.330E+013  5.502E-012  1.827E+008  2.126E+008
 7.350E+013  5.575E-012  1.828E+008  2.141E+008
 7.370E+013  5.650E-012  1.829E+008  2.156E+008
 7.390E+013  5.725E-012  1.829E+008  2.171E+008
 7.410E+013  5.801E-012  1.830E+008  2.186E+008
 7.430E+013  5.878E-012  1.831E+008  2.201E+008
 7.450E+013  5.956E-012  1.831E+008  2.215E+008
 7.470E+013  6.034E-012  1.832E+008  2.230E+008
 7.490E+013  6.114E-012  1.833E+008  2.246E+008
 7.510E+013  6.194E-012  1.834E+008  2.261E+008
 7.530E+013  6.275E-012  1.834E+008  2.278E+008
 7.550E+013  6.357E-012  1.835E+008  2.294E+008
 7.570E+013  6.440E-012  1.836E+008  2.312E+008
 7.590E+013  6.524E-012  1.836E+008  2.329E+008
 7.610E+013  6.608E-012  1.837E+008  2.348E+008
 7.630E+013  6.693E-012  1.837E+008  2.366E+008
 7.650E+013  6.779E-012  1.838E+008  2.385E+008
 7.670E+013  6.866E-012  1.838E+008  2.403E+008
 7.690E+013  6.953E-012  1.839E+008  2.422E+008
 7.710E+013  7.042E-012  1.840E+008  2.441E+008
 7.730E+013  7.131E-012  1.840E+008  2.459E+008
 7.750E+013  7.221E-012  1.841E+008  2.477E+008
 7.770E+013  7.312E-012  1.842E+008  2.494E+008
 7.790E+013  7.404E-012  1.842E+008  2.511E+008
 7.810E+013  7.497E-012  1.843E+008  2.527E+008
 7.830E+013  7.591E-012  1.844E+008  2.543E+008
 7.850E+013  7.686E-012  1.845E+008  2.558E+008
 7.870E+013  7.782E-012  1.846E+008  2.572E+008
 7.890E+013  7.878E-012  1.846E+008  2.586E+008
 7.910E+013  7.976E-012  1.847E+008  2.600E+008
 7.930E+013  8.074E-012  1.848E+008  2.613E+008
 7.950E+013  8.173E-012  1.849E+008  2.626E+008
 7.970E+013  8.273E-012  1.850E+008  2.640E+008
 7.990E+013  8.374E-012  1.851E+008  2.653E+008
 8.010E+013  8.476E-012  1.852E+008  2.666E+008
 8.030E+013  8.579E-012  1.853E+008  2.679E+008
 8.050E+013  8.682E-012  1.854E+008  2.692E+008
 8.070E+013  8.786E-012  1.855E+008  2.705E+008
 8.090E+013  8.892E-012  1.856E+008  2.718E+008
 8.110E+013  8.998E-012  1.857E+008  2.732E+008
 8.130E+013  9.105E-012  1.858E+008  2.745E+008
 8.150E+013  9.213E-012  1.860E+008  2.757E+008
 8.170E+013  9.322E-012  1.861E+008  2.770E+008
 8.190E+013  9.433E-012  1.862E+008  2.782E+008
 8.210E+013  9.544E-012  1.863E+008  2.794E+008
 8.230E+013  9.656E-012  1.864E+008  2.805E+008
 8.250E+013  9.769E-012  1.865E+008  2.816E+008
 8.270E+013  9.884E-012  1.867E+008  2.827E+008
 8.290E+013  9.999E-012  1.868E+008  2.837E+008
 8.310E+013  1.012E-011  1.870E+008  2.847E+008
 8.330E+013  1.023E-011  1.871E+008  2.856E+008
 8.350E+013  1.035E-011  1.872E+008  2.865E+008
 8.370E+013  1.047E-011  1.874E+008  2.874E+008
 8.390E+013  1.059E-011  1.875E+008  2.883E+008
 8.410E+013  1.072E-011  1.877E+008  2.891E+008
 8.430E+013  1.084E-011  1.878E+008  2.899E+008
 8.450E+013  1.097E-011  1.880E+008  2.907E+008
 8.470E+013  1.109E-011  1.882E+008  2.915E+008
 8.490E+013  1.122E-011  1.883E+008  2.922E+008
 8.510E+013  1.135E-011  1.885E+008  2.929E+008
 8.530E+013  1.148E-011  1.887E+008  2.936E+008
 8.550E+013  1.161E-011  1.889E+008  2.942E+008
 8.570E+013  1.175E-011  1.891E+008  2.948E+008
 8.590E+013  1.188E-011  1.892E+008  2.953E+008
 8.610E+013  1.202E-011  1.894E+008  2.958E+008
 8.630E+013  1.216E-011  1.896E+008  2.963E+008
 8.650E+013  1.230E-011  1.898E+008  2.967E+008
 8.670E+013  1.244E-011  1.901E+008  2.971E+008
 8.690E+013  1.258E-011  1.903E+008  2.975E+008
 8.710E+013  1.272E-011  1.905E+008  2.978E+008
 8.730E+013  1.287E-011  1.907E+008  2.981E+008
 8.750E+013  1.302E-011  1.909E+008  2.983E+008
 8.770E+013  1.317E-011  1.912E+008  2.985E+008
 8.790E+013  1.332E-011  1.914E+008  2.987E+008
 8.810E+013  1.348E-011  1.917E+008  2.988E+008
 8.830E+013  1.363E-011  1.919E+008  2.989E+008
 8.850E+013  1.379E-011  1.922E+008  2.990E+008
 8.870E+013  1.395E-011  1.924E+008  2.990E+008
 8.890E+013  1.411E-011  1.927E+008  2.990E+008
 8.910E+013  1.428E-011  1.930E+008  2.989E+008
 8.930E+013  1.444E-011  1.933E+008  2.988E+008
 8.950E+013  1.461E-011  1.936E+008  2.986E+008
 8.970E+013  1.478E-011  1.939E+008  2.984E+008
 8.990E+013  1.496E-011  1.942E+008  2.982E+008
 9.010E+013  1.513E-011  1.945E+008  2.979E+008
 9.030E+013  1.531E-011  1.948E+008  2.976E+008
 9.050E+013  1.549E-011  1.951E+008  2.972E+008
 9.070E+013  1.568E-011  1.955E+008  2.968E+008
 9.090E+013  1.586E-011  1.958E+008  2.963E+008
 9.110E+013  1.605E-011  1.961E+008  2.958E+008
 9.130E+013  1.624E-011  1.965E+008  2.953E+008
 9.150E+013  1.643E-011  1.969E+008  2.947E+008
 9.170E+013  1.663E-011  1.973E+008  2.940E+008
 9.190E+013  1.683E-011  1.976E+008  2.932E+008
 9.210E+013  1.703E-011  1.980E+008  2.924E+008
 9.230E+013  1.724E-011  1.984E+008  2.915E+008
 9.250E+013  1.745E-011  1.988E+008  2.905E+008
 9.270E+013  1.766E-011  1.992E+008  2.893E+008
 9.290E+013  1.787E-011  1.996E+008  2.881E+008
 9.310E+013  1.808E-011  2.001E+008  2.868E+008
 9.330E+013  1.830E-011  2.005E+008  2.854E+008
 9.350E+013  1.853E-011  2.009E+008  2.840E+008
 9.370E+013  1.875E-011  2.014E+008  2.825E+008
 9.390E+013  1.898E-011  2.019E+008  2.810E+008
 9.410E+013  1.922E-011  2.024E+008  2.796E+008
 9.430E+013  1.946E-011  2.029E+008  2.782E+008
 9.450E+013  1.970E-011  2.035E+008  2.768E+008
 9.470E+013  1.995E-011  2.041E+008  2.756E+008
 9.490E+013  2.020E-011  2.047E+008  2.744E+008
 9.510E+013  2.046E-011  2.053E+008  2.731E+008
 9.530E+013  2.072E-011  2.060E+008  2.719E+008
 9.550E+013  2.099E-011  2.066E+008  2.706E+008
 9.570E+013  2.126E-011  2.073E+008  2.691E+008
 9.590E+013  2.153E-011  2.080E+008  2.675E+008
 9.610E+013  2.181E-011  2.087E+008  2.656E+008
 9.630E+013  2.208E-011  2.093E+008  2.635E+008
 9.650E+013  2.237E-011  2.100E+008  2.611E+008
 9.670E+013  2.265E-011  2.107E+008  2.586E+008
 9.690E+013  2.294E-011  2.113E+008  2.559E+008
 9.710E+013  2.323E-011  2.120E+008  2.530E+008
 9.730E+013  2.353E-011  2.126E+008  2.501E+008
 9.750E+013  2.383E-011  2.133E+008  2.471E+008
 9.770E+013  2.414E-011  2.140E+008  2.442E+008
 9.790E+013  2.445E-011  2.147E+008  2.413E+008
 9.810E+013  2.476E-011  2.154E+008  2.386E+008
 9.830E+013  2.508E-011  2.162E+008  2.360E+008
 9.850E+013  2.540E-011  2.169E+008  2.336E+008
 9.870E+013  2.573E-011  2.177E+008  2.313E+008
 9.890E+013  2.607E-011  2.184E+008  2.294E+008
 9.910E+013  2.640E-011  2.192E+008  2.276E+008
 9.930E+013  2.675E-011  2.200E+008  2.262E+008
 9.950E+013  2.710E-011  2.208E+008  2.250E+008
 9.970E+013  2.743E-011  2.216E+008  2.242E+008
 9.990E+013  2.796E-011  2.225E+008  2.236E+008
 1.001E+014  1.000E-099  1.000E-099  2.236E+008
 1.003E+014  1.000E-099  1.000E-099  2.236E+008
 6.849E-003
