 1.380E+005
     x1b        dens       energ       v1
 1.000E+011  2.716E-013  1.130E+009  0.000E+000
 3.000E+011  2.748E-013  1.130E+009  1.190E+006
 5.000E+011  2.825E-013  1.130E+009  1.872E+006
 7.000E+011  2.927E-013  1.130E+009  2.955E+006
 9.000E+011  3.020E-013  1.130E+009  3.886E+006
 1.100E+012  3.083E-013  1.130E+009  4.878E+006
 1.300E+012  3.117E-013  1.130E+009  5.844E+006
 1.500E+012  3.137E-013  1.130E+009  6.822E+006
 1.700E+012  3.152E-013  1.130E+009  7.795E+006
 1.900E+012  3.169E-013  1.130E+009  8.770E+006
 2.100E+012  3.189E-013  1.130E+009  9.744E+006
 2.300E+012  3.212E-013  1.130E+009  1.072E+007
 2.500E+012  3.238E-013  1.130E+009  1.169E+007
 2.700E+012  3.265E-013  1.130E+009  1.267E+007
 2.900E+012  3.292E-013  1.130E+009  1.364E+007
 3.100E+012  3.319E-013  1.130E+009  1.462E+007
 3.300E+012  3.345E-013  1.130E+009  1.559E+007
 3.500E+012  3.372E-013  1.130E+009  1.657E+007
 3.700E+012  3.399E-013  1.130E+009  1.754E+007
 3.900E+012  3.428E-013  1.130E+009  1.851E+007
 4.100E+012  3.457E-013  1.130E+009  1.949E+007
 4.300E+012  3.486E-013  1.130E+009  2.046E+007
 4.500E+012  3.516E-013  1.130E+009  2.144E+007
 4.700E+012  3.546E-013  1.130E+009  2.241E+007
 4.900E+012  3.576E-013  1.130E+009  2.339E+007
 5.100E+012  3.606E-013  1.130E+009  2.436E+007
 5.300E+012  3.636E-013  1.130E+009  2.534E+007
 5.500E+012  3.665E-013  1.130E+009  2.631E+007
 5.700E+012  3.694E-013  1.130E+009  2.729E+007
 5.900E+012  3.723E-013  1.130E+009  2.826E+007
 6.100E+012  3.751E-013  1.130E+009  2.924E+007
 6.300E+012  3.778E-013  1.130E+009  3.021E+007
 6.500E+012  3.804E-013  1.130E+009  3.118E+007
 6.700E+012  3.828E-013  1.130E+009  3.216E+007
 6.900E+012  3.850E-013  1.130E+009  3.313E+007
 7.100E+012  3.869E-013  1.130E+009  3.411E+007
 7.300E+012  3.885E-013  1.130E+009  3.508E+007
 7.500E+012  3.898E-013  1.130E+009  3.606E+007
 7.700E+012  3.907E-013  1.130E+009  3.703E+007
 7.900E+012  3.913E-013  1.130E+009  3.801E+007
 8.100E+012  3.916E-013  1.130E+009  3.898E+007
 8.300E+012  3.917E-013  1.130E+009  3.996E+007
 8.500E+012  3.917E-013  1.130E+009  4.093E+007
 8.700E+012  3.917E-013  1.130E+009  4.191E+007
 8.900E+012  3.917E-013  1.130E+009  4.288E+007
 9.100E+012  3.917E-013  1.130E+009  4.386E+007
 9.300E+012  3.917E-013  1.130E+009  4.483E+007
 9.500E+012  3.917E-013  1.130E+009  4.581E+007
 9.700E+012  3.916E-013  1.130E+009  4.678E+007
 9.900E+012  3.916E-013  1.130E+009  4.776E+007
 1.010E+013  3.915E-013  1.130E+009  4.873E+007
 1.030E+013  3.914E-013  1.130E+009  4.971E+007
 1.050E+013  3.914E-013  1.130E+009  5.069E+007
 1.070E+013  3.913E-013  1.130E+009  5.166E+007
 1.090E+013  3.912E-013  1.130E+009  5.264E+007
 1.110E+013  3.910E-013  1.130E+009  5.361E+007
 1.130E+013  3.909E-013  1.130E+009  5.459E+007
 1.150E+013  3.907E-013  1.130E+009  5.556E+007
 1.170E+013  3.906E-013  1.130E+009  5.654E+007
 1.190E+013  3.904E-013  1.130E+009  5.751E+007
 1.210E+013  3.902E-013  1.130E+009  5.849E+007
 1.230E+013  3.900E-013  1.130E+009  5.947E+007
 1.250E+013  3.899E-013  1.130E+009  6.044E+007
 1.270E+013  3.897E-013  1.130E+009  6.142E+007
 1.290E+013  3.897E-013  1.130E+009  6.239E+007
 1.310E+013  3.896E-013  1.130E+009  6.337E+007
 1.330E+013  3.896E-013  1.130E+009  6.434E+007
 1.350E+013  3.896E-013  1.130E+009  6.532E+007
 1.370E+013  3.896E-013  1.130E+009  6.630E+007
 1.390E+013  3.896E-013  1.130E+009  6.727E+007
 1.410E+013  3.897E-013  1.130E+009  6.825E+007
 1.430E+013  3.897E-013  1.130E+009  6.922E+007
 1.450E+013  3.897E-013  1.130E+009  7.020E+007
 1.470E+013  3.898E-013  1.130E+009  7.118E+007
 1.490E+013  3.898E-013  1.130E+009  7.215E+007
 1.510E+013  3.899E-013  1.130E+009  7.313E+007
 1.530E+013  3.900E-013  1.130E+009  7.411E+007
 1.550E+013  3.902E-013  1.130E+009  7.508E+007
 1.570E+013  3.904E-013  1.130E+009  7.606E+007
 1.590E+013  3.906E-013  1.130E+009  7.703E+007
 1.610E+013  3.908E-013  1.130E+009  7.801E+007
 1.630E+013  3.912E-013  1.130E+009  7.899E+007
 1.650E+013  3.915E-013  1.130E+009  7.996E+007
 1.670E+013  3.919E-013  1.130E+009  8.094E+007
 1.690E+013  3.924E-013  1.130E+009  8.192E+007
 1.710E+013  3.930E-013  1.130E+009  8.289E+007
 1.730E+013  3.936E-013  1.130E+009  8.387E+007
 1.750E+013  3.944E-013  1.130E+009  8.485E+007
 1.770E+013  3.952E-013  1.130E+009  8.583E+007
 1.790E+013  3.961E-013  1.130E+009  8.680E+007
 1.810E+013  3.971E-013  1.130E+009  8.778E+007
 1.830E+013  3.982E-013  1.130E+009  8.876E+007
 1.850E+013  3.994E-013  1.130E+009  8.973E+007
 1.870E+013  4.008E-013  1.130E+009  9.071E+007
 1.890E+013  4.023E-013  1.130E+009  9.169E+007
 1.910E+013  4.039E-013  1.130E+009  9.267E+007
 1.930E+013  4.057E-013  1.130E+009  9.364E+007
 1.950E+013  4.076E-013  1.130E+009  9.462E+007
 1.970E+013  4.097E-013  1.130E+009  9.560E+007
 1.990E+013  4.119E-013  1.130E+009  9.658E+007
 2.010E+013  4.144E-013  1.130E+009  9.755E+007
 2.030E+013  4.170E-013  1.130E+009  9.853E+007
 2.050E+013  4.198E-013  1.130E+009  9.951E+007
 2.070E+013  4.229E-013  1.130E+009  1.005E+008
 2.090E+013  4.262E-013  1.130E+009  1.015E+008
 2.110E+013  4.297E-013  1.130E+009  1.024E+008
 2.130E+013  4.334E-013  1.130E+009  1.034E+008
 2.150E+013  4.375E-013  1.130E+009  1.044E+008
 2.170E+013  4.418E-013  1.130E+009  1.054E+008
 2.190E+013  4.463E-013  1.130E+009  1.064E+008
 2.210E+013  4.512E-013  1.130E+009  1.073E+008
 2.230E+013  4.564E-013  1.130E+009  1.083E+008
 2.250E+013  4.619E-013  1.130E+009  1.093E+008
 2.270E+013  4.678E-013  1.130E+009  1.103E+008
 2.290E+013  4.741E-013  1.130E+009  1.112E+008
 2.310E+013  4.807E-013  1.130E+009  1.122E+008
 2.330E+013  4.878E-013  1.130E+009  1.132E+008
 2.350E+013  4.952E-013  1.130E+009  1.142E+008
 2.370E+013  5.032E-013  1.130E+009  1.152E+008
 2.390E+013  5.116E-013  1.130E+009  1.161E+008
 2.410E+013  5.205E-013  1.130E+009  1.171E+008
 2.430E+013  5.299E-013  1.130E+009  1.181E+008
 2.450E+013  5.399E-013  1.130E+009  1.191E+008
 2.470E+013  5.504E-013  1.130E+009  1.201E+008
 2.490E+013  5.616E-013  1.130E+009  1.210E+008
 2.510E+013  5.734E-013  1.130E+009  1.220E+008
 2.530E+013  5.859E-013  1.130E+009  1.230E+008
 2.550E+013  5.991E-013  1.130E+009  1.240E+008
 2.570E+013  6.131E-013  1.130E+009  1.250E+008
 2.590E+013  6.278E-013  1.130E+009  1.259E+008
 2.610E+013  6.434E-013  1.130E+009  1.269E+008
 2.630E+013  6.599E-013  1.130E+009  1.279E+008
 2.650E+013  6.772E-013  1.130E+009  1.289E+008
 2.670E+013  6.956E-013  1.130E+009  1.299E+008
 2.690E+013  7.149E-013  1.130E+009  1.308E+008
 2.710E+013  7.354E-013  1.130E+009  1.318E+008
 2.730E+013  7.569E-013  1.130E+009  1.328E+008
 2.750E+013  7.796E-013  1.130E+009  1.338E+008
 2.770E+013  8.036E-013  1.130E+009  1.348E+008
 2.790E+013  8.289E-013  1.130E+009  1.357E+008
 2.810E+013  8.555E-013  1.130E+009  1.367E+008
 2.830E+013  8.835E-013  1.130E+009  1.377E+008
 2.850E+013  9.130E-013  1.130E+009  1.387E+008
 2.870E+013  9.441E-013  1.130E+009  1.397E+008
 2.890E+013  9.768E-013  1.130E+009  1.407E+008
 2.910E+013  1.011E-012  1.130E+009  1.416E+008
 2.930E+013  1.047E-012  1.130E+009  1.426E+008
 2.950E+013  1.085E-012  1.130E+009  1.436E+008
 2.970E+013  1.125E-012  1.130E+009  1.446E+008
 2.990E+013  1.167E-012  1.130E+009  1.456E+008
 3.010E+013  1.211E-012  1.130E+009  1.465E+008
 3.030E+013  1.257E-012  1.130E+009  1.475E+008
 3.050E+013  1.305E-012  1.130E+009  1.485E+008
 3.070E+013  1.355E-012  1.130E+009  1.495E+008
 3.090E+013  1.408E-012  1.130E+009  1.505E+008
 3.110E+013  1.463E-012  1.130E+009  1.515E+008
 3.130E+013  1.520E-012  1.130E+009  1.524E+008
 3.150E+013  1.580E-012  1.130E+009  1.534E+008
 3.170E+013  1.642E-012  1.130E+009  1.544E+008
 3.190E+013  1.707E-012  1.130E+009  1.554E+008
 3.210E+013  1.774E-012  1.130E+009  1.564E+008
 3.230E+013  1.844E-012  1.130E+009  1.574E+008
 3.250E+013  1.917E-012  1.130E+009  1.583E+008
 3.270E+013  1.992E-012  1.130E+009  1.593E+008
 3.290E+013  2.069E-012  1.130E+009  1.603E+008
 3.310E+013  2.149E-012  1.130E+009  1.613E+008
 3.330E+013  2.232E-012  1.130E+009  1.623E+008
 3.350E+013  2.317E-012  1.130E+009  1.633E+008
 3.370E+013  2.404E-012  1.130E+009  1.643E+008
 3.390E+013  2.494E-012  1.130E+009  1.652E+008
 3.410E+013  2.587E-012  1.130E+009  1.662E+008
 3.430E+013  2.681E-012  1.130E+009  1.672E+008
 3.450E+013  2.778E-012  1.130E+009  1.682E+008
 3.470E+013  2.876E-012  1.130E+009  1.692E+008
 3.490E+013  2.977E-012  1.130E+009  1.702E+008
 3.510E+013  3.080E-012  1.130E+009  1.711E+008
 3.530E+013  3.184E-012  1.130E+009  1.721E+008
 3.550E+013  3.291E-012  1.130E+009  1.731E+008
 3.570E+013  3.398E-012  1.130E+009  1.741E+008
 3.590E+013  3.508E-012  1.130E+009  1.751E+008
 3.610E+013  3.619E-012  1.130E+009  1.761E+008
 3.630E+013  3.731E-012  1.130E+009  1.771E+008
 3.650E+013  3.844E-012  1.130E+009  1.780E+008
 3.670E+013  3.959E-012  1.130E+009  1.790E+008
 3.690E+013  4.074E-012  1.130E+009  1.800E+008
 3.710E+013  4.191E-012  1.130E+009  1.810E+008
 3.730E+013  4.309E-012  1.130E+009  1.820E+008
 3.750E+013  4.427E-012  1.130E+009  1.830E+008
 3.770E+013  4.547E-012  1.130E+009  1.840E+008
 3.790E+013  4.667E-012  1.130E+009  1.849E+008
 3.810E+013  4.788E-012  1.130E+009  1.859E+008
 3.830E+013  4.910E-012  1.130E+009  1.869E+008
 3.850E+013  5.033E-012  1.130E+009  1.879E+008
 3.870E+013  5.157E-012  1.130E+009  1.889E+008
 3.890E+013  5.281E-012  1.130E+009  1.899E+008
 3.910E+013  5.406E-012  1.130E+009  1.909E+008
 3.930E+013  5.532E-012  1.130E+009  1.918E+008
 3.950E+013  5.659E-012  1.130E+009  1.928E+008
 3.970E+013  5.786E-012  1.130E+009  1.938E+008
 3.990E+013  5.915E-012  1.130E+009  1.948E+008
 4.010E+013  6.044E-012  1.130E+009  1.958E+008
 4.030E+013  6.175E-012  1.130E+009  1.968E+008
 4.050E+013  6.306E-012  1.130E+009  1.978E+008
 4.070E+013  6.439E-012  1.130E+009  1.987E+008
 4.090E+013  6.573E-012  1.130E+009  1.997E+008
 4.110E+013  6.708E-012  1.130E+009  2.007E+008
 4.130E+013  6.845E-012  1.130E+009  2.017E+008
 4.150E+013  6.983E-012  1.130E+009  2.027E+008
 4.170E+013  7.122E-012  1.130E+009  2.037E+008
 4.190E+013  7.263E-012  1.130E+009  2.047E+008
 4.210E+013  7.406E-012  1.130E+009  2.056E+008
 4.230E+013  7.551E-012  1.130E+009  2.066E+008
 4.250E+013  7.697E-012  1.130E+009  2.076E+008
 4.270E+013  7.846E-012  1.130E+009  2.086E+008
 4.290E+013  7.996E-012  1.130E+009  2.096E+008
 4.310E+013  8.149E-012  1.130E+009  2.106E+008
 4.330E+013  8.304E-012  1.130E+009  2.116E+008
 4.350E+013  8.461E-012  1.130E+009  2.126E+008
 4.370E+013  8.621E-012  1.130E+009  2.135E+008
 4.390E+013  8.783E-012  1.130E+009  2.145E+008
 4.410E+013  8.948E-012  1.130E+009  2.155E+008
 4.430E+013  9.116E-012  1.130E+009  2.165E+008
 4.450E+013  9.287E-012  1.130E+009  2.175E+008
 4.470E+013  9.460E-012  1.130E+009  2.185E+008
 4.490E+013  9.637E-012  1.130E+009  2.195E+008
 4.510E+013  9.817E-012  1.130E+009  2.205E+008
 4.530E+013  1.000E-011  1.130E+009  2.215E+008
 4.550E+013  1.019E-011  1.130E+009  2.225E+008
 4.570E+013  1.038E-011  1.130E+009  2.235E+008
 4.590E+013  1.057E-011  1.130E+009  2.245E+008
 4.610E+013  1.077E-011  1.130E+009  2.255E+008
 4.630E+013  1.097E-011  1.130E+009  2.265E+008
 4.650E+013  1.118E-011  1.130E+009  2.275E+008
 4.670E+013  1.139E-011  1.130E+009  2.285E+008
 4.690E+013  1.160E-011  1.130E+009  2.295E+008
 4.710E+013  1.182E-011  1.130E+009  2.305E+008
 4.730E+013  1.204E-011  1.130E+009  2.315E+008
 4.750E+013  1.227E-011  1.130E+009  2.325E+008
 4.770E+013  1.250E-011  1.130E+009  2.335E+008
 4.790E+013  1.273E-011  1.130E+009  2.345E+008
 4.810E+013  1.297E-011  1.130E+009  2.356E+008
 4.830E+013  1.322E-011  1.130E+009  2.366E+008
 4.850E+013  1.347E-011  1.130E+009  2.376E+008
 4.870E+013  1.372E-011  1.130E+009  2.386E+008
 4.890E+013  1.398E-011  1.130E+009  2.397E+008
 4.910E+013  1.425E-011  1.130E+009  2.407E+008
 4.930E+013  1.451E-011  1.130E+009  2.417E+008
 4.950E+013  1.479E-011  1.130E+009  2.428E+008
 4.970E+013  1.507E-011  1.130E+009  2.438E+008
 4.990E+013  1.535E-011  1.130E+009  2.449E+008
 5.010E+013  1.564E-011  1.130E+009  2.460E+008
 5.030E+013  1.593E-011  1.130E+009  2.470E+008
 5.050E+013  1.623E-011  1.130E+009  2.481E+008
 5.070E+013  1.654E-011  1.130E+009  2.492E+008
 5.090E+013  1.685E-011  1.130E+009  2.502E+008
 5.110E+013  1.716E-011  1.130E+009  2.513E+008
 5.130E+013  1.748E-011  1.130E+009  2.524E+008
 5.150E+013  1.780E-011  1.130E+009  2.535E+008
 5.170E+013  1.813E-011  1.130E+009  2.546E+008
 5.190E+013  1.847E-011  1.130E+009  2.557E+008
 5.210E+013  1.880E-011  1.130E+009  2.569E+008
 5.230E+013  1.915E-011  1.130E+009  2.580E+008
 5.250E+013  1.950E-011  1.130E+009  2.591E+008
 5.270E+013  1.985E-011  1.130E+009  2.603E+008
 5.290E+013  2.021E-011  1.130E+009  2.614E+008
 5.310E+013  2.057E-011  1.130E+009  2.626E+008
 5.330E+013  2.094E-011  1.130E+009  2.637E+008
 5.350E+013  2.131E-011  1.130E+009  2.649E+008
 5.370E+013  2.169E-011  1.130E+009  2.661E+008
 5.390E+013  2.207E-011  1.130E+009  2.673E+008
 5.410E+013  2.245E-011  1.130E+009  2.685E+008
 5.430E+013  2.285E-011  1.130E+009  2.697E+008
 5.450E+013  2.324E-011  1.131E+009  2.709E+008
 5.470E+013  2.364E-011  1.131E+009  2.721E+008
 5.490E+013  2.404E-011  1.131E+009  2.733E+008
 5.510E+013  2.445E-011  1.131E+009  2.746E+008
 5.530E+013  2.487E-011  1.131E+009  2.758E+008
 5.550E+013  2.528E-011  1.131E+009  2.770E+008
 5.570E+013  2.571E-011  1.131E+009  2.783E+008
 5.590E+013  2.613E-011  1.131E+009  2.795E+008
 5.610E+013  2.656E-011  1.131E+009  2.807E+008
 5.630E+013  2.700E-011  1.131E+009  2.820E+008
 5.650E+013  2.744E-011  1.131E+009  2.832E+008
 5.670E+013  2.789E-011  1.131E+009  2.844E+008
 5.690E+013  2.834E-011  1.131E+009  2.856E+008
 5.710E+013  2.879E-011  1.131E+009  2.868E+008
 5.730E+013  2.926E-011  1.131E+009  2.880E+008
 5.750E+013  2.972E-011  1.131E+009  2.892E+008
 5.770E+013  3.019E-011  1.131E+009  2.904E+008
 5.790E+013  3.067E-011  1.131E+009  2.915E+008
 5.810E+013  3.115E-011  1.131E+009  2.926E+008
 5.830E+013  3.164E-011  1.131E+009  2.937E+008
 5.850E+013  3.213E-011  1.131E+009  2.948E+008
 5.870E+013  3.263E-011  1.131E+009  2.959E+008
 5.890E+013  3.313E-011  1.131E+009  2.969E+008
 5.910E+013  3.364E-011  1.131E+009  2.979E+008
 5.930E+013  3.416E-011  1.131E+009  2.988E+008
 5.950E+013  3.468E-011  1.131E+009  2.998E+008
 5.970E+013  3.521E-011  1.131E+009  3.007E+008
 5.990E+013  3.575E-011  1.131E+009  3.016E+008
 6.010E+013  3.629E-011  1.131E+009  3.024E+008
 6.030E+013  3.684E-011  1.131E+009  3.033E+008
 6.050E+013  3.740E-011  1.131E+009  3.041E+008
 6.070E+013  3.796E-011  1.131E+009  3.049E+008
 6.090E+013  3.853E-011  1.131E+009  3.057E+008
 6.110E+013  3.911E-011  1.131E+009  3.065E+008
 6.130E+013  3.970E-011  1.131E+009  3.073E+008
 6.150E+013  4.030E-011  1.130E+009  3.081E+008
 6.170E+013  4.090E-011  1.130E+009  3.089E+008
 6.190E+013  4.151E-011  1.130E+009  3.097E+008
 6.210E+013  4.213E-011  1.130E+009  3.106E+008
 6.230E+013  4.276E-011  1.130E+009  3.115E+008
 6.250E+013  4.340E-011  1.130E+009  3.125E+008
 6.270E+013  4.405E-011  1.130E+009  3.134E+008
 6.290E+013  4.471E-011  1.130E+009  3.145E+008
 6.310E+013  4.537E-011  1.130E+009  3.156E+008
 6.330E+013  4.605E-011  1.130E+009  3.168E+008
 6.350E+013  4.674E-011  1.130E+009  3.180E+008
 6.370E+013  4.744E-011  1.130E+009  3.193E+008
 6.390E+013  4.814E-011  1.130E+009  3.207E+008
 6.410E+013  4.886E-011  1.130E+009  3.222E+008
 6.430E+013  4.959E-011  1.131E+009  3.237E+008
 6.450E+013  5.034E-011  1.131E+009  3.254E+008
 6.470E+013  5.109E-011  1.131E+009  3.271E+008
 6.490E+013  5.185E-011  1.131E+009  3.289E+008
 6.510E+013  5.263E-011  1.132E+009  3.308E+008
 6.530E+013  5.342E-011  1.132E+009  3.328E+008
 6.550E+013  5.421E-011  1.132E+009  3.349E+008
 6.570E+013  5.503E-011  1.133E+009  3.370E+008
 6.590E+013  5.585E-011  1.133E+009  3.392E+008
 6.610E+013  5.668E-011  1.134E+009  3.415E+008
 6.630E+013  5.753E-011  1.134E+009  3.439E+008
 6.650E+013  5.839E-011  1.135E+009  3.463E+008
 6.670E+013  5.926E-011  1.135E+009  3.488E+008
 6.690E+013  6.015E-011  1.136E+009  3.514E+008
 6.710E+013  6.104E-011  1.136E+009  3.540E+008
 6.730E+013  6.195E-011  1.137E+009  3.566E+008
 6.750E+013  6.288E-011  1.138E+009  3.594E+008
 6.770E+013  6.381E-011  1.138E+009  3.621E+008
 6.790E+013  6.476E-011  1.139E+009  3.649E+008
 6.810E+013  6.572E-011  1.140E+009  3.677E+008
 6.830E+013  6.669E-011  1.141E+009  3.706E+008
 6.850E+013  6.768E-011  1.141E+009  3.735E+008
 6.870E+013  6.868E-011  1.142E+009  3.764E+008
 6.890E+013  6.969E-011  1.143E+009  3.794E+008
 6.910E+013  7.072E-011  1.144E+009  3.823E+008
 6.930E+013  7.175E-011  1.145E+009  3.853E+008
 6.950E+013  7.281E-011  1.146E+009  3.883E+008
 6.970E+013  7.387E-011  1.147E+009  3.914E+008
 6.990E+013  7.495E-011  1.148E+009  3.944E+008
 7.010E+013  7.604E-011  1.149E+009  3.975E+008
 7.030E+013  7.715E-011  1.150E+009  4.006E+008
 7.050E+013  7.827E-011  1.150E+009  4.036E+008
 7.070E+013  7.940E-011  1.151E+009  4.067E+008
 7.090E+013  8.055E-011  1.152E+009  4.098E+008
 7.110E+013  8.171E-011  1.153E+009  4.130E+008
 7.130E+013  8.289E-011  1.154E+009  4.161E+008
 7.150E+013  8.408E-011  1.156E+009  4.192E+008
 7.170E+013  8.529E-011  1.157E+009  4.223E+008
 7.190E+013  8.651E-011  1.158E+009  4.255E+008
 7.210E+013  8.774E-011  1.159E+009  4.286E+008
 7.230E+013  8.900E-011  1.160E+009  4.318E+008
 7.250E+013  9.026E-011  1.161E+009  4.349E+008
 7.270E+013  9.154E-011  1.162E+009  4.381E+008
 7.290E+013  9.284E-011  1.163E+009  4.412E+008
 7.310E+013  9.415E-011  1.164E+009  4.444E+008
 7.330E+013  9.548E-011  1.165E+009  4.476E+008
 7.350E+013  9.683E-011  1.167E+009  4.508E+008
 7.370E+013  9.819E-011  1.168E+009  4.539E+008
 7.390E+013  9.956E-011  1.169E+009  4.571E+008
 7.410E+013  1.010E-010  1.170E+009  4.603E+008
 7.430E+013  1.024E-010  1.171E+009  4.635E+008
 7.450E+013  1.038E-010  1.173E+009  4.666E+008
 7.470E+013  1.052E-010  1.174E+009  4.698E+008
 7.490E+013  1.067E-010  1.175E+009  4.730E+008
 7.510E+013  1.082E-010  1.176E+009  4.762E+008
 7.530E+013  1.097E-010  1.178E+009  4.794E+008
 7.550E+013  1.112E-010  1.179E+009  4.826E+008
 7.570E+013  1.127E-010  1.180E+009  4.857E+008
 7.590E+013  1.143E-010  1.181E+009  4.889E+008
 7.610E+013  1.159E-010  1.183E+009  4.921E+008
 7.630E+013  1.174E-010  1.184E+009  4.953E+008
 7.650E+013  1.190E-010  1.185E+009  4.985E+008
 7.670E+013  1.207E-010  1.187E+009  5.016E+008
 7.690E+013  1.223E-010  1.188E+009  5.048E+008
 7.710E+013  1.240E-010  1.189E+009  5.080E+008
 7.730E+013  1.257E-010  1.190E+009  5.111E+008
 7.750E+013  1.274E-010  1.192E+009  5.143E+008
 7.770E+013  1.291E-010  1.193E+009  5.174E+008
 7.790E+013  1.308E-010  1.194E+009  5.205E+008
 7.810E+013  1.326E-010  1.196E+009  5.236E+008
 7.830E+013  1.344E-010  1.197E+009  5.267E+008
 7.850E+013  1.361E-010  1.198E+009  5.298E+008
 7.870E+013  1.380E-010  1.200E+009  5.329E+008
 7.890E+013  1.398E-010  1.201E+009  5.360E+008
 7.910E+013  1.416E-010  1.202E+009  5.390E+008
 7.930E+013  1.435E-010  1.204E+009  5.420E+008
 7.950E+013  1.454E-010  1.205E+009  5.450E+008
 7.970E+013  1.473E-010  1.206E+009  5.480E+008
 7.990E+013  1.492E-010  1.207E+009  5.509E+008
 8.010E+013  1.512E-010  1.209E+009  5.538E+008
 8.030E+013  1.532E-010  1.210E+009  5.567E+008
 8.050E+013  1.551E-010  1.211E+009  5.595E+008
 8.070E+013  1.572E-010  1.212E+009  5.623E+008
 8.090E+013  1.592E-010  1.213E+009  5.650E+008
 8.110E+013  1.612E-010  1.214E+009  5.677E+008
 8.130E+013  1.633E-010  1.215E+009  5.704E+008
 8.150E+013  1.653E-010  1.216E+009  5.730E+008
 8.170E+013  1.674E-010  1.217E+009  5.756E+008
 8.190E+013  1.696E-010  1.218E+009  5.781E+008
 8.210E+013  1.717E-010  1.219E+009  5.805E+008
 8.230E+013  1.738E-010  1.220E+009  5.829E+008
 8.250E+013  1.760E-010  1.221E+009  5.853E+008
 8.270E+013  1.782E-010  1.222E+009  5.876E+008
 8.290E+013  1.804E-010  1.222E+009  5.899E+008
 8.310E+013  1.826E-010  1.223E+009  5.921E+008
 8.330E+013  1.849E-010  1.224E+009  5.943E+008
 8.350E+013  1.871E-010  1.224E+009  5.966E+008
 8.370E+013  1.894E-010  1.225E+009  5.988E+008
 8.390E+013  1.917E-010  1.226E+009  6.010E+008
 8.410E+013  1.940E-010  1.226E+009  6.033E+008
 8.430E+013  1.964E-010  1.227E+009  6.056E+008
 8.450E+013  1.988E-010  1.228E+009  6.079E+008
 8.470E+013  2.012E-010  1.229E+009  6.103E+008
 8.490E+013  2.036E-010  1.229E+009  6.128E+008
 8.510E+013  2.061E-010  1.230E+009  6.153E+008
 8.530E+013  2.086E-010  1.231E+009  6.180E+008
 8.550E+013  2.112E-010  1.232E+009  6.207E+008
 8.570E+013  2.137E-010  1.233E+009  6.235E+008
 8.590E+013  2.163E-010  1.234E+009  6.263E+008
 8.610E+013  2.190E-010  1.235E+009  6.293E+008
 8.630E+013  2.216E-010  1.237E+009  6.323E+008
 8.650E+013  2.243E-010  1.238E+009  6.354E+008
 8.670E+013  2.271E-010  1.239E+009  6.386E+008
 8.690E+013  2.298E-010  1.240E+009  6.419E+008
 8.710E+013  2.326E-010  1.242E+009  6.452E+008
 8.730E+013  2.355E-010  1.243E+009  6.486E+008
 8.750E+013  2.383E-010  1.245E+009  6.520E+008
 8.770E+013  2.413E-010  1.246E+009  6.555E+008
 8.790E+013  2.442E-010  1.247E+009  6.591E+008
 8.810E+013  2.472E-010  1.249E+009  6.627E+008
 8.830E+013  2.502E-010  1.250E+009  6.663E+008
 8.850E+013  2.532E-010  1.252E+009  6.700E+008
 8.870E+013  2.563E-010  1.254E+009  6.737E+008
 8.890E+013  2.594E-010  1.255E+009  6.775E+008
 8.910E+013  2.626E-010  1.257E+009  6.813E+008
 8.930E+013  2.658E-010  1.258E+009  6.852E+008
 8.950E+013  2.690E-010  1.260E+009  6.890E+008
 8.970E+013  2.723E-010  1.262E+009  6.930E+008
 8.990E+013  2.756E-010  1.263E+009  6.969E+008
 9.010E+013  2.789E-010  1.265E+009  7.009E+008
 9.030E+013  2.823E-010  1.267E+009  7.049E+008
 9.050E+013  2.857E-010  1.268E+009  7.089E+008
 9.070E+013  2.891E-010  1.270E+009  7.130E+008
 9.090E+013  2.926E-010  1.271E+009  7.171E+008
 9.110E+013  2.961E-010  1.273E+009  7.212E+008
 9.130E+013  2.997E-010  1.275E+009  7.253E+008
 9.150E+013  3.032E-010  1.276E+009  7.295E+008
 9.170E+013  3.069E-010  1.278E+009  7.337E+008
 9.190E+013  3.105E-010  1.279E+009  7.380E+008
 9.210E+013  3.142E-010  1.281E+009  7.422E+008
 9.230E+013  3.179E-010  1.282E+009  7.465E+008
 9.250E+013  3.217E-010  1.284E+009  7.509E+008
 9.270E+013  3.255E-010  1.285E+009  7.553E+008
 9.290E+013  3.293E-010  1.286E+009  7.597E+008
 9.310E+013  3.331E-010  1.288E+009  7.641E+008
 9.330E+013  3.370E-010  1.289E+009  7.686E+008
 9.350E+013  3.409E-010  1.290E+009  7.731E+008
 9.370E+013  3.449E-010  1.291E+009  7.776E+008
 9.390E+013  3.488E-010  1.292E+009  7.822E+008
 9.410E+013  3.528E-010  1.293E+009  7.869E+008
 9.430E+013  3.569E-010  1.294E+009  7.915E+008
 9.450E+013  3.609E-010  1.295E+009  7.963E+008
 9.470E+013  3.650E-010  1.296E+009  8.011E+008
 9.490E+013  3.691E-010  1.297E+009  8.059E+008
 9.510E+013  3.732E-010  1.297E+009  8.109E+008
 9.530E+013  3.773E-010  1.298E+009  8.158E+008
 9.550E+013  3.814E-010  1.298E+009  8.209E+008
 9.570E+013  3.856E-010  1.298E+009  8.261E+008
 9.590E+013  3.897E-010  1.298E+009  8.313E+008
 9.610E+013  3.939E-010  1.298E+009  8.366E+008
 9.630E+013  3.981E-010  1.298E+009  8.421E+008
 9.650E+013  4.022E-010  1.297E+009  8.477E+008
 9.670E+013  4.064E-010  1.297E+009  8.535E+008
 9.690E+013  4.105E-010  1.296E+009  8.594E+008
 9.710E+013  4.146E-010  1.294E+009  8.656E+008
 9.730E+013  4.186E-010  1.293E+009  8.719E+008
 9.750E+013  4.227E-010  1.291E+009  8.783E+008
 9.770E+013  4.268E-010  1.289E+009  8.848E+008
 9.790E+013  4.310E-010  1.288E+009  8.911E+008
 9.810E+013  4.354E-010  1.288E+009  8.968E+008
 9.830E+013  4.401E-010  1.289E+009  9.015E+008
 9.850E+013  4.453E-010  1.292E+009  9.048E+008
 9.870E+013  4.511E-010  1.297E+009  9.061E+008
 9.890E+013  4.570E-010  1.303E+009  9.059E+008
 9.910E+013  4.633E-010  1.310E+009  9.053E+008
 9.930E+013  4.697E-010  1.318E+009  9.042E+008
 9.950E+013  4.764E-010  1.326E+009  9.026E+008
 9.970E+013  4.827E-010  1.334E+009  9.008E+008
 9.990E+013  4.924E-010  1.342E+009  8.988E+008
 1.001E+014  1.000E-099  1.000E-099  8.988E+008
 1.003E+014  1.000E-099  1.000E-099  8.988E+008
 4.376E-003
