 2.640E+005
     x1b        dens       energ       v1
 1.000E+011  6.159E-014  9.507E+007  0.000E+000
 3.000E+011  6.176E-014  9.507E+007  3.649E+005
 5.000E+011  6.227E-014  9.507E+007  7.314E+005
 7.000E+011  6.318E-014  9.507E+007  1.097E+006
 9.000E+011  6.441E-014  9.507E+007  1.463E+006
 1.100E+012  6.582E-014  9.507E+007  1.829E+006
 1.300E+012  6.721E-014  9.507E+007  2.195E+006
 1.500E+012  6.842E-014  9.508E+007  2.562E+006
 1.700E+012  6.936E-014  9.508E+007  2.930E+006
 1.900E+012  7.004E-014  9.508E+007  3.299E+006
 2.100E+012  7.050E-014  9.508E+007  3.669E+006
 2.300E+012  7.084E-014  9.508E+007  4.042E+006
 2.500E+012  7.110E-014  9.508E+007  4.416E+006
 2.700E+012  7.133E-014  9.508E+007  4.792E+006
 2.900E+012  7.155E-014  9.508E+007  5.170E+006
 3.100E+012  7.178E-014  9.508E+007  5.549E+006
 3.300E+012  7.203E-014  9.509E+007  5.930E+006
 3.500E+012  7.232E-014  9.509E+007  6.313E+006
 3.700E+012  7.263E-014  9.509E+007  6.700E+006
 3.900E+012  7.297E-014  9.509E+007  7.089E+006
 4.100E+012  7.333E-014  9.509E+007  7.482E+006
 4.300E+012  7.370E-014  9.510E+007  7.878E+006
 4.500E+012  7.407E-014  9.510E+007  8.277E+006
 4.700E+012  7.445E-014  9.510E+007  8.679E+006
 4.900E+012  7.483E-014  9.510E+007  9.085E+006
 5.100E+012  7.520E-014  9.511E+007  9.494E+006
 5.300E+012  7.557E-014  9.511E+007  9.909E+006
 5.500E+012  7.594E-014  9.511E+007  1.033E+007
 5.700E+012  7.631E-014  9.511E+007  1.075E+007
 5.900E+012  7.669E-014  9.512E+007  1.118E+007
 6.100E+012  7.707E-014  9.512E+007  1.162E+007
 6.300E+012  7.746E-014  9.512E+007  1.206E+007
 6.500E+012  7.786E-014  9.513E+007  1.250E+007
 6.700E+012  7.826E-014  9.513E+007  1.296E+007
 6.900E+012  7.867E-014  9.513E+007  1.341E+007
 7.100E+012  7.908E-014  9.514E+007  1.388E+007
 7.300E+012  7.950E-014  9.514E+007  1.435E+007
 7.500E+012  7.992E-014  9.514E+007  1.483E+007
 7.700E+012  8.033E-014  9.515E+007  1.531E+007
 7.900E+012  8.075E-014  9.515E+007  1.580E+007
 8.100E+012  8.117E-014  9.516E+007  1.630E+007
 8.300E+012  8.158E-014  9.516E+007  1.681E+007
 8.500E+012  8.200E-014  9.517E+007  1.732E+007
 8.700E+012  8.241E-014  9.517E+007  1.784E+007
 8.900E+012  8.282E-014  9.517E+007  1.837E+007
 9.100E+012  8.323E-014  9.518E+007  1.891E+007
 9.300E+012  8.363E-014  9.518E+007  1.945E+007
 9.500E+012  8.403E-014  9.519E+007  2.001E+007
 9.700E+012  8.443E-014  9.519E+007  2.057E+007
 9.900E+012  8.482E-014  9.520E+007  2.113E+007
 1.010E+013  8.521E-014  9.520E+007  2.171E+007
 1.030E+013  8.558E-014  9.521E+007  2.229E+007
 1.050E+013  8.595E-014  9.521E+007  2.288E+007
 1.070E+013  8.630E-014  9.522E+007  2.348E+007
 1.090E+013  8.664E-014  9.522E+007  2.408E+007
 1.110E+013  8.696E-014  9.523E+007  2.470E+007
 1.130E+013  8.726E-014  9.523E+007  2.531E+007
 1.150E+013  8.754E-014  9.524E+007  2.594E+007
 1.170E+013  8.780E-014  9.525E+007  2.657E+007
 1.190E+013  8.803E-014  9.525E+007  2.720E+007
 1.210E+013  8.823E-014  9.526E+007  2.784E+007
 1.230E+013  8.840E-014  9.526E+007  2.848E+007
 1.250E+013  8.855E-014  9.527E+007  2.913E+007
 1.270E+013  8.866E-014  9.527E+007  2.978E+007
 1.290E+013  8.874E-014  9.528E+007  3.043E+007
 1.310E+013  8.879E-014  9.529E+007  3.109E+007
 1.330E+013  8.882E-014  9.529E+007  3.175E+007
 1.350E+013  8.884E-014  9.530E+007  3.241E+007
 1.370E+013  8.885E-014  9.530E+007  3.307E+007
 1.390E+013  8.885E-014  9.531E+007  3.373E+007
 1.410E+013  8.886E-014  9.531E+007  3.439E+007
 1.430E+013  8.886E-014  9.532E+007  3.505E+007
 1.450E+013  8.886E-014  9.532E+007  3.571E+007
 1.470E+013  8.886E-014  9.533E+007  3.636E+007
 1.490E+013  8.886E-014  9.534E+007  3.702E+007
 1.510E+013  8.887E-014  9.534E+007  3.767E+007
 1.530E+013  8.887E-014  9.535E+007  3.832E+007
 1.550E+013  8.887E-014  9.535E+007  3.896E+007
 1.570E+013  8.887E-014  9.536E+007  3.960E+007
 1.590E+013  8.886E-014  9.536E+007  4.023E+007
 1.610E+013  8.886E-014  9.537E+007  4.086E+007
 1.630E+013  8.886E-014  9.537E+007  4.148E+007
 1.650E+013  8.885E-014  9.538E+007  4.210E+007
 1.670E+013  8.885E-014  9.539E+007  4.270E+007
 1.690E+013  8.884E-014  9.539E+007  4.330E+007
 1.710E+013  8.883E-014  9.540E+007  4.389E+007
 1.730E+013  8.882E-014  9.540E+007  4.447E+007
 1.750E+013  8.881E-014  9.541E+007  4.505E+007
 1.770E+013  8.880E-014  9.541E+007  4.561E+007
 1.790E+013  8.879E-014  9.542E+007  4.616E+007
 1.810E+013  8.877E-014  9.542E+007  4.670E+007
 1.830E+013  8.876E-014  9.543E+007  4.724E+007
 1.850E+013  8.874E-014  9.543E+007  4.776E+007
 1.870E+013  8.872E-014  9.544E+007  4.827E+007
 1.890E+013  8.870E-014  9.544E+007  4.877E+007
 1.910E+013  8.868E-014  9.545E+007  4.926E+007
 1.930E+013  8.866E-014  9.545E+007  4.974E+007
 1.950E+013  8.864E-014  9.546E+007  5.021E+007
 1.970E+013  8.861E-014  9.546E+007  5.067E+007
 1.990E+013  8.859E-014  9.547E+007  5.111E+007
 2.010E+013  8.857E-014  9.547E+007  5.155E+007
 2.030E+013  8.855E-014  9.548E+007  5.197E+007
 2.050E+013  8.853E-014  9.548E+007  5.238E+007
 2.070E+013  8.852E-014  9.549E+007  5.277E+007
 2.090E+013  8.851E-014  9.549E+007  5.316E+007
 2.110E+013  8.850E-014  9.550E+007  5.353E+007
 2.130E+013  8.850E-014  9.551E+007  5.389E+007
 2.150E+013  8.850E-014  9.551E+007  5.424E+007
 2.170E+013  8.850E-014  9.552E+007  5.458E+007
 2.190E+013  8.850E-014  9.552E+007  5.490E+007
 2.210E+013  8.850E-014  9.553E+007  5.522E+007
 2.230E+013  8.851E-014  9.553E+007  5.552E+007
 2.250E+013  8.851E-014  9.554E+007  5.581E+007
 2.270E+013  8.852E-014  9.554E+007  5.609E+007
 2.290E+013  8.852E-014  9.555E+007  5.636E+007
 2.310E+013  8.852E-014  9.555E+007  5.662E+007
 2.330E+013  8.853E-014  9.556E+007  5.687E+007
 2.350E+013  8.854E-014  9.556E+007  5.711E+007
 2.370E+013  8.854E-014  9.557E+007  5.734E+007
 2.390E+013  8.855E-014  9.558E+007  5.755E+007
 2.410E+013  8.856E-014  9.558E+007  5.776E+007
 2.430E+013  8.858E-014  9.559E+007  5.795E+007
 2.450E+013  8.859E-014  9.559E+007  5.814E+007
 2.470E+013  8.861E-014  9.560E+007  5.832E+007
 2.490E+013  8.862E-014  9.560E+007  5.848E+007
 2.510E+013  8.864E-014  9.561E+007  5.864E+007
 2.530E+013  8.867E-014  9.562E+007  5.879E+007
 2.550E+013  8.869E-014  9.562E+007  5.893E+007
 2.570E+013  8.872E-014  9.563E+007  5.906E+007
 2.590E+013  8.875E-014  9.563E+007  5.919E+007
 2.610E+013  8.879E-014  9.564E+007  5.930E+007
 2.630E+013  8.883E-014  9.565E+007  5.941E+007
 2.650E+013  8.887E-014  9.565E+007  5.951E+007
 2.670E+013  8.892E-014  9.566E+007  5.960E+007
 2.690E+013  8.897E-014  9.566E+007  5.968E+007
 2.710E+013  8.903E-014  9.567E+007  5.976E+007
 2.730E+013  8.909E-014  9.568E+007  5.983E+007
 2.750E+013  8.916E-014  9.568E+007  5.989E+007
 2.770E+013  8.923E-014  9.569E+007  5.994E+007
 2.790E+013  8.931E-014  9.570E+007  5.999E+007
 2.810E+013  8.940E-014  9.570E+007  6.003E+007
 2.830E+013  8.949E-014  9.571E+007  6.006E+007
 2.850E+013  8.959E-014  9.572E+007  6.008E+007
 2.870E+013  8.970E-014  9.572E+007  6.009E+007
 2.890E+013  8.981E-014  9.573E+007  6.010E+007
 2.910E+013  8.994E-014  9.574E+007  6.010E+007
 2.930E+013  9.007E-014  9.575E+007  6.010E+007
 2.950E+013  9.021E-014  9.575E+007  6.009E+007
 2.970E+013  9.035E-014  9.576E+007  6.007E+007
 2.990E+013  9.051E-014  9.577E+007  6.004E+007
 3.010E+013  9.068E-014  9.577E+007  6.001E+007
 3.030E+013  9.086E-014  9.578E+007  5.997E+007
 3.050E+013  9.104E-014  9.579E+007  5.993E+007
 3.070E+013  9.124E-014  9.580E+007  5.988E+007
 3.090E+013  9.145E-014  9.580E+007  5.982E+007
 3.110E+013  9.168E-014  9.581E+007  5.976E+007
 3.130E+013  9.191E-014  9.582E+007  5.969E+007
 3.150E+013  9.216E-014  9.583E+007  5.962E+007
 3.170E+013  9.242E-014  9.583E+007  5.954E+007
 3.190E+013  9.269E-014  9.584E+007  5.946E+007
 3.210E+013  9.297E-014  9.585E+007  5.937E+007
 3.230E+013  9.328E-014  9.586E+007  5.928E+007
 3.250E+013  9.359E-014  9.586E+007  5.918E+007
 3.270E+013  9.392E-014  9.587E+007  5.907E+007
 3.290E+013  9.427E-014  9.588E+007  5.897E+007
 3.310E+013  9.463E-014  9.589E+007  5.885E+007
 3.330E+013  9.501E-014  9.590E+007  5.873E+007
 3.350E+013  9.541E-014  9.590E+007  5.861E+007
 3.370E+013  9.582E-014  9.591E+007  5.848E+007
 3.390E+013  9.626E-014  9.592E+007  5.835E+007
 3.410E+013  9.671E-014  9.593E+007  5.821E+007
 3.430E+013  9.718E-014  9.594E+007  5.807E+007
 3.450E+013  9.768E-014  9.595E+007  5.792E+007
 3.470E+013  9.819E-014  9.595E+007  5.778E+007
 3.490E+013  9.873E-014  9.596E+007  5.762E+007
 3.510E+013  9.928E-014  9.597E+007  5.747E+007
 3.530E+013  9.987E-014  9.598E+007  5.731E+007
 3.550E+013  1.005E-013  9.599E+007  5.715E+007
 3.570E+013  1.011E-013  9.600E+007  5.699E+007
 3.590E+013  1.018E-013  9.601E+007  5.682E+007
 3.610E+013  1.024E-013  9.602E+007  5.665E+007
 3.630E+013  1.031E-013  9.603E+007  5.648E+007
 3.650E+013  1.039E-013  9.604E+007  5.631E+007
 3.670E+013  1.046E-013  9.605E+007  5.614E+007
 3.690E+013  1.054E-013  9.606E+007  5.597E+007
 3.710E+013  1.063E-013  9.607E+007  5.579E+007
 3.730E+013  1.071E-013  9.608E+007  5.562E+007
 3.750E+013  1.080E-013  9.609E+007  5.545E+007
 3.770E+013  1.089E-013  9.610E+007  5.528E+007
 3.790E+013  1.099E-013  9.611E+007  5.511E+007
 3.810E+013  1.109E-013  9.612E+007  5.494E+007
 3.830E+013  1.119E-013  9.613E+007  5.477E+007
 3.850E+013  1.129E-013  9.615E+007  5.461E+007
 3.870E+013  1.140E-013  9.616E+007  5.445E+007
 3.890E+013  1.152E-013  9.617E+007  5.429E+007
 3.910E+013  1.164E-013  9.618E+007  5.413E+007
 3.930E+013  1.176E-013  9.619E+007  5.397E+007
 3.950E+013  1.189E-013  9.621E+007  5.382E+007
 3.970E+013  1.202E-013  9.622E+007  5.368E+007
 3.990E+013  1.215E-013  9.623E+007  5.354E+007
 4.010E+013  1.230E-013  9.625E+007  5.340E+007
 4.030E+013  1.244E-013  9.626E+007  5.327E+007
 4.050E+013  1.259E-013  9.627E+007  5.314E+007
 4.070E+013  1.275E-013  9.629E+007  5.302E+007
 4.090E+013  1.291E-013  9.630E+007  5.290E+007
 4.110E+013  1.308E-013  9.632E+007  5.279E+007
 4.130E+013  1.325E-013  9.633E+007  5.268E+007
 4.150E+013  1.343E-013  9.635E+007  5.258E+007
 4.170E+013  1.362E-013  9.637E+007  5.249E+007
 4.190E+013  1.381E-013  9.638E+007  5.240E+007
 4.210E+013  1.401E-013  9.640E+007  5.232E+007
 4.230E+013  1.422E-013  9.642E+007  5.224E+007
 4.250E+013  1.443E-013  9.644E+007  5.217E+007
 4.270E+013  1.465E-013  9.645E+007  5.210E+007
 4.290E+013  1.488E-013  9.647E+007  5.204E+007
 4.310E+013  1.511E-013  9.649E+007  5.199E+007
 4.330E+013  1.536E-013  9.651E+007  5.193E+007
 4.350E+013  1.561E-013  9.653E+007  5.189E+007
 4.370E+013  1.587E-013  9.655E+007  5.185E+007
 4.390E+013  1.614E-013  9.657E+007  5.181E+007
 4.410E+013  1.642E-013  9.659E+007  5.177E+007
 4.430E+013  1.670E-013  9.661E+007  5.173E+007
 4.450E+013  1.700E-013  9.663E+007  5.170E+007
 4.470E+013  1.731E-013  9.666E+007  5.166E+007
 4.490E+013  1.763E-013  9.668E+007  5.162E+007
 4.510E+013  1.795E-013  9.670E+007  5.158E+007
 4.530E+013  1.829E-013  9.672E+007  5.154E+007
 4.550E+013  1.864E-013  9.675E+007  5.149E+007
 4.570E+013  1.901E-013  9.677E+007  5.143E+007
 4.590E+013  1.938E-013  9.680E+007  5.137E+007
 4.610E+013  1.977E-013  9.682E+007  5.129E+007
 4.630E+013  2.017E-013  9.685E+007  5.121E+007
 4.650E+013  2.058E-013  9.688E+007  5.111E+007
 4.670E+013  2.100E-013  9.690E+007  5.100E+007
 4.690E+013  2.144E-013  9.693E+007  5.087E+007
 4.710E+013  2.189E-013  9.696E+007  5.072E+007
 4.730E+013  2.236E-013  9.698E+007  5.056E+007
 4.750E+013  2.284E-013  9.701E+007  5.037E+007
 4.770E+013  2.334E-013  9.704E+007  5.016E+007
 4.790E+013  2.385E-013  9.707E+007  4.993E+007
 4.810E+013  2.438E-013  9.710E+007  4.968E+007
 4.830E+013  2.493E-013  9.713E+007  4.940E+007
 4.850E+013  2.549E-013  9.716E+007  4.909E+007
 4.870E+013  2.607E-013  9.719E+007  4.876E+007
 4.890E+013  2.667E-013  9.723E+007  4.840E+007
 4.910E+013  2.728E-013  9.726E+007  4.802E+007
 4.930E+013  2.792E-013  9.729E+007  4.761E+007
 4.950E+013  2.857E-013  9.732E+007  4.717E+007
 4.970E+013  2.924E-013  9.736E+007  4.670E+007
 4.990E+013  2.993E-013  9.739E+007  4.621E+007
 5.010E+013  3.064E-013  9.743E+007  4.570E+007
 5.030E+013  3.137E-013  9.746E+007  4.516E+007
 5.050E+013  3.212E-013  9.750E+007  4.460E+007
 5.070E+013  3.290E-013  9.754E+007  4.403E+007
 5.090E+013  3.369E-013  9.757E+007  4.343E+007
 5.110E+013  3.451E-013  9.761E+007  4.283E+007
 5.130E+013  3.534E-013  9.765E+007  4.221E+007
 5.150E+013  3.620E-013  9.769E+007  4.158E+007
 5.170E+013  3.708E-013  9.773E+007  4.095E+007
 5.190E+013  3.799E-013  9.777E+007  4.032E+007
 5.210E+013  3.891E-013  9.781E+007  3.970E+007
 5.230E+013  3.986E-013  9.786E+007  3.908E+007
 5.250E+013  4.084E-013  9.790E+007  3.847E+007
 5.270E+013  4.183E-013  9.794E+007  3.788E+007
 5.290E+013  4.285E-013  9.799E+007  3.730E+007
 5.310E+013  4.390E-013  9.804E+007  3.675E+007
 5.330E+013  4.497E-013  9.808E+007  3.622E+007
 5.350E+013  4.606E-013  9.813E+007  3.573E+007
 5.370E+013  4.717E-013  9.818E+007  3.527E+007
 5.390E+013  4.831E-013  9.823E+007  3.484E+007
 5.410E+013  4.947E-013  9.828E+007  3.446E+007
 5.430E+013  5.066E-013  9.834E+007  3.412E+007
 5.450E+013  5.187E-013  9.839E+007  3.382E+007
 5.470E+013  5.310E-013  9.845E+007  3.357E+007
 5.490E+013  5.436E-013  9.851E+007  3.338E+007
 5.510E+013  5.564E-013  9.857E+007  3.323E+007
 5.530E+013  5.694E-013  9.863E+007  3.314E+007
 5.550E+013  5.826E-013  9.869E+007  3.310E+007
 5.570E+013  5.961E-013  9.875E+007  3.312E+007
 5.590E+013  6.098E-013  9.882E+007  3.319E+007
 5.610E+013  6.237E-013  9.888E+007  3.331E+007
 5.630E+013  6.378E-013  9.895E+007  3.349E+007
 5.650E+013  6.522E-013  9.902E+007  3.372E+007
 5.670E+013  6.667E-013  9.909E+007  3.401E+007
 5.690E+013  6.815E-013  9.916E+007  3.434E+007
 5.710E+013  6.964E-013  9.923E+007  3.472E+007
 5.730E+013  7.115E-013  9.931E+007  3.516E+007
 5.750E+013  7.269E-013  9.938E+007  3.563E+007
 5.770E+013  7.424E-013  9.946E+007  3.616E+007
 5.790E+013  7.581E-013  9.954E+007  3.672E+007
 5.810E+013  7.739E-013  9.961E+007  3.733E+007
 5.830E+013  7.900E-013  9.969E+007  3.797E+007
 5.850E+013  8.062E-013  9.977E+007  3.865E+007
 5.870E+013  8.225E-013  9.986E+007  3.937E+007
 5.890E+013  8.390E-013  9.994E+007  4.012E+007
 5.910E+013  8.557E-013  1.000E+008  4.090E+007
 5.930E+013  8.725E-013  1.001E+008  4.170E+007
 5.950E+013  8.894E-013  1.002E+008  4.252E+007
 5.970E+013  9.065E-013  1.003E+008  4.337E+007
 5.990E+013  9.237E-013  1.004E+008  4.422E+007
 6.010E+013  9.411E-013  1.005E+008  4.508E+007
 6.030E+013  9.585E-013  1.005E+008  4.594E+007
 6.050E+013  9.761E-013  1.006E+008  4.680E+007
 6.070E+013  9.938E-013  1.007E+008  4.764E+007
 6.090E+013  1.012E-012  1.008E+008  4.847E+007
 6.110E+013  1.030E-012  1.009E+008  4.926E+007
 6.130E+013  1.048E-012  1.010E+008  5.003E+007
 6.150E+013  1.066E-012  1.011E+008  5.074E+007
 6.170E+013  1.084E-012  1.011E+008  5.141E+007
 6.190E+013  1.102E-012  1.012E+008  5.202E+007
 6.210E+013  1.121E-012  1.013E+008  5.257E+007
 6.230E+013  1.139E-012  1.014E+008  5.304E+007
 6.250E+013  1.158E-012  1.015E+008  5.344E+007
 6.270E+013  1.176E-012  1.016E+008  5.376E+007
 6.290E+013  1.195E-012  1.016E+008  5.400E+007
 6.310E+013  1.214E-012  1.017E+008  5.416E+007
 6.330E+013  1.233E-012  1.018E+008  5.424E+007
 6.350E+013  1.252E-012  1.019E+008  5.426E+007
 6.370E+013  1.271E-012  1.020E+008  5.422E+007
 6.390E+013  1.290E-012  1.020E+008  5.413E+007
 6.410E+013  1.310E-012  1.021E+008  5.399E+007
 6.430E+013  1.329E-012  1.022E+008  5.382E+007
 6.450E+013  1.349E-012  1.023E+008  5.362E+007
 6.470E+013  1.368E-012  1.024E+008  5.341E+007
 6.490E+013  1.388E-012  1.024E+008  5.318E+007
 6.510E+013  1.408E-012  1.025E+008  5.293E+007
 6.530E+013  1.428E-012  1.026E+008  5.268E+007
 6.550E+013  1.448E-012  1.027E+008  5.241E+007
 6.570E+013  1.468E-012  1.028E+008  5.212E+007
 6.590E+013  1.489E-012  1.029E+008  5.180E+007
 6.610E+013  1.509E-012  1.029E+008  5.144E+007
 6.630E+013  1.530E-012  1.030E+008  5.102E+007
 6.650E+013  1.551E-012  1.031E+008  5.054E+007
 6.670E+013  1.572E-012  1.032E+008  4.998E+007
 6.690E+013  1.593E-012  1.033E+008  4.932E+007
 6.710E+013  1.614E-012  1.034E+008  4.855E+007
 6.730E+013  1.636E-012  1.035E+008  4.765E+007
 6.750E+013  1.658E-012  1.036E+008  4.661E+007
 6.770E+013  1.679E-012  1.037E+008  4.541E+007
 6.790E+013  1.701E-012  1.038E+008  4.404E+007
 6.810E+013  1.724E-012  1.039E+008  4.250E+007
 6.830E+013  1.746E-012  1.039E+008  4.076E+007
 6.850E+013  1.769E-012  1.040E+008  3.884E+007
 6.870E+013  1.791E-012  1.041E+008  3.671E+007
 6.890E+013  1.814E-012  1.042E+008  3.438E+007
 6.910E+013  1.837E-012  1.043E+008  3.185E+007
 6.930E+013  1.861E-012  1.044E+008  2.914E+007
 6.950E+013  1.885E-012  1.045E+008  2.624E+007
 6.970E+013  1.908E-012  1.046E+008  2.317E+007
 6.990E+013  1.932E-012  1.047E+008  1.994E+007
 7.010E+013  1.957E-012  1.048E+008  1.658E+007
 7.030E+013  1.982E-012  1.049E+008  1.311E+007
 7.050E+013  2.006E-012  1.050E+008  9.562E+006
 7.070E+013  2.032E-012  1.051E+008  5.958E+006
 7.090E+013  2.057E-012  1.052E+008  2.326E+006
 7.110E+013  2.083E-012  1.053E+008 -1.302E+006
 7.130E+013  2.109E-012  1.054E+008 -4.893E+006
 7.150E+013  2.136E-012  1.055E+008 -8.418E+006
 7.170E+013  2.163E-012  1.056E+008 -1.185E+007
 7.190E+013  2.190E-012  1.058E+008 -1.516E+007
 7.210E+013  2.218E-012  1.059E+008 -1.832E+007
 7.230E+013  2.246E-012  1.060E+008 -2.133E+007
 7.250E+013  2.275E-012  1.062E+008 -2.415E+007
 7.270E+013  2.304E-012  1.063E+008 -2.679E+007
 7.290E+013  2.333E-012  1.065E+008 -2.924E+007
 7.310E+013  2.363E-012  1.066E+008 -3.151E+007
 7.330E+013  2.393E-012  1.068E+008 -3.360E+007
 7.350E+013  2.424E-012  1.070E+008 -3.552E+007
 7.370E+013  2.455E-012  1.071E+008 -3.728E+007
 7.390E+013  2.487E-012  1.073E+008 -3.892E+007
 7.410E+013  2.519E-012  1.075E+008 -4.046E+007
 7.430E+013  2.552E-012  1.077E+008 -4.190E+007
 7.450E+013  2.585E-012  1.078E+008 -4.330E+007
 7.470E+013  2.619E-012  1.080E+008 -4.464E+007
 7.490E+013  2.653E-012  1.082E+008 -4.597E+007
 7.510E+013  2.687E-012  1.083E+008 -4.725E+007
 7.530E+013  2.722E-012  1.085E+008 -4.852E+007
 7.550E+013  2.757E-012  1.087E+008 -4.975E+007
 7.570E+013  2.793E-012  1.088E+008 -5.095E+007
 7.590E+013  2.829E-012  1.090E+008 -5.208E+007
 7.610E+013  2.866E-012  1.092E+008 -5.313E+007
 7.630E+013  2.903E-012  1.093E+008 -5.405E+007
 7.650E+013  2.941E-012  1.095E+008 -5.481E+007
 7.670E+013  2.979E-012  1.096E+008 -5.536E+007
 7.690E+013  3.018E-012  1.098E+008 -5.565E+007
 7.710E+013  3.057E-012  1.100E+008 -5.566E+007
 7.730E+013  3.097E-012  1.101E+008 -5.533E+007
 7.750E+013  3.138E-012  1.103E+008 -5.462E+007
 7.770E+013  3.180E-012  1.105E+008 -5.350E+007
 7.790E+013  3.222E-012  1.107E+008 -5.198E+007
 7.810E+013  3.264E-012  1.109E+008 -5.004E+007
 7.830E+013  3.308E-012  1.111E+008 -4.772E+007
 7.850E+013  3.352E-012  1.113E+008 -4.507E+007
 7.870E+013  3.397E-012  1.115E+008 -4.214E+007
 7.890E+013  3.443E-012  1.117E+008 -3.900E+007
 7.910E+013  3.489E-012  1.119E+008 -3.576E+007
 7.930E+013  3.535E-012  1.121E+008 -3.251E+007
 7.950E+013  3.582E-012  1.122E+008 -2.936E+007
 7.970E+013  3.629E-012  1.124E+008 -2.640E+007
 7.990E+013  3.677E-012  1.126E+008 -2.373E+007
 8.010E+013  3.725E-012  1.127E+008 -2.144E+007
 8.030E+013  3.773E-012  1.128E+008 -1.959E+007
 8.050E+013  3.822E-012  1.129E+008 -1.818E+007
 8.070E+013  3.870E-012  1.130E+008 -1.721E+007
 8.090E+013  3.919E-012  1.130E+008 -1.664E+007
 8.110E+013  3.969E-012  1.131E+008 -1.641E+007
 8.130E+013  4.018E-012  1.131E+008 -1.645E+007
 8.150E+013  4.068E-012  1.132E+008 -1.667E+007
 8.170E+013  4.119E-012  1.132E+008 -1.701E+007
 8.190E+013  4.170E-012  1.132E+008 -1.740E+007
 8.210E+013  4.221E-012  1.133E+008 -1.776E+007
 8.230E+013  4.273E-012  1.133E+008 -1.806E+007
 8.250E+013  4.326E-012  1.133E+008 -1.825E+007
 8.270E+013  4.380E-012  1.134E+008 -1.828E+007
 8.290E+013  4.434E-012  1.134E+008 -1.814E+007
 8.310E+013  4.488E-012  1.135E+008 -1.780E+007
 8.330E+013  4.544E-012  1.135E+008 -1.725E+007
 8.350E+013  4.600E-012  1.136E+008 -1.648E+007
 8.370E+013  4.656E-012  1.136E+008 -1.550E+007
 8.390E+013  4.714E-012  1.137E+008 -1.430E+007
 8.410E+013  4.771E-012  1.137E+008 -1.291E+007
 8.430E+013  4.829E-012  1.138E+008 -1.135E+007
 8.450E+013  4.888E-012  1.138E+008 -9.645E+006
 8.470E+013  4.946E-012  1.138E+008 -7.833E+006
 8.490E+013  5.006E-012  1.139E+008 -5.958E+006
 8.510E+013  5.065E-012  1.139E+008 -4.073E+006
 8.530E+013  5.126E-012  1.139E+008 -2.234E+006
 8.550E+013  5.186E-012  1.139E+008 -5.044E+005
 8.570E+013  5.247E-012  1.140E+008  1.056E+006
 8.590E+013  5.309E-012  1.140E+008  2.385E+006
 8.610E+013  5.372E-012  1.141E+008  3.428E+006
 8.630E+013  5.436E-012  1.141E+008  4.140E+006
 8.650E+013  5.500E-012  1.142E+008  4.494E+006
 8.670E+013  5.566E-012  1.143E+008  4.484E+006
 8.690E+013  5.632E-012  1.144E+008  4.131E+006
 8.710E+013  5.699E-012  1.145E+008  3.480E+006
 8.730E+013  5.768E-012  1.146E+008  2.597E+006
 8.750E+013  5.837E-012  1.147E+008  1.561E+006
 8.770E+013  5.907E-012  1.148E+008  4.588E+005
 8.790E+013  5.977E-012  1.150E+008 -6.169E+005
 8.810E+013  6.048E-012  1.151E+008 -1.579E+006
 8.830E+013  6.120E-012  1.152E+008 -2.365E+006
 8.850E+013  6.192E-012  1.154E+008 -2.927E+006
 8.870E+013  6.264E-012  1.155E+008 -3.204E+006
 8.890E+013  6.337E-012  1.156E+008 -3.163E+006
 8.910E+013  6.409E-012  1.157E+008 -2.776E+006
 8.930E+013  6.482E-012  1.157E+008 -2.003E+006
 8.950E+013  6.555E-012  1.158E+008 -8.383E+005
 8.970E+013  6.628E-012  1.159E+008  7.126E+005
 8.990E+013  6.701E-012  1.159E+008  2.603E+006
 9.010E+013  6.775E-012  1.159E+008  4.753E+006
 9.030E+013  6.849E-012  1.159E+008  7.070E+006
 9.050E+013  6.923E-012  1.160E+008  9.405E+006
 9.070E+013  6.998E-012  1.160E+008  1.163E+007
 9.090E+013  7.075E-012  1.161E+008  1.362E+007
 9.110E+013  7.152E-012  1.161E+008  1.528E+007
 9.130E+013  7.231E-012  1.162E+008  1.657E+007
 9.150E+013  7.311E-012  1.163E+008  1.753E+007
 9.170E+013  7.391E-012  1.164E+008  1.824E+007
 9.190E+013  7.472E-012  1.165E+008  1.886E+007
 9.210E+013  7.554E-012  1.166E+008  1.950E+007
 9.230E+013  7.636E-012  1.167E+008  2.024E+007
 9.250E+013  7.719E-012  1.168E+008  2.113E+007
 9.270E+013  7.802E-012  1.168E+008  2.213E+007
 9.290E+013  7.885E-012  1.169E+008  2.315E+007
 9.310E+013  7.969E-012  1.170E+008  2.412E+007
 9.330E+013  8.054E-012  1.170E+008  2.494E+007
 9.350E+013  8.139E-012  1.171E+008  2.559E+007
 9.370E+013  8.226E-012  1.172E+008  2.606E+007
 9.390E+013  8.313E-012  1.173E+008  2.641E+007
 9.410E+013  8.401E-012  1.173E+008  2.673E+007
 9.430E+013  8.488E-012  1.174E+008  2.708E+007
 9.450E+013  8.577E-012  1.174E+008  2.749E+007
 9.470E+013  8.665E-012  1.175E+008  2.790E+007
 9.490E+013  8.755E-012  1.175E+008  2.825E+007
 9.510E+013  8.845E-012  1.176E+008  2.845E+007
 9.530E+013  8.935E-012  1.176E+008  2.848E+007
 9.550E+013  9.027E-012  1.176E+008  2.840E+007
 9.570E+013  9.119E-012  1.177E+008  2.827E+007
 9.590E+013  9.211E-012  1.177E+008  2.812E+007
 9.610E+013  9.304E-012  1.177E+008  2.794E+007
 9.630E+013  9.397E-012  1.177E+008  2.772E+007
 9.650E+013  9.491E-012  1.177E+008  2.741E+007
 9.670E+013  9.586E-012  1.177E+008  2.703E+007
 9.690E+013  9.681E-012  1.177E+008  2.660E+007
 9.710E+013  9.777E-012  1.177E+008  2.614E+007
 9.730E+013  9.874E-012  1.177E+008  2.569E+007
 9.750E+013  9.971E-012  1.177E+008  2.523E+007
 9.770E+013  1.007E-011  1.177E+008  2.477E+007
 9.790E+013  1.017E-011  1.176E+008  2.431E+007
 9.810E+013  1.027E-011  1.176E+008  2.385E+007
 9.830E+013  1.037E-011  1.176E+008  2.341E+007
 9.850E+013  1.047E-011  1.176E+008  2.301E+007
 9.870E+013  1.057E-011  1.175E+008  2.265E+007
 9.890E+013  1.067E-011  1.175E+008  2.232E+007
 9.910E+013  1.077E-011  1.175E+008  2.205E+007
 9.930E+013  1.088E-011  1.174E+008  2.181E+007
 9.950E+013  1.098E-011  1.174E+008  2.163E+007
 9.970E+013  1.108E-011  1.174E+008  2.152E+007
 9.990E+013  1.125E-011  1.173E+008  2.146E+007
 1.001E+014  1.000E-099  1.000E-099  2.146E+007
 1.003E+014  1.000E-099  1.000E-099  2.146E+007
 8.371E-003
