 1.800E+005
     x1b        dens       energ       v1
 1.000E+011  2.223E-013  8.077E+008  0.000E+000
 3.000E+011  2.244E-013  8.077E+008  1.045E+006
 5.000E+011  2.298E-013  8.077E+008  2.045E+006
 7.000E+011  2.374E-013  8.077E+008  3.081E+006
 9.000E+011  2.449E-013  8.077E+008  4.104E+006
 1.100E+012  2.504E-013  8.077E+008  5.132E+006
 1.300E+012  2.538E-013  8.077E+008  6.158E+006
 1.500E+012  2.557E-013  8.077E+008  7.185E+006
 1.700E+012  2.571E-013  8.077E+008  8.212E+006
 1.900E+012  2.583E-013  8.077E+008  9.240E+006
 2.100E+012  2.596E-013  8.077E+008  1.027E+007
 2.300E+012  2.612E-013  8.077E+008  1.130E+007
 2.500E+012  2.630E-013  8.077E+008  1.232E+007
 2.700E+012  2.650E-013  8.077E+008  1.335E+007
 2.900E+012  2.671E-013  8.077E+008  1.438E+007
 3.100E+012  2.692E-013  8.077E+008  1.541E+007
 3.300E+012  2.712E-013  8.077E+008  1.644E+007
 3.500E+012  2.732E-013  8.077E+008  1.747E+007
 3.700E+012  2.753E-013  8.077E+008  1.850E+007
 3.900E+012  2.774E-013  8.077E+008  1.953E+007
 4.100E+012  2.795E-013  8.077E+008  2.057E+007
 4.300E+012  2.817E-013  8.077E+008  2.160E+007
 4.500E+012  2.840E-013  8.077E+008  2.263E+007
 4.700E+012  2.862E-013  8.077E+008  2.367E+007
 4.900E+012  2.885E-013  8.077E+008  2.470E+007
 5.100E+012  2.908E-013  8.077E+008  2.574E+007
 5.300E+012  2.931E-013  8.077E+008  2.678E+007
 5.500E+012  2.954E-013  8.077E+008  2.781E+007
 5.700E+012  2.977E-013  8.077E+008  2.885E+007
 5.900E+012  2.999E-013  8.077E+008  2.989E+007
 6.100E+012  3.021E-013  8.077E+008  3.093E+007
 6.300E+012  3.043E-013  8.077E+008  3.197E+007
 6.500E+012  3.065E-013  8.077E+008  3.301E+007
 6.700E+012  3.086E-013  8.077E+008  3.406E+007
 6.900E+012  3.106E-013  8.077E+008  3.510E+007
 7.100E+012  3.125E-013  8.077E+008  3.615E+007
 7.300E+012  3.142E-013  8.077E+008  3.719E+007
 7.500E+012  3.157E-013  8.077E+008  3.824E+007
 7.700E+012  3.171E-013  8.077E+008  3.929E+007
 7.900E+012  3.182E-013  8.077E+008  4.034E+007
 8.100E+012  3.191E-013  8.077E+008  4.139E+007
 8.300E+012  3.197E-013  8.077E+008  4.244E+007
 8.500E+012  3.200E-013  8.077E+008  4.349E+007
 8.700E+012  3.202E-013  8.077E+008  4.454E+007
 8.900E+012  3.203E-013  8.077E+008  4.560E+007
 9.100E+012  3.203E-013  8.077E+008  4.665E+007
 9.300E+012  3.203E-013  8.077E+008  4.771E+007
 9.500E+012  3.203E-013  8.077E+008  4.877E+007
 9.700E+012  3.203E-013  8.077E+008  4.982E+007
 9.900E+012  3.203E-013  8.077E+008  5.088E+007
 1.010E+013  3.203E-013  8.077E+008  5.194E+007
 1.030E+013  3.202E-013  8.077E+008  5.300E+007
 1.050E+013  3.202E-013  8.077E+008  5.406E+007
 1.070E+013  3.202E-013  8.077E+008  5.513E+007
 1.090E+013  3.201E-013  8.077E+008  5.619E+007
 1.110E+013  3.201E-013  8.077E+008  5.725E+007
 1.130E+013  3.200E-013  8.077E+008  5.832E+007
 1.150E+013  3.199E-013  8.077E+008  5.939E+007
 1.170E+013  3.198E-013  8.077E+008  6.045E+007
 1.190E+013  3.197E-013  8.077E+008  6.152E+007
 1.210E+013  3.196E-013  8.077E+008  6.259E+007
 1.230E+013  3.195E-013  8.077E+008  6.365E+007
 1.250E+013  3.194E-013  8.077E+008  6.472E+007
 1.270E+013  3.192E-013  8.077E+008  6.579E+007
 1.290E+013  3.191E-013  8.077E+008  6.686E+007
 1.310E+013  3.189E-013  8.077E+008  6.793E+007
 1.330E+013  3.188E-013  8.077E+008  6.900E+007
 1.350E+013  3.187E-013  8.077E+008  7.007E+007
 1.370E+013  3.187E-013  8.077E+008  7.114E+007
 1.390E+013  3.186E-013  8.077E+008  7.222E+007
 1.410E+013  3.186E-013  8.077E+008  7.329E+007
 1.430E+013  3.186E-013  8.077E+008  7.436E+007
 1.450E+013  3.186E-013  8.077E+008  7.543E+007
 1.470E+013  3.186E-013  8.077E+008  7.650E+007
 1.490E+013  3.186E-013  8.077E+008  7.757E+007
 1.510E+013  3.186E-013  8.077E+008  7.865E+007
 1.530E+013  3.186E-013  8.077E+008  7.972E+007
 1.550E+013  3.187E-013  8.077E+008  8.079E+007
 1.570E+013  3.187E-013  8.077E+008  8.186E+007
 1.590E+013  3.188E-013  8.077E+008  8.293E+007
 1.610E+013  3.188E-013  8.077E+008  8.400E+007
 1.630E+013  3.189E-013  8.077E+008  8.507E+007
 1.650E+013  3.190E-013  8.077E+008  8.615E+007
 1.670E+013  3.191E-013  8.077E+008  8.722E+007
 1.690E+013  3.193E-013  8.077E+008  8.829E+007
 1.710E+013  3.195E-013  8.077E+008  8.936E+007
 1.730E+013  3.197E-013  8.077E+008  9.042E+007
 1.750E+013  3.199E-013  8.077E+008  9.149E+007
 1.770E+013  3.202E-013  8.077E+008  9.256E+007
 1.790E+013  3.206E-013  8.077E+008  9.363E+007
 1.810E+013  3.210E-013  8.077E+008  9.470E+007
 1.830E+013  3.214E-013  8.077E+008  9.576E+007
 1.850E+013  3.219E-013  8.077E+008  9.683E+007
 1.870E+013  3.224E-013  8.077E+008  9.789E+007
 1.890E+013  3.230E-013  8.077E+008  9.896E+007
 1.910E+013  3.237E-013  8.077E+008  1.000E+008
 1.930E+013  3.245E-013  8.077E+008  1.011E+008
 1.950E+013  3.253E-013  8.077E+008  1.021E+008
 1.970E+013  3.262E-013  8.077E+008  1.032E+008
 1.990E+013  3.272E-013  8.077E+008  1.043E+008
 2.010E+013  3.283E-013  8.077E+008  1.053E+008
 2.030E+013  3.295E-013  8.077E+008  1.064E+008
 2.050E+013  3.307E-013  8.077E+008  1.074E+008
 2.070E+013  3.321E-013  8.077E+008  1.085E+008
 2.090E+013  3.336E-013  8.077E+008  1.096E+008
 2.110E+013  3.353E-013  8.077E+008  1.106E+008
 2.130E+013  3.370E-013  8.077E+008  1.117E+008
 2.150E+013  3.389E-013  8.077E+008  1.127E+008
 2.170E+013  3.409E-013  8.077E+008  1.138E+008
 2.190E+013  3.431E-013  8.077E+008  1.148E+008
 2.210E+013  3.454E-013  8.077E+008  1.159E+008
 2.230E+013  3.478E-013  8.077E+008  1.169E+008
 2.250E+013  3.505E-013  8.077E+008  1.180E+008
 2.270E+013  3.533E-013  8.077E+008  1.190E+008
 2.290E+013  3.563E-013  8.077E+008  1.201E+008
 2.310E+013  3.595E-013  8.077E+008  1.211E+008
 2.330E+013  3.628E-013  8.077E+008  1.222E+008
 2.350E+013  3.664E-013  8.077E+008  1.232E+008
 2.370E+013  3.703E-013  8.077E+008  1.243E+008
 2.390E+013  3.743E-013  8.077E+008  1.253E+008
 2.410E+013  3.786E-013  8.077E+008  1.264E+008
 2.430E+013  3.831E-013  8.077E+008  1.274E+008
 2.450E+013  3.879E-013  8.077E+008  1.285E+008
 2.470E+013  3.930E-013  8.077E+008  1.295E+008
 2.490E+013  3.984E-013  8.077E+008  1.305E+008
 2.510E+013  4.040E-013  8.077E+008  1.316E+008
 2.530E+013  4.100E-013  8.077E+008  1.326E+008
 2.550E+013  4.164E-013  8.077E+008  1.337E+008
 2.570E+013  4.231E-013  8.077E+008  1.347E+008
 2.590E+013  4.301E-013  8.077E+008  1.357E+008
 2.610E+013  4.375E-013  8.077E+008  1.368E+008
 2.630E+013  4.454E-013  8.077E+008  1.378E+008
 2.650E+013  4.537E-013  8.077E+008  1.388E+008
 2.670E+013  4.624E-013  8.077E+008  1.399E+008
 2.690E+013  4.716E-013  8.077E+008  1.409E+008
 2.710E+013  4.813E-013  8.077E+008  1.420E+008
 2.730E+013  4.915E-013  8.077E+008  1.430E+008
 2.750E+013  5.022E-013  8.077E+008  1.440E+008
 2.770E+013  5.135E-013  8.077E+008  1.451E+008
 2.790E+013  5.254E-013  8.077E+008  1.461E+008
 2.810E+013  5.379E-013  8.077E+008  1.471E+008
 2.830E+013  5.511E-013  8.077E+008  1.482E+008
 2.850E+013  5.649E-013  8.077E+008  1.492E+008
 2.870E+013  5.795E-013  8.077E+008  1.502E+008
 2.890E+013  5.949E-013  8.077E+008  1.513E+008
 2.910E+013  6.110E-013  8.077E+008  1.523E+008
 2.930E+013  6.279E-013  8.077E+008  1.534E+008
 2.950E+013  6.457E-013  8.077E+008  1.544E+008
 2.970E+013  6.644E-013  8.077E+008  1.554E+008
 2.990E+013  6.841E-013  8.077E+008  1.565E+008
 3.010E+013  7.047E-013  8.077E+008  1.575E+008
 3.030E+013  7.263E-013  8.077E+008  1.586E+008
 3.050E+013  7.491E-013  8.077E+008  1.596E+008
 3.070E+013  7.729E-013  8.077E+008  1.606E+008
 3.090E+013  7.979E-013  8.076E+008  1.617E+008
 3.110E+013  8.241E-013  8.076E+008  1.627E+008
 3.130E+013  8.515E-013  8.076E+008  1.638E+008
 3.150E+013  8.803E-013  8.076E+008  1.648E+008
 3.170E+013  9.104E-013  8.076E+008  1.659E+008
 3.190E+013  9.418E-013  8.076E+008  1.669E+008
 3.210E+013  9.747E-013  8.076E+008  1.680E+008
 3.230E+013  1.009E-012  8.076E+008  1.690E+008
 3.250E+013  1.045E-012  8.076E+008  1.701E+008
 3.270E+013  1.083E-012  8.076E+008  1.711E+008
 3.290E+013  1.122E-012  8.076E+008  1.722E+008
 3.310E+013  1.162E-012  8.076E+008  1.733E+008
 3.330E+013  1.205E-012  8.076E+008  1.743E+008
 3.350E+013  1.249E-012  8.076E+008  1.754E+008
 3.370E+013  1.295E-012  8.076E+008  1.764E+008
 3.390E+013  1.342E-012  8.076E+008  1.775E+008
 3.410E+013  1.392E-012  8.076E+008  1.786E+008
 3.430E+013  1.443E-012  8.076E+008  1.796E+008
 3.450E+013  1.496E-012  8.076E+008  1.807E+008
 3.470E+013  1.551E-012  8.076E+008  1.818E+008
 3.490E+013  1.608E-012  8.076E+008  1.828E+008
 3.510E+013  1.667E-012  8.076E+008  1.839E+008
 3.530E+013  1.727E-012  8.076E+008  1.850E+008
 3.550E+013  1.789E-012  8.076E+008  1.861E+008
 3.570E+013  1.853E-012  8.076E+008  1.871E+008
 3.590E+013  1.919E-012  8.076E+008  1.882E+008
 3.610E+013  1.986E-012  8.075E+008  1.893E+008
 3.630E+013  2.056E-012  8.075E+008  1.903E+008
 3.650E+013  2.126E-012  8.075E+008  1.914E+008
 3.670E+013  2.199E-012  8.075E+008  1.925E+008
 3.690E+013  2.273E-012  8.075E+008  1.935E+008
 3.710E+013  2.348E-012  8.075E+008  1.946E+008
 3.730E+013  2.425E-012  8.075E+008  1.956E+008
 3.750E+013  2.503E-012  8.075E+008  1.967E+008
 3.770E+013  2.583E-012  8.075E+008  1.977E+008
 3.790E+013  2.664E-012  8.075E+008  1.988E+008
 3.810E+013  2.746E-012  8.075E+008  1.998E+008
 3.830E+013  2.829E-012  8.075E+008  2.009E+008
 3.850E+013  2.913E-012  8.074E+008  2.019E+008
 3.870E+013  2.998E-012  8.074E+008  2.029E+008
 3.890E+013  3.084E-012  8.074E+008  2.040E+008
 3.910E+013  3.171E-012  8.074E+008  2.050E+008
 3.930E+013  3.259E-012  8.074E+008  2.060E+008
 3.950E+013  3.348E-012  8.074E+008  2.071E+008
 3.970E+013  3.437E-012  8.074E+008  2.081E+008
 3.990E+013  3.527E-012  8.073E+008  2.091E+008
 4.010E+013  3.617E-012  8.073E+008  2.101E+008
 4.030E+013  3.709E-012  8.073E+008  2.112E+008
 4.050E+013  3.801E-012  8.073E+008  2.122E+008
 4.070E+013  3.893E-012  8.073E+008  2.132E+008
 4.090E+013  3.986E-012  8.073E+008  2.143E+008
 4.110E+013  4.079E-012  8.072E+008  2.153E+008
 4.130E+013  4.174E-012  8.072E+008  2.164E+008
 4.150E+013  4.268E-012  8.072E+008  2.174E+008
 4.170E+013  4.363E-012  8.072E+008  2.184E+008
 4.190E+013  4.459E-012  8.072E+008  2.195E+008
 4.210E+013  4.556E-012  8.072E+008  2.206E+008
 4.230E+013  4.652E-012  8.071E+008  2.216E+008
 4.250E+013  4.750E-012  8.071E+008  2.227E+008
 4.270E+013  4.848E-012  8.071E+008  2.238E+008
 4.290E+013  4.947E-012  8.071E+008  2.248E+008
 4.310E+013  5.047E-012  8.071E+008  2.259E+008
 4.330E+013  5.147E-012  8.070E+008  2.270E+008
 4.350E+013  5.249E-012  8.070E+008  2.281E+008
 4.370E+013  5.351E-012  8.070E+008  2.292E+008
 4.390E+013  5.454E-012  8.070E+008  2.303E+008
 4.410E+013  5.557E-012  8.070E+008  2.313E+008
 4.430E+013  5.662E-012  8.069E+008  2.324E+008
 4.450E+013  5.768E-012  8.069E+008  2.335E+008
 4.470E+013  5.875E-012  8.069E+008  2.346E+008
 4.490E+013  5.984E-012  8.069E+008  2.356E+008
 4.510E+013  6.093E-012  8.068E+008  2.367E+008
 4.530E+013  6.204E-012  8.068E+008  2.377E+008
 4.550E+013  6.316E-012  8.068E+008  2.388E+008
 4.570E+013  6.429E-012  8.068E+008  2.398E+008
 4.590E+013  6.544E-012  8.067E+008  2.408E+008
 4.610E+013  6.661E-012  8.067E+008  2.418E+008
 4.630E+013  6.779E-012  8.067E+008  2.429E+008
 4.650E+013  6.898E-012  8.066E+008  2.439E+008
 4.670E+013  7.020E-012  8.066E+008  2.449E+008
 4.690E+013  7.143E-012  8.065E+008  2.459E+008
 4.710E+013  7.269E-012  8.065E+008  2.469E+008
 4.730E+013  7.396E-012  8.065E+008  2.479E+008
 4.750E+013  7.525E-012  8.064E+008  2.490E+008
 4.770E+013  7.656E-012  8.064E+008  2.500E+008
 4.790E+013  7.790E-012  8.064E+008  2.511E+008
 4.810E+013  7.925E-012  8.063E+008  2.521E+008
 4.830E+013  8.063E-012  8.063E+008  2.532E+008
 4.850E+013  8.204E-012  8.063E+008  2.542E+008
 4.870E+013  8.347E-012  8.062E+008  2.553E+008
 4.890E+013  8.492E-012  8.062E+008  2.564E+008
 4.910E+013  8.640E-012  8.061E+008  2.575E+008
 4.930E+013  8.791E-012  8.061E+008  2.586E+008
 4.950E+013  8.944E-012  8.061E+008  2.597E+008
 4.970E+013  9.100E-012  8.060E+008  2.608E+008
 4.990E+013  9.259E-012  8.060E+008  2.619E+008
 5.010E+013  9.421E-012  8.060E+008  2.630E+008
 5.030E+013  9.586E-012  8.059E+008  2.641E+008
 5.050E+013  9.754E-012  8.059E+008  2.651E+008
 5.070E+013  9.924E-012  8.058E+008  2.662E+008
 5.090E+013  1.010E-011  8.058E+008  2.672E+008
 5.110E+013  1.028E-011  8.057E+008  2.683E+008
 5.130E+013  1.046E-011  8.057E+008  2.693E+008
 5.150E+013  1.064E-011  8.056E+008  2.703E+008
 5.170E+013  1.083E-011  8.055E+008  2.713E+008
 5.190E+013  1.102E-011  8.055E+008  2.723E+008
 5.210E+013  1.121E-011  8.054E+008  2.733E+008
 5.230E+013  1.141E-011  8.053E+008  2.743E+008
 5.250E+013  1.161E-011  8.053E+008  2.753E+008
 5.270E+013  1.181E-011  8.052E+008  2.763E+008
 5.290E+013  1.202E-011  8.052E+008  2.773E+008
 5.310E+013  1.223E-011  8.051E+008  2.784E+008
 5.330E+013  1.244E-011  8.050E+008  2.794E+008
 5.350E+013  1.266E-011  8.050E+008  2.805E+008
 5.370E+013  1.288E-011  8.049E+008  2.817E+008
 5.390E+013  1.311E-011  8.049E+008  2.828E+008
 5.410E+013  1.334E-011  8.048E+008  2.840E+008
 5.430E+013  1.357E-011  8.048E+008  2.851E+008
 5.450E+013  1.381E-011  8.047E+008  2.863E+008
 5.470E+013  1.404E-011  8.047E+008  2.875E+008
 5.490E+013  1.429E-011  8.046E+008  2.886E+008
 5.510E+013  1.453E-011  8.045E+008  2.898E+008
 5.530E+013  1.478E-011  8.045E+008  2.909E+008
 5.550E+013  1.504E-011  8.044E+008  2.920E+008
 5.570E+013  1.529E-011  8.043E+008  2.930E+008
 5.590E+013  1.555E-011  8.042E+008  2.941E+008
 5.610E+013  1.581E-011  8.041E+008  2.950E+008
 5.630E+013  1.608E-011  8.040E+008  2.960E+008
 5.650E+013  1.635E-011  8.039E+008  2.968E+008
 5.670E+013  1.662E-011  8.038E+008  2.977E+008
 5.690E+013  1.690E-011  8.036E+008  2.985E+008
 5.710E+013  1.718E-011  8.035E+008  2.994E+008
 5.730E+013  1.746E-011  8.034E+008  3.002E+008
 5.750E+013  1.774E-011  8.032E+008  3.011E+008
 5.770E+013  1.803E-011  8.031E+008  3.020E+008
 5.790E+013  1.832E-011  8.030E+008  3.029E+008
 5.810E+013  1.862E-011  8.029E+008  3.039E+008
 5.830E+013  1.892E-011  8.028E+008  3.050E+008
 5.850E+013  1.922E-011  8.027E+008  3.061E+008
 5.870E+013  1.952E-011  8.026E+008  3.073E+008
 5.890E+013  1.983E-011  8.025E+008  3.085E+008
 5.910E+013  2.014E-011  8.025E+008  3.098E+008
 5.930E+013  2.046E-011  8.024E+008  3.111E+008
 5.950E+013  2.077E-011  8.024E+008  3.125E+008
 5.970E+013  2.109E-011  8.023E+008  3.139E+008
 5.990E+013  2.142E-011  8.022E+008  3.152E+008
 6.010E+013  2.174E-011  8.022E+008  3.165E+008
 6.030E+013  2.207E-011  8.021E+008  3.178E+008
 6.050E+013  2.241E-011  8.019E+008  3.189E+008
 6.070E+013  2.274E-011  8.018E+008  3.200E+008
 6.090E+013  2.308E-011  8.017E+008  3.210E+008
 6.110E+013  2.342E-011  8.015E+008  3.219E+008
 6.130E+013  2.377E-011  8.013E+008  3.227E+008
 6.150E+013  2.411E-011  8.011E+008  3.234E+008
 6.170E+013  2.447E-011  8.008E+008  3.241E+008
 6.190E+013  2.482E-011  8.005E+008  3.246E+008
 6.210E+013  2.518E-011  8.003E+008  3.251E+008
 6.230E+013  2.554E-011  8.000E+008  3.256E+008
 6.250E+013  2.590E-011  7.997E+008  3.261E+008
 6.270E+013  2.627E-011  7.994E+008  3.266E+008
 6.290E+013  2.664E-011  7.991E+008  3.272E+008
 6.310E+013  2.702E-011  7.989E+008  3.277E+008
 6.330E+013  2.740E-011  7.986E+008  3.284E+008
 6.350E+013  2.779E-011  7.984E+008  3.291E+008
 6.370E+013  2.818E-011  7.981E+008  3.299E+008
 6.390E+013  2.858E-011  7.979E+008  3.309E+008
 6.410E+013  2.898E-011  7.978E+008  3.319E+008
 6.430E+013  2.938E-011  7.976E+008  3.330E+008
 6.450E+013  2.979E-011  7.975E+008  3.343E+008
 6.470E+013  3.021E-011  7.973E+008  3.356E+008
 6.490E+013  3.063E-011  7.972E+008  3.370E+008
 6.510E+013  3.106E-011  7.971E+008  3.384E+008
 6.530E+013  3.149E-011  7.970E+008  3.399E+008
 6.550E+013  3.193E-011  7.969E+008  3.413E+008
 6.570E+013  3.237E-011  7.967E+008  3.426E+008
 6.590E+013  3.282E-011  7.966E+008  3.439E+008
 6.610E+013  3.327E-011  7.964E+008  3.451E+008
 6.630E+013  3.373E-011  7.961E+008  3.461E+008
 6.650E+013  3.419E-011  7.958E+008  3.469E+008
 6.670E+013  3.466E-011  7.954E+008  3.475E+008
 6.690E+013  3.513E-011  7.950E+008  3.479E+008
 6.710E+013  3.560E-011  7.945E+008  3.481E+008
 6.730E+013  3.608E-011  7.939E+008  3.481E+008
 6.750E+013  3.656E-011  7.933E+008  3.478E+008
 6.770E+013  3.704E-011  7.926E+008  3.472E+008
 6.790E+013  3.753E-011  7.918E+008  3.464E+008
 6.810E+013  3.803E-011  7.909E+008  3.454E+008
 6.830E+013  3.852E-011  7.900E+008  3.442E+008
 6.850E+013  3.902E-011  7.890E+008  3.428E+008
 6.870E+013  3.953E-011  7.879E+008  3.412E+008
 6.890E+013  4.003E-011  7.868E+008  3.394E+008
 6.910E+013  4.054E-011  7.857E+008  3.375E+008
 6.930E+013  4.106E-011  7.845E+008  3.355E+008
 6.950E+013  4.158E-011  7.832E+008  3.334E+008
 6.970E+013  4.210E-011  7.819E+008  3.312E+008
 6.990E+013  4.263E-011  7.806E+008  3.290E+008
 7.010E+013  4.317E-011  7.793E+008  3.267E+008
 7.030E+013  4.370E-011  7.780E+008  3.245E+008
 7.050E+013  4.425E-011  7.767E+008  3.223E+008
 7.070E+013  4.480E-011  7.753E+008  3.201E+008
 7.090E+013  4.535E-011  7.740E+008  3.179E+008
 7.110E+013  4.591E-011  7.726E+008  3.158E+008
 7.130E+013  4.647E-011  7.713E+008  3.137E+008
 7.150E+013  4.704E-011  7.699E+008  3.118E+008
 7.170E+013  4.762E-011  7.686E+008  3.098E+008
 7.190E+013  4.820E-011  7.673E+008  3.080E+008
 7.210E+013  4.878E-011  7.660E+008  3.062E+008
 7.230E+013  4.937E-011  7.647E+008  3.045E+008
 7.250E+013  4.997E-011  7.634E+008  3.028E+008
 7.270E+013  5.057E-011  7.620E+008  3.012E+008
 7.290E+013  5.117E-011  7.608E+008  2.997E+008
 7.310E+013  5.179E-011  7.595E+008  2.982E+008
 7.330E+013  5.240E-011  7.582E+008  2.968E+008
 7.350E+013  5.302E-011  7.569E+008  2.954E+008
 7.370E+013  5.365E-011  7.556E+008  2.941E+008
 7.390E+013  5.428E-011  7.543E+008  2.928E+008
 7.410E+013  5.492E-011  7.530E+008  2.916E+008
 7.430E+013  5.556E-011  7.517E+008  2.904E+008
 7.450E+013  5.621E-011  7.504E+008  2.892E+008
 7.470E+013  5.686E-011  7.492E+008  2.881E+008
 7.490E+013  5.752E-011  7.479E+008  2.870E+008
 7.510E+013  5.818E-011  7.466E+008  2.860E+008
 7.530E+013  5.885E-011  7.453E+008  2.850E+008
 7.550E+013  5.952E-011  7.440E+008  2.840E+008
 7.570E+013  6.019E-011  7.427E+008  2.830E+008
 7.590E+013  6.087E-011  7.414E+008  2.821E+008
 7.610E+013  6.156E-011  7.401E+008  2.812E+008
 7.630E+013  6.225E-011  7.388E+008  2.803E+008
 7.650E+013  6.294E-011  7.375E+008  2.795E+008
 7.670E+013  6.364E-011  7.362E+008  2.787E+008
 7.690E+013  6.435E-011  7.349E+008  2.779E+008
 7.710E+013  6.506E-011  7.335E+008  2.772E+008
 7.730E+013  6.577E-011  7.322E+008  2.764E+008
 7.750E+013  6.649E-011  7.309E+008  2.757E+008
 7.770E+013  6.721E-011  7.296E+008  2.751E+008
 7.790E+013  6.794E-011  7.283E+008  2.744E+008
 7.810E+013  6.867E-011  7.269E+008  2.738E+008
 7.830E+013  6.941E-011  7.256E+008  2.732E+008
 7.850E+013  7.015E-011  7.242E+008  2.726E+008
 7.870E+013  7.090E-011  7.229E+008  2.721E+008
 7.890E+013  7.165E-011  7.216E+008  2.716E+008
 7.910E+013  7.241E-011  7.202E+008  2.711E+008
 7.930E+013  7.317E-011  7.189E+008  2.707E+008
 7.950E+013  7.393E-011  7.175E+008  2.703E+008
 7.970E+013  7.471E-011  7.161E+008  2.699E+008
 7.990E+013  7.548E-011  7.148E+008  2.695E+008
 8.010E+013  7.626E-011  7.134E+008  2.692E+008
 8.030E+013  7.705E-011  7.120E+008  2.689E+008
 8.050E+013  7.784E-011  7.107E+008  2.686E+008
 8.070E+013  7.863E-011  7.093E+008  2.683E+008
 8.090E+013  7.943E-011  7.079E+008  2.681E+008
 8.110E+013  8.023E-011  7.065E+008  2.679E+008
 8.130E+013  8.104E-011  7.051E+008  2.678E+008
 8.150E+013  8.186E-011  7.038E+008  2.677E+008
 8.170E+013  8.267E-011  7.024E+008  2.676E+008
 8.190E+013  8.350E-011  7.010E+008  2.675E+008
 8.210E+013  8.432E-011  6.996E+008  2.675E+008
 8.230E+013  8.515E-011  6.982E+008  2.675E+008
 8.250E+013  8.599E-011  6.967E+008  2.675E+008
 8.270E+013  8.683E-011  6.953E+008  2.676E+008
 8.290E+013  8.768E-011  6.939E+008  2.677E+008
 8.310E+013  8.852E-011  6.925E+008  2.678E+008
 8.330E+013  8.938E-011  6.911E+008  2.679E+008
 8.350E+013  9.024E-011  6.896E+008  2.681E+008
 8.370E+013  9.110E-011  6.882E+008  2.683E+008
 8.390E+013  9.197E-011  6.868E+008  2.685E+008
 8.410E+013  9.284E-011  6.854E+008  2.688E+008
 8.430E+013  9.372E-011  6.839E+008  2.690E+008
 8.450E+013  9.460E-011  6.825E+008  2.693E+008
 8.470E+013  9.548E-011  6.811E+008  2.696E+008
 8.490E+013  9.637E-011  6.797E+008  2.699E+008
 8.510E+013  9.727E-011  6.782E+008  2.702E+008
 8.530E+013  9.817E-011  6.768E+008  2.706E+008
 8.550E+013  9.907E-011  6.754E+008  2.709E+008
 8.570E+013  9.998E-011  6.740E+008  2.712E+008
 8.590E+013  1.009E-010  6.726E+008  2.715E+008
 8.610E+013  1.018E-010  6.713E+008  2.718E+008
 8.630E+013  1.028E-010  6.699E+008  2.721E+008
 8.650E+013  1.037E-010  6.686E+008  2.724E+008
 8.670E+013  1.046E-010  6.673E+008  2.726E+008
 8.690E+013  1.056E-010  6.660E+008  2.727E+008
 8.710E+013  1.065E-010  6.648E+008  2.728E+008
 8.730E+013  1.075E-010  6.636E+008  2.728E+008
 8.750E+013  1.085E-010  6.625E+008  2.727E+008
 8.770E+013  1.095E-010  6.614E+008  2.725E+008
 8.790E+013  1.105E-010  6.604E+008  2.721E+008
 8.810E+013  1.115E-010  6.595E+008  2.716E+008
 8.830E+013  1.125E-010  6.587E+008  2.709E+008
 8.850E+013  1.136E-010  6.578E+008  2.702E+008
 8.870E+013  1.146E-010  6.570E+008  2.695E+008
 8.890E+013  1.156E-010  6.560E+008  2.690E+008
 8.910E+013  1.167E-010  6.548E+008  2.689E+008
 8.930E+013  1.177E-010  6.533E+008  2.693E+008
 8.950E+013  1.186E-010  6.515E+008  2.705E+008
 8.970E+013  1.195E-010  6.492E+008  2.726E+008
 8.990E+013  1.204E-010  6.465E+008  2.757E+008
 9.010E+013  1.212E-010  6.436E+008  2.796E+008
 9.030E+013  1.220E-010  6.404E+008  2.842E+008
 9.050E+013  1.228E-010  6.371E+008  2.891E+008
 9.070E+013  1.236E-010  6.338E+008  2.940E+008
 9.090E+013  1.244E-010  6.305E+008  2.989E+008
 9.110E+013  1.252E-010  6.274E+008  3.036E+008
 9.130E+013  1.260E-010  6.244E+008  3.081E+008
 9.150E+013  1.269E-010  6.215E+008  3.123E+008
 9.170E+013  1.277E-010  6.187E+008  3.162E+008
 9.190E+013  1.286E-010  6.158E+008  3.201E+008
 9.210E+013  1.294E-010  6.130E+008  3.240E+008
 9.230E+013  1.302E-010  6.101E+008  3.280E+008
 9.250E+013  1.311E-010  6.073E+008  3.320E+008
 9.270E+013  1.319E-010  6.047E+008  3.357E+008
 9.290E+013  1.328E-010  6.025E+008  3.387E+008
 9.310E+013  1.338E-010  6.006E+008  3.408E+008
 9.330E+013  1.348E-010  5.992E+008  3.420E+008
 9.350E+013  1.359E-010  5.979E+008  3.425E+008
 9.370E+013  1.369E-010  5.966E+008  3.430E+008
 9.390E+013  1.380E-010  5.953E+008  3.435E+008
 9.410E+013  1.390E-010  5.940E+008  3.441E+008
 9.430E+013  1.401E-010  5.927E+008  3.446E+008
 9.450E+013  1.412E-010  5.914E+008  3.451E+008
 9.470E+013  1.422E-010  5.900E+008  3.457E+008
 9.490E+013  1.433E-010  5.884E+008  3.466E+008
 9.510E+013  1.443E-010  5.866E+008  3.480E+008
 9.530E+013  1.453E-010  5.845E+008  3.499E+008
 9.550E+013  1.462E-010  5.823E+008  3.522E+008
 9.570E+013  1.471E-010  5.799E+008  3.549E+008
 9.590E+013  1.481E-010  5.774E+008  3.579E+008
 9.610E+013  1.490E-010  5.749E+008  3.610E+008
 9.630E+013  1.498E-010  5.722E+008  3.643E+008
 9.650E+013  1.507E-010  5.696E+008  3.676E+008
 9.670E+013  1.516E-010  5.670E+008  3.709E+008
 9.690E+013  1.525E-010  5.643E+008  3.744E+008
 9.710E+013  1.534E-010  5.615E+008  3.779E+008
 9.730E+013  1.542E-010  5.588E+008  3.816E+008
 9.750E+013  1.551E-010  5.560E+008  3.854E+008
 9.770E+013  1.559E-010  5.533E+008  3.891E+008
 9.790E+013  1.568E-010  5.506E+008  3.927E+008
 9.810E+013  1.577E-010  5.482E+008  3.959E+008
 9.830E+013  1.586E-010  5.458E+008  3.987E+008
 9.850E+013  1.596E-010  5.438E+008  4.008E+008
 9.870E+013  1.606E-010  5.419E+008  4.023E+008
 9.890E+013  1.616E-010  5.403E+008  4.031E+008
 9.910E+013  1.627E-010  5.389E+008  4.034E+008
 9.930E+013  1.639E-010  5.377E+008  4.033E+008
 9.950E+013  1.650E-010  5.365E+008  4.030E+008
 9.970E+013  1.660E-010  5.353E+008  4.029E+008
 9.990E+013  1.680E-010  5.341E+008  4.029E+008
 1.001E+014  1.000E-099  1.000E-099  4.029E+008
 1.003E+014  1.000E-099  1.000E-099  4.029E+008
 5.708E-003
