 1.020E+005
     x1b        dens       energ       v1
 1.000E+011  6.030E-013  4.268E+009  0.000E+000
 3.000E+011  6.177E-013  4.268E+009  1.463E+006
 5.000E+011  6.458E-013  4.268E+009  1.337E+006
 7.000E+011  6.725E-013  4.268E+009  2.446E+006
 9.000E+011  6.881E-013  4.268E+009  3.102E+006
 1.100E+012  6.952E-013  4.268E+009  3.940E+006
 1.300E+012  6.996E-013  4.268E+009  4.701E+006
 1.500E+012  7.045E-013  4.268E+009  5.497E+006
 1.700E+012  7.109E-013  4.268E+009  6.277E+006
 1.900E+012  7.185E-013  4.268E+009  7.064E+006
 2.100E+012  7.264E-013  4.268E+009  7.848E+006
 2.300E+012  7.340E-013  4.268E+009  8.633E+006
 2.500E+012  7.416E-013  4.268E+009  9.418E+006
 2.700E+012  7.493E-013  4.268E+009  1.020E+007
 2.900E+012  7.573E-013  4.268E+009  1.099E+007
 3.100E+012  7.657E-013  4.268E+009  1.177E+007
 3.300E+012  7.743E-013  4.268E+009  1.256E+007
 3.500E+012  7.830E-013  4.268E+009  1.334E+007
 3.700E+012  7.916E-013  4.268E+009  1.413E+007
 3.900E+012  8.003E-013  4.268E+009  1.491E+007
 4.100E+012  8.088E-013  4.268E+009  1.570E+007
 4.300E+012  8.173E-013  4.268E+009  1.648E+007
 4.500E+012  8.257E-013  4.268E+009  1.727E+007
 4.700E+012  8.338E-013  4.268E+009  1.805E+007
 4.900E+012  8.415E-013  4.268E+009  1.884E+007
 5.100E+012  8.487E-013  4.268E+009  1.962E+007
 5.300E+012  8.551E-013  4.268E+009  2.040E+007
 5.500E+012  8.605E-013  4.268E+009  2.119E+007
 5.700E+012  8.645E-013  4.268E+009  2.197E+007
 5.900E+012  8.672E-013  4.268E+009  2.276E+007
 6.100E+012  8.687E-013  4.268E+009  2.354E+007
 6.300E+012  8.694E-013  4.268E+009  2.433E+007
 6.500E+012  8.696E-013  4.268E+009  2.511E+007
 6.700E+012  8.696E-013  4.268E+009  2.590E+007
 6.900E+012  8.696E-013  4.268E+009  2.668E+007
 7.100E+012  8.695E-013  4.268E+009  2.747E+007
 7.300E+012  8.695E-013  4.268E+009  2.825E+007
 7.500E+012  8.693E-013  4.268E+009  2.904E+007
 7.700E+012  8.692E-013  4.268E+009  2.982E+007
 7.900E+012  8.690E-013  4.268E+009  3.061E+007
 8.100E+012  8.688E-013  4.268E+009  3.139E+007
 8.300E+012  8.685E-013  4.268E+009  3.218E+007
 8.500E+012  8.681E-013  4.268E+009  3.296E+007
 8.700E+012  8.677E-013  4.268E+009  3.375E+007
 8.900E+012  8.672E-013  4.268E+009  3.453E+007
 9.100E+012  8.667E-013  4.268E+009  3.532E+007
 9.300E+012  8.661E-013  4.268E+009  3.610E+007
 9.500E+012  8.657E-013  4.268E+009  3.688E+007
 9.700E+012  8.653E-013  4.268E+009  3.767E+007
 9.900E+012  8.651E-013  4.268E+009  3.845E+007
 1.010E+013  8.650E-013  4.268E+009  3.924E+007
 1.030E+013  8.650E-013  4.268E+009  4.002E+007
 1.050E+013  8.650E-013  4.268E+009  4.081E+007
 1.070E+013  8.650E-013  4.268E+009  4.159E+007
 1.090E+013  8.650E-013  4.268E+009  4.238E+007
 1.110E+013  8.651E-013  4.268E+009  4.316E+007
 1.130E+013  8.653E-013  4.268E+009  4.395E+007
 1.150E+013  8.655E-013  4.268E+009  4.473E+007
 1.170E+013  8.658E-013  4.268E+009  4.552E+007
 1.190E+013  8.662E-013  4.268E+009  4.630E+007
 1.210E+013  8.668E-013  4.268E+009  4.709E+007
 1.230E+013  8.675E-013  4.268E+009  4.787E+007
 1.250E+013  8.684E-013  4.268E+009  4.866E+007
 1.270E+013  8.694E-013  4.268E+009  4.944E+007
 1.290E+013  8.708E-013  4.268E+009  5.023E+007
 1.310E+013  8.724E-013  4.268E+009  5.101E+007
 1.330E+013  8.742E-013  4.268E+009  5.180E+007
 1.350E+013  8.764E-013  4.268E+009  5.258E+007
 1.370E+013  8.789E-013  4.268E+009  5.337E+007
 1.390E+013  8.819E-013  4.268E+009  5.415E+007
 1.410E+013  8.852E-013  4.268E+009  5.494E+007
 1.430E+013  8.890E-013  4.268E+009  5.572E+007
 1.450E+013  8.933E-013  4.268E+009  5.650E+007
 1.470E+013  8.981E-013  4.268E+009  5.729E+007
 1.490E+013  9.034E-013  4.268E+009  5.807E+007
 1.510E+013  9.094E-013  4.268E+009  5.886E+007
 1.530E+013  9.160E-013  4.268E+009  5.964E+007
 1.550E+013  9.234E-013  4.268E+009  6.043E+007
 1.570E+013  9.314E-013  4.268E+009  6.121E+007
 1.590E+013  9.403E-013  4.268E+009  6.200E+007
 1.610E+013  9.500E-013  4.268E+009  6.278E+007
 1.630E+013  9.607E-013  4.268E+009  6.357E+007
 1.650E+013  9.723E-013  4.268E+009  6.435E+007
 1.670E+013  9.850E-013  4.268E+009  6.514E+007
 1.690E+013  9.988E-013  4.268E+009  6.592E+007
 1.710E+013  1.014E-012  4.268E+009  6.671E+007
 1.730E+013  1.030E-012  4.268E+009  6.749E+007
 1.750E+013  1.047E-012  4.268E+009  6.828E+007
 1.770E+013  1.066E-012  4.268E+009  6.906E+007
 1.790E+013  1.087E-012  4.268E+009  6.985E+007
 1.810E+013  1.109E-012  4.268E+009  7.063E+007
 1.830E+013  1.133E-012  4.268E+009  7.142E+007
 1.850E+013  1.159E-012  4.268E+009  7.221E+007
 1.870E+013  1.187E-012  4.268E+009  7.299E+007
 1.890E+013  1.217E-012  4.268E+009  7.378E+007
 1.910E+013  1.249E-012  4.268E+009  7.456E+007
 1.930E+013  1.284E-012  4.268E+009  7.535E+007
 1.950E+013  1.321E-012  4.268E+009  7.613E+007
 1.970E+013  1.361E-012  4.268E+009  7.692E+007
 1.990E+013  1.404E-012  4.268E+009  7.770E+007
 2.010E+013  1.451E-012  4.268E+009  7.849E+007
 2.030E+013  1.500E-012  4.268E+009  7.928E+007
 2.050E+013  1.554E-012  4.268E+009  8.006E+007
 2.070E+013  1.611E-012  4.268E+009  8.085E+007
 2.090E+013  1.672E-012  4.268E+009  8.163E+007
 2.110E+013  1.738E-012  4.268E+009  8.242E+007
 2.130E+013  1.809E-012  4.268E+009  8.321E+007
 2.150E+013  1.884E-012  4.268E+009  8.399E+007
 2.170E+013  1.965E-012  4.268E+009  8.478E+007
 2.190E+013  2.051E-012  4.268E+009  8.557E+007
 2.210E+013  2.144E-012  4.268E+009  8.635E+007
 2.230E+013  2.242E-012  4.268E+009  8.714E+007
 2.250E+013  2.348E-012  4.268E+009  8.792E+007
 2.270E+013  2.460E-012  4.268E+009  8.871E+007
 2.290E+013  2.580E-012  4.268E+009  8.950E+007
 2.310E+013  2.707E-012  4.268E+009  9.028E+007
 2.330E+013  2.842E-012  4.268E+009  9.107E+007
 2.350E+013  2.985E-012  4.268E+009  9.185E+007
 2.370E+013  3.138E-012  4.268E+009  9.264E+007
 2.390E+013  3.299E-012  4.268E+009  9.342E+007
 2.410E+013  3.469E-012  4.268E+009  9.421E+007
 2.430E+013  3.648E-012  4.268E+009  9.500E+007
 2.450E+013  3.837E-012  4.268E+009  9.578E+007
 2.470E+013  4.035E-012  4.268E+009  9.657E+007
 2.490E+013  4.243E-012  4.268E+009  9.735E+007
 2.510E+013  4.461E-012  4.268E+009  9.814E+007
 2.530E+013  4.688E-012  4.268E+009  9.892E+007
 2.550E+013  4.925E-012  4.268E+009  9.970E+007
 2.570E+013  5.172E-012  4.268E+009  1.005E+008
 2.590E+013  5.427E-012  4.268E+009  1.013E+008
 2.610E+013  5.691E-012  4.268E+009  1.021E+008
 2.630E+013  5.964E-012  4.268E+009  1.028E+008
 2.650E+013  6.245E-012  4.268E+009  1.036E+008
 2.670E+013  6.534E-012  4.268E+009  1.044E+008
 2.690E+013  6.830E-012  4.268E+009  1.052E+008
 2.710E+013  7.133E-012  4.268E+009  1.060E+008
 2.730E+013  7.443E-012  4.268E+009  1.068E+008
 2.750E+013  7.758E-012  4.268E+009  1.075E+008
 2.770E+013  8.079E-012  4.268E+009  1.083E+008
 2.790E+013  8.404E-012  4.268E+009  1.091E+008
 2.810E+013  8.735E-012  4.268E+009  1.099E+008
 2.830E+013  9.069E-012  4.268E+009  1.107E+008
 2.850E+013  9.408E-012  4.268E+009  1.115E+008
 2.870E+013  9.750E-012  4.268E+009  1.122E+008
 2.890E+013  1.010E-011  4.268E+009  1.130E+008
 2.910E+013  1.044E-011  4.268E+009  1.138E+008
 2.930E+013  1.080E-011  4.268E+009  1.146E+008
 2.950E+013  1.115E-011  4.268E+009  1.154E+008
 2.970E+013  1.151E-011  4.268E+009  1.162E+008
 2.990E+013  1.187E-011  4.268E+009  1.170E+008
 3.010E+013  1.223E-011  4.268E+009  1.177E+008
 3.030E+013  1.260E-011  4.268E+009  1.185E+008
 3.050E+013  1.297E-011  4.268E+009  1.193E+008
 3.070E+013  1.334E-011  4.268E+009  1.201E+008
 3.090E+013  1.372E-011  4.268E+009  1.209E+008
 3.110E+013  1.410E-011  4.268E+009  1.217E+008
 3.130E+013  1.449E-011  4.268E+009  1.224E+008
 3.150E+013  1.488E-011  4.268E+009  1.232E+008
 3.170E+013  1.528E-011  4.268E+009  1.240E+008
 3.190E+013  1.568E-011  4.268E+009  1.248E+008
 3.210E+013  1.608E-011  4.268E+009  1.256E+008
 3.230E+013  1.650E-011  4.268E+009  1.264E+008
 3.250E+013  1.692E-011  4.268E+009  1.271E+008
 3.270E+013  1.735E-011  4.268E+009  1.279E+008
 3.290E+013  1.778E-011  4.268E+009  1.287E+008
 3.310E+013  1.823E-011  4.268E+009  1.295E+008
 3.330E+013  1.868E-011  4.268E+009  1.303E+008
 3.350E+013  1.914E-011  4.268E+009  1.311E+008
 3.370E+013  1.961E-011  4.268E+009  1.319E+008
 3.390E+013  2.009E-011  4.268E+009  1.326E+008
 3.410E+013  2.059E-011  4.268E+009  1.334E+008
 3.430E+013  2.109E-011  4.268E+009  1.342E+008
 3.450E+013  2.160E-011  4.268E+009  1.350E+008
 3.470E+013  2.213E-011  4.268E+009  1.358E+008
 3.490E+013  2.267E-011  4.268E+009  1.366E+008
 3.510E+013  2.323E-011  4.268E+009  1.373E+008
 3.530E+013  2.380E-011  4.268E+009  1.381E+008
 3.550E+013  2.438E-011  4.268E+009  1.389E+008
 3.570E+013  2.498E-011  4.268E+009  1.397E+008
 3.590E+013  2.559E-011  4.268E+009  1.405E+008
 3.610E+013  2.622E-011  4.268E+009  1.413E+008
 3.630E+013  2.686E-011  4.268E+009  1.421E+008
 3.650E+013  2.753E-011  4.268E+009  1.428E+008
 3.670E+013  2.820E-011  4.268E+009  1.436E+008
 3.690E+013  2.890E-011  4.268E+009  1.444E+008
 3.710E+013  2.961E-011  4.268E+009  1.452E+008
 3.730E+013  3.035E-011  4.268E+009  1.460E+008
 3.750E+013  3.110E-011  4.268E+009  1.468E+008
 3.770E+013  3.186E-011  4.268E+009  1.475E+008
 3.790E+013  3.265E-011  4.268E+009  1.483E+008
 3.810E+013  3.346E-011  4.268E+009  1.491E+008
 3.830E+013  3.428E-011  4.268E+009  1.499E+008
 3.850E+013  3.512E-011  4.268E+009  1.507E+008
 3.870E+013  3.599E-011  4.268E+009  1.515E+008
 3.890E+013  3.687E-011  4.268E+009  1.522E+008
 3.910E+013  3.777E-011  4.268E+009  1.530E+008
 3.930E+013  3.869E-011  4.268E+009  1.538E+008
 3.950E+013  3.962E-011  4.268E+009  1.546E+008
 3.970E+013  4.058E-011  4.268E+009  1.554E+008
 3.990E+013  4.155E-011  4.268E+009  1.562E+008
 4.010E+013  4.255E-011  4.268E+009  1.570E+008
 4.030E+013  4.356E-011  4.268E+009  1.577E+008
 4.050E+013  4.459E-011  4.268E+009  1.585E+008
 4.070E+013  4.563E-011  4.268E+009  1.593E+008
 4.090E+013  4.670E-011  4.268E+009  1.601E+008
 4.110E+013  4.778E-011  4.268E+009  1.609E+008
 4.130E+013  4.888E-011  4.268E+009  1.616E+008
 4.150E+013  4.999E-011  4.268E+009  1.624E+008
 4.170E+013  5.113E-011  4.268E+009  1.632E+008
 4.190E+013  5.228E-011  4.268E+009  1.640E+008
 4.210E+013  5.344E-011  4.268E+009  1.648E+008
 4.230E+013  5.463E-011  4.268E+009  1.656E+008
 4.250E+013  5.583E-011  4.268E+009  1.663E+008
 4.270E+013  5.705E-011  4.268E+009  1.671E+008
 4.290E+013  5.828E-011  4.268E+009  1.679E+008
 4.310E+013  5.953E-011  4.268E+009  1.687E+008
 4.330E+013  6.081E-011  4.269E+009  1.695E+008
 4.350E+013  6.209E-011  4.269E+009  1.703E+008
 4.370E+013  6.340E-011  4.269E+009  1.710E+008
 4.390E+013  6.473E-011  4.269E+009  1.718E+008
 4.410E+013  6.607E-011  4.269E+009  1.726E+008
 4.430E+013  6.744E-011  4.269E+009  1.734E+008
 4.450E+013  6.882E-011  4.269E+009  1.742E+008
 4.470E+013  7.023E-011  4.269E+009  1.750E+008
 4.490E+013  7.166E-011  4.269E+009  1.757E+008
 4.510E+013  7.311E-011  4.269E+009  1.765E+008
 4.530E+013  7.459E-011  4.269E+009  1.773E+008
 4.550E+013  7.608E-011  4.269E+009  1.781E+008
 4.570E+013  7.761E-011  4.269E+009  1.789E+008
 4.590E+013  7.916E-011  4.269E+009  1.796E+008
 4.610E+013  8.073E-011  4.269E+009  1.804E+008
 4.630E+013  8.233E-011  4.269E+009  1.812E+008
 4.650E+013  8.396E-011  4.269E+009  1.820E+008
 4.670E+013  8.562E-011  4.269E+009  1.828E+008
 4.690E+013  8.731E-011  4.269E+009  1.835E+008
 4.710E+013  8.903E-011  4.269E+009  1.843E+008
 4.730E+013  9.078E-011  4.269E+009  1.851E+008
 4.750E+013  9.256E-011  4.269E+009  1.859E+008
 4.770E+013  9.438E-011  4.269E+009  1.867E+008
 4.790E+013  9.622E-011  4.269E+009  1.874E+008
 4.810E+013  9.811E-011  4.269E+009  1.882E+008
 4.830E+013  1.000E-010  4.269E+009  1.890E+008
 4.850E+013  1.020E-010  4.269E+009  1.898E+008
 4.870E+013  1.040E-010  4.270E+009  1.906E+008
 4.890E+013  1.060E-010  4.270E+009  1.913E+008
 4.910E+013  1.081E-010  4.270E+009  1.921E+008
 4.930E+013  1.102E-010  4.270E+009  1.929E+008
 4.950E+013  1.123E-010  4.270E+009  1.937E+008
 4.970E+013  1.145E-010  4.270E+009  1.944E+008
 4.990E+013  1.167E-010  4.270E+009  1.952E+008
 5.010E+013  1.189E-010  4.270E+009  1.960E+008
 5.030E+013  1.212E-010  4.270E+009  1.968E+008
 5.050E+013  1.236E-010  4.270E+009  1.976E+008
 5.070E+013  1.259E-010  4.270E+009  1.983E+008
 5.090E+013  1.283E-010  4.270E+009  1.991E+008
 5.110E+013  1.308E-010  4.270E+009  1.999E+008
 5.130E+013  1.333E-010  4.270E+009  2.007E+008
 5.150E+013  1.358E-010  4.270E+009  2.014E+008
 5.170E+013  1.384E-010  4.270E+009  2.022E+008
 5.190E+013  1.410E-010  4.271E+009  2.030E+008
 5.210E+013  1.437E-010  4.271E+009  2.038E+008
 5.230E+013  1.464E-010  4.271E+009  2.045E+008
 5.250E+013  1.491E-010  4.271E+009  2.053E+008
 5.270E+013  1.519E-010  4.271E+009  2.061E+008
 5.290E+013  1.547E-010  4.271E+009  2.069E+008
 5.310E+013  1.576E-010  4.271E+009  2.076E+008
 5.330E+013  1.605E-010  4.271E+009  2.084E+008
 5.350E+013  1.634E-010  4.271E+009  2.092E+008
 5.370E+013  1.664E-010  4.271E+009  2.100E+008
 5.390E+013  1.694E-010  4.271E+009  2.107E+008
 5.410E+013  1.725E-010  4.271E+009  2.115E+008
 5.430E+013  1.756E-010  4.272E+009  2.123E+008
 5.450E+013  1.788E-010  4.272E+009  2.131E+008
 5.470E+013  1.820E-010  4.272E+009  2.138E+008
 5.490E+013  1.852E-010  4.272E+009  2.146E+008
 5.510E+013  1.885E-010  4.272E+009  2.154E+008
 5.530E+013  1.919E-010  4.272E+009  2.161E+008
 5.550E+013  1.953E-010  4.272E+009  2.169E+008
 5.570E+013  1.987E-010  4.272E+009  2.177E+008
 5.590E+013  2.022E-010  4.272E+009  2.185E+008
 5.610E+013  2.057E-010  4.273E+009  2.192E+008
 5.630E+013  2.093E-010  4.273E+009  2.200E+008
 5.650E+013  2.129E-010  4.273E+009  2.208E+008
 5.670E+013  2.166E-010  4.273E+009  2.215E+008
 5.690E+013  2.203E-010  4.273E+009  2.223E+008
 5.710E+013  2.241E-010  4.273E+009  2.231E+008
 5.730E+013  2.279E-010  4.273E+009  2.238E+008
 5.750E+013  2.318E-010  4.273E+009  2.246E+008
 5.770E+013  2.357E-010  4.274E+009  2.254E+008
 5.790E+013  2.397E-010  4.274E+009  2.261E+008
 5.810E+013  2.437E-010  4.274E+009  2.269E+008
 5.830E+013  2.478E-010  4.274E+009  2.277E+008
 5.850E+013  2.519E-010  4.274E+009  2.284E+008
 5.870E+013  2.561E-010  4.274E+009  2.292E+008
 5.890E+013  2.604E-010  4.274E+009  2.300E+008
 5.910E+013  2.647E-010  4.275E+009  2.307E+008
 5.930E+013  2.690E-010  4.275E+009  2.315E+008
 5.950E+013  2.734E-010  4.275E+009  2.323E+008
 5.970E+013  2.779E-010  4.275E+009  2.330E+008
 5.990E+013  2.824E-010  4.275E+009  2.338E+008
 6.010E+013  2.870E-010  4.275E+009  2.345E+008
 6.030E+013  2.916E-010  4.276E+009  2.353E+008
 6.050E+013  2.963E-010  4.276E+009  2.361E+008
 6.070E+013  3.011E-010  4.276E+009  2.368E+008
 6.090E+013  3.059E-010  4.276E+009  2.376E+008
 6.110E+013  3.107E-010  4.276E+009  2.383E+008
 6.130E+013  3.157E-010  4.277E+009  2.391E+008
 6.150E+013  3.206E-010  4.277E+009  2.399E+008
 6.170E+013  3.257E-010  4.277E+009  2.406E+008
 6.190E+013  3.308E-010  4.277E+009  2.414E+008
 6.210E+013  3.359E-010  4.277E+009  2.421E+008
 6.230E+013  3.412E-010  4.278E+009  2.429E+008
 6.250E+013  3.464E-010  4.278E+009  2.436E+008
 6.270E+013  3.518E-010  4.278E+009  2.444E+008
 6.290E+013  3.572E-010  4.278E+009  2.452E+008
 6.310E+013  3.627E-010  4.279E+009  2.459E+008
 6.330E+013  3.682E-010  4.279E+009  2.467E+008
 6.350E+013  3.738E-010  4.279E+009  2.474E+008
 6.370E+013  3.795E-010  4.279E+009  2.482E+008
 6.390E+013  3.852E-010  4.280E+009  2.489E+008
 6.410E+013  3.910E-010  4.280E+009  2.497E+008
 6.430E+013  3.969E-010  4.280E+009  2.504E+008
 6.450E+013  4.029E-010  4.280E+009  2.512E+008
 6.470E+013  4.089E-010  4.281E+009  2.519E+008
 6.490E+013  4.150E-010  4.281E+009  2.527E+008
 6.510E+013  4.211E-010  4.281E+009  2.534E+008
 6.530E+013  4.274E-010  4.281E+009  2.542E+008
 6.550E+013  4.337E-010  4.282E+009  2.549E+008
 6.570E+013  4.401E-010  4.282E+009  2.556E+008
 6.590E+013  4.465E-010  4.282E+009  2.564E+008
 6.610E+013  4.531E-010  4.283E+009  2.571E+008
 6.630E+013  4.597E-010  4.283E+009  2.579E+008
 6.650E+013  4.664E-010  4.283E+009  2.586E+008
 6.670E+013  4.732E-010  4.284E+009  2.594E+008
 6.690E+013  4.801E-010  4.284E+009  2.601E+008
 6.710E+013  4.871E-010  4.284E+009  2.608E+008
 6.730E+013  4.941E-010  4.285E+009  2.616E+008
 6.750E+013  5.013E-010  4.285E+009  2.623E+008
 6.770E+013  5.085E-010  4.285E+009  2.631E+008
 6.790E+013  5.158E-010  4.286E+009  2.638E+008
 6.810E+013  5.232E-010  4.286E+009  2.645E+008
 6.830E+013  5.307E-010  4.286E+009  2.653E+008
 6.850E+013  5.383E-010  4.287E+009  2.660E+008
 6.870E+013  5.460E-010  4.287E+009  2.667E+008
 6.890E+013  5.537E-010  4.287E+009  2.675E+008
 6.910E+013  5.616E-010  4.288E+009  2.682E+008
 6.930E+013  5.695E-010  4.288E+009  2.689E+008
 6.950E+013  5.776E-010  4.289E+009  2.696E+008
 6.970E+013  5.857E-010  4.289E+009  2.704E+008
 6.990E+013  5.940E-010  4.290E+009  2.711E+008
 7.010E+013  6.023E-010  4.290E+009  2.718E+008
 7.030E+013  6.108E-010  4.290E+009  2.726E+008
 7.050E+013  6.193E-010  4.291E+009  2.733E+008
 7.070E+013  6.279E-010  4.291E+009  2.740E+008
 7.090E+013  6.367E-010  4.292E+009  2.747E+008
 7.110E+013  6.455E-010  4.292E+009  2.754E+008
 7.130E+013  6.544E-010  4.293E+009  2.762E+008
 7.150E+013  6.635E-010  4.293E+009  2.769E+008
 7.170E+013  6.726E-010  4.294E+009  2.776E+008
 7.190E+013  6.819E-010  4.294E+009  2.783E+008
 7.210E+013  6.912E-010  4.295E+009  2.790E+008
 7.230E+013  7.007E-010  4.295E+009  2.797E+008
 7.250E+013  7.103E-010  4.296E+009  2.805E+008
 7.270E+013  7.199E-010  4.296E+009  2.812E+008
 7.290E+013  7.297E-010  4.297E+009  2.819E+008
 7.310E+013  7.396E-010  4.297E+009  2.826E+008
 7.330E+013  7.496E-010  4.298E+009  2.833E+008
 7.350E+013  7.597E-010  4.298E+009  2.840E+008
 7.370E+013  7.699E-010  4.299E+009  2.847E+008
 7.390E+013  7.802E-010  4.300E+009  2.854E+008
 7.410E+013  7.906E-010  4.300E+009  2.861E+008
 7.430E+013  8.012E-010  4.301E+009  2.868E+008
 7.450E+013  8.118E-010  4.301E+009  2.875E+008
 7.470E+013  8.226E-010  4.302E+009  2.882E+008
 7.490E+013  8.335E-010  4.303E+009  2.889E+008
 7.510E+013  8.445E-010  4.303E+009  2.896E+008
 7.530E+013  8.556E-010  4.304E+009  2.903E+008
 7.550E+013  8.668E-010  4.305E+009  2.910E+008
 7.570E+013  8.782E-010  4.305E+009  2.917E+008
 7.590E+013  8.896E-010  4.306E+009  2.923E+008
 7.610E+013  9.012E-010  4.307E+009  2.930E+008
 7.630E+013  9.129E-010  4.307E+009  2.937E+008
 7.650E+013  9.247E-010  4.308E+009  2.944E+008
 7.670E+013  9.367E-010  4.309E+009  2.951E+008
 7.690E+013  9.487E-010  4.309E+009  2.957E+008
 7.710E+013  9.609E-010  4.310E+009  2.964E+008
 7.730E+013  9.732E-010  4.311E+009  2.971E+008
 7.750E+013  9.857E-010  4.312E+009  2.978E+008
 7.770E+013  9.982E-010  4.313E+009  2.984E+008
 7.790E+013  1.011E-009  4.313E+009  2.991E+008
 7.810E+013  1.024E-009  4.314E+009  2.997E+008
 7.830E+013  1.037E-009  4.315E+009  3.004E+008
 7.850E+013  1.050E-009  4.316E+009  3.011E+008
 7.870E+013  1.063E-009  4.317E+009  3.017E+008
 7.890E+013  1.076E-009  4.318E+009  3.024E+008
 7.910E+013  1.090E-009  4.319E+009  3.030E+008
 7.930E+013  1.103E-009  4.319E+009  3.037E+008
 7.950E+013  1.117E-009  4.320E+009  3.043E+008
 7.970E+013  1.131E-009  4.321E+009  3.050E+008
 7.990E+013  1.145E-009  4.322E+009  3.056E+008
 8.010E+013  1.159E-009  4.323E+009  3.062E+008
 8.030E+013  1.174E-009  4.324E+009  3.069E+008
 8.050E+013  1.188E-009  4.325E+009  3.075E+008
 8.070E+013  1.203E-009  4.326E+009  3.081E+008
 8.090E+013  1.217E-009  4.327E+009  3.088E+008
 8.110E+013  1.232E-009  4.328E+009  3.094E+008
 8.130E+013  1.247E-009  4.329E+009  3.100E+008
 8.150E+013  1.263E-009  4.330E+009  3.106E+008
 8.170E+013  1.278E-009  4.332E+009  3.112E+008
 8.190E+013  1.294E-009  4.333E+009  3.119E+008
 8.210E+013  1.309E-009  4.334E+009  3.125E+008
 8.230E+013  1.325E-009  4.335E+009  3.131E+008
 8.250E+013  1.341E-009  4.336E+009  3.137E+008
 8.270E+013  1.357E-009  4.337E+009  3.143E+008
 8.290E+013  1.374E-009  4.339E+009  3.149E+008
 8.310E+013  1.390E-009  4.340E+009  3.154E+008
 8.330E+013  1.407E-009  4.341E+009  3.160E+008
 8.350E+013  1.424E-009  4.342E+009  3.166E+008
 8.370E+013  1.441E-009  4.344E+009  3.172E+008
 8.390E+013  1.458E-009  4.345E+009  3.177E+008
 8.410E+013  1.475E-009  4.346E+009  3.183E+008
 8.430E+013  1.493E-009  4.348E+009  3.189E+008
 8.450E+013  1.510E-009  4.349E+009  3.194E+008
 8.470E+013  1.528E-009  4.351E+009  3.199E+008
 8.490E+013  1.546E-009  4.352E+009  3.205E+008
 8.510E+013  1.564E-009  4.354E+009  3.210E+008
 8.530E+013  1.583E-009  4.355E+009  3.215E+008
 8.550E+013  1.602E-009  4.357E+009  3.220E+008
 8.570E+013  1.620E-009  4.359E+009  3.225E+008
 8.590E+013  1.639E-009  4.361E+009  3.230E+008
 8.610E+013  1.659E-009  4.362E+009  3.235E+008
 8.630E+013  1.678E-009  4.364E+009  3.240E+008
 8.650E+013  1.698E-009  4.366E+009  3.245E+008
 8.670E+013  1.717E-009  4.368E+009  3.249E+008
 8.690E+013  1.737E-009  4.370E+009  3.254E+008
 8.710E+013  1.758E-009  4.372E+009  3.258E+008
 8.730E+013  1.778E-009  4.374E+009  3.262E+008
 8.750E+013  1.799E-009  4.376E+009  3.266E+008
 8.770E+013  1.819E-009  4.379E+009  3.270E+008
 8.790E+013  1.840E-009  4.381E+009  3.274E+008
 8.810E+013  1.862E-009  4.383E+009  3.277E+008
 8.830E+013  1.883E-009  4.386E+009  3.281E+008
 8.850E+013  1.905E-009  4.388E+009  3.284E+008
 8.870E+013  1.927E-009  4.391E+009  3.288E+008
 8.890E+013  1.949E-009  4.393E+009  3.291E+008
 8.910E+013  1.971E-009  4.396E+009  3.294E+008
 8.930E+013  1.994E-009  4.399E+009  3.297E+008
 8.950E+013  2.017E-009  4.401E+009  3.300E+008
 8.970E+013  2.040E-009  4.404E+009  3.303E+008
 8.990E+013  2.063E-009  4.407E+009  3.307E+008
 9.010E+013  2.086E-009  4.409E+009  3.310E+008
 9.030E+013  2.110E-009  4.411E+009  3.315E+008
 9.050E+013  2.133E-009  4.411E+009  3.322E+008
 9.070E+013  2.156E-009  4.409E+009  3.332E+008
 9.090E+013  2.178E-009  4.404E+009  3.347E+008
 9.110E+013  2.198E-009  4.393E+009  3.372E+008
 9.130E+013  2.217E-009  4.376E+009  3.408E+008
 9.150E+013  2.233E-009  4.351E+009  3.458E+008
 9.170E+013  2.247E-009  4.318E+009  3.524E+008
 9.190E+013  2.257E-009  4.277E+009  3.607E+008
 9.210E+013  2.266E-009  4.229E+009  3.705E+008
 9.230E+013  2.272E-009  4.176E+009  3.816E+008
 9.250E+013  2.276E-009  4.118E+009  3.936E+008
 9.270E+013  2.279E-009  4.057E+009  4.064E+008
 9.290E+013  2.281E-009  3.995E+009  4.196E+008
 9.310E+013  2.282E-009  3.932E+009  4.332E+008
 9.330E+013  2.281E-009  3.867E+009  4.471E+008
 9.350E+013  2.280E-009  3.801E+009  4.613E+008
 9.370E+013  2.278E-009  3.735E+009  4.757E+008
 9.390E+013  2.276E-009  3.671E+009  4.900E+008
 9.410E+013  2.274E-009  3.610E+009  5.039E+008
 9.430E+013  2.274E-009  3.555E+009  5.169E+008
 9.450E+013  2.277E-009  3.508E+009  5.282E+008
 9.470E+013  2.283E-009  3.469E+009  5.378E+008
 9.490E+013  2.292E-009  3.440E+009  5.453E+008
 9.510E+013  2.304E-009  3.419E+009  5.507E+008
 9.530E+013  2.318E-009  3.404E+009  5.546E+008
 9.550E+013  2.333E-009  3.388E+009  5.578E+008
 9.570E+013  2.346E-009  3.371E+009  5.613E+008
 9.590E+013  2.357E-009  3.349E+009  5.655E+008
 9.610E+013  2.367E-009  3.323E+009  5.707E+008
 9.630E+013  2.375E-009  3.293E+009  5.768E+008
 9.650E+013  2.382E-009  3.262E+009  5.834E+008
 9.670E+013  2.388E-009  3.230E+009  5.903E+008
 9.690E+013  2.394E-009  3.198E+009  5.973E+008
 9.710E+013  2.400E-009  3.165E+009  6.043E+008
 9.730E+013  2.406E-009  3.134E+009  6.112E+008
 9.750E+013  2.413E-009  3.106E+009  6.177E+008
 9.770E+013  2.422E-009  3.081E+009  6.234E+008
 9.790E+013  2.433E-009  3.062E+009  6.280E+008
 9.810E+013  2.447E-009  3.050E+009  6.311E+008
 9.830E+013  2.464E-009  3.044E+009  6.327E+008
 9.850E+013  2.482E-009  3.040E+009  6.333E+008
 9.870E+013  2.501E-009  3.036E+009  6.336E+008
 9.890E+013  2.519E-009  3.032E+009  6.340E+008
 9.910E+013  2.538E-009  3.027E+009  6.344E+008
 9.930E+013  2.556E-009  3.023E+009  6.349E+008
 9.950E+013  2.575E-009  3.018E+009  6.354E+008
 9.970E+013  2.592E-009  3.014E+009  6.359E+008
 9.990E+013  2.623E-009  3.010E+009  6.363E+008
 1.001E+014  1.000E-099  1.000E-099  6.363E+008
 1.003E+014  1.000E-099  1.000E-099  6.363E+008
 3.234E-003
