 1.440E+005
     x1b        dens       energ       v1
 1.000E+011  2.479E-013  9.701E+008  0.000E+000
 3.000E+011  2.505E-013  9.701E+008  9.391E+005
 5.000E+011  2.571E-013  9.701E+008  2.248E+006
 7.000E+011  2.661E-013  9.701E+008  3.266E+006
 9.000E+011  2.746E-013  9.701E+008  4.394E+006
 1.100E+012  2.806E-013  9.701E+008  5.478E+006
 1.300E+012  2.840E-013  9.701E+008  6.578E+006
 1.500E+012  2.859E-013  9.701E+008  7.672E+006
 1.700E+012  2.874E-013  9.701E+008  8.769E+006
 1.900E+012  2.888E-013  9.701E+008  9.865E+006
 2.100E+012  2.904E-013  9.701E+008  1.096E+007
 2.300E+012  2.924E-013  9.701E+008  1.206E+007
 2.500E+012  2.946E-013  9.701E+008  1.315E+007
 2.700E+012  2.970E-013  9.701E+008  1.425E+007
 2.900E+012  2.994E-013  9.701E+008  1.535E+007
 3.100E+012  3.018E-013  9.701E+008  1.644E+007
 3.300E+012  3.041E-013  9.701E+008  1.754E+007
 3.500E+012  3.065E-013  9.701E+008  1.863E+007
 3.700E+012  3.089E-013  9.701E+008  1.973E+007
 3.900E+012  3.113E-013  9.701E+008  2.083E+007
 4.100E+012  3.139E-013  9.701E+008  2.192E+007
 4.300E+012  3.165E-013  9.701E+008  2.302E+007
 4.500E+012  3.191E-013  9.701E+008  2.411E+007
 4.700E+012  3.217E-013  9.701E+008  2.521E+007
 4.900E+012  3.244E-013  9.701E+008  2.631E+007
 5.100E+012  3.271E-013  9.701E+008  2.740E+007
 5.300E+012  3.297E-013  9.701E+008  2.850E+007
 5.500E+012  3.323E-013  9.701E+008  2.960E+007
 5.700E+012  3.349E-013  9.701E+008  3.069E+007
 5.900E+012  3.375E-013  9.701E+008  3.179E+007
 6.100E+012  3.400E-013  9.701E+008  3.288E+007
 6.300E+012  3.425E-013  9.701E+008  3.398E+007
 6.500E+012  3.449E-013  9.701E+008  3.508E+007
 6.700E+012  3.472E-013  9.701E+008  3.617E+007
 6.900E+012  3.493E-013  9.701E+008  3.727E+007
 7.100E+012  3.513E-013  9.701E+008  3.836E+007
 7.300E+012  3.530E-013  9.701E+008  3.946E+007
 7.500E+012  3.544E-013  9.701E+008  4.056E+007
 7.700E+012  3.556E-013  9.701E+008  4.165E+007
 7.900E+012  3.565E-013  9.701E+008  4.275E+007
 8.100E+012  3.571E-013  9.701E+008  4.384E+007
 8.300E+012  3.574E-013  9.701E+008  4.494E+007
 8.500E+012  3.575E-013  9.701E+008  4.604E+007
 8.700E+012  3.575E-013  9.701E+008  4.713E+007
 8.900E+012  3.575E-013  9.701E+008  4.823E+007
 9.100E+012  3.575E-013  9.701E+008  4.933E+007
 9.300E+012  3.575E-013  9.701E+008  5.042E+007
 9.500E+012  3.575E-013  9.701E+008  5.152E+007
 9.700E+012  3.575E-013  9.701E+008  5.261E+007
 9.900E+012  3.574E-013  9.701E+008  5.371E+007
 1.010E+013  3.574E-013  9.701E+008  5.481E+007
 1.030E+013  3.574E-013  9.701E+008  5.590E+007
 1.050E+013  3.573E-013  9.701E+008  5.700E+007
 1.070E+013  3.572E-013  9.701E+008  5.809E+007
 1.090E+013  3.572E-013  9.701E+008  5.919E+007
 1.110E+013  3.571E-013  9.701E+008  6.029E+007
 1.130E+013  3.570E-013  9.701E+008  6.138E+007
 1.150E+013  3.569E-013  9.701E+008  6.248E+007
 1.170E+013  3.567E-013  9.701E+008  6.358E+007
 1.190E+013  3.566E-013  9.701E+008  6.467E+007
 1.210E+013  3.564E-013  9.701E+008  6.577E+007
 1.230E+013  3.563E-013  9.701E+008  6.686E+007
 1.250E+013  3.561E-013  9.701E+008  6.796E+007
 1.270E+013  3.559E-013  9.701E+008  6.906E+007
 1.290E+013  3.558E-013  9.701E+008  7.015E+007
 1.310E+013  3.557E-013  9.701E+008  7.125E+007
 1.330E+013  3.556E-013  9.701E+008  7.235E+007
 1.350E+013  3.556E-013  9.701E+008  7.344E+007
 1.370E+013  3.556E-013  9.701E+008  7.454E+007
 1.390E+013  3.556E-013  9.701E+008  7.563E+007
 1.410E+013  3.556E-013  9.701E+008  7.673E+007
 1.430E+013  3.556E-013  9.701E+008  7.783E+007
 1.450E+013  3.556E-013  9.701E+008  7.892E+007
 1.470E+013  3.556E-013  9.701E+008  8.002E+007
 1.490E+013  3.557E-013  9.701E+008  8.111E+007
 1.510E+013  3.557E-013  9.701E+008  8.221E+007
 1.530E+013  3.558E-013  9.701E+008  8.331E+007
 1.550E+013  3.558E-013  9.701E+008  8.440E+007
 1.570E+013  3.559E-013  9.701E+008  8.550E+007
 1.590E+013  3.561E-013  9.701E+008  8.660E+007
 1.610E+013  3.562E-013  9.701E+008  8.769E+007
 1.630E+013  3.564E-013  9.701E+008  8.879E+007
 1.650E+013  3.566E-013  9.701E+008  8.989E+007
 1.670E+013  3.568E-013  9.701E+008  9.098E+007
 1.690E+013  3.571E-013  9.701E+008  9.208E+007
 1.710E+013  3.575E-013  9.701E+008  9.317E+007
 1.730E+013  3.579E-013  9.701E+008  9.427E+007
 1.750E+013  3.584E-013  9.701E+008  9.537E+007
 1.770E+013  3.589E-013  9.701E+008  9.646E+007
 1.790E+013  3.595E-013  9.701E+008  9.756E+007
 1.810E+013  3.601E-013  9.701E+008  9.866E+007
 1.830E+013  3.609E-013  9.701E+008  9.975E+007
 1.850E+013  3.617E-013  9.701E+008  1.008E+008
 1.870E+013  3.626E-013  9.701E+008  1.019E+008
 1.890E+013  3.636E-013  9.701E+008  1.030E+008
 1.910E+013  3.647E-013  9.701E+008  1.041E+008
 1.930E+013  3.659E-013  9.701E+008  1.052E+008
 1.950E+013  3.672E-013  9.701E+008  1.063E+008
 1.970E+013  3.687E-013  9.701E+008  1.074E+008
 1.990E+013  3.703E-013  9.701E+008  1.085E+008
 2.010E+013  3.720E-013  9.701E+008  1.096E+008
 2.030E+013  3.738E-013  9.701E+008  1.107E+008
 2.050E+013  3.758E-013  9.700E+008  1.118E+008
 2.070E+013  3.779E-013  9.700E+008  1.129E+008
 2.090E+013  3.803E-013  9.700E+008  1.140E+008
 2.110E+013  3.827E-013  9.700E+008  1.151E+008
 2.130E+013  3.854E-013  9.700E+008  1.162E+008
 2.150E+013  3.883E-013  9.700E+008  1.173E+008
 2.170E+013  3.913E-013  9.700E+008  1.184E+008
 2.190E+013  3.946E-013  9.700E+008  1.195E+008
 2.210E+013  3.981E-013  9.700E+008  1.206E+008
 2.230E+013  4.018E-013  9.700E+008  1.217E+008
 2.250E+013  4.058E-013  9.700E+008  1.228E+008
 2.270E+013  4.100E-013  9.700E+008  1.239E+008
 2.290E+013  4.145E-013  9.700E+008  1.250E+008
 2.310E+013  4.192E-013  9.700E+008  1.261E+008
 2.330E+013  4.243E-013  9.700E+008  1.272E+008
 2.350E+013  4.296E-013  9.700E+008  1.283E+008
 2.370E+013  4.353E-013  9.700E+008  1.294E+008
 2.390E+013  4.413E-013  9.700E+008  1.305E+008
 2.410E+013  4.477E-013  9.700E+008  1.316E+008
 2.430E+013  4.545E-013  9.700E+008  1.326E+008
 2.450E+013  4.616E-013  9.700E+008  1.337E+008
 2.470E+013  4.692E-013  9.700E+008  1.348E+008
 2.490E+013  4.772E-013  9.700E+008  1.359E+008
 2.510E+013  4.857E-013  9.700E+008  1.370E+008
 2.530E+013  4.946E-013  9.700E+008  1.381E+008
 2.550E+013  5.041E-013  9.700E+008  1.392E+008
 2.570E+013  5.141E-013  9.700E+008  1.403E+008
 2.590E+013  5.246E-013  9.700E+008  1.414E+008
 2.610E+013  5.357E-013  9.700E+008  1.425E+008
 2.630E+013  5.475E-013  9.700E+008  1.436E+008
 2.650E+013  5.598E-013  9.700E+008  1.447E+008
 2.670E+013  5.729E-013  9.700E+008  1.458E+008
 2.690E+013  5.867E-013  9.700E+008  1.469E+008
 2.710E+013  6.012E-013  9.700E+008  1.480E+008
 2.730E+013  6.165E-013  9.700E+008  1.491E+008
 2.750E+013  6.327E-013  9.700E+008  1.502E+008
 2.770E+013  6.497E-013  9.700E+008  1.513E+008
 2.790E+013  6.676E-013  9.700E+008  1.524E+008
 2.810E+013  6.865E-013  9.700E+008  1.535E+008
 2.830E+013  7.063E-013  9.700E+008  1.546E+008
 2.850E+013  7.273E-013  9.700E+008  1.557E+008
 2.870E+013  7.493E-013  9.700E+008  1.568E+008
 2.890E+013  7.724E-013  9.700E+008  1.579E+008
 2.910E+013  7.968E-013  9.700E+008  1.590E+008
 2.930E+013  8.224E-013  9.700E+008  1.601E+008
 2.950E+013  8.493E-013  9.700E+008  1.612E+008
 2.970E+013  8.776E-013  9.700E+008  1.623E+008
 2.990E+013  9.074E-013  9.700E+008  1.634E+008
 3.010E+013  9.385E-013  9.700E+008  1.645E+008
 3.030E+013  9.713E-013  9.700E+008  1.656E+008
 3.050E+013  1.006E-012  9.700E+008  1.667E+008
 3.070E+013  1.042E-012  9.700E+008  1.678E+008
 3.090E+013  1.079E-012  9.700E+008  1.689E+008
 3.110E+013  1.119E-012  9.700E+008  1.700E+008
 3.130E+013  1.160E-012  9.700E+008  1.711E+008
 3.150E+013  1.203E-012  9.700E+008  1.722E+008
 3.170E+013  1.248E-012  9.700E+008  1.733E+008
 3.190E+013  1.295E-012  9.700E+008  1.744E+008
 3.210E+013  1.344E-012  9.700E+008  1.755E+008
 3.230E+013  1.395E-012  9.700E+008  1.766E+008
 3.250E+013  1.449E-012  9.700E+008  1.777E+008
 3.270E+013  1.504E-012  9.700E+008  1.787E+008
 3.290E+013  1.562E-012  9.700E+008  1.798E+008
 3.310E+013  1.621E-012  9.700E+008  1.809E+008
 3.330E+013  1.683E-012  9.700E+008  1.820E+008
 3.350E+013  1.747E-012  9.700E+008  1.831E+008
 3.370E+013  1.813E-012  9.700E+008  1.842E+008
 3.390E+013  1.882E-012  9.700E+008  1.853E+008
 3.410E+013  1.953E-012  9.699E+008  1.864E+008
 3.430E+013  2.025E-012  9.699E+008  1.875E+008
 3.450E+013  2.100E-012  9.699E+008  1.886E+008
 3.470E+013  2.177E-012  9.699E+008  1.897E+008
 3.490E+013  2.257E-012  9.699E+008  1.908E+008
 3.510E+013  2.338E-012  9.699E+008  1.919E+008
 3.530E+013  2.421E-012  9.699E+008  1.930E+008
 3.550E+013  2.506E-012  9.699E+008  1.941E+008
 3.570E+013  2.592E-012  9.699E+008  1.952E+008
 3.590E+013  2.681E-012  9.699E+008  1.963E+008
 3.610E+013  2.771E-012  9.699E+008  1.974E+008
 3.630E+013  2.863E-012  9.699E+008  1.985E+008
 3.650E+013  2.956E-012  9.699E+008  1.996E+008
 3.670E+013  3.051E-012  9.699E+008  2.007E+008
 3.690E+013  3.147E-012  9.699E+008  2.018E+008
 3.710E+013  3.244E-012  9.699E+008  2.029E+008
 3.730E+013  3.343E-012  9.698E+008  2.040E+008
 3.750E+013  3.443E-012  9.698E+008  2.051E+008
 3.770E+013  3.543E-012  9.698E+008  2.062E+008
 3.790E+013  3.645E-012  9.698E+008  2.073E+008
 3.810E+013  3.748E-012  9.698E+008  2.084E+008
 3.830E+013  3.851E-012  9.698E+008  2.095E+008
 3.850E+013  3.956E-012  9.698E+008  2.106E+008
 3.870E+013  4.061E-012  9.698E+008  2.117E+008
 3.890E+013  4.167E-012  9.698E+008  2.128E+008
 3.910E+013  4.273E-012  9.698E+008  2.139E+008
 3.930E+013  4.380E-012  9.698E+008  2.150E+008
 3.950E+013  4.488E-012  9.697E+008  2.161E+008
 3.970E+013  4.597E-012  9.697E+008  2.172E+008
 3.990E+013  4.706E-012  9.697E+008  2.183E+008
 4.010E+013  4.816E-012  9.697E+008  2.194E+008
 4.030E+013  4.927E-012  9.697E+008  2.205E+008
 4.050E+013  5.038E-012  9.697E+008  2.216E+008
 4.070E+013  5.150E-012  9.697E+008  2.227E+008
 4.090E+013  5.263E-012  9.696E+008  2.238E+008
 4.110E+013  5.376E-012  9.696E+008  2.249E+008
 4.130E+013  5.491E-012  9.696E+008  2.260E+008
 4.150E+013  5.606E-012  9.696E+008  2.271E+008
 4.170E+013  5.722E-012  9.696E+008  2.282E+008
 4.190E+013  5.839E-012  9.696E+008  2.293E+008
 4.210E+013  5.957E-012  9.696E+008  2.304E+008
 4.230E+013  6.076E-012  9.695E+008  2.315E+008
 4.250E+013  6.197E-012  9.695E+008  2.326E+008
 4.270E+013  6.318E-012  9.695E+008  2.337E+008
 4.290E+013  6.441E-012  9.695E+008  2.348E+008
 4.310E+013  6.565E-012  9.695E+008  2.359E+008
 4.330E+013  6.690E-012  9.695E+008  2.370E+008
 4.350E+013  6.817E-012  9.694E+008  2.382E+008
 4.370E+013  6.946E-012  9.694E+008  2.393E+008
 4.390E+013  7.076E-012  9.694E+008  2.404E+008
 4.410E+013  7.208E-012  9.694E+008  2.415E+008
 4.430E+013  7.342E-012  9.694E+008  2.426E+008
 4.450E+013  7.477E-012  9.693E+008  2.437E+008
 4.470E+013  7.615E-012  9.693E+008  2.448E+008
 4.490E+013  7.754E-012  9.693E+008  2.459E+008
 4.510E+013  7.896E-012  9.693E+008  2.470E+008
 4.530E+013  8.040E-012  9.692E+008  2.481E+008
 4.550E+013  8.186E-012  9.692E+008  2.492E+008
 4.570E+013  8.335E-012  9.692E+008  2.503E+008
 4.590E+013  8.486E-012  9.692E+008  2.514E+008
 4.610E+013  8.640E-012  9.691E+008  2.526E+008
 4.630E+013  8.796E-012  9.691E+008  2.537E+008
 4.650E+013  8.955E-012  9.691E+008  2.548E+008
 4.670E+013  9.117E-012  9.691E+008  2.559E+008
 4.690E+013  9.282E-012  9.690E+008  2.570E+008
 4.710E+013  9.450E-012  9.690E+008  2.581E+008
 4.730E+013  9.621E-012  9.690E+008  2.592E+008
 4.750E+013  9.795E-012  9.689E+008  2.603E+008
 4.770E+013  9.973E-012  9.689E+008  2.615E+008
 4.790E+013  1.015E-011  9.689E+008  2.626E+008
 4.810E+013  1.034E-011  9.688E+008  2.637E+008
 4.830E+013  1.053E-011  9.688E+008  2.648E+008
 4.850E+013  1.072E-011  9.688E+008  2.659E+008
 4.870E+013  1.091E-011  9.687E+008  2.670E+008
 4.890E+013  1.111E-011  9.687E+008  2.682E+008
 4.910E+013  1.131E-011  9.687E+008  2.693E+008
 4.930E+013  1.152E-011  9.686E+008  2.704E+008
 4.950E+013  1.173E-011  9.686E+008  2.715E+008
 4.970E+013  1.194E-011  9.686E+008  2.726E+008
 4.990E+013  1.216E-011  9.685E+008  2.737E+008
 5.010E+013  1.238E-011  9.685E+008  2.749E+008
 5.030E+013  1.261E-011  9.684E+008  2.760E+008
 5.050E+013  1.284E-011  9.684E+008  2.771E+008
 5.070E+013  1.307E-011  9.683E+008  2.782E+008
 5.090E+013  1.331E-011  9.683E+008  2.794E+008
 5.110E+013  1.356E-011  9.683E+008  2.805E+008
 5.130E+013  1.380E-011  9.682E+008  2.816E+008
 5.150E+013  1.405E-011  9.682E+008  2.827E+008
 5.170E+013  1.431E-011  9.681E+008  2.839E+008
 5.190E+013  1.457E-011  9.681E+008  2.850E+008
 5.210E+013  1.483E-011  9.680E+008  2.861E+008
 5.230E+013  1.510E-011  9.680E+008  2.872E+008
 5.250E+013  1.538E-011  9.679E+008  2.884E+008
 5.270E+013  1.565E-011  9.679E+008  2.895E+008
 5.290E+013  1.593E-011  9.678E+008  2.906E+008
 5.310E+013  1.622E-011  9.677E+008  2.918E+008
 5.330E+013  1.651E-011  9.677E+008  2.929E+008
 5.350E+013  1.680E-011  9.676E+008  2.940E+008
 5.370E+013  1.710E-011  9.676E+008  2.952E+008
 5.390E+013  1.740E-011  9.675E+008  2.963E+008
 5.410E+013  1.771E-011  9.674E+008  2.974E+008
 5.430E+013  1.802E-011  9.674E+008  2.986E+008
 5.450E+013  1.833E-011  9.673E+008  2.997E+008
 5.470E+013  1.865E-011  9.672E+008  3.009E+008
 5.490E+013  1.897E-011  9.672E+008  3.020E+008
 5.510E+013  1.930E-011  9.671E+008  3.031E+008
 5.530E+013  1.963E-011  9.670E+008  3.043E+008
 5.550E+013  1.996E-011  9.670E+008  3.054E+008
 5.570E+013  2.030E-011  9.669E+008  3.066E+008
 5.590E+013  2.064E-011  9.668E+008  3.077E+008
 5.610E+013  2.098E-011  9.667E+008  3.089E+008
 5.630E+013  2.133E-011  9.666E+008  3.100E+008
 5.650E+013  2.168E-011  9.666E+008  3.112E+008
 5.670E+013  2.204E-011  9.665E+008  3.123E+008
 5.690E+013  2.240E-011  9.664E+008  3.135E+008
 5.710E+013  2.276E-011  9.663E+008  3.146E+008
 5.730E+013  2.313E-011  9.662E+008  3.158E+008
 5.750E+013  2.350E-011  9.661E+008  3.170E+008
 5.770E+013  2.388E-011  9.660E+008  3.181E+008
 5.790E+013  2.426E-011  9.659E+008  3.193E+008
 5.810E+013  2.464E-011  9.659E+008  3.204E+008
 5.830E+013  2.503E-011  9.658E+008  3.216E+008
 5.850E+013  2.542E-011  9.657E+008  3.228E+008
 5.870E+013  2.581E-011  9.656E+008  3.239E+008
 5.890E+013  2.621E-011  9.654E+008  3.251E+008
 5.910E+013  2.661E-011  9.653E+008  3.263E+008
 5.930E+013  2.702E-011  9.652E+008  3.274E+008
 5.950E+013  2.743E-011  9.651E+008  3.286E+008
 5.970E+013  2.785E-011  9.650E+008  3.298E+008
 5.990E+013  2.827E-011  9.649E+008  3.310E+008
 6.010E+013  2.869E-011  9.648E+008  3.322E+008
 6.030E+013  2.912E-011  9.647E+008  3.333E+008
 6.050E+013  2.956E-011  9.645E+008  3.345E+008
 6.070E+013  3.000E-011  9.644E+008  3.357E+008
 6.090E+013  3.044E-011  9.643E+008  3.369E+008
 6.110E+013  3.089E-011  9.642E+008  3.381E+008
 6.130E+013  3.135E-011  9.640E+008  3.393E+008
 6.150E+013  3.181E-011  9.639E+008  3.405E+008
 6.170E+013  3.228E-011  9.638E+008  3.417E+008
 6.190E+013  3.275E-011  9.636E+008  3.429E+008
 6.210E+013  3.323E-011  9.635E+008  3.441E+008
 6.230E+013  3.371E-011  9.633E+008  3.453E+008
 6.250E+013  3.420E-011  9.632E+008  3.465E+008
 6.270E+013  3.470E-011  9.631E+008  3.477E+008
 6.290E+013  3.520E-011  9.629E+008  3.489E+008
 6.310E+013  3.571E-011  9.627E+008  3.501E+008
 6.330E+013  3.622E-011  9.626E+008  3.513E+008
 6.350E+013  3.675E-011  9.624E+008  3.525E+008
 6.370E+013  3.728E-011  9.623E+008  3.537E+008
 6.390E+013  3.781E-011  9.621E+008  3.550E+008
 6.410E+013  3.836E-011  9.619E+008  3.562E+008
 6.430E+013  3.891E-011  9.618E+008  3.574E+008
 6.450E+013  3.947E-011  9.616E+008  3.587E+008
 6.470E+013  4.003E-011  9.614E+008  3.599E+008
 6.490E+013  4.060E-011  9.612E+008  3.611E+008
 6.510E+013  4.118E-011  9.610E+008  3.624E+008
 6.530E+013  4.177E-011  9.608E+008  3.636E+008
 6.550E+013  4.237E-011  9.607E+008  3.649E+008
 6.570E+013  4.297E-011  9.605E+008  3.661E+008
 6.590E+013  4.358E-011  9.603E+008  3.674E+008
 6.610E+013  4.420E-011  9.601E+008  3.686E+008
 6.630E+013  4.483E-011  9.598E+008  3.699E+008
 6.650E+013  4.547E-011  9.596E+008  3.711E+008
 6.670E+013  4.611E-011  9.594E+008  3.724E+008
 6.690E+013  4.676E-011  9.592E+008  3.737E+008
 6.710E+013  4.742E-011  9.590E+008  3.749E+008
 6.730E+013  4.809E-011  9.587E+008  3.762E+008
 6.750E+013  4.877E-011  9.585E+008  3.775E+008
 6.770E+013  4.946E-011  9.583E+008  3.788E+008
 6.790E+013  5.015E-011  9.580E+008  3.801E+008
 6.810E+013  5.085E-011  9.578E+008  3.814E+008
 6.830E+013  5.156E-011  9.575E+008  3.827E+008
 6.850E+013  5.228E-011  9.573E+008  3.840E+008
 6.870E+013  5.301E-011  9.570E+008  3.853E+008
 6.890E+013  5.375E-011  9.568E+008  3.866E+008
 6.910E+013  5.449E-011  9.565E+008  3.879E+008
 6.930E+013  5.524E-011  9.562E+008  3.892E+008
 6.950E+013  5.600E-011  9.560E+008  3.906E+008
 6.970E+013  5.677E-011  9.557E+008  3.919E+008
 6.990E+013  5.755E-011  9.554E+008  3.932E+008
 7.010E+013  5.834E-011  9.551E+008  3.946E+008
 7.030E+013  5.913E-011  9.548E+008  3.959E+008
 7.050E+013  5.994E-011  9.545E+008  3.973E+008
 7.070E+013  6.075E-011  9.542E+008  3.986E+008
 7.090E+013  6.157E-011  9.539E+008  4.000E+008
 7.110E+013  6.240E-011  9.536E+008  4.014E+008
 7.130E+013  6.324E-011  9.532E+008  4.027E+008
 7.150E+013  6.408E-011  9.529E+008  4.041E+008
 7.170E+013  6.494E-011  9.526E+008  4.055E+008
 7.190E+013  6.580E-011  9.522E+008  4.069E+008
 7.210E+013  6.667E-011  9.519E+008  4.083E+008
 7.230E+013  6.755E-011  9.515E+008  4.097E+008
 7.250E+013  6.844E-011  9.512E+008  4.111E+008
 7.270E+013  6.933E-011  9.508E+008  4.125E+008
 7.290E+013  7.024E-011  9.504E+008  4.139E+008
 7.310E+013  7.115E-011  9.500E+008  4.154E+008
 7.330E+013  7.208E-011  9.497E+008  4.168E+008
 7.350E+013  7.301E-011  9.493E+008  4.183E+008
 7.370E+013  7.395E-011  9.489E+008  4.197E+008
 7.390E+013  7.490E-011  9.485E+008  4.212E+008
 7.410E+013  7.585E-011  9.481E+008  4.226E+008
 7.430E+013  7.682E-011  9.476E+008  4.241E+008
 7.450E+013  7.780E-011  9.472E+008  4.256E+008
 7.470E+013  7.878E-011  9.468E+008  4.271E+008
 7.490E+013  7.977E-011  9.463E+008  4.286E+008
 7.510E+013  8.078E-011  9.459E+008  4.301E+008
 7.530E+013  8.179E-011  9.454E+008  4.317E+008
 7.550E+013  8.281E-011  9.450E+008  4.332E+008
 7.570E+013  8.384E-011  9.445E+008  4.347E+008
 7.590E+013  8.488E-011  9.440E+008  4.363E+008
 7.610E+013  8.593E-011  9.436E+008  4.379E+008
 7.630E+013  8.698E-011  9.431E+008  4.395E+008
 7.650E+013  8.805E-011  9.426E+008  4.411E+008
 7.670E+013  8.913E-011  9.421E+008  4.427E+008
 7.690E+013  9.021E-011  9.416E+008  4.443E+008
 7.710E+013  9.131E-011  9.411E+008  4.459E+008
 7.730E+013  9.241E-011  9.405E+008  4.476E+008
 7.750E+013  9.352E-011  9.400E+008  4.492E+008
 7.770E+013  9.465E-011  9.394E+008  4.509E+008
 7.790E+013  9.578E-011  9.389E+008  4.526E+008
 7.810E+013  9.692E-011  9.383E+008  4.542E+008
 7.830E+013  9.807E-011  9.377E+008  4.559E+008
 7.850E+013  9.923E-011  9.371E+008  4.576E+008
 7.870E+013  1.004E-010  9.365E+008  4.593E+008
 7.890E+013  1.016E-010  9.359E+008  4.611E+008
 7.910E+013  1.028E-010  9.353E+008  4.628E+008
 7.930E+013  1.040E-010  9.347E+008  4.646E+008
 7.950E+013  1.052E-010  9.340E+008  4.664E+008
 7.970E+013  1.064E-010  9.334E+008  4.681E+008
 7.990E+013  1.076E-010  9.327E+008  4.700E+008
 8.010E+013  1.089E-010  9.320E+008  4.718E+008
 8.030E+013  1.101E-010  9.313E+008  4.736E+008
 8.050E+013  1.114E-010  9.306E+008  4.755E+008
 8.070E+013  1.126E-010  9.299E+008  4.774E+008
 8.090E+013  1.139E-010  9.292E+008  4.793E+008
 8.110E+013  1.152E-010  9.285E+008  4.813E+008
 8.130E+013  1.165E-010  9.278E+008  4.833E+008
 8.150E+013  1.178E-010  9.270E+008  4.853E+008
 8.170E+013  1.191E-010  9.263E+008  4.874E+008
 8.190E+013  1.204E-010  9.255E+008  4.895E+008
 8.210E+013  1.217E-010  9.248E+008  4.916E+008
 8.230E+013  1.231E-010  9.240E+008  4.938E+008
 8.250E+013  1.244E-010  9.233E+008  4.960E+008
 8.270E+013  1.258E-010  9.225E+008  4.982E+008
 8.290E+013  1.271E-010  9.217E+008  5.005E+008
 8.310E+013  1.285E-010  9.209E+008  5.029E+008
 8.330E+013  1.299E-010  9.201E+008  5.052E+008
 8.350E+013  1.313E-010  9.192E+008  5.076E+008
 8.370E+013  1.327E-010  9.184E+008  5.100E+008
 8.390E+013  1.341E-010  9.175E+008  5.124E+008
 8.410E+013  1.355E-010  9.165E+008  5.149E+008
 8.430E+013  1.369E-010  9.155E+008  5.173E+008
 8.450E+013  1.384E-010  9.145E+008  5.196E+008
 8.470E+013  1.398E-010  9.134E+008  5.220E+008
 8.490E+013  1.412E-010  9.122E+008  5.243E+008
 8.510E+013  1.427E-010  9.110E+008  5.266E+008
 8.530E+013  1.441E-010  9.097E+008  5.289E+008
 8.550E+013  1.456E-010  9.084E+008  5.311E+008
 8.570E+013  1.470E-010  9.070E+008  5.334E+008
 8.590E+013  1.485E-010  9.055E+008  5.357E+008
 8.610E+013  1.499E-010  9.041E+008  5.380E+008
 8.630E+013  1.514E-010  9.026E+008  5.405E+008
 8.650E+013  1.529E-010  9.012E+008  5.430E+008
 8.670E+013  1.544E-010  8.998E+008  5.457E+008
 8.690E+013  1.559E-010  8.984E+008  5.485E+008
 8.710E+013  1.574E-010  8.970E+008  5.515E+008
 8.730E+013  1.589E-010  8.957E+008  5.548E+008
 8.750E+013  1.605E-010  8.944E+008  5.582E+008
 8.770E+013  1.620E-010  8.931E+008  5.618E+008
 8.790E+013  1.636E-010  8.919E+008  5.657E+008
 8.810E+013  1.652E-010  8.907E+008  5.697E+008
 8.830E+013  1.668E-010  8.896E+008  5.740E+008
 8.850E+013  1.684E-010  8.884E+008  5.784E+008
 8.870E+013  1.701E-010  8.873E+008  5.831E+008
 8.890E+013  1.717E-010  8.862E+008  5.879E+008
 8.910E+013  1.733E-010  8.850E+008  5.928E+008
 8.930E+013  1.750E-010  8.839E+008  5.979E+008
 8.950E+013  1.767E-010  8.829E+008  6.030E+008
 8.970E+013  1.784E-010  8.819E+008  6.082E+008
 8.990E+013  1.801E-010  8.809E+008  6.134E+008
 9.010E+013  1.819E-010  8.801E+008  6.184E+008
 9.030E+013  1.837E-010  8.795E+008  6.233E+008
 9.050E+013  1.855E-010  8.792E+008  6.280E+008
 9.070E+013  1.874E-010  8.791E+008  6.322E+008
 9.090E+013  1.893E-010  8.795E+008  6.358E+008
 9.110E+013  1.914E-010  8.805E+008  6.388E+008
 9.130E+013  1.936E-010  8.821E+008  6.409E+008
 9.150E+013  1.959E-010  8.846E+008  6.419E+008
 9.170E+013  1.983E-010  8.877E+008  6.416E+008
 9.190E+013  2.008E-010  8.911E+008  6.409E+008
 9.210E+013  2.033E-010  8.949E+008  6.397E+008
 9.230E+013  2.060E-010  8.990E+008  6.381E+008
 9.250E+013  2.087E-010  9.034E+008  6.362E+008
 9.270E+013  2.115E-010  9.078E+008  6.341E+008
 9.290E+013  2.143E-010  9.124E+008  6.320E+008
 9.310E+013  2.171E-010  9.170E+008  6.299E+008
 9.330E+013  2.200E-010  9.218E+008  6.277E+008
 9.350E+013  2.230E-010  9.266E+008  6.256E+008
 9.370E+013  2.260E-010  9.315E+008  6.234E+008
 9.390E+013  2.291E-010  9.364E+008  6.212E+008
 9.410E+013  2.322E-010  9.414E+008  6.191E+008
 9.430E+013  2.354E-010  9.466E+008  6.169E+008
 9.450E+013  2.386E-010  9.517E+008  6.147E+008
 9.470E+013  2.419E-010  9.570E+008  6.126E+008
 9.490E+013  2.452E-010  9.623E+008  6.104E+008
 9.510E+013  2.486E-010  9.677E+008  6.082E+008
 9.530E+013  2.521E-010  9.732E+008  6.060E+008
 9.550E+013  2.556E-010  9.787E+008  6.039E+008
 9.570E+013  2.591E-010  9.843E+008  6.018E+008
 9.590E+013  2.628E-010  9.899E+008  5.996E+008
 9.610E+013  2.664E-010  9.956E+008  5.976E+008
 9.630E+013  2.702E-010  1.001E+009  5.955E+008
 9.650E+013  2.739E-010  1.007E+009  5.935E+008
 9.670E+013  2.778E-010  1.013E+009  5.916E+008
 9.690E+013  2.817E-010  1.018E+009  5.897E+008
 9.710E+013  2.856E-010  1.024E+009  5.878E+008
 9.730E+013  2.896E-010  1.030E+009  5.861E+008
 9.750E+013  2.936E-010  1.035E+009  5.843E+008
 9.770E+013  2.977E-010  1.041E+009  5.827E+008
 9.790E+013  3.018E-010  1.047E+009  5.812E+008
 9.810E+013  3.060E-010  1.052E+009  5.797E+008
 9.830E+013  3.102E-010  1.057E+009  5.784E+008
 9.850E+013  3.144E-010  1.062E+009  5.772E+008
 9.870E+013  3.186E-010  1.067E+009  5.762E+008
 9.890E+013  3.229E-010  1.072E+009  5.753E+008
 9.910E+013  3.271E-010  1.077E+009  5.746E+008
 9.930E+013  3.314E-010  1.081E+009  5.740E+008
 9.950E+013  3.358E-010  1.085E+009  5.735E+008
 9.970E+013  3.398E-010  1.089E+009  5.731E+008
 9.990E+013  3.463E-010  1.093E+009  5.725E+008
 1.001E+014  1.000E-099  1.000E-099  5.725E+008
 1.003E+014  1.000E-099  1.000E-099  5.725E+008
 4.566E-003
