 9.000E+004
     x1b        dens       energ       v1
 1.000E+011  6.996E-013  5.468E+009  0.000E+000
 3.000E+011  7.192E-013  5.468E+009  1.998E+006
 5.000E+011  7.542E-013  5.468E+009  1.315E+006
 7.000E+011  7.847E-013  5.468E+009  2.705E+006
 9.000E+011  8.010E-013  5.468E+009  3.329E+006
 1.100E+012  8.082E-013  5.468E+009  4.268E+006
 1.300E+012  8.134E-013  5.468E+009  5.072E+006
 1.500E+012  8.200E-013  5.468E+009  5.948E+006
 1.700E+012  8.285E-013  5.468E+009  6.786E+006
 1.900E+012  8.382E-013  5.468E+009  7.642E+006
 2.100E+012  8.477E-013  5.468E+009  8.485E+006
 2.300E+012  8.568E-013  5.468E+009  9.333E+006
 2.500E+012  8.661E-013  5.468E+009  1.018E+007
 2.700E+012  8.757E-013  5.468E+009  1.103E+007
 2.900E+012  8.859E-013  5.468E+009  1.188E+007
 3.100E+012  8.963E-013  5.468E+009  1.273E+007
 3.300E+012  9.069E-013  5.468E+009  1.358E+007
 3.500E+012  9.174E-013  5.468E+009  1.442E+007
 3.700E+012  9.280E-013  5.468E+009  1.527E+007
 3.900E+012  9.384E-013  5.468E+009  1.612E+007
 4.100E+012  9.488E-013  5.468E+009  1.697E+007
 4.300E+012  9.589E-013  5.468E+009  1.782E+007
 4.500E+012  9.687E-013  5.468E+009  1.867E+007
 4.700E+012  9.781E-013  5.468E+009  1.952E+007
 4.900E+012  9.867E-013  5.468E+009  2.036E+007
 5.100E+012  9.942E-013  5.468E+009  2.121E+007
 5.300E+012  1.000E-012  5.468E+009  2.206E+007
 5.500E+012  1.004E-012  5.468E+009  2.291E+007
 5.700E+012  1.007E-012  5.468E+009  2.376E+007
 5.900E+012  1.008E-012  5.468E+009  2.461E+007
 6.100E+012  1.009E-012  5.468E+009  2.546E+007
 6.300E+012  1.009E-012  5.468E+009  2.630E+007
 6.500E+012  1.009E-012  5.468E+009  2.715E+007
 6.700E+012  1.009E-012  5.468E+009  2.800E+007
 6.900E+012  1.009E-012  5.468E+009  2.885E+007
 7.100E+012  1.009E-012  5.468E+009  2.970E+007
 7.300E+012  1.009E-012  5.468E+009  3.055E+007
 7.500E+012  1.008E-012  5.468E+009  3.139E+007
 7.700E+012  1.008E-012  5.468E+009  3.224E+007
 7.900E+012  1.008E-012  5.468E+009  3.309E+007
 8.100E+012  1.007E-012  5.468E+009  3.394E+007
 8.300E+012  1.007E-012  5.468E+009  3.479E+007
 8.500E+012  1.006E-012  5.468E+009  3.564E+007
 8.700E+012  1.005E-012  5.468E+009  3.649E+007
 8.900E+012  1.005E-012  5.468E+009  3.733E+007
 9.100E+012  1.004E-012  5.468E+009  3.818E+007
 9.300E+012  1.004E-012  5.468E+009  3.903E+007
 9.500E+012  1.004E-012  5.468E+009  3.988E+007
 9.700E+012  1.004E-012  5.468E+009  4.073E+007
 9.900E+012  1.004E-012  5.468E+009  4.158E+007
 1.010E+013  1.004E-012  5.468E+009  4.243E+007
 1.030E+013  1.004E-012  5.468E+009  4.327E+007
 1.050E+013  1.004E-012  5.468E+009  4.412E+007
 1.070E+013  1.004E-012  5.468E+009  4.497E+007
 1.090E+013  1.004E-012  5.468E+009  4.582E+007
 1.110E+013  1.005E-012  5.468E+009  4.667E+007
 1.130E+013  1.005E-012  5.468E+009  4.752E+007
 1.150E+013  1.006E-012  5.468E+009  4.836E+007
 1.170E+013  1.007E-012  5.468E+009  4.921E+007
 1.190E+013  1.008E-012  5.468E+009  5.006E+007
 1.210E+013  1.009E-012  5.468E+009  5.091E+007
 1.230E+013  1.011E-012  5.468E+009  5.176E+007
 1.250E+013  1.013E-012  5.468E+009  5.261E+007
 1.270E+013  1.015E-012  5.468E+009  5.346E+007
 1.290E+013  1.018E-012  5.468E+009  5.430E+007
 1.310E+013  1.021E-012  5.468E+009  5.515E+007
 1.330E+013  1.025E-012  5.468E+009  5.600E+007
 1.350E+013  1.029E-012  5.468E+009  5.685E+007
 1.370E+013  1.034E-012  5.468E+009  5.770E+007
 1.390E+013  1.039E-012  5.468E+009  5.855E+007
 1.410E+013  1.046E-012  5.468E+009  5.940E+007
 1.430E+013  1.053E-012  5.468E+009  6.024E+007
 1.450E+013  1.060E-012  5.468E+009  6.109E+007
 1.470E+013  1.069E-012  5.468E+009  6.194E+007
 1.490E+013  1.079E-012  5.468E+009  6.279E+007
 1.510E+013  1.089E-012  5.468E+009  6.364E+007
 1.530E+013  1.101E-012  5.468E+009  6.449E+007
 1.550E+013  1.114E-012  5.468E+009  6.534E+007
 1.570E+013  1.128E-012  5.468E+009  6.619E+007
 1.590E+013  1.143E-012  5.468E+009  6.703E+007
 1.610E+013  1.160E-012  5.468E+009  6.788E+007
 1.630E+013  1.179E-012  5.468E+009  6.873E+007
 1.650E+013  1.199E-012  5.468E+009  6.958E+007
 1.670E+013  1.221E-012  5.468E+009  7.043E+007
 1.690E+013  1.244E-012  5.468E+009  7.128E+007
 1.710E+013  1.270E-012  5.468E+009  7.213E+007
 1.730E+013  1.298E-012  5.468E+009  7.298E+007
 1.750E+013  1.328E-012  5.468E+009  7.383E+007
 1.770E+013  1.360E-012  5.468E+009  7.468E+007
 1.790E+013  1.396E-012  5.468E+009  7.552E+007
 1.810E+013  1.434E-012  5.468E+009  7.637E+007
 1.830E+013  1.475E-012  5.468E+009  7.722E+007
 1.850E+013  1.520E-012  5.468E+009  7.807E+007
 1.870E+013  1.567E-012  5.468E+009  7.892E+007
 1.890E+013  1.619E-012  5.468E+009  7.977E+007
 1.910E+013  1.675E-012  5.468E+009  8.062E+007
 1.930E+013  1.735E-012  5.468E+009  8.147E+007
 1.950E+013  1.800E-012  5.468E+009  8.232E+007
 1.970E+013  1.870E-012  5.468E+009  8.317E+007
 1.990E+013  1.945E-012  5.468E+009  8.402E+007
 2.010E+013  2.025E-012  5.468E+009  8.487E+007
 2.030E+013  2.112E-012  5.468E+009  8.572E+007
 2.050E+013  2.205E-012  5.468E+009  8.657E+007
 2.070E+013  2.305E-012  5.468E+009  8.742E+007
 2.090E+013  2.413E-012  5.468E+009  8.827E+007
 2.110E+013  2.528E-012  5.468E+009  8.912E+007
 2.130E+013  2.651E-012  5.468E+009  8.997E+007
 2.150E+013  2.784E-012  5.468E+009  9.082E+007
 2.170E+013  2.925E-012  5.468E+009  9.167E+007
 2.190E+013  3.076E-012  5.468E+009  9.252E+007
 2.210E+013  3.236E-012  5.468E+009  9.337E+007
 2.230E+013  3.408E-012  5.468E+009  9.422E+007
 2.250E+013  3.590E-012  5.468E+009  9.507E+007
 2.270E+013  3.783E-012  5.468E+009  9.592E+007
 2.290E+013  3.989E-012  5.468E+009  9.677E+007
 2.310E+013  4.205E-012  5.468E+009  9.762E+007
 2.330E+013  4.434E-012  5.468E+009  9.847E+007
 2.350E+013  4.676E-012  5.468E+009  9.932E+007
 2.370E+013  4.929E-012  5.468E+009  1.002E+008
 2.390E+013  5.196E-012  5.468E+009  1.010E+008
 2.410E+013  5.474E-012  5.468E+009  1.019E+008
 2.430E+013  5.765E-012  5.468E+009  1.027E+008
 2.450E+013  6.067E-012  5.468E+009  1.036E+008
 2.470E+013  6.381E-012  5.468E+009  1.044E+008
 2.490E+013  6.707E-012  5.468E+009  1.053E+008
 2.510E+013  7.043E-012  5.468E+009  1.061E+008
 2.530E+013  7.389E-012  5.468E+009  1.069E+008
 2.550E+013  7.746E-012  5.468E+009  1.078E+008
 2.570E+013  8.111E-012  5.468E+009  1.086E+008
 2.590E+013  8.485E-012  5.468E+009  1.095E+008
 2.610E+013  8.866E-012  5.468E+009  1.103E+008
 2.630E+013  9.255E-012  5.468E+009  1.112E+008
 2.650E+013  9.650E-012  5.468E+009  1.120E+008
 2.670E+013  1.005E-011  5.468E+009  1.129E+008
 2.690E+013  1.046E-011  5.468E+009  1.137E+008
 2.710E+013  1.087E-011  5.468E+009  1.146E+008
 2.730E+013  1.129E-011  5.468E+009  1.154E+008
 2.750E+013  1.171E-011  5.468E+009  1.163E+008
 2.770E+013  1.213E-011  5.468E+009  1.171E+008
 2.790E+013  1.256E-011  5.468E+009  1.180E+008
 2.810E+013  1.300E-011  5.468E+009  1.188E+008
 2.830E+013  1.343E-011  5.468E+009  1.197E+008
 2.850E+013  1.387E-011  5.468E+009  1.205E+008
 2.870E+013  1.432E-011  5.468E+009  1.214E+008
 2.890E+013  1.477E-011  5.468E+009  1.222E+008
 2.910E+013  1.522E-011  5.468E+009  1.230E+008
 2.930E+013  1.568E-011  5.468E+009  1.239E+008
 2.950E+013  1.614E-011  5.468E+009  1.247E+008
 2.970E+013  1.661E-011  5.468E+009  1.256E+008
 2.990E+013  1.708E-011  5.468E+009  1.264E+008
 3.010E+013  1.756E-011  5.468E+009  1.273E+008
 3.030E+013  1.805E-011  5.468E+009  1.281E+008
 3.050E+013  1.854E-011  5.468E+009  1.290E+008
 3.070E+013  1.905E-011  5.468E+009  1.298E+008
 3.090E+013  1.956E-011  5.468E+009  1.307E+008
 3.110E+013  2.008E-011  5.468E+009  1.315E+008
 3.130E+013  2.061E-011  5.468E+009  1.324E+008
 3.150E+013  2.115E-011  5.468E+009  1.332E+008
 3.170E+013  2.170E-011  5.468E+009  1.341E+008
 3.190E+013  2.226E-011  5.468E+009  1.349E+008
 3.210E+013  2.284E-011  5.468E+009  1.358E+008
 3.230E+013  2.343E-011  5.468E+009  1.366E+008
 3.250E+013  2.403E-011  5.468E+009  1.375E+008
 3.270E+013  2.465E-011  5.468E+009  1.383E+008
 3.290E+013  2.529E-011  5.468E+009  1.392E+008
 3.310E+013  2.593E-011  5.468E+009  1.400E+008
 3.330E+013  2.660E-011  5.468E+009  1.408E+008
 3.350E+013  2.729E-011  5.468E+009  1.417E+008
 3.370E+013  2.799E-011  5.468E+009  1.425E+008
 3.390E+013  2.871E-011  5.468E+009  1.434E+008
 3.410E+013  2.945E-011  5.468E+009  1.442E+008
 3.430E+013  3.021E-011  5.468E+009  1.451E+008
 3.450E+013  3.099E-011  5.468E+009  1.459E+008
 3.470E+013  3.179E-011  5.468E+009  1.468E+008
 3.490E+013  3.262E-011  5.468E+009  1.476E+008
 3.510E+013  3.346E-011  5.468E+009  1.485E+008
 3.530E+013  3.433E-011  5.468E+009  1.493E+008
 3.550E+013  3.522E-011  5.468E+009  1.502E+008
 3.570E+013  3.614E-011  5.468E+009  1.510E+008
 3.590E+013  3.708E-011  5.468E+009  1.519E+008
 3.610E+013  3.804E-011  5.468E+009  1.527E+008
 3.630E+013  3.903E-011  5.468E+009  1.536E+008
 3.650E+013  4.004E-011  5.468E+009  1.544E+008
 3.670E+013  4.107E-011  5.468E+009  1.553E+008
 3.690E+013  4.213E-011  5.468E+009  1.561E+008
 3.710E+013  4.321E-011  5.467E+009  1.570E+008
 3.730E+013  4.432E-011  5.467E+009  1.578E+008
 3.750E+013  4.545E-011  5.467E+009  1.586E+008
 3.770E+013  4.661E-011  5.467E+009  1.595E+008
 3.790E+013  4.779E-011  5.467E+009  1.603E+008
 3.810E+013  4.899E-011  5.467E+009  1.612E+008
 3.830E+013  5.022E-011  5.467E+009  1.620E+008
 3.850E+013  5.146E-011  5.467E+009  1.629E+008
 3.870E+013  5.274E-011  5.467E+009  1.637E+008
 3.890E+013  5.403E-011  5.467E+009  1.646E+008
 3.910E+013  5.535E-011  5.467E+009  1.654E+008
 3.930E+013  5.668E-011  5.467E+009  1.663E+008
 3.950E+013  5.804E-011  5.467E+009  1.671E+008
 3.970E+013  5.943E-011  5.467E+009  1.680E+008
 3.990E+013  6.083E-011  5.467E+009  1.688E+008
 4.010E+013  6.225E-011  5.467E+009  1.696E+008
 4.030E+013  6.370E-011  5.467E+009  1.705E+008
 4.050E+013  6.517E-011  5.467E+009  1.713E+008
 4.070E+013  6.666E-011  5.467E+009  1.722E+008
 4.090E+013  6.817E-011  5.467E+009  1.730E+008
 4.110E+013  6.971E-011  5.467E+009  1.739E+008
 4.130E+013  7.127E-011  5.467E+009  1.747E+008
 4.150E+013  7.285E-011  5.467E+009  1.756E+008
 4.170E+013  7.446E-011  5.467E+009  1.764E+008
 4.190E+013  7.609E-011  5.467E+009  1.773E+008
 4.210E+013  7.774E-011  5.467E+009  1.781E+008
 4.230E+013  7.942E-011  5.467E+009  1.789E+008
 4.250E+013  8.113E-011  5.467E+009  1.798E+008
 4.270E+013  8.287E-011  5.467E+009  1.806E+008
 4.290E+013  8.463E-011  5.467E+009  1.815E+008
 4.310E+013  8.642E-011  5.467E+009  1.823E+008
 4.330E+013  8.825E-011  5.467E+009  1.832E+008
 4.350E+013  9.011E-011  5.467E+009  1.840E+008
 4.370E+013  9.199E-011  5.467E+009  1.849E+008
 4.390E+013  9.392E-011  5.467E+009  1.857E+008
 4.410E+013  9.587E-011  5.467E+009  1.865E+008
 4.430E+013  9.787E-011  5.467E+009  1.874E+008
 4.450E+013  9.990E-011  5.467E+009  1.882E+008
 4.470E+013  1.020E-010  5.467E+009  1.891E+008
 4.490E+013  1.041E-010  5.467E+009  1.899E+008
 4.510E+013  1.062E-010  5.467E+009  1.908E+008
 4.530E+013  1.084E-010  5.467E+009  1.916E+008
 4.550E+013  1.106E-010  5.467E+009  1.924E+008
 4.570E+013  1.129E-010  5.467E+009  1.933E+008
 4.590E+013  1.152E-010  5.467E+009  1.941E+008
 4.610E+013  1.176E-010  5.467E+009  1.950E+008
 4.630E+013  1.200E-010  5.467E+009  1.958E+008
 4.650E+013  1.225E-010  5.467E+009  1.967E+008
 4.670E+013  1.250E-010  5.467E+009  1.975E+008
 4.690E+013  1.275E-010  5.467E+009  1.983E+008
 4.710E+013  1.301E-010  5.467E+009  1.992E+008
 4.730E+013  1.328E-010  5.467E+009  2.000E+008
 4.750E+013  1.355E-010  5.466E+009  2.009E+008
 4.770E+013  1.382E-010  5.466E+009  2.017E+008
 4.790E+013  1.410E-010  5.466E+009  2.025E+008
 4.810E+013  1.439E-010  5.466E+009  2.034E+008
 4.830E+013  1.468E-010  5.466E+009  2.042E+008
 4.850E+013  1.497E-010  5.466E+009  2.051E+008
 4.870E+013  1.527E-010  5.466E+009  2.059E+008
 4.890E+013  1.558E-010  5.466E+009  2.067E+008
 4.910E+013  1.589E-010  5.466E+009  2.076E+008
 4.930E+013  1.620E-010  5.466E+009  2.084E+008
 4.950E+013  1.652E-010  5.466E+009  2.093E+008
 4.970E+013  1.685E-010  5.466E+009  2.101E+008
 4.990E+013  1.718E-010  5.466E+009  2.109E+008
 5.010E+013  1.752E-010  5.466E+009  2.118E+008
 5.030E+013  1.786E-010  5.466E+009  2.126E+008
 5.050E+013  1.821E-010  5.466E+009  2.135E+008
 5.070E+013  1.856E-010  5.466E+009  2.143E+008
 5.090E+013  1.892E-010  5.466E+009  2.151E+008
 5.110E+013  1.928E-010  5.466E+009  2.160E+008
 5.130E+013  1.965E-010  5.466E+009  2.168E+008
 5.150E+013  2.002E-010  5.466E+009  2.176E+008
 5.170E+013  2.040E-010  5.466E+009  2.185E+008
 5.190E+013  2.079E-010  5.465E+009  2.193E+008
 5.210E+013  2.118E-010  5.465E+009  2.201E+008
 5.230E+013  2.158E-010  5.465E+009  2.210E+008
 5.250E+013  2.198E-010  5.465E+009  2.218E+008
 5.270E+013  2.239E-010  5.465E+009  2.226E+008
 5.290E+013  2.280E-010  5.465E+009  2.235E+008
 5.310E+013  2.322E-010  5.465E+009  2.243E+008
 5.330E+013  2.364E-010  5.465E+009  2.251E+008
 5.350E+013  2.408E-010  5.465E+009  2.260E+008
 5.370E+013  2.451E-010  5.465E+009  2.268E+008
 5.390E+013  2.496E-010  5.465E+009  2.276E+008
 5.410E+013  2.541E-010  5.465E+009  2.285E+008
 5.430E+013  2.587E-010  5.465E+009  2.293E+008
 5.450E+013  2.633E-010  5.465E+009  2.301E+008
 5.470E+013  2.680E-010  5.464E+009  2.310E+008
 5.490E+013  2.728E-010  5.464E+009  2.318E+008
 5.510E+013  2.776E-010  5.464E+009  2.326E+008
 5.530E+013  2.825E-010  5.464E+009  2.334E+008
 5.550E+013  2.874E-010  5.464E+009  2.343E+008
 5.570E+013  2.925E-010  5.464E+009  2.351E+008
 5.590E+013  2.976E-010  5.464E+009  2.359E+008
 5.610E+013  3.027E-010  5.464E+009  2.368E+008
 5.630E+013  3.080E-010  5.464E+009  2.376E+008
 5.650E+013  3.133E-010  5.464E+009  2.384E+008
 5.670E+013  3.187E-010  5.463E+009  2.392E+008
 5.690E+013  3.241E-010  5.463E+009  2.401E+008
 5.710E+013  3.296E-010  5.463E+009  2.409E+008
 5.730E+013  3.352E-010  5.463E+009  2.417E+008
 5.750E+013  3.409E-010  5.463E+009  2.425E+008
 5.770E+013  3.466E-010  5.463E+009  2.433E+008
 5.790E+013  3.524E-010  5.463E+009  2.442E+008
 5.810E+013  3.583E-010  5.463E+009  2.450E+008
 5.830E+013  3.642E-010  5.463E+009  2.458E+008
 5.850E+013  3.702E-010  5.462E+009  2.466E+008
 5.870E+013  3.763E-010  5.462E+009  2.474E+008
 5.890E+013  3.825E-010  5.462E+009  2.483E+008
 5.910E+013  3.887E-010  5.462E+009  2.491E+008
 5.930E+013  3.950E-010  5.462E+009  2.499E+008
 5.950E+013  4.014E-010  5.462E+009  2.507E+008
 5.970E+013  4.079E-010  5.462E+009  2.515E+008
 5.990E+013  4.145E-010  5.461E+009  2.523E+008
 6.010E+013  4.211E-010  5.461E+009  2.532E+008
 6.030E+013  4.278E-010  5.461E+009  2.540E+008
 6.050E+013  4.346E-010  5.461E+009  2.548E+008
 6.070E+013  4.415E-010  5.461E+009  2.556E+008
 6.090E+013  4.485E-010  5.461E+009  2.564E+008
 6.110E+013  4.556E-010  5.460E+009  2.572E+008
 6.130E+013  4.627E-010  5.460E+009  2.580E+008
 6.150E+013  4.699E-010  5.460E+009  2.588E+008
 6.170E+013  4.773E-010  5.460E+009  2.596E+008
 6.190E+013  4.847E-010  5.460E+009  2.604E+008
 6.210E+013  4.922E-010  5.460E+009  2.612E+008
 6.230E+013  4.998E-010  5.459E+009  2.620E+008
 6.250E+013  5.075E-010  5.459E+009  2.628E+008
 6.270E+013  5.153E-010  5.459E+009  2.636E+008
 6.290E+013  5.232E-010  5.459E+009  2.644E+008
 6.310E+013  5.312E-010  5.459E+009  2.652E+008
 6.330E+013  5.393E-010  5.458E+009  2.660E+008
 6.350E+013  5.475E-010  5.458E+009  2.668E+008
 6.370E+013  5.558E-010  5.458E+009  2.676E+008
 6.390E+013  5.642E-010  5.458E+009  2.684E+008
 6.410E+013  5.727E-010  5.457E+009  2.692E+008
 6.430E+013  5.813E-010  5.457E+009  2.700E+008
 6.450E+013  5.901E-010  5.457E+009  2.708E+008
 6.470E+013  5.989E-010  5.457E+009  2.716E+008
 6.490E+013  6.078E-010  5.456E+009  2.724E+008
 6.510E+013  6.169E-010  5.456E+009  2.732E+008
 6.530E+013  6.261E-010  5.456E+009  2.739E+008
 6.550E+013  6.354E-010  5.456E+009  2.747E+008
 6.570E+013  6.448E-010  5.455E+009  2.755E+008
 6.590E+013  6.543E-010  5.455E+009  2.763E+008
 6.610E+013  6.639E-010  5.455E+009  2.771E+008
 6.630E+013  6.737E-010  5.455E+009  2.778E+008
 6.650E+013  6.835E-010  5.454E+009  2.786E+008
 6.670E+013  6.935E-010  5.454E+009  2.794E+008
 6.690E+013  7.036E-010  5.454E+009  2.802E+008
 6.710E+013  7.139E-010  5.453E+009  2.809E+008
 6.730E+013  7.242E-010  5.453E+009  2.817E+008
 6.750E+013  7.347E-010  5.453E+009  2.825E+008
 6.770E+013  7.453E-010  5.452E+009  2.832E+008
 6.790E+013  7.560E-010  5.452E+009  2.840E+008
 6.810E+013  7.669E-010  5.452E+009  2.848E+008
 6.830E+013  7.779E-010  5.451E+009  2.855E+008
 6.850E+013  7.889E-010  5.451E+009  2.863E+008
 6.870E+013  8.002E-010  5.451E+009  2.870E+008
 6.890E+013  8.115E-010  5.450E+009  2.878E+008
 6.910E+013  8.230E-010  5.450E+009  2.885E+008
 6.930E+013  8.346E-010  5.449E+009  2.893E+008
 6.950E+013  8.463E-010  5.449E+009  2.900E+008
 6.970E+013  8.582E-010  5.449E+009  2.908E+008
 6.990E+013  8.702E-010  5.448E+009  2.915E+008
 7.010E+013  8.823E-010  5.448E+009  2.923E+008
 7.030E+013  8.946E-010  5.447E+009  2.930E+008
 7.050E+013  9.070E-010  5.447E+009  2.937E+008
 7.070E+013  9.195E-010  5.446E+009  2.945E+008
 7.090E+013  9.322E-010  5.446E+009  2.952E+008
 7.110E+013  9.450E-010  5.445E+009  2.959E+008
 7.130E+013  9.579E-010  5.445E+009  2.967E+008
 7.150E+013  9.710E-010  5.444E+009  2.974E+008
 7.170E+013  9.842E-010  5.444E+009  2.981E+008
 7.190E+013  9.975E-010  5.443E+009  2.988E+008
 7.210E+013  1.011E-009  5.443E+009  2.995E+008
 7.230E+013  1.025E-009  5.442E+009  3.002E+008
 7.250E+013  1.038E-009  5.442E+009  3.009E+008
 7.270E+013  1.052E-009  5.441E+009  3.016E+008
 7.290E+013  1.066E-009  5.440E+009  3.023E+008
 7.310E+013  1.080E-009  5.440E+009  3.030E+008
 7.330E+013  1.095E-009  5.439E+009  3.037E+008
 7.350E+013  1.109E-009  5.438E+009  3.044E+008
 7.370E+013  1.124E-009  5.438E+009  3.051E+008
 7.390E+013  1.139E-009  5.437E+009  3.058E+008
 7.410E+013  1.153E-009  5.436E+009  3.065E+008
 7.430E+013  1.169E-009  5.436E+009  3.071E+008
 7.450E+013  1.184E-009  5.435E+009  3.078E+008
 7.470E+013  1.199E-009  5.434E+009  3.085E+008
 7.490E+013  1.215E-009  5.433E+009  3.091E+008
 7.510E+013  1.230E-009  5.433E+009  3.098E+008
 7.530E+013  1.246E-009  5.432E+009  3.105E+008
 7.550E+013  1.262E-009  5.431E+009  3.111E+008
 7.570E+013  1.278E-009  5.430E+009  3.118E+008
 7.590E+013  1.294E-009  5.429E+009  3.124E+008
 7.610E+013  1.311E-009  5.428E+009  3.130E+008
 7.630E+013  1.327E-009  5.428E+009  3.136E+008
 7.650E+013  1.344E-009  5.427E+009  3.143E+008
 7.670E+013  1.361E-009  5.426E+009  3.149E+008
 7.690E+013  1.378E-009  5.425E+009  3.155E+008
 7.710E+013  1.395E-009  5.424E+009  3.161E+008
 7.730E+013  1.413E-009  5.423E+009  3.167E+008
 7.750E+013  1.430E-009  5.422E+009  3.173E+008
 7.770E+013  1.448E-009  5.421E+009  3.179E+008
 7.790E+013  1.466E-009  5.419E+009  3.185E+008
 7.810E+013  1.484E-009  5.418E+009  3.191E+008
 7.830E+013  1.502E-009  5.417E+009  3.196E+008
 7.850E+013  1.521E-009  5.416E+009  3.202E+008
 7.870E+013  1.539E-009  5.415E+009  3.208E+008
 7.890E+013  1.558E-009  5.414E+009  3.213E+008
 7.910E+013  1.577E-009  5.412E+009  3.219E+008
 7.930E+013  1.596E-009  5.411E+009  3.224E+008
 7.950E+013  1.615E-009  5.410E+009  3.230E+008
 7.970E+013  1.635E-009  5.408E+009  3.235E+008
 7.990E+013  1.654E-009  5.407E+009  3.240E+008
 8.010E+013  1.674E-009  5.405E+009  3.245E+008
 8.030E+013  1.694E-009  5.403E+009  3.249E+008
 8.050E+013  1.714E-009  5.402E+009  3.254E+008
 8.070E+013  1.735E-009  5.400E+009  3.259E+008
 8.090E+013  1.755E-009  5.399E+009  3.264E+008
 8.110E+013  1.776E-009  5.397E+009  3.269E+008
 8.130E+013  1.797E-009  5.396E+009  3.274E+008
 8.150E+013  1.818E-009  5.394E+009  3.279E+008
 8.170E+013  1.839E-009  5.392E+009  3.283E+008
 8.190E+013  1.860E-009  5.390E+009  3.287E+008
 8.210E+013  1.882E-009  5.388E+009  3.291E+008
 8.230E+013  1.904E-009  5.386E+009  3.294E+008
 8.250E+013  1.926E-009  5.384E+009  3.298E+008
 8.270E+013  1.948E-009  5.382E+009  3.302E+008
 8.290E+013  1.970E-009  5.380E+009  3.306E+008
 8.310E+013  1.993E-009  5.378E+009  3.311E+008
 8.330E+013  2.016E-009  5.377E+009  3.316E+008
 8.350E+013  2.039E-009  5.375E+009  3.320E+008
 8.370E+013  2.062E-009  5.372E+009  3.324E+008
 8.390E+013  2.085E-009  5.369E+009  3.326E+008
 8.410E+013  2.108E-009  5.366E+009  3.328E+008
 8.430E+013  2.132E-009  5.362E+009  3.329E+008
 8.450E+013  2.155E-009  5.359E+009  3.330E+008
 8.470E+013  2.179E-009  5.355E+009  3.331E+008
 8.490E+013  2.203E-009  5.352E+009  3.332E+008
 8.510E+013  2.228E-009  5.350E+009  3.335E+008
 8.530E+013  2.253E-009  5.348E+009  3.339E+008
 8.550E+013  2.278E-009  5.347E+009  3.343E+008
 8.570E+013  2.303E-009  5.346E+009  3.349E+008
 8.590E+013  2.329E-009  5.345E+009  3.355E+008
 8.610E+013  2.355E-009  5.343E+009  3.360E+008
 8.630E+013  2.380E-009  5.340E+009  3.364E+008
 8.650E+013  2.406E-009  5.336E+009  3.365E+008
 8.670E+013  2.431E-009  5.330E+009  3.364E+008
 8.690E+013  2.455E-009  5.320E+009  3.357E+008
 8.710E+013  2.478E-009  5.304E+009  3.342E+008
 8.730E+013  2.499E-009  5.283E+009  3.317E+008
 8.750E+013  2.519E-009  5.256E+009  3.282E+008
 8.770E+013  2.538E-009  5.226E+009  3.241E+008
 8.790E+013  2.556E-009  5.194E+009  3.194E+008
 8.810E+013  2.573E-009  5.161E+009  3.146E+008
 8.830E+013  2.591E-009  5.128E+009  3.097E+008
 8.850E+013  2.609E-009  5.095E+009  3.048E+008
 8.870E+013  2.626E-009  5.063E+009  3.001E+008
 8.890E+013  2.644E-009  5.031E+009  2.954E+008
 8.910E+013  2.662E-009  5.000E+009  2.909E+008
 8.930E+013  2.679E-009  4.969E+009  2.864E+008
 8.950E+013  2.697E-009  4.938E+009  2.821E+008
 8.970E+013  2.715E-009  4.908E+009  2.778E+008
 8.990E+013  2.733E-009  4.878E+009  2.735E+008
 9.010E+013  2.750E-009  4.848E+009  2.694E+008
 9.030E+013  2.768E-009  4.819E+009  2.653E+008
 9.050E+013  2.786E-009  4.790E+009  2.612E+008
 9.070E+013  2.803E-009  4.760E+009  2.572E+008
 9.090E+013  2.821E-009  4.731E+009  2.532E+008
 9.110E+013  2.838E-009  4.702E+009  2.493E+008
 9.130E+013  2.856E-009  4.674E+009  2.454E+008
 9.150E+013  2.873E-009  4.645E+009  2.415E+008
 9.170E+013  2.891E-009  4.617E+009  2.377E+008
 9.190E+013  2.908E-009  4.589E+009  2.340E+008
 9.210E+013  2.925E-009  4.560E+009  2.302E+008
 9.230E+013  2.942E-009  4.532E+009  2.264E+008
 9.250E+013  2.960E-009  4.505E+009  2.229E+008
 9.270E+013  2.976E-009  4.475E+009  2.190E+008
 9.290E+013  2.993E-009  4.448E+009  2.152E+008
 9.310E+013  3.011E-009  4.422E+009  2.120E+008
 9.330E+013  3.025E-009  4.389E+009  2.080E+008
 9.350E+013  3.042E-009  4.362E+009  2.036E+008
 9.370E+013  3.061E-009  4.341E+009  2.012E+008
 9.390E+013  3.073E-009  4.302E+009  1.975E+008
 9.410E+013  3.086E-009  4.268E+009  1.913E+008
 9.430E+013  3.112E-009  4.263E+009  1.896E+008
 9.450E+013  3.127E-009  4.234E+009  1.894E+008
 9.470E+013  3.125E-009  4.166E+009  1.809E+008
 9.490E+013  3.149E-009  4.159E+009  1.736E+008
 9.510E+013  3.195E-009  4.196E+009  1.802E+008
 9.530E+013  3.178E-009  4.099E+009  1.807E+008
 9.550E+013  3.043E-009  3.756E+009  1.452E+008
 9.570E+013  2.874E-009  3.367E+009  7.271E+007
 9.590E+013  2.781E-009  3.147E+009  7.815E+006
 9.610E+013  2.762E-009  3.073E+009 -2.066E+007
 9.630E+013  2.773E-009  3.055E+009 -2.688E+007
 9.650E+013  2.791E-009  3.051E+009 -2.682E+007
 9.670E+013  2.810E-009  3.049E+009 -2.553E+007
 9.690E+013  2.830E-009  3.047E+009 -2.402E+007
 9.710E+013  2.850E-009  3.045E+009 -2.248E+007
 9.730E+013  2.870E-009  3.044E+009 -2.092E+007
 9.750E+013  2.891E-009  3.043E+009 -1.937E+007
 9.770E+013  2.911E-009  3.041E+009 -1.783E+007
 9.790E+013  2.932E-009  3.040E+009 -1.629E+007
 9.810E+013  2.953E-009  3.039E+009 -1.477E+007
 9.830E+013  2.974E-009  3.038E+009 -1.325E+007
 9.850E+013  2.995E-009  3.037E+009 -1.175E+007
 9.870E+013  3.016E-009  3.036E+009 -1.025E+007
 9.890E+013  3.037E-009  3.035E+009 -8.767E+006
 9.910E+013  3.059E-009  3.034E+009 -7.289E+006
 9.930E+013  3.083E-009  3.034E+009 -5.818E+006
 9.950E+013  3.111E-009  3.033E+009 -4.354E+006
 9.970E+013  3.141E-009  3.033E+009 -2.897E+006
 9.990E+013  3.161E-009  3.033E+009 -1.445E+006
 1.001E+014  1.000E-099  1.000E-099 -0.000E+000
 1.003E+014  1.000E-099  1.000E-099 -0.000E+000
 2.854E-003
