 2.700E+005
     x1b        dens       energ       v1
 1.000E+011  6.860E-014  1.138E+008  0.000E+000
 3.000E+011  6.882E-014  1.138E+008 -4.146E+006
 5.000E+011  6.944E-014  1.138E+008 -8.291E+006
 7.000E+011  7.054E-014  1.138E+008 -1.243E+007
 9.000E+011  7.200E-014  1.138E+008 -1.656E+007
 1.100E+012  7.364E-014  1.138E+008 -2.069E+007
 1.300E+012  7.521E-014  1.138E+008 -2.481E+007
 1.500E+012  7.653E-014  1.138E+008 -2.891E+007
 1.700E+012  7.752E-014  1.138E+008 -3.301E+007
 1.900E+012  7.821E-014  1.138E+008 -3.709E+007
 2.100E+012  7.868E-014  1.138E+008 -4.117E+007
 2.300E+012  7.903E-014  1.138E+008 -4.523E+007
 2.500E+012  7.931E-014  1.138E+008 -4.928E+007
 2.700E+012  7.957E-014  1.138E+008 -5.332E+007
 2.900E+012  7.983E-014  1.138E+008 -5.735E+007
 3.100E+012  8.011E-014  1.138E+008 -6.137E+007
 3.300E+012  8.043E-014  1.138E+008 -6.537E+007
 3.500E+012  8.078E-014  1.138E+008 -6.936E+007
 3.700E+012  8.116E-014  1.138E+008 -7.333E+007
 3.900E+012  8.157E-014  1.138E+008 -7.728E+007
 4.100E+012  8.200E-014  1.138E+008 -8.122E+007
 4.300E+012  8.243E-014  1.139E+008 -8.513E+007
 4.500E+012  8.287E-014  1.139E+008 -8.901E+007
 4.700E+012  8.331E-014  1.139E+008 -9.285E+007
 4.900E+012  8.374E-014  1.139E+008 -9.666E+007
 5.100E+012  8.417E-014  1.139E+008 -1.004E+008
 5.300E+012  8.460E-014  1.139E+008 -1.041E+008
 5.500E+012  8.504E-014  1.139E+008 -1.078E+008
 5.700E+012  8.548E-014  1.139E+008 -1.114E+008
 5.900E+012  8.592E-014  1.139E+008 -1.150E+008
 6.100E+012  8.638E-014  1.139E+008 -1.185E+008
 6.300E+012  8.684E-014  1.139E+008 -1.220E+008
 6.500E+012  8.731E-014  1.140E+008 -1.254E+008
 6.700E+012  8.778E-014  1.140E+008 -1.287E+008
 6.900E+012  8.826E-014  1.140E+008 -1.320E+008
 7.100E+012  8.875E-014  1.140E+008 -1.353E+008
 7.300E+012  8.923E-014  1.140E+008 -1.385E+008
 7.500E+012  8.972E-014  1.140E+008 -1.416E+008
 7.700E+012  9.020E-014  1.140E+008 -1.447E+008
 7.900E+012  9.069E-014  1.140E+008 -1.477E+008
 8.100E+012  9.117E-014  1.140E+008 -1.507E+008
 8.300E+012  9.165E-014  1.141E+008 -1.536E+008
 8.500E+012  9.213E-014  1.141E+008 -1.565E+008
 8.700E+012  9.261E-014  1.141E+008 -1.593E+008
 8.900E+012  9.308E-014  1.141E+008 -1.620E+008
 9.100E+012  9.355E-014  1.141E+008 -1.646E+008
 9.300E+012  9.401E-014  1.141E+008 -1.671E+008
 9.500E+012  9.447E-014  1.141E+008 -1.696E+008
 9.700E+012  9.492E-014  1.141E+008 -1.720E+008
 9.900E+012  9.536E-014  1.142E+008 -1.743E+008
 1.010E+013  9.579E-014  1.142E+008 -1.765E+008
 1.030E+013  9.620E-014  1.142E+008 -1.786E+008
 1.050E+013  9.660E-014  1.142E+008 -1.807E+008
 1.070E+013  9.697E-014  1.142E+008 -1.827E+008
 1.090E+013  9.733E-014  1.142E+008 -1.846E+008
 1.110E+013  9.765E-014  1.142E+008 -1.865E+008
 1.130E+013  9.795E-014  1.142E+008 -1.882E+008
 1.150E+013  9.821E-014  1.143E+008 -1.899E+008
 1.170E+013  9.845E-014  1.143E+008 -1.915E+008
 1.190E+013  9.864E-014  1.143E+008 -1.930E+008
 1.210E+013  9.880E-014  1.143E+008 -1.944E+008
 1.230E+013  9.892E-014  1.143E+008 -1.957E+008
 1.250E+013  9.901E-014  1.143E+008 -1.969E+008
 1.270E+013  9.906E-014  1.143E+008 -1.981E+008
 1.290E+013  9.909E-014  1.143E+008 -1.991E+008
 1.310E+013  9.911E-014  1.144E+008 -2.001E+008
 1.330E+013  9.912E-014  1.144E+008 -2.010E+008
 1.350E+013  9.913E-014  1.144E+008 -2.018E+008
 1.370E+013  9.913E-014  1.144E+008 -2.026E+008
 1.390E+013  9.914E-014  1.144E+008 -2.033E+008
 1.410E+013  9.914E-014  1.144E+008 -2.039E+008
 1.430E+013  9.914E-014  1.144E+008 -2.044E+008
 1.450E+013  9.915E-014  1.144E+008 -2.048E+008
 1.470E+013  9.915E-014  1.144E+008 -2.052E+008
 1.490E+013  9.915E-014  1.144E+008 -2.055E+008
 1.510E+013  9.915E-014  1.144E+008 -2.057E+008
 1.530E+013  9.915E-014  1.145E+008 -2.058E+008
 1.550E+013  9.914E-014  1.145E+008 -2.059E+008
 1.570E+013  9.914E-014  1.145E+008 -2.059E+008
 1.590E+013  9.914E-014  1.145E+008 -2.059E+008
 1.610E+013  9.913E-014  1.145E+008 -2.058E+008
 1.630E+013  9.912E-014  1.145E+008 -2.056E+008
 1.650E+013  9.911E-014  1.145E+008 -2.053E+008
 1.670E+013  9.910E-014  1.145E+008 -2.050E+008
 1.690E+013  9.909E-014  1.145E+008 -2.047E+008
 1.710E+013  9.908E-014  1.145E+008 -2.043E+008
 1.730E+013  9.906E-014  1.145E+008 -2.038E+008
 1.750E+013  9.904E-014  1.145E+008 -2.033E+008
 1.770E+013  9.902E-014  1.145E+008 -2.027E+008
 1.790E+013  9.900E-014  1.145E+008 -2.021E+008
 1.810E+013  9.898E-014  1.145E+008 -2.015E+008
 1.830E+013  9.895E-014  1.145E+008 -2.008E+008
 1.850E+013  9.893E-014  1.145E+008 -2.000E+008
 1.870E+013  9.890E-014  1.146E+008 -1.992E+008
 1.890E+013  9.887E-014  1.146E+008 -1.984E+008
 1.910E+013  9.884E-014  1.146E+008 -1.975E+008
 1.930E+013  9.881E-014  1.146E+008 -1.966E+008
 1.950E+013  9.879E-014  1.146E+008 -1.957E+008
 1.970E+013  9.876E-014  1.146E+008 -1.947E+008
 1.990E+013  9.874E-014  1.146E+008 -1.937E+008
 2.010E+013  9.873E-014  1.146E+008 -1.926E+008
 2.030E+013  9.872E-014  1.146E+008 -1.916E+008
 2.050E+013  9.871E-014  1.146E+008 -1.905E+008
 2.070E+013  9.871E-014  1.146E+008 -1.894E+008
 2.090E+013  9.870E-014  1.146E+008 -1.882E+008
 2.110E+013  9.870E-014  1.146E+008 -1.870E+008
 2.130E+013  9.870E-014  1.146E+008 -1.858E+008
 2.150E+013  9.870E-014  1.146E+008 -1.846E+008
 2.170E+013  9.870E-014  1.146E+008 -1.834E+008
 2.190E+013  9.870E-014  1.146E+008 -1.821E+008
 2.210E+013  9.871E-014  1.146E+008 -1.808E+008
 2.230E+013  9.871E-014  1.146E+008 -1.795E+008
 2.250E+013  9.871E-014  1.146E+008 -1.782E+008
 2.270E+013  9.871E-014  1.146E+008 -1.769E+008
 2.290E+013  9.872E-014  1.146E+008 -1.755E+008
 2.310E+013  9.872E-014  1.146E+008 -1.742E+008
 2.330E+013  9.873E-014  1.146E+008 -1.728E+008
 2.350E+013  9.874E-014  1.145E+008 -1.714E+008
 2.370E+013  9.875E-014  1.145E+008 -1.700E+008
 2.390E+013  9.876E-014  1.145E+008 -1.686E+008
 2.410E+013  9.878E-014  1.145E+008 -1.672E+008
 2.430E+013  9.880E-014  1.145E+008 -1.658E+008
 2.450E+013  9.882E-014  1.145E+008 -1.644E+008
 2.470E+013  9.885E-014  1.145E+008 -1.630E+008
 2.490E+013  9.888E-014  1.145E+008 -1.615E+008
 2.510E+013  9.891E-014  1.145E+008 -1.601E+008
 2.530E+013  9.895E-014  1.145E+008 -1.586E+008
 2.550E+013  9.899E-014  1.145E+008 -1.572E+008
 2.570E+013  9.904E-014  1.145E+008 -1.557E+008
 2.590E+013  9.909E-014  1.145E+008 -1.543E+008
 2.610E+013  9.915E-014  1.145E+008 -1.528E+008
 2.630E+013  9.921E-014  1.145E+008 -1.514E+008
 2.650E+013  9.928E-014  1.145E+008 -1.499E+008
 2.670E+013  9.936E-014  1.145E+008 -1.485E+008
 2.690E+013  9.944E-014  1.145E+008 -1.470E+008
 2.710E+013  9.953E-014  1.145E+008 -1.456E+008
 2.730E+013  9.963E-014  1.145E+008 -1.441E+008
 2.750E+013  9.974E-014  1.144E+008 -1.427E+008
 2.770E+013  9.985E-014  1.144E+008 -1.413E+008
 2.790E+013  9.998E-014  1.144E+008 -1.399E+008
 2.810E+013  1.001E-013  1.144E+008 -1.384E+008
 2.830E+013  1.003E-013  1.144E+008 -1.370E+008
 2.850E+013  1.004E-013  1.144E+008 -1.356E+008
 2.870E+013  1.006E-013  1.144E+008 -1.342E+008
 2.890E+013  1.008E-013  1.144E+008 -1.329E+008
 2.910E+013  1.009E-013  1.144E+008 -1.315E+008
 2.930E+013  1.011E-013  1.144E+008 -1.301E+008
 2.950E+013  1.014E-013  1.144E+008 -1.288E+008
 2.970E+013  1.016E-013  1.144E+008 -1.274E+008
 2.990E+013  1.018E-013  1.143E+008 -1.261E+008
 3.010E+013  1.021E-013  1.143E+008 -1.248E+008
 3.030E+013  1.023E-013  1.143E+008 -1.235E+008
 3.050E+013  1.026E-013  1.143E+008 -1.222E+008
 3.070E+013  1.029E-013  1.143E+008 -1.210E+008
 3.090E+013  1.032E-013  1.143E+008 -1.197E+008
 3.110E+013  1.036E-013  1.143E+008 -1.185E+008
 3.130E+013  1.039E-013  1.143E+008 -1.173E+008
 3.150E+013  1.043E-013  1.143E+008 -1.162E+008
 3.170E+013  1.047E-013  1.143E+008 -1.150E+008
 3.190E+013  1.051E-013  1.143E+008 -1.139E+008
 3.210E+013  1.055E-013  1.142E+008 -1.128E+008
 3.230E+013  1.059E-013  1.142E+008 -1.117E+008
 3.250E+013  1.064E-013  1.142E+008 -1.106E+008
 3.270E+013  1.069E-013  1.142E+008 -1.096E+008
 3.290E+013  1.074E-013  1.142E+008 -1.086E+008
 3.310E+013  1.079E-013  1.142E+008 -1.076E+008
 3.330E+013  1.085E-013  1.142E+008 -1.067E+008
 3.350E+013  1.091E-013  1.142E+008 -1.057E+008
 3.370E+013  1.097E-013  1.142E+008 -1.048E+008
 3.390E+013  1.103E-013  1.142E+008 -1.040E+008
 3.410E+013  1.109E-013  1.142E+008 -1.031E+008
 3.430E+013  1.116E-013  1.141E+008 -1.023E+008
 3.450E+013  1.124E-013  1.141E+008 -1.015E+008
 3.470E+013  1.131E-013  1.141E+008 -1.008E+008
 3.490E+013  1.139E-013  1.141E+008 -1.000E+008
 3.510E+013  1.147E-013  1.141E+008 -9.936E+007
 3.530E+013  1.155E-013  1.141E+008 -9.871E+007
 3.550E+013  1.164E-013  1.141E+008 -9.810E+007
 3.570E+013  1.173E-013  1.141E+008 -9.752E+007
 3.590E+013  1.183E-013  1.141E+008 -9.697E+007
 3.610E+013  1.192E-013  1.141E+008 -9.646E+007
 3.630E+013  1.203E-013  1.141E+008 -9.599E+007
 3.650E+013  1.213E-013  1.140E+008 -9.555E+007
 3.670E+013  1.224E-013  1.140E+008 -9.515E+007
 3.690E+013  1.236E-013  1.140E+008 -9.479E+007
 3.710E+013  1.247E-013  1.140E+008 -9.447E+007
 3.730E+013  1.260E-013  1.140E+008 -9.418E+007
 3.750E+013  1.273E-013  1.140E+008 -9.393E+007
 3.770E+013  1.286E-013  1.140E+008 -9.372E+007
 3.790E+013  1.300E-013  1.140E+008 -9.355E+007
 3.810E+013  1.314E-013  1.140E+008 -9.342E+007
 3.830E+013  1.329E-013  1.140E+008 -9.332E+007
 3.850E+013  1.344E-013  1.140E+008 -9.327E+007
 3.870E+013  1.360E-013  1.140E+008 -9.326E+007
 3.890E+013  1.376E-013  1.140E+008 -9.328E+007
 3.910E+013  1.393E-013  1.140E+008 -9.335E+007
 3.930E+013  1.411E-013  1.140E+008 -9.345E+007
 3.950E+013  1.430E-013  1.139E+008 -9.360E+007
 3.970E+013  1.449E-013  1.139E+008 -9.378E+007
 3.990E+013  1.468E-013  1.139E+008 -9.400E+007
 4.010E+013  1.489E-013  1.139E+008 -9.425E+007
 4.030E+013  1.510E-013  1.139E+008 -9.453E+007
 4.050E+013  1.532E-013  1.139E+008 -9.485E+007
 4.070E+013  1.554E-013  1.139E+008 -9.520E+007
 4.090E+013  1.578E-013  1.139E+008 -9.559E+007
 4.110E+013  1.602E-013  1.139E+008 -9.600E+007
 4.130E+013  1.627E-013  1.139E+008 -9.645E+007
 4.150E+013  1.653E-013  1.139E+008 -9.693E+007
 4.170E+013  1.680E-013  1.139E+008 -9.743E+007
 4.190E+013  1.708E-013  1.139E+008 -9.797E+007
 4.210E+013  1.737E-013  1.139E+008 -9.852E+007
 4.230E+013  1.767E-013  1.139E+008 -9.910E+007
 4.250E+013  1.798E-013  1.139E+008 -9.970E+007
 4.270E+013  1.830E-013  1.139E+008 -1.003E+008
 4.290E+013  1.863E-013  1.139E+008 -1.010E+008
 4.310E+013  1.897E-013  1.139E+008 -1.016E+008
 4.330E+013  1.932E-013  1.139E+008 -1.023E+008
 4.350E+013  1.969E-013  1.139E+008 -1.029E+008
 4.370E+013  2.007E-013  1.139E+008 -1.036E+008
 4.390E+013  2.046E-013  1.139E+008 -1.043E+008
 4.410E+013  2.086E-013  1.139E+008 -1.049E+008
 4.430E+013  2.128E-013  1.139E+008 -1.056E+008
 4.450E+013  2.171E-013  1.139E+008 -1.062E+008
 4.470E+013  2.216E-013  1.139E+008 -1.069E+008
 4.490E+013  2.262E-013  1.139E+008 -1.075E+008
 4.510E+013  2.309E-013  1.139E+008 -1.081E+008
 4.530E+013  2.359E-013  1.139E+008 -1.087E+008
 4.550E+013  2.409E-013  1.139E+008 -1.092E+008
 4.570E+013  2.462E-013  1.139E+008 -1.097E+008
 4.590E+013  2.516E-013  1.139E+008 -1.102E+008
 4.610E+013  2.572E-013  1.139E+008 -1.107E+008
 4.630E+013  2.629E-013  1.139E+008 -1.111E+008
 4.650E+013  2.689E-013  1.139E+008 -1.115E+008
 4.670E+013  2.750E-013  1.139E+008 -1.118E+008
 4.690E+013  2.814E-013  1.139E+008 -1.121E+008
 4.710E+013  2.879E-013  1.139E+008 -1.124E+008
 4.730E+013  2.946E-013  1.139E+008 -1.126E+008
 4.750E+013  3.015E-013  1.139E+008 -1.127E+008
 4.770E+013  3.087E-013  1.139E+008 -1.128E+008
 4.790E+013  3.160E-013  1.139E+008 -1.129E+008
 4.810E+013  3.236E-013  1.139E+008 -1.129E+008
 4.830E+013  3.313E-013  1.139E+008 -1.129E+008
 4.850E+013  3.393E-013  1.139E+008 -1.128E+008
 4.870E+013  3.476E-013  1.139E+008 -1.127E+008
 4.890E+013  3.561E-013  1.138E+008 -1.126E+008
 4.910E+013  3.648E-013  1.138E+008 -1.124E+008
 4.930E+013  3.737E-013  1.138E+008 -1.122E+008
 4.950E+013  3.829E-013  1.138E+008 -1.120E+008
 4.970E+013  3.923E-013  1.138E+008 -1.117E+008
 4.990E+013  4.020E-013  1.138E+008 -1.114E+008
 5.010E+013  4.119E-013  1.138E+008 -1.112E+008
 5.030E+013  4.221E-013  1.138E+008 -1.109E+008
 5.050E+013  4.325E-013  1.138E+008 -1.105E+008
 5.070E+013  4.432E-013  1.138E+008 -1.102E+008
 5.090E+013  4.542E-013  1.138E+008 -1.099E+008
 5.110E+013  4.654E-013  1.138E+008 -1.096E+008
 5.130E+013  4.768E-013  1.138E+008 -1.093E+008
 5.150E+013  4.886E-013  1.138E+008 -1.090E+008
 5.170E+013  5.005E-013  1.138E+008 -1.087E+008
 5.190E+013  5.128E-013  1.138E+008 -1.084E+008
 5.210E+013  5.253E-013  1.138E+008 -1.082E+008
 5.230E+013  5.380E-013  1.138E+008 -1.079E+008
 5.250E+013  5.511E-013  1.138E+008 -1.077E+008
 5.270E+013  5.643E-013  1.138E+008 -1.074E+008
 5.290E+013  5.778E-013  1.138E+008 -1.072E+008
 5.310E+013  5.916E-013  1.138E+008 -1.070E+008
 5.330E+013  6.056E-013  1.138E+008 -1.068E+008
 5.350E+013  6.199E-013  1.138E+008 -1.066E+008
 5.370E+013  6.344E-013  1.138E+008 -1.065E+008
 5.390E+013  6.491E-013  1.138E+008 -1.063E+008
 5.410E+013  6.641E-013  1.139E+008 -1.061E+008
 5.430E+013  6.793E-013  1.139E+008 -1.059E+008
 5.450E+013  6.947E-013  1.139E+008 -1.056E+008
 5.470E+013  7.103E-013  1.139E+008 -1.054E+008
 5.490E+013  7.261E-013  1.139E+008 -1.051E+008
 5.510E+013  7.422E-013  1.139E+008 -1.049E+008
 5.530E+013  7.584E-013  1.139E+008 -1.045E+008
 5.550E+013  7.748E-013  1.139E+008 -1.042E+008
 5.570E+013  7.914E-013  1.139E+008 -1.038E+008
 5.590E+013  8.082E-013  1.139E+008 -1.034E+008
 5.610E+013  8.251E-013  1.139E+008 -1.030E+008
 5.630E+013  8.423E-013  1.139E+008 -1.025E+008
 5.650E+013  8.595E-013  1.139E+008 -1.020E+008
 5.670E+013  8.770E-013  1.139E+008 -1.015E+008
 5.690E+013  8.945E-013  1.139E+008 -1.010E+008
 5.710E+013  9.122E-013  1.139E+008 -1.005E+008
 5.730E+013  9.301E-013  1.139E+008 -1.001E+008
 5.750E+013  9.481E-013  1.139E+008 -9.959E+007
 5.770E+013  9.662E-013  1.139E+008 -9.915E+007
 5.790E+013  9.844E-013  1.139E+008 -9.875E+007
 5.810E+013  1.003E-012  1.139E+008 -9.841E+007
 5.830E+013  1.021E-012  1.139E+008 -9.811E+007
 5.850E+013  1.040E-012  1.139E+008 -9.788E+007
 5.870E+013  1.058E-012  1.139E+008 -9.771E+007
 5.890E+013  1.077E-012  1.139E+008 -9.761E+007
 5.910E+013  1.096E-012  1.139E+008 -9.758E+007
 5.930E+013  1.115E-012  1.139E+008 -9.762E+007
 5.950E+013  1.134E-012  1.139E+008 -9.773E+007
 5.970E+013  1.153E-012  1.139E+008 -9.790E+007
 5.990E+013  1.172E-012  1.139E+008 -9.813E+007
 6.010E+013  1.191E-012  1.139E+008 -9.842E+007
 6.030E+013  1.211E-012  1.139E+008 -9.876E+007
 6.050E+013  1.230E-012  1.139E+008 -9.915E+007
 6.070E+013  1.249E-012  1.138E+008 -9.960E+007
 6.090E+013  1.269E-012  1.138E+008 -1.001E+008
 6.110E+013  1.288E-012  1.138E+008 -1.007E+008
 6.130E+013  1.308E-012  1.138E+008 -1.013E+008
 6.150E+013  1.328E-012  1.138E+008 -1.020E+008
 6.170E+013  1.347E-012  1.137E+008 -1.029E+008
 6.190E+013  1.367E-012  1.137E+008 -1.038E+008
 6.210E+013  1.387E-012  1.137E+008 -1.048E+008
 6.230E+013  1.407E-012  1.136E+008 -1.060E+008
 6.250E+013  1.427E-012  1.136E+008 -1.073E+008
 6.270E+013  1.447E-012  1.136E+008 -1.087E+008
 6.290E+013  1.467E-012  1.135E+008 -1.103E+008
 6.310E+013  1.487E-012  1.135E+008 -1.120E+008
 6.330E+013  1.507E-012  1.134E+008 -1.138E+008
 6.350E+013  1.527E-012  1.134E+008 -1.158E+008
 6.370E+013  1.547E-012  1.133E+008 -1.179E+008
 6.390E+013  1.568E-012  1.133E+008 -1.201E+008
 6.410E+013  1.588E-012  1.132E+008 -1.224E+008
 6.430E+013  1.608E-012  1.131E+008 -1.248E+008
 6.450E+013  1.629E-012  1.131E+008 -1.273E+008
 6.470E+013  1.649E-012  1.130E+008 -1.299E+008
 6.490E+013  1.670E-012  1.129E+008 -1.325E+008
 6.510E+013  1.691E-012  1.128E+008 -1.353E+008
 6.530E+013  1.711E-012  1.127E+008 -1.382E+008
 6.550E+013  1.732E-012  1.126E+008 -1.411E+008
 6.570E+013  1.753E-012  1.126E+008 -1.441E+008
 6.590E+013  1.774E-012  1.125E+008 -1.472E+008
 6.610E+013  1.795E-012  1.124E+008 -1.503E+008
 6.630E+013  1.817E-012  1.123E+008 -1.535E+008
 6.650E+013  1.838E-012  1.122E+008 -1.567E+008
 6.670E+013  1.859E-012  1.121E+008 -1.600E+008
 6.690E+013  1.881E-012  1.120E+008 -1.632E+008
 6.710E+013  1.903E-012  1.119E+008 -1.665E+008
 6.730E+013  1.925E-012  1.118E+008 -1.698E+008
 6.750E+013  1.947E-012  1.116E+008 -1.731E+008
 6.770E+013  1.969E-012  1.115E+008 -1.764E+008
 6.790E+013  1.991E-012  1.114E+008 -1.797E+008
 6.810E+013  2.013E-012  1.113E+008 -1.829E+008
 6.830E+013  2.036E-012  1.112E+008 -1.861E+008
 6.850E+013  2.059E-012  1.111E+008 -1.892E+008
 6.870E+013  2.082E-012  1.110E+008 -1.923E+008
 6.890E+013  2.105E-012  1.109E+008 -1.954E+008
 6.910E+013  2.128E-012  1.107E+008 -1.984E+008
 6.930E+013  2.152E-012  1.106E+008 -2.013E+008
 6.950E+013  2.175E-012  1.105E+008 -2.042E+008
 6.970E+013  2.199E-012  1.104E+008 -2.070E+008
 6.990E+013  2.224E-012  1.103E+008 -2.097E+008
 7.010E+013  2.248E-012  1.102E+008 -2.123E+008
 7.030E+013  2.273E-012  1.101E+008 -2.149E+008
 7.050E+013  2.298E-012  1.100E+008 -2.173E+008
 7.070E+013  2.323E-012  1.099E+008 -2.197E+008
 7.090E+013  2.348E-012  1.097E+008 -2.219E+008
 7.110E+013  2.374E-012  1.096E+008 -2.241E+008
 7.130E+013  2.400E-012  1.095E+008 -2.262E+008
 7.150E+013  2.426E-012  1.094E+008 -2.281E+008
 7.170E+013  2.453E-012  1.093E+008 -2.300E+008
 7.190E+013  2.480E-012  1.092E+008 -2.317E+008
 7.210E+013  2.507E-012  1.091E+008 -2.334E+008
 7.230E+013  2.534E-012  1.090E+008 -2.350E+008
 7.250E+013  2.562E-012  1.089E+008 -2.364E+008
 7.270E+013  2.590E-012  1.088E+008 -2.378E+008
 7.290E+013  2.618E-012  1.087E+008 -2.391E+008
 7.310E+013  2.647E-012  1.087E+008 -2.403E+008
 7.330E+013  2.676E-012  1.086E+008 -2.414E+008
 7.350E+013  2.706E-012  1.085E+008 -2.424E+008
 7.370E+013  2.735E-012  1.084E+008 -2.434E+008
 7.390E+013  2.766E-012  1.083E+008 -2.443E+008
 7.410E+013  2.796E-012  1.082E+008 -2.451E+008
 7.430E+013  2.827E-012  1.081E+008 -2.459E+008
 7.450E+013  2.858E-012  1.080E+008 -2.466E+008
 7.470E+013  2.890E-012  1.080E+008 -2.473E+008
 7.490E+013  2.922E-012  1.079E+008 -2.479E+008
 7.510E+013  2.954E-012  1.078E+008 -2.485E+008
 7.530E+013  2.987E-012  1.077E+008 -2.491E+008
 7.550E+013  3.020E-012  1.077E+008 -2.497E+008
 7.570E+013  3.053E-012  1.076E+008 -2.502E+008
 7.590E+013  3.087E-012  1.075E+008 -2.508E+008
 7.610E+013  3.121E-012  1.074E+008 -2.514E+008
 7.630E+013  3.156E-012  1.074E+008 -2.520E+008
 7.650E+013  3.191E-012  1.073E+008 -2.526E+008
 7.670E+013  3.227E-012  1.072E+008 -2.533E+008
 7.690E+013  3.262E-012  1.071E+008 -2.540E+008
 7.710E+013  3.299E-012  1.071E+008 -2.548E+008
 7.730E+013  3.335E-012  1.070E+008 -2.556E+008
 7.750E+013  3.372E-012  1.069E+008 -2.564E+008
 7.770E+013  3.410E-012  1.068E+008 -2.574E+008
 7.790E+013  3.447E-012  1.068E+008 -2.584E+008
 7.810E+013  3.486E-012  1.067E+008 -2.594E+008
 7.830E+013  3.524E-012  1.066E+008 -2.606E+008
 7.850E+013  3.563E-012  1.065E+008 -2.619E+008
 7.870E+013  3.603E-012  1.065E+008 -2.632E+008
 7.890E+013  3.642E-012  1.064E+008 -2.646E+008
 7.910E+013  3.683E-012  1.063E+008 -2.661E+008
 7.930E+013  3.723E-012  1.062E+008 -2.676E+008
 7.950E+013  3.765E-012  1.062E+008 -2.692E+008
 7.970E+013  3.806E-012  1.061E+008 -2.708E+008
 7.990E+013  3.848E-012  1.060E+008 -2.725E+008
 8.010E+013  3.891E-012  1.060E+008 -2.742E+008
 8.030E+013  3.933E-012  1.059E+008 -2.760E+008
 8.050E+013  3.977E-012  1.058E+008 -2.778E+008
 8.070E+013  4.021E-012  1.058E+008 -2.796E+008
 8.090E+013  4.065E-012  1.057E+008 -2.815E+008
 8.110E+013  4.110E-012  1.057E+008 -2.834E+008
 8.130E+013  4.155E-012  1.056E+008 -2.852E+008
 8.150E+013  4.201E-012  1.056E+008 -2.871E+008
 8.170E+013  4.247E-012  1.055E+008 -2.889E+008
 8.190E+013  4.294E-012  1.055E+008 -2.907E+008
 8.210E+013  4.341E-012  1.054E+008 -2.924E+008
 8.230E+013  4.389E-012  1.054E+008 -2.941E+008
 8.250E+013  4.437E-012  1.054E+008 -2.958E+008
 8.270E+013  4.486E-012  1.054E+008 -2.974E+008
 8.290E+013  4.535E-012  1.053E+008 -2.990E+008
 8.310E+013  4.585E-012  1.053E+008 -3.005E+008
 8.330E+013  4.635E-012  1.053E+008 -3.020E+008
 8.350E+013  4.686E-012  1.053E+008 -3.034E+008
 8.370E+013  4.737E-012  1.053E+008 -3.046E+008
 8.390E+013  4.789E-012  1.053E+008 -3.057E+008
 8.410E+013  4.841E-012  1.052E+008 -3.066E+008
 8.430E+013  4.893E-012  1.052E+008 -3.071E+008
 8.450E+013  4.945E-012  1.052E+008 -3.072E+008
 8.470E+013  4.998E-012  1.051E+008 -3.066E+008
 8.490E+013  5.050E-012  1.051E+008 -3.055E+008
 8.510E+013  5.102E-012  1.050E+008 -3.037E+008
 8.530E+013  5.155E-012  1.049E+008 -3.012E+008
 8.550E+013  5.207E-012  1.048E+008 -2.983E+008
 8.570E+013  5.260E-012  1.047E+008 -2.951E+008
 8.590E+013  5.314E-012  1.047E+008 -2.919E+008
 8.610E+013  5.369E-012  1.046E+008 -2.890E+008
 8.630E+013  5.424E-012  1.046E+008 -2.862E+008
 8.650E+013  5.481E-012  1.046E+008 -2.837E+008
 8.670E+013  5.537E-012  1.045E+008 -2.811E+008
 8.690E+013  5.594E-012  1.045E+008 -2.782E+008
 8.710E+013  5.651E-012  1.045E+008 -2.751E+008
 8.730E+013  5.708E-012  1.044E+008 -2.717E+008
 8.750E+013  5.766E-012  1.044E+008 -2.683E+008
 8.770E+013  5.825E-012  1.044E+008 -2.650E+008
 8.790E+013  5.885E-012  1.044E+008 -2.619E+008
 8.810E+013  5.945E-012  1.044E+008 -2.588E+008
 8.830E+013  6.005E-012  1.044E+008 -2.556E+008
 8.850E+013  6.066E-012  1.044E+008 -2.521E+008
 8.870E+013  6.127E-012  1.044E+008 -2.486E+008
 8.890E+013  6.190E-012  1.044E+008 -2.452E+008
 8.910E+013  6.253E-012  1.044E+008 -2.418E+008
 8.930E+013  6.316E-012  1.044E+008 -2.384E+008
 8.950E+013  6.380E-012  1.045E+008 -2.347E+008
 8.970E+013  6.445E-012  1.045E+008 -2.308E+008
 8.990E+013  6.511E-012  1.046E+008 -2.269E+008
 9.010E+013  6.577E-012  1.046E+008 -2.229E+008
 9.030E+013  6.644E-012  1.047E+008 -2.189E+008
 9.050E+013  6.712E-012  1.047E+008 -2.146E+008
 9.070E+013  6.780E-012  1.048E+008 -2.103E+008
 9.090E+013  6.848E-012  1.048E+008 -2.060E+008
 9.110E+013  6.917E-012  1.049E+008 -2.018E+008
 9.130E+013  6.986E-012  1.049E+008 -1.975E+008
 9.150E+013  7.056E-012  1.050E+008 -1.932E+008
 9.170E+013  7.126E-012  1.050E+008 -1.890E+008
 9.190E+013  7.196E-012  1.050E+008 -1.848E+008
 9.210E+013  7.267E-012  1.051E+008 -1.805E+008
 9.230E+013  7.339E-012  1.051E+008 -1.761E+008
 9.250E+013  7.411E-012  1.052E+008 -1.717E+008
 9.270E+013  7.485E-012  1.052E+008 -1.673E+008
 9.290E+013  7.560E-012  1.053E+008 -1.629E+008
 9.310E+013  7.635E-012  1.054E+008 -1.584E+008
 9.330E+013  7.712E-012  1.055E+008 -1.541E+008
 9.350E+013  7.790E-012  1.056E+008 -1.499E+008
 9.370E+013  7.870E-012  1.057E+008 -1.458E+008
 9.390E+013  7.950E-012  1.058E+008 -1.417E+008
 9.410E+013  8.031E-012  1.060E+008 -1.377E+008
 9.430E+013  8.113E-012  1.061E+008 -1.335E+008
 9.450E+013  8.195E-012  1.062E+008 -1.293E+008
 9.470E+013  8.277E-012  1.063E+008 -1.248E+008
 9.490E+013  8.359E-012  1.064E+008 -1.199E+008
 9.510E+013  8.440E-012  1.064E+008 -1.147E+008
 9.530E+013  8.520E-012  1.064E+008 -1.091E+008
 9.550E+013  8.599E-012  1.064E+008 -1.031E+008
 9.570E+013  8.677E-012  1.064E+008 -9.673E+007
 9.590E+013  8.754E-012  1.063E+008 -9.018E+007
 9.610E+013  8.831E-012  1.062E+008 -8.350E+007
 9.630E+013  8.909E-012  1.061E+008 -7.678E+007
 9.650E+013  8.987E-012  1.060E+008 -7.017E+007
 9.670E+013  9.066E-012  1.059E+008 -6.375E+007
 9.690E+013  9.147E-012  1.058E+008 -5.761E+007
 9.710E+013  9.229E-012  1.058E+008 -5.184E+007
 9.730E+013  9.312E-012  1.057E+008 -4.645E+007
 9.750E+013  9.397E-012  1.057E+008 -4.150E+007
 9.770E+013  9.483E-012  1.057E+008 -3.699E+007
 9.790E+013  9.569E-012  1.057E+008 -3.289E+007
 9.810E+013  9.656E-012  1.056E+008 -2.921E+007
 9.830E+013  9.742E-012  1.056E+008 -2.586E+007
 9.850E+013  9.829E-012  1.055E+008 -2.276E+007
 9.870E+013  9.915E-012  1.055E+008 -1.986E+007
 9.890E+013  1.000E-011  1.054E+008 -1.706E+007
 9.910E+013  1.009E-011  1.053E+008 -1.432E+007
 9.930E+013  1.017E-011  1.052E+008 -1.157E+007
 9.950E+013  1.026E-011  1.051E+008 -8.783E+006
 9.970E+013  1.035E-011  1.050E+008 -5.918E+006
 9.990E+013  1.049E-011  1.050E+008 -2.980E+006
 1.001E+014  1.000E-099  1.000E-099 -0.000E+000
 1.003E+014  1.000E-099  1.000E-099 -0.000E+000
 8.562E-003
