 1.620E+005
     x1b        dens       energ       v1
 1.000E+011  2.042E-013  7.019E+008  0.000E+000
 3.000E+011  2.060E-013  7.019E+008 -1.670E+006
 5.000E+011  2.107E-013  7.019E+008 -3.338E+006
 7.000E+011  2.174E-013  7.019E+008 -5.008E+006
 9.000E+011  2.243E-013  7.019E+008 -6.676E+006
 1.100E+012  2.296E-013  7.019E+008 -8.345E+006
 1.300E+012  2.329E-013  7.019E+008 -1.001E+007
 1.500E+012  2.348E-013  7.019E+008 -1.168E+007
 1.700E+012  2.361E-013  7.019E+008 -1.335E+007
 1.900E+012  2.371E-013  7.019E+008 -1.502E+007
 2.100E+012  2.383E-013  7.019E+008 -1.669E+007
 2.300E+012  2.396E-013  7.019E+008 -1.836E+007
 2.500E+012  2.412E-013  7.019E+008 -2.003E+007
 2.700E+012  2.429E-013  7.019E+008 -2.170E+007
 2.900E+012  2.448E-013  7.019E+008 -2.337E+007
 3.100E+012  2.466E-013  7.019E+008 -2.504E+007
 3.300E+012  2.485E-013  7.019E+008 -2.671E+007
 3.500E+012  2.503E-013  7.019E+008 -2.838E+007
 3.700E+012  2.521E-013  7.019E+008 -3.005E+007
 3.900E+012  2.539E-013  7.019E+008 -3.172E+007
 4.100E+012  2.558E-013  7.019E+008 -3.339E+007
 4.300E+012  2.577E-013  7.019E+008 -3.507E+007
 4.500E+012  2.597E-013  7.019E+008 -3.674E+007
 4.700E+012  2.618E-013  7.019E+008 -3.841E+007
 4.900E+012  2.638E-013  7.019E+008 -4.008E+007
 5.100E+012  2.658E-013  7.019E+008 -4.176E+007
 5.300E+012  2.679E-013  7.019E+008 -4.343E+007
 5.500E+012  2.699E-013  7.019E+008 -4.510E+007
 5.700E+012  2.720E-013  7.019E+008 -4.678E+007
 5.900E+012  2.740E-013  7.019E+008 -4.845E+007
 6.100E+012  2.760E-013  7.019E+008 -5.013E+007
 6.300E+012  2.780E-013  7.019E+008 -5.181E+007
 6.500E+012  2.799E-013  7.019E+008 -5.348E+007
 6.700E+012  2.819E-013  7.019E+008 -5.516E+007
 6.900E+012  2.837E-013  7.019E+008 -5.684E+007
 7.100E+012  2.855E-013  7.019E+008 -5.851E+007
 7.300E+012  2.872E-013  7.019E+008 -6.019E+007
 7.500E+012  2.888E-013  7.019E+008 -6.187E+007
 7.700E+012  2.902E-013  7.019E+008 -6.355E+007
 7.900E+012  2.914E-013  7.019E+008 -6.523E+007
 8.100E+012  2.924E-013  7.019E+008 -6.691E+007
 8.300E+012  2.932E-013  7.019E+008 -6.860E+007
 8.500E+012  2.938E-013  7.019E+008 -7.028E+007
 8.700E+012  2.942E-013  7.019E+008 -7.196E+007
 8.900E+012  2.943E-013  7.019E+008 -7.365E+007
 9.100E+012  2.944E-013  7.019E+008 -7.533E+007
 9.300E+012  2.944E-013  7.019E+008 -7.702E+007
 9.500E+012  2.944E-013  7.020E+008 -7.870E+007
 9.700E+012  2.944E-013  7.020E+008 -8.039E+007
 9.900E+012  2.944E-013  7.020E+008 -8.208E+007
 1.010E+013  2.944E-013  7.020E+008 -8.377E+007
 1.030E+013  2.944E-013  7.020E+008 -8.546E+007
 1.050E+013  2.944E-013  7.020E+008 -8.715E+007
 1.070E+013  2.944E-013  7.020E+008 -8.884E+007
 1.090E+013  2.943E-013  7.020E+008 -9.053E+007
 1.110E+013  2.943E-013  7.020E+008 -9.222E+007
 1.130E+013  2.942E-013  7.020E+008 -9.392E+007
 1.150E+013  2.942E-013  7.020E+008 -9.561E+007
 1.170E+013  2.941E-013  7.020E+008 -9.731E+007
 1.190E+013  2.941E-013  7.020E+008 -9.901E+007
 1.210E+013  2.940E-013  7.020E+008 -1.007E+008
 1.230E+013  2.939E-013  7.020E+008 -1.024E+008
 1.250E+013  2.938E-013  7.020E+008 -1.041E+008
 1.270E+013  2.937E-013  7.020E+008 -1.058E+008
 1.290E+013  2.935E-013  7.020E+008 -1.075E+008
 1.310E+013  2.934E-013  7.020E+008 -1.092E+008
 1.330E+013  2.933E-013  7.020E+008 -1.109E+008
 1.350E+013  2.932E-013  7.020E+008 -1.126E+008
 1.370E+013  2.931E-013  7.020E+008 -1.143E+008
 1.390E+013  2.930E-013  7.020E+008 -1.160E+008
 1.410E+013  2.929E-013  7.020E+008 -1.177E+008
 1.430E+013  2.929E-013  7.020E+008 -1.194E+008
 1.450E+013  2.929E-013  7.020E+008 -1.211E+008
 1.470E+013  2.929E-013  7.020E+008 -1.229E+008
 1.490E+013  2.929E-013  7.020E+008 -1.246E+008
 1.510E+013  2.929E-013  7.020E+008 -1.263E+008
 1.530E+013  2.929E-013  7.020E+008 -1.280E+008
 1.550E+013  2.929E-013  7.020E+008 -1.297E+008
 1.570E+013  2.929E-013  7.020E+008 -1.314E+008
 1.590E+013  2.929E-013  7.020E+008 -1.331E+008
 1.610E+013  2.930E-013  7.020E+008 -1.348E+008
 1.630E+013  2.930E-013  7.020E+008 -1.366E+008
 1.650E+013  2.931E-013  7.020E+008 -1.383E+008
 1.670E+013  2.931E-013  7.020E+008 -1.400E+008
 1.690E+013  2.932E-013  7.020E+008 -1.417E+008
 1.710E+013  2.933E-013  7.020E+008 -1.434E+008
 1.730E+013  2.934E-013  7.020E+008 -1.452E+008
 1.750E+013  2.936E-013  7.020E+008 -1.469E+008
 1.770E+013  2.938E-013  7.020E+008 -1.486E+008
 1.790E+013  2.940E-013  7.020E+008 -1.503E+008
 1.810E+013  2.942E-013  7.020E+008 -1.521E+008
 1.830E+013  2.945E-013  7.020E+008 -1.538E+008
 1.850E+013  2.948E-013  7.020E+008 -1.555E+008
 1.870E+013  2.952E-013  7.020E+008 -1.572E+008
 1.890E+013  2.956E-013  7.020E+008 -1.590E+008
 1.910E+013  2.961E-013  7.020E+008 -1.607E+008
 1.930E+013  2.966E-013  7.020E+008 -1.624E+008
 1.950E+013  2.971E-013  7.020E+008 -1.642E+008
 1.970E+013  2.978E-013  7.020E+008 -1.659E+008
 1.990E+013  2.985E-013  7.020E+008 -1.676E+008
 2.010E+013  2.992E-013  7.020E+008 -1.694E+008
 2.030E+013  3.000E-013  7.020E+008 -1.711E+008
 2.050E+013  3.009E-013  7.020E+008 -1.728E+008
 2.070E+013  3.019E-013  7.020E+008 -1.746E+008
 2.090E+013  3.030E-013  7.020E+008 -1.763E+008
 2.110E+013  3.041E-013  7.020E+008 -1.780E+008
 2.130E+013  3.054E-013  7.020E+008 -1.798E+008
 2.150E+013  3.067E-013  7.020E+008 -1.815E+008
 2.170E+013  3.082E-013  7.020E+008 -1.833E+008
 2.190E+013  3.098E-013  7.020E+008 -1.850E+008
 2.210E+013  3.114E-013  7.020E+008 -1.867E+008
 2.230E+013  3.132E-013  7.020E+008 -1.885E+008
 2.250E+013  3.151E-013  7.020E+008 -1.902E+008
 2.270E+013  3.172E-013  7.020E+008 -1.920E+008
 2.290E+013  3.194E-013  7.020E+008 -1.937E+008
 2.310E+013  3.217E-013  7.020E+008 -1.955E+008
 2.330E+013  3.242E-013  7.020E+008 -1.972E+008
 2.350E+013  3.268E-013  7.020E+008 -1.989E+008
 2.370E+013  3.296E-013  7.020E+008 -2.007E+008
 2.390E+013  3.326E-013  7.020E+008 -2.024E+008
 2.410E+013  3.357E-013  7.020E+008 -2.042E+008
 2.430E+013  3.391E-013  7.020E+008 -2.059E+008
 2.450E+013  3.426E-013  7.020E+008 -2.077E+008
 2.470E+013  3.464E-013  7.020E+008 -2.094E+008
 2.490E+013  3.503E-013  7.020E+008 -2.112E+008
 2.510E+013  3.545E-013  7.020E+008 -2.129E+008
 2.530E+013  3.589E-013  7.020E+008 -2.147E+008
 2.550E+013  3.636E-013  7.020E+008 -2.164E+008
 2.570E+013  3.685E-013  7.020E+008 -2.182E+008
 2.590E+013  3.737E-013  7.020E+008 -2.199E+008
 2.610E+013  3.792E-013  7.020E+008 -2.217E+008
 2.630E+013  3.849E-013  7.020E+008 -2.234E+008
 2.650E+013  3.910E-013  7.020E+008 -2.252E+008
 2.670E+013  3.974E-013  7.020E+008 -2.269E+008
 2.690E+013  4.042E-013  7.020E+008 -2.287E+008
 2.710E+013  4.113E-013  7.020E+008 -2.304E+008
 2.730E+013  4.188E-013  7.020E+008 -2.322E+008
 2.750E+013  4.267E-013  7.020E+008 -2.339E+008
 2.770E+013  4.350E-013  7.020E+008 -2.357E+008
 2.790E+013  4.437E-013  7.020E+008 -2.375E+008
 2.810E+013  4.529E-013  7.020E+008 -2.392E+008
 2.830E+013  4.625E-013  7.020E+008 -2.410E+008
 2.850E+013  4.727E-013  7.020E+008 -2.427E+008
 2.870E+013  4.833E-013  7.020E+008 -2.445E+008
 2.890E+013  4.945E-013  7.020E+008 -2.462E+008
 2.910E+013  5.063E-013  7.020E+008 -2.480E+008
 2.930E+013  5.187E-013  7.020E+008 -2.497E+008
 2.950E+013  5.316E-013  7.020E+008 -2.515E+008
 2.970E+013  5.453E-013  7.020E+008 -2.532E+008
 2.990E+013  5.596E-013  7.020E+008 -2.550E+008
 3.010E+013  5.746E-013  7.020E+008 -2.567E+008
 3.030E+013  5.904E-013  7.020E+008 -2.585E+008
 3.050E+013  6.070E-013  7.020E+008 -2.602E+008
 3.070E+013  6.243E-013  7.020E+008 -2.620E+008
 3.090E+013  6.425E-013  7.020E+008 -2.637E+008
 3.110E+013  6.616E-013  7.020E+008 -2.655E+008
 3.130E+013  6.816E-013  7.020E+008 -2.672E+008
 3.150E+013  7.026E-013  7.020E+008 -2.690E+008
 3.170E+013  7.245E-013  7.020E+008 -2.707E+008
 3.190E+013  7.475E-013  7.020E+008 -2.724E+008
 3.210E+013  7.716E-013  7.020E+008 -2.742E+008
 3.230E+013  7.967E-013  7.020E+008 -2.759E+008
 3.250E+013  8.230E-013  7.020E+008 -2.776E+008
 3.270E+013  8.505E-013  7.020E+008 -2.794E+008
 3.290E+013  8.793E-013  7.020E+008 -2.811E+008
 3.310E+013  9.093E-013  7.020E+008 -2.828E+008
 3.330E+013  9.406E-013  7.020E+008 -2.846E+008
 3.350E+013  9.732E-013  7.020E+008 -2.863E+008
 3.370E+013  1.007E-012  7.020E+008 -2.880E+008
 3.390E+013  1.043E-012  7.020E+008 -2.897E+008
 3.410E+013  1.079E-012  7.020E+008 -2.914E+008
 3.430E+013  1.118E-012  7.020E+008 -2.931E+008
 3.450E+013  1.158E-012  7.020E+008 -2.949E+008
 3.470E+013  1.199E-012  7.020E+008 -2.966E+008
 3.490E+013  1.242E-012  7.020E+008 -2.983E+008
 3.510E+013  1.286E-012  7.020E+008 -2.999E+008
 3.530E+013  1.332E-012  7.020E+008 -3.016E+008
 3.550E+013  1.380E-012  7.020E+008 -3.033E+008
 3.570E+013  1.429E-012  7.020E+008 -3.050E+008
 3.590E+013  1.480E-012  7.020E+008 -3.066E+008
 3.610E+013  1.533E-012  7.020E+008 -3.083E+008
 3.630E+013  1.587E-012  7.020E+008 -3.100E+008
 3.650E+013  1.642E-012  7.020E+008 -3.116E+008
 3.670E+013  1.699E-012  7.020E+008 -3.132E+008
 3.690E+013  1.758E-012  7.020E+008 -3.149E+008
 3.710E+013  1.818E-012  7.020E+008 -3.165E+008
 3.730E+013  1.880E-012  7.020E+008 -3.181E+008
 3.750E+013  1.943E-012  7.020E+008 -3.197E+008
 3.770E+013  2.007E-012  7.021E+008 -3.213E+008
 3.790E+013  2.073E-012  7.021E+008 -3.228E+008
 3.810E+013  2.140E-012  7.021E+008 -3.244E+008
 3.830E+013  2.209E-012  7.021E+008 -3.259E+008
 3.850E+013  2.278E-012  7.021E+008 -3.275E+008
 3.870E+013  2.349E-012  7.021E+008 -3.290E+008
 3.890E+013  2.421E-012  7.021E+008 -3.305E+008
 3.910E+013  2.494E-012  7.021E+008 -3.320E+008
 3.930E+013  2.568E-012  7.021E+008 -3.334E+008
 3.950E+013  2.643E-012  7.021E+008 -3.349E+008
 3.970E+013  2.719E-012  7.022E+008 -3.363E+008
 3.990E+013  2.795E-012  7.022E+008 -3.377E+008
 4.010E+013  2.873E-012  7.022E+008 -3.391E+008
 4.030E+013  2.951E-012  7.022E+008 -3.405E+008
 4.050E+013  3.030E-012  7.022E+008 -3.418E+008
 4.070E+013  3.110E-012  7.023E+008 -3.431E+008
 4.090E+013  3.190E-012  7.023E+008 -3.444E+008
 4.110E+013  3.271E-012  7.023E+008 -3.457E+008
 4.130E+013  3.352E-012  7.024E+008 -3.469E+008
 4.150E+013  3.434E-012  7.024E+008 -3.481E+008
 4.170E+013  3.517E-012  7.024E+008 -3.493E+008
 4.190E+013  3.600E-012  7.025E+008 -3.505E+008
 4.210E+013  3.683E-012  7.025E+008 -3.516E+008
 4.230E+013  3.767E-012  7.025E+008 -3.527E+008
 4.250E+013  3.852E-012  7.026E+008 -3.537E+008
 4.270E+013  3.937E-012  7.026E+008 -3.548E+008
 4.290E+013  4.022E-012  7.027E+008 -3.558E+008
 4.310E+013  4.108E-012  7.027E+008 -3.567E+008
 4.330E+013  4.195E-012  7.028E+008 -3.577E+008
 4.350E+013  4.282E-012  7.029E+008 -3.585E+008
 4.370E+013  4.370E-012  7.029E+008 -3.594E+008
 4.390E+013  4.458E-012  7.030E+008 -3.602E+008
 4.410E+013  4.547E-012  7.031E+008 -3.610E+008
 4.430E+013  4.636E-012  7.031E+008 -3.618E+008
 4.450E+013  4.727E-012  7.032E+008 -3.625E+008
 4.470E+013  4.818E-012  7.033E+008 -3.631E+008
 4.490E+013  4.909E-012  7.033E+008 -3.638E+008
 4.510E+013  5.002E-012  7.034E+008 -3.644E+008
 4.530E+013  5.095E-012  7.035E+008 -3.649E+008
 4.550E+013  5.190E-012  7.036E+008 -3.655E+008
 4.570E+013  5.285E-012  7.037E+008 -3.660E+008
 4.590E+013  5.381E-012  7.038E+008 -3.664E+008
 4.610E+013  5.479E-012  7.039E+008 -3.669E+008
 4.630E+013  5.577E-012  7.040E+008 -3.673E+008
 4.650E+013  5.676E-012  7.041E+008 -3.676E+008
 4.670E+013  5.777E-012  7.042E+008 -3.680E+008
 4.690E+013  5.879E-012  7.043E+008 -3.683E+008
 4.710E+013  5.982E-012  7.044E+008 -3.685E+008
 4.730E+013  6.087E-012  7.045E+008 -3.688E+008
 4.750E+013  6.193E-012  7.046E+008 -3.690E+008
 4.770E+013  6.301E-012  7.047E+008 -3.692E+008
 4.790E+013  6.410E-012  7.048E+008 -3.694E+008
 4.810E+013  6.520E-012  7.049E+008 -3.695E+008
 4.830E+013  6.633E-012  7.050E+008 -3.697E+008
 4.850E+013  6.747E-012  7.051E+008 -3.698E+008
 4.870E+013  6.862E-012  7.052E+008 -3.698E+008
 4.890E+013  6.980E-012  7.053E+008 -3.699E+008
 4.910E+013  7.100E-012  7.054E+008 -3.700E+008
 4.930E+013  7.221E-012  7.055E+008 -3.700E+008
 4.950E+013  7.344E-012  7.055E+008 -3.701E+008
 4.970E+013  7.470E-012  7.056E+008 -3.701E+008
 4.990E+013  7.598E-012  7.057E+008 -3.701E+008
 5.010E+013  7.727E-012  7.058E+008 -3.701E+008
 5.030E+013  7.859E-012  7.058E+008 -3.702E+008
 5.050E+013  7.993E-012  7.059E+008 -3.702E+008
 5.070E+013  8.130E-012  7.059E+008 -3.702E+008
 5.090E+013  8.269E-012  7.060E+008 -3.702E+008
 5.110E+013  8.410E-012  7.060E+008 -3.702E+008
 5.130E+013  8.554E-012  7.060E+008 -3.703E+008
 5.150E+013  8.700E-012  7.060E+008 -3.703E+008
 5.170E+013  8.849E-012  7.060E+008 -3.704E+008
 5.190E+013  9.000E-012  7.060E+008 -3.704E+008
 5.210E+013  9.154E-012  7.060E+008 -3.705E+008
 5.230E+013  9.311E-012  7.060E+008 -3.706E+008
 5.250E+013  9.470E-012  7.059E+008 -3.707E+008
 5.270E+013  9.632E-012  7.058E+008 -3.708E+008
 5.290E+013  9.797E-012  7.058E+008 -3.710E+008
 5.310E+013  9.964E-012  7.056E+008 -3.712E+008
 5.330E+013  1.013E-011  7.055E+008 -3.713E+008
 5.350E+013  1.031E-011  7.054E+008 -3.715E+008
 5.370E+013  1.048E-011  7.052E+008 -3.718E+008
 5.390E+013  1.066E-011  7.051E+008 -3.720E+008
 5.410E+013  1.084E-011  7.049E+008 -3.723E+008
 5.430E+013  1.103E-011  7.046E+008 -3.726E+008
 5.450E+013  1.121E-011  7.044E+008 -3.730E+008
 5.470E+013  1.140E-011  7.041E+008 -3.733E+008
 5.490E+013  1.160E-011  7.039E+008 -3.737E+008
 5.510E+013  1.179E-011  7.036E+008 -3.741E+008
 5.530E+013  1.199E-011  7.032E+008 -3.746E+008
 5.550E+013  1.219E-011  7.029E+008 -3.750E+008
 5.570E+013  1.239E-011  7.025E+008 -3.755E+008
 5.590E+013  1.260E-011  7.021E+008 -3.761E+008
 5.610E+013  1.281E-011  7.017E+008 -3.766E+008
 5.630E+013  1.302E-011  7.013E+008 -3.772E+008
 5.650E+013  1.323E-011  7.008E+008 -3.778E+008
 5.670E+013  1.345E-011  7.003E+008 -3.785E+008
 5.690E+013  1.367E-011  6.998E+008 -3.791E+008
 5.710E+013  1.389E-011  6.993E+008 -3.799E+008
 5.730E+013  1.411E-011  6.988E+008 -3.807E+008
 5.750E+013  1.434E-011  6.982E+008 -3.815E+008
 5.770E+013  1.457E-011  6.976E+008 -3.824E+008
 5.790E+013  1.480E-011  6.970E+008 -3.833E+008
 5.810E+013  1.503E-011  6.964E+008 -3.843E+008
 5.830E+013  1.527E-011  6.958E+008 -3.853E+008
 5.850E+013  1.551E-011  6.951E+008 -3.865E+008
 5.870E+013  1.575E-011  6.945E+008 -3.877E+008
 5.890E+013  1.599E-011  6.938E+008 -3.890E+008
 5.910E+013  1.623E-011  6.930E+008 -3.903E+008
 5.930E+013  1.648E-011  6.923E+008 -3.918E+008
 5.950E+013  1.673E-011  6.916E+008 -3.934E+008
 5.970E+013  1.698E-011  6.908E+008 -3.950E+008
 5.990E+013  1.723E-011  6.900E+008 -3.968E+008
 6.010E+013  1.748E-011  6.892E+008 -3.986E+008
 6.030E+013  1.774E-011  6.884E+008 -4.006E+008
 6.050E+013  1.800E-011  6.876E+008 -4.027E+008
 6.070E+013  1.826E-011  6.868E+008 -4.048E+008
 6.090E+013  1.852E-011  6.860E+008 -4.070E+008
 6.110E+013  1.878E-011  6.851E+008 -4.093E+008
 6.130E+013  1.905E-011  6.843E+008 -4.116E+008
 6.150E+013  1.932E-011  6.835E+008 -4.140E+008
 6.170E+013  1.959E-011  6.826E+008 -4.164E+008
 6.190E+013  1.986E-011  6.818E+008 -4.188E+008
 6.210E+013  2.014E-011  6.810E+008 -4.212E+008
 6.230E+013  2.041E-011  6.802E+008 -4.236E+008
 6.250E+013  2.069E-011  6.794E+008 -4.259E+008
 6.270E+013  2.098E-011  6.786E+008 -4.281E+008
 6.290E+013  2.126E-011  6.779E+008 -4.301E+008
 6.310E+013  2.155E-011  6.772E+008 -4.319E+008
 6.330E+013  2.184E-011  6.766E+008 -4.336E+008
 6.350E+013  2.214E-011  6.759E+008 -4.351E+008
 6.370E+013  2.244E-011  6.753E+008 -4.365E+008
 6.390E+013  2.274E-011  6.747E+008 -4.379E+008
 6.410E+013  2.304E-011  6.740E+008 -4.392E+008
 6.430E+013  2.334E-011  6.734E+008 -4.407E+008
 6.450E+013  2.365E-011  6.726E+008 -4.423E+008
 6.470E+013  2.396E-011  6.718E+008 -4.442E+008
 6.490E+013  2.427E-011  6.710E+008 -4.463E+008
 6.510E+013  2.458E-011  6.701E+008 -4.486E+008
 6.530E+013  2.489E-011  6.691E+008 -4.511E+008
 6.550E+013  2.521E-011  6.682E+008 -4.538E+008
 6.570E+013  2.553E-011  6.671E+008 -4.565E+008
 6.590E+013  2.585E-011  6.661E+008 -4.592E+008
 6.610E+013  2.617E-011  6.651E+008 -4.619E+008
 6.630E+013  2.650E-011  6.641E+008 -4.644E+008
 6.650E+013  2.683E-011  6.632E+008 -4.666E+008
 6.670E+013  2.717E-011  6.623E+008 -4.687E+008
 6.690E+013  2.751E-011  6.615E+008 -4.704E+008
 6.710E+013  2.785E-011  6.607E+008 -4.719E+008
 6.730E+013  2.820E-011  6.600E+008 -4.729E+008
 6.750E+013  2.856E-011  6.594E+008 -4.736E+008
 6.770E+013  2.893E-011  6.588E+008 -4.739E+008
 6.790E+013  2.930E-011  6.584E+008 -4.738E+008
 6.810E+013  2.967E-011  6.580E+008 -4.732E+008
 6.830E+013  3.006E-011  6.578E+008 -4.722E+008
 6.850E+013  3.045E-011  6.576E+008 -4.709E+008
 6.870E+013  3.085E-011  6.576E+008 -4.691E+008
 6.890E+013  3.125E-011  6.576E+008 -4.669E+008
 6.910E+013  3.167E-011  6.577E+008 -4.644E+008
 6.930E+013  3.209E-011  6.579E+008 -4.615E+008
 6.950E+013  3.252E-011  6.581E+008 -4.583E+008
 6.970E+013  3.296E-011  6.585E+008 -4.547E+008
 6.990E+013  3.340E-011  6.589E+008 -4.509E+008
 7.010E+013  3.385E-011  6.594E+008 -4.468E+008
 7.030E+013  3.432E-011  6.600E+008 -4.425E+008
 7.050E+013  3.479E-011  6.606E+008 -4.380E+008
 7.070E+013  3.527E-011  6.613E+008 -4.333E+008
 7.090E+013  3.575E-011  6.620E+008 -4.284E+008
 7.110E+013  3.625E-011  6.628E+008 -4.233E+008
 7.130E+013  3.675E-011  6.636E+008 -4.182E+008
 7.150E+013  3.726E-011  6.645E+008 -4.129E+008
 7.170E+013  3.778E-011  6.654E+008 -4.075E+008
 7.190E+013  3.831E-011  6.664E+008 -4.020E+008
 7.210E+013  3.885E-011  6.674E+008 -3.965E+008
 7.230E+013  3.939E-011  6.684E+008 -3.909E+008
 7.250E+013  3.995E-011  6.695E+008 -3.853E+008
 7.270E+013  4.051E-011  6.705E+008 -3.797E+008
 7.290E+013  4.108E-011  6.716E+008 -3.740E+008
 7.310E+013  4.166E-011  6.727E+008 -3.684E+008
 7.330E+013  4.225E-011  6.738E+008 -3.628E+008
 7.350E+013  4.284E-011  6.750E+008 -3.571E+008
 7.370E+013  4.345E-011  6.761E+008 -3.516E+008
 7.390E+013  4.406E-011  6.773E+008 -3.460E+008
 7.410E+013  4.468E-011  6.784E+008 -3.405E+008
 7.430E+013  4.531E-011  6.796E+008 -3.350E+008
 7.450E+013  4.595E-011  6.808E+008 -3.296E+008
 7.470E+013  4.660E-011  6.820E+008 -3.243E+008
 7.490E+013  4.725E-011  6.832E+008 -3.189E+008
 7.510E+013  4.791E-011  6.844E+008 -3.137E+008
 7.530E+013  4.859E-011  6.856E+008 -3.085E+008
 7.550E+013  4.927E-011  6.867E+008 -3.034E+008
 7.570E+013  4.995E-011  6.879E+008 -2.984E+008
 7.590E+013  5.065E-011  6.891E+008 -2.934E+008
 7.610E+013  5.136E-011  6.904E+008 -2.885E+008
 7.630E+013  5.207E-011  6.916E+008 -2.836E+008
 7.650E+013  5.280E-011  6.928E+008 -2.788E+008
 7.670E+013  5.353E-011  6.940E+008 -2.741E+008
 7.690E+013  5.428E-011  6.952E+008 -2.695E+008
 7.710E+013  5.503E-011  6.964E+008 -2.649E+008
 7.730E+013  5.579E-011  6.976E+008 -2.604E+008
 7.750E+013  5.656E-011  6.988E+008 -2.559E+008
 7.770E+013  5.734E-011  7.001E+008 -2.515E+008
 7.790E+013  5.813E-011  7.013E+008 -2.472E+008
 7.810E+013  5.892E-011  7.025E+008 -2.429E+008
 7.830E+013  5.973E-011  7.037E+008 -2.387E+008
 7.850E+013  6.055E-011  7.050E+008 -2.346E+008
 7.870E+013  6.138E-011  7.062E+008 -2.305E+008
 7.890E+013  6.222E-011  7.075E+008 -2.264E+008
 7.910E+013  6.306E-011  7.087E+008 -2.224E+008
 7.930E+013  6.392E-011  7.100E+008 -2.184E+008
 7.950E+013  6.479E-011  7.112E+008 -2.146E+008
 7.970E+013  6.567E-011  7.125E+008 -2.107E+008
 7.990E+013  6.656E-011  7.138E+008 -2.069E+008
 8.010E+013  6.746E-011  7.151E+008 -2.031E+008
 8.030E+013  6.838E-011  7.164E+008 -1.994E+008
 8.050E+013  6.930E-011  7.177E+008 -1.958E+008
 8.070E+013  7.023E-011  7.190E+008 -1.921E+008
 8.090E+013  7.118E-011  7.203E+008 -1.886E+008
 8.110E+013  7.214E-011  7.216E+008 -1.850E+008
 8.130E+013  7.311E-011  7.229E+008 -1.815E+008
 8.150E+013  7.409E-011  7.243E+008 -1.781E+008
 8.170E+013  7.508E-011  7.256E+008 -1.747E+008
 8.190E+013  7.609E-011  7.270E+008 -1.713E+008
 8.210E+013  7.710E-011  7.284E+008 -1.680E+008
 8.230E+013  7.814E-011  7.298E+008 -1.647E+008
 8.250E+013  7.918E-011  7.311E+008 -1.614E+008
 8.270E+013  8.023E-011  7.325E+008 -1.582E+008
 8.290E+013  8.130E-011  7.340E+008 -1.551E+008
 8.310E+013  8.239E-011  7.354E+008 -1.519E+008
 8.330E+013  8.348E-011  7.368E+008 -1.488E+008
 8.350E+013  8.459E-011  7.382E+008 -1.458E+008
 8.370E+013  8.571E-011  7.397E+008 -1.428E+008
 8.390E+013  8.685E-011  7.412E+008 -1.398E+008
 8.410E+013  8.800E-011  7.426E+008 -1.369E+008
 8.430E+013  8.916E-011  7.441E+008 -1.340E+008
 8.450E+013  9.034E-011  7.456E+008 -1.311E+008
 8.470E+013  9.153E-011  7.471E+008 -1.283E+008
 8.490E+013  9.274E-011  7.486E+008 -1.255E+008
 8.510E+013  9.396E-011  7.502E+008 -1.228E+008
 8.530E+013  9.520E-011  7.517E+008 -1.201E+008
 8.550E+013  9.645E-011  7.533E+008 -1.175E+008
 8.570E+013  9.772E-011  7.548E+008 -1.148E+008
 8.590E+013  9.900E-011  7.564E+008 -1.123E+008
 8.610E+013  1.003E-010  7.580E+008 -1.097E+008
 8.630E+013  1.016E-010  7.596E+008 -1.072E+008
 8.650E+013  1.029E-010  7.612E+008 -1.048E+008
 8.670E+013  1.043E-010  7.628E+008 -1.024E+008
 8.690E+013  1.056E-010  7.644E+008 -1.000E+008
 8.710E+013  1.070E-010  7.661E+008 -9.767E+007
 8.730E+013  1.084E-010  7.677E+008 -9.538E+007
 8.750E+013  1.098E-010  7.694E+008 -9.312E+007
 8.770E+013  1.112E-010  7.711E+008 -9.091E+007
 8.790E+013  1.127E-010  7.728E+008 -8.873E+007
 8.810E+013  1.141E-010  7.745E+008 -8.660E+007
 8.830E+013  1.156E-010  7.762E+008 -8.450E+007
 8.850E+013  1.171E-010  7.779E+008 -8.244E+007
 8.870E+013  1.186E-010  7.797E+008 -8.042E+007
 8.890E+013  1.202E-010  7.814E+008 -7.845E+007
 8.910E+013  1.217E-010  7.832E+008 -7.650E+007
 8.930E+013  1.233E-010  7.850E+008 -7.460E+007
 8.950E+013  1.249E-010  7.868E+008 -7.274E+007
 8.970E+013  1.265E-010  7.886E+008 -7.091E+007
 8.990E+013  1.281E-010  7.904E+008 -6.912E+007
 9.010E+013  1.297E-010  7.923E+008 -6.737E+007
 9.030E+013  1.314E-010  7.942E+008 -6.566E+007
 9.050E+013  1.331E-010  7.960E+008 -6.398E+007
 9.070E+013  1.348E-010  7.979E+008 -6.234E+007
 9.090E+013  1.365E-010  7.998E+008 -6.074E+007
 9.110E+013  1.383E-010  8.018E+008 -5.917E+007
 9.130E+013  1.400E-010  8.037E+008 -5.764E+007
 9.150E+013  1.418E-010  8.057E+008 -5.615E+007
 9.170E+013  1.436E-010  8.077E+008 -5.469E+007
 9.190E+013  1.455E-010  8.097E+008 -5.327E+007
 9.210E+013  1.473E-010  8.117E+008 -5.188E+007
 9.230E+013  1.492E-010  8.137E+008 -5.053E+007
 9.250E+013  1.511E-010  8.158E+008 -4.921E+007
 9.270E+013  1.530E-010  8.179E+008 -4.793E+007
 9.290E+013  1.550E-010  8.200E+008 -4.668E+007
 9.310E+013  1.570E-010  8.221E+008 -4.547E+007
 9.330E+013  1.590E-010  8.242E+008 -4.429E+007
 9.350E+013  1.610E-010  8.264E+008 -4.314E+007
 9.370E+013  1.631E-010  8.286E+008 -4.203E+007
 9.390E+013  1.652E-010  8.308E+008 -4.096E+007
 9.410E+013  1.673E-010  8.330E+008 -3.991E+007
 9.430E+013  1.694E-010  8.353E+008 -3.891E+007
 9.450E+013  1.716E-010  8.376E+008 -3.793E+007
 9.470E+013  1.738E-010  8.399E+008 -3.699E+007
 9.490E+013  1.760E-010  8.422E+008 -3.608E+007
 9.510E+013  1.783E-010  8.446E+008 -3.521E+007
 9.530E+013  1.806E-010  8.470E+008 -3.437E+007
 9.550E+013  1.829E-010  8.494E+008 -3.357E+007
 9.570E+013  1.852E-010  8.518E+008 -3.279E+007
 9.590E+013  1.876E-010  8.543E+008 -3.206E+007
 9.610E+013  1.900E-010  8.568E+008 -3.135E+007
 9.630E+013  1.925E-010  8.593E+008 -3.068E+007
 9.650E+013  1.950E-010  8.618E+008 -3.005E+007
 9.670E+013  1.975E-010  8.644E+008 -2.944E+007
 9.690E+013  2.000E-010  8.670E+008 -2.888E+007
 9.710E+013  2.026E-010  8.697E+008 -2.834E+007
 9.730E+013  2.052E-010  8.723E+008 -2.784E+007
 9.750E+013  2.079E-010  8.750E+008 -2.737E+007
 9.770E+013  2.106E-010  8.777E+008 -2.694E+007
 9.790E+013  2.133E-010  8.805E+008 -2.654E+007
 9.810E+013  2.161E-010  8.833E+008 -2.618E+007
 9.830E+013  2.189E-010  8.861E+008 -2.584E+007
 9.850E+013  2.217E-010  8.889E+008 -2.551E+007
 9.870E+013  2.246E-010  8.915E+008 -2.504E+007
 9.890E+013  2.273E-010  8.933E+008 -2.394E+007
 9.910E+013  2.299E-010  8.937E+008 -2.128E+007
 9.930E+013  2.323E-010  8.932E+008 -1.675E+007
 9.950E+013  2.349E-010  8.933E+008 -1.204E+007
 9.970E+013  2.373E-010  8.935E+008 -8.276E+006
 9.990E+013  2.414E-010  8.934E+008 -4.087E+006
 1.001E+014  1.000E-099  1.000E-099 -0.000E+000
 1.003E+014  1.000E-099  1.000E-099 -0.000E+000
 5.137E-003
