 1.740E+005
     x1b        dens       energ       v1
 1.000E+011  2.281E-013  8.434E+008  0.000E+000
 3.000E+011  2.303E-013  8.434E+008 -9.246E+005
 5.000E+011  2.360E-013  8.434E+008 -1.921E+006
 7.000E+011  2.439E-013  8.434E+008 -2.861E+006
 9.000E+011  2.516E-013  8.434E+008 -3.822E+006
 1.100E+012  2.572E-013  8.434E+008 -4.774E+006
 1.300E+012  2.606E-013  8.434E+008 -5.730E+006
 1.500E+012  2.626E-013  8.434E+008 -6.685E+006
 1.700E+012  2.639E-013  8.434E+008 -7.640E+006
 1.900E+012  2.652E-013  8.434E+008 -8.595E+006
 2.100E+012  2.666E-013  8.434E+008 -9.550E+006
 2.300E+012  2.682E-013  8.434E+008 -1.050E+007
 2.500E+012  2.702E-013  8.434E+008 -1.146E+007
 2.700E+012  2.722E-013  8.434E+008 -1.241E+007
 2.900E+012  2.744E-013  8.434E+008 -1.337E+007
 3.100E+012  2.765E-013  8.434E+008 -1.432E+007
 3.300E+012  2.786E-013  8.434E+008 -1.528E+007
 3.500E+012  2.807E-013  8.434E+008 -1.623E+007
 3.700E+012  2.829E-013  8.434E+008 -1.719E+007
 3.900E+012  2.850E-013  8.434E+008 -1.814E+007
 4.100E+012  2.873E-013  8.434E+008 -1.910E+007
 4.300E+012  2.895E-013  8.434E+008 -2.005E+007
 4.500E+012  2.919E-013  8.434E+008 -2.101E+007
 4.700E+012  2.942E-013  8.434E+008 -2.196E+007
 4.900E+012  2.966E-013  8.434E+008 -2.292E+007
 5.100E+012  2.990E-013  8.434E+008 -2.387E+007
 5.300E+012  3.014E-013  8.434E+008 -2.483E+007
 5.500E+012  3.037E-013  8.434E+008 -2.578E+007
 5.700E+012  3.061E-013  8.434E+008 -2.674E+007
 5.900E+012  3.084E-013  8.434E+008 -2.769E+007
 6.100E+012  3.107E-013  8.434E+008 -2.865E+007
 6.300E+012  3.129E-013  8.434E+008 -2.960E+007
 6.500E+012  3.151E-013  8.434E+008 -3.056E+007
 6.700E+012  3.173E-013  8.434E+008 -3.151E+007
 6.900E+012  3.193E-013  8.434E+008 -3.247E+007
 7.100E+012  3.212E-013  8.434E+008 -3.342E+007
 7.300E+012  3.230E-013  8.434E+008 -3.438E+007
 7.500E+012  3.245E-013  8.434E+008 -3.533E+007
 7.700E+012  3.258E-013  8.434E+008 -3.629E+007
 7.900E+012  3.269E-013  8.434E+008 -3.724E+007
 8.100E+012  3.277E-013  8.434E+008 -3.820E+007
 8.300E+012  3.282E-013  8.434E+008 -3.915E+007
 8.500E+012  3.285E-013  8.434E+008 -4.011E+007
 8.700E+012  3.287E-013  8.434E+008 -4.106E+007
 8.900E+012  3.287E-013  8.434E+008 -4.202E+007
 9.100E+012  3.287E-013  8.434E+008 -4.297E+007
 9.300E+012  3.287E-013  8.434E+008 -4.393E+007
 9.500E+012  3.287E-013  8.434E+008 -4.489E+007
 9.700E+012  3.287E-013  8.434E+008 -4.584E+007
 9.900E+012  3.287E-013  8.434E+008 -4.680E+007
 1.010E+013  3.287E-013  8.434E+008 -4.775E+007
 1.030E+013  3.286E-013  8.434E+008 -4.871E+007
 1.050E+013  3.286E-013  8.434E+008 -4.966E+007
 1.070E+013  3.286E-013  8.434E+008 -5.062E+007
 1.090E+013  3.285E-013  8.434E+008 -5.157E+007
 1.110E+013  3.284E-013  8.434E+008 -5.253E+007
 1.130E+013  3.284E-013  8.434E+008 -5.348E+007
 1.150E+013  3.283E-013  8.434E+008 -5.444E+007
 1.170E+013  3.282E-013  8.434E+008 -5.539E+007
 1.190E+013  3.281E-013  8.434E+008 -5.635E+007
 1.210E+013  3.280E-013  8.434E+008 -5.730E+007
 1.230E+013  3.278E-013  8.434E+008 -5.826E+007
 1.250E+013  3.277E-013  8.434E+008 -5.921E+007
 1.270E+013  3.275E-013  8.434E+008 -6.017E+007
 1.290E+013  3.274E-013  8.434E+008 -6.112E+007
 1.310E+013  3.272E-013  8.434E+008 -6.208E+007
 1.330E+013  3.271E-013  8.434E+008 -6.303E+007
 1.350E+013  3.271E-013  8.434E+008 -6.399E+007
 1.370E+013  3.270E-013  8.434E+008 -6.494E+007
 1.390E+013  3.270E-013  8.434E+008 -6.590E+007
 1.410E+013  3.270E-013  8.434E+008 -6.685E+007
 1.430E+013  3.270E-013  8.434E+008 -6.781E+007
 1.450E+013  3.270E-013  8.434E+008 -6.876E+007
 1.470E+013  3.270E-013  8.434E+008 -6.972E+007
 1.490E+013  3.270E-013  8.434E+008 -7.068E+007
 1.510E+013  3.270E-013  8.434E+008 -7.163E+007
 1.530E+013  3.270E-013  8.434E+008 -7.259E+007
 1.550E+013  3.271E-013  8.434E+008 -7.354E+007
 1.570E+013  3.271E-013  8.434E+008 -7.450E+007
 1.590E+013  3.272E-013  8.434E+008 -7.545E+007
 1.610E+013  3.273E-013  8.434E+008 -7.641E+007
 1.630E+013  3.274E-013  8.434E+008 -7.736E+007
 1.650E+013  3.275E-013  8.434E+008 -7.832E+007
 1.670E+013  3.276E-013  8.434E+008 -7.927E+007
 1.690E+013  3.278E-013  8.434E+008 -8.023E+007
 1.710E+013  3.280E-013  8.434E+008 -8.118E+007
 1.730E+013  3.283E-013  8.434E+008 -8.214E+007
 1.750E+013  3.286E-013  8.434E+008 -8.309E+007
 1.770E+013  3.289E-013  8.434E+008 -8.405E+007
 1.790E+013  3.293E-013  8.434E+008 -8.501E+007
 1.810E+013  3.297E-013  8.434E+008 -8.596E+007
 1.830E+013  3.302E-013  8.434E+008 -8.692E+007
 1.850E+013  3.308E-013  8.434E+008 -8.787E+007
 1.870E+013  3.314E-013  8.434E+008 -8.883E+007
 1.890E+013  3.321E-013  8.434E+008 -8.978E+007
 1.910E+013  3.329E-013  8.434E+008 -9.074E+007
 1.930E+013  3.337E-013  8.435E+008 -9.169E+007
 1.950E+013  3.346E-013  8.435E+008 -9.265E+007
 1.970E+013  3.357E-013  8.435E+008 -9.360E+007
 1.990E+013  3.368E-013  8.435E+008 -9.456E+007
 2.010E+013  3.380E-013  8.435E+008 -9.552E+007
 2.030E+013  3.393E-013  8.435E+008 -9.647E+007
 2.050E+013  3.407E-013  8.435E+008 -9.743E+007
 2.070E+013  3.423E-013  8.435E+008 -9.838E+007
 2.090E+013  3.439E-013  8.435E+008 -9.934E+007
 2.110E+013  3.457E-013  8.435E+008 -1.003E+008
 2.130E+013  3.477E-013  8.435E+008 -1.012E+008
 2.150E+013  3.497E-013  8.435E+008 -1.022E+008
 2.170E+013  3.520E-013  8.435E+008 -1.032E+008
 2.190E+013  3.543E-013  8.435E+008 -1.041E+008
 2.210E+013  3.569E-013  8.435E+008 -1.051E+008
 2.230E+013  3.596E-013  8.435E+008 -1.060E+008
 2.250E+013  3.625E-013  8.435E+008 -1.070E+008
 2.270E+013  3.656E-013  8.435E+008 -1.079E+008
 2.290E+013  3.689E-013  8.435E+008 -1.089E+008
 2.310E+013  3.724E-013  8.435E+008 -1.099E+008
 2.330E+013  3.761E-013  8.435E+008 -1.108E+008
 2.350E+013  3.801E-013  8.435E+008 -1.118E+008
 2.370E+013  3.843E-013  8.435E+008 -1.127E+008
 2.390E+013  3.887E-013  8.435E+008 -1.137E+008
 2.410E+013  3.934E-013  8.435E+008 -1.146E+008
 2.430E+013  3.984E-013  8.435E+008 -1.156E+008
 2.450E+013  4.037E-013  8.435E+008 -1.165E+008
 2.470E+013  4.093E-013  8.435E+008 -1.175E+008
 2.490E+013  4.152E-013  8.435E+008 -1.185E+008
 2.510E+013  4.214E-013  8.435E+008 -1.194E+008
 2.530E+013  4.280E-013  8.435E+008 -1.204E+008
 2.550E+013  4.350E-013  8.435E+008 -1.213E+008
 2.570E+013  4.423E-013  8.435E+008 -1.223E+008
 2.590E+013  4.501E-013  8.435E+008 -1.232E+008
 2.610E+013  4.583E-013  8.435E+008 -1.242E+008
 2.630E+013  4.669E-013  8.435E+008 -1.252E+008
 2.650E+013  4.760E-013  8.435E+008 -1.261E+008
 2.670E+013  4.856E-013  8.435E+008 -1.271E+008
 2.690E+013  4.957E-013  8.435E+008 -1.280E+008
 2.710E+013  5.064E-013  8.435E+008 -1.290E+008
 2.730E+013  5.176E-013  8.435E+008 -1.299E+008
 2.750E+013  5.294E-013  8.435E+008 -1.309E+008
 2.770E+013  5.419E-013  8.435E+008 -1.318E+008
 2.790E+013  5.550E-013  8.435E+008 -1.328E+008
 2.810E+013  5.688E-013  8.436E+008 -1.338E+008
 2.830E+013  5.833E-013  8.436E+008 -1.347E+008
 2.850E+013  5.986E-013  8.436E+008 -1.357E+008
 2.870E+013  6.146E-013  8.436E+008 -1.366E+008
 2.890E+013  6.315E-013  8.436E+008 -1.376E+008
 2.910E+013  6.493E-013  8.436E+008 -1.385E+008
 2.930E+013  6.680E-013  8.436E+008 -1.395E+008
 2.950E+013  6.876E-013  8.436E+008 -1.405E+008
 2.970E+013  7.083E-013  8.436E+008 -1.414E+008
 2.990E+013  7.299E-013  8.436E+008 -1.424E+008
 3.010E+013  7.527E-013  8.436E+008 -1.433E+008
 3.030E+013  7.766E-013  8.436E+008 -1.443E+008
 3.050E+013  8.017E-013  8.436E+008 -1.452E+008
 3.070E+013  8.280E-013  8.436E+008 -1.462E+008
 3.090E+013  8.555E-013  8.436E+008 -1.472E+008
 3.110E+013  8.844E-013  8.436E+008 -1.481E+008
 3.130E+013  9.147E-013  8.436E+008 -1.491E+008
 3.150E+013  9.464E-013  8.436E+008 -1.500E+008
 3.170E+013  9.795E-013  8.436E+008 -1.510E+008
 3.190E+013  1.014E-012  8.437E+008 -1.520E+008
 3.210E+013  1.050E-012  8.437E+008 -1.529E+008
 3.230E+013  1.088E-012  8.437E+008 -1.539E+008
 3.250E+013  1.128E-012  8.437E+008 -1.548E+008
 3.270E+013  1.169E-012  8.437E+008 -1.558E+008
 3.290E+013  1.212E-012  8.437E+008 -1.567E+008
 3.310E+013  1.257E-012  8.437E+008 -1.577E+008
 3.330E+013  1.303E-012  8.437E+008 -1.587E+008
 3.350E+013  1.352E-012  8.437E+008 -1.596E+008
 3.370E+013  1.402E-012  8.437E+008 -1.606E+008
 3.390E+013  1.454E-012  8.437E+008 -1.615E+008
 3.410E+013  1.508E-012  8.438E+008 -1.625E+008
 3.430E+013  1.564E-012  8.438E+008 -1.634E+008
 3.450E+013  1.622E-012  8.438E+008 -1.644E+008
 3.470E+013  1.682E-012  8.438E+008 -1.654E+008
 3.490E+013  1.743E-012  8.438E+008 -1.663E+008
 3.510E+013  1.807E-012  8.438E+008 -1.673E+008
 3.530E+013  1.872E-012  8.438E+008 -1.682E+008
 3.550E+013  1.940E-012  8.439E+008 -1.692E+008
 3.570E+013  2.009E-012  8.439E+008 -1.702E+008
 3.590E+013  2.080E-012  8.439E+008 -1.711E+008
 3.610E+013  2.152E-012  8.439E+008 -1.721E+008
 3.630E+013  2.227E-012  8.439E+008 -1.730E+008
 3.650E+013  2.303E-012  8.439E+008 -1.740E+008
 3.670E+013  2.380E-012  8.440E+008 -1.749E+008
 3.690E+013  2.460E-012  8.440E+008 -1.759E+008
 3.710E+013  2.540E-012  8.440E+008 -1.769E+008
 3.730E+013  2.622E-012  8.440E+008 -1.778E+008
 3.750E+013  2.706E-012  8.440E+008 -1.788E+008
 3.770E+013  2.790E-012  8.441E+008 -1.797E+008
 3.790E+013  2.876E-012  8.441E+008 -1.807E+008
 3.810E+013  2.963E-012  8.441E+008 -1.817E+008
 3.830E+013  3.051E-012  8.441E+008 -1.826E+008
 3.850E+013  3.140E-012  8.442E+008 -1.836E+008
 3.870E+013  3.230E-012  8.442E+008 -1.846E+008
 3.890E+013  3.321E-012  8.442E+008 -1.855E+008
 3.910E+013  3.413E-012  8.443E+008 -1.865E+008
 3.930E+013  3.505E-012  8.443E+008 -1.874E+008
 3.950E+013  3.598E-012  8.443E+008 -1.884E+008
 3.970E+013  3.692E-012  8.444E+008 -1.894E+008
 3.990E+013  3.787E-012  8.444E+008 -1.903E+008
 4.010E+013  3.882E-012  8.444E+008 -1.913E+008
 4.030E+013  3.978E-012  8.445E+008 -1.923E+008
 4.050E+013  4.074E-012  8.445E+008 -1.932E+008
 4.070E+013  4.171E-012  8.445E+008 -1.942E+008
 4.090E+013  4.269E-012  8.446E+008 -1.951E+008
 4.110E+013  4.367E-012  8.446E+008 -1.961E+008
 4.130E+013  4.466E-012  8.447E+008 -1.971E+008
 4.150E+013  4.566E-012  8.447E+008 -1.980E+008
 4.170E+013  4.666E-012  8.447E+008 -1.990E+008
 4.190E+013  4.767E-012  8.448E+008 -2.000E+008
 4.210E+013  4.868E-012  8.448E+008 -2.009E+008
 4.230E+013  4.970E-012  8.449E+008 -2.019E+008
 4.250E+013  5.073E-012  8.449E+008 -2.029E+008
 4.270E+013  5.177E-012  8.450E+008 -2.038E+008
 4.290E+013  5.281E-012  8.450E+008 -2.048E+008
 4.310E+013  5.386E-012  8.451E+008 -2.058E+008
 4.330E+013  5.493E-012  8.451E+008 -2.068E+008
 4.350E+013  5.600E-012  8.452E+008 -2.077E+008
 4.370E+013  5.708E-012  8.453E+008 -2.087E+008
 4.390E+013  5.817E-012  8.453E+008 -2.097E+008
 4.410E+013  5.927E-012  8.454E+008 -2.106E+008
 4.430E+013  6.039E-012  8.454E+008 -2.116E+008
 4.450E+013  6.152E-012  8.455E+008 -2.126E+008
 4.470E+013  6.266E-012  8.456E+008 -2.136E+008
 4.490E+013  6.381E-012  8.456E+008 -2.145E+008
 4.510E+013  6.498E-012  8.457E+008 -2.155E+008
 4.530E+013  6.617E-012  8.458E+008 -2.165E+008
 4.550E+013  6.737E-012  8.458E+008 -2.175E+008
 4.570E+013  6.858E-012  8.459E+008 -2.184E+008
 4.590E+013  6.982E-012  8.460E+008 -2.194E+008
 4.610E+013  7.107E-012  8.460E+008 -2.204E+008
 4.630E+013  7.234E-012  8.461E+008 -2.214E+008
 4.650E+013  7.363E-012  8.462E+008 -2.223E+008
 4.670E+013  7.494E-012  8.463E+008 -2.233E+008
 4.690E+013  7.628E-012  8.464E+008 -2.243E+008
 4.710E+013  7.763E-012  8.464E+008 -2.253E+008
 4.730E+013  7.901E-012  8.465E+008 -2.262E+008
 4.750E+013  8.041E-012  8.466E+008 -2.272E+008
 4.770E+013  8.183E-012  8.467E+008 -2.282E+008
 4.790E+013  8.328E-012  8.468E+008 -2.291E+008
 4.810E+013  8.475E-012  8.469E+008 -2.301E+008
 4.830E+013  8.625E-012  8.470E+008 -2.310E+008
 4.850E+013  8.778E-012  8.470E+008 -2.320E+008
 4.870E+013  8.934E-012  8.471E+008 -2.329E+008
 4.890E+013  9.092E-012  8.472E+008 -2.338E+008
 4.910E+013  9.254E-012  8.473E+008 -2.347E+008
 4.930E+013  9.418E-012  8.474E+008 -2.356E+008
 4.950E+013  9.585E-012  8.475E+008 -2.365E+008
 4.970E+013  9.756E-012  8.476E+008 -2.373E+008
 4.990E+013  9.930E-012  8.477E+008 -2.381E+008
 5.010E+013  1.011E-011  8.477E+008 -2.389E+008
 5.030E+013  1.029E-011  8.478E+008 -2.396E+008
 5.050E+013  1.047E-011  8.479E+008 -2.403E+008
 5.070E+013  1.066E-011  8.479E+008 -2.409E+008
 5.090E+013  1.085E-011  8.480E+008 -2.414E+008
 5.110E+013  1.104E-011  8.480E+008 -2.419E+008
 5.130E+013  1.124E-011  8.480E+008 -2.423E+008
 5.150E+013  1.144E-011  8.481E+008 -2.426E+008
 5.170E+013  1.164E-011  8.480E+008 -2.428E+008
 5.190E+013  1.185E-011  8.480E+008 -2.429E+008
 5.210E+013  1.206E-011  8.480E+008 -2.428E+008
 5.230E+013  1.228E-011  8.479E+008 -2.427E+008
 5.250E+013  1.249E-011  8.478E+008 -2.424E+008
 5.270E+013  1.272E-011  8.477E+008 -2.419E+008
 5.290E+013  1.294E-011  8.476E+008 -2.413E+008
 5.310E+013  1.317E-011  8.474E+008 -2.405E+008
 5.330E+013  1.340E-011  8.472E+008 -2.396E+008
 5.350E+013  1.364E-011  8.469E+008 -2.385E+008
 5.370E+013  1.387E-011  8.467E+008 -2.372E+008
 5.390E+013  1.412E-011  8.464E+008 -2.357E+008
 5.410E+013  1.436E-011  8.460E+008 -2.341E+008
 5.430E+013  1.461E-011  8.457E+008 -2.323E+008
 5.450E+013  1.486E-011  8.453E+008 -2.304E+008
 5.470E+013  1.511E-011  8.449E+008 -2.283E+008
 5.490E+013  1.537E-011  8.444E+008 -2.262E+008
 5.510E+013  1.563E-011  8.439E+008 -2.239E+008
 5.530E+013  1.590E-011  8.435E+008 -2.215E+008
 5.550E+013  1.616E-011  8.429E+008 -2.191E+008
 5.570E+013  1.643E-011  8.424E+008 -2.166E+008
 5.590E+013  1.671E-011  8.419E+008 -2.141E+008
 5.610E+013  1.698E-011  8.413E+008 -2.116E+008
 5.630E+013  1.726E-011  8.408E+008 -2.091E+008
 5.650E+013  1.755E-011  8.403E+008 -2.066E+008
 5.670E+013  1.783E-011  8.397E+008 -2.042E+008
 5.690E+013  1.812E-011  8.392E+008 -2.018E+008
 5.710E+013  1.841E-011  8.387E+008 -1.995E+008
 5.730E+013  1.871E-011  8.382E+008 -1.973E+008
 5.750E+013  1.901E-011  8.377E+008 -1.952E+008
 5.770E+013  1.931E-011  8.372E+008 -1.932E+008
 5.790E+013  1.961E-011  8.367E+008 -1.913E+008
 5.810E+013  1.992E-011  8.363E+008 -1.896E+008
 5.830E+013  2.023E-011  8.358E+008 -1.879E+008
 5.850E+013  2.055E-011  8.354E+008 -1.863E+008
 5.870E+013  2.086E-011  8.350E+008 -1.847E+008
 5.890E+013  2.118E-011  8.346E+008 -1.832E+008
 5.910E+013  2.151E-011  8.342E+008 -1.817E+008
 5.930E+013  2.183E-011  8.337E+008 -1.802E+008
 5.950E+013  2.216E-011  8.333E+008 -1.787E+008
 5.970E+013  2.250E-011  8.329E+008 -1.771E+008
 5.990E+013  2.283E-011  8.324E+008 -1.754E+008
 6.010E+013  2.317E-011  8.319E+008 -1.738E+008
 6.030E+013  2.351E-011  8.314E+008 -1.720E+008
 6.050E+013  2.385E-011  8.309E+008 -1.702E+008
 6.070E+013  2.420E-011  8.303E+008 -1.683E+008
 6.090E+013  2.455E-011  8.298E+008 -1.664E+008
 6.110E+013  2.490E-011  8.292E+008 -1.644E+008
 6.130E+013  2.526E-011  8.287E+008 -1.625E+008
 6.150E+013  2.562E-011  8.281E+008 -1.606E+008
 6.170E+013  2.598E-011  8.275E+008 -1.587E+008
 6.190E+013  2.635E-011  8.270E+008 -1.569E+008
 6.210E+013  2.672E-011  8.265E+008 -1.551E+008
 6.230E+013  2.710E-011  8.259E+008 -1.534E+008
 6.250E+013  2.748E-011  8.254E+008 -1.518E+008
 6.270E+013  2.786E-011  8.249E+008 -1.502E+008
 6.290E+013  2.825E-011  8.244E+008 -1.486E+008
 6.310E+013  2.864E-011  8.239E+008 -1.470E+008
 6.330E+013  2.904E-011  8.234E+008 -1.454E+008
 6.350E+013  2.944E-011  8.228E+008 -1.438E+008
 6.370E+013  2.984E-011  8.223E+008 -1.422E+008
 6.390E+013  3.025E-011  8.217E+008 -1.405E+008
 6.410E+013  3.066E-011  8.211E+008 -1.387E+008
 6.430E+013  3.108E-011  8.205E+008 -1.370E+008
 6.450E+013  3.150E-011  8.199E+008 -1.352E+008
 6.470E+013  3.193E-011  8.194E+008 -1.334E+008
 6.490E+013  3.236E-011  8.188E+008 -1.317E+008
 6.510E+013  3.280E-011  8.182E+008 -1.300E+008
 6.530E+013  3.325E-011  8.176E+008 -1.283E+008
 6.550E+013  3.369E-011  8.170E+008 -1.267E+008
 6.570E+013  3.415E-011  8.164E+008 -1.251E+008
 6.590E+013  3.461E-011  8.159E+008 -1.235E+008
 6.610E+013  3.507E-011  8.153E+008 -1.219E+008
 6.630E+013  3.554E-011  8.147E+008 -1.202E+008
 6.650E+013  3.602E-011  8.141E+008 -1.186E+008
 6.670E+013  3.650E-011  8.135E+008 -1.169E+008
 6.690E+013  3.699E-011  8.129E+008 -1.153E+008
 6.710E+013  3.748E-011  8.122E+008 -1.136E+008
 6.730E+013  3.798E-011  8.116E+008 -1.119E+008
 6.750E+013  3.849E-011  8.110E+008 -1.102E+008
 6.770E+013  3.900E-011  8.104E+008 -1.085E+008
 6.790E+013  3.951E-011  8.097E+008 -1.069E+008
 6.810E+013  4.004E-011  8.091E+008 -1.053E+008
 6.830E+013  4.057E-011  8.085E+008 -1.037E+008
 6.850E+013  4.110E-011  8.079E+008 -1.020E+008
 6.870E+013  4.165E-011  8.072E+008 -1.004E+008
 6.890E+013  4.219E-011  8.066E+008 -9.880E+007
 6.910E+013  4.275E-011  8.059E+008 -9.716E+007
 6.930E+013  4.331E-011  8.053E+008 -9.550E+007
 6.950E+013  4.387E-011  8.046E+008 -9.384E+007
 6.970E+013  4.445E-011  8.039E+008 -9.218E+007
 6.990E+013  4.503E-011  8.033E+008 -9.053E+007
 7.010E+013  4.561E-011  8.026E+008 -8.890E+007
 7.030E+013  4.620E-011  8.019E+008 -8.728E+007
 7.050E+013  4.680E-011  8.012E+008 -8.567E+007
 7.070E+013  4.741E-011  8.006E+008 -8.405E+007
 7.090E+013  4.802E-011  7.999E+008 -8.243E+007
 7.110E+013  4.863E-011  7.992E+008 -8.079E+007
 7.130E+013  4.926E-011  7.985E+008 -7.915E+007
 7.150E+013  4.988E-011  7.978E+008 -7.750E+007
 7.170E+013  5.052E-011  7.971E+008 -7.586E+007
 7.190E+013  5.116E-011  7.964E+008 -7.422E+007
 7.210E+013  5.181E-011  7.957E+008 -7.259E+007
 7.230E+013  5.246E-011  7.950E+008 -7.097E+007
 7.250E+013  5.312E-011  7.942E+008 -6.935E+007
 7.270E+013  5.379E-011  7.935E+008 -6.772E+007
 7.290E+013  5.446E-011  7.928E+008 -6.609E+007
 7.310E+013  5.514E-011  7.920E+008 -6.445E+007
 7.330E+013  5.582E-011  7.913E+008 -6.281E+007
 7.350E+013  5.651E-011  7.906E+008 -6.118E+007
 7.370E+013  5.721E-011  7.898E+008 -5.955E+007
 7.390E+013  5.791E-011  7.891E+008 -5.792E+007
 7.410E+013  5.862E-011  7.883E+008 -5.630E+007
 7.430E+013  5.934E-011  7.875E+008 -5.468E+007
 7.450E+013  6.006E-011  7.868E+008 -5.305E+007
 7.470E+013  6.078E-011  7.860E+008 -5.142E+007
 7.490E+013  6.152E-011  7.852E+008 -4.978E+007
 7.510E+013  6.226E-011  7.845E+008 -4.814E+007
 7.530E+013  6.300E-011  7.837E+008 -4.651E+007
 7.550E+013  6.375E-011  7.829E+008 -4.488E+007
 7.570E+013  6.451E-011  7.821E+008 -4.324E+007
 7.590E+013  6.527E-011  7.813E+008 -4.161E+007
 7.610E+013  6.604E-011  7.805E+008 -3.997E+007
 7.630E+013  6.682E-011  7.797E+008 -3.832E+007
 7.650E+013  6.760E-011  7.789E+008 -3.668E+007
 7.670E+013  6.839E-011  7.780E+008 -3.504E+007
 7.690E+013  6.918E-011  7.772E+008 -3.341E+007
 7.710E+013  6.998E-011  7.764E+008 -3.178E+007
 7.730E+013  7.079E-011  7.756E+008 -3.014E+007
 7.750E+013  7.160E-011  7.747E+008 -2.851E+007
 7.770E+013  7.242E-011  7.739E+008 -2.688E+007
 7.790E+013  7.325E-011  7.730E+008 -2.525E+007
 7.810E+013  7.408E-011  7.721E+008 -2.363E+007
 7.830E+013  7.492E-011  7.713E+008 -2.201E+007
 7.850E+013  7.576E-011  7.704E+008 -2.039E+007
 7.870E+013  7.661E-011  7.695E+008 -1.877E+007
 7.890E+013  7.747E-011  7.686E+008 -1.714E+007
 7.910E+013  7.833E-011  7.677E+008 -1.550E+007
 7.930E+013  7.920E-011  7.668E+008 -1.387E+007
 7.950E+013  8.008E-011  7.659E+008 -1.224E+007
 7.970E+013  8.096E-011  7.650E+008 -1.061E+007
 7.990E+013  8.185E-011  7.641E+008 -8.993E+006
 8.010E+013  8.274E-011  7.632E+008 -7.371E+006
 8.030E+013  8.364E-011  7.622E+008 -5.749E+006
 8.050E+013  8.455E-011  7.613E+008 -4.124E+006
 8.070E+013  8.546E-011  7.604E+008 -2.498E+006
 8.090E+013  8.638E-011  7.594E+008 -8.668E+005
 8.110E+013  8.731E-011  7.585E+008  7.747E+005
 8.130E+013  8.824E-011  7.575E+008  2.431E+006
 8.150E+013  8.918E-011  7.566E+008  4.104E+006
 8.170E+013  9.013E-011  7.556E+008  5.792E+006
 8.190E+013  9.108E-011  7.546E+008  7.491E+006
 8.210E+013  9.204E-011  7.537E+008  9.191E+006
 8.230E+013  9.301E-011  7.527E+008  1.088E+007
 8.250E+013  9.398E-011  7.517E+008  1.255E+007
 8.270E+013  9.495E-011  7.507E+008  1.419E+007
 8.290E+013  9.593E-011  7.496E+008  1.578E+007
 8.310E+013  9.692E-011  7.485E+008  1.732E+007
 8.330E+013  9.790E-011  7.474E+008  1.880E+007
 8.350E+013  9.889E-011  7.463E+008  2.024E+007
 8.370E+013  9.989E-011  7.451E+008  2.165E+007
 8.390E+013  1.009E-010  7.439E+008  2.303E+007
 8.410E+013  1.019E-010  7.427E+008  2.440E+007
 8.430E+013  1.029E-010  7.416E+008  2.579E+007
 8.450E+013  1.039E-010  7.404E+008  2.722E+007
 8.470E+013  1.050E-010  7.392E+008  2.869E+007
 8.490E+013  1.060E-010  7.381E+008  3.024E+007
 8.510E+013  1.070E-010  7.370E+008  3.185E+007
 8.530E+013  1.081E-010  7.359E+008  3.354E+007
 8.550E+013  1.092E-010  7.348E+008  3.530E+007
 8.570E+013  1.102E-010  7.337E+008  3.711E+007
 8.590E+013  1.113E-010  7.327E+008  3.897E+007
 8.610E+013  1.124E-010  7.316E+008  4.085E+007
 8.630E+013  1.135E-010  7.305E+008  4.272E+007
 8.650E+013  1.146E-010  7.294E+008  4.455E+007
 8.670E+013  1.156E-010  7.283E+008  4.632E+007
 8.690E+013  1.167E-010  7.270E+008  4.798E+007
 8.710E+013  1.178E-010  7.257E+008  4.950E+007
 8.730E+013  1.189E-010  7.243E+008  5.086E+007
 8.750E+013  1.200E-010  7.228E+008  5.202E+007
 8.770E+013  1.211E-010  7.212E+008  5.296E+007
 8.790E+013  1.221E-010  7.194E+008  5.364E+007
 8.810E+013  1.232E-010  7.176E+008  5.407E+007
 8.830E+013  1.242E-010  7.155E+008  5.423E+007
 8.850E+013  1.253E-010  7.134E+008  5.415E+007
 8.870E+013  1.263E-010  7.111E+008  5.382E+007
 8.890E+013  1.273E-010  7.087E+008  5.327E+007
 8.910E+013  1.283E-010  7.062E+008  5.253E+007
 8.930E+013  1.293E-010  7.036E+008  5.163E+007
 8.950E+013  1.303E-010  7.010E+008  5.060E+007
 8.970E+013  1.313E-010  6.983E+008  4.949E+007
 8.990E+013  1.323E-010  6.955E+008  4.831E+007
 9.010E+013  1.333E-010  6.928E+008  4.707E+007
 9.030E+013  1.342E-010  6.899E+008  4.579E+007
 9.050E+013  1.352E-010  6.871E+008  4.448E+007
 9.070E+013  1.362E-010  6.843E+008  4.318E+007
 9.090E+013  1.372E-010  6.815E+008  4.191E+007
 9.110E+013  1.382E-010  6.787E+008  4.071E+007
 9.130E+013  1.391E-010  6.759E+008  3.958E+007
 9.150E+013  1.401E-010  6.731E+008  3.850E+007
 9.170E+013  1.411E-010  6.703E+008  3.745E+007
 9.190E+013  1.421E-010  6.676E+008  3.639E+007
 9.210E+013  1.431E-010  6.647E+008  3.533E+007
 9.230E+013  1.441E-010  6.619E+008  3.425E+007
 9.250E+013  1.450E-010  6.591E+008  3.321E+007
 9.270E+013  1.460E-010  6.563E+008  3.225E+007
 9.290E+013  1.470E-010  6.536E+008  3.143E+007
 9.310E+013  1.480E-010  6.510E+008  3.084E+007
 9.330E+013  1.491E-010  6.486E+008  3.049E+007
 9.350E+013  1.501E-010  6.463E+008  3.045E+007
 9.370E+013  1.512E-010  6.441E+008  3.075E+007
 9.390E+013  1.523E-010  6.420E+008  3.133E+007
 9.410E+013  1.534E-010  6.400E+008  3.210E+007
 9.430E+013  1.545E-010  6.381E+008  3.307E+007
 9.450E+013  1.556E-010  6.362E+008  3.425E+007
 9.470E+013  1.568E-010  6.343E+008  3.545E+007
 9.490E+013  1.579E-010  6.323E+008  3.651E+007
 9.510E+013  1.590E-010  6.303E+008  3.748E+007
 9.530E+013  1.601E-010  6.281E+008  3.834E+007
 9.550E+013  1.611E-010  6.256E+008  3.881E+007
 9.570E+013  1.622E-010  6.229E+008  3.870E+007
 9.590E+013  1.631E-010  6.200E+008  3.820E+007
 9.610E+013  1.641E-010  6.170E+008  3.761E+007
 9.630E+013  1.651E-010  6.138E+008  3.681E+007
 9.650E+013  1.659E-010  6.099E+008  3.511E+007
 9.670E+013  1.666E-010  6.054E+008  3.197E+007
 9.690E+013  1.672E-010  6.005E+008  2.773E+007
 9.710E+013  1.679E-010  5.958E+008  2.344E+007
 9.730E+013  1.686E-010  5.915E+008  1.997E+007
 9.750E+013  1.693E-010  5.875E+008  1.720E+007
 9.770E+013  1.700E-010  5.831E+008  1.431E+007
 9.790E+013  1.706E-010  5.784E+008  1.063E+007
 9.810E+013  1.711E-010  5.733E+008  6.115E+006
 9.830E+013  1.717E-010  5.684E+008  1.312E+006
 9.850E+013  1.723E-010  5.638E+008 -3.039E+006
 9.870E+013  1.730E-010  5.599E+008 -6.385E+006
 9.890E+013  1.738E-010  5.567E+008 -8.430E+006
 9.910E+013  1.748E-010  5.543E+008 -9.113E+006
 9.930E+013  1.758E-010  5.525E+008 -8.595E+006
 9.950E+013  1.771E-010  5.513E+008 -7.166E+006
 9.970E+013  1.788E-010  5.505E+008 -5.103E+006
 9.990E+013  1.805E-010  5.501E+008 -2.645E+006
 1.001E+014  1.000E-099  1.000E-099 -0.000E+000
 1.003E+014  1.000E-099  1.000E-099 -0.000E+000
 5.518E-003
