 9.600E+004
     x1b        dens       energ       v1
 1.000E+011  6.486E-013  4.819E+009  0.000E+000
 3.000E+011  6.655E-013  4.819E+009  8.923E+004
 5.000E+011  6.968E-013  4.819E+009  1.905E+006
 7.000E+011  7.254E-013  4.819E+009  2.408E+006
 9.000E+011  7.413E-013  4.819E+009  3.350E+006
 1.100E+012  7.485E-013  4.819E+009  4.146E+006
 1.300E+012  7.533E-013  4.819E+009  4.982E+006
 1.500E+012  7.589E-013  4.819E+009  5.817E+006
 1.700E+012  7.663E-013  4.819E+009  6.643E+006
 1.900E+012  7.748E-013  4.819E+009  7.478E+006
 2.100E+012  7.835E-013  4.819E+009  8.304E+006
 2.300E+012  7.918E-013  4.819E+009  9.137E+006
 2.500E+012  8.002E-013  4.819E+009  9.966E+006
 2.700E+012  8.087E-013  4.819E+009  1.080E+007
 2.900E+012  8.178E-013  4.819E+009  1.163E+007
 3.100E+012  8.271E-013  4.819E+009  1.246E+007
 3.300E+012  8.366E-013  4.819E+009  1.329E+007
 3.500E+012  8.462E-013  4.819E+009  1.412E+007
 3.700E+012  8.557E-013  4.819E+009  1.495E+007
 3.900E+012  8.652E-013  4.819E+009  1.578E+007
 4.100E+012  8.746E-013  4.819E+009  1.661E+007
 4.300E+012  8.839E-013  4.819E+009  1.744E+007
 4.500E+012  8.930E-013  4.819E+009  1.827E+007
 4.700E+012  9.017E-013  4.819E+009  1.910E+007
 4.900E+012  9.099E-013  4.819E+009  1.993E+007
 5.100E+012  9.174E-013  4.819E+009  2.077E+007
 5.300E+012  9.237E-013  4.819E+009  2.160E+007
 5.500E+012  9.286E-013  4.819E+009  2.243E+007
 5.700E+012  9.320E-013  4.819E+009  2.326E+007
 5.900E+012  9.340E-013  4.819E+009  2.409E+007
 6.100E+012  9.350E-013  4.819E+009  2.492E+007
 6.300E+012  9.354E-013  4.819E+009  2.575E+007
 6.500E+012  9.354E-013  4.819E+009  2.658E+007
 6.700E+012  9.354E-013  4.819E+009  2.741E+007
 6.900E+012  9.353E-013  4.819E+009  2.824E+007
 7.100E+012  9.352E-013  4.819E+009  2.907E+007
 7.300E+012  9.351E-013  4.819E+009  2.990E+007
 7.500E+012  9.349E-013  4.819E+009  3.073E+007
 7.700E+012  9.347E-013  4.819E+009  3.156E+007
 7.900E+012  9.345E-013  4.819E+009  3.239E+007
 8.100E+012  9.342E-013  4.819E+009  3.322E+007
 8.300E+012  9.338E-013  4.819E+009  3.405E+007
 8.500E+012  9.333E-013  4.819E+009  3.488E+007
 8.700E+012  9.327E-013  4.819E+009  3.572E+007
 8.900E+012  9.321E-013  4.819E+009  3.655E+007
 9.100E+012  9.315E-013  4.819E+009  3.738E+007
 9.300E+012  9.311E-013  4.819E+009  3.821E+007
 9.500E+012  9.307E-013  4.819E+009  3.904E+007
 9.700E+012  9.305E-013  4.819E+009  3.987E+007
 9.900E+012  9.304E-013  4.819E+009  4.070E+007
 1.010E+013  9.304E-013  4.819E+009  4.153E+007
 1.030E+013  9.304E-013  4.819E+009  4.236E+007
 1.050E+013  9.304E-013  4.819E+009  4.319E+007
 1.070E+013  9.305E-013  4.819E+009  4.402E+007
 1.090E+013  9.306E-013  4.819E+009  4.485E+007
 1.110E+013  9.308E-013  4.819E+009  4.568E+007
 1.130E+013  9.311E-013  4.819E+009  4.651E+007
 1.150E+013  9.314E-013  4.819E+009  4.734E+007
 1.170E+013  9.320E-013  4.819E+009  4.817E+007
 1.190E+013  9.326E-013  4.819E+009  4.900E+007
 1.210E+013  9.335E-013  4.819E+009  4.984E+007
 1.230E+013  9.346E-013  4.819E+009  5.067E+007
 1.250E+013  9.359E-013  4.819E+009  5.150E+007
 1.270E+013  9.375E-013  4.819E+009  5.233E+007
 1.290E+013  9.395E-013  4.819E+009  5.316E+007
 1.310E+013  9.417E-013  4.819E+009  5.399E+007
 1.330E+013  9.444E-013  4.819E+009  5.482E+007
 1.350E+013  9.474E-013  4.819E+009  5.565E+007
 1.370E+013  9.510E-013  4.819E+009  5.648E+007
 1.390E+013  9.550E-013  4.819E+009  5.731E+007
 1.410E+013  9.595E-013  4.819E+009  5.814E+007
 1.430E+013  9.647E-013  4.819E+009  5.897E+007
 1.450E+013  9.704E-013  4.819E+009  5.980E+007
 1.470E+013  9.769E-013  4.819E+009  6.063E+007
 1.490E+013  9.840E-013  4.819E+009  6.146E+007
 1.510E+013  9.920E-013  4.819E+009  6.229E+007
 1.530E+013  1.001E-012  4.819E+009  6.313E+007
 1.550E+013  1.010E-012  4.819E+009  6.396E+007
 1.570E+013  1.021E-012  4.819E+009  6.479E+007
 1.590E+013  1.033E-012  4.819E+009  6.562E+007
 1.610E+013  1.046E-012  4.819E+009  6.645E+007
 1.630E+013  1.060E-012  4.819E+009  6.728E+007
 1.650E+013  1.075E-012  4.819E+009  6.811E+007
 1.670E+013  1.091E-012  4.819E+009  6.894E+007
 1.690E+013  1.109E-012  4.819E+009  6.977E+007
 1.710E+013  1.129E-012  4.819E+009  7.060E+007
 1.730E+013  1.150E-012  4.819E+009  7.143E+007
 1.750E+013  1.173E-012  4.819E+009  7.227E+007
 1.770E+013  1.197E-012  4.819E+009  7.310E+007
 1.790E+013  1.224E-012  4.819E+009  7.393E+007
 1.810E+013  1.253E-012  4.819E+009  7.476E+007
 1.830E+013  1.284E-012  4.819E+009  7.559E+007
 1.850E+013  1.318E-012  4.819E+009  7.642E+007
 1.870E+013  1.354E-012  4.819E+009  7.725E+007
 1.890E+013  1.393E-012  4.819E+009  7.808E+007
 1.910E+013  1.436E-012  4.819E+009  7.892E+007
 1.930E+013  1.481E-012  4.819E+009  7.975E+007
 1.950E+013  1.530E-012  4.819E+009  8.058E+007
 1.970E+013  1.582E-012  4.819E+009  8.141E+007
 1.990E+013  1.639E-012  4.819E+009  8.224E+007
 2.010E+013  1.700E-012  4.819E+009  8.307E+007
 2.030E+013  1.765E-012  4.819E+009  8.391E+007
 2.050E+013  1.835E-012  4.819E+009  8.474E+007
 2.070E+013  1.910E-012  4.819E+009  8.557E+007
 2.090E+013  1.991E-012  4.819E+009  8.640E+007
 2.110E+013  2.078E-012  4.819E+009  8.723E+007
 2.130E+013  2.170E-012  4.819E+009  8.807E+007
 2.150E+013  2.270E-012  4.819E+009  8.890E+007
 2.170E+013  2.376E-012  4.819E+009  8.973E+007
 2.190E+013  2.490E-012  4.819E+009  9.056E+007
 2.210E+013  2.611E-012  4.819E+009  9.139E+007
 2.230E+013  2.741E-012  4.819E+009  9.223E+007
 2.250E+013  2.879E-012  4.819E+009  9.306E+007
 2.270E+013  3.026E-012  4.819E+009  9.389E+007
 2.290E+013  3.182E-012  4.819E+009  9.472E+007
 2.310E+013  3.348E-012  4.819E+009  9.555E+007
 2.330E+013  3.524E-012  4.819E+009  9.638E+007
 2.350E+013  3.711E-012  4.819E+009  9.722E+007
 2.370E+013  3.907E-012  4.819E+009  9.805E+007
 2.390E+013  4.115E-012  4.819E+009  9.888E+007
 2.410E+013  4.333E-012  4.819E+009  9.971E+007
 2.430E+013  4.562E-012  4.819E+009  1.005E+008
 2.450E+013  4.802E-012  4.819E+009  1.014E+008
 2.470E+013  5.053E-012  4.819E+009  1.022E+008
 2.490E+013  5.314E-012  4.819E+009  1.030E+008
 2.510E+013  5.587E-012  4.819E+009  1.039E+008
 2.530E+013  5.869E-012  4.819E+009  1.047E+008
 2.550E+013  6.162E-012  4.819E+009  1.055E+008
 2.570E+013  6.464E-012  4.819E+009  1.064E+008
 2.590E+013  6.775E-012  4.819E+009  1.072E+008
 2.610E+013  7.095E-012  4.819E+009  1.080E+008
 2.630E+013  7.423E-012  4.819E+009  1.088E+008
 2.650E+013  7.758E-012  4.819E+009  1.097E+008
 2.670E+013  8.101E-012  4.819E+009  1.105E+008
 2.690E+013  8.450E-012  4.819E+009  1.113E+008
 2.710E+013  8.806E-012  4.819E+009  1.122E+008
 2.730E+013  9.167E-012  4.819E+009  1.130E+008
 2.750E+013  9.532E-012  4.819E+009  1.138E+008
 2.770E+013  9.903E-012  4.819E+009  1.146E+008
 2.790E+013  1.028E-011  4.819E+009  1.155E+008
 2.810E+013  1.066E-011  4.819E+009  1.163E+008
 2.830E+013  1.104E-011  4.819E+009  1.171E+008
 2.850E+013  1.142E-011  4.819E+009  1.180E+008
 2.870E+013  1.181E-011  4.819E+009  1.188E+008
 2.890E+013  1.221E-011  4.819E+009  1.196E+008
 2.910E+013  1.260E-011  4.819E+009  1.205E+008
 2.930E+013  1.300E-011  4.819E+009  1.213E+008
 2.950E+013  1.341E-011  4.819E+009  1.221E+008
 2.970E+013  1.381E-011  4.819E+009  1.229E+008
 2.990E+013  1.422E-011  4.819E+009  1.238E+008
 3.010E+013  1.464E-011  4.819E+009  1.246E+008
 3.030E+013  1.506E-011  4.819E+009  1.254E+008
 3.050E+013  1.548E-011  4.819E+009  1.263E+008
 3.070E+013  1.591E-011  4.819E+009  1.271E+008
 3.090E+013  1.635E-011  4.819E+009  1.279E+008
 3.110E+013  1.679E-011  4.819E+009  1.287E+008
 3.130E+013  1.723E-011  4.819E+009  1.296E+008
 3.150E+013  1.769E-011  4.819E+009  1.304E+008
 3.170E+013  1.815E-011  4.819E+009  1.312E+008
 3.190E+013  1.862E-011  4.819E+009  1.321E+008
 3.210E+013  1.910E-011  4.819E+009  1.329E+008
 3.230E+013  1.959E-011  4.819E+009  1.337E+008
 3.250E+013  2.009E-011  4.819E+009  1.346E+008
 3.270E+013  2.060E-011  4.819E+009  1.354E+008
 3.290E+013  2.112E-011  4.819E+009  1.362E+008
 3.310E+013  2.165E-011  4.819E+009  1.370E+008
 3.330E+013  2.219E-011  4.819E+009  1.379E+008
 3.350E+013  2.275E-011  4.819E+009  1.387E+008
 3.370E+013  2.332E-011  4.819E+009  1.395E+008
 3.390E+013  2.390E-011  4.819E+009  1.404E+008
 3.410E+013  2.450E-011  4.819E+009  1.412E+008
 3.430E+013  2.512E-011  4.819E+009  1.420E+008
 3.450E+013  2.575E-011  4.819E+009  1.429E+008
 3.470E+013  2.639E-011  4.819E+009  1.437E+008
 3.490E+013  2.706E-011  4.819E+009  1.445E+008
 3.510E+013  2.774E-011  4.819E+009  1.454E+008
 3.530E+013  2.844E-011  4.819E+009  1.462E+008
 3.550E+013  2.915E-011  4.819E+009  1.470E+008
 3.570E+013  2.989E-011  4.819E+009  1.478E+008
 3.590E+013  3.064E-011  4.819E+009  1.487E+008
 3.610E+013  3.142E-011  4.819E+009  1.495E+008
 3.630E+013  3.222E-011  4.819E+009  1.503E+008
 3.650E+013  3.303E-011  4.819E+009  1.512E+008
 3.670E+013  3.387E-011  4.819E+009  1.520E+008
 3.690E+013  3.472E-011  4.819E+009  1.528E+008
 3.710E+013  3.560E-011  4.819E+009  1.537E+008
 3.730E+013  3.650E-011  4.819E+009  1.545E+008
 3.750E+013  3.742E-011  4.819E+009  1.553E+008
 3.770E+013  3.837E-011  4.819E+009  1.561E+008
 3.790E+013  3.933E-011  4.819E+009  1.570E+008
 3.810E+013  4.031E-011  4.819E+009  1.578E+008
 3.830E+013  4.132E-011  4.819E+009  1.586E+008
 3.850E+013  4.235E-011  4.819E+009  1.595E+008
 3.870E+013  4.340E-011  4.819E+009  1.603E+008
 3.890E+013  4.447E-011  4.819E+009  1.611E+008
 3.910E+013  4.556E-011  4.819E+009  1.619E+008
 3.930E+013  4.667E-011  4.819E+009  1.628E+008
 3.950E+013  4.780E-011  4.819E+009  1.636E+008
 3.970E+013  4.895E-011  4.819E+009  1.644E+008
 3.990E+013  5.012E-011  4.819E+009  1.653E+008
 4.010E+013  5.131E-011  4.819E+009  1.661E+008
 4.030E+013  5.252E-011  4.819E+009  1.669E+008
 4.050E+013  5.375E-011  4.819E+009  1.678E+008
 4.070E+013  5.500E-011  4.819E+009  1.686E+008
 4.090E+013  5.626E-011  4.819E+009  1.694E+008
 4.110E+013  5.755E-011  4.819E+009  1.702E+008
 4.130E+013  5.885E-011  4.819E+009  1.711E+008
 4.150E+013  6.018E-011  4.819E+009  1.719E+008
 4.170E+013  6.152E-011  4.819E+009  1.727E+008
 4.190E+013  6.289E-011  4.819E+009  1.736E+008
 4.210E+013  6.427E-011  4.819E+009  1.744E+008
 4.230E+013  6.567E-011  4.819E+009  1.752E+008
 4.250E+013  6.710E-011  4.819E+009  1.760E+008
 4.270E+013  6.854E-011  4.819E+009  1.769E+008
 4.290E+013  7.001E-011  4.819E+009  1.777E+008
 4.310E+013  7.150E-011  4.819E+009  1.785E+008
 4.330E+013  7.301E-011  4.819E+009  1.794E+008
 4.350E+013  7.454E-011  4.819E+009  1.802E+008
 4.370E+013  7.610E-011  4.819E+009  1.810E+008
 4.390E+013  7.769E-011  4.819E+009  1.818E+008
 4.410E+013  7.929E-011  4.819E+009  1.827E+008
 4.430E+013  8.093E-011  4.819E+009  1.835E+008
 4.450E+013  8.259E-011  4.819E+009  1.843E+008
 4.470E+013  8.428E-011  4.819E+009  1.851E+008
 4.490E+013  8.601E-011  4.819E+009  1.860E+008
 4.510E+013  8.776E-011  4.819E+009  1.868E+008
 4.530E+013  8.954E-011  4.819E+009  1.876E+008
 4.550E+013  9.135E-011  4.819E+009  1.885E+008
 4.570E+013  9.320E-011  4.819E+009  1.893E+008
 4.590E+013  9.508E-011  4.819E+009  1.901E+008
 4.610E+013  9.700E-011  4.819E+009  1.909E+008
 4.630E+013  9.895E-011  4.819E+009  1.918E+008
 4.650E+013  1.009E-010  4.819E+009  1.926E+008
 4.670E+013  1.030E-010  4.820E+009  1.934E+008
 4.690E+013  1.050E-010  4.820E+009  1.942E+008
 4.710E+013  1.071E-010  4.820E+009  1.951E+008
 4.730E+013  1.093E-010  4.820E+009  1.959E+008
 4.750E+013  1.115E-010  4.820E+009  1.967E+008
 4.770E+013  1.137E-010  4.820E+009  1.976E+008
 4.790E+013  1.159E-010  4.820E+009  1.984E+008
 4.810E+013  1.183E-010  4.820E+009  1.992E+008
 4.830E+013  1.206E-010  4.820E+009  2.000E+008
 4.850E+013  1.230E-010  4.820E+009  2.009E+008
 4.870E+013  1.254E-010  4.820E+009  2.017E+008
 4.890E+013  1.279E-010  4.820E+009  2.025E+008
 4.910E+013  1.304E-010  4.820E+009  2.033E+008
 4.930E+013  1.330E-010  4.820E+009  2.042E+008
 4.950E+013  1.356E-010  4.820E+009  2.050E+008
 4.970E+013  1.383E-010  4.820E+009  2.058E+008
 4.990E+013  1.410E-010  4.820E+009  2.066E+008
 5.010E+013  1.438E-010  4.820E+009  2.074E+008
 5.030E+013  1.466E-010  4.820E+009  2.083E+008
 5.050E+013  1.494E-010  4.820E+009  2.091E+008
 5.070E+013  1.523E-010  4.820E+009  2.099E+008
 5.090E+013  1.552E-010  4.820E+009  2.107E+008
 5.110E+013  1.582E-010  4.820E+009  2.116E+008
 5.130E+013  1.612E-010  4.820E+009  2.124E+008
 5.150E+013  1.643E-010  4.820E+009  2.132E+008
 5.170E+013  1.674E-010  4.820E+009  2.140E+008
 5.190E+013  1.706E-010  4.820E+009  2.149E+008
 5.210E+013  1.738E-010  4.820E+009  2.157E+008
 5.230E+013  1.771E-010  4.820E+009  2.165E+008
 5.250E+013  1.804E-010  4.820E+009  2.173E+008
 5.270E+013  1.837E-010  4.820E+009  2.181E+008
 5.290E+013  1.871E-010  4.820E+009  2.190E+008
 5.310E+013  1.906E-010  4.820E+009  2.198E+008
 5.330E+013  1.941E-010  4.820E+009  2.206E+008
 5.350E+013  1.977E-010  4.820E+009  2.214E+008
 5.370E+013  2.013E-010  4.820E+009  2.222E+008
 5.390E+013  2.049E-010  4.820E+009  2.231E+008
 5.410E+013  2.086E-010  4.820E+009  2.239E+008
 5.430E+013  2.124E-010  4.820E+009  2.247E+008
 5.450E+013  2.162E-010  4.820E+009  2.255E+008
 5.470E+013  2.201E-010  4.820E+009  2.263E+008
 5.490E+013  2.240E-010  4.821E+009  2.272E+008
 5.510E+013  2.280E-010  4.821E+009  2.280E+008
 5.530E+013  2.320E-010  4.821E+009  2.288E+008
 5.550E+013  2.361E-010  4.821E+009  2.296E+008
 5.570E+013  2.402E-010  4.821E+009  2.304E+008
 5.590E+013  2.444E-010  4.821E+009  2.312E+008
 5.610E+013  2.487E-010  4.821E+009  2.321E+008
 5.630E+013  2.530E-010  4.821E+009  2.329E+008
 5.650E+013  2.574E-010  4.821E+009  2.337E+008
 5.670E+013  2.618E-010  4.821E+009  2.345E+008
 5.690E+013  2.663E-010  4.821E+009  2.353E+008
 5.710E+013  2.708E-010  4.821E+009  2.361E+008
 5.730E+013  2.754E-010  4.821E+009  2.370E+008
 5.750E+013  2.801E-010  4.821E+009  2.378E+008
 5.770E+013  2.848E-010  4.821E+009  2.386E+008
 5.790E+013  2.896E-010  4.821E+009  2.394E+008
 5.810E+013  2.945E-010  4.821E+009  2.402E+008
 5.830E+013  2.994E-010  4.821E+009  2.410E+008
 5.850E+013  3.044E-010  4.821E+009  2.418E+008
 5.870E+013  3.094E-010  4.821E+009  2.426E+008
 5.890E+013  3.145E-010  4.821E+009  2.435E+008
 5.910E+013  3.197E-010  4.821E+009  2.443E+008
 5.930E+013  3.249E-010  4.822E+009  2.451E+008
 5.950E+013  3.302E-010  4.822E+009  2.459E+008
 5.970E+013  3.356E-010  4.822E+009  2.467E+008
 5.990E+013  3.410E-010  4.822E+009  2.475E+008
 6.010E+013  3.465E-010  4.822E+009  2.483E+008
 6.030E+013  3.521E-010  4.822E+009  2.491E+008
 6.050E+013  3.577E-010  4.822E+009  2.499E+008
 6.070E+013  3.634E-010  4.822E+009  2.507E+008
 6.090E+013  3.692E-010  4.822E+009  2.515E+008
 6.110E+013  3.750E-010  4.822E+009  2.523E+008
 6.130E+013  3.809E-010  4.822E+009  2.531E+008
 6.150E+013  3.869E-010  4.822E+009  2.540E+008
 6.170E+013  3.929E-010  4.822E+009  2.548E+008
 6.190E+013  3.991E-010  4.822E+009  2.556E+008
 6.210E+013  4.052E-010  4.823E+009  2.564E+008
 6.230E+013  4.115E-010  4.823E+009  2.572E+008
 6.250E+013  4.179E-010  4.823E+009  2.580E+008
 6.270E+013  4.243E-010  4.823E+009  2.588E+008
 6.290E+013  4.308E-010  4.823E+009  2.596E+008
 6.310E+013  4.374E-010  4.823E+009  2.604E+008
 6.330E+013  4.440E-010  4.823E+009  2.612E+008
 6.350E+013  4.508E-010  4.823E+009  2.620E+008
 6.370E+013  4.576E-010  4.823E+009  2.628E+008
 6.390E+013  4.645E-010  4.823E+009  2.636E+008
 6.410E+013  4.715E-010  4.823E+009  2.643E+008
 6.430E+013  4.786E-010  4.823E+009  2.651E+008
 6.450E+013  4.858E-010  4.824E+009  2.659E+008
 6.470E+013  4.930E-010  4.824E+009  2.667E+008
 6.490E+013  5.004E-010  4.824E+009  2.675E+008
 6.510E+013  5.078E-010  4.824E+009  2.683E+008
 6.530E+013  5.154E-010  4.824E+009  2.691E+008
 6.550E+013  5.230E-010  4.824E+009  2.699E+008
 6.570E+013  5.308E-010  4.824E+009  2.707E+008
 6.590E+013  5.386E-010  4.824E+009  2.715E+008
 6.610E+013  5.465E-010  4.824E+009  2.723E+008
 6.630E+013  5.545E-010  4.825E+009  2.730E+008
 6.650E+013  5.626E-010  4.825E+009  2.738E+008
 6.670E+013  5.709E-010  4.825E+009  2.746E+008
 6.690E+013  5.792E-010  4.825E+009  2.754E+008
 6.710E+013  5.876E-010  4.825E+009  2.762E+008
 6.730E+013  5.961E-010  4.825E+009  2.770E+008
 6.750E+013  6.047E-010  4.825E+009  2.777E+008
 6.770E+013  6.135E-010  4.825E+009  2.785E+008
 6.790E+013  6.223E-010  4.826E+009  2.793E+008
 6.810E+013  6.313E-010  4.826E+009  2.801E+008
 6.830E+013  6.403E-010  4.826E+009  2.808E+008
 6.850E+013  6.495E-010  4.826E+009  2.816E+008
 6.870E+013  6.588E-010  4.826E+009  2.824E+008
 6.890E+013  6.681E-010  4.826E+009  2.832E+008
 6.910E+013  6.776E-010  4.826E+009  2.839E+008
 6.930E+013  6.872E-010  4.827E+009  2.847E+008
 6.950E+013  6.969E-010  4.827E+009  2.855E+008
 6.970E+013  7.068E-010  4.827E+009  2.862E+008
 6.990E+013  7.167E-010  4.827E+009  2.870E+008
 7.010E+013  7.268E-010  4.827E+009  2.878E+008
 7.030E+013  7.369E-010  4.827E+009  2.885E+008
 7.050E+013  7.472E-010  4.827E+009  2.893E+008
 7.070E+013  7.576E-010  4.828E+009  2.900E+008
 7.090E+013  7.681E-010  4.828E+009  2.908E+008
 7.110E+013  7.787E-010  4.828E+009  2.916E+008
 7.130E+013  7.895E-010  4.828E+009  2.923E+008
 7.150E+013  8.004E-010  4.828E+009  2.931E+008
 7.170E+013  8.114E-010  4.829E+009  2.938E+008
 7.190E+013  8.225E-010  4.829E+009  2.946E+008
 7.210E+013  8.337E-010  4.829E+009  2.953E+008
 7.230E+013  8.450E-010  4.829E+009  2.961E+008
 7.250E+013  8.565E-010  4.829E+009  2.968E+008
 7.270E+013  8.681E-010  4.830E+009  2.975E+008
 7.290E+013  8.798E-010  4.830E+009  2.983E+008
 7.310E+013  8.917E-010  4.830E+009  2.990E+008
 7.330E+013  9.036E-010  4.830E+009  2.998E+008
 7.350E+013  9.157E-010  4.830E+009  3.005E+008
 7.370E+013  9.279E-010  4.831E+009  3.012E+008
 7.390E+013  9.403E-010  4.831E+009  3.019E+008
 7.410E+013  9.528E-010  4.831E+009  3.027E+008
 7.430E+013  9.654E-010  4.831E+009  3.034E+008
 7.450E+013  9.781E-010  4.831E+009  3.041E+008
 7.470E+013  9.910E-010  4.832E+009  3.049E+008
 7.490E+013  1.004E-009  4.832E+009  3.056E+008
 7.510E+013  1.017E-009  4.832E+009  3.063E+008
 7.530E+013  1.030E-009  4.832E+009  3.070E+008
 7.550E+013  1.044E-009  4.833E+009  3.077E+008
 7.570E+013  1.057E-009  4.833E+009  3.084E+008
 7.590E+013  1.071E-009  4.833E+009  3.091E+008
 7.610E+013  1.085E-009  4.833E+009  3.098E+008
 7.630E+013  1.099E-009  4.834E+009  3.105E+008
 7.650E+013  1.113E-009  4.834E+009  3.112E+008
 7.670E+013  1.127E-009  4.834E+009  3.119E+008
 7.690E+013  1.141E-009  4.835E+009  3.126E+008
 7.710E+013  1.156E-009  4.835E+009  3.133E+008
 7.730E+013  1.171E-009  4.835E+009  3.140E+008
 7.750E+013  1.185E-009  4.835E+009  3.147E+008
 7.770E+013  1.200E-009  4.836E+009  3.154E+008
 7.790E+013  1.215E-009  4.836E+009  3.161E+008
 7.810E+013  1.231E-009  4.836E+009  3.168E+008
 7.830E+013  1.246E-009  4.837E+009  3.174E+008
 7.850E+013  1.262E-009  4.837E+009  3.181E+008
 7.870E+013  1.277E-009  4.837E+009  3.188E+008
 7.890E+013  1.293E-009  4.837E+009  3.194E+008
 7.910E+013  1.309E-009  4.838E+009  3.201E+008
 7.930E+013  1.325E-009  4.838E+009  3.208E+008
 7.950E+013  1.342E-009  4.838E+009  3.214E+008
 7.970E+013  1.358E-009  4.839E+009  3.221E+008
 7.990E+013  1.375E-009  4.839E+009  3.227E+008
 8.010E+013  1.392E-009  4.839E+009  3.234E+008
 8.030E+013  1.409E-009  4.840E+009  3.240E+008
 8.050E+013  1.426E-009  4.840E+009  3.247E+008
 8.070E+013  1.443E-009  4.840E+009  3.253E+008
 8.090E+013  1.461E-009  4.841E+009  3.260E+008
 8.110E+013  1.479E-009  4.841E+009  3.266E+008
 8.130E+013  1.496E-009  4.841E+009  3.272E+008
 8.150E+013  1.514E-009  4.842E+009  3.278E+008
 8.170E+013  1.533E-009  4.842E+009  3.285E+008
 8.190E+013  1.551E-009  4.842E+009  3.291E+008
 8.210E+013  1.570E-009  4.843E+009  3.297E+008
 8.230E+013  1.588E-009  4.843E+009  3.303E+008
 8.250E+013  1.607E-009  4.844E+009  3.309E+008
 8.270E+013  1.626E-009  4.844E+009  3.315E+008
 8.290E+013  1.646E-009  4.844E+009  3.321E+008
 8.310E+013  1.665E-009  4.845E+009  3.327E+008
 8.330E+013  1.685E-009  4.845E+009  3.333E+008
 8.350E+013  1.705E-009  4.845E+009  3.339E+008
 8.370E+013  1.725E-009  4.846E+009  3.344E+008
 8.390E+013  1.745E-009  4.846E+009  3.350E+008
 8.410E+013  1.765E-009  4.846E+009  3.356E+008
 8.430E+013  1.786E-009  4.847E+009  3.362E+008
 8.450E+013  1.807E-009  4.847E+009  3.367E+008
 8.470E+013  1.828E-009  4.848E+009  3.373E+008
 8.490E+013  1.849E-009  4.848E+009  3.378E+008
 8.510E+013  1.870E-009  4.848E+009  3.384E+008
 8.530E+013  1.892E-009  4.849E+009  3.389E+008
 8.550E+013  1.914E-009  4.849E+009  3.394E+008
 8.570E+013  1.936E-009  4.849E+009  3.400E+008
 8.590E+013  1.958E-009  4.850E+009  3.405E+008
 8.610E+013  1.980E-009  4.850E+009  3.410E+008
 8.630E+013  2.003E-009  4.850E+009  3.415E+008
 8.650E+013  2.026E-009  4.851E+009  3.420E+008
 8.670E+013  2.049E-009  4.851E+009  3.425E+008
 8.690E+013  2.072E-009  4.851E+009  3.430E+008
 8.710E+013  2.095E-009  4.852E+009  3.435E+008
 8.730E+013  2.119E-009  4.852E+009  3.439E+008
 8.750E+013  2.143E-009  4.852E+009  3.444E+008
 8.770E+013  2.167E-009  4.853E+009  3.449E+008
 8.790E+013  2.191E-009  4.853E+009  3.453E+008
 8.810E+013  2.216E-009  4.854E+009  3.457E+008
 8.830E+013  2.240E-009  4.854E+009  3.462E+008
 8.850E+013  2.265E-009  4.854E+009  3.466E+008
 8.870E+013  2.290E-009  4.854E+009  3.470E+008
 8.890E+013  2.316E-009  4.855E+009  3.474E+008
 8.910E+013  2.341E-009  4.855E+009  3.478E+008
 8.930E+013  2.367E-009  4.855E+009  3.482E+008
 8.950E+013  2.393E-009  4.856E+009  3.486E+008
 8.970E+013  2.419E-009  4.856E+009  3.490E+008
 8.990E+013  2.446E-009  4.856E+009  3.493E+008
 9.010E+013  2.472E-009  4.856E+009  3.496E+008
 9.030E+013  2.499E-009  4.856E+009  3.500E+008
 9.050E+013  2.526E-009  4.857E+009  3.503E+008
 9.070E+013  2.554E-009  4.857E+009  3.506E+008
 9.090E+013  2.581E-009  4.857E+009  3.509E+008
 9.110E+013  2.609E-009  4.857E+009  3.512E+008
 9.130E+013  2.637E-009  4.857E+009  3.515E+008
 9.150E+013  2.665E-009  4.857E+009  3.517E+008
 9.170E+013  2.694E-009  4.857E+009  3.519E+008
 9.190E+013  2.723E-009  4.857E+009  3.521E+008
 9.210E+013  2.752E-009  4.858E+009  3.523E+008
 9.230E+013  2.781E-009  4.858E+009  3.526E+008
 9.250E+013  2.811E-009  4.858E+009  3.528E+008
 9.270E+013  2.840E-009  4.858E+009  3.529E+008
 9.290E+013  2.870E-009  4.858E+009  3.531E+008
 9.310E+013  2.901E-009  4.858E+009  3.532E+008
 9.330E+013  2.931E-009  4.858E+009  3.532E+008
 9.350E+013  2.962E-009  4.858E+009  3.532E+008
 9.370E+013  2.993E-009  4.858E+009  3.532E+008
 9.390E+013  3.024E-009  4.859E+009  3.533E+008
 9.410E+013  3.056E-009  4.860E+009  3.534E+008
 9.430E+013  3.088E-009  4.861E+009  3.534E+008
 9.450E+013  3.120E-009  4.861E+009  3.534E+008
 9.470E+013  3.153E-009  4.861E+009  3.533E+008
 9.490E+013  3.185E-009  4.860E+009  3.531E+008
 9.510E+013  3.217E-009  4.859E+009  3.527E+008
 9.530E+013  3.250E-009  4.858E+009  3.524E+008
 9.550E+013  3.283E-009  4.858E+009  3.520E+008
 9.570E+013  3.317E-009  4.858E+009  3.518E+008
 9.590E+013  3.352E-009  4.860E+009  3.516E+008
 9.610E+013  3.387E-009  4.862E+009  3.516E+008
 9.630E+013  3.422E-009  4.864E+009  3.517E+008
 9.650E+013  3.458E-009  4.866E+009  3.518E+008
 9.670E+013  3.494E-009  4.867E+009  3.518E+008
 9.690E+013  3.527E-009  4.863E+009  3.520E+008
 9.710E+013  3.554E-009  4.843E+009  3.524E+008
 9.730E+013  3.564E-009  4.786E+009  3.548E+008
 9.750E+013  3.555E-009  4.690E+009  3.604E+008
 9.770E+013  3.523E-009  4.545E+009  3.695E+008
 9.790E+013  3.465E-009  4.351E+009  3.850E+008
 9.810E+013  3.385E-009  4.121E+009  4.074E+008
 9.830E+013  3.294E-009  3.880E+009  4.346E+008
 9.850E+013  3.211E-009  3.667E+009  4.627E+008
 9.870E+013  3.183E-009  3.568E+009  4.812E+008
 9.890E+013  3.180E-009  3.511E+009  4.784E+008
 9.910E+013  3.177E-009  3.457E+009  4.778E+008
 9.930E+013  3.165E-009  3.391E+009  4.780E+008
 9.950E+013  3.151E-009  3.321E+009  4.788E+008
 9.970E+013  3.132E-009  3.254E+009  4.809E+008
 9.990E+013  3.135E-009  3.188E+009  4.831E+008
 1.001E+014  1.000E-099  1.000E-099  4.831E+008
 1.003E+014  1.000E-099  1.000E-099  4.831E+008
 3.044E-003
