 2.940E+005
     x1b        dens       energ       v1
 1.000E+011  4.568E-014  5.776E+007  0.000E+000
 3.000E+011  4.578E-014  5.776E+007  1.548E+005
 5.000E+011  4.607E-014  5.776E+007  3.105E+005
 7.000E+011  4.660E-014  5.776E+007  4.663E+005
 9.000E+011  4.735E-014  5.777E+007  6.218E+005
 1.100E+012  4.825E-014  5.777E+007  7.770E+005
 1.300E+012  4.920E-014  5.777E+007  9.325E+005
 1.500E+012  5.011E-014  5.777E+007  1.088E+006
 1.700E+012  5.088E-014  5.777E+007  1.244E+006
 1.900E+012  5.149E-014  5.777E+007  1.401E+006
 2.100E+012  5.193E-014  5.777E+007  1.557E+006
 2.300E+012  5.226E-014  5.777E+007  1.714E+006
 2.500E+012  5.249E-014  5.777E+007  1.872E+006
 2.700E+012  5.268E-014  5.777E+007  2.030E+006
 2.900E+012  5.283E-014  5.777E+007  2.189E+006
 3.100E+012  5.298E-014  5.777E+007  2.348E+006
 3.300E+012  5.313E-014  5.777E+007  2.507E+006
 3.500E+012  5.330E-014  5.778E+007  2.668E+006
 3.700E+012  5.347E-014  5.778E+007  2.828E+006
 3.900E+012  5.367E-014  5.778E+007  2.990E+006
 4.100E+012  5.388E-014  5.778E+007  3.152E+006
 4.300E+012  5.410E-014  5.778E+007  3.315E+006
 4.500E+012  5.434E-014  5.778E+007  3.479E+006
 4.700E+012  5.459E-014  5.778E+007  3.643E+006
 4.900E+012  5.484E-014  5.779E+007  3.808E+006
 5.100E+012  5.510E-014  5.779E+007  3.974E+006
 5.300E+012  5.535E-014  5.779E+007  4.141E+006
 5.500E+012  5.560E-014  5.779E+007  4.308E+006
 5.700E+012  5.585E-014  5.779E+007  4.476E+006
 5.900E+012  5.610E-014  5.780E+007  4.645E+006
 6.100E+012  5.635E-014  5.780E+007  4.815E+006
 6.300E+012  5.660E-014  5.780E+007  4.985E+006
 6.500E+012  5.686E-014  5.780E+007  5.156E+006
 6.700E+012  5.711E-014  5.781E+007  5.328E+006
 6.900E+012  5.738E-014  5.781E+007  5.500E+006
 7.100E+012  5.764E-014  5.781E+007  5.673E+006
 7.300E+012  5.791E-014  5.781E+007  5.847E+006
 7.500E+012  5.818E-014  5.782E+007  6.022E+006
 7.700E+012  5.846E-014  5.782E+007  6.198E+006
 7.900E+012  5.874E-014  5.782E+007  6.374E+006
 8.100E+012  5.902E-014  5.783E+007  6.552E+006
 8.300E+012  5.930E-014  5.783E+007  6.730E+006
 8.500E+012  5.958E-014  5.783E+007  6.910E+006
 8.700E+012  5.986E-014  5.784E+007  7.091E+006
 8.900E+012  6.014E-014  5.784E+007  7.272E+006
 9.100E+012  6.042E-014  5.784E+007  7.455E+006
 9.300E+012  6.070E-014  5.785E+007  7.638E+006
 9.500E+012  6.098E-014  5.785E+007  7.822E+006
 9.700E+012  6.126E-014  5.785E+007  8.006E+006
 9.900E+012  6.153E-014  5.786E+007  8.192E+006
 1.010E+013  6.181E-014  5.786E+007  8.378E+006
 1.030E+013  6.208E-014  5.787E+007  8.565E+006
 1.050E+013  6.235E-014  5.787E+007  8.753E+006
 1.070E+013  6.261E-014  5.787E+007  8.943E+006
 1.090E+013  6.288E-014  5.788E+007  9.134E+006
 1.110E+013  6.314E-014  5.788E+007  9.327E+006
 1.130E+013  6.340E-014  5.789E+007  9.522E+006
 1.150E+013  6.365E-014  5.789E+007  9.719E+006
 1.170E+013  6.389E-014  5.790E+007  9.917E+006
 1.190E+013  6.412E-014  5.790E+007  1.012E+007
 1.210E+013  6.435E-014  5.791E+007  1.032E+007
 1.230E+013  6.456E-014  5.791E+007  1.052E+007
 1.250E+013  6.477E-014  5.792E+007  1.073E+007
 1.270E+013  6.495E-014  5.792E+007  1.093E+007
 1.290E+013  6.513E-014  5.793E+007  1.114E+007
 1.310E+013  6.529E-014  5.793E+007  1.136E+007
 1.330E+013  6.543E-014  5.794E+007  1.157E+007
 1.350E+013  6.556E-014  5.794E+007  1.179E+007
 1.370E+013  6.566E-014  5.795E+007  1.202E+007
 1.390E+013  6.575E-014  5.795E+007  1.225E+007
 1.410E+013  6.582E-014  5.796E+007  1.249E+007
 1.430E+013  6.587E-014  5.797E+007  1.274E+007
 1.450E+013  6.590E-014  5.797E+007  1.299E+007
 1.470E+013  6.593E-014  5.798E+007  1.325E+007
 1.490E+013  6.594E-014  5.798E+007  1.352E+007
 1.510E+013  6.594E-014  5.799E+007  1.380E+007
 1.530E+013  6.595E-014  5.799E+007  1.409E+007
 1.550E+013  6.595E-014  5.800E+007  1.440E+007
 1.570E+013  6.596E-014  5.801E+007  1.471E+007
 1.590E+013  6.596E-014  5.801E+007  1.504E+007
 1.610E+013  6.597E-014  5.802E+007  1.538E+007
 1.630E+013  6.597E-014  5.802E+007  1.574E+007
 1.650E+013  6.597E-014  5.803E+007  1.611E+007
 1.670E+013  6.597E-014  5.803E+007  1.650E+007
 1.690E+013  6.598E-014  5.804E+007  1.691E+007
 1.710E+013  6.598E-014  5.805E+007  1.734E+007
 1.730E+013  6.598E-014  5.805E+007  1.778E+007
 1.750E+013  6.598E-014  5.806E+007  1.825E+007
 1.770E+013  6.598E-014  5.806E+007  1.874E+007
 1.790E+013  6.598E-014  5.807E+007  1.926E+007
 1.810E+013  6.598E-014  5.808E+007  1.980E+007
 1.830E+013  6.598E-014  5.808E+007  2.036E+007
 1.850E+013  6.597E-014  5.809E+007  2.096E+007
 1.870E+013  6.597E-014  5.809E+007  2.158E+007
 1.890E+013  6.597E-014  5.810E+007  2.223E+007
 1.910E+013  6.596E-014  5.810E+007  2.292E+007
 1.930E+013  6.596E-014  5.811E+007  2.363E+007
 1.950E+013  6.595E-014  5.811E+007  2.438E+007
 1.970E+013  6.595E-014  5.812E+007  2.517E+007
 1.990E+013  6.594E-014  5.813E+007  2.599E+007
 2.010E+013  6.593E-014  5.813E+007  2.684E+007
 2.030E+013  6.592E-014  5.814E+007  2.774E+007
 2.050E+013  6.591E-014  5.814E+007  2.867E+007
 2.070E+013  6.590E-014  5.815E+007  2.964E+007
 2.090E+013  6.589E-014  5.815E+007  3.066E+007
 2.110E+013  6.587E-014  5.816E+007  3.172E+007
 2.130E+013  6.586E-014  5.816E+007  3.282E+007
 2.150E+013  6.585E-014  5.816E+007  3.397E+007
 2.170E+013  6.583E-014  5.817E+007  3.517E+007
 2.190E+013  6.582E-014  5.817E+007  3.641E+007
 2.210E+013  6.580E-014  5.818E+007  3.770E+007
 2.230E+013  6.579E-014  5.818E+007  3.905E+007
 2.250E+013  6.578E-014  5.819E+007  4.044E+007
 2.270E+013  6.577E-014  5.819E+007  4.189E+007
 2.290E+013  6.576E-014  5.819E+007  4.339E+007
 2.310E+013  6.575E-014  5.820E+007  4.495E+007
 2.330E+013  6.575E-014  5.820E+007  4.656E+007
 2.350E+013  6.575E-014  5.820E+007  4.823E+007
 2.370E+013  6.575E-014  5.821E+007  4.996E+007
 2.390E+013  6.575E-014  5.821E+007  5.174E+007
 2.410E+013  6.575E-014  5.821E+007  5.358E+007
 2.430E+013  6.575E-014  5.821E+007  5.547E+007
 2.450E+013  6.575E-014  5.822E+007  5.743E+007
 2.470E+013  6.575E-014  5.822E+007  5.945E+007
 2.490E+013  6.576E-014  5.822E+007  6.152E+007
 2.510E+013  6.576E-014  5.822E+007  6.366E+007
 2.530E+013  6.576E-014  5.822E+007  6.585E+007
 2.550E+013  6.576E-014  5.823E+007  6.811E+007
 2.570E+013  6.577E-014  5.823E+007  7.042E+007
 2.590E+013  6.577E-014  5.823E+007  7.280E+007
 2.610E+013  6.577E-014  5.823E+007  7.523E+007
 2.630E+013  6.578E-014  5.823E+007  7.773E+007
 2.650E+013  6.578E-014  5.823E+007  8.028E+007
 2.670E+013  6.579E-014  5.823E+007  8.289E+007
 2.690E+013  6.579E-014  5.823E+007  8.556E+007
 2.710E+013  6.580E-014  5.823E+007  8.828E+007
 2.730E+013  6.581E-014  5.823E+007  9.105E+007
 2.750E+013  6.582E-014  5.823E+007  9.388E+007
 2.770E+013  6.583E-014  5.823E+007  9.676E+007
 2.790E+013  6.584E-014  5.823E+007  9.970E+007
 2.810E+013  6.586E-014  5.823E+007  1.027E+008
 2.830E+013  6.587E-014  5.823E+007  1.057E+008
 2.850E+013  6.589E-014  5.823E+007  1.088E+008
 2.870E+013  6.591E-014  5.823E+007  1.119E+008
 2.890E+013  6.593E-014  5.822E+007  1.151E+008
 2.910E+013  6.596E-014  5.822E+007  1.183E+008
 2.930E+013  6.598E-014  5.822E+007  1.215E+008
 2.950E+013  6.601E-014  5.822E+007  1.248E+008
 2.970E+013  6.604E-014  5.822E+007  1.281E+008
 2.990E+013  6.608E-014  5.822E+007  1.315E+008
 3.010E+013  6.612E-014  5.821E+007  1.349E+008
 3.030E+013  6.616E-014  5.821E+007  1.383E+008
 3.050E+013  6.620E-014  5.821E+007  1.417E+008
 3.070E+013  6.625E-014  5.821E+007  1.452E+008
 3.090E+013  6.630E-014  5.821E+007  1.487E+008
 3.110E+013  6.636E-014  5.820E+007  1.522E+008
 3.130E+013  6.641E-014  5.820E+007  1.558E+008
 3.150E+013  6.648E-014  5.820E+007  1.593E+008
 3.170E+013  6.655E-014  5.820E+007  1.629E+008
 3.190E+013  6.662E-014  5.819E+007  1.665E+008
 3.210E+013  6.669E-014  5.819E+007  1.701E+008
 3.230E+013  6.678E-014  5.819E+007  1.737E+008
 3.250E+013  6.686E-014  5.818E+007  1.773E+008
 3.270E+013  6.696E-014  5.818E+007  1.809E+008
 3.290E+013  6.705E-014  5.818E+007  1.846E+008
 3.310E+013  6.716E-014  5.818E+007  1.882E+008
 3.330E+013  6.727E-014  5.817E+007  1.918E+008
 3.350E+013  6.738E-014  5.817E+007  1.954E+008
 3.370E+013  6.751E-014  5.817E+007  1.990E+008
 3.390E+013  6.763E-014  5.816E+007  2.026E+008
 3.410E+013  6.777E-014  5.816E+007  2.062E+008
 3.430E+013  6.791E-014  5.816E+007  2.098E+008
 3.450E+013  6.806E-014  5.816E+007  2.134E+008
 3.470E+013  6.822E-014  5.815E+007  2.169E+008
 3.490E+013  6.838E-014  5.815E+007  2.205E+008
 3.510E+013  6.856E-014  5.815E+007  2.240E+008
 3.530E+013  6.874E-014  5.815E+007  2.275E+008
 3.550E+013  6.893E-014  5.814E+007  2.309E+008
 3.570E+013  6.913E-014  5.814E+007  2.344E+008
 3.590E+013  6.933E-014  5.814E+007  2.378E+008
 3.610E+013  6.955E-014  5.814E+007  2.412E+008
 3.630E+013  6.978E-014  5.814E+007  2.445E+008
 3.650E+013  7.001E-014  5.813E+007  2.479E+008
 3.670E+013  7.026E-014  5.813E+007  2.512E+008
 3.690E+013  7.052E-014  5.813E+007  2.544E+008
 3.710E+013  7.078E-014  5.813E+007  2.577E+008
 3.730E+013  7.106E-014  5.813E+007  2.609E+008
 3.750E+013  7.135E-014  5.813E+007  2.641E+008
 3.770E+013  7.165E-014  5.812E+007  2.672E+008
 3.790E+013  7.196E-014  5.812E+007  2.703E+008
 3.810E+013  7.229E-014  5.812E+007  2.734E+008
 3.830E+013  7.263E-014  5.812E+007  2.764E+008
 3.850E+013  7.298E-014  5.812E+007  2.794E+008
 3.870E+013  7.334E-014  5.812E+007  2.823E+008
 3.890E+013  7.372E-014  5.812E+007  2.853E+008
 3.910E+013  7.411E-014  5.812E+007  2.881E+008
 3.930E+013  7.452E-014  5.812E+007  2.910E+008
 3.950E+013  7.494E-014  5.812E+007  2.938E+008
 3.970E+013  7.538E-014  5.812E+007  2.965E+008
 3.990E+013  7.583E-014  5.812E+007  2.993E+008
 4.010E+013  7.630E-014  5.812E+007  3.019E+008
 4.030E+013  7.679E-014  5.812E+007  3.046E+008
 4.050E+013  7.729E-014  5.812E+007  3.072E+008
 4.070E+013  7.781E-014  5.812E+007  3.098E+008
 4.090E+013  7.835E-014  5.812E+007  3.123E+008
 4.110E+013  7.890E-014  5.812E+007  3.148E+008
 4.130E+013  7.948E-014  5.812E+007  3.173E+008
 4.150E+013  8.007E-014  5.812E+007  3.197E+008
 4.170E+013  8.069E-014  5.812E+007  3.221E+008
 4.190E+013  8.133E-014  5.813E+007  3.245E+008
 4.210E+013  8.198E-014  5.813E+007  3.268E+008
 4.230E+013  8.266E-014  5.813E+007  3.291E+008
 4.250E+013  8.337E-014  5.813E+007  3.314E+008
 4.270E+013  8.409E-014  5.813E+007  3.336E+008
 4.290E+013  8.484E-014  5.814E+007  3.359E+008
 4.310E+013  8.561E-014  5.814E+007  3.381E+008
 4.330E+013  8.641E-014  5.814E+007  3.403E+008
 4.350E+013  8.724E-014  5.814E+007  3.424E+008
 4.370E+013  8.809E-014  5.814E+007  3.446E+008
 4.390E+013  8.897E-014  5.815E+007  3.467E+008
 4.410E+013  8.988E-014  5.815E+007  3.488E+008
 4.430E+013  9.081E-014  5.815E+007  3.509E+008
 4.450E+013  9.178E-014  5.816E+007  3.530E+008
 4.470E+013  9.278E-014  5.816E+007  3.551E+008
 4.490E+013  9.381E-014  5.816E+007  3.572E+008
 4.510E+013  9.487E-014  5.816E+007  3.593E+008
 4.530E+013  9.596E-014  5.817E+007  3.614E+008
 4.550E+013  9.709E-014  5.817E+007  3.634E+008
 4.570E+013  9.826E-014  5.817E+007  3.655E+008
 4.590E+013  9.946E-014  5.818E+007  3.675E+008
 4.610E+013  1.007E-013  5.818E+007  3.696E+008
 4.630E+013  1.020E-013  5.818E+007  3.717E+008
 4.650E+013  1.033E-013  5.819E+007  3.737E+008
 4.670E+013  1.046E-013  5.819E+007  3.757E+008
 4.690E+013  1.060E-013  5.819E+007  3.778E+008
 4.710E+013  1.075E-013  5.820E+007  3.798E+008
 4.730E+013  1.090E-013  5.820E+007  3.818E+008
 4.750E+013  1.105E-013  5.820E+007  3.838E+008
 4.770E+013  1.121E-013  5.821E+007  3.859E+008
 4.790E+013  1.137E-013  5.821E+007  3.878E+008
 4.810E+013  1.154E-013  5.822E+007  3.898E+008
 4.830E+013  1.171E-013  5.822E+007  3.918E+008
 4.850E+013  1.189E-013  5.823E+007  3.938E+008
 4.870E+013  1.207E-013  5.823E+007  3.957E+008
 4.890E+013  1.226E-013  5.823E+007  3.976E+008
 4.910E+013  1.246E-013  5.824E+007  3.995E+008
 4.930E+013  1.266E-013  5.824E+007  4.014E+008
 4.950E+013  1.286E-013  5.825E+007  4.033E+008
 4.970E+013  1.308E-013  5.825E+007  4.051E+008
 4.990E+013  1.330E-013  5.826E+007  4.069E+008
 5.010E+013  1.352E-013  5.826E+007  4.087E+008
 5.030E+013  1.375E-013  5.827E+007  4.105E+008
 5.050E+013  1.399E-013  5.828E+007  4.123E+008
 5.070E+013  1.424E-013  5.828E+007  4.140E+008
 5.090E+013  1.449E-013  5.829E+007  4.157E+008
 5.110E+013  1.476E-013  5.829E+007  4.174E+008
 5.130E+013  1.502E-013  5.830E+007  4.190E+008
 5.150E+013  1.530E-013  5.831E+007  4.207E+008
 5.170E+013  1.559E-013  5.831E+007  4.223E+008
 5.190E+013  1.588E-013  5.832E+007  4.239E+008
 5.210E+013  1.618E-013  5.833E+007  4.255E+008
 5.230E+013  1.649E-013  5.834E+007  4.271E+008
 5.250E+013  1.681E-013  5.834E+007  4.286E+008
 5.270E+013  1.714E-013  5.835E+007  4.302E+008
 5.290E+013  1.747E-013  5.836E+007  4.317E+008
 5.310E+013  1.782E-013  5.837E+007  4.332E+008
 5.330E+013  1.817E-013  5.838E+007  4.347E+008
 5.350E+013  1.854E-013  5.839E+007  4.362E+008
 5.370E+013  1.892E-013  5.840E+007  4.377E+008
 5.390E+013  1.930E-013  5.841E+007  4.392E+008
 5.410E+013  1.970E-013  5.842E+007  4.407E+008
 5.430E+013  2.011E-013  5.842E+007  4.422E+008
 5.450E+013  2.052E-013  5.843E+007  4.437E+008
 5.470E+013  2.095E-013  5.844E+007  4.452E+008
 5.490E+013  2.139E-013  5.846E+007  4.467E+008
 5.510E+013  2.185E-013  5.847E+007  4.482E+008
 5.530E+013  2.231E-013  5.848E+007  4.497E+008
 5.550E+013  2.279E-013  5.849E+007  4.512E+008
 5.570E+013  2.327E-013  5.850E+007  4.527E+008
 5.590E+013  2.377E-013  5.851E+007  4.542E+008
 5.610E+013  2.429E-013  5.852E+007  4.557E+008
 5.630E+013  2.481E-013  5.853E+007  4.572E+008
 5.650E+013  2.535E-013  5.854E+007  4.587E+008
 5.670E+013  2.590E-013  5.855E+007  4.601E+008
 5.690E+013  2.646E-013  5.856E+007  4.616E+008
 5.710E+013  2.704E-013  5.857E+007  4.631E+008
 5.730E+013  2.762E-013  5.859E+007  4.645E+008
 5.750E+013  2.823E-013  5.860E+007  4.659E+008
 5.770E+013  2.884E-013  5.861E+007  4.673E+008
 5.790E+013  2.947E-013  5.862E+007  4.687E+008
 5.810E+013  3.012E-013  5.863E+007  4.701E+008
 5.830E+013  3.077E-013  5.865E+007  4.715E+008
 5.850E+013  3.144E-013  5.866E+007  4.728E+008
 5.870E+013  3.213E-013  5.867E+007  4.741E+008
 5.890E+013  3.282E-013  5.868E+007  4.754E+008
 5.910E+013  3.353E-013  5.870E+007  4.767E+008
 5.930E+013  3.426E-013  5.871E+007  4.780E+008
 5.950E+013  3.500E-013  5.872E+007  4.792E+008
 5.970E+013  3.575E-013  5.874E+007  4.805E+008
 5.990E+013  3.652E-013  5.875E+007  4.817E+008
 6.010E+013  3.730E-013  5.877E+007  4.829E+008
 6.030E+013  3.809E-013  5.878E+007  4.841E+008
 6.050E+013  3.890E-013  5.880E+007  4.852E+008
 6.070E+013  3.972E-013  5.881E+007  4.864E+008
 6.090E+013  4.055E-013  5.883E+007  4.874E+008
 6.110E+013  4.140E-013  5.885E+007  4.885E+008
 6.130E+013  4.226E-013  5.887E+007  4.895E+008
 6.150E+013  4.313E-013  5.889E+007  4.904E+008
 6.170E+013  4.402E-013  5.891E+007  4.913E+008
 6.190E+013  4.492E-013  5.893E+007  4.921E+008
 6.210E+013  4.583E-013  5.895E+007  4.929E+008
 6.230E+013  4.675E-013  5.897E+007  4.936E+008
 6.250E+013  4.769E-013  5.899E+007  4.941E+008
 6.270E+013  4.864E-013  5.902E+007  4.946E+008
 6.290E+013  4.960E-013  5.904E+007  4.951E+008
 6.310E+013  5.057E-013  5.906E+007  4.954E+008
 6.330E+013  5.155E-013  5.909E+007  4.956E+008
 6.350E+013  5.254E-013  5.911E+007  4.958E+008
 6.370E+013  5.354E-013  5.914E+007  4.959E+008
 6.390E+013  5.455E-013  5.916E+007  4.960E+008
 6.410E+013  5.558E-013  5.919E+007  4.960E+008
 6.430E+013  5.661E-013  5.921E+007  4.960E+008
 6.450E+013  5.765E-013  5.923E+007  4.960E+008
 6.470E+013  5.870E-013  5.926E+007  4.961E+008
 6.490E+013  5.975E-013  5.928E+007  4.962E+008
 6.510E+013  6.082E-013  5.930E+007  4.964E+008
 6.530E+013  6.189E-013  5.932E+007  4.967E+008
 6.550E+013  6.297E-013  5.934E+007  4.971E+008
 6.570E+013  6.406E-013  5.936E+007  4.977E+008
 6.590E+013  6.515E-013  5.938E+007  4.985E+008
 6.610E+013  6.625E-013  5.940E+007  4.995E+008
 6.630E+013  6.735E-013  5.941E+007  5.007E+008
 6.650E+013  6.846E-013  5.943E+007  5.022E+008
 6.670E+013  6.958E-013  5.944E+007  5.039E+008
 6.690E+013  7.070E-013  5.945E+007  5.058E+008
 6.710E+013  7.182E-013  5.946E+007  5.079E+008
 6.730E+013  7.295E-013  5.946E+007  5.102E+008
 6.750E+013  7.408E-013  5.947E+007  5.126E+008
 6.770E+013  7.521E-013  5.947E+007  5.152E+008
 6.790E+013  7.635E-013  5.947E+007  5.179E+008
 6.810E+013  7.749E-013  5.947E+007  5.206E+008
 6.830E+013  7.864E-013  5.947E+007  5.234E+008
 6.850E+013  7.979E-013  5.947E+007  5.262E+008
 6.870E+013  8.094E-013  5.946E+007  5.290E+008
 6.890E+013  8.209E-013  5.945E+007  5.317E+008
 6.910E+013  8.324E-013  5.944E+007  5.343E+008
 6.930E+013  8.440E-013  5.943E+007  5.368E+008
 6.950E+013  8.556E-013  5.942E+007  5.392E+008
 6.970E+013  8.672E-013  5.941E+007  5.415E+008
 6.990E+013  8.789E-013  5.940E+007  5.436E+008
 7.010E+013  8.906E-013  5.938E+007  5.456E+008
 7.030E+013  9.024E-013  5.937E+007  5.474E+008
 7.050E+013  9.141E-013  5.936E+007  5.491E+008
 7.070E+013  9.260E-013  5.935E+007  5.507E+008
 7.090E+013  9.379E-013  5.934E+007  5.521E+008
 7.110E+013  9.498E-013  5.933E+007  5.533E+008
 7.130E+013  9.618E-013  5.932E+007  5.545E+008
 7.150E+013  9.738E-013  5.932E+007  5.555E+008
 7.170E+013  9.859E-013  5.932E+007  5.565E+008
 7.190E+013  9.981E-013  5.931E+007  5.573E+008
 7.210E+013  1.010E-012  5.932E+007  5.582E+008
 7.230E+013  1.023E-012  5.932E+007  5.590E+008
 7.250E+013  1.035E-012  5.933E+007  5.599E+008
 7.270E+013  1.048E-012  5.933E+007  5.608E+008
 7.290E+013  1.060E-012  5.935E+007  5.618E+008
 7.310E+013  1.073E-012  5.936E+007  5.629E+008
 7.330E+013  1.086E-012  5.937E+007  5.642E+008
 7.350E+013  1.098E-012  5.939E+007  5.657E+008
 7.370E+013  1.111E-012  5.941E+007  5.673E+008
 7.390E+013  1.124E-012  5.943E+007  5.691E+008
 7.410E+013  1.137E-012  5.945E+007  5.711E+008
 7.430E+013  1.151E-012  5.947E+007  5.733E+008
 7.450E+013  1.164E-012  5.950E+007  5.757E+008
 7.470E+013  1.177E-012  5.953E+007  5.782E+008
 7.490E+013  1.191E-012  5.956E+007  5.808E+008
 7.510E+013  1.205E-012  5.958E+007  5.834E+008
 7.530E+013  1.218E-012  5.962E+007  5.860E+008
 7.550E+013  1.232E-012  5.965E+007  5.886E+008
 7.570E+013  1.246E-012  5.968E+007  5.909E+008
 7.590E+013  1.260E-012  5.971E+007  5.931E+008
 7.610E+013  1.274E-012  5.974E+007  5.949E+008
 7.630E+013  1.288E-012  5.977E+007  5.964E+008
 7.650E+013  1.303E-012  5.981E+007  5.975E+008
 7.670E+013  1.317E-012  5.984E+007  5.982E+008
 7.690E+013  1.332E-012  5.987E+007  5.984E+008
 7.710E+013  1.347E-012  5.990E+007  5.982E+008
 7.730E+013  1.361E-012  5.992E+007  5.976E+008
 7.750E+013  1.376E-012  5.995E+007  5.967E+008
 7.770E+013  1.391E-012  5.998E+007  5.954E+008
 7.790E+013  1.406E-012  6.000E+007  5.938E+008
 7.810E+013  1.422E-012  6.002E+007  5.921E+008
 7.830E+013  1.437E-012  6.005E+007  5.903E+008
 7.850E+013  1.452E-012  6.007E+007  5.885E+008
 7.870E+013  1.468E-012  6.008E+007  5.868E+008
 7.890E+013  1.484E-012  6.010E+007  5.852E+008
 7.910E+013  1.500E-012  6.011E+007  5.837E+008
 7.930E+013  1.515E-012  6.013E+007  5.825E+008
 7.950E+013  1.532E-012  6.014E+007  5.815E+008
 7.970E+013  1.548E-012  6.015E+007  5.808E+008
 7.990E+013  1.564E-012  6.016E+007  5.803E+008
 8.010E+013  1.581E-012  6.017E+007  5.800E+008
 8.030E+013  1.597E-012  6.018E+007  5.799E+008
 8.050E+013  1.614E-012  6.019E+007  5.801E+008
 8.070E+013  1.631E-012  6.020E+007  5.803E+008
 8.090E+013  1.648E-012  6.021E+007  5.806E+008
 8.110E+013  1.666E-012  6.022E+007  5.811E+008
 8.130E+013  1.683E-012  6.023E+007  5.815E+008
 8.150E+013  1.701E-012  6.025E+007  5.821E+008
 8.170E+013  1.719E-012  6.026E+007  5.826E+008
 8.190E+013  1.737E-012  6.027E+007  5.832E+008
 8.210E+013  1.756E-012  6.029E+007  5.838E+008
 8.230E+013  1.774E-012  6.030E+007  5.845E+008
 8.250E+013  1.793E-012  6.031E+007  5.851E+008
 8.270E+013  1.812E-012  6.032E+007  5.858E+008
 8.290E+013  1.831E-012  6.033E+007  5.866E+008
 8.310E+013  1.850E-012  6.034E+007  5.875E+008
 8.330E+013  1.870E-012  6.034E+007  5.884E+008
 8.350E+013  1.889E-012  6.035E+007  5.895E+008
 8.370E+013  1.909E-012  6.035E+007  5.907E+008
 8.390E+013  1.929E-012  6.035E+007  5.920E+008
 8.410E+013  1.949E-012  6.035E+007  5.935E+008
 8.430E+013  1.970E-012  6.034E+007  5.952E+008
 8.450E+013  1.990E-012  6.034E+007  5.969E+008
 8.470E+013  2.011E-012  6.033E+007  5.988E+008
 8.490E+013  2.032E-012  6.033E+007  6.009E+008
 8.510E+013  2.053E-012  6.032E+007  6.030E+008
 8.530E+013  2.074E-012  6.031E+007  6.053E+008
 8.550E+013  2.096E-012  6.031E+007  6.077E+008
 8.570E+013  2.118E-012  6.031E+007  6.101E+008
 8.590E+013  2.140E-012  6.030E+007  6.126E+008
 8.610E+013  2.163E-012  6.030E+007  6.152E+008
 8.630E+013  2.186E-012  6.031E+007  6.179E+008
 8.650E+013  2.209E-012  6.031E+007  6.206E+008
 8.670E+013  2.232E-012  6.031E+007  6.234E+008
 8.690E+013  2.256E-012  6.032E+007  6.262E+008
 8.710E+013  2.280E-012  6.032E+007  6.291E+008
 8.730E+013  2.304E-012  6.033E+007  6.321E+008
 8.750E+013  2.328E-012  6.034E+007  6.351E+008
 8.770E+013  2.353E-012  6.036E+007  6.382E+008
 8.790E+013  2.378E-012  6.037E+007  6.414E+008
 8.810E+013  2.404E-012  6.038E+007  6.446E+008
 8.830E+013  2.429E-012  6.039E+007  6.478E+008
 8.850E+013  2.455E-012  6.041E+007  6.512E+008
 8.870E+013  2.481E-012  6.042E+007  6.546E+008
 8.890E+013  2.508E-012  6.043E+007  6.581E+008
 8.910E+013  2.535E-012  6.045E+007  6.617E+008
 8.930E+013  2.562E-012  6.046E+007  6.653E+008
 8.950E+013  2.589E-012  6.047E+007  6.689E+008
 8.970E+013  2.616E-012  6.048E+007  6.725E+008
 8.990E+013  2.644E-012  6.049E+007  6.760E+008
 9.010E+013  2.672E-012  6.051E+007  6.794E+008
 9.030E+013  2.701E-012  6.052E+007  6.826E+008
 9.050E+013  2.730E-012  6.054E+007  6.856E+008
 9.070E+013  2.759E-012  6.056E+007  6.882E+008
 9.090E+013  2.789E-012  6.058E+007  6.906E+008
 9.110E+013  2.818E-012  6.061E+007  6.926E+008
 9.130E+013  2.849E-012  6.064E+007  6.942E+008
 9.150E+013  2.879E-012  6.066E+007  6.955E+008
 9.170E+013  2.910E-012  6.069E+007  6.964E+008
 9.190E+013  2.941E-012  6.072E+007  6.969E+008
 9.210E+013  2.973E-012  6.074E+007  6.971E+008
 9.230E+013  3.004E-012  6.077E+007  6.968E+008
 9.250E+013  3.037E-012  6.080E+007  6.960E+008
 9.270E+013  3.069E-012  6.083E+007  6.949E+008
 9.290E+013  3.102E-012  6.086E+007  6.935E+008
 9.310E+013  3.135E-012  6.089E+007  6.917E+008
 9.330E+013  3.168E-012  6.092E+007  6.897E+008
 9.350E+013  3.202E-012  6.095E+007  6.876E+008
 9.370E+013  3.236E-012  6.098E+007  6.855E+008
 9.390E+013  3.270E-012  6.101E+007  6.834E+008
 9.410E+013  3.304E-012  6.103E+007  6.814E+008
 9.430E+013  3.339E-012  6.106E+007  6.795E+008
 9.450E+013  3.374E-012  6.109E+007  6.778E+008
 9.470E+013  3.409E-012  6.112E+007  6.761E+008
 9.490E+013  3.445E-012  6.115E+007  6.744E+008
 9.510E+013  3.481E-012  6.119E+007  6.728E+008
 9.530E+013  3.518E-012  6.123E+007  6.712E+008
 9.550E+013  3.555E-012  6.128E+007  6.696E+008
 9.570E+013  3.593E-012  6.134E+007  6.681E+008
 9.590E+013  3.631E-012  6.139E+007  6.668E+008
 9.610E+013  3.669E-012  6.146E+007  6.655E+008
 9.630E+013  3.709E-012  6.153E+007  6.643E+008
 9.650E+013  3.748E-012  6.160E+007  6.632E+008
 9.670E+013  3.788E-012  6.168E+007  6.622E+008
 9.690E+013  3.829E-012  6.176E+007  6.613E+008
 9.710E+013  3.870E-012  6.185E+007  6.605E+008
 9.730E+013  3.912E-012  6.195E+007  6.597E+008
 9.750E+013  3.955E-012  6.205E+007  6.590E+008
 9.770E+013  3.998E-012  6.216E+007  6.583E+008
 9.790E+013  4.042E-012  6.228E+007  6.576E+008
 9.810E+013  4.086E-012  6.240E+007  6.568E+008
 9.830E+013  4.131E-012  6.253E+007  6.561E+008
 9.850E+013  4.177E-012  6.267E+007  6.555E+008
 9.870E+013  4.223E-012  6.281E+007  6.548E+008
 9.890E+013  4.270E-012  6.296E+007  6.541E+008
 9.910E+013  4.318E-012  6.311E+007  6.534E+008
 9.930E+013  4.366E-012  6.327E+007  6.527E+008
 9.950E+013  4.416E-012  6.343E+007  6.520E+008
 9.970E+013  4.461E-012  6.360E+007  6.513E+008
 9.990E+013  4.536E-012  6.376E+007  6.507E+008
 1.001E+014  1.000E-099  1.000E-099  6.507E+008
 1.003E+014  1.000E-099  1.000E-099  6.507E+008
 9.323E-003
