 2.100E+005
     x1b        dens       energ       v1
 1.000E+011  9.864E-014  2.086E+008  0.000E+000
 3.000E+011  9.908E-014  2.086E+008  1.477E+006
 5.000E+011  1.003E-013  2.086E+008  2.958E+006
 7.000E+011  1.024E-013  2.086E+008  4.436E+006
 9.000E+011  1.050E-013  2.086E+008  5.915E+006
 1.100E+012  1.076E-013  2.086E+008  7.394E+006
 1.300E+012  1.099E-013  2.086E+008  8.873E+006
 1.500E+012  1.115E-013  2.086E+008  1.035E+007
 1.700E+012  1.126E-013  2.086E+008  1.183E+007
 1.900E+012  1.133E-013  2.086E+008  1.331E+007
 2.100E+012  1.138E-013  2.086E+008  1.479E+007
 2.300E+012  1.143E-013  2.086E+008  1.626E+007
 2.500E+012  1.147E-013  2.086E+008  1.774E+007
 2.700E+012  1.151E-013  2.086E+008  1.922E+007
 2.900E+012  1.156E-013  2.086E+008  2.070E+007
 3.100E+012  1.162E-013  2.086E+008  2.218E+007
 3.300E+012  1.168E-013  2.086E+008  2.366E+007
 3.500E+012  1.175E-013  2.086E+008  2.514E+007
 3.700E+012  1.182E-013  2.086E+008  2.661E+007
 3.900E+012  1.189E-013  2.086E+008  2.809E+007
 4.100E+012  1.196E-013  2.086E+008  2.957E+007
 4.300E+012  1.203E-013  2.086E+008  3.105E+007
 4.500E+012  1.210E-013  2.086E+008  3.253E+007
 4.700E+012  1.217E-013  2.086E+008  3.401E+007
 4.900E+012  1.223E-013  2.086E+008  3.548E+007
 5.100E+012  1.231E-013  2.086E+008  3.696E+007
 5.300E+012  1.238E-013  2.086E+008  3.844E+007
 5.500E+012  1.245E-013  2.086E+008  3.992E+007
 5.700E+012  1.253E-013  2.086E+008  4.140E+007
 5.900E+012  1.260E-013  2.086E+008  4.288E+007
 6.100E+012  1.268E-013  2.086E+008  4.435E+007
 6.300E+012  1.276E-013  2.086E+008  4.583E+007
 6.500E+012  1.283E-013  2.086E+008  4.731E+007
 6.700E+012  1.291E-013  2.086E+008  4.879E+007
 6.900E+012  1.299E-013  2.086E+008  5.027E+007
 7.100E+012  1.307E-013  2.086E+008  5.174E+007
 7.300E+012  1.314E-013  2.086E+008  5.322E+007
 7.500E+012  1.322E-013  2.086E+008  5.470E+007
 7.700E+012  1.330E-013  2.086E+008  5.618E+007
 7.900E+012  1.337E-013  2.086E+008  5.765E+007
 8.100E+012  1.345E-013  2.086E+008  5.913E+007
 8.300E+012  1.352E-013  2.086E+008  6.061E+007
 8.500E+012  1.359E-013  2.086E+008  6.209E+007
 8.700E+012  1.366E-013  2.086E+008  6.356E+007
 8.900E+012  1.373E-013  2.086E+008  6.504E+007
 9.100E+012  1.380E-013  2.086E+008  6.652E+007
 9.300E+012  1.386E-013  2.086E+008  6.800E+007
 9.500E+012  1.392E-013  2.086E+008  6.947E+007
 9.700E+012  1.398E-013  2.086E+008  7.095E+007
 9.900E+012  1.403E-013  2.086E+008  7.243E+007
 1.010E+013  1.407E-013  2.086E+008  7.390E+007
 1.030E+013  1.411E-013  2.086E+008  7.538E+007
 1.050E+013  1.415E-013  2.086E+008  7.686E+007
 1.070E+013  1.417E-013  2.086E+008  7.833E+007
 1.090E+013  1.419E-013  2.086E+008  7.981E+007
 1.110E+013  1.420E-013  2.086E+008  8.129E+007
 1.130E+013  1.421E-013  2.086E+008  8.276E+007
 1.150E+013  1.421E-013  2.086E+008  8.424E+007
 1.170E+013  1.422E-013  2.086E+008  8.572E+007
 1.190E+013  1.422E-013  2.086E+008  8.719E+007
 1.210E+013  1.422E-013  2.086E+008  8.867E+007
 1.230E+013  1.422E-013  2.086E+008  9.014E+007
 1.250E+013  1.422E-013  2.086E+008  9.162E+007
 1.270E+013  1.422E-013  2.086E+008  9.310E+007
 1.290E+013  1.421E-013  2.086E+008  9.457E+007
 1.310E+013  1.421E-013  2.086E+008  9.605E+007
 1.330E+013  1.421E-013  2.086E+008  9.752E+007
 1.350E+013  1.421E-013  2.086E+008  9.900E+007
 1.370E+013  1.421E-013  2.086E+008  1.005E+008
 1.390E+013  1.421E-013  2.086E+008  1.020E+008
 1.410E+013  1.421E-013  2.086E+008  1.034E+008
 1.430E+013  1.421E-013  2.086E+008  1.049E+008
 1.450E+013  1.421E-013  2.086E+008  1.064E+008
 1.470E+013  1.420E-013  2.086E+008  1.079E+008
 1.490E+013  1.420E-013  2.086E+008  1.093E+008
 1.510E+013  1.420E-013  2.086E+008  1.108E+008
 1.530E+013  1.420E-013  2.086E+008  1.123E+008
 1.550E+013  1.419E-013  2.086E+008  1.138E+008
 1.570E+013  1.419E-013  2.086E+008  1.152E+008
 1.590E+013  1.418E-013  2.086E+008  1.167E+008
 1.610E+013  1.418E-013  2.086E+008  1.182E+008
 1.630E+013  1.418E-013  2.086E+008  1.197E+008
 1.650E+013  1.417E-013  2.086E+008  1.211E+008
 1.670E+013  1.417E-013  2.086E+008  1.226E+008
 1.690E+013  1.416E-013  2.086E+008  1.241E+008
 1.710E+013  1.416E-013  2.086E+008  1.255E+008
 1.730E+013  1.415E-013  2.086E+008  1.270E+008
 1.750E+013  1.415E-013  2.086E+008  1.285E+008
 1.770E+013  1.415E-013  2.086E+008  1.300E+008
 1.790E+013  1.414E-013  2.086E+008  1.314E+008
 1.810E+013  1.414E-013  2.086E+008  1.329E+008
 1.830E+013  1.414E-013  2.086E+008  1.344E+008
 1.850E+013  1.414E-013  2.086E+008  1.359E+008
 1.870E+013  1.414E-013  2.086E+008  1.373E+008
 1.890E+013  1.414E-013  2.086E+008  1.388E+008
 1.910E+013  1.414E-013  2.086E+008  1.403E+008
 1.930E+013  1.414E-013  2.086E+008  1.418E+008
 1.950E+013  1.414E-013  2.086E+008  1.432E+008
 1.970E+013  1.414E-013  2.086E+008  1.447E+008
 1.990E+013  1.414E-013  2.086E+008  1.462E+008
 2.010E+013  1.414E-013  2.086E+008  1.477E+008
 2.030E+013  1.414E-013  2.086E+008  1.491E+008
 2.050E+013  1.414E-013  2.086E+008  1.506E+008
 2.070E+013  1.415E-013  2.086E+008  1.521E+008
 2.090E+013  1.415E-013  2.086E+008  1.535E+008
 2.110E+013  1.415E-013  2.086E+008  1.550E+008
 2.130E+013  1.415E-013  2.086E+008  1.565E+008
 2.150E+013  1.416E-013  2.086E+008  1.580E+008
 2.170E+013  1.416E-013  2.086E+008  1.594E+008
 2.190E+013  1.416E-013  2.086E+008  1.609E+008
 2.210E+013  1.417E-013  2.086E+008  1.624E+008
 2.230E+013  1.418E-013  2.086E+008  1.639E+008
 2.250E+013  1.418E-013  2.086E+008  1.653E+008
 2.270E+013  1.419E-013  2.086E+008  1.668E+008
 2.290E+013  1.420E-013  2.086E+008  1.683E+008
 2.310E+013  1.421E-013  2.086E+008  1.698E+008
 2.330E+013  1.422E-013  2.086E+008  1.712E+008
 2.350E+013  1.423E-013  2.086E+008  1.727E+008
 2.370E+013  1.424E-013  2.086E+008  1.742E+008
 2.390E+013  1.426E-013  2.086E+008  1.756E+008
 2.410E+013  1.427E-013  2.086E+008  1.771E+008
 2.430E+013  1.429E-013  2.086E+008  1.786E+008
 2.450E+013  1.431E-013  2.086E+008  1.801E+008
 2.470E+013  1.433E-013  2.086E+008  1.815E+008
 2.490E+013  1.435E-013  2.086E+008  1.830E+008
 2.510E+013  1.438E-013  2.086E+008  1.845E+008
 2.530E+013  1.440E-013  2.086E+008  1.860E+008
 2.550E+013  1.443E-013  2.086E+008  1.874E+008
 2.570E+013  1.446E-013  2.086E+008  1.889E+008
 2.590E+013  1.449E-013  2.086E+008  1.904E+008
 2.610E+013  1.452E-013  2.086E+008  1.919E+008
 2.630E+013  1.456E-013  2.086E+008  1.933E+008
 2.650E+013  1.460E-013  2.086E+008  1.948E+008
 2.670E+013  1.464E-013  2.086E+008  1.963E+008
 2.690E+013  1.469E-013  2.086E+008  1.977E+008
 2.710E+013  1.473E-013  2.086E+008  1.992E+008
 2.730E+013  1.478E-013  2.086E+008  2.007E+008
 2.750E+013  1.484E-013  2.086E+008  2.022E+008
 2.770E+013  1.489E-013  2.086E+008  2.036E+008
 2.790E+013  1.495E-013  2.086E+008  2.051E+008
 2.810E+013  1.501E-013  2.086E+008  2.066E+008
 2.830E+013  1.508E-013  2.086E+008  2.081E+008
 2.850E+013  1.515E-013  2.086E+008  2.095E+008
 2.870E+013  1.522E-013  2.086E+008  2.110E+008
 2.890E+013  1.530E-013  2.086E+008  2.125E+008
 2.910E+013  1.538E-013  2.086E+008  2.140E+008
 2.930E+013  1.547E-013  2.086E+008  2.154E+008
 2.950E+013  1.556E-013  2.086E+008  2.169E+008
 2.970E+013  1.565E-013  2.086E+008  2.184E+008
 2.990E+013  1.575E-013  2.086E+008  2.199E+008
 3.010E+013  1.585E-013  2.086E+008  2.213E+008
 3.030E+013  1.596E-013  2.086E+008  2.228E+008
 3.050E+013  1.608E-013  2.086E+008  2.243E+008
 3.070E+013  1.620E-013  2.086E+008  2.258E+008
 3.090E+013  1.632E-013  2.086E+008  2.272E+008
 3.110E+013  1.645E-013  2.086E+008  2.287E+008
 3.130E+013  1.659E-013  2.086E+008  2.302E+008
 3.150E+013  1.673E-013  2.086E+008  2.317E+008
 3.170E+013  1.688E-013  2.086E+008  2.332E+008
 3.190E+013  1.704E-013  2.086E+008  2.346E+008
 3.210E+013  1.720E-013  2.086E+008  2.361E+008
 3.230E+013  1.737E-013  2.086E+008  2.376E+008
 3.250E+013  1.755E-013  2.086E+008  2.391E+008
 3.270E+013  1.773E-013  2.086E+008  2.405E+008
 3.290E+013  1.793E-013  2.086E+008  2.420E+008
 3.310E+013  1.813E-013  2.086E+008  2.435E+008
 3.330E+013  1.834E-013  2.086E+008  2.450E+008
 3.350E+013  1.856E-013  2.086E+008  2.465E+008
 3.370E+013  1.879E-013  2.086E+008  2.479E+008
 3.390E+013  1.902E-013  2.086E+008  2.494E+008
 3.410E+013  1.927E-013  2.086E+008  2.509E+008
 3.430E+013  1.953E-013  2.086E+008  2.524E+008
 3.450E+013  1.980E-013  2.086E+008  2.539E+008
 3.470E+013  2.008E-013  2.086E+008  2.553E+008
 3.490E+013  2.037E-013  2.086E+008  2.568E+008
 3.510E+013  2.067E-013  2.086E+008  2.583E+008
 3.530E+013  2.099E-013  2.086E+008  2.598E+008
 3.550E+013  2.131E-013  2.086E+008  2.613E+008
 3.570E+013  2.165E-013  2.086E+008  2.627E+008
 3.590E+013  2.201E-013  2.086E+008  2.642E+008
 3.610E+013  2.238E-013  2.086E+008  2.657E+008
 3.630E+013  2.276E-013  2.086E+008  2.672E+008
 3.650E+013  2.316E-013  2.086E+008  2.687E+008
 3.670E+013  2.358E-013  2.086E+008  2.702E+008
 3.690E+013  2.401E-013  2.086E+008  2.716E+008
 3.710E+013  2.446E-013  2.086E+008  2.731E+008
 3.730E+013  2.492E-013  2.086E+008  2.746E+008
 3.750E+013  2.541E-013  2.086E+008  2.761E+008
 3.770E+013  2.591E-013  2.086E+008  2.776E+008
 3.790E+013  2.643E-013  2.086E+008  2.791E+008
 3.810E+013  2.698E-013  2.086E+008  2.806E+008
 3.830E+013  2.754E-013  2.086E+008  2.820E+008
 3.850E+013  2.813E-013  2.086E+008  2.835E+008
 3.870E+013  2.874E-013  2.086E+008  2.850E+008
 3.890E+013  2.937E-013  2.086E+008  2.865E+008
 3.910E+013  3.003E-013  2.086E+008  2.880E+008
 3.930E+013  3.071E-013  2.086E+008  2.895E+008
 3.950E+013  3.142E-013  2.086E+008  2.910E+008
 3.970E+013  3.215E-013  2.086E+008  2.925E+008
 3.990E+013  3.291E-013  2.086E+008  2.940E+008
 4.010E+013  3.370E-013  2.086E+008  2.954E+008
 4.030E+013  3.452E-013  2.086E+008  2.969E+008
 4.050E+013  3.537E-013  2.086E+008  2.984E+008
 4.070E+013  3.625E-013  2.086E+008  2.999E+008
 4.090E+013  3.716E-013  2.086E+008  3.014E+008
 4.110E+013  3.811E-013  2.086E+008  3.029E+008
 4.130E+013  3.909E-013  2.086E+008  3.044E+008
 4.150E+013  4.010E-013  2.086E+008  3.059E+008
 4.170E+013  4.115E-013  2.086E+008  3.074E+008
 4.190E+013  4.224E-013  2.086E+008  3.089E+008
 4.210E+013  4.336E-013  2.086E+008  3.104E+008
 4.230E+013  4.452E-013  2.086E+008  3.119E+008
 4.250E+013  4.572E-013  2.086E+008  3.133E+008
 4.270E+013  4.697E-013  2.086E+008  3.148E+008
 4.290E+013  4.825E-013  2.086E+008  3.163E+008
 4.310E+013  4.957E-013  2.086E+008  3.178E+008
 4.330E+013  5.094E-013  2.086E+008  3.193E+008
 4.350E+013  5.235E-013  2.086E+008  3.208E+008
 4.370E+013  5.380E-013  2.086E+008  3.223E+008
 4.390E+013  5.530E-013  2.087E+008  3.238E+008
 4.410E+013  5.684E-013  2.087E+008  3.253E+008
 4.430E+013  5.843E-013  2.087E+008  3.268E+008
 4.450E+013  6.007E-013  2.087E+008  3.283E+008
 4.470E+013  6.175E-013  2.087E+008  3.298E+008
 4.490E+013  6.348E-013  2.087E+008  3.313E+008
 4.510E+013  6.525E-013  2.087E+008  3.328E+008
 4.530E+013  6.707E-013  2.087E+008  3.343E+008
 4.550E+013  6.895E-013  2.087E+008  3.358E+008
 4.570E+013  7.086E-013  2.087E+008  3.373E+008
 4.590E+013  7.283E-013  2.087E+008  3.388E+008
 4.610E+013  7.484E-013  2.087E+008  3.402E+008
 4.630E+013  7.690E-013  2.087E+008  3.417E+008
 4.650E+013  7.901E-013  2.087E+008  3.432E+008
 4.670E+013  8.116E-013  2.087E+008  3.447E+008
 4.690E+013  8.336E-013  2.087E+008  3.462E+008
 4.710E+013  8.560E-013  2.087E+008  3.477E+008
 4.730E+013  8.789E-013  2.087E+008  3.492E+008
 4.750E+013  9.023E-013  2.087E+008  3.507E+008
 4.770E+013  9.260E-013  2.087E+008  3.522E+008
 4.790E+013  9.502E-013  2.087E+008  3.537E+008
 4.810E+013  9.748E-013  2.087E+008  3.552E+008
 4.830E+013  9.998E-013  2.087E+008  3.567E+008
 4.850E+013  1.025E-012  2.087E+008  3.581E+008
 4.870E+013  1.051E-012  2.087E+008  3.596E+008
 4.890E+013  1.077E-012  2.087E+008  3.611E+008
 4.910E+013  1.104E-012  2.087E+008  3.626E+008
 4.930E+013  1.130E-012  2.087E+008  3.641E+008
 4.950E+013  1.158E-012  2.087E+008  3.656E+008
 4.970E+013  1.185E-012  2.087E+008  3.671E+008
 4.990E+013  1.213E-012  2.088E+008  3.686E+008
 5.010E+013  1.241E-012  2.088E+008  3.701E+008
 5.030E+013  1.269E-012  2.088E+008  3.716E+008
 5.050E+013  1.298E-012  2.088E+008  3.731E+008
 5.070E+013  1.327E-012  2.088E+008  3.746E+008
 5.090E+013  1.356E-012  2.088E+008  3.761E+008
 5.110E+013  1.385E-012  2.088E+008  3.776E+008
 5.130E+013  1.415E-012  2.088E+008  3.791E+008
 5.150E+013  1.445E-012  2.088E+008  3.806E+008
 5.170E+013  1.475E-012  2.088E+008  3.821E+008
 5.190E+013  1.505E-012  2.088E+008  3.836E+008
 5.210E+013  1.536E-012  2.088E+008  3.851E+008
 5.230E+013  1.566E-012  2.088E+008  3.866E+008
 5.250E+013  1.597E-012  2.088E+008  3.881E+008
 5.270E+013  1.628E-012  2.088E+008  3.896E+008
 5.290E+013  1.659E-012  2.088E+008  3.911E+008
 5.310E+013  1.690E-012  2.089E+008  3.927E+008
 5.330E+013  1.722E-012  2.089E+008  3.942E+008
 5.350E+013  1.753E-012  2.089E+008  3.957E+008
 5.370E+013  1.785E-012  2.089E+008  3.972E+008
 5.390E+013  1.817E-012  2.089E+008  3.987E+008
 5.410E+013  1.849E-012  2.089E+008  4.002E+008
 5.430E+013  1.881E-012  2.089E+008  4.017E+008
 5.450E+013  1.913E-012  2.089E+008  4.032E+008
 5.470E+013  1.946E-012  2.089E+008  4.047E+008
 5.490E+013  1.978E-012  2.089E+008  4.061E+008
 5.510E+013  2.011E-012  2.089E+008  4.076E+008
 5.530E+013  2.044E-012  2.089E+008  4.091E+008
 5.550E+013  2.077E-012  2.090E+008  4.105E+008
 5.570E+013  2.110E-012  2.090E+008  4.119E+008
 5.590E+013  2.143E-012  2.090E+008  4.133E+008
 5.610E+013  2.177E-012  2.090E+008  4.147E+008
 5.630E+013  2.211E-012  2.090E+008  4.161E+008
 5.650E+013  2.245E-012  2.090E+008  4.175E+008
 5.670E+013  2.279E-012  2.090E+008  4.189E+008
 5.690E+013  2.313E-012  2.090E+008  4.202E+008
 5.710E+013  2.348E-012  2.090E+008  4.215E+008
 5.730E+013  2.382E-012  2.090E+008  4.229E+008
 5.750E+013  2.417E-012  2.090E+008  4.242E+008
 5.770E+013  2.453E-012  2.090E+008  4.255E+008
 5.790E+013  2.488E-012  2.090E+008  4.268E+008
 5.810E+013  2.524E-012  2.090E+008  4.280E+008
 5.830E+013  2.560E-012  2.090E+008  4.293E+008
 5.850E+013  2.596E-012  2.090E+008  4.306E+008
 5.870E+013  2.633E-012  2.090E+008  4.319E+008
 5.890E+013  2.670E-012  2.090E+008  4.331E+008
 5.910E+013  2.707E-012  2.090E+008  4.344E+008
 5.930E+013  2.745E-012  2.090E+008  4.357E+008
 5.950E+013  2.783E-012  2.090E+008  4.370E+008
 5.970E+013  2.821E-012  2.090E+008  4.384E+008
 5.990E+013  2.860E-012  2.090E+008  4.398E+008
 6.010E+013  2.899E-012  2.091E+008  4.412E+008
 6.030E+013  2.938E-012  2.091E+008  4.426E+008
 6.050E+013  2.978E-012  2.091E+008  4.441E+008
 6.070E+013  3.019E-012  2.091E+008  4.456E+008
 6.090E+013  3.060E-012  2.091E+008  4.472E+008
 6.110E+013  3.101E-012  2.091E+008  4.488E+008
 6.130E+013  3.143E-012  2.091E+008  4.505E+008
 6.150E+013  3.185E-012  2.092E+008  4.523E+008
 6.170E+013  3.228E-012  2.092E+008  4.541E+008
 6.190E+013  3.272E-012  2.092E+008  4.560E+008
 6.210E+013  3.316E-012  2.093E+008  4.579E+008
 6.230E+013  3.360E-012  2.093E+008  4.599E+008
 6.250E+013  3.405E-012  2.093E+008  4.620E+008
 6.270E+013  3.451E-012  2.094E+008  4.640E+008
 6.290E+013  3.497E-012  2.094E+008  4.662E+008
 6.310E+013  3.544E-012  2.095E+008  4.683E+008
 6.330E+013  3.592E-012  2.095E+008  4.705E+008
 6.350E+013  3.640E-012  2.096E+008  4.727E+008
 6.370E+013  3.689E-012  2.096E+008  4.749E+008
 6.390E+013  3.739E-012  2.096E+008  4.771E+008
 6.410E+013  3.789E-012  2.097E+008  4.793E+008
 6.430E+013  3.840E-012  2.097E+008  4.814E+008
 6.450E+013  3.892E-012  2.098E+008  4.835E+008
 6.470E+013  3.945E-012  2.098E+008  4.855E+008
 6.490E+013  3.998E-012  2.099E+008  4.875E+008
 6.510E+013  4.051E-012  2.099E+008  4.894E+008
 6.530E+013  4.106E-012  2.099E+008  4.912E+008
 6.550E+013  4.161E-012  2.100E+008  4.930E+008
 6.570E+013  4.217E-012  2.100E+008  4.946E+008
 6.590E+013  4.274E-012  2.100E+008  4.962E+008
 6.610E+013  4.332E-012  2.100E+008  4.977E+008
 6.630E+013  4.390E-012  2.100E+008  4.991E+008
 6.650E+013  4.449E-012  2.100E+008  5.004E+008
 6.670E+013  4.509E-012  2.101E+008  5.016E+008
 6.690E+013  4.570E-012  2.101E+008  5.028E+008
 6.710E+013  4.631E-012  2.101E+008  5.039E+008
 6.730E+013  4.693E-012  2.101E+008  5.050E+008
 6.750E+013  4.757E-012  2.101E+008  5.060E+008
 6.770E+013  4.821E-012  2.101E+008  5.071E+008
 6.790E+013  4.886E-012  2.101E+008  5.080E+008
 6.810E+013  4.951E-012  2.101E+008  5.090E+008
 6.830E+013  5.018E-012  2.101E+008  5.100E+008
 6.850E+013  5.086E-012  2.101E+008  5.110E+008
 6.870E+013  5.154E-012  2.101E+008  5.120E+008
 6.890E+013  5.224E-012  2.101E+008  5.130E+008
 6.910E+013  5.294E-012  2.101E+008  5.140E+008
 6.930E+013  5.366E-012  2.101E+008  5.151E+008
 6.950E+013  5.438E-012  2.101E+008  5.162E+008
 6.970E+013  5.511E-012  2.101E+008  5.174E+008
 6.990E+013  5.586E-012  2.101E+008  5.186E+008
 7.010E+013  5.661E-012  2.101E+008  5.199E+008
 7.030E+013  5.737E-012  2.102E+008  5.212E+008
 7.050E+013  5.815E-012  2.102E+008  5.225E+008
 7.070E+013  5.893E-012  2.102E+008  5.240E+008
 7.090E+013  5.973E-012  2.103E+008  5.255E+008
 7.110E+013  6.053E-012  2.103E+008  5.271E+008
 7.130E+013  6.135E-012  2.104E+008  5.287E+008
 7.150E+013  6.218E-012  2.104E+008  5.304E+008
 7.170E+013  6.302E-012  2.105E+008  5.322E+008
 7.190E+013  6.386E-012  2.105E+008  5.341E+008
 7.210E+013  6.472E-012  2.106E+008  5.361E+008
 7.230E+013  6.559E-012  2.107E+008  5.381E+008
 7.250E+013  6.648E-012  2.108E+008  5.402E+008
 7.270E+013  6.737E-012  2.109E+008  5.424E+008
 7.290E+013  6.827E-012  2.110E+008  5.446E+008
 7.310E+013  6.919E-012  2.111E+008  5.470E+008
 7.330E+013  7.011E-012  2.112E+008  5.494E+008
 7.350E+013  7.105E-012  2.113E+008  5.519E+008
 7.370E+013  7.200E-012  2.115E+008  5.545E+008
 7.390E+013  7.296E-012  2.116E+008  5.572E+008
 7.410E+013  7.393E-012  2.117E+008  5.599E+008
 7.430E+013  7.491E-012  2.119E+008  5.628E+008
 7.450E+013  7.591E-012  2.120E+008  5.657E+008
 7.470E+013  7.691E-012  2.122E+008  5.687E+008
 7.490E+013  7.792E-012  2.123E+008  5.718E+008
 7.510E+013  7.895E-012  2.125E+008  5.750E+008
 7.530E+013  7.999E-012  2.127E+008  5.783E+008
 7.550E+013  8.103E-012  2.128E+008  5.817E+008
 7.570E+013  8.209E-012  2.130E+008  5.852E+008
 7.590E+013  8.316E-012  2.132E+008  5.888E+008
 7.610E+013  8.424E-012  2.133E+008  5.925E+008
 7.630E+013  8.532E-012  2.135E+008  5.963E+008
 7.650E+013  8.642E-012  2.137E+008  6.002E+008
 7.670E+013  8.753E-012  2.138E+008  6.042E+008
 7.690E+013  8.864E-012  2.140E+008  6.084E+008
 7.710E+013  8.977E-012  2.142E+008  6.127E+008
 7.730E+013  9.090E-012  2.143E+008  6.171E+008
 7.750E+013  9.204E-012  2.145E+008  6.215E+008
 7.770E+013  9.319E-012  2.146E+008  6.261E+008
 7.790E+013  9.436E-012  2.148E+008  6.307E+008
 7.810E+013  9.553E-012  2.149E+008  6.354E+008
 7.830E+013  9.671E-012  2.150E+008  6.402E+008
 7.850E+013  9.790E-012  2.152E+008  6.449E+008
 7.870E+013  9.910E-012  2.153E+008  6.496E+008
 7.890E+013  1.003E-011  2.155E+008  6.542E+008
 7.910E+013  1.015E-011  2.156E+008  6.587E+008
 7.930E+013  1.028E-011  2.158E+008  6.631E+008
 7.950E+013  1.040E-011  2.160E+008  6.672E+008
 7.970E+013  1.053E-011  2.162E+008  6.710E+008
 7.990E+013  1.066E-011  2.164E+008  6.744E+008
 8.010E+013  1.079E-011  2.167E+008  6.774E+008
 8.030E+013  1.093E-011  2.170E+008  6.799E+008
 8.050E+013  1.106E-011  2.173E+008  6.819E+008
 8.070E+013  1.120E-011  2.177E+008  6.833E+008
 8.090E+013  1.134E-011  2.181E+008  6.843E+008
 8.110E+013  1.149E-011  2.186E+008  6.849E+008
 8.130E+013  1.163E-011  2.190E+008  6.850E+008
 8.150E+013  1.178E-011  2.195E+008  6.849E+008
 8.170E+013  1.193E-011  2.201E+008  6.843E+008
 8.190E+013  1.209E-011  2.206E+008  6.833E+008
 8.210E+013  1.224E-011  2.212E+008  6.823E+008
 8.230E+013  1.240E-011  2.217E+008  6.814E+008
 8.250E+013  1.256E-011  2.222E+008  6.805E+008
 8.270E+013  1.272E-011  2.227E+008  6.799E+008
 8.290E+013  1.288E-011  2.232E+008  6.793E+008
 8.310E+013  1.304E-011  2.237E+008  6.790E+008
 8.330E+013  1.321E-011  2.241E+008  6.788E+008
 8.350E+013  1.337E-011  2.246E+008  6.787E+008
 8.370E+013  1.354E-011  2.250E+008  6.786E+008
 8.390E+013  1.371E-011  2.255E+008  6.787E+008
 8.410E+013  1.388E-011  2.259E+008  6.787E+008
 8.430E+013  1.405E-011  2.263E+008  6.788E+008
 8.450E+013  1.422E-011  2.268E+008  6.789E+008
 8.470E+013  1.440E-011  2.272E+008  6.790E+008
 8.490E+013  1.458E-011  2.276E+008  6.794E+008
 8.510E+013  1.475E-011  2.279E+008  6.799E+008
 8.530E+013  1.493E-011  2.283E+008  6.806E+008
 8.550E+013  1.511E-011  2.286E+008  6.816E+008
 8.570E+013  1.529E-011  2.289E+008  6.829E+008
 8.590E+013  1.548E-011  2.291E+008  6.844E+008
 8.610E+013  1.566E-011  2.294E+008  6.862E+008
 8.630E+013  1.585E-011  2.296E+008  6.881E+008
 8.650E+013  1.603E-011  2.298E+008  6.902E+008
 8.670E+013  1.622E-011  2.300E+008  6.924E+008
 8.690E+013  1.641E-011  2.302E+008  6.945E+008
 8.710E+013  1.660E-011  2.304E+008  6.965E+008
 8.730E+013  1.680E-011  2.306E+008  6.984E+008
 8.750E+013  1.700E-011  2.308E+008  7.000E+008
 8.770E+013  1.720E-011  2.311E+008  7.012E+008
 8.790E+013  1.741E-011  2.314E+008  7.021E+008
 8.810E+013  1.762E-011  2.318E+008  7.025E+008
 8.830E+013  1.783E-011  2.322E+008  7.027E+008
 8.850E+013  1.805E-011  2.326E+008  7.026E+008
 8.870E+013  1.827E-011  2.330E+008  7.022E+008
 8.890E+013  1.850E-011  2.335E+008  7.016E+008
 8.910E+013  1.873E-011  2.339E+008  7.009E+008
 8.930E+013  1.896E-011  2.344E+008  7.002E+008
 8.950E+013  1.920E-011  2.348E+008  6.996E+008
 8.970E+013  1.943E-011  2.352E+008  6.989E+008
 8.990E+013  1.967E-011  2.357E+008  6.981E+008
 9.010E+013  1.992E-011  2.362E+008  6.973E+008
 9.030E+013  2.017E-011  2.366E+008  6.964E+008
 9.050E+013  2.042E-011  2.371E+008  6.953E+008
 9.070E+013  2.067E-011  2.376E+008  6.943E+008
 9.090E+013  2.093E-011  2.381E+008  6.932E+008
 9.110E+013  2.119E-011  2.386E+008  6.921E+008
 9.130E+013  2.146E-011  2.391E+008  6.910E+008
 9.150E+013  2.172E-011  2.396E+008  6.898E+008
 9.170E+013  2.199E-011  2.401E+008  6.887E+008
 9.190E+013  2.227E-011  2.406E+008  6.875E+008
 9.210E+013  2.255E-011  2.411E+008  6.864E+008
 9.230E+013  2.283E-011  2.415E+008  6.854E+008
 9.250E+013  2.311E-011  2.420E+008  6.845E+008
 9.270E+013  2.339E-011  2.424E+008  6.837E+008
 9.290E+013  2.368E-011  2.428E+008  6.832E+008
 9.310E+013  2.396E-011  2.432E+008  6.829E+008
 9.330E+013  2.425E-011  2.436E+008  6.828E+008
 9.350E+013  2.454E-011  2.439E+008  6.830E+008
 9.370E+013  2.483E-011  2.442E+008  6.835E+008
 9.390E+013  2.512E-011  2.444E+008  6.841E+008
 9.410E+013  2.541E-011  2.446E+008  6.850E+008
 9.430E+013  2.571E-011  2.449E+008  6.860E+008
 9.450E+013  2.601E-011  2.451E+008  6.871E+008
 9.470E+013  2.631E-011  2.452E+008  6.882E+008
 9.490E+013  2.661E-011  2.454E+008  6.893E+008
 9.510E+013  2.691E-011  2.457E+008  6.903E+008
 9.530E+013  2.723E-011  2.459E+008  6.912E+008
 9.550E+013  2.754E-011  2.461E+008  6.919E+008
 9.570E+013  2.786E-011  2.464E+008  6.923E+008
 9.590E+013  2.818E-011  2.467E+008  6.926E+008
 9.610E+013  2.851E-011  2.470E+008  6.928E+008
 9.630E+013  2.884E-011  2.473E+008  6.930E+008
 9.650E+013  2.917E-011  2.475E+008  6.932E+008
 9.670E+013  2.951E-011  2.478E+008  6.935E+008
 9.690E+013  2.984E-011  2.480E+008  6.939E+008
 9.710E+013  3.018E-011  2.483E+008  6.945E+008
 9.730E+013  3.052E-011  2.485E+008  6.951E+008
 9.750E+013  3.087E-011  2.487E+008  6.957E+008
 9.770E+013  3.121E-011  2.489E+008  6.963E+008
 9.790E+013  3.157E-011  2.491E+008  6.968E+008
 9.810E+013  3.192E-011  2.494E+008  6.971E+008
 9.830E+013  3.228E-011  2.497E+008  6.973E+008
 9.850E+013  3.265E-011  2.499E+008  6.974E+008
 9.870E+013  3.302E-011  2.502E+008  6.975E+008
 9.890E+013  3.339E-011  2.505E+008  6.974E+008
 9.910E+013  3.376E-011  2.508E+008  6.974E+008
 9.930E+013  3.414E-011  2.511E+008  6.973E+008
 9.950E+013  3.453E-011  2.513E+008  6.973E+008
 9.970E+013  3.488E-011  2.516E+008  6.972E+008
 9.990E+013  3.548E-011  2.519E+008  6.970E+008
 1.001E+014  1.000E-099  1.000E-099  6.970E+008
 1.003E+014  1.000E-099  1.000E-099  6.970E+008
 6.659E-003
