 1.860E+005
     x1b        dens       energ       v1
 1.000E+011  1.992E-013  6.731E+008  0.000E+000
 3.000E+011  2.010E-013  6.731E+008  1.375E+006
 5.000E+011  2.054E-013  6.731E+008  2.708E+006
 7.000E+011  2.118E-013  6.731E+008  4.075E+006
 9.000E+011  2.184E-013  6.731E+008  5.429E+006
 1.100E+012  2.236E-013  6.731E+008  6.788E+006
 1.300E+012  2.269E-013  6.731E+008  8.145E+006
 1.500E+012  2.288E-013  6.731E+008  9.502E+006
 1.700E+012  2.301E-013  6.731E+008  1.086E+007
 1.900E+012  2.312E-013  6.731E+008  1.222E+007
 2.100E+012  2.323E-013  6.731E+008  1.357E+007
 2.300E+012  2.335E-013  6.731E+008  1.493E+007
 2.500E+012  2.350E-013  6.731E+008  1.629E+007
 2.700E+012  2.367E-013  6.731E+008  1.765E+007
 2.900E+012  2.384E-013  6.731E+008  1.900E+007
 3.100E+012  2.402E-013  6.731E+008  2.036E+007
 3.300E+012  2.420E-013  6.731E+008  2.172E+007
 3.500E+012  2.438E-013  6.731E+008  2.308E+007
 3.700E+012  2.455E-013  6.731E+008  2.443E+007
 3.900E+012  2.473E-013  6.731E+008  2.579E+007
 4.100E+012  2.491E-013  6.731E+008  2.715E+007
 4.300E+012  2.510E-013  6.731E+008  2.850E+007
 4.500E+012  2.529E-013  6.731E+008  2.986E+007
 4.700E+012  2.548E-013  6.731E+008  3.122E+007
 4.900E+012  2.568E-013  6.731E+008  3.258E+007
 5.100E+012  2.588E-013  6.731E+008  3.393E+007
 5.300E+012  2.608E-013  6.731E+008  3.529E+007
 5.500E+012  2.628E-013  6.731E+008  3.665E+007
 5.700E+012  2.647E-013  6.731E+008  3.801E+007
 5.900E+012  2.667E-013  6.731E+008  3.936E+007
 6.100E+012  2.686E-013  6.731E+008  4.072E+007
 6.300E+012  2.706E-013  6.731E+008  4.208E+007
 6.500E+012  2.725E-013  6.731E+008  4.343E+007
 6.700E+012  2.743E-013  6.731E+008  4.479E+007
 6.900E+012  2.761E-013  6.731E+008  4.615E+007
 7.100E+012  2.779E-013  6.731E+008  4.751E+007
 7.300E+012  2.796E-013  6.731E+008  4.886E+007
 7.500E+012  2.811E-013  6.731E+008  5.022E+007
 7.700E+012  2.825E-013  6.731E+008  5.158E+007
 7.900E+012  2.837E-013  6.731E+008  5.293E+007
 8.100E+012  2.848E-013  6.731E+008  5.429E+007
 8.300E+012  2.856E-013  6.731E+008  5.565E+007
 8.500E+012  2.863E-013  6.731E+008  5.701E+007
 8.700E+012  2.867E-013  6.731E+008  5.836E+007
 8.900E+012  2.870E-013  6.731E+008  5.972E+007
 9.100E+012  2.871E-013  6.731E+008  6.108E+007
 9.300E+012  2.871E-013  6.731E+008  6.243E+007
 9.500E+012  2.871E-013  6.731E+008  6.379E+007
 9.700E+012  2.871E-013  6.730E+008  6.515E+007
 9.900E+012  2.871E-013  6.730E+008  6.650E+007
 1.010E+013  2.871E-013  6.730E+008  6.786E+007
 1.030E+013  2.871E-013  6.730E+008  6.922E+007
 1.050E+013  2.871E-013  6.730E+008  7.058E+007
 1.070E+013  2.870E-013  6.730E+008  7.193E+007
 1.090E+013  2.870E-013  6.730E+008  7.329E+007
 1.110E+013  2.870E-013  6.730E+008  7.465E+007
 1.130E+013  2.869E-013  6.730E+008  7.600E+007
 1.150E+013  2.869E-013  6.730E+008  7.736E+007
 1.170E+013  2.868E-013  6.730E+008  7.872E+007
 1.190E+013  2.868E-013  6.730E+008  8.007E+007
 1.210E+013  2.867E-013  6.730E+008  8.143E+007
 1.230E+013  2.866E-013  6.730E+008  8.279E+007
 1.250E+013  2.865E-013  6.730E+008  8.415E+007
 1.270E+013  2.864E-013  6.730E+008  8.550E+007
 1.290E+013  2.863E-013  6.730E+008  8.686E+007
 1.310E+013  2.862E-013  6.730E+008  8.822E+007
 1.330E+013  2.861E-013  6.730E+008  8.957E+007
 1.350E+013  2.859E-013  6.730E+008  9.093E+007
 1.370E+013  2.858E-013  6.730E+008  9.229E+007
 1.390E+013  2.857E-013  6.730E+008  9.364E+007
 1.410E+013  2.856E-013  6.730E+008  9.500E+007
 1.430E+013  2.856E-013  6.730E+008  9.636E+007
 1.450E+013  2.856E-013  6.730E+008  9.771E+007
 1.470E+013  2.856E-013  6.730E+008  9.907E+007
 1.490E+013  2.856E-013  6.730E+008  1.004E+008
 1.510E+013  2.856E-013  6.730E+008  1.018E+008
 1.530E+013  2.856E-013  6.730E+008  1.031E+008
 1.550E+013  2.856E-013  6.730E+008  1.045E+008
 1.570E+013  2.856E-013  6.730E+008  1.059E+008
 1.590E+013  2.856E-013  6.730E+008  1.072E+008
 1.610E+013  2.856E-013  6.730E+008  1.086E+008
 1.630E+013  2.857E-013  6.730E+008  1.099E+008
 1.650E+013  2.857E-013  6.730E+008  1.113E+008
 1.670E+013  2.858E-013  6.730E+008  1.126E+008
 1.690E+013  2.858E-013  6.730E+008  1.140E+008
 1.710E+013  2.859E-013  6.730E+008  1.154E+008
 1.730E+013  2.860E-013  6.730E+008  1.167E+008
 1.750E+013  2.862E-013  6.730E+008  1.181E+008
 1.770E+013  2.863E-013  6.730E+008  1.194E+008
 1.790E+013  2.865E-013  6.730E+008  1.208E+008
 1.810E+013  2.867E-013  6.730E+008  1.221E+008
 1.830E+013  2.870E-013  6.730E+008  1.235E+008
 1.850E+013  2.872E-013  6.730E+008  1.249E+008
 1.870E+013  2.876E-013  6.730E+008  1.262E+008
 1.890E+013  2.879E-013  6.730E+008  1.276E+008
 1.910E+013  2.883E-013  6.730E+008  1.289E+008
 1.930E+013  2.888E-013  6.730E+008  1.303E+008
 1.950E+013  2.893E-013  6.730E+008  1.316E+008
 1.970E+013  2.898E-013  6.730E+008  1.330E+008
 1.990E+013  2.904E-013  6.730E+008  1.344E+008
 2.010E+013  2.911E-013  6.730E+008  1.357E+008
 2.030E+013  2.919E-013  6.730E+008  1.371E+008
 2.050E+013  2.927E-013  6.730E+008  1.384E+008
 2.070E+013  2.936E-013  6.730E+008  1.398E+008
 2.090E+013  2.945E-013  6.730E+008  1.411E+008
 2.110E+013  2.956E-013  6.730E+008  1.425E+008
 2.130E+013  2.967E-013  6.730E+008  1.439E+008
 2.150E+013  2.979E-013  6.730E+008  1.452E+008
 2.170E+013  2.992E-013  6.730E+008  1.466E+008
 2.190E+013  3.006E-013  6.730E+008  1.479E+008
 2.210E+013  3.021E-013  6.730E+008  1.493E+008
 2.230E+013  3.038E-013  6.730E+008  1.506E+008
 2.250E+013  3.055E-013  6.730E+008  1.520E+008
 2.270E+013  3.074E-013  6.730E+008  1.534E+008
 2.290E+013  3.093E-013  6.730E+008  1.547E+008
 2.310E+013  3.115E-013  6.730E+008  1.561E+008
 2.330E+013  3.137E-013  6.730E+008  1.574E+008
 2.350E+013  3.161E-013  6.730E+008  1.588E+008
 2.370E+013  3.187E-013  6.730E+008  1.601E+008
 2.390E+013  3.214E-013  6.730E+008  1.615E+008
 2.410E+013  3.242E-013  6.730E+008  1.629E+008
 2.430E+013  3.273E-013  6.730E+008  1.642E+008
 2.450E+013  3.305E-013  6.730E+008  1.656E+008
 2.470E+013  3.339E-013  6.730E+008  1.669E+008
 2.490E+013  3.375E-013  6.730E+008  1.683E+008
 2.510E+013  3.413E-013  6.730E+008  1.696E+008
 2.530E+013  3.454E-013  6.730E+008  1.710E+008
 2.550E+013  3.496E-013  6.730E+008  1.724E+008
 2.570E+013  3.541E-013  6.730E+008  1.737E+008
 2.590E+013  3.589E-013  6.730E+008  1.751E+008
 2.610E+013  3.639E-013  6.730E+008  1.764E+008
 2.630E+013  3.691E-013  6.730E+008  1.778E+008
 2.650E+013  3.747E-013  6.730E+008  1.792E+008
 2.670E+013  3.805E-013  6.730E+008  1.805E+008
 2.690E+013  3.867E-013  6.730E+008  1.819E+008
 2.710E+013  3.932E-013  6.730E+008  1.832E+008
 2.730E+013  4.000E-013  6.730E+008  1.846E+008
 2.750E+013  4.072E-013  6.730E+008  1.859E+008
 2.770E+013  4.148E-013  6.730E+008  1.873E+008
 2.790E+013  4.227E-013  6.730E+008  1.887E+008
 2.810E+013  4.311E-013  6.730E+008  1.900E+008
 2.830E+013  4.398E-013  6.730E+008  1.914E+008
 2.850E+013  4.491E-013  6.730E+008  1.927E+008
 2.870E+013  4.588E-013  6.730E+008  1.941E+008
 2.890E+013  4.690E-013  6.730E+008  1.954E+008
 2.910E+013  4.797E-013  6.730E+008  1.968E+008
 2.930E+013  4.910E-013  6.730E+008  1.982E+008
 2.950E+013  5.028E-013  6.730E+008  1.995E+008
 2.970E+013  5.152E-013  6.730E+008  2.009E+008
 2.990E+013  5.282E-013  6.730E+008  2.022E+008
 3.010E+013  5.419E-013  6.730E+008  2.036E+008
 3.030E+013  5.562E-013  6.730E+008  2.050E+008
 3.050E+013  5.713E-013  6.730E+008  2.063E+008
 3.070E+013  5.871E-013  6.730E+008  2.077E+008
 3.090E+013  6.036E-013  6.730E+008  2.090E+008
 3.110E+013  6.210E-013  6.730E+008  2.104E+008
 3.130E+013  6.391E-013  6.730E+008  2.117E+008
 3.150E+013  6.582E-013  6.730E+008  2.131E+008
 3.170E+013  6.781E-013  6.730E+008  2.145E+008
 3.190E+013  6.990E-013  6.730E+008  2.158E+008
 3.210E+013  7.209E-013  6.730E+008  2.172E+008
 3.230E+013  7.438E-013  6.730E+008  2.185E+008
 3.250E+013  7.677E-013  6.730E+008  2.199E+008
 3.270E+013  7.928E-013  6.730E+008  2.213E+008
 3.290E+013  8.189E-013  6.730E+008  2.226E+008
 3.310E+013  8.462E-013  6.730E+008  2.240E+008
 3.330E+013  8.747E-013  6.730E+008  2.253E+008
 3.350E+013  9.045E-013  6.730E+008  2.267E+008
 3.370E+013  9.355E-013  6.730E+008  2.280E+008
 3.390E+013  9.678E-013  6.730E+008  2.294E+008
 3.410E+013  1.001E-012  6.730E+008  2.308E+008
 3.430E+013  1.036E-012  6.730E+008  2.321E+008
 3.450E+013  1.073E-012  6.730E+008  2.335E+008
 3.470E+013  1.111E-012  6.730E+008  2.348E+008
 3.490E+013  1.150E-012  6.730E+008  2.362E+008
 3.510E+013  1.191E-012  6.730E+008  2.376E+008
 3.530E+013  1.233E-012  6.730E+008  2.389E+008
 3.550E+013  1.277E-012  6.730E+008  2.403E+008
 3.570E+013  1.322E-012  6.730E+008  2.416E+008
 3.590E+013  1.369E-012  6.729E+008  2.430E+008
 3.610E+013  1.417E-012  6.729E+008  2.443E+008
 3.630E+013  1.467E-012  6.729E+008  2.457E+008
 3.650E+013  1.519E-012  6.729E+008  2.471E+008
 3.670E+013  1.571E-012  6.729E+008  2.484E+008
 3.690E+013  1.626E-012  6.729E+008  2.498E+008
 3.710E+013  1.682E-012  6.729E+008  2.511E+008
 3.730E+013  1.739E-012  6.729E+008  2.525E+008
 3.750E+013  1.798E-012  6.729E+008  2.538E+008
 3.770E+013  1.858E-012  6.729E+008  2.552E+008
 3.790E+013  1.919E-012  6.729E+008  2.566E+008
 3.810E+013  1.982E-012  6.729E+008  2.579E+008
 3.830E+013  2.046E-012  6.729E+008  2.593E+008
 3.850E+013  2.112E-012  6.729E+008  2.606E+008
 3.870E+013  2.178E-012  6.729E+008  2.620E+008
 3.890E+013  2.246E-012  6.729E+008  2.633E+008
 3.910E+013  2.315E-012  6.729E+008  2.647E+008
 3.930E+013  2.385E-012  6.729E+008  2.661E+008
 3.950E+013  2.456E-012  6.729E+008  2.674E+008
 3.970E+013  2.527E-012  6.729E+008  2.688E+008
 3.990E+013  2.600E-012  6.728E+008  2.701E+008
 4.010E+013  2.673E-012  6.728E+008  2.715E+008
 4.030E+013  2.748E-012  6.728E+008  2.728E+008
 4.050E+013  2.823E-012  6.728E+008  2.742E+008
 4.070E+013  2.898E-012  6.728E+008  2.756E+008
 4.090E+013  2.975E-012  6.728E+008  2.769E+008
 4.110E+013  3.052E-012  6.728E+008  2.783E+008
 4.130E+013  3.129E-012  6.728E+008  2.796E+008
 4.150E+013  3.207E-012  6.728E+008  2.810E+008
 4.170E+013  3.286E-012  6.728E+008  2.823E+008
 4.190E+013  3.365E-012  6.728E+008  2.837E+008
 4.210E+013  3.445E-012  6.728E+008  2.851E+008
 4.230E+013  3.525E-012  6.727E+008  2.864E+008
 4.250E+013  3.605E-012  6.727E+008  2.878E+008
 4.270E+013  3.687E-012  6.727E+008  2.891E+008
 4.290E+013  3.768E-012  6.727E+008  2.905E+008
 4.310E+013  3.850E-012  6.727E+008  2.919E+008
 4.330E+013  3.932E-012  6.727E+008  2.932E+008
 4.350E+013  4.015E-012  6.727E+008  2.946E+008
 4.370E+013  4.099E-012  6.727E+008  2.959E+008
 4.390E+013  4.183E-012  6.727E+008  2.973E+008
 4.410E+013  4.267E-012  6.726E+008  2.987E+008
 4.430E+013  4.352E-012  6.726E+008  3.000E+008
 4.450E+013  4.438E-012  6.726E+008  3.014E+008
 4.470E+013  4.524E-012  6.726E+008  3.027E+008
 4.490E+013  4.610E-012  6.726E+008  3.041E+008
 4.510E+013  4.698E-012  6.726E+008  3.055E+008
 4.530E+013  4.786E-012  6.726E+008  3.068E+008
 4.550E+013  4.875E-012  6.725E+008  3.082E+008
 4.570E+013  4.965E-012  6.725E+008  3.095E+008
 4.590E+013  5.055E-012  6.725E+008  3.109E+008
 4.610E+013  5.147E-012  6.725E+008  3.123E+008
 4.630E+013  5.239E-012  6.725E+008  3.136E+008
 4.650E+013  5.332E-012  6.725E+008  3.150E+008
 4.670E+013  5.426E-012  6.724E+008  3.164E+008
 4.690E+013  5.522E-012  6.724E+008  3.177E+008
 4.710E+013  5.618E-012  6.724E+008  3.191E+008
 4.730E+013  5.715E-012  6.724E+008  3.205E+008
 4.750E+013  5.814E-012  6.724E+008  3.218E+008
 4.770E+013  5.914E-012  6.723E+008  3.232E+008
 4.790E+013  6.016E-012  6.723E+008  3.245E+008
 4.810E+013  6.118E-012  6.723E+008  3.259E+008
 4.830E+013  6.222E-012  6.723E+008  3.273E+008
 4.850E+013  6.328E-012  6.723E+008  3.286E+008
 4.870E+013  6.435E-012  6.722E+008  3.300E+008
 4.890E+013  6.544E-012  6.722E+008  3.314E+008
 4.910E+013  6.654E-012  6.722E+008  3.328E+008
 4.930E+013  6.766E-012  6.722E+008  3.341E+008
 4.950E+013  6.880E-012  6.721E+008  3.355E+008
 4.970E+013  6.996E-012  6.721E+008  3.369E+008
 4.990E+013  7.113E-012  6.721E+008  3.382E+008
 5.010E+013  7.233E-012  6.721E+008  3.396E+008
 5.030E+013  7.354E-012  6.720E+008  3.410E+008
 5.050E+013  7.477E-012  6.720E+008  3.423E+008
 5.070E+013  7.603E-012  6.720E+008  3.437E+008
 5.090E+013  7.731E-012  6.719E+008  3.451E+008
 5.110E+013  7.861E-012  6.719E+008  3.465E+008
 5.130E+013  7.993E-012  6.719E+008  3.478E+008
 5.150E+013  8.127E-012  6.718E+008  3.492E+008
 5.170E+013  8.264E-012  6.718E+008  3.506E+008
 5.190E+013  8.403E-012  6.718E+008  3.520E+008
 5.210E+013  8.545E-012  6.717E+008  3.533E+008
 5.230E+013  8.689E-012  6.717E+008  3.547E+008
 5.250E+013  8.836E-012  6.717E+008  3.561E+008
 5.270E+013  8.985E-012  6.716E+008  3.575E+008
 5.290E+013  9.137E-012  6.716E+008  3.589E+008
 5.310E+013  9.292E-012  6.716E+008  3.602E+008
 5.330E+013  9.449E-012  6.715E+008  3.616E+008
 5.350E+013  9.609E-012  6.715E+008  3.630E+008
 5.370E+013  9.772E-012  6.714E+008  3.644E+008
 5.390E+013  9.937E-012  6.714E+008  3.658E+008
 5.410E+013  1.011E-011  6.713E+008  3.672E+008
 5.430E+013  1.028E-011  6.713E+008  3.685E+008
 5.450E+013  1.045E-011  6.713E+008  3.699E+008
 5.470E+013  1.063E-011  6.712E+008  3.713E+008
 5.490E+013  1.081E-011  6.712E+008  3.727E+008
 5.510E+013  1.099E-011  6.711E+008  3.741E+008
 5.530E+013  1.118E-011  6.711E+008  3.755E+008
 5.550E+013  1.137E-011  6.710E+008  3.769E+008
 5.570E+013  1.156E-011  6.710E+008  3.783E+008
 5.590E+013  1.175E-011  6.709E+008  3.797E+008
 5.610E+013  1.195E-011  6.708E+008  3.811E+008
 5.630E+013  1.215E-011  6.708E+008  3.825E+008
 5.650E+013  1.235E-011  6.707E+008  3.839E+008
 5.670E+013  1.256E-011  6.707E+008  3.853E+008
 5.690E+013  1.277E-011  6.706E+008  3.867E+008
 5.710E+013  1.298E-011  6.705E+008  3.881E+008
 5.730E+013  1.319E-011  6.705E+008  3.895E+008
 5.750E+013  1.341E-011  6.704E+008  3.909E+008
 5.770E+013  1.363E-011  6.703E+008  3.923E+008
 5.790E+013  1.386E-011  6.703E+008  3.937E+008
 5.810E+013  1.408E-011  6.702E+008  3.951E+008
 5.830E+013  1.431E-011  6.701E+008  3.965E+008
 5.850E+013  1.454E-011  6.701E+008  3.979E+008
 5.870E+013  1.478E-011  6.700E+008  3.993E+008
 5.890E+013  1.501E-011  6.699E+008  4.007E+008
 5.910E+013  1.525E-011  6.698E+008  4.021E+008
 5.930E+013  1.550E-011  6.697E+008  4.035E+008
 5.950E+013  1.574E-011  6.697E+008  4.049E+008
 5.970E+013  1.599E-011  6.696E+008  4.063E+008
 5.990E+013  1.624E-011  6.695E+008  4.078E+008
 6.010E+013  1.649E-011  6.694E+008  4.092E+008
 6.030E+013  1.675E-011  6.693E+008  4.106E+008
 6.050E+013  1.701E-011  6.692E+008  4.120E+008
 6.070E+013  1.727E-011  6.691E+008  4.134E+008
 6.090E+013  1.753E-011  6.690E+008  4.148E+008
 6.110E+013  1.780E-011  6.689E+008  4.162E+008
 6.130E+013  1.806E-011  6.689E+008  4.176E+008
 6.150E+013  1.834E-011  6.688E+008  4.190E+008
 6.170E+013  1.861E-011  6.687E+008  4.204E+008
 6.190E+013  1.889E-011  6.686E+008  4.219E+008
 6.210E+013  1.916E-011  6.684E+008  4.233E+008
 6.230E+013  1.945E-011  6.683E+008  4.247E+008
 6.250E+013  1.973E-011  6.682E+008  4.261E+008
 6.270E+013  2.002E-011  6.681E+008  4.275E+008
 6.290E+013  2.030E-011  6.680E+008  4.289E+008
 6.310E+013  2.060E-011  6.679E+008  4.303E+008
 6.330E+013  2.089E-011  6.678E+008  4.316E+008
 6.350E+013  2.119E-011  6.677E+008  4.330E+008
 6.370E+013  2.149E-011  6.676E+008  4.344E+008
 6.390E+013  2.179E-011  6.675E+008  4.358E+008
 6.410E+013  2.210E-011  6.673E+008  4.371E+008
 6.430E+013  2.241E-011  6.672E+008  4.385E+008
 6.450E+013  2.272E-011  6.671E+008  4.399E+008
 6.470E+013  2.304E-011  6.670E+008  4.412E+008
 6.490E+013  2.336E-011  6.669E+008  4.426E+008
 6.510E+013  2.368E-011  6.668E+008  4.439E+008
 6.530E+013  2.401E-011  6.666E+008  4.452E+008
 6.550E+013  2.434E-011  6.665E+008  4.465E+008
 6.570E+013  2.467E-011  6.664E+008  4.478E+008
 6.590E+013  2.501E-011  6.663E+008  4.491E+008
 6.610E+013  2.535E-011  6.662E+008  4.503E+008
 6.630E+013  2.569E-011  6.661E+008  4.516E+008
 6.650E+013  2.604E-011  6.660E+008  4.528E+008
 6.670E+013  2.639E-011  6.658E+008  4.540E+008
 6.690E+013  2.675E-011  6.657E+008  4.552E+008
 6.710E+013  2.711E-011  6.656E+008  4.564E+008
 6.730E+013  2.747E-011  6.655E+008  4.575E+008
 6.750E+013  2.784E-011  6.655E+008  4.586E+008
 6.770E+013  2.822E-011  6.654E+008  4.596E+008
 6.790E+013  2.860E-011  6.653E+008  4.607E+008
 6.810E+013  2.898E-011  6.652E+008  4.617E+008
 6.830E+013  2.937E-011  6.652E+008  4.626E+008
 6.850E+013  2.976E-011  6.651E+008  4.635E+008
 6.870E+013  3.016E-011  6.651E+008  4.644E+008
 6.890E+013  3.057E-011  6.650E+008  4.652E+008
 6.910E+013  3.098E-011  6.650E+008  4.659E+008
 6.930E+013  3.139E-011  6.650E+008  4.666E+008
 6.950E+013  3.181E-011  6.650E+008  4.672E+008
 6.970E+013  3.224E-011  6.650E+008  4.677E+008
 6.990E+013  3.267E-011  6.651E+008  4.682E+008
 7.010E+013  3.311E-011  6.651E+008  4.686E+008
 7.030E+013  3.356E-011  6.652E+008  4.689E+008
 7.050E+013  3.401E-011  6.653E+008  4.692E+008
 7.070E+013  3.446E-011  6.654E+008  4.695E+008
 7.090E+013  3.493E-011  6.655E+008  4.697E+008
 7.110E+013  3.539E-011  6.655E+008  4.700E+008
 7.130E+013  3.587E-011  6.656E+008  4.703E+008
 7.150E+013  3.635E-011  6.656E+008  4.707E+008
 7.170E+013  3.683E-011  6.656E+008  4.712E+008
 7.190E+013  3.732E-011  6.656E+008  4.719E+008
 7.210E+013  3.781E-011  6.655E+008  4.727E+008
 7.230E+013  3.831E-011  6.653E+008  4.739E+008
 7.250E+013  3.880E-011  6.650E+008  4.753E+008
 7.270E+013  3.930E-011  6.647E+008  4.771E+008
 7.290E+013  3.980E-011  6.642E+008  4.792E+008
 7.310E+013  4.031E-011  6.637E+008  4.818E+008
 7.330E+013  4.081E-011  6.630E+008  4.846E+008
 7.350E+013  4.132E-011  6.622E+008  4.879E+008
 7.370E+013  4.183E-011  6.614E+008  4.914E+008
 7.390E+013  4.234E-011  6.605E+008  4.952E+008
 7.410E+013  4.285E-011  6.595E+008  4.992E+008
 7.430E+013  4.337E-011  6.585E+008  5.034E+008
 7.450E+013  4.389E-011  6.574E+008  5.077E+008
 7.470E+013  4.441E-011  6.563E+008  5.122E+008
 7.490E+013  4.493E-011  6.551E+008  5.167E+008
 7.510E+013  4.546E-011  6.540E+008  5.212E+008
 7.530E+013  4.600E-011  6.528E+008  5.257E+008
 7.550E+013  4.653E-011  6.517E+008  5.301E+008
 7.570E+013  4.708E-011  6.506E+008  5.344E+008
 7.590E+013  4.762E-011  6.495E+008  5.386E+008
 7.610E+013  4.818E-011  6.484E+008  5.426E+008
 7.630E+013  4.874E-011  6.474E+008  5.465E+008
 7.650E+013  4.930E-011  6.463E+008  5.504E+008
 7.670E+013  4.987E-011  6.453E+008  5.541E+008
 7.690E+013  5.044E-011  6.443E+008  5.578E+008
 7.710E+013  5.102E-011  6.433E+008  5.614E+008
 7.730E+013  5.160E-011  6.423E+008  5.649E+008
 7.750E+013  5.219E-011  6.413E+008  5.684E+008
 7.770E+013  5.278E-011  6.403E+008  5.718E+008
 7.790E+013  5.338E-011  6.393E+008  5.752E+008
 7.810E+013  5.398E-011  6.383E+008  5.786E+008
 7.830E+013  5.459E-011  6.373E+008  5.819E+008
 7.850E+013  5.520E-011  6.363E+008  5.851E+008
 7.870E+013  5.581E-011  6.354E+008  5.883E+008
 7.890E+013  5.644E-011  6.344E+008  5.913E+008
 7.910E+013  5.707E-011  6.336E+008  5.941E+008
 7.930E+013  5.771E-011  6.328E+008  5.966E+008
 7.950E+013  5.836E-011  6.322E+008  5.988E+008
 7.970E+013  5.902E-011  6.316E+008  6.007E+008
 7.990E+013  5.969E-011  6.312E+008  6.021E+008
 8.010E+013  6.038E-011  6.308E+008  6.031E+008
 8.030E+013  6.107E-011  6.305E+008  6.038E+008
 8.050E+013  6.178E-011  6.303E+008  6.043E+008
 8.070E+013  6.249E-011  6.301E+008  6.047E+008
 8.090E+013  6.321E-011  6.300E+008  6.051E+008
 8.110E+013  6.393E-011  6.297E+008  6.056E+008
 8.130E+013  6.466E-011  6.295E+008  6.061E+008
 8.150E+013  6.539E-011  6.291E+008  6.068E+008
 8.170E+013  6.612E-011  6.287E+008  6.076E+008
 8.190E+013  6.686E-011  6.283E+008  6.085E+008
 8.210E+013  6.759E-011  6.279E+008  6.095E+008
 8.230E+013  6.834E-011  6.274E+008  6.106E+008
 8.250E+013  6.908E-011  6.268E+008  6.119E+008
 8.270E+013  6.983E-011  6.262E+008  6.133E+008
 8.290E+013  7.058E-011  6.255E+008  6.150E+008
 8.310E+013  7.132E-011  6.247E+008  6.170E+008
 8.330E+013  7.207E-011  6.238E+008  6.192E+008
 8.350E+013  7.281E-011  6.228E+008  6.215E+008
 8.370E+013  7.355E-011  6.218E+008  6.241E+008
 8.390E+013  7.430E-011  6.207E+008  6.267E+008
 8.410E+013  7.504E-011  6.196E+008  6.295E+008
 8.430E+013  7.579E-011  6.185E+008  6.324E+008
 8.450E+013  7.655E-011  6.173E+008  6.354E+008
 8.470E+013  7.731E-011  6.162E+008  6.384E+008
 8.490E+013  7.807E-011  6.150E+008  6.415E+008
 8.510E+013  7.884E-011  6.139E+008  6.445E+008
 8.530E+013  7.960E-011  6.126E+008  6.473E+008
 8.550E+013  8.037E-011  6.113E+008  6.501E+008
 8.570E+013  8.113E-011  6.100E+008  6.529E+008
 8.590E+013  8.190E-011  6.086E+008  6.556E+008
 8.610E+013  8.268E-011  6.073E+008  6.584E+008
 8.630E+013  8.346E-011  6.060E+008  6.614E+008
 8.650E+013  8.425E-011  6.048E+008  6.645E+008
 8.670E+013  8.504E-011  6.036E+008  6.677E+008
 8.690E+013  8.584E-011  6.024E+008  6.709E+008
 8.710E+013  8.665E-011  6.012E+008  6.740E+008
 8.730E+013  8.747E-011  6.001E+008  6.769E+008
 8.750E+013  8.828E-011  5.989E+008  6.794E+008
 8.770E+013  8.911E-011  5.978E+008  6.815E+008
 8.790E+013  8.994E-011  5.967E+008  6.831E+008
 8.810E+013  9.078E-011  5.956E+008  6.843E+008
 8.830E+013  9.163E-011  5.947E+008  6.850E+008
 8.850E+013  9.250E-011  5.939E+008  6.854E+008
 8.870E+013  9.339E-011  5.932E+008  6.856E+008
 8.890E+013  9.430E-011  5.927E+008  6.856E+008
 8.910E+013  9.524E-011  5.924E+008  6.856E+008
 8.930E+013  9.619E-011  5.921E+008  6.856E+008
 8.950E+013  9.715E-011  5.920E+008  6.858E+008
 8.970E+013  9.813E-011  5.918E+008  6.860E+008
 8.990E+013  9.910E-011  5.916E+008  6.863E+008
 9.010E+013  1.001E-010  5.913E+008  6.866E+008
 9.030E+013  1.010E-010  5.908E+008  6.868E+008
 9.050E+013  1.020E-010  5.902E+008  6.869E+008
 9.070E+013  1.029E-010  5.893E+008  6.868E+008
 9.090E+013  1.038E-010  5.882E+008  6.862E+008
 9.110E+013  1.047E-010  5.868E+008  6.851E+008
 9.130E+013  1.056E-010  5.853E+008  6.835E+008
 9.150E+013  1.064E-010  5.835E+008  6.813E+008
 9.170E+013  1.073E-010  5.816E+008  6.786E+008
 9.190E+013  1.081E-010  5.796E+008  6.755E+008
 9.210E+013  1.089E-010  5.775E+008  6.720E+008
 9.230E+013  1.097E-010  5.754E+008  6.684E+008
 9.250E+013  1.106E-010  5.732E+008  6.646E+008
 9.270E+013  1.114E-010  5.710E+008  6.610E+008
 9.290E+013  1.122E-010  5.688E+008  6.575E+008
 9.310E+013  1.130E-010  5.667E+008  6.542E+008
 9.330E+013  1.138E-010  5.646E+008  6.511E+008
 9.350E+013  1.146E-010  5.625E+008  6.482E+008
 9.370E+013  1.155E-010  5.604E+008  6.454E+008
 9.390E+013  1.163E-010  5.584E+008  6.428E+008
 9.410E+013  1.172E-010  5.564E+008  6.403E+008
 9.430E+013  1.180E-010  5.544E+008  6.379E+008
 9.450E+013  1.188E-010  5.524E+008  6.356E+008
 9.470E+013  1.197E-010  5.504E+008  6.334E+008
 9.490E+013  1.205E-010  5.484E+008  6.314E+008
 9.510E+013  1.214E-010  5.464E+008  6.294E+008
 9.530E+013  1.222E-010  5.445E+008  6.276E+008
 9.550E+013  1.231E-010  5.425E+008  6.258E+008
 9.570E+013  1.239E-010  5.405E+008  6.242E+008
 9.590E+013  1.248E-010  5.385E+008  6.226E+008
 9.610E+013  1.256E-010  5.365E+008  6.212E+008
 9.630E+013  1.265E-010  5.345E+008  6.198E+008
 9.650E+013  1.273E-010  5.324E+008  6.185E+008
 9.670E+013  1.282E-010  5.304E+008  6.173E+008
 9.690E+013  1.290E-010  5.283E+008  6.163E+008
 9.710E+013  1.299E-010  5.263E+008  6.153E+008
 9.730E+013  1.307E-010  5.242E+008  6.144E+008
 9.750E+013  1.315E-010  5.220E+008  6.137E+008
 9.770E+013  1.324E-010  5.199E+008  6.130E+008
 9.790E+013  1.332E-010  5.178E+008  6.125E+008
 9.810E+013  1.340E-010  5.156E+008  6.121E+008
 9.830E+013  1.348E-010  5.134E+008  6.118E+008
 9.850E+013  1.357E-010  5.112E+008  6.116E+008
 9.870E+013  1.365E-010  5.089E+008  6.116E+008
 9.890E+013  1.373E-010  5.066E+008  6.117E+008
 9.910E+013  1.381E-010  5.043E+008  6.120E+008
 9.930E+013  1.389E-010  5.019E+008  6.124E+008
 9.950E+013  1.397E-010  4.995E+008  6.129E+008
 9.970E+013  1.403E-010  4.971E+008  6.136E+008
 9.990E+013  1.418E-010  4.947E+008  6.145E+008
 1.001E+014  1.000E-099  1.000E-099  6.146E+008
 1.003E+014  1.000E-099  1.000E-099  6.146E+008
 5.898E-003
