 1.140E+005
     x1b        dens       energ       v1
 1.000E+011  5.305E-013  3.447E+009  0.000E+000
 3.000E+011  5.420E-013  3.447E+009  7.878E+005
 5.000E+011  5.651E-013  3.447E+009  1.198E+006
 7.000E+011  5.886E-013  3.447E+009  1.896E+006
 9.000E+011  6.034E-013  3.447E+009  2.497E+006
 1.100E+012  6.105E-013  3.447E+009  3.129E+006
 1.300E+012  6.145E-013  3.447E+009  3.754E+006
 1.500E+012  6.183E-013  3.447E+009  4.379E+006
 1.700E+012  6.232E-013  3.447E+009  5.005E+006
 1.900E+012  6.293E-013  3.447E+009  5.631E+006
 2.100E+012  6.359E-013  3.447E+009  6.256E+006
 2.300E+012  6.425E-013  3.447E+009  6.882E+006
 2.500E+012  6.489E-013  3.447E+009  7.508E+006
 2.700E+012  6.553E-013  3.447E+009  8.133E+006
 2.900E+012  6.619E-013  3.447E+009  8.759E+006
 3.100E+012  6.688E-013  3.447E+009  9.385E+006
 3.300E+012  6.759E-013  3.447E+009  1.001E+007
 3.500E+012  6.832E-013  3.447E+009  1.064E+007
 3.700E+012  6.905E-013  3.447E+009  1.126E+007
 3.900E+012  6.978E-013  3.447E+009  1.189E+007
 4.100E+012  7.051E-013  3.447E+009  1.251E+007
 4.300E+012  7.123E-013  3.447E+009  1.314E+007
 4.500E+012  7.195E-013  3.447E+009  1.376E+007
 4.700E+012  7.265E-013  3.447E+009  1.439E+007
 4.900E+012  7.333E-013  3.447E+009  1.502E+007
 5.100E+012  7.399E-013  3.447E+009  1.564E+007
 5.300E+012  7.460E-013  3.447E+009  1.627E+007
 5.500E+012  7.515E-013  3.447E+009  1.689E+007
 5.700E+012  7.562E-013  3.447E+009  1.752E+007
 5.900E+012  7.598E-013  3.447E+009  1.814E+007
 6.100E+012  7.624E-013  3.447E+009  1.877E+007
 6.300E+012  7.640E-013  3.447E+009  1.939E+007
 6.500E+012  7.648E-013  3.447E+009  2.002E+007
 6.700E+012  7.650E-013  3.447E+009  2.065E+007
 6.900E+012  7.651E-013  3.447E+009  2.127E+007
 7.100E+012  7.650E-013  3.447E+009  2.190E+007
 7.300E+012  7.650E-013  3.447E+009  2.252E+007
 7.500E+012  7.650E-013  3.447E+009  2.315E+007
 7.700E+012  7.649E-013  3.447E+009  2.377E+007
 7.900E+012  7.648E-013  3.447E+009  2.440E+007
 8.100E+012  7.646E-013  3.447E+009  2.502E+007
 8.300E+012  7.645E-013  3.447E+009  2.565E+007
 8.500E+012  7.643E-013  3.447E+009  2.628E+007
 8.700E+012  7.640E-013  3.447E+009  2.690E+007
 8.900E+012  7.637E-013  3.447E+009  2.753E+007
 9.100E+012  7.633E-013  3.447E+009  2.815E+007
 9.300E+012  7.629E-013  3.447E+009  2.878E+007
 9.500E+012  7.624E-013  3.447E+009  2.940E+007
 9.700E+012  7.620E-013  3.447E+009  3.003E+007
 9.900E+012  7.616E-013  3.447E+009  3.066E+007
 1.010E+013  7.613E-013  3.447E+009  3.128E+007
 1.030E+013  7.611E-013  3.447E+009  3.191E+007
 1.050E+013  7.610E-013  3.447E+009  3.253E+007
 1.070E+013  7.610E-013  3.447E+009  3.316E+007
 1.090E+013  7.610E-013  3.447E+009  3.378E+007
 1.110E+013  7.610E-013  3.447E+009  3.441E+007
 1.130E+013  7.610E-013  3.447E+009  3.503E+007
 1.150E+013  7.611E-013  3.447E+009  3.566E+007
 1.170E+013  7.612E-013  3.447E+009  3.629E+007
 1.190E+013  7.613E-013  3.447E+009  3.691E+007
 1.210E+013  7.616E-013  3.447E+009  3.754E+007
 1.230E+013  7.619E-013  3.447E+009  3.816E+007
 1.250E+013  7.622E-013  3.447E+009  3.879E+007
 1.270E+013  7.628E-013  3.447E+009  3.941E+007
 1.290E+013  7.634E-013  3.447E+009  4.004E+007
 1.310E+013  7.642E-013  3.447E+009  4.067E+007
 1.330E+013  7.652E-013  3.447E+009  4.129E+007
 1.350E+013  7.663E-013  3.447E+009  4.192E+007
 1.370E+013  7.677E-013  3.447E+009  4.254E+007
 1.390E+013  7.693E-013  3.447E+009  4.317E+007
 1.410E+013  7.712E-013  3.447E+009  4.379E+007
 1.430E+013  7.733E-013  3.447E+009  4.442E+007
 1.450E+013  7.758E-013  3.447E+009  4.504E+007
 1.470E+013  7.785E-013  3.447E+009  4.567E+007
 1.490E+013  7.817E-013  3.447E+009  4.630E+007
 1.510E+013  7.852E-013  3.447E+009  4.692E+007
 1.530E+013  7.892E-013  3.447E+009  4.755E+007
 1.550E+013  7.936E-013  3.447E+009  4.817E+007
 1.570E+013  7.985E-013  3.447E+009  4.880E+007
 1.590E+013  8.039E-013  3.447E+009  4.942E+007
 1.610E+013  8.099E-013  3.447E+009  5.005E+007
 1.630E+013  8.165E-013  3.447E+009  5.068E+007
 1.650E+013  8.237E-013  3.447E+009  5.130E+007
 1.670E+013  8.315E-013  3.447E+009  5.193E+007
 1.690E+013  8.401E-013  3.447E+009  5.255E+007
 1.710E+013  8.494E-013  3.447E+009  5.318E+007
 1.730E+013  8.596E-013  3.447E+009  5.380E+007
 1.750E+013  8.706E-013  3.447E+009  5.443E+007
 1.770E+013  8.825E-013  3.447E+009  5.506E+007
 1.790E+013  8.954E-013  3.447E+009  5.568E+007
 1.810E+013  9.093E-013  3.447E+009  5.631E+007
 1.830E+013  9.244E-013  3.447E+009  5.693E+007
 1.850E+013  9.406E-013  3.447E+009  5.756E+007
 1.870E+013  9.580E-013  3.447E+009  5.819E+007
 1.890E+013  9.768E-013  3.447E+009  5.881E+007
 1.910E+013  9.970E-013  3.447E+009  5.944E+007
 1.930E+013  1.019E-012  3.447E+009  6.006E+007
 1.950E+013  1.042E-012  3.447E+009  6.069E+007
 1.970E+013  1.067E-012  3.447E+009  6.132E+007
 1.990E+013  1.094E-012  3.447E+009  6.194E+007
 2.010E+013  1.123E-012  3.447E+009  6.257E+007
 2.030E+013  1.154E-012  3.447E+009  6.319E+007
 2.050E+013  1.187E-012  3.447E+009  6.382E+007
 2.070E+013  1.223E-012  3.447E+009  6.445E+007
 2.090E+013  1.261E-012  3.447E+009  6.507E+007
 2.110E+013  1.301E-012  3.447E+009  6.570E+007
 2.130E+013  1.345E-012  3.447E+009  6.633E+007
 2.150E+013  1.392E-012  3.447E+009  6.695E+007
 2.170E+013  1.442E-012  3.447E+009  6.758E+007
 2.190E+013  1.495E-012  3.447E+009  6.820E+007
 2.210E+013  1.552E-012  3.447E+009  6.883E+007
 2.230E+013  1.613E-012  3.447E+009  6.946E+007
 2.250E+013  1.678E-012  3.447E+009  7.008E+007
 2.270E+013  1.747E-012  3.447E+009  7.071E+007
 2.290E+013  1.821E-012  3.447E+009  7.134E+007
 2.310E+013  1.900E-012  3.447E+009  7.196E+007
 2.330E+013  1.984E-012  3.447E+009  7.259E+007
 2.350E+013  2.074E-012  3.447E+009  7.322E+007
 2.370E+013  2.169E-012  3.447E+009  7.384E+007
 2.390E+013  2.270E-012  3.447E+009  7.447E+007
 2.410E+013  2.377E-012  3.447E+009  7.510E+007
 2.430E+013  2.490E-012  3.447E+009  7.572E+007
 2.450E+013  2.611E-012  3.447E+009  7.635E+007
 2.470E+013  2.738E-012  3.447E+009  7.698E+007
 2.490E+013  2.872E-012  3.447E+009  7.760E+007
 2.510E+013  3.014E-012  3.447E+009  7.823E+007
 2.530E+013  3.163E-012  3.447E+009  7.885E+007
 2.550E+013  3.319E-012  3.447E+009  7.948E+007
 2.570E+013  3.484E-012  3.447E+009  8.011E+007
 2.590E+013  3.656E-012  3.447E+009  8.073E+007
 2.610E+013  3.836E-012  3.447E+009  8.136E+007
 2.630E+013  4.024E-012  3.447E+009  8.198E+007
 2.650E+013  4.219E-012  3.447E+009  8.261E+007
 2.670E+013  4.423E-012  3.447E+009  8.323E+007
 2.690E+013  4.633E-012  3.447E+009  8.386E+007
 2.710E+013  4.851E-012  3.447E+009  8.448E+007
 2.730E+013  5.076E-012  3.447E+009  8.511E+007
 2.750E+013  5.308E-012  3.447E+009  8.573E+007
 2.770E+013  5.547E-012  3.447E+009  8.636E+007
 2.790E+013  5.792E-012  3.447E+009  8.698E+007
 2.810E+013  6.042E-012  3.447E+009  8.761E+007
 2.830E+013  6.298E-012  3.447E+009  8.823E+007
 2.850E+013  6.559E-012  3.447E+009  8.886E+007
 2.870E+013  6.825E-012  3.447E+009  8.948E+007
 2.890E+013  7.096E-012  3.447E+009  9.011E+007
 2.910E+013  7.370E-012  3.447E+009  9.073E+007
 2.930E+013  7.648E-012  3.447E+009  9.136E+007
 2.950E+013  7.930E-012  3.447E+009  9.198E+007
 2.970E+013  8.215E-012  3.447E+009  9.260E+007
 2.990E+013  8.502E-012  3.447E+009  9.323E+007
 3.010E+013  8.793E-012  3.447E+009  9.385E+007
 3.030E+013  9.086E-012  3.447E+009  9.448E+007
 3.050E+013  9.382E-012  3.447E+009  9.510E+007
 3.070E+013  9.680E-012  3.447E+009  9.573E+007
 3.090E+013  9.980E-012  3.447E+009  9.635E+007
 3.110E+013  1.028E-011  3.447E+009  9.698E+007
 3.130E+013  1.059E-011  3.447E+009  9.760E+007
 3.150E+013  1.090E-011  3.447E+009  9.823E+007
 3.170E+013  1.121E-011  3.447E+009  9.885E+007
 3.190E+013  1.152E-011  3.447E+009  9.948E+007
 3.210E+013  1.184E-011  3.447E+009  1.001E+008
 3.230E+013  1.216E-011  3.447E+009  1.007E+008
 3.250E+013  1.248E-011  3.447E+009  1.014E+008
 3.270E+013  1.280E-011  3.447E+009  1.020E+008
 3.290E+013  1.313E-011  3.447E+009  1.026E+008
 3.310E+013  1.347E-011  3.447E+009  1.032E+008
 3.330E+013  1.381E-011  3.447E+009  1.038E+008
 3.350E+013  1.415E-011  3.447E+009  1.045E+008
 3.370E+013  1.450E-011  3.447E+009  1.051E+008
 3.390E+013  1.485E-011  3.447E+009  1.057E+008
 3.410E+013  1.521E-011  3.448E+009  1.063E+008
 3.430E+013  1.558E-011  3.448E+009  1.070E+008
 3.450E+013  1.595E-011  3.448E+009  1.076E+008
 3.470E+013  1.633E-011  3.448E+009  1.082E+008
 3.490E+013  1.672E-011  3.448E+009  1.088E+008
 3.510E+013  1.711E-011  3.448E+009  1.095E+008
 3.530E+013  1.752E-011  3.448E+009  1.101E+008
 3.550E+013  1.793E-011  3.448E+009  1.107E+008
 3.570E+013  1.835E-011  3.448E+009  1.113E+008
 3.590E+013  1.878E-011  3.448E+009  1.120E+008
 3.610E+013  1.922E-011  3.448E+009  1.126E+008
 3.630E+013  1.967E-011  3.448E+009  1.132E+008
 3.650E+013  2.013E-011  3.448E+009  1.138E+008
 3.670E+013  2.060E-011  3.448E+009  1.145E+008
 3.690E+013  2.108E-011  3.448E+009  1.151E+008
 3.710E+013  2.158E-011  3.448E+009  1.157E+008
 3.730E+013  2.208E-011  3.448E+009  1.163E+008
 3.750E+013  2.260E-011  3.448E+009  1.170E+008
 3.770E+013  2.314E-011  3.448E+009  1.176E+008
 3.790E+013  2.368E-011  3.448E+009  1.182E+008
 3.810E+013  2.424E-011  3.448E+009  1.188E+008
 3.830E+013  2.481E-011  3.448E+009  1.195E+008
 3.850E+013  2.540E-011  3.448E+009  1.201E+008
 3.870E+013  2.600E-011  3.448E+009  1.207E+008
 3.890E+013  2.661E-011  3.448E+009  1.213E+008
 3.910E+013  2.724E-011  3.448E+009  1.220E+008
 3.930E+013  2.789E-011  3.448E+009  1.226E+008
 3.950E+013  2.855E-011  3.448E+009  1.232E+008
 3.970E+013  2.922E-011  3.448E+009  1.238E+008
 3.990E+013  2.991E-011  3.448E+009  1.244E+008
 4.010E+013  3.062E-011  3.448E+009  1.251E+008
 4.030E+013  3.134E-011  3.448E+009  1.257E+008
 4.050E+013  3.208E-011  3.448E+009  1.263E+008
 4.070E+013  3.283E-011  3.448E+009  1.269E+008
 4.090E+013  3.359E-011  3.448E+009  1.276E+008
 4.110E+013  3.438E-011  3.448E+009  1.282E+008
 4.130E+013  3.517E-011  3.448E+009  1.288E+008
 4.150E+013  3.598E-011  3.448E+009  1.294E+008
 4.170E+013  3.681E-011  3.448E+009  1.301E+008
 4.190E+013  3.765E-011  3.448E+009  1.307E+008
 4.210E+013  3.851E-011  3.448E+009  1.313E+008
 4.230E+013  3.938E-011  3.448E+009  1.319E+008
 4.250E+013  4.026E-011  3.449E+009  1.325E+008
 4.270E+013  4.116E-011  3.449E+009  1.332E+008
 4.290E+013  4.208E-011  3.449E+009  1.338E+008
 4.310E+013  4.300E-011  3.449E+009  1.344E+008
 4.330E+013  4.394E-011  3.449E+009  1.350E+008
 4.350E+013  4.490E-011  3.449E+009  1.356E+008
 4.370E+013  4.587E-011  3.449E+009  1.363E+008
 4.390E+013  4.685E-011  3.449E+009  1.369E+008
 4.410E+013  4.784E-011  3.449E+009  1.375E+008
 4.430E+013  4.885E-011  3.449E+009  1.381E+008
 4.450E+013  4.988E-011  3.449E+009  1.387E+008
 4.470E+013  5.091E-011  3.449E+009  1.394E+008
 4.490E+013  5.197E-011  3.449E+009  1.400E+008
 4.510E+013  5.303E-011  3.449E+009  1.406E+008
 4.530E+013  5.411E-011  3.449E+009  1.412E+008
 4.550E+013  5.521E-011  3.449E+009  1.418E+008
 4.570E+013  5.632E-011  3.449E+009  1.425E+008
 4.590E+013  5.744E-011  3.449E+009  1.431E+008
 4.610E+013  5.859E-011  3.449E+009  1.437E+008
 4.630E+013  5.974E-011  3.450E+009  1.443E+008
 4.650E+013  6.092E-011  3.450E+009  1.449E+008
 4.670E+013  6.211E-011  3.450E+009  1.455E+008
 4.690E+013  6.332E-011  3.450E+009  1.462E+008
 4.710E+013  6.455E-011  3.450E+009  1.468E+008
 4.730E+013  6.579E-011  3.450E+009  1.474E+008
 4.750E+013  6.706E-011  3.450E+009  1.480E+008
 4.770E+013  6.835E-011  3.450E+009  1.486E+008
 4.790E+013  6.965E-011  3.450E+009  1.492E+008
 4.810E+013  7.098E-011  3.450E+009  1.498E+008
 4.830E+013  7.233E-011  3.450E+009  1.505E+008
 4.850E+013  7.371E-011  3.450E+009  1.511E+008
 4.870E+013  7.510E-011  3.450E+009  1.517E+008
 4.890E+013  7.652E-011  3.451E+009  1.523E+008
 4.910E+013  7.797E-011  3.451E+009  1.529E+008
 4.930E+013  7.944E-011  3.451E+009  1.535E+008
 4.950E+013  8.093E-011  3.451E+009  1.541E+008
 4.970E+013  8.246E-011  3.451E+009  1.547E+008
 4.990E+013  8.401E-011  3.451E+009  1.554E+008
 5.010E+013  8.558E-011  3.451E+009  1.560E+008
 5.030E+013  8.719E-011  3.451E+009  1.566E+008
 5.050E+013  8.882E-011  3.451E+009  1.572E+008
 5.070E+013  9.048E-011  3.452E+009  1.578E+008
 5.090E+013  9.217E-011  3.452E+009  1.584E+008
 5.110E+013  9.389E-011  3.452E+009  1.590E+008
 5.130E+013  9.565E-011  3.452E+009  1.596E+008
 5.150E+013  9.743E-011  3.452E+009  1.602E+008
 5.170E+013  9.924E-011  3.452E+009  1.608E+008
 5.190E+013  1.011E-010  3.452E+009  1.614E+008
 5.210E+013  1.030E-010  3.452E+009  1.620E+008
 5.230E+013  1.049E-010  3.453E+009  1.626E+008
 5.250E+013  1.068E-010  3.453E+009  1.632E+008
 5.270E+013  1.088E-010  3.453E+009  1.638E+008
 5.290E+013  1.108E-010  3.453E+009  1.644E+008
 5.310E+013  1.128E-010  3.453E+009  1.650E+008
 5.330E+013  1.149E-010  3.453E+009  1.656E+008
 5.350E+013  1.170E-010  3.453E+009  1.662E+008
 5.370E+013  1.191E-010  3.454E+009  1.668E+008
 5.390E+013  1.213E-010  3.454E+009  1.674E+008
 5.410E+013  1.235E-010  3.454E+009  1.680E+008
 5.430E+013  1.257E-010  3.454E+009  1.686E+008
 5.450E+013  1.280E-010  3.454E+009  1.692E+008
 5.470E+013  1.303E-010  3.455E+009  1.698E+008
 5.490E+013  1.326E-010  3.455E+009  1.704E+008
 5.510E+013  1.350E-010  3.455E+009  1.709E+008
 5.530E+013  1.374E-010  3.455E+009  1.715E+008
 5.550E+013  1.398E-010  3.455E+009  1.721E+008
 5.570E+013  1.423E-010  3.456E+009  1.727E+008
 5.590E+013  1.448E-010  3.456E+009  1.733E+008
 5.610E+013  1.473E-010  3.456E+009  1.739E+008
 5.630E+013  1.499E-010  3.456E+009  1.744E+008
 5.650E+013  1.525E-010  3.457E+009  1.750E+008
 5.670E+013  1.552E-010  3.457E+009  1.756E+008
 5.690E+013  1.579E-010  3.457E+009  1.762E+008
 5.710E+013  1.606E-010  3.457E+009  1.767E+008
 5.730E+013  1.633E-010  3.458E+009  1.773E+008
 5.750E+013  1.661E-010  3.458E+009  1.779E+008
 5.770E+013  1.689E-010  3.458E+009  1.784E+008
 5.790E+013  1.718E-010  3.458E+009  1.790E+008
 5.810E+013  1.747E-010  3.459E+009  1.795E+008
 5.830E+013  1.777E-010  3.459E+009  1.801E+008
 5.850E+013  1.806E-010  3.459E+009  1.807E+008
 5.870E+013  1.837E-010  3.460E+009  1.812E+008
 5.890E+013  1.867E-010  3.460E+009  1.818E+008
 5.910E+013  1.898E-010  3.460E+009  1.823E+008
 5.930E+013  1.930E-010  3.461E+009  1.829E+008
 5.950E+013  1.962E-010  3.461E+009  1.834E+008
 5.970E+013  1.994E-010  3.461E+009  1.839E+008
 5.990E+013  2.026E-010  3.462E+009  1.845E+008
 6.010E+013  2.060E-010  3.462E+009  1.850E+008
 6.030E+013  2.093E-010  3.463E+009  1.856E+008
 6.050E+013  2.127E-010  3.463E+009  1.861E+008
 6.070E+013  2.161E-010  3.463E+009  1.866E+008
 6.090E+013  2.196E-010  3.464E+009  1.871E+008
 6.110E+013  2.231E-010  3.464E+009  1.877E+008
 6.130E+013  2.267E-010  3.465E+009  1.882E+008
 6.150E+013  2.303E-010  3.465E+009  1.887E+008
 6.170E+013  2.340E-010  3.466E+009  1.892E+008
 6.190E+013  2.377E-010  3.466E+009  1.897E+008
 6.210E+013  2.415E-010  3.467E+009  1.902E+008
 6.230E+013  2.453E-010  3.467E+009  1.908E+008
 6.250E+013  2.491E-010  3.468E+009  1.913E+008
 6.270E+013  2.530E-010  3.468E+009  1.918E+008
 6.290E+013  2.569E-010  3.469E+009  1.923E+008
 6.310E+013  2.609E-010  3.469E+009  1.928E+008
 6.330E+013  2.650E-010  3.470E+009  1.933E+008
 6.350E+013  2.690E-010  3.470E+009  1.937E+008
 6.370E+013  2.732E-010  3.471E+009  1.942E+008
 6.390E+013  2.773E-010  3.471E+009  1.947E+008
 6.410E+013  2.816E-010  3.472E+009  1.952E+008
 6.430E+013  2.858E-010  3.473E+009  1.957E+008
 6.450E+013  2.902E-010  3.473E+009  1.962E+008
 6.470E+013  2.946E-010  3.474E+009  1.966E+008
 6.490E+013  2.990E-010  3.475E+009  1.971E+008
 6.510E+013  3.035E-010  3.475E+009  1.976E+008
 6.530E+013  3.080E-010  3.476E+009  1.981E+008
 6.550E+013  3.126E-010  3.477E+009  1.985E+008
 6.570E+013  3.172E-010  3.477E+009  1.990E+008
 6.590E+013  3.219E-010  3.478E+009  1.995E+008
 6.610E+013  3.267E-010  3.479E+009  2.000E+008
 6.630E+013  3.315E-010  3.479E+009  2.005E+008
 6.650E+013  3.363E-010  3.480E+009  2.010E+008
 6.670E+013  3.412E-010  3.481E+009  2.015E+008
 6.690E+013  3.462E-010  3.482E+009  2.020E+008
 6.710E+013  3.512E-010  3.482E+009  2.025E+008
 6.730E+013  3.563E-010  3.483E+009  2.030E+008
 6.750E+013  3.615E-010  3.483E+009  2.036E+008
 6.770E+013  3.666E-010  3.484E+009  2.043E+008
 6.790E+013  3.719E-010  3.484E+009  2.049E+008
 6.810E+013  3.772E-010  3.485E+009  2.057E+008
 6.830E+013  3.826E-010  3.485E+009  2.065E+008
 6.850E+013  3.880E-010  3.485E+009  2.074E+008
 6.870E+013  3.934E-010  3.484E+009  2.084E+008
 6.890E+013  3.989E-010  3.484E+009  2.095E+008
 6.910E+013  4.045E-010  3.483E+009  2.108E+008
 6.930E+013  4.100E-010  3.482E+009  2.123E+008
 6.950E+013  4.156E-010  3.480E+009  2.139E+008
 6.970E+013  4.213E-010  3.478E+009  2.157E+008
 6.990E+013  4.270E-010  3.476E+009  2.178E+008
 7.010E+013  4.326E-010  3.473E+009  2.201E+008
 7.030E+013  4.384E-010  3.469E+009  2.227E+008
 7.050E+013  4.441E-010  3.465E+009  2.255E+008
 7.070E+013  4.498E-010  3.461E+009  2.286E+008
 7.090E+013  4.556E-010  3.455E+009  2.319E+008
 7.110E+013  4.613E-010  3.450E+009  2.355E+008
 7.130E+013  4.671E-010  3.443E+009  2.394E+008
 7.150E+013  4.728E-010  3.436E+009  2.434E+008
 7.170E+013  4.786E-010  3.429E+009  2.478E+008
 7.190E+013  4.844E-010  3.421E+009  2.523E+008
 7.210E+013  4.902E-010  3.413E+009  2.570E+008
 7.230E+013  4.960E-010  3.404E+009  2.619E+008
 7.250E+013  5.018E-010  3.395E+009  2.670E+008
 7.270E+013  5.076E-010  3.385E+009  2.722E+008
 7.290E+013  5.134E-010  3.375E+009  2.775E+008
 7.310E+013  5.192E-010  3.365E+009  2.830E+008
 7.330E+013  5.250E-010  3.354E+009  2.885E+008
 7.350E+013  5.308E-010  3.344E+009  2.942E+008
 7.370E+013  5.367E-010  3.333E+009  2.999E+008
 7.390E+013  5.425E-010  3.321E+009  3.057E+008
 7.410E+013  5.483E-010  3.310E+009  3.116E+008
 7.430E+013  5.542E-010  3.298E+009  3.175E+008
 7.450E+013  5.601E-010  3.286E+009  3.235E+008
 7.470E+013  5.659E-010  3.274E+009  3.295E+008
 7.490E+013  5.718E-010  3.262E+009  3.355E+008
 7.510E+013  5.777E-010  3.249E+009  3.416E+008
 7.530E+013  5.836E-010  3.237E+009  3.477E+008
 7.550E+013  5.895E-010  3.224E+009  3.538E+008
 7.570E+013  5.954E-010  3.211E+009  3.599E+008
 7.590E+013  6.013E-010  3.198E+009  3.660E+008
 7.610E+013  6.073E-010  3.185E+009  3.722E+008
 7.630E+013  6.132E-010  3.172E+009  3.783E+008
 7.650E+013  6.191E-010  3.158E+009  3.845E+008
 7.670E+013  6.250E-010  3.145E+009  3.906E+008
 7.690E+013  6.310E-010  3.132E+009  3.968E+008
 7.710E+013  6.369E-010  3.118E+009  4.030E+008
 7.730E+013  6.428E-010  3.104E+009  4.091E+008
 7.750E+013  6.488E-010  3.091E+009  4.153E+008
 7.770E+013  6.547E-010  3.077E+009  4.215E+008
 7.790E+013  6.606E-010  3.063E+009  4.276E+008
 7.810E+013  6.665E-010  3.049E+009  4.338E+008
 7.830E+013  6.724E-010  3.035E+009  4.400E+008
 7.850E+013  6.783E-010  3.020E+009  4.461E+008
 7.870E+013  6.843E-010  3.006E+009  4.523E+008
 7.890E+013  6.901E-010  2.992E+009  4.584E+008
 7.910E+013  6.960E-010  2.977E+009  4.646E+008
 7.930E+013  7.019E-010  2.963E+009  4.707E+008
 7.950E+013  7.078E-010  2.948E+009  4.768E+008
 7.970E+013  7.137E-010  2.934E+009  4.829E+008
 7.990E+013  7.196E-010  2.920E+009  4.889E+008
 8.010E+013  7.255E-010  2.905E+009  4.949E+008
 8.030E+013  7.314E-010  2.891E+009  5.008E+008
 8.050E+013  7.373E-010  2.877E+009  5.067E+008
 8.070E+013  7.432E-010  2.863E+009  5.124E+008
 8.090E+013  7.491E-010  2.849E+009  5.181E+008
 8.110E+013  7.551E-010  2.835E+009  5.237E+008
 8.130E+013  7.611E-010  2.822E+009  5.292E+008
 8.150E+013  7.672E-010  2.808E+009  5.345E+008
 8.170E+013  7.733E-010  2.796E+009  5.396E+008
 8.190E+013  7.794E-010  2.783E+009  5.446E+008
 8.210E+013  7.857E-010  2.771E+009  5.494E+008
 8.230E+013  7.921E-010  2.760E+009  5.539E+008
 8.250E+013  7.985E-010  2.749E+009  5.582E+008
 8.270E+013  8.051E-010  2.739E+009  5.622E+008
 8.290E+013  8.118E-010  2.729E+009  5.659E+008
 8.310E+013  8.187E-010  2.720E+009  5.693E+008
 8.330E+013  8.257E-010  2.712E+009  5.723E+008
 8.350E+013  8.328E-010  2.704E+009  5.751E+008
 8.370E+013  8.401E-010  2.697E+009  5.776E+008
 8.390E+013  8.475E-010  2.691E+009  5.799E+008
 8.410E+013  8.550E-010  2.684E+009  5.821E+008
 8.430E+013  8.625E-010  2.678E+009  5.842E+008
 8.450E+013  8.699E-010  2.671E+009  5.863E+008
 8.470E+013  8.774E-010  2.664E+009  5.886E+008
 8.490E+013  8.848E-010  2.657E+009  5.910E+008
 8.510E+013  8.921E-010  2.648E+009  5.937E+008
 8.530E+013  8.992E-010  2.640E+009  5.966E+008
 8.550E+013  9.063E-010  2.630E+009  5.998E+008
 8.570E+013  9.132E-010  2.620E+009  6.032E+008
 8.590E+013  9.201E-010  2.610E+009  6.068E+008
 8.610E+013  9.269E-010  2.599E+009  6.106E+008
 8.630E+013  9.336E-010  2.587E+009  6.145E+008
 8.650E+013  9.403E-010  2.576E+009  6.185E+008
 8.670E+013  9.469E-010  2.565E+009  6.225E+008
 8.690E+013  9.536E-010  2.553E+009  6.265E+008
 8.710E+013  9.603E-010  2.542E+009  6.305E+008
 8.730E+013  9.670E-010  2.530E+009  6.344E+008
 8.750E+013  9.737E-010  2.519E+009  6.383E+008
 8.770E+013  9.804E-010  2.508E+009  6.421E+008
 8.790E+013  9.872E-010  2.497E+009  6.459E+008
 8.810E+013  9.941E-010  2.486E+009  6.495E+008
 8.830E+013  1.001E-009  2.476E+009  6.530E+008
 8.850E+013  1.008E-009  2.466E+009  6.564E+008
 8.870E+013  1.015E-009  2.457E+009  6.595E+008
 8.890E+013  1.023E-009  2.448E+009  6.625E+008
 8.910E+013  1.030E-009  2.440E+009  6.651E+008
 8.930E+013  1.038E-009  2.433E+009  6.675E+008
 8.950E+013  1.046E-009  2.426E+009  6.695E+008
 8.970E+013  1.054E-009  2.421E+009  6.710E+008
 8.990E+013  1.063E-009  2.417E+009  6.722E+008
 9.010E+013  1.072E-009  2.414E+009  6.728E+008
 9.030E+013  1.081E-009  2.413E+009  6.728E+008
 9.050E+013  1.091E-009  2.412E+009  6.726E+008
 9.070E+013  1.101E-009  2.411E+009  6.722E+008
 9.090E+013  1.111E-009  2.411E+009  6.717E+008
 9.110E+013  1.121E-009  2.410E+009  6.713E+008
 9.130E+013  1.131E-009  2.408E+009  6.711E+008
 9.150E+013  1.141E-009  2.407E+009  6.709E+008
 9.170E+013  1.151E-009  2.405E+009  6.709E+008
 9.190E+013  1.160E-009  2.403E+009  6.710E+008
 9.210E+013  1.170E-009  2.401E+009  6.711E+008
 9.230E+013  1.181E-009  2.399E+009  6.712E+008
 9.250E+013  1.191E-009  2.397E+009  6.713E+008
 9.270E+013  1.201E-009  2.395E+009  6.714E+008
 9.290E+013  1.211E-009  2.394E+009  6.714E+008
 9.310E+013  1.222E-009  2.393E+009  6.713E+008
 9.330E+013  1.232E-009  2.391E+009  6.712E+008
 9.350E+013  1.243E-009  2.390E+009  6.711E+008
 9.370E+013  1.254E-009  2.389E+009  6.710E+008
 9.390E+013  1.265E-009  2.387E+009  6.709E+008
 9.410E+013  1.276E-009  2.386E+009  6.708E+008
 9.430E+013  1.287E-009  2.385E+009  6.707E+008
 9.450E+013  1.298E-009  2.383E+009  6.706E+008
 9.470E+013  1.309E-009  2.382E+009  6.705E+008
 9.490E+013  1.320E-009  2.381E+009  6.704E+008
 9.510E+013  1.331E-009  2.379E+009  6.704E+008
 9.530E+013  1.343E-009  2.378E+009  6.703E+008
 9.550E+013  1.354E-009  2.377E+009  6.702E+008
 9.570E+013  1.366E-009  2.375E+009  6.701E+008
 9.590E+013  1.377E-009  2.374E+009  6.701E+008
 9.610E+013  1.389E-009  2.373E+009  6.700E+008
 9.630E+013  1.401E-009  2.371E+009  6.700E+008
 9.650E+013  1.412E-009  2.370E+009  6.699E+008
 9.670E+013  1.424E-009  2.369E+009  6.699E+008
 9.690E+013  1.436E-009  2.367E+009  6.699E+008
 9.710E+013  1.448E-009  2.366E+009  6.698E+008
 9.730E+013  1.460E-009  2.365E+009  6.698E+008
 9.750E+013  1.473E-009  2.363E+009  6.699E+008
 9.770E+013  1.485E-009  2.362E+009  6.699E+008
 9.790E+013  1.497E-009  2.360E+009  6.699E+008
 9.810E+013  1.510E-009  2.359E+009  6.700E+008
 9.830E+013  1.522E-009  2.357E+009  6.700E+008
 9.850E+013  1.535E-009  2.356E+009  6.701E+008
 9.870E+013  1.547E-009  2.354E+009  6.702E+008
 9.890E+013  1.560E-009  2.352E+009  6.703E+008
 9.910E+013  1.573E-009  2.351E+009  6.704E+008
 9.930E+013  1.585E-009  2.349E+009  6.705E+008
 9.950E+013  1.598E-009  2.347E+009  6.707E+008
 9.970E+013  1.610E-009  2.345E+009  6.708E+008
 9.990E+013  1.631E-009  2.344E+009  6.710E+008
 1.001E+014  1.000E-099  1.000E-099  6.710E+008
 1.003E+014  1.000E-099  1.000E-099  6.710E+008
 3.615E-003
