 1.200E+004
     x1b        dens       energ       v1
 1.000E+011  1.911E-012  2.237E+010  0.000E+000
 3.000E+011  1.912E-012  2.237E+010  3.609E+006
 5.000E+011  1.915E-012  2.237E+010  8.232E+006
 7.000E+011  1.920E-012  2.237E+010  1.201E+007
 9.000E+011  1.929E-012  2.237E+010  1.617E+007
 1.100E+012  1.942E-012  2.237E+010  2.014E+007
 1.300E+012  1.958E-012  2.237E+010  2.420E+007
 1.500E+012  1.979E-012  2.237E+010  2.822E+007
 1.700E+012  2.003E-012  2.237E+010  3.226E+007
 1.900E+012  2.029E-012  2.237E+010  3.629E+007
 2.100E+012  2.057E-012  2.237E+010  4.032E+007
 2.300E+012  2.087E-012  2.237E+010  4.435E+007
 2.500E+012  2.118E-012  2.237E+010  4.838E+007
 2.700E+012  2.149E-012  2.237E+010  5.242E+007
 2.900E+012  2.180E-012  2.237E+010  5.645E+007
 3.100E+012  2.211E-012  2.237E+010  6.048E+007
 3.300E+012  2.242E-012  2.237E+010  6.451E+007
 3.500E+012  2.271E-012  2.237E+010  6.854E+007
 3.700E+012  2.298E-012  2.237E+010  7.258E+007
 3.900E+012  2.320E-012  2.237E+010  7.661E+007
 4.100E+012  2.337E-012  2.237E+010  8.064E+007
 4.300E+012  2.345E-012  2.237E+010  8.467E+007
 4.500E+012  2.348E-012  2.237E+010  8.870E+007
 4.700E+012  2.348E-012  2.237E+010  9.273E+007
 4.900E+012  2.348E-012  2.237E+010  9.677E+007
 5.100E+012  2.348E-012  2.237E+010  1.008E+008
 5.300E+012  2.348E-012  2.237E+010  1.048E+008
 5.500E+012  2.348E-012  2.237E+010  1.089E+008
 5.700E+012  2.347E-012  2.237E+010  1.129E+008
 5.900E+012  2.346E-012  2.237E+010  1.169E+008
 6.100E+012  2.345E-012  2.237E+010  1.210E+008
 6.300E+012  2.343E-012  2.237E+010  1.250E+008
 6.500E+012  2.341E-012  2.237E+010  1.290E+008
 6.700E+012  2.339E-012  2.237E+010  1.331E+008
 6.900E+012  2.337E-012  2.237E+010  1.371E+008
 7.100E+012  2.336E-012  2.237E+010  1.411E+008
 7.300E+012  2.336E-012  2.237E+010  1.451E+008
 7.500E+012  2.336E-012  2.237E+010  1.492E+008
 7.700E+012  2.336E-012  2.237E+010  1.532E+008
 7.900E+012  2.336E-012  2.237E+010  1.572E+008
 8.100E+012  2.336E-012  2.237E+010  1.613E+008
 8.300E+012  2.337E-012  2.237E+010  1.653E+008
 8.500E+012  2.339E-012  2.237E+010  1.693E+008
 8.700E+012  2.341E-012  2.237E+010  1.734E+008
 8.900E+012  2.344E-012  2.237E+010  1.774E+008
 9.100E+012  2.347E-012  2.237E+010  1.814E+008
 9.300E+012  2.352E-012  2.237E+010  1.855E+008
 9.500E+012  2.359E-012  2.237E+010  1.895E+008
 9.700E+012  2.367E-012  2.237E+010  1.935E+008
 9.900E+012  2.377E-012  2.237E+010  1.976E+008
 1.010E+013  2.389E-012  2.237E+010  2.016E+008
 1.030E+013  2.403E-012  2.237E+010  2.056E+008
 1.050E+013  2.420E-012  2.237E+010  2.097E+008
 1.070E+013  2.440E-012  2.237E+010  2.137E+008
 1.090E+013  2.463E-012  2.237E+010  2.177E+008
 1.110E+013  2.489E-012  2.237E+010  2.218E+008
 1.130E+013  2.520E-012  2.237E+010  2.258E+008
 1.150E+013  2.555E-012  2.237E+010  2.298E+008
 1.170E+013  2.594E-012  2.237E+010  2.339E+008
 1.190E+013  2.638E-012  2.237E+010  2.379E+008
 1.210E+013  2.688E-012  2.237E+010  2.419E+008
 1.230E+013  2.745E-012  2.237E+010  2.460E+008
 1.250E+013  2.807E-012  2.237E+010  2.500E+008
 1.270E+013  2.878E-012  2.237E+010  2.540E+008
 1.290E+013  2.956E-012  2.237E+010  2.581E+008
 1.310E+013  3.043E-012  2.237E+010  2.621E+008
 1.330E+013  3.139E-012  2.237E+010  2.661E+008
 1.350E+013  3.247E-012  2.237E+010  2.702E+008
 1.370E+013  3.366E-012  2.237E+010  2.742E+008
 1.390E+013  3.497E-012  2.237E+010  2.783E+008
 1.410E+013  3.643E-012  2.237E+010  2.823E+008
 1.430E+013  3.804E-012  2.237E+010  2.863E+008
 1.450E+013  3.982E-012  2.237E+010  2.904E+008
 1.470E+013  4.179E-012  2.237E+010  2.944E+008
 1.490E+013  4.396E-012  2.237E+010  2.985E+008
 1.510E+013  4.635E-012  2.237E+010  3.025E+008
 1.530E+013  4.898E-012  2.237E+010  3.066E+008
 1.550E+013  5.188E-012  2.237E+010  3.106E+008
 1.570E+013  5.506E-012  2.237E+010  3.147E+008
 1.590E+013  5.855E-012  2.237E+010  3.187E+008
 1.610E+013  6.237E-012  2.237E+010  3.227E+008
 1.630E+013  6.656E-012  2.237E+010  3.268E+008
 1.650E+013  7.113E-012  2.237E+010  3.308E+008
 1.670E+013  7.610E-012  2.237E+010  3.349E+008
 1.690E+013  8.151E-012  2.237E+010  3.389E+008
 1.710E+013  8.737E-012  2.237E+010  3.430E+008
 1.730E+013  9.371E-012  2.237E+010  3.470E+008
 1.750E+013  1.005E-011  2.237E+010  3.510E+008
 1.770E+013  1.078E-011  2.237E+010  3.551E+008
 1.790E+013  1.157E-011  2.237E+010  3.591E+008
 1.810E+013  1.240E-011  2.237E+010  3.631E+008
 1.830E+013  1.328E-011  2.237E+010  3.672E+008
 1.850E+013  1.421E-011  2.237E+010  3.712E+008
 1.870E+013  1.519E-011  2.237E+010  3.752E+008
 1.890E+013  1.622E-011  2.237E+010  3.793E+008
 1.910E+013  1.728E-011  2.237E+010  3.833E+008
 1.930E+013  1.839E-011  2.237E+010  3.873E+008
 1.950E+013  1.953E-011  2.237E+010  3.913E+008
 1.970E+013  2.071E-011  2.237E+010  3.953E+008
 1.990E+013  2.191E-011  2.237E+010  3.994E+008
 2.010E+013  2.314E-011  2.237E+010  4.034E+008
 2.030E+013  2.439E-011  2.237E+010  4.074E+008
 2.050E+013  2.567E-011  2.237E+010  4.114E+008
 2.070E+013  2.696E-011  2.237E+010  4.155E+008
 2.090E+013  2.827E-011  2.237E+010  4.195E+008
 2.110E+013  2.960E-011  2.237E+010  4.235E+008
 2.130E+013  3.094E-011  2.237E+010  4.275E+008
 2.150E+013  3.230E-011  2.238E+010  4.316E+008
 2.170E+013  3.367E-011  2.238E+010  4.356E+008
 2.190E+013  3.506E-011  2.238E+010  4.396E+008
 2.210E+013  3.647E-011  2.238E+010  4.436E+008
 2.230E+013  3.790E-011  2.238E+010  4.477E+008
 2.250E+013  3.936E-011  2.238E+010  4.517E+008
 2.270E+013  4.083E-011  2.238E+010  4.557E+008
 2.290E+013  4.234E-011  2.238E+010  4.598E+008
 2.310E+013  4.388E-011  2.238E+010  4.638E+008
 2.330E+013  4.545E-011  2.238E+010  4.678E+008
 2.350E+013  4.706E-011  2.238E+010  4.719E+008
 2.370E+013  4.872E-011  2.238E+010  4.759E+008
 2.390E+013  5.041E-011  2.238E+010  4.799E+008
 2.410E+013  5.216E-011  2.238E+010  4.840E+008
 2.430E+013  5.395E-011  2.238E+010  4.880E+008
 2.450E+013  5.581E-011  2.238E+010  4.920E+008
 2.470E+013  5.772E-011  2.238E+010  4.961E+008
 2.490E+013  5.970E-011  2.238E+010  5.001E+008
 2.510E+013  6.174E-011  2.238E+010  5.041E+008
 2.530E+013  6.386E-011  2.238E+010  5.082E+008
 2.550E+013  6.605E-011  2.238E+010  5.122E+008
 2.570E+013  6.832E-011  2.238E+010  5.162E+008
 2.590E+013  7.067E-011  2.239E+010  5.203E+008
 2.610E+013  7.311E-011  2.239E+010  5.243E+008
 2.630E+013  7.564E-011  2.239E+010  5.284E+008
 2.650E+013  7.825E-011  2.239E+010  5.324E+008
 2.670E+013  8.096E-011  2.239E+010  5.364E+008
 2.690E+013  8.376E-011  2.239E+010  5.405E+008
 2.710E+013  8.667E-011  2.239E+010  5.445E+008
 2.730E+013  8.966E-011  2.239E+010  5.486E+008
 2.750E+013  9.276E-011  2.239E+010  5.526E+008
 2.770E+013  9.596E-011  2.239E+010  5.566E+008
 2.790E+013  9.926E-011  2.239E+010  5.607E+008
 2.810E+013  1.027E-010  2.239E+010  5.647E+008
 2.830E+013  1.061E-010  2.240E+010  5.688E+008
 2.850E+013  1.097E-010  2.240E+010  5.728E+008
 2.870E+013  1.134E-010  2.240E+010  5.768E+008
 2.890E+013  1.172E-010  2.240E+010  5.809E+008
 2.910E+013  1.211E-010  2.240E+010  5.849E+008
 2.930E+013  1.251E-010  2.240E+010  5.890E+008
 2.950E+013  1.291E-010  2.240E+010  5.930E+008
 2.970E+013  1.333E-010  2.241E+010  5.970E+008
 2.990E+013  1.375E-010  2.241E+010  6.011E+008
 3.010E+013  1.419E-010  2.241E+010  6.051E+008
 3.030E+013  1.463E-010  2.241E+010  6.092E+008
 3.050E+013  1.508E-010  2.241E+010  6.132E+008
 3.070E+013  1.554E-010  2.241E+010  6.173E+008
 3.090E+013  1.601E-010  2.242E+010  6.213E+008
 3.110E+013  1.649E-010  2.242E+010  6.254E+008
 3.130E+013  1.698E-010  2.242E+010  6.294E+008
 3.150E+013  1.748E-010  2.242E+010  6.335E+008
 3.170E+013  1.799E-010  2.242E+010  6.375E+008
 3.190E+013  1.851E-010  2.243E+010  6.416E+008
 3.210E+013  1.904E-010  2.243E+010  6.456E+008
 3.230E+013  1.959E-010  2.243E+010  6.497E+008
 3.250E+013  2.014E-010  2.243E+010  6.537E+008
 3.270E+013  2.071E-010  2.244E+010  6.578E+008
 3.290E+013  2.129E-010  2.244E+010  6.618E+008
 3.310E+013  2.189E-010  2.244E+010  6.659E+008
 3.330E+013  2.250E-010  2.244E+010  6.699E+008
 3.350E+013  2.312E-010  2.245E+010  6.740E+008
 3.370E+013  2.376E-010  2.245E+010  6.781E+008
 3.390E+013  2.442E-010  2.245E+010  6.821E+008
 3.410E+013  2.509E-010  2.246E+010  6.862E+008
 3.430E+013  2.578E-010  2.246E+010  6.902E+008
 3.450E+013  2.649E-010  2.246E+010  6.943E+008
 3.470E+013  2.722E-010  2.247E+010  6.984E+008
 3.490E+013  2.797E-010  2.247E+010  7.024E+008
 3.510E+013  2.874E-010  2.247E+010  7.065E+008
 3.530E+013  2.952E-010  2.248E+010  7.106E+008
 3.550E+013  3.033E-010  2.248E+010  7.146E+008
 3.570E+013  3.116E-010  2.249E+010  7.187E+008
 3.590E+013  3.200E-010  2.249E+010  7.228E+008
 3.610E+013  3.287E-010  2.249E+010  7.269E+008
 3.630E+013  3.376E-010  2.250E+010  7.309E+008
 3.650E+013  3.468E-010  2.250E+010  7.350E+008
 3.670E+013  3.561E-010  2.251E+010  7.391E+008
 3.690E+013  3.656E-010  2.251E+010  7.432E+008
 3.710E+013  3.754E-010  2.252E+010  7.473E+008
 3.730E+013  3.854E-010  2.252E+010  7.514E+008
 3.750E+013  3.956E-010  2.253E+010  7.554E+008
 3.770E+013  4.061E-010  2.254E+010  7.595E+008
 3.790E+013  4.167E-010  2.254E+010  7.636E+008
 3.810E+013  4.276E-010  2.255E+010  7.677E+008
 3.830E+013  4.387E-010  2.255E+010  7.718E+008
 3.850E+013  4.501E-010  2.256E+010  7.759E+008
 3.870E+013  4.616E-010  2.257E+010  7.800E+008
 3.890E+013  4.735E-010  2.257E+010  7.841E+008
 3.910E+013  4.855E-010  2.258E+010  7.882E+008
 3.930E+013  4.978E-010  2.259E+010  7.923E+008
 3.950E+013  5.104E-010  2.260E+010  7.964E+008
 3.970E+013  5.232E-010  2.260E+010  8.006E+008
 3.990E+013  5.362E-010  2.261E+010  8.047E+008
 4.010E+013  5.495E-010  2.262E+010  8.088E+008
 4.030E+013  5.631E-010  2.263E+010  8.129E+008
 4.050E+013  5.769E-010  2.264E+010  8.170E+008
 4.070E+013  5.911E-010  2.265E+010  8.212E+008
 4.090E+013  6.055E-010  2.266E+010  8.253E+008
 4.110E+013  6.201E-010  2.267E+010  8.294E+008
 4.130E+013  6.351E-010  2.268E+010  8.336E+008
 4.150E+013  6.504E-010  2.269E+010  8.377E+008
 4.170E+013  6.659E-010  2.270E+010  8.419E+008
 4.190E+013  6.818E-010  2.271E+010  8.460E+008
 4.210E+013  6.979E-010  2.272E+010  8.502E+008
 4.230E+013  7.144E-010  2.273E+010  8.543E+008
 4.250E+013  7.312E-010  2.274E+010  8.585E+008
 4.270E+013  7.483E-010  2.275E+010  8.626E+008
 4.290E+013  7.657E-010  2.277E+010  8.668E+008
 4.310E+013  7.834E-010  2.278E+010  8.710E+008
 4.330E+013  8.014E-010  2.279E+010  8.752E+008
 4.350E+013  8.198E-010  2.281E+010  8.794E+008
 4.370E+013  8.385E-010  2.282E+010  8.835E+008
 4.390E+013  8.576E-010  2.283E+010  8.877E+008
 4.410E+013  8.770E-010  2.285E+010  8.919E+008
 4.430E+013  8.967E-010  2.286E+010  8.961E+008
 4.450E+013  9.168E-010  2.288E+010  9.004E+008
 4.470E+013  9.373E-010  2.290E+010  9.046E+008
 4.490E+013  9.581E-010  2.291E+010  9.088E+008
 4.510E+013  9.793E-010  2.293E+010  9.130E+008
 4.530E+013  1.001E-009  2.295E+010  9.173E+008
 4.550E+013  1.023E-009  2.296E+010  9.215E+008
 4.570E+013  1.045E-009  2.298E+010  9.257E+008
 4.590E+013  1.068E-009  2.300E+010  9.300E+008
 4.610E+013  1.091E-009  2.302E+010  9.343E+008
 4.630E+013  1.115E-009  2.304E+010  9.385E+008
 4.650E+013  1.139E-009  2.306E+010  9.428E+008
 4.670E+013  1.163E-009  2.308E+010  9.471E+008
 4.690E+013  1.188E-009  2.310E+010  9.514E+008
 4.710E+013  1.214E-009  2.312E+010  9.557E+008
 4.730E+013  1.240E-009  2.315E+010  9.600E+008
 4.750E+013  1.266E-009  2.317E+010  9.643E+008
 4.770E+013  1.293E-009  2.319E+010  9.686E+008
 4.790E+013  1.321E-009  2.322E+010  9.729E+008
 4.810E+013  1.349E-009  2.324E+010  9.772E+008
 4.830E+013  1.377E-009  2.327E+010  9.816E+008
 4.850E+013  1.406E-009  2.330E+010  9.859E+008
 4.870E+013  1.436E-009  2.332E+010  9.903E+008
 4.890E+013  1.466E-009  2.335E+010  9.947E+008
 4.910E+013  1.497E-009  2.338E+010  9.991E+008
 4.930E+013  1.528E-009  2.341E+010  1.003E+009
 4.950E+013  1.560E-009  2.344E+010  1.008E+009
 4.970E+013  1.593E-009  2.347E+010  1.012E+009
 4.990E+013  1.626E-009  2.350E+010  1.017E+009
 5.010E+013  1.660E-009  2.353E+010  1.021E+009
 5.030E+013  1.695E-009  2.356E+010  1.026E+009
 5.050E+013  1.730E-009  2.360E+010  1.030E+009
 5.070E+013  1.766E-009  2.363E+010  1.034E+009
 5.090E+013  1.802E-009  2.367E+010  1.039E+009
 5.110E+013  1.839E-009  2.370E+010  1.043E+009
 5.130E+013  1.877E-009  2.374E+010  1.048E+009
 5.150E+013  1.916E-009  2.378E+010  1.052E+009
 5.170E+013  1.955E-009  2.382E+010  1.057E+009
 5.190E+013  1.995E-009  2.386E+010  1.062E+009
 5.210E+013  2.036E-009  2.390E+010  1.066E+009
 5.230E+013  2.078E-009  2.394E+010  1.071E+009
 5.250E+013  2.120E-009  2.399E+010  1.075E+009
 5.270E+013  2.164E-009  2.403E+010  1.080E+009
 5.290E+013  2.208E-009  2.408E+010  1.084E+009
 5.310E+013  2.253E-009  2.412E+010  1.089E+009
 5.330E+013  2.298E-009  2.417E+010  1.094E+009
 5.350E+013  2.345E-009  2.422E+010  1.098E+009
 5.370E+013  2.392E-009  2.427E+010  1.103E+009
 5.390E+013  2.440E-009  2.432E+010  1.108E+009
 5.410E+013  2.490E-009  2.438E+010  1.112E+009
 5.430E+013  2.540E-009  2.443E+010  1.117E+009
 5.450E+013  2.591E-009  2.449E+010  1.122E+009
 5.470E+013  2.643E-009  2.454E+010  1.127E+009
 5.490E+013  2.696E-009  2.460E+010  1.131E+009
 5.510E+013  2.750E-009  2.466E+010  1.136E+009
 5.530E+013  2.805E-009  2.472E+010  1.141E+009
 5.550E+013  2.861E-009  2.479E+010  1.146E+009
 5.570E+013  2.918E-009  2.485E+010  1.151E+009
 5.590E+013  2.976E-009  2.492E+010  1.156E+009
 5.610E+013  3.036E-009  2.498E+010  1.160E+009
 5.630E+013  3.096E-009  2.505E+010  1.165E+009
 5.650E+013  3.158E-009  2.512E+010  1.170E+009
 5.670E+013  3.221E-009  2.520E+010  1.175E+009
 5.690E+013  3.285E-009  2.527E+010  1.180E+009
 5.710E+013  3.350E-009  2.535E+010  1.185E+009
 5.730E+013  3.417E-009  2.543E+010  1.190E+009
 5.750E+013  3.485E-009  2.551E+010  1.195E+009
 5.770E+013  3.554E-009  2.559E+010  1.200E+009
 5.790E+013  3.625E-009  2.567E+010  1.206E+009
 5.810E+013  3.697E-009  2.576E+010  1.211E+009
 5.830E+013  3.771E-009  2.585E+010  1.216E+009
 5.850E+013  3.846E-009  2.594E+010  1.221E+009
 5.870E+013  3.923E-009  2.603E+010  1.226E+009
 5.890E+013  4.001E-009  2.613E+010  1.231E+009
 5.910E+013  4.081E-009  2.623E+010  1.237E+009
 5.930E+013  4.163E-009  2.633E+010  1.242E+009
 5.950E+013  4.246E-009  2.643E+010  1.247E+009
 5.970E+013  4.331E-009  2.654E+010  1.253E+009
 5.990E+013  4.418E-009  2.664E+010  1.258E+009
 6.010E+013  4.507E-009  2.675E+010  1.263E+009
 6.030E+013  4.598E-009  2.687E+010  1.269E+009
 6.050E+013  4.690E-009  2.698E+010  1.274E+009
 6.070E+013  4.785E-009  2.710E+010  1.280E+009
 6.090E+013  4.882E-009  2.723E+010  1.285E+009
 6.110E+013  4.981E-009  2.735E+010  1.291E+009
 6.130E+013  5.082E-009  2.748E+010  1.296E+009
 6.150E+013  5.185E-009  2.761E+010  1.302E+009
 6.170E+013  5.291E-009  2.775E+010  1.308E+009
 6.190E+013  5.399E-009  2.789E+010  1.313E+009
 6.210E+013  5.509E-009  2.803E+010  1.319E+009
 6.230E+013  5.622E-009  2.818E+010  1.325E+009
 6.250E+013  5.738E-009  2.832E+010  1.331E+009
 6.270E+013  5.856E-009  2.848E+010  1.337E+009
 6.290E+013  5.977E-009  2.864E+010  1.343E+009
 6.310E+013  6.100E-009  2.880E+010  1.348E+009
 6.330E+013  6.227E-009  2.896E+010  1.354E+009
 6.350E+013  6.357E-009  2.913E+010  1.360E+009
 6.370E+013  6.489E-009  2.931E+010  1.366E+009
 6.390E+013  6.625E-009  2.949E+010  1.373E+009
 6.410E+013  6.764E-009  2.967E+010  1.379E+009
 6.430E+013  6.907E-009  2.986E+010  1.385E+009
 6.450E+013  7.053E-009  3.005E+010  1.391E+009
 6.470E+013  7.202E-009  3.025E+010  1.397E+009
 6.490E+013  7.356E-009  3.046E+010  1.404E+009
 6.510E+013  7.513E-009  3.067E+010  1.410E+009
 6.530E+013  7.674E-009  3.088E+010  1.416E+009
 6.550E+013  7.839E-009  3.110E+010  1.423E+009
 6.570E+013  8.008E-009  3.133E+010  1.429E+009
 6.590E+013  8.182E-009  3.156E+010  1.436E+009
 6.610E+013  8.360E-009  3.180E+010  1.442E+009
 6.630E+013  8.543E-009  3.205E+010  1.449E+009
 6.650E+013  8.731E-009  3.230E+010  1.456E+009
 6.670E+013  8.923E-009  3.256E+010  1.462E+009
 6.690E+013  9.121E-009  3.283E+010  1.469E+009
 6.710E+013  9.324E-009  3.310E+010  1.476E+009
 6.730E+013  9.533E-009  3.338E+010  1.483E+009
 6.750E+013  9.747E-009  3.367E+010  1.490E+009
 6.770E+013  9.968E-009  3.397E+010  1.497E+009
 6.790E+013  1.019E-008  3.428E+010  1.504E+009
 6.810E+013  1.043E-008  3.459E+010  1.511E+009
 6.830E+013  1.067E-008  3.492E+010  1.518E+009
 6.850E+013  1.091E-008  3.525E+010  1.525E+009
 6.870E+013  1.117E-008  3.559E+010  1.533E+009
 6.890E+013  1.143E-008  3.594E+010  1.540E+009
 6.910E+013  1.170E-008  3.631E+010  1.547E+009
 6.930E+013  1.197E-008  3.668E+010  1.555E+009
 6.950E+013  1.226E-008  3.706E+010  1.562E+009
 6.970E+013  1.255E-008  3.746E+010  1.570E+009
 6.990E+013  1.285E-008  3.786E+010  1.577E+009
 7.010E+013  1.316E-008  3.828E+010  1.585E+009
 7.030E+013  1.348E-008  3.871E+010  1.593E+009
 7.050E+013  1.381E-008  3.915E+010  1.600E+009
 7.070E+013  1.415E-008  3.961E+010  1.608E+009
 7.090E+013  1.451E-008  4.008E+010  1.616E+009
 7.110E+013  1.487E-008  4.056E+010  1.624E+009
 7.130E+013  1.524E-008  4.106E+010  1.632E+009
 7.150E+013  1.563E-008  4.158E+010  1.640E+009
 7.170E+013  1.603E-008  4.211E+010  1.648E+009
 7.190E+013  1.644E-008  4.265E+010  1.657E+009
 7.210E+013  1.687E-008  4.322E+010  1.665E+009
 7.230E+013  1.731E-008  4.380E+010  1.673E+009
 7.250E+013  1.776E-008  4.440E+010  1.681E+009
 7.270E+013  1.823E-008  4.501E+010  1.690E+009
 7.290E+013  1.872E-008  4.565E+010  1.698E+009
 7.310E+013  1.922E-008  4.631E+010  1.707E+009
 7.330E+013  1.974E-008  4.698E+010  1.716E+009
 7.350E+013  2.028E-008  4.768E+010  1.724E+009
 7.370E+013  2.084E-008  4.841E+010  1.733E+009
 7.390E+013  2.141E-008  4.915E+010  1.742E+009
 7.410E+013  2.201E-008  4.992E+010  1.751E+009
 7.430E+013  2.263E-008  5.072E+010  1.759E+009
 7.450E+013  2.327E-008  5.154E+010  1.768E+009
 7.470E+013  2.394E-008  5.238E+010  1.777E+009
 7.490E+013  2.463E-008  5.326E+010  1.787E+009
 7.510E+013  2.535E-008  5.417E+010  1.796E+009
 7.530E+013  2.609E-008  5.510E+010  1.805E+009
 7.550E+013  2.687E-008  5.607E+010  1.814E+009
 7.570E+013  2.767E-008  5.707E+010  1.823E+009
 7.590E+013  2.850E-008  5.811E+010  1.833E+009
 7.610E+013  2.937E-008  5.918E+010  1.842E+009
 7.630E+013  3.027E-008  6.029E+010  1.852E+009
 7.650E+013  3.121E-008  6.144E+010  1.861E+009
 7.670E+013  3.218E-008  6.262E+010  1.871E+009
 7.690E+013  3.319E-008  6.385E+010  1.880E+009
 7.710E+013  3.426E-008  6.517E+010  1.890E+009
 7.730E+013  3.535E-008  6.646E+010  1.901E+009
 7.750E+013  3.642E-008  6.764E+010  1.908E+009
 7.770E+013  3.774E-008  6.954E+010  1.918E+009
 7.790E+013  3.915E-008  7.180E+010  1.939E+009
 7.810E+013  3.926E-008  7.036E+010  1.945E+009
 7.830E+013  3.536E-008  5.607E+010  1.885E+009
 7.850E+013  2.340E-008  2.356E+010  1.614E+009
 7.870E+013  1.384E-008  3.422E+009  1.033E+009
 7.890E+013  1.059E-008  6.315E+007  3.420E+008
 7.910E+013  1.002E-008  6.923E+003  2.204E+007
 7.930E+013  1.000E-008  6.236E+001  4.075E+004
 7.950E+013  1.000E-008  6.236E+001  6.197E-002
 7.970E+013  1.000E-008  6.236E+001  5.514E-014
 7.990E+013  1.000E-008  6.236E+001  1.705E-013
 8.010E+013  1.000E-008  6.236E+001  1.454E-033
 8.030E+013  1.000E-008  6.236E+001  3.622E-074
 8.050E+013  1.000E-008  6.236E+001  1.049E-155
 8.070E+013  1.000E-008  6.236E+001 -4.521E-312
 8.090E+013  1.000E-008  6.236E+001 -3.445E-152
 8.110E+013  1.000E-008  6.236E+001 -2.076E-072
 8.130E+013  1.000E-008  6.236E+001 -1.100E-032
 8.150E+013  1.000E-008  6.236E+001 -4.690E-013
 8.170E+013  1.000E-008  6.236E+001  5.969E-013
 8.190E+013  1.000E-008  6.236E+001 -1.279E-013
 8.210E+013  1.000E-008  6.236E+001  0.000E+000
 8.230E+013  1.000E-008  6.236E+001  0.000E+000
 8.250E+013  1.000E-008  6.236E+001  0.000E+000
 8.270E+013  1.000E-008  6.236E+001  0.000E+000
 8.290E+013  1.000E-008  6.236E+001  1.705E-013
 8.310E+013  1.000E-008  6.236E+001 -1.705E-013
 8.330E+013  1.000E-008  6.236E+001 -8.831E-035
 8.350E+013  1.000E-008  6.236E+001  2.558E-013
 8.370E+013  1.000E-008  6.236E+001 -2.132E-013
 8.390E+013  1.000E-008  6.236E+001 -9.094E-035
 8.410E+013  1.000E-008  6.236E+001 -4.263E-014
 8.430E+013  1.000E-008  6.236E+001  4.263E-014
 8.450E+013  1.000E-008  6.236E+001 -8.616E-038
 8.470E+013  1.000E-008  6.236E+001 -4.263E-014
 8.490E+013  1.000E-008  6.236E+001 -4.288E-038
 8.510E+013  1.000E-008  6.236E+001  4.263E-014
 8.530E+013  1.000E-008  6.236E+001 -8.535E-038
 8.550E+013  1.000E-008  6.236E+001 -4.263E-014
 8.570E+013  1.000E-008  6.236E+001 -4.248E-038
 8.590E+013  1.000E-008  6.236E+001  4.263E-014
 8.610E+013  1.000E-008  6.236E+001 -4.263E-014
 8.630E+013  1.000E-008  6.236E+001  0.000E+000
 8.650E+013  1.000E-008  6.236E+001  0.000E+000
 8.670E+013  1.000E-008  6.236E+001  0.000E+000
 8.690E+013  1.000E-008  6.236E+001  0.000E+000
 8.710E+013  1.000E-008  6.236E+001  0.000E+000
 8.730E+013  1.000E-008  6.236E+001  0.000E+000
 8.750E+013  1.000E-008  6.236E+001  4.263E-014
 8.770E+013  1.000E-008  6.236E+001 -4.263E-014
 8.790E+013  1.000E-008  6.236E+001 -4.141E-038
 8.810E+013  1.000E-008  6.236E+001  4.263E-014
 8.830E+013  1.000E-008  6.236E+001 -4.263E-014
 8.850E+013  1.000E-008  6.236E+001  4.263E-014
 8.870E+013  1.000E-008  6.236E+001  4.263E-014
 8.890E+013  1.000E-008  6.236E+001 -8.527E-014
 8.910E+013  1.000E-008  6.236E+001  0.000E+000
 8.930E+013  1.000E-008  6.236E+001  0.000E+000
 8.950E+013  1.000E-008  6.236E+001  0.000E+000
 8.970E+013  1.000E-008  6.236E+001  0.000E+000
 8.990E+013  1.000E-008  6.236E+001  0.000E+000
 9.010E+013  1.000E-008  6.236E+001  4.263E-014
 9.030E+013  1.000E-008  6.236E+001 -8.062E-038
 9.050E+013  1.000E-008  6.236E+001 -4.263E-014
 9.070E+013  1.000E-008  6.236E+001  4.263E-014
 9.090E+013  1.000E-008  6.236E+001 -8.009E-038
 9.110E+013  1.000E-008  6.236E+001 -4.263E-014
 9.130E+013  1.000E-008  6.236E+001  0.000E+000
 9.150E+013  1.000E-008  6.236E+001  0.000E+000
 9.170E+013  1.000E-008  6.236E+001  0.000E+000
 9.190E+013  1.000E-008  6.236E+001  0.000E+000
 9.210E+013  1.000E-008  6.236E+001  0.000E+000
 9.230E+013  1.000E-008  6.236E+001  4.263E-014
 9.250E+013  1.000E-008  6.236E+001 -7.870E-038
 9.270E+013  1.000E-008  6.236E+001 -4.263E-014
 9.290E+013  1.000E-008  6.236E+001  0.000E+000
 9.310E+013  1.000E-008  6.236E+001  0.000E+000
 9.330E+013  1.000E-008  6.236E+001  0.000E+000
 9.350E+013  1.000E-008  6.236E+001  0.000E+000
 9.370E+013  1.000E-008  6.236E+001  4.263E-014
 9.390E+013  1.000E-008  6.236E+001 -4.263E-014
 9.410E+013  1.000E-008  6.236E+001  4.263E-014
 9.430E+013  1.000E-008  6.236E+001 -4.263E-014
 9.450E+013  1.000E-008  6.236E+001  0.000E+000
 9.470E+013  1.000E-008  6.236E+001  0.000E+000
 9.490E+013  1.000E-008  6.236E+001  0.000E+000
 9.510E+013  1.000E-008  6.236E+001  0.000E+000
 9.530E+013  1.000E-008  6.236E+001  4.263E-014
 9.550E+013  1.000E-008  6.236E+001 -4.263E-014
 9.570E+013  1.000E-008  6.236E+001 -1.417E-076
 9.590E+013  1.000E-008  6.236E+001 -9.094E-035
 9.610E+013  1.000E-008  6.236E+001 -4.263E-014
 9.630E+013  1.000E-008  6.236E+001  4.263E-014
 9.650E+013  1.000E-008  6.236E+001  9.086E-035
 9.670E+013  1.000E-008  6.236E+001  4.263E-014
 9.690E+013  1.000E-008  6.236E+001 -4.263E-014
 9.710E+013  1.000E-008  6.236E+001  0.000E+000
 9.730E+013  1.000E-008  6.236E+001  0.000E+000
 9.750E+013  1.000E-008  6.236E+001  0.000E+000
 9.770E+013  1.000E-008  6.236E+001  0.000E+000
 9.790E+013  1.000E-008  6.236E+001  0.000E+000
 9.810E+013  1.000E-008  6.236E+001  0.000E+000
 9.830E+013  1.000E-008  6.236E+001  0.000E+000
 9.850E+013  1.000E-008  6.236E+001  0.000E+000
 9.870E+013  1.000E-008  6.236E+001  0.000E+000
 9.890E+013  1.000E-008  6.236E+001  0.000E+000
 9.910E+013  1.000E-008  6.236E+001  0.000E+000
 9.930E+013  1.000E-008  6.236E+001  0.000E+000
 9.950E+013  1.000E-008  6.236E+001  4.263E-014
 9.970E+013  1.000E-008  6.236E+001 -4.263E-014
 9.990E+013  1.000E-008  6.236E+001  0.000E+000
 1.001E+014  1.000E-099  1.000E-099  0.000E+000
 1.003E+014  1.000E-099  1.000E-099  0.000E+000
 3.805E-004
