 1.507E+005
     x1b        dens       energ       v1
 1.000E+011  1.015E-010  1.677E+006  0.000E+000
 3.000E+011  1.039E-010  1.685E+006  7.929E+005
 5.000E+011  1.086E-010  1.683E+006  4.122E+005
 7.000E+011  1.147E-010  1.685E+006  1.031E+006
 9.000E+011  1.201E-010  1.683E+006  1.276E+006
 1.100E+012  1.240E-010  1.684E+006  1.628E+006
 1.300E+012  1.252E-010  1.685E+006  1.947E+006
 1.500E+012  1.252E-010  1.685E+006  2.283E+006
 1.700E+012  1.249E-010  1.685E+006  2.596E+006
 1.900E+012  1.243E-010  1.686E+006  2.919E+006
 2.100E+012  1.242E-010  1.687E+006  3.245E+006
 2.300E+012  1.244E-010  1.687E+006  3.562E+006
 2.500E+012  1.253E-010  1.688E+006  3.886E+006
 2.700E+012  1.273E-010  1.689E+006  4.213E+006
 2.900E+012  1.312E-010  1.690E+006  4.536E+006
 3.100E+012  1.379E-010  1.691E+006  4.858E+006
 3.300E+012  1.486E-010  1.692E+006  5.182E+006
 3.500E+012  1.649E-010  1.693E+006  5.507E+006
 3.700E+012  1.896E-010  1.694E+006  5.836E+006
 3.900E+012  2.260E-010  1.696E+006  6.161E+006
 4.100E+012  2.793E-010  1.698E+006  6.498E+006
 4.300E+012  3.558E-010  1.702E+006  6.840E+006
 4.500E+012  4.621E-010  1.705E+006  7.174E+006
 4.700E+012  6.039E-010  1.711E+006  7.502E+006
 4.900E+012  7.831E-010  1.719E+006  7.832E+006
 5.100E+012  9.970E-010  1.729E+006  8.150E+006
 5.300E+012  1.240E-009  1.742E+006  8.469E+006
 5.500E+012  1.508E-009  1.760E+006  8.792E+006
 5.700E+012  1.798E-009  1.783E+006  9.126E+006
 5.900E+012  2.115E-009  1.811E+006  9.478E+006
 6.100E+012  2.467E-009  1.845E+006  9.838E+006
 6.300E+012  2.866E-009  1.884E+006  1.019E+007
 6.500E+012  3.330E-009  1.929E+006  1.054E+007
 6.700E+012  3.886E-009  1.985E+006  1.089E+007
 6.900E+012  4.563E-009  2.053E+006  1.127E+007
 7.100E+012  5.392E-009  2.136E+006  1.166E+007
 7.300E+012  6.408E-009  2.237E+006  1.207E+007
 7.500E+012  7.644E-009  2.359E+006  1.248E+007
 7.700E+012  9.221E-009  2.540E+006  1.295E+007
 7.900E+012  1.129E-008  2.809E+006  1.364E+007
 8.100E+012  1.370E-008  3.067E+006  1.431E+007
 8.300E+012  1.675E-008  3.387E+006  1.471E+007
 8.500E+012  2.220E-008  4.242E+006  1.568E+007
 8.700E+012  2.736E-008  4.812E+006  1.715E+007
 8.900E+012  2.672E-008  3.565E+006  1.662E+007
 9.100E+012  1.895E-008  1.197E+006  1.330E+007
 9.300E+012  1.231E-008  1.098E+005  7.343E+006
 9.500E+012  1.025E-008  5.679E+002  1.658E+006
 9.700E+012  1.000E-008  6.239E+001  3.675E+004
 9.900E+012  1.000E-008  6.236E+001  5.578E+000
 1.010E+013  1.000E-008  6.236E+001  3.492E-007
 1.030E+013  1.000E-008  6.236E+001 -2.131E-012
 1.050E+013  1.000E-008  6.236E+001  0.000E+000
 1.070E+013  1.000E-008  6.236E+001  0.000E+000
 1.090E+013  1.000E-008  6.236E+001  0.000E+000
 1.110E+013  1.000E-008  6.236E+001  0.000E+000
 1.130E+013  1.000E-008  6.236E+001  5.353E-013
 1.150E+013  1.000E-008  6.236E+001 -5.353E-013
 1.170E+013  1.000E-008  6.236E+001  0.000E+000
 1.190E+013  1.000E-008  6.236E+001  0.000E+000
 1.210E+013  1.000E-008  6.236E+001  5.353E-013
 1.230E+013  1.000E-008  6.236E+001 -1.187E-033
 1.250E+013  1.000E-008  6.236E+001 -5.353E-013
 1.270E+013  1.000E-008  6.236E+001  0.000E+000
 1.290E+013  1.000E-008  6.236E+001  0.000E+000
 1.310E+013  1.000E-008  6.236E+001  0.000E+000
 1.330E+013  1.000E-008  6.236E+001  0.000E+000
 1.350E+013  1.000E-008  6.236E+001  0.000E+000
 1.370E+013  1.000E-008  6.236E+001  0.000E+000
 1.390E+013  1.000E-008  6.236E+001  2.141E-012
 1.410E+013  1.000E-008  6.236E+001 -2.141E-012
 1.430E+013  1.000E-008  6.236E+001 -8.016E-012
 1.450E+013  1.000E-008  6.236E+001  8.016E-012
 1.470E+013  1.000E-008  6.236E+001  1.606E-012
 1.490E+013  1.000E-008  6.236E+001 -1.606E-012
 1.510E+013  1.000E-008  6.236E+001  0.000E+000
 1.530E+013  1.000E-008  6.236E+001  0.000E+000
 1.550E+013  1.000E-008  6.236E+001  0.000E+000
 1.570E+013  1.000E-008  6.236E+001  0.000E+000
 1.590E+013  1.000E-008  6.236E+001  5.353E-013
 1.610E+013  1.000E-008  6.236E+001 -9.050E-034
 1.630E+013  1.000E-008  6.236E+001 -5.353E-013
 1.650E+013  1.000E-008  6.236E+001 -5.353E-013
 1.670E+013  1.000E-008  6.236E+001  5.353E-013
 1.690E+013  1.000E-008  6.236E+001  1.806E-031
 1.710E+013  1.000E-008  6.236E+001  6.921E-069
 1.730E+013  1.000E-008  6.236E+001  4.650E-144
 1.750E+013  1.000E-008  6.236E+001  9.769E-295
 1.770E+013  1.000E-008  6.236E+001  0.000E+000
 1.790E+013  1.000E-008  6.236E+001  0.000E+000
 1.810E+013  1.000E-008  6.236E+001  0.000E+000
 1.830E+013  1.000E-008  6.236E+001  5.353E-013
 1.850E+013  1.000E-008  6.236E+001 -5.353E-013
 1.870E+013  1.000E-008  6.236E+001  2.141E-012
 1.890E+013  1.000E-008  6.236E+001 -3.212E-012
 1.910E+013  1.000E-008  6.236E+001  2.141E-012
 1.930E+013  1.000E-008  6.236E+001 -1.071E-012
 1.950E+013  1.000E-008  6.236E+001  0.000E+000
 1.970E+013  1.000E-008  6.236E+001  0.000E+000
 1.990E+013  1.000E-008  6.236E+001  0.000E+000
 2.010E+013  1.000E-008  6.236E+001  0.000E+000
 2.030E+013  1.000E-008  6.236E+001  0.000E+000
 2.050E+013  1.000E-008  6.236E+001  0.000E+000
 2.070E+013  1.000E-008  6.236E+001  0.000E+000
 2.090E+013  1.000E-008  6.236E+001  5.353E-013
 2.110E+013  1.000E-008  6.236E+001 -6.895E-034
 2.130E+013  1.000E-008  6.236E+001 -5.353E-013
 2.150E+013  1.000E-008  6.236E+001  0.000E+000
 2.170E+013  1.000E-008  6.236E+001  0.000E+000
 2.190E+013  1.000E-008  6.236E+001  0.000E+000
 2.210E+013  1.000E-008  6.236E+001  0.000E+000
 2.230E+013  1.000E-008  6.236E+001  0.000E+000
 2.250E+013  1.000E-008  6.236E+001  0.000E+000
 2.270E+013  1.000E-008  6.236E+001  5.353E-013
 2.290E+013  1.000E-008  6.236E+001 -6.351E-034
 2.310E+013  1.000E-008  6.236E+001 -5.353E-013
 2.330E+013  1.000E-008  6.236E+001  0.000E+000
 2.350E+013  1.000E-008  6.236E+001  0.000E+000
 2.370E+013  1.000E-008  6.236E+001  5.353E-013
 2.390E+013  1.000E-008  6.236E+001 -5.353E-013
 2.410E+013  1.000E-008  6.236E+001  0.000E+000
 2.430E+013  1.000E-008  6.236E+001  0.000E+000
 2.450E+013  1.000E-008  6.236E+001  0.000E+000
 2.470E+013  1.000E-008  6.236E+001  5.353E-013
 2.490E+013  1.000E-008  6.236E+001 -5.353E-013
 2.510E+013  1.000E-008  6.236E+001  5.353E-013
 2.530E+013  1.000E-008  6.236E+001 -5.353E-013
 2.550E+013  1.000E-008  6.236E+001 -6.604E-290
 2.570E+013  1.000E-008  6.236E+001 -1.209E-141
 2.590E+013  1.000E-008  6.236E+001 -1.116E-067
 2.610E+013  1.000E-008  6.236E+001 -7.251E-031
 2.630E+013  1.000E-008  6.236E+001 -1.071E-012
 2.650E+013  1.000E-008  6.236E+001  1.071E-012
 2.670E+013  1.000E-008  6.236E+001  7.229E-031
 2.690E+013  1.000E-008  6.236E+001  1.109E-067
 2.710E+013  1.000E-008  6.236E+001  5.353E-013
 2.730E+013  1.000E-008  6.236E+001 -5.353E-013
 2.750E+013  1.000E-008  6.236E+001  1.606E-012
 2.770E+013  1.000E-008  6.236E+001 -1.606E-012
 2.790E+013  1.000E-008  6.236E+001  0.000E+000
 2.810E+013  1.000E-008  6.236E+001  0.000E+000
 2.830E+013  1.000E-008  6.236E+001  2.676E-012
 2.850E+013  1.000E-008  6.236E+001 -5.352E-013
 2.870E+013  1.000E-008  6.236E+001 -2.141E-012
 2.890E+013  1.000E-008  6.236E+001 -2.833E-031
 2.910E+013  1.000E-008  6.236E+001  3.747E-012
 2.930E+013  1.000E-008  6.236E+001 -3.747E-012
 2.950E+013  1.000E-008  6.236E+001  0.000E+000
 2.970E+013  1.000E-008  6.236E+001  0.000E+000
 2.990E+013  1.000E-008  6.236E+001  0.000E+000
 3.010E+013  1.000E-008  6.236E+001  5.353E-013
 3.030E+013  1.000E-008  6.236E+001 -5.353E-013
 3.050E+013  1.000E-008  6.236E+001  5.353E-013
 3.070E+013  1.000E-008  6.236E+001 -5.353E-013
 3.090E+013  1.000E-008  6.236E+001  5.353E-013
 3.110E+013  1.000E-008  6.236E+001  5.353E-013
 3.130E+013  1.000E-008  6.236E+001 -1.071E-012
 3.150E+013  1.000E-008  6.236E+001  0.000E+000
 3.170E+013  1.000E-008  6.236E+001  0.000E+000
 3.190E+013  1.000E-008  6.236E+001  0.000E+000
 3.210E+013  1.000E-008  6.236E+001  0.000E+000
 3.230E+013  1.000E-008  6.236E+001  0.000E+000
 3.250E+013  1.000E-008  6.236E+001  0.000E+000
 3.270E+013  1.000E-008  6.236E+001 -1.005E-294
 3.290E+013  1.000E-008  6.236E+001 -4.717E-144
 3.310E+013  1.000E-008  6.236E+001 -6.970E-069
 3.330E+013  1.000E-008  6.236E+001 -1.812E-031
 3.350E+013  1.000E-008  6.236E+001 -5.353E-013
 3.370E+013  1.000E-008  6.236E+001  5.353E-013
 3.390E+013  1.000E-008  6.236E+001  1.808E-031
 3.410E+013  1.000E-008  6.236E+001  6.937E-069
 3.430E+013  1.000E-008  6.236E+001  4.672E-144
 3.450E+013  1.000E-008  6.236E+001  1.071E-012
 3.470E+013  1.000E-008  6.236E+001 -1.071E-012
 3.490E+013  1.000E-008  6.236E+001  0.000E+000
 3.510E+013  1.000E-008  6.236E+001  0.000E+000
 3.530E+013  1.000E-008  6.236E+001  0.000E+000
 3.550E+013  1.000E-008  6.236E+001  0.000E+000
 3.570E+013  1.000E-008  6.236E+001  1.071E-012
 3.590E+013  1.000E-008  6.236E+001 -5.353E-013
 3.610E+013  1.000E-008  6.236E+001 -1.812E-031
 3.630E+013  1.000E-008  6.236E+001 -5.353E-013
 3.650E+013  1.000E-008  6.236E+001 -5.353E-013
 3.670E+013  1.000E-008  6.236E+001  5.353E-013
 3.690E+013  1.000E-008  6.236E+001  5.353E-013
 3.710E+013  1.000E-008  6.236E+001 -5.353E-013
 3.730E+013  1.000E-008  6.236E+001 -1.946E-034
 3.750E+013  1.000E-008  6.236E+001  5.353E-013
 3.770E+013  1.000E-008  6.236E+001 -5.353E-013
 3.790E+013  1.000E-008  6.236E+001  0.000E+000
 3.810E+013  1.000E-008  6.236E+001  0.000E+000
 3.830E+013  1.000E-008  6.236E+001  5.353E-013
 3.850E+013  1.000E-008  6.236E+001 -5.353E-013
 3.870E+013  1.000E-008  6.236E+001 -1.812E-031
 3.890E+013  1.000E-008  6.236E+001 -5.353E-013
 3.910E+013  1.000E-008  6.236E+001 -5.486E-032
 3.930E+013  1.000E-008  6.236E+001  1.606E-012
 3.950E+013  1.000E-008  6.236E+001 -5.353E-013
 3.970E+013  1.000E-008  6.236E+001  1.606E-012
 3.990E+013  1.000E-008  6.236E+001 -2.141E-012
 4.010E+013  1.000E-008  6.236E+001  0.000E+000
 4.030E+013  1.000E-008  6.236E+001  0.000E+000
 4.050E+013  1.000E-008  6.236E+001  0.000E+000
 4.070E+013  1.000E-008  6.236E+001  0.000E+000
 4.090E+013  1.000E-008  6.236E+001  1.957E-011
 4.110E+013  1.000E-008  6.236E+001 -1.957E-011
 4.130E+013  1.000E-008  6.236E+001  1.384E-011
 4.150E+013  1.000E-008  6.236E+001 -1.384E-011
 4.170E+013  1.000E-008  6.236E+001  4.817E-012
 4.190E+013  1.000E-008  6.236E+001 -4.281E-012
 4.210E+013  1.000E-008  6.236E+001 -1.812E-031
 4.230E+013  1.000E-008  6.236E+001 -5.353E-013
 4.250E+013  1.000E-008  6.236E+001  0.000E+000
 4.270E+013  1.000E-008  6.236E+001  0.000E+000
 4.290E+013  1.000E-008  6.236E+001  0.000E+000
 4.310E+013  1.000E-008  6.236E+001  0.000E+000
 4.330E+013  1.000E-008  6.236E+001  0.000E+000
 4.350E+013  1.000E-008  6.236E+001  0.000E+000
 4.370E+013  1.000E-008  6.236E+001  0.000E+000
 4.390E+013  1.000E-008  6.236E+001  0.000E+000
 4.410E+013  1.000E-008  6.236E+001  0.000E+000
 4.430E+013  1.000E-008  6.236E+001  0.000E+000
 4.450E+013  1.000E-008  6.236E+001  0.000E+000
 4.470E+013  1.000E-008  6.236E+001  5.353E-013
 4.490E+013  1.000E-008  6.236E+001 -3.232E-034
 4.510E+013  1.000E-008  6.236E+001 -5.353E-013
 4.530E+013  1.000E-008  6.236E+001 -1.003E-294
 4.550E+013  1.000E-008  6.236E+001 -4.711E-144
 4.570E+013  1.000E-008  6.236E+001 -6.966E-069
 4.590E+013  1.000E-008  6.236E+001 -1.812E-031
 4.610E+013  1.000E-008  6.236E+001 -5.353E-013
 4.630E+013  1.000E-008  6.236E+001  5.353E-013
 4.650E+013  1.000E-008  6.236E+001  5.353E-013
 4.670E+013  1.000E-008  6.236E+001 -5.353E-013
 4.690E+013  1.000E-008  6.236E+001  5.353E-013
 4.710E+013  1.000E-008  6.236E+001 -5.353E-013
 4.730E+013  1.000E-008  6.236E+001  0.000E+000
 4.750E+013  1.000E-008  6.236E+001  0.000E+000
 4.770E+013  1.000E-008  6.236E+001  0.000E+000
 4.790E+013  1.000E-008  6.236E+001  5.353E-013
 4.810E+013  1.000E-008  6.236E+001 -5.353E-013
 4.830E+013  1.000E-008  6.236E+001 -1.502E-034
 4.850E+013  1.000E-008  6.236E+001  5.353E-013
 4.870E+013  1.000E-008  6.236E+001 -5.353E-013
 4.890E+013  1.000E-008  6.236E+001  0.000E+000
 4.910E+013  1.000E-008  6.236E+001  0.000E+000
 4.930E+013  1.000E-008  6.236E+001  0.000E+000
 4.950E+013  1.000E-008  6.236E+001  0.000E+000
 4.970E+013  1.000E-008  6.236E+001  0.000E+000
 4.990E+013  1.000E-008  6.236E+001  1.071E-012
 5.010E+013  1.000E-008  6.236E+001 -1.606E-012
 5.030E+013  1.000E-008  6.236E+001  5.353E-013
 5.050E+013  1.000E-008  6.236E+001  1.809E-031
 5.070E+013  1.000E-008  6.236E+001  6.943E-069
 5.090E+013  1.000E-008  6.236E+001  4.680E-144
 5.110E+013  1.000E-008  6.236E+001  5.353E-013
 5.130E+013  1.000E-008  6.236E+001 -5.353E-013
 5.150E+013  1.000E-008  6.236E+001  0.000E+000
 5.170E+013  1.000E-008  6.236E+001  0.000E+000
 5.190E+013  1.000E-008  6.236E+001 -1.002E-294
 5.210E+013  1.000E-008  6.236E+001 -4.709E-144
 5.230E+013  1.000E-008  6.236E+001 -6.964E-069
 5.250E+013  1.000E-008  6.236E+001 -1.811E-031
 5.270E+013  1.000E-008  6.236E+001 -5.353E-013
 5.290E+013  1.000E-008  6.236E+001  5.353E-013
 5.310E+013  1.000E-008  6.236E+001  1.809E-031
 5.330E+013  1.000E-008  6.236E+001  6.943E-069
 5.350E+013  1.000E-008  6.236E+001  1.071E-012
 5.370E+013  1.000E-008  6.236E+001 -1.071E-012
 5.390E+013  1.000E-008  6.236E+001  2.386E-032
 5.410E+013  1.000E-008  6.236E+001  5.353E-013
 5.430E+013  1.000E-008  6.236E+001  5.353E-013
 5.450E+013  1.000E-008  6.236E+001  5.353E-013
 5.470E+013  1.000E-008  6.236E+001 -1.606E-012
 5.490E+013  1.000E-008  6.236E+001 -1.811E-031
 5.510E+013  1.000E-008  6.236E+001 -5.353E-013
 5.530E+013  1.000E-008  6.236E+001  1.071E-012
 5.550E+013  1.000E-008  6.236E+001 -2.141E-012
 5.570E+013  1.000E-008  6.236E+001  1.071E-012
 5.590E+013  1.000E-008  6.236E+001  5.353E-013
 5.610E+013  1.000E-008  6.236E+001 -5.353E-013
 5.630E+013  1.000E-008  6.236E+001  5.353E-013
 5.650E+013  1.000E-008  6.236E+001 -3.212E-012
 5.670E+013  1.000E-008  6.236E+001  3.212E-012
 5.690E+013  1.000E-008  6.236E+001  3.212E-012
 5.710E+013  1.000E-008  6.236E+001 -3.212E-012
 5.730E+013  1.000E-008  6.236E+001  3.747E-012
 5.750E+013  1.000E-008  6.236E+001 -8.028E-012
 5.770E+013  1.000E-008  6.236E+001 -5.347E-013
 5.790E+013  1.000E-008  6.236E+001  4.816E-012
 5.810E+013  1.000E-008  6.236E+001  2.519E-011
 5.830E+013  1.000E-008  6.236E+001 -2.519E-011
 5.850E+013  1.000E-008  6.236E+001  0.000E+000
 5.870E+013  1.000E-008  6.236E+001  0.000E+000
 5.890E+013  1.000E-008  6.236E+001  0.000E+000
 5.910E+013  1.000E-008  6.236E+001  0.000E+000
 5.930E+013  1.000E-008  6.236E+001  0.000E+000
 5.950E+013  1.000E-008  6.236E+001  0.000E+000
 5.970E+013  1.000E-008  6.236E+001  0.000E+000
 5.990E+013  1.000E-008  6.236E+001  0.000E+000
 6.010E+013  1.000E-008  6.236E+001  0.000E+000
 6.030E+013  1.000E-008  6.236E+001  5.353E-013
 6.050E+013  1.000E-008  6.236E+001 -5.353E-013
 6.070E+013  1.000E-008  6.236E+001  5.353E-013
 6.090E+013  1.000E-008  6.236E+001 -5.353E-013
 6.110E+013  1.000E-008  6.236E+001  0.000E+000
 6.130E+013  1.000E-008  6.236E+001  0.000E+000
 6.150E+013  1.000E-008  6.236E+001  0.000E+000
 6.170E+013  1.000E-008  6.236E+001  5.353E-013
 6.190E+013  1.000E-008  6.236E+001 -5.353E-013
 6.210E+013  1.000E-008  6.236E+001  0.000E+000
 6.230E+013  1.000E-008  6.236E+001  0.000E+000
 6.250E+013  1.000E-008  6.236E+001  0.000E+000
 6.270E+013  1.000E-008  6.236E+001  0.000E+000
 6.290E+013  1.000E-008  6.236E+001  0.000E+000
 6.310E+013  1.000E-008  6.236E+001  0.000E+000
 6.330E+013  1.000E-008  6.236E+001  0.000E+000
 6.350E+013  1.000E-008  6.236E+001  5.353E-013
 6.370E+013  1.000E-008  6.236E+001 -5.353E-013
 6.390E+013  1.000E-008  6.236E+001  0.000E+000
 6.410E+013  1.000E-008  6.236E+001  0.000E+000
 6.430E+013  1.000E-008  6.236E+001  0.000E+000
 6.450E+013  1.000E-008  6.236E+001  0.000E+000
 6.470E+013  1.000E-008  6.236E+001  5.353E-013
 6.490E+013  1.000E-008  6.236E+001 -5.353E-013
 6.510E+013  1.000E-008  6.236E+001  0.000E+000
 6.530E+013  1.000E-008  6.236E+001  0.000E+000
 6.550E+013  1.000E-008  6.236E+001  0.000E+000
 6.570E+013  1.000E-008  6.236E+001  0.000E+000
 6.590E+013  1.000E-008  6.236E+001  5.353E-013
 6.610E+013  1.000E-008  6.236E+001 -5.353E-013
 6.630E+013  1.000E-008  6.236E+001  0.000E+000
 6.650E+013  1.000E-008  6.236E+001  0.000E+000
 6.670E+013  1.000E-008  6.236E+001  0.000E+000
 6.690E+013  1.000E-008  6.236E+001  5.353E-013
 6.710E+013  1.000E-008  6.236E+001 -5.353E-013
 6.730E+013  1.000E-008  6.236E+001  0.000E+000
 6.750E+013  1.000E-008  6.236E+001  0.000E+000
 6.770E+013  1.000E-008  6.236E+001  5.353E-013
 6.790E+013  1.000E-008  6.236E+001 -5.353E-013
 6.810E+013  1.000E-008  6.236E+001  5.353E-013
 6.830E+013  1.000E-008  6.236E+001 -2.123E-034
 6.850E+013  1.000E-008  6.236E+001 -5.353E-013
 6.870E+013  1.000E-008  6.236E+001  0.000E+000
 6.890E+013  1.000E-008  6.236E+001  0.000E+000
 6.910E+013  1.000E-008  6.236E+001  0.000E+000
 6.930E+013  1.000E-008  6.236E+001  5.353E-013
 6.950E+013  1.000E-008  6.236E+001 -5.353E-013
 6.970E+013  1.000E-008  6.236E+001  0.000E+000
 6.990E+013  1.000E-008  6.236E+001  0.000E+000
 7.010E+013  1.000E-008  6.236E+001  0.000E+000
 7.030E+013  1.000E-008  6.236E+001  0.000E+000
 7.050E+013  1.000E-008  6.236E+001  0.000E+000
 7.070E+013  1.000E-008  6.236E+001  0.000E+000
 7.090E+013  1.000E-008  6.236E+001  0.000E+000
 7.110E+013  1.000E-008  6.236E+001  0.000E+000
 7.130E+013  1.000E-008  6.236E+001  0.000E+000
 7.150E+013  1.000E-008  6.236E+001  0.000E+000
 7.170E+013  1.000E-008  6.236E+001  0.000E+000
 7.190E+013  1.000E-008  6.236E+001  5.353E-013
 7.210E+013  1.000E-008  6.236E+001 -5.353E-013
 7.230E+013  1.000E-008  6.236E+001  0.000E+000
 7.250E+013  1.000E-008  6.236E+001  0.000E+000
 7.270E+013  1.000E-008  6.236E+001  1.071E-012
 7.290E+013  1.000E-008  6.236E+001 -7.956E-034
 7.310E+013  1.000E-008  6.236E+001 -1.071E-012
 7.330E+013  1.000E-008  6.236E+001 -1.811E-031
 7.350E+013  1.000E-008  6.236E+001 -5.353E-013
 7.370E+013  1.000E-008  6.236E+001  5.353E-013
 7.390E+013  1.000E-008  6.236E+001  1.809E-031
 7.410E+013  1.000E-008  6.236E+001  6.946E-069
 7.430E+013  1.000E-008  6.236E+001  4.684E-144
 7.450E+013  1.000E-008  6.236E+001  9.914E-295
 7.470E+013  1.000E-008  6.236E+001  0.000E+000
 7.490E+013  1.000E-008  6.236E+001  0.000E+000
 7.510E+013  1.000E-008  6.236E+001  0.000E+000
 7.530E+013  1.000E-008  6.236E+001  0.000E+000
 7.550E+013  1.000E-008  6.236E+001  0.000E+000
 7.570E+013  1.000E-008  6.236E+001  0.000E+000
 7.590E+013  1.000E-008  6.236E+001  0.000E+000
 7.610E+013  1.000E-008  6.236E+001  0.000E+000
 7.630E+013  1.000E-008  6.236E+001  0.000E+000
 7.650E+013  1.000E-008  6.236E+001  0.000E+000
 7.670E+013  1.000E-008  6.236E+001  1.071E-012
 7.690E+013  1.000E-008  6.236E+001 -1.071E-012
 7.710E+013  1.000E-008  6.236E+001  1.606E-012
 7.730E+013  1.000E-008  6.236E+001 -1.606E-012
 7.750E+013  1.000E-008  6.236E+001  4.287E-032
 7.770E+013  1.000E-008  6.236E+001  1.071E-012
 7.790E+013  1.000E-008  6.236E+001 -3.212E-012
 7.810E+013  1.000E-008  6.236E+001  3.212E-012
 7.830E+013  1.000E-008  6.236E+001 -1.071E-012
 7.850E+013  1.000E-008  6.236E+001 -4.908E-069
 7.870E+013  1.000E-008  6.236E+001 -1.521E-031
 7.890E+013  1.000E-008  6.236E+001 -5.353E-013
 7.910E+013  1.000E-008  6.236E+001 -2.676E-012
 7.930E+013  1.000E-008  6.236E+001  1.606E-012
 7.950E+013  1.000E-008  6.236E+001  1.606E-012
 7.970E+013  1.000E-008  6.236E+001 -2.141E-012
 7.990E+013  1.000E-008  6.236E+001  2.141E-012
 8.010E+013  1.000E-008  6.236E+001  2.894E-030
 8.030E+013  1.000E-008  6.236E+001  1.778E-066
 8.050E+013  1.000E-008  6.236E+001  3.068E-139
 8.070E+013  1.000E-008  6.236E+001 -4.501E-278
 8.090E+013  1.000E-008  6.236E+001 -9.985E-136
 8.110E+013  1.000E-008  6.236E+001 -1.014E-064
 8.130E+013  1.000E-008  6.236E+001 -2.187E-029
 8.150E+013  1.000E-008  6.236E+001 -5.885E-012
 8.170E+013  1.000E-008  6.236E+001  7.491E-012
 8.190E+013  1.000E-008  6.236E+001 -1.606E-012
 8.210E+013  1.000E-008  6.236E+001  0.000E+000
 8.230E+013  1.000E-008  6.236E+001  0.000E+000
 8.250E+013  1.000E-008  6.236E+001  0.000E+000
 8.270E+013  1.000E-008  6.236E+001  0.000E+000
 8.290E+013  1.000E-008  6.236E+001  2.141E-012
 8.310E+013  1.000E-008  6.236E+001 -2.141E-012
 8.330E+013  1.000E-008  6.236E+001 -1.758E-031
 8.350E+013  1.000E-008  6.236E+001  3.212E-012
 8.370E+013  1.000E-008  6.236E+001 -2.676E-012
 8.390E+013  1.000E-008  6.236E+001 -1.811E-031
 8.410E+013  1.000E-008  6.236E+001 -5.353E-013
 8.430E+013  1.000E-008  6.236E+001  5.353E-013
 8.450E+013  1.000E-008  6.236E+001 -1.716E-034
 8.470E+013  1.000E-008  6.236E+001 -5.353E-013
 8.490E+013  1.000E-008  6.236E+001 -8.538E-035
 8.510E+013  1.000E-008  6.236E+001  5.353E-013
 8.530E+013  1.000E-008  6.236E+001 -1.700E-034
 8.550E+013  1.000E-008  6.236E+001 -5.353E-013
 8.570E+013  1.000E-008  6.236E+001 -8.458E-035
 8.590E+013  1.000E-008  6.236E+001  5.353E-013
 8.610E+013  1.000E-008  6.236E+001 -5.353E-013
 8.630E+013  1.000E-008  6.236E+001  0.000E+000
 8.650E+013  1.000E-008  6.236E+001  0.000E+000
 8.670E+013  1.000E-008  6.236E+001  0.000E+000
 8.690E+013  1.000E-008  6.236E+001  0.000E+000
 8.710E+013  1.000E-008  6.236E+001  0.000E+000
 8.730E+013  1.000E-008  6.236E+001  0.000E+000
 8.750E+013  1.000E-008  6.236E+001  5.353E-013
 8.770E+013  1.000E-008  6.236E+001 -5.353E-013
 8.790E+013  1.000E-008  6.236E+001 -8.246E-035
 8.810E+013  1.000E-008  6.236E+001  5.353E-013
 8.830E+013  1.000E-008  6.236E+001 -5.353E-013
 8.850E+013  1.000E-008  6.236E+001  5.353E-013
 8.870E+013  1.000E-008  6.236E+001  5.353E-013
 8.890E+013  1.000E-008  6.236E+001 -1.071E-012
 8.910E+013  1.000E-008  6.236E+001  0.000E+000
 8.930E+013  1.000E-008  6.236E+001  0.000E+000
 8.950E+013  1.000E-008  6.236E+001  0.000E+000
 8.970E+013  1.000E-008  6.236E+001  0.000E+000
 8.990E+013  1.000E-008  6.236E+001  0.000E+000
 9.010E+013  1.000E-008  6.236E+001  5.353E-013
 9.030E+013  1.000E-008  6.236E+001 -1.605E-034
 9.050E+013  1.000E-008  6.236E+001 -5.353E-013
 9.070E+013  1.000E-008  6.236E+001  5.353E-013
 9.090E+013  1.000E-008  6.236E+001 -1.595E-034
 9.110E+013  1.000E-008  6.236E+001 -5.353E-013
 9.130E+013  1.000E-008  6.236E+001  0.000E+000
 9.150E+013  1.000E-008  6.236E+001  0.000E+000
 9.170E+013  1.000E-008  6.236E+001  0.000E+000
 9.190E+013  1.000E-008  6.236E+001  0.000E+000
 9.210E+013  1.000E-008  6.236E+001  0.000E+000
 9.230E+013  1.000E-008  6.236E+001  5.353E-013
 9.250E+013  1.000E-008  6.236E+001 -1.567E-034
 9.270E+013  1.000E-008  6.236E+001 -5.353E-013
 9.290E+013  1.000E-008  6.236E+001  0.000E+000
 9.310E+013  1.000E-008  6.236E+001  0.000E+000
 9.330E+013  1.000E-008  6.236E+001  0.000E+000
 9.350E+013  1.000E-008  6.236E+001  0.000E+000
 9.370E+013  1.000E-008  6.236E+001  5.353E-013
 9.390E+013  1.000E-008  6.236E+001 -5.353E-013
 9.410E+013  1.000E-008  6.236E+001  5.353E-013
 9.430E+013  1.000E-008  6.236E+001 -5.353E-013
 9.450E+013  1.000E-008  6.236E+001  0.000E+000
 9.470E+013  1.000E-008  6.236E+001  0.000E+000
 9.490E+013  1.000E-008  6.236E+001  0.000E+000
 9.510E+013  1.000E-008  6.236E+001  0.000E+000
 9.530E+013  1.000E-008  6.236E+001  5.353E-013
 9.550E+013  1.000E-008  6.236E+001 -5.353E-013
 9.570E+013  1.000E-008  6.236E+001 -6.960E-069
 9.590E+013  1.000E-008  6.236E+001 -1.811E-031
 9.610E+013  1.000E-008  6.236E+001 -5.353E-013
 9.630E+013  1.000E-008  6.236E+001  5.353E-013
 9.650E+013  1.000E-008  6.236E+001  1.809E-031
 9.670E+013  1.000E-008  6.236E+001  5.353E-013
 9.690E+013  1.000E-008  6.236E+001 -5.353E-013
 9.710E+013  1.000E-008  6.236E+001  0.000E+000
 9.730E+013  1.000E-008  6.236E+001  0.000E+000
 9.750E+013  1.000E-008  6.236E+001  0.000E+000
 9.770E+013  1.000E-008  6.236E+001  0.000E+000
 9.790E+013  1.000E-008  6.236E+001  0.000E+000
 9.810E+013  1.000E-008  6.236E+001  0.000E+000
 9.830E+013  1.000E-008  6.236E+001  0.000E+000
 9.850E+013  1.000E-008  6.236E+001  0.000E+000
 9.870E+013  1.000E-008  6.236E+001  0.000E+000
 9.890E+013  1.000E-008  6.236E+001  0.000E+000
 9.910E+013  1.000E-008  6.236E+001  0.000E+000
 9.930E+013  1.000E-008  6.236E+001  0.000E+000
 9.950E+013  1.000E-008  6.236E+001  5.353E-013
 9.970E+013  1.000E-008  6.236E+001 -5.353E-013
 9.990E+013  1.000E-008  6.236E+001  0.000E+000
 1.001E+014  1.000E-099  1.000E-099  0.000E+000
 1.003E+014  1.000E-099  1.000E-099  0.000E+000
 4.778E-003
