 1.863E+005
     x1b        dens       energ       v1
 1.000E+011  8.755E-011  1.310E+006  0.000E+000
 3.000E+011  8.856E-011  1.298E+006  2.700E+005
 5.000E+011  9.244E-011  1.302E+006  5.349E+005
 7.000E+011  9.720E-011  1.301E+006  7.930E+005
 9.000E+011  1.019E-010  1.301E+006  1.030E+006
 1.100E+012  1.056E-010  1.301E+006  1.289E+006
 1.300E+012  1.072E-010  1.302E+006  1.556E+006
 1.500E+012  1.072E-010  1.302E+006  1.832E+006
 1.700E+012  1.071E-010  1.302E+006  2.086E+006
 1.900E+012  1.067E-010  1.302E+006  2.331E+006
 2.100E+012  1.064E-010  1.303E+006  2.594E+006
 2.300E+012  1.065E-010  1.303E+006  2.863E+006
 2.500E+012  1.068E-010  1.304E+006  3.122E+006
 2.700E+012  1.077E-010  1.304E+006  3.376E+006
 2.900E+012  1.098E-010  1.305E+006  3.636E+006
 3.100E+012  1.134E-010  1.305E+006  3.905E+006
 3.300E+012  1.194E-010  1.306E+006  4.168E+006
 3.500E+012  1.286E-010  1.306E+006  4.420E+006
 3.700E+012  1.424E-010  1.307E+006  4.685E+006
 3.900E+012  1.626E-010  1.308E+006  4.957E+006
 4.100E+012  1.920E-010  1.310E+006  5.222E+006
 4.300E+012  2.341E-010  1.311E+006  5.496E+006
 4.500E+012  2.935E-010  1.313E+006  5.768E+006
 4.700E+012  3.751E-010  1.316E+006  6.042E+006
 4.900E+012  4.835E-010  1.319E+006  6.315E+006
 5.100E+012  6.208E-010  1.324E+006  6.584E+006
 5.300E+012  7.859E-010  1.330E+006  6.848E+006
 5.500E+012  9.751E-010  1.338E+006  7.110E+006
 5.700E+012  1.184E-009  1.349E+006  7.371E+006
 5.900E+012  1.409E-009  1.361E+006  7.635E+006
 6.100E+012  1.652E-009  1.377E+006  7.902E+006
 6.300E+012  1.915E-009  1.395E+006  8.173E+006
 6.500E+012  2.207E-009  1.417E+006  8.450E+006
 6.700E+012  2.537E-009  1.442E+006  8.733E+006
 6.900E+012  2.922E-009  1.474E+006  9.029E+006
 7.100E+012  3.378E-009  1.512E+006  9.345E+006
 7.300E+012  3.923E-009  1.557E+006  9.672E+006
 7.500E+012  4.577E-009  1.609E+006  9.997E+006
 7.700E+012  5.361E-009  1.671E+006  1.032E+007
 7.900E+012  6.301E-009  1.747E+006  1.066E+007
 8.100E+012  7.421E-009  1.838E+006  1.103E+007
 8.300E+012  8.735E-009  1.941E+006  1.138E+007
 8.500E+012  1.036E-008  2.083E+006  1.175E+007
 8.700E+012  1.246E-008  2.284E+006  1.227E+007
 8.900E+012  1.492E-008  2.484E+006  1.278E+007
 9.100E+012  1.821E-008  2.769E+006  1.316E+007
 9.300E+012  2.393E-008  3.455E+006  1.410E+007
 9.500E+012  2.832E-008  3.728E+006  1.516E+007
 9.700E+012  2.681E-008  2.616E+006  1.446E+007
 9.900E+012  1.826E-008  7.978E+005  1.129E+007
 1.010E+013  1.201E-008  6.301E+004  5.957E+006
 1.030E+013  1.019E-008  2.590E+002  1.187E+006
 1.050E+013  1.000E-008  6.238E+001  2.000E+004
 1.070E+013  1.000E-008  6.236E+001  1.784E+000
 1.090E+013  1.000E-008  6.236E+001  1.253E-007
 1.110E+013  1.000E-008  6.236E+001  2.599E-015
 1.130E+013  1.000E-008  6.236E+001  6.619E-013
 1.150E+013  1.000E-008  6.236E+001 -6.619E-013
 1.170E+013  1.000E-008  6.236E+001  0.000E+000
 1.190E+013  1.000E-008  6.236E+001  0.000E+000
 1.210E+013  1.000E-008  6.236E+001  6.619E-013
 1.230E+013  1.000E-008  6.236E+001 -2.241E-033
 1.250E+013  1.000E-008  6.236E+001 -6.619E-013
 1.270E+013  1.000E-008  6.236E+001  0.000E+000
 1.290E+013  1.000E-008  6.236E+001  0.000E+000
 1.310E+013  1.000E-008  6.236E+001  0.000E+000
 1.330E+013  1.000E-008  6.236E+001  0.000E+000
 1.350E+013  1.000E-008  6.236E+001  0.000E+000
 1.370E+013  1.000E-008  6.236E+001  0.000E+000
 1.390E+013  1.000E-008  6.236E+001  2.647E-012
 1.410E+013  1.000E-008  6.236E+001 -2.647E-012
 1.430E+013  1.000E-008  6.236E+001 -9.915E-012
 1.450E+013  1.000E-008  6.236E+001  9.915E-012
 1.470E+013  1.000E-008  6.236E+001  1.986E-012
 1.490E+013  1.000E-008  6.236E+001 -1.986E-012
 1.510E+013  1.000E-008  6.236E+001  0.000E+000
 1.530E+013  1.000E-008  6.236E+001  0.000E+000
 1.550E+013  1.000E-008  6.236E+001  0.000E+000
 1.570E+013  1.000E-008  6.236E+001  0.000E+000
 1.590E+013  1.000E-008  6.236E+001  6.619E-013
 1.610E+013  1.000E-008  6.236E+001 -1.709E-033
 1.630E+013  1.000E-008  6.236E+001 -6.619E-013
 1.650E+013  1.000E-008  6.236E+001 -6.619E-013
 1.670E+013  1.000E-008  6.236E+001  6.619E-013
 1.690E+013  1.000E-008  6.236E+001  3.410E-031
 1.710E+013  1.000E-008  6.236E+001  3.058E-068
 1.730E+013  1.000E-008  6.236E+001  1.128E-142
 1.750E+013  1.000E-008  6.236E+001  7.177E-292
 1.770E+013  1.000E-008  6.236E+001  0.000E+000
 1.790E+013  1.000E-008  6.236E+001  0.000E+000
 1.810E+013  1.000E-008  6.236E+001  0.000E+000
 1.830E+013  1.000E-008  6.236E+001  6.619E-013
 1.850E+013  1.000E-008  6.236E+001 -6.619E-013
 1.870E+013  1.000E-008  6.236E+001  2.647E-012
 1.890E+013  1.000E-008  6.236E+001 -3.971E-012
 1.910E+013  1.000E-008  6.236E+001  2.647E-012
 1.930E+013  1.000E-008  6.236E+001 -1.324E-012
 1.950E+013  1.000E-008  6.236E+001  0.000E+000
 1.970E+013  1.000E-008  6.236E+001  0.000E+000
 1.990E+013  1.000E-008  6.236E+001  0.000E+000
 2.010E+013  1.000E-008  6.236E+001  0.000E+000
 2.030E+013  1.000E-008  6.236E+001  0.000E+000
 2.050E+013  1.000E-008  6.236E+001  0.000E+000
 2.070E+013  1.000E-008  6.236E+001  0.000E+000
 2.090E+013  1.000E-008  6.236E+001  6.619E-013
 2.110E+013  1.000E-008  6.236E+001 -1.302E-033
 2.130E+013  1.000E-008  6.236E+001 -6.619E-013
 2.150E+013  1.000E-008  6.236E+001  0.000E+000
 2.170E+013  1.000E-008  6.236E+001  0.000E+000
 2.190E+013  1.000E-008  6.236E+001  0.000E+000
 2.210E+013  1.000E-008  6.236E+001  0.000E+000
 2.230E+013  1.000E-008  6.236E+001  0.000E+000
 2.250E+013  1.000E-008  6.236E+001  0.000E+000
 2.270E+013  1.000E-008  6.236E+001  6.619E-013
 2.290E+013  1.000E-008  6.236E+001 -1.199E-033
 2.310E+013  1.000E-008  6.236E+001 -6.619E-013
 2.330E+013  1.000E-008  6.236E+001  0.000E+000
 2.350E+013  1.000E-008  6.236E+001  0.000E+000
 2.370E+013  1.000E-008  6.236E+001  6.619E-013
 2.390E+013  1.000E-008  6.236E+001 -6.619E-013
 2.410E+013  1.000E-008  6.236E+001  0.000E+000
 2.430E+013  1.000E-008  6.236E+001  0.000E+000
 2.450E+013  1.000E-008  6.236E+001  0.000E+000
 2.470E+013  1.000E-008  6.236E+001  6.619E-013
 2.490E+013  1.000E-008  6.236E+001 -6.619E-013
 2.510E+013  1.000E-008  6.236E+001  6.619E-013
 2.530E+013  1.000E-008  6.236E+001 -6.619E-013
 2.550E+013  1.000E-008  6.236E+001 -4.852E-287
 2.570E+013  1.000E-008  6.236E+001 -2.932E-140
 2.590E+013  1.000E-008  6.236E+001 -4.931E-067
 2.610E+013  1.000E-008  6.236E+001 -1.369E-030
 2.630E+013  1.000E-008  6.236E+001 -1.324E-012
 2.650E+013  1.000E-008  6.236E+001  1.324E-012
 2.670E+013  1.000E-008  6.236E+001  1.365E-030
 2.690E+013  1.000E-008  6.236E+001  4.901E-067
 2.710E+013  1.000E-008  6.236E+001  6.619E-013
 2.730E+013  1.000E-008  6.236E+001 -6.619E-013
 2.750E+013  1.000E-008  6.236E+001  1.986E-012
 2.770E+013  1.000E-008  6.236E+001 -1.986E-012
 2.790E+013  1.000E-008  6.236E+001  0.000E+000
 2.810E+013  1.000E-008  6.236E+001  0.000E+000
 2.830E+013  1.000E-008  6.236E+001  3.309E-012
 2.850E+013  1.000E-008  6.236E+001 -6.618E-013
 2.870E+013  1.000E-008  6.236E+001 -2.647E-012
 2.890E+013  1.000E-008  6.236E+001 -5.351E-031
 2.910E+013  1.000E-008  6.236E+001  4.633E-012
 2.930E+013  1.000E-008  6.236E+001 -4.633E-012
 2.950E+013  1.000E-008  6.236E+001  0.000E+000
 2.970E+013  1.000E-008  6.236E+001  0.000E+000
 2.990E+013  1.000E-008  6.236E+001  0.000E+000
 3.010E+013  1.000E-008  6.236E+001  6.619E-013
 3.030E+013  1.000E-008  6.236E+001 -6.619E-013
 3.050E+013  1.000E-008  6.236E+001  6.619E-013
 3.070E+013  1.000E-008  6.236E+001 -6.619E-013
 3.090E+013  1.000E-008  6.236E+001  6.619E-013
 3.110E+013  1.000E-008  6.236E+001  6.619E-013
 3.130E+013  1.000E-008  6.236E+001 -1.324E-012
 3.150E+013  1.000E-008  6.236E+001  0.000E+000
 3.170E+013  1.000E-008  6.236E+001  0.000E+000
 3.190E+013  1.000E-008  6.236E+001  0.000E+000
 3.210E+013  1.000E-008  6.236E+001  0.000E+000
 3.230E+013  1.000E-008  6.236E+001  0.000E+000
 3.250E+013  1.000E-008  6.236E+001  0.000E+000
 3.270E+013  1.000E-008  6.236E+001 -7.386E-292
 3.290E+013  1.000E-008  6.236E+001 -1.144E-142
 3.310E+013  1.000E-008  6.236E+001 -3.080E-068
 3.330E+013  1.000E-008  6.236E+001 -3.422E-031
 3.350E+013  1.000E-008  6.236E+001 -6.619E-013
 3.370E+013  1.000E-008  6.236E+001  6.619E-013
 3.390E+013  1.000E-008  6.236E+001  3.414E-031
 3.410E+013  1.000E-008  6.236E+001  3.065E-068
 3.430E+013  1.000E-008  6.236E+001  1.133E-142
 3.450E+013  1.000E-008  6.236E+001  1.324E-012
 3.470E+013  1.000E-008  6.236E+001 -1.324E-012
 3.490E+013  1.000E-008  6.236E+001  0.000E+000
 3.510E+013  1.000E-008  6.236E+001  0.000E+000
 3.530E+013  1.000E-008  6.236E+001  0.000E+000
 3.550E+013  1.000E-008  6.236E+001  0.000E+000
 3.570E+013  1.000E-008  6.236E+001  1.324E-012
 3.590E+013  1.000E-008  6.236E+001 -6.619E-013
 3.610E+013  1.000E-008  6.236E+001 -3.422E-031
 3.630E+013  1.000E-008  6.236E+001 -6.619E-013
 3.650E+013  1.000E-008  6.236E+001 -6.619E-013
 3.670E+013  1.000E-008  6.236E+001  6.619E-013
 3.690E+013  1.000E-008  6.236E+001  6.619E-013
 3.710E+013  1.000E-008  6.236E+001 -6.619E-013
 3.730E+013  1.000E-008  6.236E+001 -3.676E-034
 3.750E+013  1.000E-008  6.236E+001  6.619E-013
 3.770E+013  1.000E-008  6.236E+001 -6.619E-013
 3.790E+013  1.000E-008  6.236E+001  0.000E+000
 3.810E+013  1.000E-008  6.236E+001  0.000E+000
 3.830E+013  1.000E-008  6.236E+001  6.619E-013
 3.850E+013  1.000E-008  6.236E+001 -6.619E-013
 3.870E+013  1.000E-008  6.236E+001 -3.422E-031
 3.890E+013  1.000E-008  6.236E+001 -6.619E-013
 3.910E+013  1.000E-008  6.236E+001 -1.036E-031
 3.930E+013  1.000E-008  6.236E+001  1.986E-012
 3.950E+013  1.000E-008  6.236E+001 -6.619E-013
 3.970E+013  1.000E-008  6.236E+001  1.986E-012
 3.990E+013  1.000E-008  6.236E+001 -2.647E-012
 4.010E+013  1.000E-008  6.236E+001  0.000E+000
 4.030E+013  1.000E-008  6.236E+001  0.000E+000
 4.050E+013  1.000E-008  6.236E+001  0.000E+000
 4.070E+013  1.000E-008  6.236E+001  0.000E+000
 4.090E+013  1.000E-008  6.236E+001  2.425E-011
 4.110E+013  1.000E-008  6.236E+001 -2.425E-011
 4.130E+013  1.000E-008  6.236E+001  1.713E-011
 4.150E+013  1.000E-008  6.236E+001 -1.713E-011
 4.170E+013  1.000E-008  6.236E+001  5.956E-012
 4.190E+013  1.000E-008  6.236E+001 -5.294E-012
 4.210E+013  1.000E-008  6.236E+001 -3.421E-031
 4.230E+013  1.000E-008  6.236E+001 -6.619E-013
 4.250E+013  1.000E-008  6.236E+001  0.000E+000
 4.270E+013  1.000E-008  6.236E+001  0.000E+000
 4.290E+013  1.000E-008  6.236E+001  0.000E+000
 4.310E+013  1.000E-008  6.236E+001  0.000E+000
 4.330E+013  1.000E-008  6.236E+001  0.000E+000
 4.350E+013  1.000E-008  6.236E+001  0.000E+000
 4.370E+013  1.000E-008  6.236E+001  0.000E+000
 4.390E+013  1.000E-008  6.236E+001  0.000E+000
 4.410E+013  1.000E-008  6.236E+001  0.000E+000
 4.430E+013  1.000E-008  6.236E+001  0.000E+000
 4.450E+013  1.000E-008  6.236E+001  0.000E+000
 4.470E+013  1.000E-008  6.236E+001  6.619E-013
 4.490E+013  1.000E-008  6.236E+001 -6.104E-034
 4.510E+013  1.000E-008  6.236E+001 -6.619E-013
 4.530E+013  1.000E-008  6.236E+001 -7.367E-292
 4.550E+013  1.000E-008  6.236E+001 -1.142E-142
 4.570E+013  1.000E-008  6.236E+001 -3.078E-068
 4.590E+013  1.000E-008  6.236E+001 -3.421E-031
 4.610E+013  1.000E-008  6.236E+001 -6.619E-013
 4.630E+013  1.000E-008  6.236E+001  6.619E-013
 4.650E+013  1.000E-008  6.236E+001  6.619E-013
 4.670E+013  1.000E-008  6.236E+001 -6.619E-013
 4.690E+013  1.000E-008  6.236E+001  6.619E-013
 4.710E+013  1.000E-008  6.236E+001 -6.619E-013
 4.730E+013  1.000E-008  6.236E+001  0.000E+000
 4.750E+013  1.000E-008  6.236E+001  0.000E+000
 4.770E+013  1.000E-008  6.236E+001  0.000E+000
 4.790E+013  1.000E-008  6.236E+001  6.619E-013
 4.810E+013  1.000E-008  6.236E+001 -6.619E-013
 4.830E+013  1.000E-008  6.236E+001 -2.837E-034
 4.850E+013  1.000E-008  6.236E+001  6.619E-013
 4.870E+013  1.000E-008  6.236E+001 -6.619E-013
 4.890E+013  1.000E-008  6.236E+001  0.000E+000
 4.910E+013  1.000E-008  6.236E+001  0.000E+000
 4.930E+013  1.000E-008  6.236E+001  0.000E+000
 4.950E+013  1.000E-008  6.236E+001  0.000E+000
 4.970E+013  1.000E-008  6.236E+001  0.000E+000
 4.990E+013  1.000E-008  6.236E+001  1.324E-012
 5.010E+013  1.000E-008  6.236E+001 -1.986E-012
 5.030E+013  1.000E-008  6.236E+001  6.619E-013
 5.050E+013  1.000E-008  6.236E+001  3.415E-031
 5.070E+013  1.000E-008  6.236E+001  3.067E-068
 5.090E+013  1.000E-008  6.236E+001  1.135E-142
 5.110E+013  1.000E-008  6.236E+001  6.619E-013
 5.130E+013  1.000E-008  6.236E+001 -6.619E-013
 5.150E+013  1.000E-008  6.236E+001  0.000E+000
 5.170E+013  1.000E-008  6.236E+001  0.000E+000
 5.190E+013  1.000E-008  6.236E+001 -7.360E-292
 5.210E+013  1.000E-008  6.236E+001 -1.142E-142
 5.230E+013  1.000E-008  6.236E+001 -3.077E-068
 5.250E+013  1.000E-008  6.236E+001 -3.421E-031
 5.270E+013  1.000E-008  6.236E+001 -6.619E-013
 5.290E+013  1.000E-008  6.236E+001  6.619E-013
 5.310E+013  1.000E-008  6.236E+001  3.416E-031
 5.330E+013  1.000E-008  6.236E+001  3.068E-068
 5.350E+013  1.000E-008  6.236E+001  1.324E-012
 5.370E+013  1.000E-008  6.236E+001 -1.324E-012
 5.390E+013  1.000E-008  6.236E+001  4.507E-032
 5.410E+013  1.000E-008  6.236E+001  6.619E-013
 5.430E+013  1.000E-008  6.236E+001  6.619E-013
 5.450E+013  1.000E-008  6.236E+001  6.618E-013
 5.470E+013  1.000E-008  6.236E+001 -1.986E-012
 5.490E+013  1.000E-008  6.236E+001 -3.421E-031
 5.510E+013  1.000E-008  6.236E+001 -6.619E-013
 5.530E+013  1.000E-008  6.236E+001  1.324E-012
 5.550E+013  1.000E-008  6.236E+001 -2.647E-012
 5.570E+013  1.000E-008  6.236E+001  1.324E-012
 5.590E+013  1.000E-008  6.236E+001  6.619E-013
 5.610E+013  1.000E-008  6.236E+001 -6.619E-013
 5.630E+013  1.000E-008  6.236E+001  6.619E-013
 5.650E+013  1.000E-008  6.236E+001 -3.971E-012
 5.670E+013  1.000E-008  6.236E+001  3.971E-012
 5.690E+013  1.000E-008  6.236E+001  3.971E-012
 5.710E+013  1.000E-008  6.236E+001 -3.971E-012
 5.730E+013  1.000E-008  6.236E+001  4.633E-012
 5.750E+013  1.000E-008  6.236E+001 -9.927E-012
 5.770E+013  1.000E-008  6.236E+001 -6.612E-013
 5.790E+013  1.000E-008  6.236E+001  5.955E-012
 5.810E+013  1.000E-008  6.236E+001  3.126E-011
 5.830E+013  1.000E-008  6.236E+001 -3.126E-011
 5.850E+013  1.000E-008  6.236E+001  0.000E+000
 5.870E+013  1.000E-008  6.236E+001  0.000E+000
 5.890E+013  1.000E-008  6.236E+001  0.000E+000
 5.910E+013  1.000E-008  6.236E+001  0.000E+000
 5.930E+013  1.000E-008  6.236E+001  0.000E+000
 5.950E+013  1.000E-008  6.236E+001  0.000E+000
 5.970E+013  1.000E-008  6.236E+001  0.000E+000
 5.990E+013  1.000E-008  6.236E+001  0.000E+000
 6.010E+013  1.000E-008  6.236E+001  0.000E+000
 6.030E+013  1.000E-008  6.236E+001  6.619E-013
 6.050E+013  1.000E-008  6.236E+001 -6.619E-013
 6.070E+013  1.000E-008  6.236E+001  6.619E-013
 6.090E+013  1.000E-008  6.236E+001 -6.619E-013
 6.110E+013  1.000E-008  6.236E+001  0.000E+000
 6.130E+013  1.000E-008  6.236E+001  0.000E+000
 6.150E+013  1.000E-008  6.236E+001  0.000E+000
 6.170E+013  1.000E-008  6.236E+001  6.619E-013
 6.190E+013  1.000E-008  6.236E+001 -6.619E-013
 6.210E+013  1.000E-008  6.236E+001  0.000E+000
 6.230E+013  1.000E-008  6.236E+001  0.000E+000
 6.250E+013  1.000E-008  6.236E+001  0.000E+000
 6.270E+013  1.000E-008  6.236E+001  0.000E+000
 6.290E+013  1.000E-008  6.236E+001  0.000E+000
 6.310E+013  1.000E-008  6.236E+001  0.000E+000
 6.330E+013  1.000E-008  6.236E+001  0.000E+000
 6.350E+013  1.000E-008  6.236E+001  6.619E-013
 6.370E+013  1.000E-008  6.236E+001 -6.619E-013
 6.390E+013  1.000E-008  6.236E+001  0.000E+000
 6.410E+013  1.000E-008  6.236E+001  0.000E+000
 6.430E+013  1.000E-008  6.236E+001  0.000E+000
 6.450E+013  1.000E-008  6.236E+001  0.000E+000
 6.470E+013  1.000E-008  6.236E+001  6.619E-013
 6.490E+013  1.000E-008  6.236E+001 -6.619E-013
 6.510E+013  1.000E-008  6.236E+001  0.000E+000
 6.530E+013  1.000E-008  6.236E+001  0.000E+000
 6.550E+013  1.000E-008  6.236E+001  0.000E+000
 6.570E+013  1.000E-008  6.236E+001  0.000E+000
 6.590E+013  1.000E-008  6.236E+001  6.619E-013
 6.610E+013  1.000E-008  6.236E+001 -6.619E-013
 6.630E+013  1.000E-008  6.236E+001  0.000E+000
 6.650E+013  1.000E-008  6.236E+001  0.000E+000
 6.670E+013  1.000E-008  6.236E+001  0.000E+000
 6.690E+013  1.000E-008  6.236E+001  6.619E-013
 6.710E+013  1.000E-008  6.236E+001 -6.619E-013
 6.730E+013  1.000E-008  6.236E+001  0.000E+000
 6.750E+013  1.000E-008  6.236E+001  0.000E+000
 6.770E+013  1.000E-008  6.236E+001  6.619E-013
 6.790E+013  1.000E-008  6.236E+001 -6.619E-013
 6.810E+013  1.000E-008  6.236E+001  6.619E-013
 6.830E+013  1.000E-008  6.236E+001 -4.010E-034
 6.850E+013  1.000E-008  6.236E+001 -6.619E-013
 6.870E+013  1.000E-008  6.236E+001  0.000E+000
 6.890E+013  1.000E-008  6.236E+001  0.000E+000
 6.910E+013  1.000E-008  6.236E+001  0.000E+000
 6.930E+013  1.000E-008  6.236E+001  6.619E-013
 6.950E+013  1.000E-008  6.236E+001 -6.619E-013
 6.970E+013  1.000E-008  6.236E+001  0.000E+000
 6.990E+013  1.000E-008  6.236E+001  0.000E+000
 7.010E+013  1.000E-008  6.236E+001  0.000E+000
 7.030E+013  1.000E-008  6.236E+001  0.000E+000
 7.050E+013  1.000E-008  6.236E+001  0.000E+000
 7.070E+013  1.000E-008  6.236E+001  0.000E+000
 7.090E+013  1.000E-008  6.236E+001  0.000E+000
 7.110E+013  1.000E-008  6.236E+001  0.000E+000
 7.130E+013  1.000E-008  6.236E+001  0.000E+000
 7.150E+013  1.000E-008  6.236E+001  0.000E+000
 7.170E+013  1.000E-008  6.236E+001  0.000E+000
 7.190E+013  1.000E-008  6.236E+001  6.619E-013
 7.210E+013  1.000E-008  6.236E+001 -6.619E-013
 7.230E+013  1.000E-008  6.236E+001  0.000E+000
 7.250E+013  1.000E-008  6.236E+001  0.000E+000
 7.270E+013  1.000E-008  6.236E+001  1.324E-012
 7.290E+013  1.000E-008  6.236E+001 -1.502E-033
 7.310E+013  1.000E-008  6.236E+001 -1.324E-012
 7.330E+013  1.000E-008  6.236E+001 -3.420E-031
 7.350E+013  1.000E-008  6.236E+001 -6.619E-013
 7.370E+013  1.000E-008  6.236E+001  6.619E-013
 7.390E+013  1.000E-008  6.236E+001  3.416E-031
 7.410E+013  1.000E-008  6.236E+001  3.069E-068
 7.430E+013  1.000E-008  6.236E+001  1.136E-142
 7.450E+013  1.000E-008  6.236E+001  7.284E-292
 7.470E+013  1.000E-008  6.236E+001  0.000E+000
 7.490E+013  1.000E-008  6.236E+001  0.000E+000
 7.510E+013  1.000E-008  6.236E+001  0.000E+000
 7.530E+013  1.000E-008  6.236E+001  0.000E+000
 7.550E+013  1.000E-008  6.236E+001  0.000E+000
 7.570E+013  1.000E-008  6.236E+001  0.000E+000
 7.590E+013  1.000E-008  6.236E+001  0.000E+000
 7.610E+013  1.000E-008  6.236E+001  0.000E+000
 7.630E+013  1.000E-008  6.236E+001  0.000E+000
 7.650E+013  1.000E-008  6.236E+001  0.000E+000
 7.670E+013  1.000E-008  6.236E+001  1.324E-012
 7.690E+013  1.000E-008  6.236E+001 -1.324E-012
 7.710E+013  1.000E-008  6.236E+001  1.986E-012
 7.730E+013  1.000E-008  6.236E+001 -1.986E-012
 7.750E+013  1.000E-008  6.236E+001  8.097E-032
 7.770E+013  1.000E-008  6.236E+001  1.324E-012
 7.790E+013  1.000E-008  6.236E+001 -3.971E-012
 7.810E+013  1.000E-008  6.236E+001  3.971E-012
 7.830E+013  1.000E-008  6.236E+001 -1.324E-012
 7.850E+013  1.000E-008  6.236E+001 -2.168E-068
 7.870E+013  1.000E-008  6.236E+001 -2.872E-031
 7.890E+013  1.000E-008  6.236E+001 -6.619E-013
 7.910E+013  1.000E-008  6.236E+001 -3.309E-012
 7.930E+013  1.000E-008  6.236E+001  1.985E-012
 7.950E+013  1.000E-008  6.236E+001  1.986E-012
 7.970E+013  1.000E-008  6.236E+001 -2.647E-012
 7.990E+013  1.000E-008  6.236E+001  2.647E-012
 8.010E+013  1.000E-008  6.236E+001  5.465E-030
 8.030E+013  1.000E-008  6.236E+001  7.855E-066
 8.050E+013  1.000E-008  6.236E+001  7.441E-138
 8.070E+013  1.000E-008  6.236E+001 -3.320E-275
 8.090E+013  1.000E-008  6.236E+001 -2.426E-134
 8.110E+013  1.000E-008  6.236E+001 -4.486E-064
 8.130E+013  1.000E-008  6.236E+001 -4.131E-029
 8.150E+013  1.000E-008  6.236E+001 -7.277E-012
 8.170E+013  1.000E-008  6.236E+001  9.262E-012
 8.190E+013  1.000E-008  6.236E+001 -1.986E-012
 8.210E+013  1.000E-008  6.236E+001  0.000E+000
 8.230E+013  1.000E-008  6.236E+001  0.000E+000
 8.250E+013  1.000E-008  6.236E+001  0.000E+000
 8.270E+013  1.000E-008  6.236E+001  0.000E+000
 8.290E+013  1.000E-008  6.236E+001  2.647E-012
 8.310E+013  1.000E-008  6.236E+001 -2.647E-012
 8.330E+013  1.000E-008  6.236E+001 -3.320E-031
 8.350E+013  1.000E-008  6.236E+001  3.971E-012
 8.370E+013  1.000E-008  6.236E+001 -3.309E-012
 8.390E+013  1.000E-008  6.236E+001 -3.420E-031
 8.410E+013  1.000E-008  6.236E+001 -6.619E-013
 8.430E+013  1.000E-008  6.236E+001  6.619E-013
 8.450E+013  1.000E-008  6.236E+001 -3.240E-034
 8.470E+013  1.000E-008  6.236E+001 -6.619E-013
 8.490E+013  1.000E-008  6.236E+001 -1.612E-034
 8.510E+013  1.000E-008  6.236E+001  6.619E-013
 8.530E+013  1.000E-008  6.236E+001 -3.210E-034
 8.550E+013  1.000E-008  6.236E+001 -6.619E-013
 8.570E+013  1.000E-008  6.236E+001 -1.597E-034
 8.590E+013  1.000E-008  6.236E+001  6.619E-013
 8.610E+013  1.000E-008  6.236E+001 -6.619E-013
 8.630E+013  1.000E-008  6.236E+001  0.000E+000
 8.650E+013  1.000E-008  6.236E+001  0.000E+000
 8.670E+013  1.000E-008  6.236E+001  0.000E+000
 8.690E+013  1.000E-008  6.236E+001  0.000E+000
 8.710E+013  1.000E-008  6.236E+001  0.000E+000
 8.730E+013  1.000E-008  6.236E+001  0.000E+000
 8.750E+013  1.000E-008  6.236E+001  6.619E-013
 8.770E+013  1.000E-008  6.236E+001 -6.619E-013
 8.790E+013  1.000E-008  6.236E+001 -1.557E-034
 8.810E+013  1.000E-008  6.236E+001  6.619E-013
 8.830E+013  1.000E-008  6.236E+001 -6.619E-013
 8.850E+013  1.000E-008  6.236E+001  6.619E-013
 8.870E+013  1.000E-008  6.236E+001  6.619E-013
 8.890E+013  1.000E-008  6.236E+001 -1.324E-012
 8.910E+013  1.000E-008  6.236E+001  0.000E+000
 8.930E+013  1.000E-008  6.236E+001  0.000E+000
 8.950E+013  1.000E-008  6.236E+001  0.000E+000
 8.970E+013  1.000E-008  6.236E+001  0.000E+000
 8.990E+013  1.000E-008  6.236E+001  0.000E+000
 9.010E+013  1.000E-008  6.236E+001  6.619E-013
 9.030E+013  1.000E-008  6.236E+001 -3.032E-034
 9.050E+013  1.000E-008  6.236E+001 -6.619E-013
 9.070E+013  1.000E-008  6.236E+001  6.619E-013
 9.090E+013  1.000E-008  6.236E+001 -3.012E-034
 9.110E+013  1.000E-008  6.236E+001 -6.619E-013
 9.130E+013  1.000E-008  6.236E+001  0.000E+000
 9.150E+013  1.000E-008  6.236E+001  0.000E+000
 9.170E+013  1.000E-008  6.236E+001  0.000E+000
 9.190E+013  1.000E-008  6.236E+001  0.000E+000
 9.210E+013  1.000E-008  6.236E+001  0.000E+000
 9.230E+013  1.000E-008  6.236E+001  6.619E-013
 9.250E+013  1.000E-008  6.236E+001 -2.960E-034
 9.270E+013  1.000E-008  6.236E+001 -6.619E-013
 9.290E+013  1.000E-008  6.236E+001  0.000E+000
 9.310E+013  1.000E-008  6.236E+001  0.000E+000
 9.330E+013  1.000E-008  6.236E+001  0.000E+000
 9.350E+013  1.000E-008  6.236E+001  0.000E+000
 9.370E+013  1.000E-008  6.236E+001  6.619E-013
 9.390E+013  1.000E-008  6.236E+001 -6.619E-013
 9.410E+013  1.000E-008  6.236E+001  6.619E-013
 9.430E+013  1.000E-008  6.236E+001 -6.619E-013
 9.450E+013  1.000E-008  6.236E+001  0.000E+000
 9.470E+013  1.000E-008  6.236E+001  0.000E+000
 9.490E+013  1.000E-008  6.236E+001  0.000E+000
 9.510E+013  1.000E-008  6.236E+001  0.000E+000
 9.530E+013  1.000E-008  6.236E+001  6.619E-013
 9.550E+013  1.000E-008  6.236E+001 -6.619E-013
 9.570E+013  1.000E-008  6.236E+001 -3.075E-068
 9.590E+013  1.000E-008  6.236E+001 -3.420E-031
 9.610E+013  1.000E-008  6.236E+001 -6.619E-013
 9.630E+013  1.000E-008  6.236E+001  6.619E-013
 9.650E+013  1.000E-008  6.236E+001  3.417E-031
 9.670E+013  1.000E-008  6.236E+001  6.619E-013
 9.690E+013  1.000E-008  6.236E+001 -6.619E-013
 9.710E+013  1.000E-008  6.236E+001  0.000E+000
 9.730E+013  1.000E-008  6.236E+001  0.000E+000
 9.750E+013  1.000E-008  6.236E+001  0.000E+000
 9.770E+013  1.000E-008  6.236E+001  0.000E+000
 9.790E+013  1.000E-008  6.236E+001  0.000E+000
 9.810E+013  1.000E-008  6.236E+001  0.000E+000
 9.830E+013  1.000E-008  6.236E+001  0.000E+000
 9.850E+013  1.000E-008  6.236E+001  0.000E+000
 9.870E+013  1.000E-008  6.236E+001  0.000E+000
 9.890E+013  1.000E-008  6.236E+001  0.000E+000
 9.910E+013  1.000E-008  6.236E+001  0.000E+000
 9.930E+013  1.000E-008  6.236E+001  0.000E+000
 9.950E+013  1.000E-008  6.236E+001  6.619E-013
 9.970E+013  1.000E-008  6.236E+001 -6.619E-013
 9.990E+013  1.000E-008  6.236E+001  0.000E+000
 1.001E+014  1.000E-099  1.000E-099  0.000E+000
 1.003E+014  1.000E-099  1.000E-099  0.000E+000
 5.908E-003
