 2.341E+005
     x1b        dens       energ       v1
 1.000E+011  7.423E-011  9.954E+005  0.000E+000
 3.000E+011  7.495E-011  9.869E+005  3.425E+004
 5.000E+011  7.786E-011  9.900E+005  4.564E+005
 7.000E+011  8.162E-011  9.890E+005  5.903E+005
 9.000E+011  8.548E-011  9.896E+005  8.194E+005
 1.100E+012  8.881E-011  9.895E+005  1.014E+006
 1.300E+012  9.068E-011  9.895E+005  1.217E+006
 1.500E+012  9.096E-011  9.897E+005  1.419E+006
 1.700E+012  9.092E-011  9.899E+005  1.623E+006
 1.900E+012  9.070E-011  9.901E+005  1.828E+006
 2.100E+012  9.035E-011  9.903E+005  2.032E+006
 2.300E+012  9.029E-011  9.905E+005  2.231E+006
 2.500E+012  9.038E-011  9.907E+005  2.434E+006
 2.700E+012  9.075E-011  9.910E+005  2.641E+006
 2.900E+012  9.169E-011  9.914E+005  2.844E+006
 3.100E+012  9.353E-011  9.916E+005  3.045E+006
 3.300E+012  9.668E-011  9.919E+005  3.249E+006
 3.500E+012  1.017E-010  9.924E+005  3.454E+006
 3.700E+012  1.091E-010  9.928E+005  3.660E+006
 3.900E+012  1.201E-010  9.933E+005  3.867E+006
 4.100E+012  1.358E-010  9.939E+005  4.073E+006
 4.300E+012  1.582E-010  9.945E+005  4.280E+006
 4.500E+012  1.897E-010  9.954E+005  4.495E+006
 4.700E+012  2.335E-010  9.965E+005  4.706E+006
 4.900E+012  2.931E-010  9.979E+005  4.920E+006
 5.100E+012  3.719E-010  9.998E+005  5.134E+006
 5.300E+012  4.723E-010  1.002E+006  5.344E+006
 5.500E+012  5.944E-010  1.005E+006  5.553E+006
 5.700E+012  7.362E-010  1.010E+006  5.759E+006
 5.900E+012  8.943E-010  1.015E+006  5.966E+006
 6.100E+012  1.066E-009  1.021E+006  6.175E+006
 6.300E+012  1.249E-009  1.029E+006  6.387E+006
 6.500E+012  1.444E-009  1.039E+006  6.603E+006
 6.700E+012  1.655E-009  1.050E+006  6.825E+006
 6.900E+012  1.888E-009  1.064E+006  7.053E+006
 7.100E+012  2.149E-009  1.079E+006  7.288E+006
 7.300E+012  2.448E-009  1.097E+006  7.527E+006
 7.500E+012  2.795E-009  1.119E+006  7.773E+006
 7.700E+012  3.203E-009  1.144E+006  8.024E+006
 7.900E+012  3.684E-009  1.173E+006  8.279E+006
 8.100E+012  4.251E-009  1.207E+006  8.541E+006
 8.300E+012  4.920E-009  1.249E+006  8.821E+006
 8.500E+012  5.702E-009  1.299E+006  9.117E+006
 8.700E+012  6.611E-009  1.358E+006  9.414E+006
 8.900E+012  7.678E-009  1.428E+006  9.724E+006
 9.100E+012  8.926E-009  1.510E+006  1.005E+007
 9.300E+012  1.040E-008  1.603E+006  1.035E+007
 9.500E+012  1.226E-008  1.730E+006  1.070E+007
 9.700E+012  1.456E-008  1.879E+006  1.111E+007
 9.900E+012  1.728E-008  2.029E+006  1.143E+007
 1.010E+013  2.156E-008  2.367E+006  1.184E+007
 1.030E+013  2.753E-008  2.874E+006  1.289E+007
 1.050E+013  2.911E-008  2.616E+006  1.313E+007
 1.070E+013  2.409E-008  1.384E+006  1.173E+007
 1.090E+013  1.493E-008  2.591E+005  8.040E+006
 1.110E+013  1.090E-008  7.880E+003  3.171E+006
 1.130E+013  1.004E-008  6.476E+001  2.888E+005
 1.150E+013  1.000E-008  6.236E+001  8.822E+002
 1.170E+013  1.000E-008  6.236E+001  2.664E-003
 1.190E+013  1.000E-008  6.236E+001  1.520E-010
 1.210E+013  1.000E-008  6.236E+001  8.316E-013
 1.230E+013  1.000E-008  6.236E+001 -9.755E-033
 1.250E+013  1.000E-008  6.236E+001 -8.316E-013
 1.270E+013  1.000E-008  6.236E+001  0.000E+000
 1.290E+013  1.000E-008  6.236E+001  0.000E+000
 1.310E+013  1.000E-008  6.236E+001  0.000E+000
 1.330E+013  1.000E-008  6.236E+001  0.000E+000
 1.350E+013  1.000E-008  6.236E+001  0.000E+000
 1.370E+013  1.000E-008  6.236E+001  0.000E+000
 1.390E+013  1.000E-008  6.236E+001  3.326E-012
 1.410E+013  1.000E-008  6.236E+001 -3.326E-012
 1.430E+013  1.000E-008  6.236E+001 -1.246E-011
 1.450E+013  1.000E-008  6.236E+001  1.246E-011
 1.470E+013  1.000E-008  6.236E+001  2.495E-012
 1.490E+013  1.000E-008  6.236E+001 -2.495E-012
 1.510E+013  1.000E-008  6.236E+001  0.000E+000
 1.530E+013  1.000E-008  6.236E+001  0.000E+000
 1.550E+013  1.000E-008  6.236E+001  0.000E+000
 1.570E+013  1.000E-008  6.236E+001  0.000E+000
 1.590E+013  1.000E-008  6.236E+001  8.316E-013
 1.610E+013  1.000E-008  6.236E+001 -3.387E-033
 1.630E+013  1.000E-008  6.236E+001 -8.316E-013
 1.650E+013  1.000E-008  6.236E+001 -8.316E-013
 1.670E+013  1.000E-008  6.236E+001  8.316E-013
 1.690E+013  1.000E-008  6.236E+001  6.758E-031
 1.710E+013  1.000E-008  6.236E+001  1.512E-067
 1.730E+013  1.000E-008  6.236E+001  3.479E-141
 1.750E+013  1.000E-008  6.236E+001  8.667E-289
 1.770E+013  1.000E-008  6.236E+001  0.000E+000
 1.790E+013  1.000E-008  6.236E+001  0.000E+000
 1.810E+013  1.000E-008  6.236E+001  0.000E+000
 1.830E+013  1.000E-008  6.236E+001  8.316E-013
 1.850E+013  1.000E-008  6.236E+001 -8.316E-013
 1.870E+013  1.000E-008  6.236E+001  3.326E-012
 1.890E+013  1.000E-008  6.236E+001 -4.990E-012
 1.910E+013  1.000E-008  6.236E+001  3.326E-012
 1.930E+013  1.000E-008  6.236E+001 -1.663E-012
 1.950E+013  1.000E-008  6.236E+001  0.000E+000
 1.970E+013  1.000E-008  6.236E+001  0.000E+000
 1.990E+013  1.000E-008  6.236E+001  0.000E+000
 2.010E+013  1.000E-008  6.236E+001  0.000E+000
 2.030E+013  1.000E-008  6.236E+001  0.000E+000
 2.050E+013  1.000E-008  6.236E+001  0.000E+000
 2.070E+013  1.000E-008  6.236E+001  0.000E+000
 2.090E+013  1.000E-008  6.236E+001  8.316E-013
 2.110E+013  1.000E-008  6.236E+001 -2.581E-033
 2.130E+013  1.000E-008  6.236E+001 -8.316E-013
 2.150E+013  1.000E-008  6.236E+001  0.000E+000
 2.170E+013  1.000E-008  6.236E+001  0.000E+000
 2.190E+013  1.000E-008  6.236E+001  0.000E+000
 2.210E+013  1.000E-008  6.236E+001  0.000E+000
 2.230E+013  1.000E-008  6.236E+001  0.000E+000
 2.250E+013  1.000E-008  6.236E+001  0.000E+000
 2.270E+013  1.000E-008  6.236E+001  8.316E-013
 2.290E+013  1.000E-008  6.236E+001 -2.377E-033
 2.310E+013  1.000E-008  6.236E+001 -8.316E-013
 2.330E+013  1.000E-008  6.236E+001  0.000E+000
 2.350E+013  1.000E-008  6.236E+001  0.000E+000
 2.370E+013  1.000E-008  6.236E+001  8.316E-013
 2.390E+013  1.000E-008  6.236E+001 -8.316E-013
 2.410E+013  1.000E-008  6.236E+001  0.000E+000
 2.430E+013  1.000E-008  6.236E+001  0.000E+000
 2.450E+013  1.000E-008  6.236E+001  0.000E+000
 2.470E+013  1.000E-008  6.236E+001  8.316E-013
 2.490E+013  1.000E-008  6.236E+001 -8.316E-013
 2.510E+013  1.000E-008  6.236E+001  8.316E-013
 2.530E+013  1.000E-008  6.236E+001 -8.316E-013
 2.550E+013  1.000E-008  6.236E+001 -5.859E-284
 2.570E+013  1.000E-008  6.236E+001 -9.047E-139
 2.590E+013  1.000E-008  6.236E+001 -2.438E-066
 2.610E+013  1.000E-008  6.236E+001 -2.714E-030
 2.630E+013  1.000E-008  6.236E+001 -1.663E-012
 2.650E+013  1.000E-008  6.236E+001  1.663E-012
 2.670E+013  1.000E-008  6.236E+001  2.706E-030
 2.690E+013  1.000E-008  6.236E+001  2.423E-066
 2.710E+013  1.000E-008  6.236E+001  8.316E-013
 2.730E+013  1.000E-008  6.236E+001 -8.316E-013
 2.750E+013  1.000E-008  6.236E+001  2.495E-012
 2.770E+013  1.000E-008  6.236E+001 -2.495E-012
 2.790E+013  1.000E-008  6.236E+001  0.000E+000
 2.810E+013  1.000E-008  6.236E+001  0.000E+000
 2.830E+013  1.000E-008  6.236E+001  4.158E-012
 2.850E+013  1.000E-008  6.236E+001 -8.315E-013
 2.870E+013  1.000E-008  6.236E+001 -3.326E-012
 2.890E+013  1.000E-008  6.236E+001 -1.061E-030
 2.910E+013  1.000E-008  6.236E+001  5.821E-012
 2.930E+013  1.000E-008  6.236E+001 -5.821E-012
 2.950E+013  1.000E-008  6.236E+001  0.000E+000
 2.970E+013  1.000E-008  6.236E+001  0.000E+000
 2.990E+013  1.000E-008  6.236E+001  0.000E+000
 3.010E+013  1.000E-008  6.236E+001  8.316E-013
 3.030E+013  1.000E-008  6.236E+001 -8.316E-013
 3.050E+013  1.000E-008  6.236E+001  8.316E-013
 3.070E+013  1.000E-008  6.236E+001 -8.316E-013
 3.090E+013  1.000E-008  6.236E+001  8.316E-013
 3.110E+013  1.000E-008  6.236E+001  8.316E-013
 3.130E+013  1.000E-008  6.236E+001 -1.663E-012
 3.150E+013  1.000E-008  6.236E+001  0.000E+000
 3.170E+013  1.000E-008  6.236E+001  0.000E+000
 3.190E+013  1.000E-008  6.236E+001  0.000E+000
 3.210E+013  1.000E-008  6.236E+001  0.000E+000
 3.230E+013  1.000E-008  6.236E+001  0.000E+000
 3.250E+013  1.000E-008  6.236E+001  0.000E+000
 3.270E+013  1.000E-008  6.236E+001 -8.919E-289
 3.290E+013  1.000E-008  6.236E+001 -3.529E-141
 3.310E+013  1.000E-008  6.236E+001 -1.523E-067
 3.330E+013  1.000E-008  6.236E+001 -6.783E-031
 3.350E+013  1.000E-008  6.236E+001 -8.316E-013
 3.370E+013  1.000E-008  6.236E+001  8.316E-013
 3.390E+013  1.000E-008  6.236E+001  6.766E-031
 3.410E+013  1.000E-008  6.236E+001  1.515E-067
 3.430E+013  1.000E-008  6.236E+001  3.496E-141
 3.450E+013  1.000E-008  6.236E+001  1.663E-012
 3.470E+013  1.000E-008  6.236E+001 -1.663E-012
 3.490E+013  1.000E-008  6.236E+001  0.000E+000
 3.510E+013  1.000E-008  6.236E+001  0.000E+000
 3.530E+013  1.000E-008  6.236E+001  0.000E+000
 3.550E+013  1.000E-008  6.236E+001  0.000E+000
 3.570E+013  1.000E-008  6.236E+001  1.663E-012
 3.590E+013  1.000E-008  6.236E+001 -8.316E-013
 3.610E+013  1.000E-008  6.236E+001 -6.782E-031
 3.630E+013  1.000E-008  6.236E+001 -8.316E-013
 3.650E+013  1.000E-008  6.236E+001 -8.316E-013
 3.670E+013  1.000E-008  6.236E+001  8.316E-013
 3.690E+013  1.000E-008  6.236E+001  8.316E-013
 3.710E+013  1.000E-008  6.236E+001 -8.316E-013
 3.730E+013  1.000E-008  6.236E+001 -7.285E-034
 3.750E+013  1.000E-008  6.236E+001  8.316E-013
 3.770E+013  1.000E-008  6.236E+001 -8.316E-013
 3.790E+013  1.000E-008  6.236E+001  0.000E+000
 3.810E+013  1.000E-008  6.236E+001  0.000E+000
 3.830E+013  1.000E-008  6.236E+001  8.316E-013
 3.850E+013  1.000E-008  6.236E+001 -8.316E-013
 3.870E+013  1.000E-008  6.236E+001 -6.781E-031
 3.890E+013  1.000E-008  6.236E+001 -8.316E-013
 3.910E+013  1.000E-008  6.236E+001 -2.053E-031
 3.930E+013  1.000E-008  6.236E+001  2.495E-012
 3.950E+013  1.000E-008  6.236E+001 -8.316E-013
 3.970E+013  1.000E-008  6.236E+001  2.495E-012
 3.990E+013  1.000E-008  6.236E+001 -3.326E-012
 4.010E+013  1.000E-008  6.236E+001  0.000E+000
 4.030E+013  1.000E-008  6.236E+001  0.000E+000
 4.050E+013  1.000E-008  6.236E+001  0.000E+000
 4.070E+013  1.000E-008  6.236E+001  0.000E+000
 4.090E+013  1.000E-008  6.236E+001  3.053E-011
 4.110E+013  1.000E-008  6.236E+001 -3.053E-011
 4.130E+013  1.000E-008  6.236E+001  2.154E-011
 4.150E+013  1.000E-008  6.236E+001 -2.154E-011
 4.170E+013  1.000E-008  6.236E+001  7.483E-012
 4.190E+013  1.000E-008  6.236E+001 -6.652E-012
 4.210E+013  1.000E-008  6.236E+001 -6.781E-031
 4.230E+013  1.000E-008  6.236E+001 -8.316E-013
 4.250E+013  1.000E-008  6.236E+001  0.000E+000
 4.270E+013  1.000E-008  6.236E+001  0.000E+000
 4.290E+013  1.000E-008  6.236E+001  0.000E+000
 4.310E+013  1.000E-008  6.236E+001  0.000E+000
 4.330E+013  1.000E-008  6.236E+001  0.000E+000
 4.350E+013  1.000E-008  6.236E+001  0.000E+000
 4.370E+013  1.000E-008  6.236E+001  0.000E+000
 4.390E+013  1.000E-008  6.236E+001  0.000E+000
 4.410E+013  1.000E-008  6.236E+001  0.000E+000
 4.430E+013  1.000E-008  6.236E+001  0.000E+000
 4.450E+013  1.000E-008  6.236E+001  0.000E+000
 4.470E+013  1.000E-008  6.236E+001  8.316E-013
 4.490E+013  1.000E-008  6.236E+001 -1.210E-033
 4.510E+013  1.000E-008  6.236E+001 -8.316E-013
 4.530E+013  1.000E-008  6.236E+001 -8.895E-289
 4.550E+013  1.000E-008  6.236E+001 -3.525E-141
 4.570E+013  1.000E-008  6.236E+001 -1.522E-067
 4.590E+013  1.000E-008  6.236E+001 -6.780E-031
 4.610E+013  1.000E-008  6.236E+001 -8.316E-013
 4.630E+013  1.000E-008  6.236E+001  8.316E-013
 4.650E+013  1.000E-008  6.236E+001  8.316E-013
 4.670E+013  1.000E-008  6.236E+001 -8.316E-013
 4.690E+013  1.000E-008  6.236E+001  8.316E-013
 4.710E+013  1.000E-008  6.236E+001 -8.316E-013
 4.730E+013  1.000E-008  6.236E+001  0.000E+000
 4.750E+013  1.000E-008  6.236E+001  0.000E+000
 4.770E+013  1.000E-008  6.236E+001  0.000E+000
 4.790E+013  1.000E-008  6.236E+001  8.316E-013
 4.810E+013  1.000E-008  6.236E+001 -8.316E-013
 4.830E+013  1.000E-008  6.236E+001 -5.622E-034
 4.850E+013  1.000E-008  6.236E+001  8.316E-013
 4.870E+013  1.000E-008  6.236E+001 -8.316E-013
 4.890E+013  1.000E-008  6.236E+001  0.000E+000
 4.910E+013  1.000E-008  6.236E+001  0.000E+000
 4.930E+013  1.000E-008  6.236E+001  0.000E+000
 4.950E+013  1.000E-008  6.236E+001  0.000E+000
 4.970E+013  1.000E-008  6.236E+001  0.000E+000
 4.990E+013  1.000E-008  6.236E+001  1.663E-012
 5.010E+013  1.000E-008  6.236E+001 -2.495E-012
 5.030E+013  1.000E-008  6.236E+001  8.316E-013
 5.050E+013  1.000E-008  6.236E+001  6.769E-031
 5.070E+013  1.000E-008  6.236E+001  1.517E-067
 5.090E+013  1.000E-008  6.236E+001  3.501E-141
 5.110E+013  1.000E-008  6.236E+001  8.316E-013
 5.130E+013  1.000E-008  6.236E+001 -8.316E-013
 5.150E+013  1.000E-008  6.236E+001  0.000E+000
 5.170E+013  1.000E-008  6.236E+001  0.000E+000
 5.190E+013  1.000E-008  6.236E+001 -8.887E-289
 5.210E+013  1.000E-008  6.236E+001 -3.523E-141
 5.230E+013  1.000E-008  6.236E+001 -1.521E-067
 5.250E+013  1.000E-008  6.236E+001 -6.780E-031
 5.270E+013  1.000E-008  6.236E+001 -8.316E-013
 5.290E+013  1.000E-008  6.236E+001  8.316E-013
 5.310E+013  1.000E-008  6.236E+001  6.769E-031
 5.330E+013  1.000E-008  6.236E+001  1.517E-067
 5.350E+013  1.000E-008  6.236E+001  1.663E-012
 5.370E+013  1.000E-008  6.236E+001 -1.663E-012
 5.390E+013  1.000E-008  6.236E+001  8.932E-032
 5.410E+013  1.000E-008  6.236E+001  8.316E-013
 5.430E+013  1.000E-008  6.236E+001  8.316E-013
 5.450E+013  1.000E-008  6.236E+001  8.316E-013
 5.470E+013  1.000E-008  6.236E+001 -2.495E-012
 5.490E+013  1.000E-008  6.236E+001 -6.779E-031
 5.510E+013  1.000E-008  6.236E+001 -8.316E-013
 5.530E+013  1.000E-008  6.236E+001  1.663E-012
 5.550E+013  1.000E-008  6.236E+001 -3.326E-012
 5.570E+013  1.000E-008  6.236E+001  1.663E-012
 5.590E+013  1.000E-008  6.236E+001  8.316E-013
 5.610E+013  1.000E-008  6.236E+001 -8.316E-013
 5.630E+013  1.000E-008  6.236E+001  8.316E-013
 5.650E+013  1.000E-008  6.236E+001 -4.989E-012
 5.670E+013  1.000E-008  6.236E+001  4.989E-012
 5.690E+013  1.000E-008  6.236E+001  4.989E-012
 5.710E+013  1.000E-008  6.236E+001 -4.989E-012
 5.730E+013  1.000E-008  6.236E+001  5.821E-012
 5.750E+013  1.000E-008  6.236E+001 -1.247E-011
 5.770E+013  1.000E-008  6.236E+001 -8.310E-013
 5.790E+013  1.000E-008  6.236E+001  7.483E-012
 5.810E+013  1.000E-008  6.236E+001  3.941E-011
 5.830E+013  1.000E-008  6.236E+001 -3.941E-011
 5.850E+013  1.000E-008  6.236E+001  0.000E+000
 5.870E+013  1.000E-008  6.236E+001  0.000E+000
 5.890E+013  1.000E-008  6.236E+001  0.000E+000
 5.910E+013  1.000E-008  6.236E+001  0.000E+000
 5.930E+013  1.000E-008  6.236E+001  0.000E+000
 5.950E+013  1.000E-008  6.236E+001  0.000E+000
 5.970E+013  1.000E-008  6.236E+001  0.000E+000
 5.990E+013  1.000E-008  6.236E+001  0.000E+000
 6.010E+013  1.000E-008  6.236E+001  0.000E+000
 6.030E+013  1.000E-008  6.236E+001  8.316E-013
 6.050E+013  1.000E-008  6.236E+001 -8.316E-013
 6.070E+013  1.000E-008  6.236E+001  8.316E-013
 6.090E+013  1.000E-008  6.236E+001 -8.316E-013
 6.110E+013  1.000E-008  6.236E+001  0.000E+000
 6.130E+013  1.000E-008  6.236E+001  0.000E+000
 6.150E+013  1.000E-008  6.236E+001  0.000E+000
 6.170E+013  1.000E-008  6.236E+001  8.316E-013
 6.190E+013  1.000E-008  6.236E+001 -8.316E-013
 6.210E+013  1.000E-008  6.236E+001  0.000E+000
 6.230E+013  1.000E-008  6.236E+001  0.000E+000
 6.250E+013  1.000E-008  6.236E+001  0.000E+000
 6.270E+013  1.000E-008  6.236E+001  0.000E+000
 6.290E+013  1.000E-008  6.236E+001  0.000E+000
 6.310E+013  1.000E-008  6.236E+001  0.000E+000
 6.330E+013  1.000E-008  6.236E+001  0.000E+000
 6.350E+013  1.000E-008  6.236E+001  8.316E-013
 6.370E+013  1.000E-008  6.236E+001 -8.316E-013
 6.390E+013  1.000E-008  6.236E+001  0.000E+000
 6.410E+013  1.000E-008  6.236E+001  0.000E+000
 6.430E+013  1.000E-008  6.236E+001  0.000E+000
 6.450E+013  1.000E-008  6.236E+001  0.000E+000
 6.470E+013  1.000E-008  6.236E+001  8.316E-013
 6.490E+013  1.000E-008  6.236E+001 -8.316E-013
 6.510E+013  1.000E-008  6.236E+001  0.000E+000
 6.530E+013  1.000E-008  6.236E+001  0.000E+000
 6.550E+013  1.000E-008  6.236E+001  0.000E+000
 6.570E+013  1.000E-008  6.236E+001  0.000E+000
 6.590E+013  1.000E-008  6.236E+001  8.316E-013
 6.610E+013  1.000E-008  6.236E+001 -8.316E-013
 6.630E+013  1.000E-008  6.236E+001  0.000E+000
 6.650E+013  1.000E-008  6.236E+001  0.000E+000
 6.670E+013  1.000E-008  6.236E+001  0.000E+000
 6.690E+013  1.000E-008  6.236E+001  8.316E-013
 6.710E+013  1.000E-008  6.236E+001 -8.316E-013
 6.730E+013  1.000E-008  6.236E+001  0.000E+000
 6.750E+013  1.000E-008  6.236E+001  0.000E+000
 6.770E+013  1.000E-008  6.236E+001  8.316E-013
 6.790E+013  1.000E-008  6.236E+001 -8.316E-013
 6.810E+013  1.000E-008  6.236E+001  8.316E-013
 6.830E+013  1.000E-008  6.236E+001 -7.947E-034
 6.850E+013  1.000E-008  6.236E+001 -8.316E-013
 6.870E+013  1.000E-008  6.236E+001  0.000E+000
 6.890E+013  1.000E-008  6.236E+001  0.000E+000
 6.910E+013  1.000E-008  6.236E+001  0.000E+000
 6.930E+013  1.000E-008  6.236E+001  8.316E-013
 6.950E+013  1.000E-008  6.236E+001 -8.316E-013
 6.970E+013  1.000E-008  6.236E+001  0.000E+000
 6.990E+013  1.000E-008  6.236E+001  0.000E+000
 7.010E+013  1.000E-008  6.236E+001  0.000E+000
 7.030E+013  1.000E-008  6.236E+001  0.000E+000
 7.050E+013  1.000E-008  6.236E+001  0.000E+000
 7.070E+013  1.000E-008  6.236E+001  0.000E+000
 7.090E+013  1.000E-008  6.236E+001  0.000E+000
 7.110E+013  1.000E-008  6.236E+001  0.000E+000
 7.130E+013  1.000E-008  6.236E+001  0.000E+000
 7.150E+013  1.000E-008  6.236E+001  0.000E+000
 7.170E+013  1.000E-008  6.236E+001  0.000E+000
 7.190E+013  1.000E-008  6.236E+001  8.316E-013
 7.210E+013  1.000E-008  6.236E+001 -8.316E-013
 7.230E+013  1.000E-008  6.236E+001  0.000E+000
 7.250E+013  1.000E-008  6.236E+001  0.000E+000
 7.270E+013  1.000E-008  6.236E+001  1.663E-012
 7.290E+013  1.000E-008  6.236E+001 -2.978E-033
 7.310E+013  1.000E-008  6.236E+001 -1.663E-012
 7.330E+013  1.000E-008  6.236E+001 -6.778E-031
 7.350E+013  1.000E-008  6.236E+001 -8.316E-013
 7.370E+013  1.000E-008  6.236E+001  8.316E-013
 7.390E+013  1.000E-008  6.236E+001  6.771E-031
 7.410E+013  1.000E-008  6.236E+001  1.517E-067
 7.430E+013  1.000E-008  6.236E+001  3.505E-141
 7.450E+013  1.000E-008  6.236E+001  8.795E-289
 7.470E+013  1.000E-008  6.236E+001  0.000E+000
 7.490E+013  1.000E-008  6.236E+001  0.000E+000
 7.510E+013  1.000E-008  6.236E+001  0.000E+000
 7.530E+013  1.000E-008  6.236E+001  0.000E+000
 7.550E+013  1.000E-008  6.236E+001  0.000E+000
 7.570E+013  1.000E-008  6.236E+001  0.000E+000
 7.590E+013  1.000E-008  6.236E+001  0.000E+000
 7.610E+013  1.000E-008  6.236E+001  0.000E+000
 7.630E+013  1.000E-008  6.236E+001  0.000E+000
 7.650E+013  1.000E-008  6.236E+001  0.000E+000
 7.670E+013  1.000E-008  6.236E+001  1.663E-012
 7.690E+013  1.000E-008  6.236E+001 -1.663E-012
 7.710E+013  1.000E-008  6.236E+001  2.495E-012
 7.730E+013  1.000E-008  6.236E+001 -2.495E-012
 7.750E+013  1.000E-008  6.236E+001  1.605E-031
 7.770E+013  1.000E-008  6.236E+001  1.663E-012
 7.790E+013  1.000E-008  6.236E+001 -4.990E-012
 7.810E+013  1.000E-008  6.236E+001  4.990E-012
 7.830E+013  1.000E-008  6.236E+001 -1.663E-012
 7.850E+013  1.000E-008  6.236E+001 -1.072E-067
 7.870E+013  1.000E-008  6.236E+001 -5.691E-031
 7.890E+013  1.000E-008  6.236E+001 -8.316E-013
 7.910E+013  1.000E-008  6.236E+001 -4.158E-012
 7.930E+013  1.000E-008  6.236E+001  2.494E-012
 7.950E+013  1.000E-008  6.236E+001  2.495E-012
 7.970E+013  1.000E-008  6.236E+001 -3.326E-012
 7.990E+013  1.000E-008  6.236E+001  3.326E-012
 8.010E+013  1.000E-008  6.236E+001  1.083E-029
 8.030E+013  1.000E-008  6.236E+001  3.884E-065
 8.050E+013  1.000E-008  6.236E+001  2.296E-136
 8.070E+013  1.000E-008  6.236E+001 -4.022E-272
 8.090E+013  1.000E-008  6.236E+001 -7.497E-133
 8.110E+013  1.000E-008  6.236E+001 -2.220E-063
 8.130E+013  1.000E-008  6.236E+001 -8.191E-029
 8.150E+013  1.000E-008  6.236E+001 -9.144E-012
 8.170E+013  1.000E-008  6.236E+001  1.164E-011
 8.190E+013  1.000E-008  6.236E+001 -2.495E-012
 8.210E+013  1.000E-008  6.236E+001  0.000E+000
 8.230E+013  1.000E-008  6.236E+001  0.000E+000
 8.250E+013  1.000E-008  6.236E+001  0.000E+000
 8.270E+013  1.000E-008  6.236E+001  0.000E+000
 8.290E+013  1.000E-008  6.236E+001  3.326E-012
 8.310E+013  1.000E-008  6.236E+001 -3.326E-012
 8.330E+013  1.000E-008  6.236E+001 -6.580E-031
 8.350E+013  1.000E-008  6.236E+001  4.989E-012
 8.370E+013  1.000E-008  6.236E+001 -4.158E-012
 8.390E+013  1.000E-008  6.236E+001 -6.778E-031
 8.410E+013  1.000E-008  6.236E+001 -8.316E-013
 8.430E+013  1.000E-008  6.236E+001  8.316E-013
 8.450E+013  1.000E-008  6.236E+001 -6.421E-034
 8.470E+013  1.000E-008  6.236E+001 -8.316E-013
 8.490E+013  1.000E-008  6.236E+001 -3.196E-034
 8.510E+013  1.000E-008  6.236E+001  8.316E-013
 8.530E+013  1.000E-008  6.236E+001 -6.361E-034
 8.550E+013  1.000E-008  6.236E+001 -8.316E-013
 8.570E+013  1.000E-008  6.236E+001 -3.166E-034
 8.590E+013  1.000E-008  6.236E+001  8.316E-013
 8.610E+013  1.000E-008  6.236E+001 -8.316E-013
 8.630E+013  1.000E-008  6.236E+001  0.000E+000
 8.650E+013  1.000E-008  6.236E+001  0.000E+000
 8.670E+013  1.000E-008  6.236E+001  0.000E+000
 8.690E+013  1.000E-008  6.236E+001  0.000E+000
 8.710E+013  1.000E-008  6.236E+001  0.000E+000
 8.730E+013  1.000E-008  6.236E+001  0.000E+000
 8.750E+013  1.000E-008  6.236E+001  8.316E-013
 8.770E+013  1.000E-008  6.236E+001 -8.316E-013
 8.790E+013  1.000E-008  6.236E+001 -3.086E-034
 8.810E+013  1.000E-008  6.236E+001  8.316E-013
 8.830E+013  1.000E-008  6.236E+001 -8.316E-013
 8.850E+013  1.000E-008  6.236E+001  8.316E-013
 8.870E+013  1.000E-008  6.236E+001  8.316E-013
 8.890E+013  1.000E-008  6.236E+001 -1.663E-012
 8.910E+013  1.000E-008  6.236E+001  0.000E+000
 8.930E+013  1.000E-008  6.236E+001  0.000E+000
 8.950E+013  1.000E-008  6.236E+001  0.000E+000
 8.970E+013  1.000E-008  6.236E+001  0.000E+000
 8.990E+013  1.000E-008  6.236E+001  0.000E+000
 9.010E+013  1.000E-008  6.236E+001  8.316E-013
 9.030E+013  1.000E-008  6.236E+001 -6.009E-034
 9.050E+013  1.000E-008  6.236E+001 -8.316E-013
 9.070E+013  1.000E-008  6.236E+001  8.316E-013
 9.090E+013  1.000E-008  6.236E+001 -5.969E-034
 9.110E+013  1.000E-008  6.236E+001 -8.316E-013
 9.130E+013  1.000E-008  6.236E+001  0.000E+000
 9.150E+013  1.000E-008  6.236E+001  0.000E+000
 9.170E+013  1.000E-008  6.236E+001  0.000E+000
 9.190E+013  1.000E-008  6.236E+001  0.000E+000
 9.210E+013  1.000E-008  6.236E+001  0.000E+000
 9.230E+013  1.000E-008  6.236E+001  8.316E-013
 9.250E+013  1.000E-008  6.236E+001 -5.865E-034
 9.270E+013  1.000E-008  6.236E+001 -8.316E-013
 9.290E+013  1.000E-008  6.236E+001  0.000E+000
 9.310E+013  1.000E-008  6.236E+001  0.000E+000
 9.330E+013  1.000E-008  6.236E+001  0.000E+000
 9.350E+013  1.000E-008  6.236E+001  0.000E+000
 9.370E+013  1.000E-008  6.236E+001  8.316E-013
 9.390E+013  1.000E-008  6.236E+001 -8.316E-013
 9.410E+013  1.000E-008  6.236E+001  8.316E-013
 9.430E+013  1.000E-008  6.236E+001 -8.316E-013
 9.450E+013  1.000E-008  6.236E+001  0.000E+000
 9.470E+013  1.000E-008  6.236E+001  0.000E+000
 9.490E+013  1.000E-008  6.236E+001  0.000E+000
 9.510E+013  1.000E-008  6.236E+001  0.000E+000
 9.530E+013  1.000E-008  6.236E+001  8.316E-013
 9.550E+013  1.000E-008  6.236E+001 -8.316E-013
 9.570E+013  1.000E-008  6.236E+001 -1.520E-067
 9.590E+013  1.000E-008  6.236E+001 -6.777E-031
 9.610E+013  1.000E-008  6.236E+001 -8.316E-013
 9.630E+013  1.000E-008  6.236E+001  8.316E-013
 9.650E+013  1.000E-008  6.236E+001  6.772E-031
 9.670E+013  1.000E-008  6.236E+001  8.316E-013
 9.690E+013  1.000E-008  6.236E+001 -8.316E-013
 9.710E+013  1.000E-008  6.236E+001  0.000E+000
 9.730E+013  1.000E-008  6.236E+001  0.000E+000
 9.750E+013  1.000E-008  6.236E+001  0.000E+000
 9.770E+013  1.000E-008  6.236E+001  0.000E+000
 9.790E+013  1.000E-008  6.236E+001  0.000E+000
 9.810E+013  1.000E-008  6.236E+001  0.000E+000
 9.830E+013  1.000E-008  6.236E+001  0.000E+000
 9.850E+013  1.000E-008  6.236E+001  0.000E+000
 9.870E+013  1.000E-008  6.236E+001  0.000E+000
 9.890E+013  1.000E-008  6.236E+001  0.000E+000
 9.910E+013  1.000E-008  6.236E+001  0.000E+000
 9.930E+013  1.000E-008  6.236E+001  0.000E+000
 9.950E+013  1.000E-008  6.236E+001  8.316E-013
 9.970E+013  1.000E-008  6.236E+001 -8.316E-013
 9.990E+013  1.000E-008  6.236E+001  0.000E+000
 1.001E+014  1.000E-099  1.000E-099  0.000E+000
 1.003E+014  1.000E-099  1.000E-099  0.000E+000
 7.423E-003
