 1.226E+004
     x1b        dens       energ       v1
 1.000E+011  6.158E-010  3.388E+007  0.000E+000
 3.000E+011  6.797E-010  3.409E+007  2.024E+007
 5.000E+011  7.346E-010  3.393E+007  1.861E+007
 7.000E+011  7.788E-010  3.533E+007  2.959E+007
 9.000E+011  7.768E-010  3.486E+007  3.241E+007
 1.100E+012  7.874E-010  3.644E+007  3.984E+007
 1.300E+012  8.509E-010  4.182E+007  5.472E+007
 1.500E+012  9.089E-010  4.399E+007  6.621E+007
 1.700E+012  9.620E-010  4.105E+007  6.330E+007
 1.900E+012  1.073E-009  3.552E+007  4.798E+007
 2.100E+012  1.361E-009  3.132E+007  3.656E+007
 2.300E+012  2.100E-009  3.206E+007  3.539E+007
 2.500E+012  3.351E-009  3.238E+007  4.234E+007
 2.700E+012  5.879E-009  3.883E+007  4.524E+007
 2.900E+012  1.323E-008  7.066E+007  6.707E+007
 3.100E+012  1.996E-008  7.815E+007  8.057E+007
 3.300E+012  1.892E-008  3.851E+007  7.030E+007
 3.500E+012  1.359E-008  6.452E+006  4.467E+007
 3.700E+012  1.061E-008  1.014E+005  1.513E+007
 3.900E+012  1.002E-008  6.546E+001  7.806E+005
 4.100E+012  1.000E-008  6.236E+001  4.517E+002
 4.300E+012  1.000E-008  6.236E+001  1.466E-005
 4.500E+012  1.000E-008  6.236E+001  4.054E-015
 4.700E+012  1.000E-008  6.236E+001  4.688E-038
 4.900E+012  1.000E-008  6.236E+001 -3.589E-033
 5.100E+012  1.000E-008  6.236E+001 -2.608E-013
 5.300E+012  1.000E-008  6.236E+001  2.608E-013
 5.500E+012  1.000E-008  6.236E+001  3.533E-033
 5.700E+012  1.000E-008  6.236E+001  2.032E-073
 5.900E+012  1.000E-008  6.236E+001  2.838E-154
 6.100E+012  1.000E-008  6.236E+001  0.000E+000
 6.300E+012  1.000E-008  6.236E+001 -1.185E-155
 6.500E+012  1.000E-008  6.236E+001 -4.150E-074
 6.700E+012  1.000E-008  6.236E+001 -1.596E-033
 6.900E+012  1.000E-008  6.236E+001 -1.740E-013
 7.100E+012  1.000E-008  6.236E+001 -4.341E-014
 7.300E+012  1.000E-008  6.236E+001  1.610E-012
 7.500E+012  1.000E-008  6.236E+001 -1.349E-012
 7.700E+012  1.000E-008  6.236E+001 -4.355E-014
 7.900E+012  1.000E-008  6.236E+001  4.355E-014
 8.100E+012  1.000E-008  6.236E+001 -4.355E-014
 8.300E+012  1.000E-008  6.236E+001 -9.982E-035
 8.500E+012  1.000E-008  6.236E+001 -4.354E-014
 8.700E+012  1.000E-008  6.236E+001  4.354E-014
 8.900E+012  1.000E-008  6.236E+001  9.888E-035
 9.100E+012  1.000E-008  6.236E+001  1.595E-076
 9.300E+012  1.000E-008  6.236E+001  1.751E-160
 9.500E+012  1.000E-008  6.236E+001  0.000E+000
 9.700E+012  1.000E-008  6.236E+001  0.000E+000
 9.900E+012  1.000E-008  6.236E+001  2.175E-013
 1.010E+013  1.000E-008  6.236E+001 -4.345E-014
 1.030E+013  1.000E-008  6.236E+001 -1.741E-013
 1.050E+013  1.000E-008  6.236E+001  0.000E+000
 1.070E+013  1.000E-008  6.236E+001  0.000E+000
 1.090E+013  1.000E-008  6.236E+001  0.000E+000
 1.110E+013  1.000E-008  6.236E+001  0.000E+000
 1.130E+013  1.000E-008  6.236E+001  4.355E-014
 1.150E+013  1.000E-008  6.236E+001 -4.355E-014
 1.170E+013  1.000E-008  6.236E+001  0.000E+000
 1.190E+013  1.000E-008  6.236E+001  0.000E+000
 1.210E+013  1.000E-008  6.236E+001  4.355E-014
 1.230E+013  1.000E-008  6.236E+001 -6.517E-037
 1.250E+013  1.000E-008  6.236E+001 -4.355E-014
 1.270E+013  1.000E-008  6.236E+001  0.000E+000
 1.290E+013  1.000E-008  6.236E+001  0.000E+000
 1.310E+013  1.000E-008  6.236E+001  0.000E+000
 1.330E+013  1.000E-008  6.236E+001  0.000E+000
 1.350E+013  1.000E-008  6.236E+001  0.000E+000
 1.370E+013  1.000E-008  6.236E+001  0.000E+000
 1.390E+013  1.000E-008  6.236E+001  1.741E-013
 1.410E+013  1.000E-008  6.236E+001 -1.741E-013
 1.430E+013  1.000E-008  6.236E+001 -6.396E-013
 1.450E+013  1.000E-008  6.236E+001  6.396E-013
 1.470E+013  1.000E-008  6.236E+001  1.306E-013
 1.490E+013  1.000E-008  6.236E+001 -1.306E-013
 1.510E+013  1.000E-008  6.236E+001  0.000E+000
 1.530E+013  1.000E-008  6.236E+001  0.000E+000
 1.550E+013  1.000E-008  6.236E+001  0.000E+000
 1.570E+013  1.000E-008  6.236E+001  0.000E+000
 1.590E+013  1.000E-008  6.236E+001  4.355E-014
 1.610E+013  1.000E-008  6.236E+001 -4.969E-037
 1.630E+013  1.000E-008  6.236E+001 -4.355E-014
 1.650E+013  1.000E-008  6.236E+001 -4.354E-014
 1.670E+013  1.000E-008  6.236E+001  4.354E-014
 1.690E+013  1.000E-008  6.236E+001  9.909E-035
 1.710E+013  1.000E-008  6.236E+001  1.602E-076
 1.730E+013  1.000E-008  6.236E+001  1.766E-160
 1.750E+013  1.000E-008  6.236E+001  0.000E+000
 1.770E+013  1.000E-008  6.236E+001  0.000E+000
 1.790E+013  1.000E-008  6.236E+001  0.000E+000
 1.810E+013  1.000E-008  6.236E+001  0.000E+000
 1.830E+013  1.000E-008  6.236E+001  4.355E-014
 1.850E+013  1.000E-008  6.236E+001 -4.355E-014
 1.870E+013  1.000E-008  6.236E+001  1.741E-013
 1.890E+013  1.000E-008  6.236E+001 -2.612E-013
 1.910E+013  1.000E-008  6.236E+001  1.741E-013
 1.930E+013  1.000E-008  6.236E+001 -8.708E-014
 1.950E+013  1.000E-008  6.236E+001  0.000E+000
 1.970E+013  1.000E-008  6.236E+001  0.000E+000
 1.990E+013  1.000E-008  6.236E+001  0.000E+000
 2.010E+013  1.000E-008  6.236E+001  0.000E+000
 2.030E+013  1.000E-008  6.236E+001  0.000E+000
 2.050E+013  1.000E-008  6.236E+001  0.000E+000
 2.070E+013  1.000E-008  6.236E+001  0.000E+000
 2.090E+013  1.000E-008  6.236E+001  4.355E-014
 2.110E+013  1.000E-008  6.236E+001 -3.786E-037
 2.130E+013  1.000E-008  6.236E+001 -4.355E-014
 2.150E+013  1.000E-008  6.236E+001  0.000E+000
 2.170E+013  1.000E-008  6.236E+001  0.000E+000
 2.190E+013  1.000E-008  6.236E+001  0.000E+000
 2.210E+013  1.000E-008  6.236E+001  0.000E+000
 2.230E+013  1.000E-008  6.236E+001  0.000E+000
 2.250E+013  1.000E-008  6.236E+001  0.000E+000
 2.270E+013  1.000E-008  6.236E+001  4.355E-014
 2.290E+013  1.000E-008  6.236E+001 -3.487E-037
 2.310E+013  1.000E-008  6.236E+001 -4.355E-014
 2.330E+013  1.000E-008  6.236E+001  0.000E+000
 2.350E+013  1.000E-008  6.236E+001  0.000E+000
 2.370E+013  1.000E-008  6.236E+001  4.355E-014
 2.390E+013  1.000E-008  6.236E+001 -4.355E-014
 2.410E+013  1.000E-008  6.236E+001  0.000E+000
 2.430E+013  1.000E-008  6.236E+001  0.000E+000
 2.450E+013  1.000E-008  6.236E+001  0.000E+000
 2.470E+013  1.000E-008  6.236E+001  4.355E-014
 2.490E+013  1.000E-008  6.236E+001 -4.355E-014
 2.510E+013  1.000E-008  6.236E+001  4.355E-014
 2.530E+013  1.000E-008  6.236E+001 -4.355E-014
 2.550E+013  1.000E-008  6.236E+001  0.000E+000
 2.570E+013  1.000E-008  6.236E+001 -4.584E-158
 2.590E+013  1.000E-008  6.236E+001 -2.580E-075
 2.610E+013  1.000E-008  6.236E+001 -3.978E-034
 2.630E+013  1.000E-008  6.236E+001 -8.706E-014
 2.650E+013  1.000E-008  6.236E+001  8.706E-014
 2.670E+013  1.000E-008  6.236E+001  3.966E-034
 2.690E+013  1.000E-008  6.236E+001  2.565E-075
 2.710E+013  1.000E-008  6.236E+001  4.355E-014
 2.730E+013  1.000E-008  6.236E+001 -4.355E-014
 2.750E+013  1.000E-008  6.236E+001  1.306E-013
 2.770E+013  1.000E-008  6.236E+001 -1.306E-013
 2.790E+013  1.000E-008  6.236E+001  0.000E+000
 2.810E+013  1.000E-008  6.236E+001  0.000E+000
 2.830E+013  1.000E-008  6.236E+001  2.175E-013
 2.850E+013  1.000E-008  6.236E+001 -4.345E-014
 2.870E+013  1.000E-008  6.236E+001 -1.741E-013
 2.890E+013  1.000E-008  6.236E+001 -1.546E-034
 2.910E+013  1.000E-008  6.236E+001  3.043E-013
 2.930E+013  1.000E-008  6.236E+001 -3.043E-013
 2.950E+013  1.000E-008  6.236E+001  0.000E+000
 2.970E+013  1.000E-008  6.236E+001  0.000E+000
 2.990E+013  1.000E-008  6.236E+001  0.000E+000
 3.010E+013  1.000E-008  6.236E+001  4.355E-014
 3.030E+013  1.000E-008  6.236E+001 -4.355E-014
 3.050E+013  1.000E-008  6.236E+001  4.355E-014
 3.070E+013  1.000E-008  6.236E+001 -4.355E-014
 3.090E+013  1.000E-008  6.236E+001  4.355E-014
 3.110E+013  1.000E-008  6.236E+001  4.354E-014
 3.130E+013  1.000E-008  6.236E+001 -8.708E-014
 3.150E+013  1.000E-008  6.236E+001  0.000E+000
 3.170E+013  1.000E-008  6.236E+001  0.000E+000
 3.190E+013  1.000E-008  6.236E+001  0.000E+000
 3.210E+013  1.000E-008  6.236E+001  0.000E+000
 3.230E+013  1.000E-008  6.236E+001  0.000E+000
 3.250E+013  1.000E-008  6.236E+001  0.000E+000
 3.270E+013  1.000E-008  6.236E+001  0.000E+000
 3.290E+013  1.000E-008  6.236E+001 -1.792E-160
 3.310E+013  1.000E-008  6.236E+001 -1.613E-076
 3.330E+013  1.000E-008  6.236E+001 -9.945E-035
 3.350E+013  1.000E-008  6.236E+001 -4.354E-014
 3.370E+013  1.000E-008  6.236E+001  4.354E-014
 3.390E+013  1.000E-008  6.236E+001  9.921E-035
 3.410E+013  1.000E-008  6.236E+001  1.605E-076
 3.430E+013  1.000E-008  6.236E+001  1.775E-160
 3.450E+013  1.000E-008  6.236E+001  8.708E-014
 3.470E+013  1.000E-008  6.236E+001 -8.708E-014
 3.490E+013  1.000E-008  6.236E+001  0.000E+000
 3.510E+013  1.000E-008  6.236E+001  0.000E+000
 3.530E+013  1.000E-008  6.236E+001  0.000E+000
 3.550E+013  1.000E-008  6.236E+001  0.000E+000
 3.570E+013  1.000E-008  6.236E+001  8.708E-014
 3.590E+013  1.000E-008  6.236E+001 -4.354E-014
 3.610E+013  1.000E-008  6.236E+001 -9.950E-035
 3.630E+013  1.000E-008  6.236E+001 -4.355E-014
 3.650E+013  1.000E-008  6.236E+001 -4.354E-014
 3.670E+013  1.000E-008  6.236E+001  4.354E-014
 3.690E+013  1.000E-008  6.236E+001  4.355E-014
 3.710E+013  1.000E-008  6.236E+001 -4.355E-014
 3.730E+013  1.000E-008  6.236E+001 -1.069E-037
 3.750E+013  1.000E-008  6.236E+001  4.355E-014
 3.770E+013  1.000E-008  6.236E+001 -4.355E-014
 3.790E+013  1.000E-008  6.236E+001  0.000E+000
 3.810E+013  1.000E-008  6.236E+001  0.000E+000
 3.830E+013  1.000E-008  6.236E+001  4.355E-014
 3.850E+013  1.000E-008  6.236E+001 -4.355E-014
 3.870E+013  1.000E-008  6.236E+001 -9.943E-035
 3.890E+013  1.000E-008  6.236E+001 -4.354E-014
 3.910E+013  1.000E-008  6.236E+001 -3.011E-035
 3.930E+013  1.000E-008  6.236E+001  1.306E-013
 3.950E+013  1.000E-008  6.236E+001 -4.354E-014
 3.970E+013  1.000E-008  6.236E+001  1.305E-013
 3.990E+013  1.000E-008  6.236E+001 -1.741E-013
 4.010E+013  1.000E-008  6.236E+001  0.000E+000
 4.030E+013  1.000E-008  6.236E+001  0.000E+000
 4.050E+013  1.000E-008  6.236E+001  0.000E+000
 4.070E+013  1.000E-008  6.236E+001  0.000E+000
 4.090E+013  1.000E-008  6.236E+001  1.369E-012
 4.110E+013  1.000E-008  6.236E+001 -1.369E-012
 4.130E+013  1.000E-008  6.236E+001  1.052E-012
 4.150E+013  1.000E-008  6.236E+001 -1.052E-012
 4.170E+013  1.000E-008  6.236E+001  3.905E-013
 4.190E+013  1.000E-008  6.236E+001 -3.470E-013
 4.210E+013  1.000E-008  6.236E+001 -9.948E-035
 4.230E+013  1.000E-008  6.236E+001 -4.355E-014
 4.250E+013  1.000E-008  6.236E+001  0.000E+000
 4.270E+013  1.000E-008  6.236E+001  0.000E+000
 4.290E+013  1.000E-008  6.236E+001  0.000E+000
 4.310E+013  1.000E-008  6.236E+001  0.000E+000
 4.330E+013  1.000E-008  6.236E+001  0.000E+000
 4.350E+013  1.000E-008  6.236E+001  0.000E+000
 4.370E+013  1.000E-008  6.236E+001  0.000E+000
 4.390E+013  1.000E-008  6.236E+001  0.000E+000
 4.410E+013  1.000E-008  6.236E+001  0.000E+000
 4.430E+013  1.000E-008  6.236E+001  0.000E+000
 4.450E+013  1.000E-008  6.236E+001  0.000E+000
 4.470E+013  1.000E-008  6.236E+001  4.355E-014
 4.490E+013  1.000E-008  6.236E+001 -1.775E-037
 4.510E+013  1.000E-008  6.236E+001 -4.355E-014
 4.530E+013  1.000E-008  6.236E+001  0.000E+000
 4.550E+013  1.000E-008  6.236E+001 -1.789E-160
 4.570E+013  1.000E-008  6.236E+001 -1.612E-076
 4.590E+013  1.000E-008  6.236E+001 -9.942E-035
 4.610E+013  1.000E-008  6.236E+001 -4.354E-014
 4.630E+013  1.000E-008  6.236E+001  4.354E-014
 4.650E+013  1.000E-008  6.236E+001  4.355E-014
 4.670E+013  1.000E-008  6.236E+001 -4.355E-014
 4.690E+013  1.000E-008  6.236E+001  4.355E-014
 4.710E+013  1.000E-008  6.236E+001 -4.355E-014
 4.730E+013  1.000E-008  6.236E+001  0.000E+000
 4.750E+013  1.000E-008  6.236E+001  0.000E+000
 4.770E+013  1.000E-008  6.236E+001  0.000E+000
 4.790E+013  1.000E-008  6.236E+001  4.355E-014
 4.810E+013  1.000E-008  6.236E+001 -4.355E-014
 4.830E+013  1.000E-008  6.236E+001 -8.248E-038
 4.850E+013  1.000E-008  6.236E+001  4.355E-014
 4.870E+013  1.000E-008  6.236E+001 -4.355E-014
 4.890E+013  1.000E-008  6.236E+001  0.000E+000
 4.910E+013  1.000E-008  6.236E+001  0.000E+000
 4.930E+013  1.000E-008  6.236E+001  0.000E+000
 4.950E+013  1.000E-008  6.236E+001  0.000E+000
 4.970E+013  1.000E-008  6.236E+001  0.000E+000
 4.990E+013  1.000E-008  6.236E+001  8.708E-014
 5.010E+013  1.000E-008  6.236E+001 -1.306E-013
 5.030E+013  1.000E-008  6.236E+001  4.354E-014
 5.050E+013  1.000E-008  6.236E+001  9.925E-035
 5.070E+013  1.000E-008  6.236E+001  1.607E-076
 5.090E+013  1.000E-008  6.236E+001  1.777E-160
 5.110E+013  1.000E-008  6.236E+001  4.355E-014
 5.130E+013  1.000E-008  6.236E+001 -4.355E-014
 5.150E+013  1.000E-008  6.236E+001  0.000E+000
 5.170E+013  1.000E-008  6.236E+001  0.000E+000
 5.190E+013  1.000E-008  6.236E+001  0.000E+000
 5.210E+013  1.000E-008  6.236E+001 -1.788E-160
 5.230E+013  1.000E-008  6.236E+001 -1.612E-076
 5.250E+013  1.000E-008  6.236E+001 -9.941E-035
 5.270E+013  1.000E-008  6.236E+001 -4.354E-014
 5.290E+013  1.000E-008  6.236E+001  4.354E-014
 5.310E+013  1.000E-008  6.236E+001  9.925E-035
 5.330E+013  1.000E-008  6.236E+001  1.607E-076
 5.350E+013  1.000E-008  6.236E+001  8.708E-014
 5.370E+013  1.000E-008  6.236E+001 -8.708E-014
 5.390E+013  1.000E-008  6.236E+001  1.310E-035
 5.410E+013  1.000E-008  6.236E+001  4.355E-014
 5.430E+013  1.000E-008  6.236E+001  4.354E-014
 5.450E+013  1.000E-008  6.236E+001  4.351E-014
 5.470E+013  1.000E-008  6.236E+001 -1.306E-013
 5.490E+013  1.000E-008  6.236E+001 -9.940E-035
 5.510E+013  1.000E-008  6.236E+001 -4.354E-014
 5.530E+013  1.000E-008  6.236E+001  8.708E-014
 5.550E+013  1.000E-008  6.236E+001 -1.741E-013
 5.570E+013  1.000E-008  6.236E+001  8.702E-014
 5.590E+013  1.000E-008  6.236E+001  4.354E-014
 5.610E+013  1.000E-008  6.236E+001 -4.354E-014
 5.630E+013  1.000E-008  6.236E+001  4.354E-014
 5.650E+013  1.000E-008  6.236E+001 -2.608E-013
 5.670E+013  1.000E-008  6.236E+001  2.608E-013
 5.690E+013  1.000E-008  6.236E+001  2.610E-013
 5.710E+013  1.000E-008  6.236E+001 -2.610E-013
 5.730E+013  1.000E-008  6.236E+001  3.043E-013
 5.750E+013  1.000E-008  6.236E+001 -6.515E-013
 5.770E+013  1.000E-008  6.236E+001 -4.291E-014
 5.790E+013  1.000E-008  6.236E+001  3.901E-013
 5.810E+013  1.000E-008  6.236E+001  1.583E-012
 5.830E+013  1.000E-008  6.236E+001 -1.583E-012
 5.850E+013  1.000E-008  6.236E+001  0.000E+000
 5.870E+013  1.000E-008  6.236E+001  0.000E+000
 5.890E+013  1.000E-008  6.236E+001  0.000E+000
 5.910E+013  1.000E-008  6.236E+001  0.000E+000
 5.930E+013  1.000E-008  6.236E+001  0.000E+000
 5.950E+013  1.000E-008  6.236E+001  0.000E+000
 5.970E+013  1.000E-008  6.236E+001  0.000E+000
 5.990E+013  1.000E-008  6.236E+001  0.000E+000
 6.010E+013  1.000E-008  6.236E+001  0.000E+000
 6.030E+013  1.000E-008  6.236E+001  4.355E-014
 6.050E+013  1.000E-008  6.236E+001 -4.355E-014
 6.070E+013  1.000E-008  6.236E+001  4.355E-014
 6.090E+013  1.000E-008  6.236E+001 -4.355E-014
 6.110E+013  1.000E-008  6.236E+001  0.000E+000
 6.130E+013  1.000E-008  6.236E+001  0.000E+000
 6.150E+013  1.000E-008  6.236E+001  0.000E+000
 6.170E+013  1.000E-008  6.236E+001  4.355E-014
 6.190E+013  1.000E-008  6.236E+001 -4.355E-014
 6.210E+013  1.000E-008  6.236E+001  0.000E+000
 6.230E+013  1.000E-008  6.236E+001  0.000E+000
 6.250E+013  1.000E-008  6.236E+001  0.000E+000
 6.270E+013  1.000E-008  6.236E+001  0.000E+000
 6.290E+013  1.000E-008  6.236E+001  0.000E+000
 6.310E+013  1.000E-008  6.236E+001  0.000E+000
 6.330E+013  1.000E-008  6.236E+001  0.000E+000
 6.350E+013  1.000E-008  6.236E+001  4.355E-014
 6.370E+013  1.000E-008  6.236E+001 -4.355E-014
 6.390E+013  1.000E-008  6.236E+001  0.000E+000
 6.410E+013  1.000E-008  6.236E+001  0.000E+000
 6.430E+013  1.000E-008  6.236E+001  0.000E+000
 6.450E+013  1.000E-008  6.236E+001  0.000E+000
 6.470E+013  1.000E-008  6.236E+001  4.355E-014
 6.490E+013  1.000E-008  6.236E+001 -4.355E-014
 6.510E+013  1.000E-008  6.236E+001  0.000E+000
 6.530E+013  1.000E-008  6.236E+001  0.000E+000
 6.550E+013  1.000E-008  6.236E+001  0.000E+000
 6.570E+013  1.000E-008  6.236E+001  0.000E+000
 6.590E+013  1.000E-008  6.236E+001  4.355E-014
 6.610E+013  1.000E-008  6.236E+001 -4.355E-014
 6.630E+013  1.000E-008  6.236E+001  0.000E+000
 6.650E+013  1.000E-008  6.236E+001  0.000E+000
 6.670E+013  1.000E-008  6.236E+001  0.000E+000
 6.690E+013  1.000E-008  6.236E+001  4.355E-014
 6.710E+013  1.000E-008  6.236E+001 -4.355E-014
 6.730E+013  1.000E-008  6.236E+001  0.000E+000
 6.750E+013  1.000E-008  6.236E+001  0.000E+000
 6.770E+013  1.000E-008  6.236E+001  4.355E-014
 6.790E+013  1.000E-008  6.236E+001 -4.355E-014
 6.810E+013  1.000E-008  6.236E+001  4.355E-014
 6.830E+013  1.000E-008  6.236E+001 -1.166E-037
 6.850E+013  1.000E-008  6.236E+001 -4.355E-014
 6.870E+013  1.000E-008  6.236E+001  0.000E+000
 6.890E+013  1.000E-008  6.236E+001  0.000E+000
 6.910E+013  1.000E-008  6.236E+001  0.000E+000
 6.930E+013  1.000E-008  6.236E+001  4.355E-014
 6.950E+013  1.000E-008  6.236E+001 -4.355E-014
 6.970E+013  1.000E-008  6.236E+001  0.000E+000
 6.990E+013  1.000E-008  6.236E+001  0.000E+000
 7.010E+013  1.000E-008  6.236E+001  0.000E+000
 7.030E+013  1.000E-008  6.236E+001  0.000E+000
 7.050E+013  1.000E-008  6.236E+001  0.000E+000
 7.070E+013  1.000E-008  6.236E+001  0.000E+000
 7.090E+013  1.000E-008  6.236E+001  0.000E+000
 7.110E+013  1.000E-008  6.236E+001  0.000E+000
 7.130E+013  1.000E-008  6.236E+001  0.000E+000
 7.150E+013  1.000E-008  6.236E+001  0.000E+000
 7.170E+013  1.000E-008  6.236E+001  0.000E+000
 7.190E+013  1.000E-008  6.236E+001  4.355E-014
 7.210E+013  1.000E-008  6.236E+001 -4.355E-014
 7.230E+013  1.000E-008  6.236E+001  0.000E+000
 7.250E+013  1.000E-008  6.236E+001  0.000E+000
 7.270E+013  1.000E-008  6.236E+001  8.708E-014
 7.290E+013  1.000E-008  6.236E+001 -4.367E-037
 7.310E+013  1.000E-008  6.236E+001 -8.708E-014
 7.330E+013  1.000E-008  6.236E+001 -9.938E-035
 7.350E+013  1.000E-008  6.236E+001 -4.354E-014
 7.370E+013  1.000E-008  6.236E+001  4.354E-014
 7.390E+013  1.000E-008  6.236E+001  9.928E-035
 7.410E+013  1.000E-008  6.236E+001  1.608E-076
 7.430E+013  1.000E-008  6.236E+001  1.779E-160
 7.450E+013  1.000E-008  6.236E+001  0.000E+000
 7.470E+013  1.000E-008  6.236E+001  0.000E+000
 7.490E+013  1.000E-008  6.236E+001  0.000E+000
 7.510E+013  1.000E-008  6.236E+001  0.000E+000
 7.530E+013  1.000E-008  6.236E+001  0.000E+000
 7.550E+013  1.000E-008  6.236E+001  0.000E+000
 7.570E+013  1.000E-008  6.236E+001  0.000E+000
 7.590E+013  1.000E-008  6.236E+001  0.000E+000
 7.610E+013  1.000E-008  6.236E+001  0.000E+000
 7.630E+013  1.000E-008  6.236E+001  0.000E+000
 7.650E+013  1.000E-008  6.236E+001  0.000E+000
 7.670E+013  1.000E-008  6.236E+001  8.708E-014
 7.690E+013  1.000E-008  6.236E+001 -8.708E-014
 7.710E+013  1.000E-008  6.236E+001  1.306E-013
 7.730E+013  1.000E-008  6.236E+001 -1.306E-013
 7.750E+013  1.000E-008  6.236E+001  2.351E-035
 7.770E+013  1.000E-008  6.236E+001  8.708E-014
 7.790E+013  1.000E-008  6.236E+001 -2.611E-013
 7.810E+013  1.000E-008  6.236E+001  2.611E-013
 7.830E+013  1.000E-008  6.236E+001 -8.708E-014
 7.850E+013  1.000E-008  6.236E+001 -1.136E-076
 7.870E+013  1.000E-008  6.236E+001 -8.346E-035
 7.890E+013  1.000E-008  6.236E+001 -4.354E-014
 7.910E+013  1.000E-008  6.236E+001 -2.173E-013
 7.930E+013  1.000E-008  6.236E+001  1.303E-013
 7.950E+013  1.000E-008  6.236E+001  1.306E-013
 7.970E+013  1.000E-008  6.236E+001 -1.740E-013
 7.990E+013  1.000E-008  6.236E+001  1.740E-013
 8.010E+013  1.000E-008  6.236E+001  1.585E-033
 8.030E+013  1.000E-008  6.236E+001  4.096E-074
 8.050E+013  1.000E-008  6.236E+001  1.154E-155
 8.070E+013  1.000E-008  6.236E+001 -3.074E-312
 8.090E+013  1.000E-008  6.236E+001 -3.389E-152
 8.110E+013  1.000E-008  6.236E+001 -2.229E-072
 8.130E+013  1.000E-008  6.236E+001 -1.174E-032
 8.150E+013  1.000E-008  6.236E+001 -4.751E-013
 8.170E+013  1.000E-008  6.236E+001  6.057E-013
 8.190E+013  1.000E-008  6.236E+001 -1.306E-013
 8.210E+013  1.000E-008  6.236E+001  0.000E+000
 8.230E+013  1.000E-008  6.236E+001  0.000E+000
 8.250E+013  1.000E-008  6.236E+001  0.000E+000
 8.270E+013  1.000E-008  6.236E+001  0.000E+000
 8.290E+013  1.000E-008  6.236E+001  1.741E-013
 8.310E+013  1.000E-008  6.236E+001 -1.741E-013
 8.330E+013  1.000E-008  6.236E+001 -9.606E-035
 8.350E+013  1.000E-008  6.236E+001  2.610E-013
 8.370E+013  1.000E-008  6.236E+001 -2.174E-013
 8.390E+013  1.000E-008  6.236E+001 -9.944E-035
 8.410E+013  1.000E-008  6.236E+001 -4.355E-014
 8.430E+013  1.000E-008  6.236E+001  4.355E-014
 8.450E+013  1.000E-008  6.236E+001 -9.421E-038
 8.470E+013  1.000E-008  6.236E+001 -4.355E-014
 8.490E+013  1.000E-008  6.236E+001 -4.688E-038
 8.510E+013  1.000E-008  6.236E+001  4.355E-014
 8.530E+013  1.000E-008  6.236E+001 -9.332E-038
 8.550E+013  1.000E-008  6.236E+001 -4.355E-014
 8.570E+013  1.000E-008  6.236E+001 -4.644E-038
 8.590E+013  1.000E-008  6.236E+001  4.355E-014
 8.610E+013  1.000E-008  6.236E+001 -4.355E-014
 8.630E+013  1.000E-008  6.236E+001  0.000E+000
 8.650E+013  1.000E-008  6.236E+001  0.000E+000
 8.670E+013  1.000E-008  6.236E+001  0.000E+000
 8.690E+013  1.000E-008  6.236E+001  0.000E+000
 8.710E+013  1.000E-008  6.236E+001  0.000E+000
 8.730E+013  1.000E-008  6.236E+001  0.000E+000
 8.750E+013  1.000E-008  6.236E+001  4.355E-014
 8.770E+013  1.000E-008  6.236E+001 -4.355E-014
 8.790E+013  1.000E-008  6.236E+001 -4.528E-038
 8.810E+013  1.000E-008  6.236E+001  4.355E-014
 8.830E+013  1.000E-008  6.236E+001 -4.355E-014
 8.850E+013  1.000E-008  6.236E+001  4.355E-014
 8.870E+013  1.000E-008  6.236E+001  4.354E-014
 8.890E+013  1.000E-008  6.236E+001 -8.708E-014
 8.910E+013  1.000E-008  6.236E+001  0.000E+000
 8.930E+013  1.000E-008  6.236E+001  0.000E+000
 8.950E+013  1.000E-008  6.236E+001  0.000E+000
 8.970E+013  1.000E-008  6.236E+001  0.000E+000
 8.990E+013  1.000E-008  6.236E+001  0.000E+000
 9.010E+013  1.000E-008  6.236E+001  4.355E-014
 9.030E+013  1.000E-008  6.236E+001 -8.815E-038
 9.050E+013  1.000E-008  6.236E+001 -4.355E-014
 9.070E+013  1.000E-008  6.236E+001  4.355E-014
 9.090E+013  1.000E-008  6.236E+001 -8.757E-038
 9.110E+013  1.000E-008  6.236E+001 -4.355E-014
 9.130E+013  1.000E-008  6.236E+001  0.000E+000
 9.150E+013  1.000E-008  6.236E+001  0.000E+000
 9.170E+013  1.000E-008  6.236E+001  0.000E+000
 9.190E+013  1.000E-008  6.236E+001  0.000E+000
 9.210E+013  1.000E-008  6.236E+001  0.000E+000
 9.230E+013  1.000E-008  6.236E+001  4.355E-014
 9.250E+013  1.000E-008  6.236E+001 -8.605E-038
 9.270E+013  1.000E-008  6.236E+001 -4.355E-014
 9.290E+013  1.000E-008  6.236E+001  0.000E+000
 9.310E+013  1.000E-008  6.236E+001  0.000E+000
 9.330E+013  1.000E-008  6.236E+001  0.000E+000
 9.350E+013  1.000E-008  6.236E+001  0.000E+000
 9.370E+013  1.000E-008  6.236E+001  4.355E-014
 9.390E+013  1.000E-008  6.236E+001 -4.355E-014
 9.410E+013  1.000E-008  6.236E+001  4.355E-014
 9.430E+013  1.000E-008  6.236E+001 -4.355E-014
 9.450E+013  1.000E-008  6.236E+001  0.000E+000
 9.470E+013  1.000E-008  6.236E+001  0.000E+000
 9.490E+013  1.000E-008  6.236E+001  0.000E+000
 9.510E+013  1.000E-008  6.236E+001  0.000E+000
 9.530E+013  1.000E-008  6.236E+001  4.355E-014
 9.550E+013  1.000E-008  6.236E+001 -4.355E-014
 9.570E+013  1.000E-008  6.236E+001 -1.611E-076
 9.590E+013  1.000E-008  6.236E+001 -9.937E-035
 9.610E+013  1.000E-008  6.236E+001 -4.354E-014
 9.630E+013  1.000E-008  6.236E+001  4.354E-014
 9.650E+013  1.000E-008  6.236E+001  9.929E-035
 9.670E+013  1.000E-008  6.236E+001  4.355E-014
 9.690E+013  1.000E-008  6.236E+001 -4.355E-014
 9.710E+013  1.000E-008  6.236E+001  0.000E+000
 9.730E+013  1.000E-008  6.236E+001  0.000E+000
 9.750E+013  1.000E-008  6.236E+001  0.000E+000
 9.770E+013  1.000E-008  6.236E+001  0.000E+000
 9.790E+013  1.000E-008  6.236E+001  0.000E+000
 9.810E+013  1.000E-008  6.236E+001  0.000E+000
 9.830E+013  1.000E-008  6.236E+001  0.000E+000
 9.850E+013  1.000E-008  6.236E+001  0.000E+000
 9.870E+013  1.000E-008  6.236E+001  0.000E+000
 9.890E+013  1.000E-008  6.236E+001  0.000E+000
 9.910E+013  1.000E-008  6.236E+001  0.000E+000
 9.930E+013  1.000E-008  6.236E+001  0.000E+000
 9.950E+013  1.000E-008  6.236E+001  4.355E-014
 9.970E+013  1.000E-008  6.236E+001 -4.355E-014
 9.990E+013  1.000E-008  6.236E+001  0.000E+000
 1.001E+014  1.000E-099  1.000E-099  0.000E+000
 1.003E+014  1.000E-099  1.000E-099  0.000E+000
 3.887E-004
