 2.522E+005
     x1b        dens       energ       v1
 1.000E+011  6.996E-011  9.018E+005  0.000E+000
 3.000E+011  7.118E-011  9.068E+005  1.007E+005
 5.000E+011  7.364E-011  9.053E+005  4.095E+005
 7.000E+011  7.718E-011  9.059E+005  5.449E+005
 9.000E+011  8.077E-011  9.057E+005  7.550E+005
 1.100E+012  8.397E-011  9.059E+005  9.296E+005
 1.300E+012  8.590E-011  9.059E+005  1.119E+006
 1.500E+012  8.626E-011  9.060E+005  1.306E+006
 1.700E+012  8.624E-011  9.062E+005  1.496E+006
 1.900E+012  8.606E-011  9.064E+005  1.681E+006
 2.100E+012  8.573E-011  9.065E+005  1.868E+006
 2.300E+012  8.563E-011  9.067E+005  2.055E+006
 2.500E+012  8.569E-011  9.069E+005  2.241E+006
 2.700E+012  8.595E-011  9.071E+005  2.429E+006
 2.900E+012  8.666E-011  9.073E+005  2.619E+006
 3.100E+012  8.812E-011  9.076E+005  2.806E+006
 3.300E+012  9.066E-011  9.078E+005  2.992E+006
 3.500E+012  9.473E-011  9.081E+005  3.180E+006
 3.700E+012  1.009E-010  9.085E+005  3.371E+006
 3.900E+012  1.099E-010  9.089E+005  3.561E+006
 4.100E+012  1.228E-010  9.093E+005  3.750E+006
 4.300E+012  1.411E-010  9.098E+005  3.943E+006
 4.500E+012  1.668E-010  9.105E+005  4.138E+006
 4.700E+012  2.024E-010  9.112E+005  4.333E+006
 4.900E+012  2.512E-010  9.123E+005  4.529E+006
 5.100E+012  3.162E-010  9.136E+005  4.727E+006
 5.300E+012  4.001E-010  9.154E+005  4.923E+006
 5.500E+012  5.041E-010  9.177E+005  5.116E+006
 5.700E+012  6.272E-010  9.207E+005  5.308E+006
 5.900E+012  7.668E-010  9.245E+005  5.499E+006
 6.100E+012  9.197E-010  9.293E+005  5.692E+006
 6.300E+012  1.083E-009  9.352E+005  5.886E+006
 6.500E+012  1.258E-009  9.423E+005  6.085E+006
 6.700E+012  1.444E-009  9.507E+005  6.287E+006
 6.900E+012  1.646E-009  9.607E+005  6.494E+006
 7.100E+012  1.869E-009  9.723E+005  6.707E+006
 7.300E+012  2.120E-009  9.860E+005  6.925E+006
 7.500E+012  2.409E-009  1.002E+006  7.150E+006
 7.700E+012  2.743E-009  1.021E+006  7.381E+006
 7.900E+012  3.135E-009  1.043E+006  7.618E+006
 8.100E+012  3.595E-009  1.068E+006  7.861E+006
 8.300E+012  4.132E-009  1.098E+006  8.108E+006
 8.500E+012  4.758E-009  1.133E+006  8.361E+006
 8.700E+012  5.488E-009  1.176E+006  8.631E+006
 8.900E+012  6.333E-009  1.226E+006  8.914E+006
 9.100E+012  7.315E-009  1.286E+006  9.203E+006
 9.300E+012  8.469E-009  1.357E+006  9.509E+006
 9.500E+012  9.822E-009  1.437E+006  9.813E+006
 9.700E+012  1.147E-008  1.535E+006  1.011E+007
 9.900E+012  1.355E-008  1.664E+006  1.047E+007
 1.010E+013  1.600E-008  1.794E+006  1.083E+007
 1.030E+013  1.915E-008  1.968E+006  1.109E+007
 1.050E+013  2.449E-008  2.395E+006  1.171E+007
 1.070E+013  2.915E-008  2.653E+006  1.260E+007
 1.090E+013  2.830E-008  2.027E+006  1.224E+007
 1.110E+013  2.003E-008  7.355E+005  1.000E+007
 1.130E+013  1.268E-008  7.806E+004  5.777E+006
 1.150E+013  1.033E-008  6.195E+002  1.475E+006
 1.170E+013  1.001E-008  6.242E+001  4.526E+004
 1.190E+013  1.000E-008  6.236E+001  1.440E+001
 1.210E+013  1.000E-008  6.236E+001  2.329E-006
 1.230E+013  1.000E-008  6.236E+001  2.073E-013
 1.250E+013  1.000E-008  6.236E+001 -8.961E-013
 1.270E+013  1.000E-008  6.236E+001  0.000E+000
 1.290E+013  1.000E-008  6.236E+001  0.000E+000
 1.310E+013  1.000E-008  6.236E+001  0.000E+000
 1.330E+013  1.000E-008  6.236E+001  0.000E+000
 1.350E+013  1.000E-008  6.236E+001  0.000E+000
 1.370E+013  1.000E-008  6.236E+001  0.000E+000
 1.390E+013  1.000E-008  6.236E+001  3.584E-012
 1.410E+013  1.000E-008  6.236E+001 -3.584E-012
 1.430E+013  1.000E-008  6.236E+001 -1.343E-011
 1.450E+013  1.000E-008  6.236E+001  1.343E-011
 1.470E+013  1.000E-008  6.236E+001  2.688E-012
 1.490E+013  1.000E-008  6.236E+001 -2.688E-012
 1.510E+013  1.000E-008  6.236E+001  0.000E+000
 1.530E+013  1.000E-008  6.236E+001  0.000E+000
 1.550E+013  1.000E-008  6.236E+001  0.000E+000
 1.570E+013  1.000E-008  6.236E+001  0.000E+000
 1.590E+013  1.000E-008  6.236E+001  8.961E-013
 1.610E+013  1.000E-008  6.236E+001 -4.237E-033
 1.630E+013  1.000E-008  6.236E+001 -8.961E-013
 1.650E+013  1.000E-008  6.236E+001 -8.961E-013
 1.670E+013  1.000E-008  6.236E+001  8.961E-013
 1.690E+013  1.000E-008  6.236E+001  8.454E-031
 1.710E+013  1.000E-008  6.236E+001  2.551E-067
 1.730E+013  1.000E-008  6.236E+001  1.068E-140
 1.750E+013  1.000E-008  6.236E+001  8.832E-288
 1.770E+013  1.000E-008  6.236E+001  0.000E+000
 1.790E+013  1.000E-008  6.236E+001  0.000E+000
 1.810E+013  1.000E-008  6.236E+001  0.000E+000
 1.830E+013  1.000E-008  6.236E+001  8.961E-013
 1.850E+013  1.000E-008  6.236E+001 -8.961E-013
 1.870E+013  1.000E-008  6.236E+001  3.584E-012
 1.890E+013  1.000E-008  6.236E+001 -5.377E-012
 1.910E+013  1.000E-008  6.236E+001  3.584E-012
 1.930E+013  1.000E-008  6.236E+001 -1.792E-012
 1.950E+013  1.000E-008  6.236E+001  0.000E+000
 1.970E+013  1.000E-008  6.236E+001  0.000E+000
 1.990E+013  1.000E-008  6.236E+001  0.000E+000
 2.010E+013  1.000E-008  6.236E+001  0.000E+000
 2.030E+013  1.000E-008  6.236E+001  0.000E+000
 2.050E+013  1.000E-008  6.236E+001  0.000E+000
 2.070E+013  1.000E-008  6.236E+001  0.000E+000
 2.090E+013  1.000E-008  6.236E+001  8.961E-013
 2.110E+013  1.000E-008  6.236E+001 -3.228E-033
 2.130E+013  1.000E-008  6.236E+001 -8.961E-013
 2.150E+013  1.000E-008  6.236E+001  0.000E+000
 2.170E+013  1.000E-008  6.236E+001  0.000E+000
 2.190E+013  1.000E-008  6.236E+001  0.000E+000
 2.210E+013  1.000E-008  6.236E+001  0.000E+000
 2.230E+013  1.000E-008  6.236E+001  0.000E+000
 2.250E+013  1.000E-008  6.236E+001  0.000E+000
 2.270E+013  1.000E-008  6.236E+001  8.961E-013
 2.290E+013  1.000E-008  6.236E+001 -2.973E-033
 2.310E+013  1.000E-008  6.236E+001 -8.961E-013
 2.330E+013  1.000E-008  6.236E+001  0.000E+000
 2.350E+013  1.000E-008  6.236E+001  0.000E+000
 2.370E+013  1.000E-008  6.236E+001  8.961E-013
 2.390E+013  1.000E-008  6.236E+001 -8.961E-013
 2.410E+013  1.000E-008  6.236E+001  0.000E+000
 2.430E+013  1.000E-008  6.236E+001  0.000E+000
 2.450E+013  1.000E-008  6.236E+001  0.000E+000
 2.470E+013  1.000E-008  6.236E+001  8.961E-013
 2.490E+013  1.000E-008  6.236E+001 -8.961E-013
 2.510E+013  1.000E-008  6.236E+001  8.961E-013
 2.530E+013  1.000E-008  6.236E+001 -8.961E-013
 2.550E+013  1.000E-008  6.236E+001 -5.972E-283
 2.570E+013  1.000E-008  6.236E+001 -2.778E-138
 2.590E+013  1.000E-008  6.236E+001 -4.113E-066
 2.610E+013  1.000E-008  6.236E+001 -3.395E-030
 2.630E+013  1.000E-008  6.236E+001 -1.792E-012
 2.650E+013  1.000E-008  6.236E+001  1.792E-012
 2.670E+013  1.000E-008  6.236E+001  3.385E-030
 2.690E+013  1.000E-008  6.236E+001  4.088E-066
 2.710E+013  1.000E-008  6.236E+001  8.961E-013
 2.730E+013  1.000E-008  6.236E+001 -8.961E-013
 2.750E+013  1.000E-008  6.236E+001  2.688E-012
 2.770E+013  1.000E-008  6.236E+001 -2.688E-012
 2.790E+013  1.000E-008  6.236E+001  0.000E+000
 2.810E+013  1.000E-008  6.236E+001  0.000E+000
 2.830E+013  1.000E-008  6.236E+001  4.480E-012
 2.850E+013  1.000E-008  6.236E+001 -8.960E-013
 2.870E+013  1.000E-008  6.236E+001 -3.584E-012
 2.890E+013  1.000E-008  6.236E+001 -1.327E-030
 2.910E+013  1.000E-008  6.236E+001  6.272E-012
 2.930E+013  1.000E-008  6.236E+001 -6.272E-012
 2.950E+013  1.000E-008  6.236E+001  0.000E+000
 2.970E+013  1.000E-008  6.236E+001  0.000E+000
 2.990E+013  1.000E-008  6.236E+001  0.000E+000
 3.010E+013  1.000E-008  6.236E+001  8.961E-013
 3.030E+013  1.000E-008  6.236E+001 -8.961E-013
 3.050E+013  1.000E-008  6.236E+001  8.961E-013
 3.070E+013  1.000E-008  6.236E+001 -8.961E-013
 3.090E+013  1.000E-008  6.236E+001  8.961E-013
 3.110E+013  1.000E-008  6.236E+001  8.961E-013
 3.130E+013  1.000E-008  6.236E+001 -1.792E-012
 3.150E+013  1.000E-008  6.236E+001  0.000E+000
 3.170E+013  1.000E-008  6.236E+001  0.000E+000
 3.190E+013  1.000E-008  6.236E+001  0.000E+000
 3.210E+013  1.000E-008  6.236E+001  0.000E+000
 3.230E+013  1.000E-008  6.236E+001  0.000E+000
 3.250E+013  1.000E-008  6.236E+001  0.000E+000
 3.270E+013  1.000E-008  6.236E+001 -9.089E-288
 3.290E+013  1.000E-008  6.236E+001 -1.084E-140
 3.310E+013  1.000E-008  6.236E+001 -2.569E-067
 3.330E+013  1.000E-008  6.236E+001 -8.484E-031
 3.350E+013  1.000E-008  6.236E+001 -8.961E-013
 3.370E+013  1.000E-008  6.236E+001  8.961E-013
 3.390E+013  1.000E-008  6.236E+001  8.464E-031
 3.410E+013  1.000E-008  6.236E+001  2.557E-067
 3.430E+013  1.000E-008  6.236E+001  1.074E-140
 3.450E+013  1.000E-008  6.236E+001  1.792E-012
 3.470E+013  1.000E-008  6.236E+001 -1.792E-012
 3.490E+013  1.000E-008  6.236E+001  0.000E+000
 3.510E+013  1.000E-008  6.236E+001  0.000E+000
 3.530E+013  1.000E-008  6.236E+001  0.000E+000
 3.550E+013  1.000E-008  6.236E+001  0.000E+000
 3.570E+013  1.000E-008  6.236E+001  1.792E-012
 3.590E+013  1.000E-008  6.236E+001 -8.961E-013
 3.610E+013  1.000E-008  6.236E+001 -8.484E-031
 3.630E+013  1.000E-008  6.236E+001 -8.961E-013
 3.650E+013  1.000E-008  6.236E+001 -8.961E-013
 3.670E+013  1.000E-008  6.236E+001  8.961E-013
 3.690E+013  1.000E-008  6.236E+001  8.961E-013
 3.710E+013  1.000E-008  6.236E+001 -8.961E-013
 3.730E+013  1.000E-008  6.236E+001 -9.112E-034
 3.750E+013  1.000E-008  6.236E+001  8.961E-013
 3.770E+013  1.000E-008  6.236E+001 -8.961E-013
 3.790E+013  1.000E-008  6.236E+001  0.000E+000
 3.810E+013  1.000E-008  6.236E+001  0.000E+000
 3.830E+013  1.000E-008  6.236E+001  8.961E-013
 3.850E+013  1.000E-008  6.236E+001 -8.961E-013
 3.870E+013  1.000E-008  6.236E+001 -8.483E-031
 3.890E+013  1.000E-008  6.236E+001 -8.961E-013
 3.910E+013  1.000E-008  6.236E+001 -2.568E-031
 3.930E+013  1.000E-008  6.236E+001  2.688E-012
 3.950E+013  1.000E-008  6.236E+001 -8.961E-013
 3.970E+013  1.000E-008  6.236E+001  2.688E-012
 3.990E+013  1.000E-008  6.236E+001 -3.584E-012
 4.010E+013  1.000E-008  6.236E+001  0.000E+000
 4.030E+013  1.000E-008  6.236E+001  0.000E+000
 4.050E+013  1.000E-008  6.236E+001  0.000E+000
 4.070E+013  1.000E-008  6.236E+001  0.000E+000
 4.090E+013  1.000E-008  6.236E+001  3.291E-011
 4.110E+013  1.000E-008  6.236E+001 -3.291E-011
 4.130E+013  1.000E-008  6.236E+001  2.322E-011
 4.150E+013  1.000E-008  6.236E+001 -2.322E-011
 4.170E+013  1.000E-008  6.236E+001  8.064E-012
 4.190E+013  1.000E-008  6.236E+001 -7.168E-012
 4.210E+013  1.000E-008  6.236E+001 -8.483E-031
 4.230E+013  1.000E-008  6.236E+001 -8.961E-013
 4.250E+013  1.000E-008  6.236E+001  0.000E+000
 4.270E+013  1.000E-008  6.236E+001  0.000E+000
 4.290E+013  1.000E-008  6.236E+001  0.000E+000
 4.310E+013  1.000E-008  6.236E+001  0.000E+000
 4.330E+013  1.000E-008  6.236E+001  0.000E+000
 4.350E+013  1.000E-008  6.236E+001  0.000E+000
 4.370E+013  1.000E-008  6.236E+001  0.000E+000
 4.390E+013  1.000E-008  6.236E+001  0.000E+000
 4.410E+013  1.000E-008  6.236E+001  0.000E+000
 4.430E+013  1.000E-008  6.236E+001  0.000E+000
 4.450E+013  1.000E-008  6.236E+001  0.000E+000
 4.470E+013  1.000E-008  6.236E+001  8.961E-013
 4.490E+013  1.000E-008  6.236E+001 -1.513E-033
 4.510E+013  1.000E-008  6.236E+001 -8.961E-013
 4.530E+013  1.000E-008  6.236E+001 -9.065E-288
 4.550E+013  1.000E-008  6.236E+001 -1.082E-140
 4.570E+013  1.000E-008  6.236E+001 -2.567E-067
 4.590E+013  1.000E-008  6.236E+001 -8.482E-031
 4.610E+013  1.000E-008  6.236E+001 -8.961E-013
 4.630E+013  1.000E-008  6.236E+001  8.961E-013
 4.650E+013  1.000E-008  6.236E+001  8.961E-013
 4.670E+013  1.000E-008  6.236E+001 -8.961E-013
 4.690E+013  1.000E-008  6.236E+001  8.961E-013
 4.710E+013  1.000E-008  6.236E+001 -8.961E-013
 4.730E+013  1.000E-008  6.236E+001  0.000E+000
 4.750E+013  1.000E-008  6.236E+001  0.000E+000
 4.770E+013  1.000E-008  6.236E+001  0.000E+000
 4.790E+013  1.000E-008  6.236E+001  8.961E-013
 4.810E+013  1.000E-008  6.236E+001 -8.961E-013
 4.830E+013  1.000E-008  6.236E+001 -7.033E-034
 4.850E+013  1.000E-008  6.236E+001  8.961E-013
 4.870E+013  1.000E-008  6.236E+001 -8.961E-013
 4.890E+013  1.000E-008  6.236E+001  0.000E+000
 4.910E+013  1.000E-008  6.236E+001  0.000E+000
 4.930E+013  1.000E-008  6.236E+001  0.000E+000
 4.950E+013  1.000E-008  6.236E+001  0.000E+000
 4.970E+013  1.000E-008  6.236E+001  0.000E+000
 4.990E+013  1.000E-008  6.236E+001  1.792E-012
 5.010E+013  1.000E-008  6.236E+001 -2.688E-012
 5.030E+013  1.000E-008  6.236E+001  8.961E-013
 5.050E+013  1.000E-008  6.236E+001  8.467E-031
 5.070E+013  1.000E-008  6.236E+001  2.559E-067
 5.090E+013  1.000E-008  6.236E+001  1.075E-140
 5.110E+013  1.000E-008  6.236E+001  8.961E-013
 5.130E+013  1.000E-008  6.236E+001 -8.961E-013
 5.150E+013  1.000E-008  6.236E+001  0.000E+000
 5.170E+013  1.000E-008  6.236E+001  0.000E+000
 5.190E+013  1.000E-008  6.236E+001 -9.057E-288
 5.210E+013  1.000E-008  6.236E+001 -1.082E-140
 5.230E+013  1.000E-008  6.236E+001 -2.567E-067
 5.250E+013  1.000E-008  6.236E+001 -8.481E-031
 5.270E+013  1.000E-008  6.236E+001 -8.961E-013
 5.290E+013  1.000E-008  6.236E+001  8.961E-013
 5.310E+013  1.000E-008  6.236E+001  8.468E-031
 5.330E+013  1.000E-008  6.236E+001  2.559E-067
 5.350E+013  1.000E-008  6.236E+001  1.792E-012
 5.370E+013  1.000E-008  6.236E+001 -1.792E-012
 5.390E+013  1.000E-008  6.236E+001  1.117E-031
 5.410E+013  1.000E-008  6.236E+001  8.961E-013
 5.430E+013  1.000E-008  6.236E+001  8.961E-013
 5.450E+013  1.000E-008  6.236E+001  8.961E-013
 5.470E+013  1.000E-008  6.236E+001 -2.688E-012
 5.490E+013  1.000E-008  6.236E+001 -8.480E-031
 5.510E+013  1.000E-008  6.236E+001 -8.961E-013
 5.530E+013  1.000E-008  6.236E+001  1.792E-012
 5.550E+013  1.000E-008  6.236E+001 -3.584E-012
 5.570E+013  1.000E-008  6.236E+001  1.792E-012
 5.590E+013  1.000E-008  6.236E+001  8.961E-013
 5.610E+013  1.000E-008  6.236E+001 -8.961E-013
 5.630E+013  1.000E-008  6.236E+001  8.961E-013
 5.650E+013  1.000E-008  6.236E+001 -5.376E-012
 5.670E+013  1.000E-008  6.236E+001  5.376E-012
 5.690E+013  1.000E-008  6.236E+001  5.376E-012
 5.710E+013  1.000E-008  6.236E+001 -5.376E-012
 5.730E+013  1.000E-008  6.236E+001  6.272E-012
 5.750E+013  1.000E-008  6.236E+001 -1.344E-011
 5.770E+013  1.000E-008  6.236E+001 -8.955E-013
 5.790E+013  1.000E-008  6.236E+001  8.063E-012
 5.810E+013  1.000E-008  6.236E+001  4.251E-011
 5.830E+013  1.000E-008  6.236E+001 -4.251E-011
 5.850E+013  1.000E-008  6.236E+001  0.000E+000
 5.870E+013  1.000E-008  6.236E+001  0.000E+000
 5.890E+013  1.000E-008  6.236E+001  0.000E+000
 5.910E+013  1.000E-008  6.236E+001  0.000E+000
 5.930E+013  1.000E-008  6.236E+001  0.000E+000
 5.950E+013  1.000E-008  6.236E+001  0.000E+000
 5.970E+013  1.000E-008  6.236E+001  0.000E+000
 5.990E+013  1.000E-008  6.236E+001  0.000E+000
 6.010E+013  1.000E-008  6.236E+001  0.000E+000
 6.030E+013  1.000E-008  6.236E+001  8.961E-013
 6.050E+013  1.000E-008  6.236E+001 -8.961E-013
 6.070E+013  1.000E-008  6.236E+001  8.961E-013
 6.090E+013  1.000E-008  6.236E+001 -8.961E-013
 6.110E+013  1.000E-008  6.236E+001  0.000E+000
 6.130E+013  1.000E-008  6.236E+001  0.000E+000
 6.150E+013  1.000E-008  6.236E+001  0.000E+000
 6.170E+013  1.000E-008  6.236E+001  8.961E-013
 6.190E+013  1.000E-008  6.236E+001 -8.961E-013
 6.210E+013  1.000E-008  6.236E+001  0.000E+000
 6.230E+013  1.000E-008  6.236E+001  0.000E+000
 6.250E+013  1.000E-008  6.236E+001  0.000E+000
 6.270E+013  1.000E-008  6.236E+001  0.000E+000
 6.290E+013  1.000E-008  6.236E+001  0.000E+000
 6.310E+013  1.000E-008  6.236E+001  0.000E+000
 6.330E+013  1.000E-008  6.236E+001  0.000E+000
 6.350E+013  1.000E-008  6.236E+001  8.961E-013
 6.370E+013  1.000E-008  6.236E+001 -8.961E-013
 6.390E+013  1.000E-008  6.236E+001  0.000E+000
 6.410E+013  1.000E-008  6.236E+001  0.000E+000
 6.430E+013  1.000E-008  6.236E+001  0.000E+000
 6.450E+013  1.000E-008  6.236E+001  0.000E+000
 6.470E+013  1.000E-008  6.236E+001  8.961E-013
 6.490E+013  1.000E-008  6.236E+001 -8.961E-013
 6.510E+013  1.000E-008  6.236E+001  0.000E+000
 6.530E+013  1.000E-008  6.236E+001  0.000E+000
 6.550E+013  1.000E-008  6.236E+001  0.000E+000
 6.570E+013  1.000E-008  6.236E+001  0.000E+000
 6.590E+013  1.000E-008  6.236E+001  8.961E-013
 6.610E+013  1.000E-008  6.236E+001 -8.961E-013
 6.630E+013  1.000E-008  6.236E+001  0.000E+000
 6.650E+013  1.000E-008  6.236E+001  0.000E+000
 6.670E+013  1.000E-008  6.236E+001  0.000E+000
 6.690E+013  1.000E-008  6.236E+001  8.961E-013
 6.710E+013  1.000E-008  6.236E+001 -8.961E-013
 6.730E+013  1.000E-008  6.236E+001  0.000E+000
 6.750E+013  1.000E-008  6.236E+001  0.000E+000
 6.770E+013  1.000E-008  6.236E+001  8.961E-013
 6.790E+013  1.000E-008  6.236E+001 -8.961E-013
 6.810E+013  1.000E-008  6.236E+001  8.961E-013
 6.830E+013  1.000E-008  6.236E+001 -9.941E-034
 6.850E+013  1.000E-008  6.236E+001 -8.961E-013
 6.870E+013  1.000E-008  6.236E+001  0.000E+000
 6.890E+013  1.000E-008  6.236E+001  0.000E+000
 6.910E+013  1.000E-008  6.236E+001  0.000E+000
 6.930E+013  1.000E-008  6.236E+001  8.961E-013
 6.950E+013  1.000E-008  6.236E+001 -8.961E-013
 6.970E+013  1.000E-008  6.236E+001  0.000E+000
 6.990E+013  1.000E-008  6.236E+001  0.000E+000
 7.010E+013  1.000E-008  6.236E+001  0.000E+000
 7.030E+013  1.000E-008  6.236E+001  0.000E+000
 7.050E+013  1.000E-008  6.236E+001  0.000E+000
 7.070E+013  1.000E-008  6.236E+001  0.000E+000
 7.090E+013  1.000E-008  6.236E+001  0.000E+000
 7.110E+013  1.000E-008  6.236E+001  0.000E+000
 7.130E+013  1.000E-008  6.236E+001  0.000E+000
 7.150E+013  1.000E-008  6.236E+001  0.000E+000
 7.170E+013  1.000E-008  6.236E+001  0.000E+000
 7.190E+013  1.000E-008  6.236E+001  8.961E-013
 7.210E+013  1.000E-008  6.236E+001 -8.961E-013
 7.230E+013  1.000E-008  6.236E+001  0.000E+000
 7.250E+013  1.000E-008  6.236E+001  0.000E+000
 7.270E+013  1.000E-008  6.236E+001  1.792E-012
 7.290E+013  1.000E-008  6.236E+001 -3.725E-033
 7.310E+013  1.000E-008  6.236E+001 -1.792E-012
 7.330E+013  1.000E-008  6.236E+001 -8.479E-031
 7.350E+013  1.000E-008  6.236E+001 -8.961E-013
 7.370E+013  1.000E-008  6.236E+001  8.961E-013
 7.390E+013  1.000E-008  6.236E+001  8.470E-031
 7.410E+013  1.000E-008  6.236E+001  2.560E-067
 7.430E+013  1.000E-008  6.236E+001  1.076E-140
 7.450E+013  1.000E-008  6.236E+001  8.963E-288
 7.470E+013  1.000E-008  6.236E+001  0.000E+000
 7.490E+013  1.000E-008  6.236E+001  0.000E+000
 7.510E+013  1.000E-008  6.236E+001  0.000E+000
 7.530E+013  1.000E-008  6.236E+001  0.000E+000
 7.550E+013  1.000E-008  6.236E+001  0.000E+000
 7.570E+013  1.000E-008  6.236E+001  0.000E+000
 7.590E+013  1.000E-008  6.236E+001  0.000E+000
 7.610E+013  1.000E-008  6.236E+001  0.000E+000
 7.630E+013  1.000E-008  6.236E+001  0.000E+000
 7.650E+013  1.000E-008  6.236E+001  0.000E+000
 7.670E+013  1.000E-008  6.236E+001  1.792E-012
 7.690E+013  1.000E-008  6.236E+001 -1.792E-012
 7.710E+013  1.000E-008  6.236E+001  2.688E-012
 7.730E+013  1.000E-008  6.236E+001 -2.688E-012
 7.750E+013  1.000E-008  6.236E+001  2.007E-031
 7.770E+013  1.000E-008  6.236E+001  1.792E-012
 7.790E+013  1.000E-008  6.236E+001 -5.376E-012
 7.810E+013  1.000E-008  6.236E+001  5.376E-012
 7.830E+013  1.000E-008  6.236E+001 -1.792E-012
 7.850E+013  1.000E-008  6.236E+001 -1.809E-067
 7.870E+013  1.000E-008  6.236E+001 -7.119E-031
 7.890E+013  1.000E-008  6.236E+001 -8.961E-013
 7.910E+013  1.000E-008  6.236E+001 -4.480E-012
 7.930E+013  1.000E-008  6.236E+001  2.688E-012
 7.950E+013  1.000E-008  6.236E+001  2.688E-012
 7.970E+013  1.000E-008  6.236E+001 -3.584E-012
 7.990E+013  1.000E-008  6.236E+001  3.584E-012
 8.010E+013  1.000E-008  6.236E+001  1.355E-029
 8.030E+013  1.000E-008  6.236E+001  6.552E-065
 8.050E+013  1.000E-008  6.236E+001  7.052E-136
 8.070E+013  1.000E-008  6.236E+001 -4.103E-271
 8.090E+013  1.000E-008  6.236E+001 -2.303E-132
 8.110E+013  1.000E-008  6.236E+001 -3.746E-063
 8.130E+013  1.000E-008  6.236E+001 -1.025E-028
 8.150E+013  1.000E-008  6.236E+001 -9.853E-012
 8.170E+013  1.000E-008  6.236E+001  1.254E-011
 8.190E+013  1.000E-008  6.236E+001 -2.688E-012
 8.210E+013  1.000E-008  6.236E+001  0.000E+000
 8.230E+013  1.000E-008  6.236E+001  0.000E+000
 8.250E+013  1.000E-008  6.236E+001  0.000E+000
 8.270E+013  1.000E-008  6.236E+001  0.000E+000
 8.290E+013  1.000E-008  6.236E+001  3.584E-012
 8.310E+013  1.000E-008  6.236E+001 -3.584E-012
 8.330E+013  1.000E-008  6.236E+001 -8.231E-031
 8.350E+013  1.000E-008  6.236E+001  5.376E-012
 8.370E+013  1.000E-008  6.236E+001 -4.480E-012
 8.390E+013  1.000E-008  6.236E+001 -8.478E-031
 8.410E+013  1.000E-008  6.236E+001 -8.961E-013
 8.430E+013  1.000E-008  6.236E+001  8.961E-013
 8.450E+013  1.000E-008  6.236E+001 -8.033E-034
 8.470E+013  1.000E-008  6.236E+001 -8.961E-013
 8.490E+013  1.000E-008  6.236E+001 -3.997E-034
 8.510E+013  1.000E-008  6.236E+001  8.961E-013
 8.530E+013  1.000E-008  6.236E+001 -7.957E-034
 8.550E+013  1.000E-008  6.236E+001 -8.961E-013
 8.570E+013  1.000E-008  6.236E+001 -3.960E-034
 8.590E+013  1.000E-008  6.236E+001  8.961E-013
 8.610E+013  1.000E-008  6.236E+001 -8.961E-013
 8.630E+013  1.000E-008  6.236E+001  0.000E+000
 8.650E+013  1.000E-008  6.236E+001  0.000E+000
 8.670E+013  1.000E-008  6.236E+001  0.000E+000
 8.690E+013  1.000E-008  6.236E+001  0.000E+000
 8.710E+013  1.000E-008  6.236E+001  0.000E+000
 8.730E+013  1.000E-008  6.236E+001  0.000E+000
 8.750E+013  1.000E-008  6.236E+001  8.961E-013
 8.770E+013  1.000E-008  6.236E+001 -8.961E-013
 8.790E+013  1.000E-008  6.236E+001 -3.861E-034
 8.810E+013  1.000E-008  6.236E+001  8.961E-013
 8.830E+013  1.000E-008  6.236E+001 -8.961E-013
 8.850E+013  1.000E-008  6.236E+001  8.961E-013
 8.870E+013  1.000E-008  6.236E+001  8.961E-013
 8.890E+013  1.000E-008  6.236E+001 -1.792E-012
 8.910E+013  1.000E-008  6.236E+001  0.000E+000
 8.930E+013  1.000E-008  6.236E+001  0.000E+000
 8.950E+013  1.000E-008  6.236E+001  0.000E+000
 8.970E+013  1.000E-008  6.236E+001  0.000E+000
 8.990E+013  1.000E-008  6.236E+001  0.000E+000
 9.010E+013  1.000E-008  6.236E+001  8.961E-013
 9.030E+013  1.000E-008  6.236E+001 -7.516E-034
 9.050E+013  1.000E-008  6.236E+001 -8.961E-013
 9.070E+013  1.000E-008  6.236E+001  8.961E-013
 9.090E+013  1.000E-008  6.236E+001 -7.466E-034
 9.110E+013  1.000E-008  6.236E+001 -8.961E-013
 9.130E+013  1.000E-008  6.236E+001  0.000E+000
 9.150E+013  1.000E-008  6.236E+001  0.000E+000
 9.170E+013  1.000E-008  6.236E+001  0.000E+000
 9.190E+013  1.000E-008  6.236E+001  0.000E+000
 9.210E+013  1.000E-008  6.236E+001  0.000E+000
 9.230E+013  1.000E-008  6.236E+001  8.961E-013
 9.250E+013  1.000E-008  6.236E+001 -7.337E-034
 9.270E+013  1.000E-008  6.236E+001 -8.961E-013
 9.290E+013  1.000E-008  6.236E+001  0.000E+000
 9.310E+013  1.000E-008  6.236E+001  0.000E+000
 9.330E+013  1.000E-008  6.236E+001  0.000E+000
 9.350E+013  1.000E-008  6.236E+001  0.000E+000
 9.370E+013  1.000E-008  6.236E+001  8.961E-013
 9.390E+013  1.000E-008  6.236E+001 -8.961E-013
 9.410E+013  1.000E-008  6.236E+001  8.961E-013
 9.430E+013  1.000E-008  6.236E+001 -8.961E-013
 9.450E+013  1.000E-008  6.236E+001  0.000E+000
 9.470E+013  1.000E-008  6.236E+001  0.000E+000
 9.490E+013  1.000E-008  6.236E+001  0.000E+000
 9.510E+013  1.000E-008  6.236E+001  0.000E+000
 9.530E+013  1.000E-008  6.236E+001  8.961E-013
 9.550E+013  1.000E-008  6.236E+001 -8.961E-013
 9.570E+013  1.000E-008  6.236E+001 -2.565E-067
 9.590E+013  1.000E-008  6.236E+001 -8.478E-031
 9.610E+013  1.000E-008  6.236E+001 -8.961E-013
 9.630E+013  1.000E-008  6.236E+001  8.961E-013
 9.650E+013  1.000E-008  6.236E+001  8.471E-031
 9.670E+013  1.000E-008  6.236E+001  8.961E-013
 9.690E+013  1.000E-008  6.236E+001 -8.961E-013
 9.710E+013  1.000E-008  6.236E+001  0.000E+000
 9.730E+013  1.000E-008  6.236E+001  0.000E+000
 9.750E+013  1.000E-008  6.236E+001  0.000E+000
 9.770E+013  1.000E-008  6.236E+001  0.000E+000
 9.790E+013  1.000E-008  6.236E+001  0.000E+000
 9.810E+013  1.000E-008  6.236E+001  0.000E+000
 9.830E+013  1.000E-008  6.236E+001  0.000E+000
 9.850E+013  1.000E-008  6.236E+001  0.000E+000
 9.870E+013  1.000E-008  6.236E+001  0.000E+000
 9.890E+013  1.000E-008  6.236E+001  0.000E+000
 9.910E+013  1.000E-008  6.236E+001  0.000E+000
 9.930E+013  1.000E-008  6.236E+001  0.000E+000
 9.950E+013  1.000E-008  6.236E+001  8.961E-013
 9.970E+013  1.000E-008  6.236E+001 -8.961E-013
 9.990E+013  1.000E-008  6.236E+001  0.000E+000
 1.001E+014  1.000E-099  1.000E-099  0.000E+000
 1.003E+014  1.000E-099  1.000E-099  0.000E+000
 7.998E-003
