 2.163E+005
     x1b        dens       energ       v1
 1.000E+011  7.805E-011  1.082E+006  0.000E+000
 3.000E+011  7.955E-011  1.089E+006  5.431E+005
 5.000E+011  8.252E-011  1.086E+006  3.106E+005
 7.000E+011  8.670E-011  1.087E+006  7.001E+005
 9.000E+011  9.078E-011  1.087E+006  8.727E+005
 1.100E+012  9.428E-011  1.087E+006  1.120E+006
 1.300E+012  9.605E-011  1.087E+006  1.325E+006
 1.500E+012  9.626E-011  1.088E+006  1.546E+006
 1.700E+012  9.621E-011  1.088E+006  1.772E+006
 1.900E+012  9.591E-011  1.088E+006  1.997E+006
 2.100E+012  9.557E-011  1.088E+006  2.217E+006
 2.300E+012  9.556E-011  1.089E+006  2.436E+006
 2.500E+012  9.570E-011  1.089E+006  2.658E+006
 2.700E+012  9.622E-011  1.089E+006  2.880E+006
 2.900E+012  9.745E-011  1.090E+006  3.104E+006
 3.100E+012  9.980E-011  1.090E+006  3.327E+006
 3.300E+012  1.037E-010  1.090E+006  3.548E+006
 3.500E+012  1.099E-010  1.091E+006  3.770E+006
 3.700E+012  1.191E-010  1.091E+006  3.997E+006
 3.900E+012  1.327E-010  1.092E+006  4.221E+006
 4.100E+012  1.521E-010  1.093E+006  4.446E+006
 4.300E+012  1.799E-010  1.094E+006  4.675E+006
 4.500E+012  2.191E-010  1.095E+006  4.909E+006
 4.700E+012  2.735E-010  1.096E+006  5.139E+006
 4.900E+012  3.471E-010  1.098E+006  5.372E+006
 5.100E+012  4.432E-010  1.101E+006  5.601E+006
 5.300E+012  5.636E-010  1.104E+006  5.830E+006
 5.500E+012  7.069E-010  1.109E+006  6.054E+006
 5.700E+012  8.702E-010  1.115E+006  6.277E+006
 5.900E+012  1.050E-009  1.122E+006  6.502E+006
 6.100E+012  1.242E-009  1.131E+006  6.731E+006
 6.300E+012  1.449E-009  1.142E+006  6.964E+006
 6.500E+012  1.671E-009  1.155E+006  7.203E+006
 6.700E+012  1.915E-009  1.170E+006  7.448E+006
 6.900E+012  2.188E-009  1.188E+006  7.697E+006
 7.100E+012  2.501E-009  1.209E+006  7.952E+006
 7.300E+012  2.863E-009  1.233E+006  8.211E+006
 7.500E+012  3.291E-009  1.261E+006  8.475E+006
 7.700E+012  3.799E-009  1.296E+006  8.750E+006
 7.900E+012  4.405E-009  1.338E+006  9.043E+006
 8.100E+012  5.123E-009  1.387E+006  9.351E+006
 8.300E+012  5.964E-009  1.445E+006  9.658E+006
 8.500E+012  6.954E-009  1.514E+006  9.972E+006
 8.700E+012  8.118E-009  1.597E+006  1.031E+007
 8.900E+012  9.478E-009  1.690E+006  1.063E+007
 9.100E+012  1.115E-008  1.812E+006  1.097E+007
 9.300E+012  1.328E-008  1.975E+006  1.140E+007
 9.500E+012  1.579E-008  2.136E+006  1.181E+007
 9.700E+012  1.923E-008  2.392E+006  1.215E+007
 9.900E+012  2.507E-008  2.969E+006  1.304E+007
 1.010E+013  2.893E-008  3.111E+006  1.387E+007
 1.030E+013  2.683E-008  2.113E+006  1.312E+007
 1.050E+013  1.784E-008  6.080E+005  1.010E+007
 1.070E+013  1.184E-008  4.367E+004  5.175E+006
 1.090E+013  1.016E-008  1.694E+002  9.532E+005
 1.110E+013  1.000E-008  6.237E+001  1.355E+004
 1.130E+013  1.000E-008  6.236E+001  8.744E-001
 1.150E+013  1.000E-008  6.236E+001  6.918E-008
 1.170E+013  1.000E-008  6.236E+001  3.979E-023
 1.190E+013  1.000E-008  6.236E+001  1.276E-055
 1.210E+013  1.000E-008  6.236E+001  7.684E-013
 1.230E+013  1.000E-008  6.236E+001 -3.505E-033
 1.250E+013  1.000E-008  6.236E+001 -7.684E-013
 1.270E+013  1.000E-008  6.236E+001  0.000E+000
 1.290E+013  1.000E-008  6.236E+001  0.000E+000
 1.310E+013  1.000E-008  6.236E+001  0.000E+000
 1.330E+013  1.000E-008  6.236E+001  0.000E+000
 1.350E+013  1.000E-008  6.236E+001  0.000E+000
 1.370E+013  1.000E-008  6.236E+001  0.000E+000
 1.390E+013  1.000E-008  6.236E+001  3.073E-012
 1.410E+013  1.000E-008  6.236E+001 -3.073E-012
 1.430E+013  1.000E-008  6.236E+001 -1.151E-011
 1.450E+013  1.000E-008  6.236E+001  1.151E-011
 1.470E+013  1.000E-008  6.236E+001  2.305E-012
 1.490E+013  1.000E-008  6.236E+001 -2.305E-012
 1.510E+013  1.000E-008  6.236E+001  0.000E+000
 1.530E+013  1.000E-008  6.236E+001  0.000E+000
 1.550E+013  1.000E-008  6.236E+001  0.000E+000
 1.570E+013  1.000E-008  6.236E+001  0.000E+000
 1.590E+013  1.000E-008  6.236E+001  7.684E-013
 1.610E+013  1.000E-008  6.236E+001 -2.673E-033
 1.630E+013  1.000E-008  6.236E+001 -7.684E-013
 1.650E+013  1.000E-008  6.236E+001 -7.684E-013
 1.670E+013  1.000E-008  6.236E+001  7.684E-013
 1.690E+013  1.000E-008  6.236E+001  5.332E-031
 1.710E+013  1.000E-008  6.236E+001  8.691E-068
 1.730E+013  1.000E-008  6.236E+001  1.061E-141
 1.750E+013  1.000E-008  6.236E+001  7.421E-290
 1.770E+013  1.000E-008  6.236E+001  0.000E+000
 1.790E+013  1.000E-008  6.236E+001  0.000E+000
 1.810E+013  1.000E-008  6.236E+001  0.000E+000
 1.830E+013  1.000E-008  6.236E+001  7.684E-013
 1.850E+013  1.000E-008  6.236E+001 -7.684E-013
 1.870E+013  1.000E-008  6.236E+001  3.073E-012
 1.890E+013  1.000E-008  6.236E+001 -4.610E-012
 1.910E+013  1.000E-008  6.236E+001  3.074E-012
 1.930E+013  1.000E-008  6.236E+001 -1.537E-012
 1.950E+013  1.000E-008  6.236E+001  0.000E+000
 1.970E+013  1.000E-008  6.236E+001  0.000E+000
 1.990E+013  1.000E-008  6.236E+001  0.000E+000
 2.010E+013  1.000E-008  6.236E+001  0.000E+000
 2.030E+013  1.000E-008  6.236E+001  0.000E+000
 2.050E+013  1.000E-008  6.236E+001  0.000E+000
 2.070E+013  1.000E-008  6.236E+001  0.000E+000
 2.090E+013  1.000E-008  6.236E+001  7.684E-013
 2.110E+013  1.000E-008  6.236E+001 -2.036E-033
 2.130E+013  1.000E-008  6.236E+001 -7.684E-013
 2.150E+013  1.000E-008  6.236E+001  0.000E+000
 2.170E+013  1.000E-008  6.236E+001  0.000E+000
 2.190E+013  1.000E-008  6.236E+001  0.000E+000
 2.210E+013  1.000E-008  6.236E+001  0.000E+000
 2.230E+013  1.000E-008  6.236E+001  0.000E+000
 2.250E+013  1.000E-008  6.236E+001  0.000E+000
 2.270E+013  1.000E-008  6.236E+001  7.684E-013
 2.290E+013  1.000E-008  6.236E+001 -1.876E-033
 2.310E+013  1.000E-008  6.236E+001 -7.684E-013
 2.330E+013  1.000E-008  6.236E+001  0.000E+000
 2.350E+013  1.000E-008  6.236E+001  0.000E+000
 2.370E+013  1.000E-008  6.236E+001  7.684E-013
 2.390E+013  1.000E-008  6.236E+001 -7.684E-013
 2.410E+013  1.000E-008  6.236E+001  0.000E+000
 2.430E+013  1.000E-008  6.236E+001  0.000E+000
 2.450E+013  1.000E-008  6.236E+001  0.000E+000
 2.470E+013  1.000E-008  6.236E+001  7.684E-013
 2.490E+013  1.000E-008  6.236E+001 -7.684E-013
 2.510E+013  1.000E-008  6.236E+001  7.684E-013
 2.530E+013  1.000E-008  6.236E+001 -7.684E-013
 2.550E+013  1.000E-008  6.236E+001 -5.017E-285
 2.570E+013  1.000E-008  6.236E+001 -2.758E-139
 2.590E+013  1.000E-008  6.236E+001 -1.401E-066
 2.610E+013  1.000E-008  6.236E+001 -2.141E-030
 2.630E+013  1.000E-008  6.236E+001 -1.537E-012
 2.650E+013  1.000E-008  6.236E+001  1.537E-012
 2.670E+013  1.000E-008  6.236E+001  2.135E-030
 2.690E+013  1.000E-008  6.236E+001  1.393E-066
 2.710E+013  1.000E-008  6.236E+001  7.684E-013
 2.730E+013  1.000E-008  6.236E+001 -7.684E-013
 2.750E+013  1.000E-008  6.236E+001  2.305E-012
 2.770E+013  1.000E-008  6.236E+001 -2.305E-012
 2.790E+013  1.000E-008  6.236E+001  0.000E+000
 2.810E+013  1.000E-008  6.236E+001  0.000E+000
 2.830E+013  1.000E-008  6.236E+001  3.842E-012
 2.850E+013  1.000E-008  6.236E+001 -7.683E-013
 2.870E+013  1.000E-008  6.236E+001 -3.073E-012
 2.890E+013  1.000E-008  6.236E+001 -8.368E-031
 2.910E+013  1.000E-008  6.236E+001  5.378E-012
 2.930E+013  1.000E-008  6.236E+001 -5.378E-012
 2.950E+013  1.000E-008  6.236E+001  0.000E+000
 2.970E+013  1.000E-008  6.236E+001  0.000E+000
 2.990E+013  1.000E-008  6.236E+001  0.000E+000
 3.010E+013  1.000E-008  6.236E+001  7.684E-013
 3.030E+013  1.000E-008  6.236E+001 -7.684E-013
 3.050E+013  1.000E-008  6.236E+001  7.684E-013
 3.070E+013  1.000E-008  6.236E+001 -7.684E-013
 3.090E+013  1.000E-008  6.236E+001  7.684E-013
 3.110E+013  1.000E-008  6.236E+001  7.684E-013
 3.130E+013  1.000E-008  6.236E+001 -1.537E-012
 3.150E+013  1.000E-008  6.236E+001  0.000E+000
 3.170E+013  1.000E-008  6.236E+001  0.000E+000
 3.190E+013  1.000E-008  6.236E+001  0.000E+000
 3.210E+013  1.000E-008  6.236E+001  0.000E+000
 3.230E+013  1.000E-008  6.236E+001  0.000E+000
 3.250E+013  1.000E-008  6.236E+001  0.000E+000
 3.270E+013  1.000E-008  6.236E+001 -7.637E-290
 3.290E+013  1.000E-008  6.236E+001 -1.076E-141
 3.310E+013  1.000E-008  6.236E+001 -8.754E-068
 3.330E+013  1.000E-008  6.236E+001 -5.352E-031
 3.350E+013  1.000E-008  6.236E+001 -7.684E-013
 3.370E+013  1.000E-008  6.236E+001  7.684E-013
 3.390E+013  1.000E-008  6.236E+001  5.339E-031
 3.410E+013  1.000E-008  6.236E+001  8.712E-068
 3.430E+013  1.000E-008  6.236E+001  1.066E-141
 3.450E+013  1.000E-008  6.236E+001  1.537E-012
 3.470E+013  1.000E-008  6.236E+001 -1.537E-012
 3.490E+013  1.000E-008  6.236E+001  0.000E+000
 3.510E+013  1.000E-008  6.236E+001  0.000E+000
 3.530E+013  1.000E-008  6.236E+001  0.000E+000
 3.550E+013  1.000E-008  6.236E+001  0.000E+000
 3.570E+013  1.000E-008  6.236E+001  1.537E-012
 3.590E+013  1.000E-008  6.236E+001 -7.684E-013
 3.610E+013  1.000E-008  6.236E+001 -5.351E-031
 3.630E+013  1.000E-008  6.236E+001 -7.684E-013
 3.650E+013  1.000E-008  6.236E+001 -7.684E-013
 3.670E+013  1.000E-008  6.236E+001  7.684E-013
 3.690E+013  1.000E-008  6.236E+001  7.684E-013
 3.710E+013  1.000E-008  6.236E+001 -7.684E-013
 3.730E+013  1.000E-008  6.236E+001 -5.748E-034
 3.750E+013  1.000E-008  6.236E+001  7.684E-013
 3.770E+013  1.000E-008  6.236E+001 -7.684E-013
 3.790E+013  1.000E-008  6.236E+001  0.000E+000
 3.810E+013  1.000E-008  6.236E+001  0.000E+000
 3.830E+013  1.000E-008  6.236E+001  7.684E-013
 3.850E+013  1.000E-008  6.236E+001 -7.684E-013
 3.870E+013  1.000E-008  6.236E+001 -5.351E-031
 3.890E+013  1.000E-008  6.236E+001 -7.684E-013
 3.910E+013  1.000E-008  6.236E+001 -1.620E-031
 3.930E+013  1.000E-008  6.236E+001  2.305E-012
 3.950E+013  1.000E-008  6.236E+001 -7.684E-013
 3.970E+013  1.000E-008  6.236E+001  2.305E-012
 3.990E+013  1.000E-008  6.236E+001 -3.073E-012
 4.010E+013  1.000E-008  6.236E+001  0.000E+000
 4.030E+013  1.000E-008  6.236E+001  0.000E+000
 4.050E+013  1.000E-008  6.236E+001  0.000E+000
 4.070E+013  1.000E-008  6.236E+001  0.000E+000
 4.090E+013  1.000E-008  6.236E+001  2.819E-011
 4.110E+013  1.000E-008  6.236E+001 -2.819E-011
 4.130E+013  1.000E-008  6.236E+001  1.990E-011
 4.150E+013  1.000E-008  6.236E+001 -1.990E-011
 4.170E+013  1.000E-008  6.236E+001  6.914E-012
 4.190E+013  1.000E-008  6.236E+001 -6.146E-012
 4.210E+013  1.000E-008  6.236E+001 -5.350E-031
 4.230E+013  1.000E-008  6.236E+001 -7.684E-013
 4.250E+013  1.000E-008  6.236E+001  0.000E+000
 4.270E+013  1.000E-008  6.236E+001  0.000E+000
 4.290E+013  1.000E-008  6.236E+001  0.000E+000
 4.310E+013  1.000E-008  6.236E+001  0.000E+000
 4.330E+013  1.000E-008  6.236E+001  0.000E+000
 4.350E+013  1.000E-008  6.236E+001  0.000E+000
 4.370E+013  1.000E-008  6.236E+001  0.000E+000
 4.390E+013  1.000E-008  6.236E+001  0.000E+000
 4.410E+013  1.000E-008  6.236E+001  0.000E+000
 4.430E+013  1.000E-008  6.236E+001  0.000E+000
 4.450E+013  1.000E-008  6.236E+001  0.000E+000
 4.470E+013  1.000E-008  6.236E+001  7.684E-013
 4.490E+013  1.000E-008  6.236E+001 -9.545E-034
 4.510E+013  1.000E-008  6.236E+001 -7.684E-013
 4.530E+013  1.000E-008  6.236E+001 -7.617E-290
 4.550E+013  1.000E-008  6.236E+001 -1.075E-141
 4.570E+013  1.000E-008  6.236E+001 -8.748E-068
 4.590E+013  1.000E-008  6.236E+001 -5.350E-031
 4.610E+013  1.000E-008  6.236E+001 -7.684E-013
 4.630E+013  1.000E-008  6.236E+001  7.684E-013
 4.650E+013  1.000E-008  6.236E+001  7.684E-013
 4.670E+013  1.000E-008  6.236E+001 -7.684E-013
 4.690E+013  1.000E-008  6.236E+001  7.684E-013
 4.710E+013  1.000E-008  6.236E+001 -7.684E-013
 4.730E+013  1.000E-008  6.236E+001  0.000E+000
 4.750E+013  1.000E-008  6.236E+001  0.000E+000
 4.770E+013  1.000E-008  6.236E+001  0.000E+000
 4.790E+013  1.000E-008  6.236E+001  7.684E-013
 4.810E+013  1.000E-008  6.236E+001 -7.684E-013
 4.830E+013  1.000E-008  6.236E+001 -4.436E-034
 4.850E+013  1.000E-008  6.236E+001  7.684E-013
 4.870E+013  1.000E-008  6.236E+001 -7.684E-013
 4.890E+013  1.000E-008  6.236E+001  0.000E+000
 4.910E+013  1.000E-008  6.236E+001  0.000E+000
 4.930E+013  1.000E-008  6.236E+001  0.000E+000
 4.950E+013  1.000E-008  6.236E+001  0.000E+000
 4.970E+013  1.000E-008  6.236E+001  0.000E+000
 4.990E+013  1.000E-008  6.236E+001  1.537E-012
 5.010E+013  1.000E-008  6.236E+001 -2.305E-012
 5.030E+013  1.000E-008  6.236E+001  7.684E-013
 5.050E+013  1.000E-008  6.236E+001  5.341E-031
 5.070E+013  1.000E-008  6.236E+001  8.719E-068
 5.090E+013  1.000E-008  6.236E+001  1.068E-141
 5.110E+013  1.000E-008  6.236E+001  7.684E-013
 5.130E+013  1.000E-008  6.236E+001 -7.684E-013
 5.150E+013  1.000E-008  6.236E+001  0.000E+000
 5.170E+013  1.000E-008  6.236E+001  0.000E+000
 5.190E+013  1.000E-008  6.236E+001 -7.610E-290
 5.210E+013  1.000E-008  6.236E+001 -1.074E-141
 5.230E+013  1.000E-008  6.236E+001 -8.746E-068
 5.250E+013  1.000E-008  6.236E+001 -5.349E-031
 5.270E+013  1.000E-008  6.236E+001 -7.684E-013
 5.290E+013  1.000E-008  6.236E+001  7.684E-013
 5.310E+013  1.000E-008  6.236E+001  5.341E-031
 5.330E+013  1.000E-008  6.236E+001  8.719E-068
 5.350E+013  1.000E-008  6.236E+001  1.537E-012
 5.370E+013  1.000E-008  6.236E+001 -1.537E-012
 5.390E+013  1.000E-008  6.236E+001  7.047E-032
 5.410E+013  1.000E-008  6.236E+001  7.684E-013
 5.430E+013  1.000E-008  6.236E+001  7.684E-013
 5.450E+013  1.000E-008  6.236E+001  7.684E-013
 5.470E+013  1.000E-008  6.236E+001 -2.305E-012
 5.490E+013  1.000E-008  6.236E+001 -5.349E-031
 5.510E+013  1.000E-008  6.236E+001 -7.684E-013
 5.530E+013  1.000E-008  6.236E+001  1.537E-012
 5.550E+013  1.000E-008  6.236E+001 -3.073E-012
 5.570E+013  1.000E-008  6.236E+001  1.537E-012
 5.590E+013  1.000E-008  6.236E+001  7.684E-013
 5.610E+013  1.000E-008  6.236E+001 -7.684E-013
 5.630E+013  1.000E-008  6.236E+001  7.684E-013
 5.650E+013  1.000E-008  6.236E+001 -4.610E-012
 5.670E+013  1.000E-008  6.236E+001  4.610E-012
 5.690E+013  1.000E-008  6.236E+001  4.610E-012
 5.710E+013  1.000E-008  6.236E+001 -4.610E-012
 5.730E+013  1.000E-008  6.236E+001  5.378E-012
 5.750E+013  1.000E-008  6.236E+001 -1.152E-011
 5.770E+013  1.000E-008  6.236E+001 -7.677E-013
 5.790E+013  1.000E-008  6.236E+001  6.914E-012
 5.810E+013  1.000E-008  6.236E+001  3.638E-011
 5.830E+013  1.000E-008  6.236E+001 -3.638E-011
 5.850E+013  1.000E-008  6.236E+001  0.000E+000
 5.870E+013  1.000E-008  6.236E+001  0.000E+000
 5.890E+013  1.000E-008  6.236E+001  0.000E+000
 5.910E+013  1.000E-008  6.236E+001  0.000E+000
 5.930E+013  1.000E-008  6.236E+001  0.000E+000
 5.950E+013  1.000E-008  6.236E+001  0.000E+000
 5.970E+013  1.000E-008  6.236E+001  0.000E+000
 5.990E+013  1.000E-008  6.236E+001  0.000E+000
 6.010E+013  1.000E-008  6.236E+001  0.000E+000
 6.030E+013  1.000E-008  6.236E+001  7.684E-013
 6.050E+013  1.000E-008  6.236E+001 -7.684E-013
 6.070E+013  1.000E-008  6.236E+001  7.684E-013
 6.090E+013  1.000E-008  6.236E+001 -7.684E-013
 6.110E+013  1.000E-008  6.236E+001  0.000E+000
 6.130E+013  1.000E-008  6.236E+001  0.000E+000
 6.150E+013  1.000E-008  6.236E+001  0.000E+000
 6.170E+013  1.000E-008  6.236E+001  7.684E-013
 6.190E+013  1.000E-008  6.236E+001 -7.684E-013
 6.210E+013  1.000E-008  6.236E+001  0.000E+000
 6.230E+013  1.000E-008  6.236E+001  0.000E+000
 6.250E+013  1.000E-008  6.236E+001  0.000E+000
 6.270E+013  1.000E-008  6.236E+001  0.000E+000
 6.290E+013  1.000E-008  6.236E+001  0.000E+000
 6.310E+013  1.000E-008  6.236E+001  0.000E+000
 6.330E+013  1.000E-008  6.236E+001  0.000E+000
 6.350E+013  1.000E-008  6.236E+001  7.684E-013
 6.370E+013  1.000E-008  6.236E+001 -7.684E-013
 6.390E+013  1.000E-008  6.236E+001  0.000E+000
 6.410E+013  1.000E-008  6.236E+001  0.000E+000
 6.430E+013  1.000E-008  6.236E+001  0.000E+000
 6.450E+013  1.000E-008  6.236E+001  0.000E+000
 6.470E+013  1.000E-008  6.236E+001  7.684E-013
 6.490E+013  1.000E-008  6.236E+001 -7.684E-013
 6.510E+013  1.000E-008  6.236E+001  0.000E+000
 6.530E+013  1.000E-008  6.236E+001  0.000E+000
 6.550E+013  1.000E-008  6.236E+001  0.000E+000
 6.570E+013  1.000E-008  6.236E+001  0.000E+000
 6.590E+013  1.000E-008  6.236E+001  7.684E-013
 6.610E+013  1.000E-008  6.236E+001 -7.684E-013
 6.630E+013  1.000E-008  6.236E+001  0.000E+000
 6.650E+013  1.000E-008  6.236E+001  0.000E+000
 6.670E+013  1.000E-008  6.236E+001  0.000E+000
 6.690E+013  1.000E-008  6.236E+001  7.684E-013
 6.710E+013  1.000E-008  6.236E+001 -7.684E-013
 6.730E+013  1.000E-008  6.236E+001  0.000E+000
 6.750E+013  1.000E-008  6.236E+001  0.000E+000
 6.770E+013  1.000E-008  6.236E+001  7.684E-013
 6.790E+013  1.000E-008  6.236E+001 -7.684E-013
 6.810E+013  1.000E-008  6.236E+001  7.684E-013
 6.830E+013  1.000E-008  6.236E+001 -6.270E-034
 6.850E+013  1.000E-008  6.236E+001 -7.684E-013
 6.870E+013  1.000E-008  6.236E+001  0.000E+000
 6.890E+013  1.000E-008  6.236E+001  0.000E+000
 6.910E+013  1.000E-008  6.236E+001  0.000E+000
 6.930E+013  1.000E-008  6.236E+001  7.684E-013
 6.950E+013  1.000E-008  6.236E+001 -7.684E-013
 6.970E+013  1.000E-008  6.236E+001  0.000E+000
 6.990E+013  1.000E-008  6.236E+001  0.000E+000
 7.010E+013  1.000E-008  6.236E+001  0.000E+000
 7.030E+013  1.000E-008  6.236E+001  0.000E+000
 7.050E+013  1.000E-008  6.236E+001  0.000E+000
 7.070E+013  1.000E-008  6.236E+001  0.000E+000
 7.090E+013  1.000E-008  6.236E+001  0.000E+000
 7.110E+013  1.000E-008  6.236E+001  0.000E+000
 7.130E+013  1.000E-008  6.236E+001  0.000E+000
 7.150E+013  1.000E-008  6.236E+001  0.000E+000
 7.170E+013  1.000E-008  6.236E+001  0.000E+000
 7.190E+013  1.000E-008  6.236E+001  7.684E-013
 7.210E+013  1.000E-008  6.236E+001 -7.684E-013
 7.230E+013  1.000E-008  6.236E+001  0.000E+000
 7.250E+013  1.000E-008  6.236E+001  0.000E+000
 7.270E+013  1.000E-008  6.236E+001  1.537E-012
 7.290E+013  1.000E-008  6.236E+001 -2.350E-033
 7.310E+013  1.000E-008  6.236E+001 -1.537E-012
 7.330E+013  1.000E-008  6.236E+001 -5.348E-031
 7.350E+013  1.000E-008  6.236E+001 -7.684E-013
 7.370E+013  1.000E-008  6.236E+001  7.684E-013
 7.390E+013  1.000E-008  6.236E+001  5.342E-031
 7.410E+013  1.000E-008  6.236E+001  8.723E-068
 7.430E+013  1.000E-008  6.236E+001  1.069E-141
 7.450E+013  1.000E-008  6.236E+001  7.531E-290
 7.470E+013  1.000E-008  6.236E+001  0.000E+000
 7.490E+013  1.000E-008  6.236E+001  0.000E+000
 7.510E+013  1.000E-008  6.236E+001  0.000E+000
 7.530E+013  1.000E-008  6.236E+001  0.000E+000
 7.550E+013  1.000E-008  6.236E+001  0.000E+000
 7.570E+013  1.000E-008  6.236E+001  0.000E+000
 7.590E+013  1.000E-008  6.236E+001  0.000E+000
 7.610E+013  1.000E-008  6.236E+001  0.000E+000
 7.630E+013  1.000E-008  6.236E+001  0.000E+000
 7.650E+013  1.000E-008  6.236E+001  0.000E+000
 7.670E+013  1.000E-008  6.236E+001  1.537E-012
 7.690E+013  1.000E-008  6.236E+001 -1.537E-012
 7.710E+013  1.000E-008  6.236E+001  2.305E-012
 7.730E+013  1.000E-008  6.236E+001 -2.305E-012
 7.750E+013  1.000E-008  6.236E+001  1.266E-031
 7.770E+013  1.000E-008  6.236E+001  1.537E-012
 7.790E+013  1.000E-008  6.236E+001 -4.610E-012
 7.810E+013  1.000E-008  6.236E+001  4.610E-012
 7.830E+013  1.000E-008  6.236E+001 -1.537E-012
 7.850E+013  1.000E-008  6.236E+001 -6.163E-068
 7.870E+013  1.000E-008  6.236E+001 -4.490E-031
 7.890E+013  1.000E-008  6.236E+001 -7.684E-013
 7.910E+013  1.000E-008  6.236E+001 -3.841E-012
 7.930E+013  1.000E-008  6.236E+001  2.305E-012
 7.950E+013  1.000E-008  6.236E+001  2.305E-012
 7.970E+013  1.000E-008  6.236E+001 -3.073E-012
 7.990E+013  1.000E-008  6.236E+001  3.073E-012
 8.010E+013  1.000E-008  6.236E+001  8.547E-030
 8.030E+013  1.000E-008  6.236E+001  2.233E-065
 8.050E+013  1.000E-008  6.236E+001  7.001E-137
 8.070E+013  1.000E-008  6.236E+001 -3.440E-273
 8.090E+013  1.000E-008  6.236E+001 -2.285E-133
 8.110E+013  1.000E-008  6.236E+001 -1.276E-063
 8.130E+013  1.000E-008  6.236E+001 -6.462E-029
 8.150E+013  1.000E-008  6.236E+001 -8.448E-012
 8.170E+013  1.000E-008  6.236E+001  1.075E-011
 8.190E+013  1.000E-008  6.236E+001 -2.305E-012
 8.210E+013  1.000E-008  6.236E+001  0.000E+000
 8.230E+013  1.000E-008  6.236E+001  0.000E+000
 8.250E+013  1.000E-008  6.236E+001  0.000E+000
 8.270E+013  1.000E-008  6.236E+001  0.000E+000
 8.290E+013  1.000E-008  6.236E+001  3.073E-012
 8.310E+013  1.000E-008  6.236E+001 -3.073E-012
 8.330E+013  1.000E-008  6.236E+001 -5.192E-031
 8.350E+013  1.000E-008  6.236E+001  4.610E-012
 8.370E+013  1.000E-008  6.236E+001 -3.842E-012
 8.390E+013  1.000E-008  6.236E+001 -5.348E-031
 8.410E+013  1.000E-008  6.236E+001 -7.684E-013
 8.430E+013  1.000E-008  6.236E+001  7.684E-013
 8.450E+013  1.000E-008  6.236E+001 -5.067E-034
 8.470E+013  1.000E-008  6.236E+001 -7.684E-013
 8.490E+013  1.000E-008  6.236E+001 -2.521E-034
 8.510E+013  1.000E-008  6.236E+001  7.684E-013
 8.530E+013  1.000E-008  6.236E+001 -5.019E-034
 8.550E+013  1.000E-008  6.236E+001 -7.684E-013
 8.570E+013  1.000E-008  6.236E+001 -2.498E-034
 8.590E+013  1.000E-008  6.236E+001  7.684E-013
 8.610E+013  1.000E-008  6.236E+001 -7.684E-013
 8.630E+013  1.000E-008  6.236E+001  0.000E+000
 8.650E+013  1.000E-008  6.236E+001  0.000E+000
 8.670E+013  1.000E-008  6.236E+001  0.000E+000
 8.690E+013  1.000E-008  6.236E+001  0.000E+000
 8.710E+013  1.000E-008  6.236E+001  0.000E+000
 8.730E+013  1.000E-008  6.236E+001  0.000E+000
 8.750E+013  1.000E-008  6.236E+001  7.684E-013
 8.770E+013  1.000E-008  6.236E+001 -7.684E-013
 8.790E+013  1.000E-008  6.236E+001 -2.435E-034
 8.810E+013  1.000E-008  6.236E+001  7.684E-013
 8.830E+013  1.000E-008  6.236E+001 -7.684E-013
 8.850E+013  1.000E-008  6.236E+001  7.684E-013
 8.870E+013  1.000E-008  6.236E+001  7.684E-013
 8.890E+013  1.000E-008  6.236E+001 -1.537E-012
 8.910E+013  1.000E-008  6.236E+001  0.000E+000
 8.930E+013  1.000E-008  6.236E+001  0.000E+000
 8.950E+013  1.000E-008  6.236E+001  0.000E+000
 8.970E+013  1.000E-008  6.236E+001  0.000E+000
 8.990E+013  1.000E-008  6.236E+001  0.000E+000
 9.010E+013  1.000E-008  6.236E+001  7.684E-013
 9.030E+013  1.000E-008  6.236E+001 -4.741E-034
 9.050E+013  1.000E-008  6.236E+001 -7.684E-013
 9.070E+013  1.000E-008  6.236E+001  7.684E-013
 9.090E+013  1.000E-008  6.236E+001 -4.710E-034
 9.110E+013  1.000E-008  6.236E+001 -7.684E-013
 9.130E+013  1.000E-008  6.236E+001  0.000E+000
 9.150E+013  1.000E-008  6.236E+001  0.000E+000
 9.170E+013  1.000E-008  6.236E+001  0.000E+000
 9.190E+013  1.000E-008  6.236E+001  0.000E+000
 9.210E+013  1.000E-008  6.236E+001  0.000E+000
 9.230E+013  1.000E-008  6.236E+001  7.684E-013
 9.250E+013  1.000E-008  6.236E+001 -4.628E-034
 9.270E+013  1.000E-008  6.236E+001 -7.684E-013
 9.290E+013  1.000E-008  6.236E+001  0.000E+000
 9.310E+013  1.000E-008  6.236E+001  0.000E+000
 9.330E+013  1.000E-008  6.236E+001  0.000E+000
 9.350E+013  1.000E-008  6.236E+001  0.000E+000
 9.370E+013  1.000E-008  6.236E+001  7.684E-013
 9.390E+013  1.000E-008  6.236E+001 -7.684E-013
 9.410E+013  1.000E-008  6.236E+001  7.684E-013
 9.430E+013  1.000E-008  6.236E+001 -7.684E-013
 9.450E+013  1.000E-008  6.236E+001  0.000E+000
 9.470E+013  1.000E-008  6.236E+001  0.000E+000
 9.490E+013  1.000E-008  6.236E+001  0.000E+000
 9.510E+013  1.000E-008  6.236E+001  0.000E+000
 9.530E+013  1.000E-008  6.236E+001  7.684E-013
 9.550E+013  1.000E-008  6.236E+001 -7.684E-013
 9.570E+013  1.000E-008  6.236E+001 -8.740E-068
 9.590E+013  1.000E-008  6.236E+001 -5.347E-031
 9.610E+013  1.000E-008  6.236E+001 -7.684E-013
 9.630E+013  1.000E-008  6.236E+001  7.684E-013
 9.650E+013  1.000E-008  6.236E+001  5.343E-031
 9.670E+013  1.000E-008  6.236E+001  7.684E-013
 9.690E+013  1.000E-008  6.236E+001 -7.684E-013
 9.710E+013  1.000E-008  6.236E+001  0.000E+000
 9.730E+013  1.000E-008  6.236E+001  0.000E+000
 9.750E+013  1.000E-008  6.236E+001  0.000E+000
 9.770E+013  1.000E-008  6.236E+001  0.000E+000
 9.790E+013  1.000E-008  6.236E+001  0.000E+000
 9.810E+013  1.000E-008  6.236E+001  0.000E+000
 9.830E+013  1.000E-008  6.236E+001  0.000E+000
 9.850E+013  1.000E-008  6.236E+001  0.000E+000
 9.870E+013  1.000E-008  6.236E+001  0.000E+000
 9.890E+013  1.000E-008  6.236E+001  0.000E+000
 9.910E+013  1.000E-008  6.236E+001  0.000E+000
 9.930E+013  1.000E-008  6.236E+001  0.000E+000
 9.950E+013  1.000E-008  6.236E+001  7.684E-013
 9.970E+013  1.000E-008  6.236E+001 -7.684E-013
 9.990E+013  1.000E-008  6.236E+001  0.000E+000
 1.001E+014  1.000E-099  1.000E-099  0.000E+000
 1.003E+014  1.000E-099  1.000E-099  0.000E+000
 6.858E-003
