 9.021E+004
     x1b        dens       energ       v1
 1.000E+011  1.488E-010  3.171E+006  0.000E+000
 3.000E+011  1.510E-010  3.100E+006  1.643E+005
 5.000E+011  1.604E-010  3.120E+006  1.332E+006
 7.000E+011  1.697E-010  3.110E+006  1.725E+006
 9.000E+011  1.773E-010  3.114E+006  2.213E+006
 1.100E+012  1.809E-010  3.114E+006  2.620E+006
 1.300E+012  1.811E-010  3.114E+006  3.114E+006
 1.500E+012  1.807E-010  3.114E+006  3.669E+006
 1.700E+012  1.797E-010  3.117E+006  4.275E+006
 1.900E+012  1.795E-010  3.117E+006  4.802E+006
 2.100E+012  1.800E-010  3.116E+006  5.240E+006
 2.300E+012  1.820E-010  3.116E+006  5.659E+006
 2.500E+012  1.869E-010  3.118E+006  6.161E+006
 2.700E+012  1.964E-010  3.121E+006  6.716E+006
 2.900E+012  2.126E-010  3.122E+006  7.231E+006
 3.100E+012  2.391E-010  3.123E+006  7.712E+006
 3.300E+012  2.811E-010  3.122E+006  8.125E+006
 3.500E+012  3.474E-010  3.133E+006  8.736E+006
 3.700E+012  4.482E-010  3.136E+006  9.278E+006
 3.900E+012  5.979E-010  3.145E+006  9.783E+006
 4.100E+012  8.097E-010  3.159E+006  1.034E+007
 4.300E+012  1.090E-009  3.180E+006  1.087E+007
 4.500E+012  1.436E-009  3.208E+006  1.139E+007
 4.700E+012  1.840E-009  3.249E+006  1.191E+007
 4.900E+012  2.289E-009  3.297E+006  1.243E+007
 5.100E+012  2.787E-009  3.363E+006  1.293E+007
 5.300E+012  3.355E-009  3.457E+006  1.353E+007
 5.500E+012  4.022E-009  3.584E+006  1.418E+007
 5.700E+012  4.867E-009  3.783E+006  1.499E+007
 5.900E+012  5.957E-009  4.043E+006  1.597E+007
 6.100E+012  7.385E-009  4.360E+006  1.691E+007
 6.300E+012  9.266E-009  4.746E+006  1.788E+007
 6.500E+012  1.156E-008  5.093E+006  1.858E+007
 6.700E+012  1.502E-008  5.875E+006  1.920E+007
 6.900E+012  2.165E-008  7.991E+006  2.155E+007
 7.100E+012  2.636E-008  8.610E+006  2.368E+007
 7.300E+012  2.440E-008  5.411E+006  2.208E+007
 7.500E+012  1.631E-008  1.332E+006  1.623E+007
 7.700E+012  1.137E-008  6.798E+004  7.529E+006
 7.900E+012  1.009E-008  1.223E+002  1.035E+006
 8.100E+012  1.000E-008  6.236E+001  7.039E+003
 8.300E+012  1.000E-008  6.236E+001  8.417E-002
 8.500E+012  1.000E-008  6.236E+001  1.391E-009
 8.700E+012  1.000E-008  6.236E+001  3.205E-013
 8.900E+012  1.000E-008  6.236E+001  3.815E-032
 9.100E+012  1.000E-008  6.236E+001  1.893E-070
 9.300E+012  1.000E-008  6.236E+001  2.059E-147
 9.500E+012  1.000E-008  6.236E+001  1.111E-301
 9.700E+012  1.000E-008  6.236E+001  0.000E+000
 9.900E+012  1.000E-008  6.236E+001  1.602E-012
 1.010E+013  1.000E-008  6.236E+001 -3.204E-013
 1.030E+013  1.000E-008  6.236E+001 -1.282E-012
 1.050E+013  1.000E-008  6.236E+001  0.000E+000
 1.070E+013  1.000E-008  6.236E+001  0.000E+000
 1.090E+013  1.000E-008  6.236E+001  0.000E+000
 1.110E+013  1.000E-008  6.236E+001  0.000E+000
 1.130E+013  1.000E-008  6.236E+001  3.205E-013
 1.150E+013  1.000E-008  6.236E+001 -3.205E-013
 1.170E+013  1.000E-008  6.236E+001  0.000E+000
 1.190E+013  1.000E-008  6.236E+001  0.000E+000
 1.210E+013  1.000E-008  6.236E+001  3.205E-013
 1.230E+013  1.000E-008  6.236E+001 -2.553E-034
 1.250E+013  1.000E-008  6.236E+001 -3.205E-013
 1.270E+013  1.000E-008  6.236E+001  0.000E+000
 1.290E+013  1.000E-008  6.236E+001  0.000E+000
 1.310E+013  1.000E-008  6.236E+001  0.000E+000
 1.330E+013  1.000E-008  6.236E+001  0.000E+000
 1.350E+013  1.000E-008  6.236E+001  0.000E+000
 1.370E+013  1.000E-008  6.236E+001  0.000E+000
 1.390E+013  1.000E-008  6.236E+001  1.282E-012
 1.410E+013  1.000E-008  6.236E+001 -1.282E-012
 1.430E+013  1.000E-008  6.236E+001 -4.794E-012
 1.450E+013  1.000E-008  6.236E+001  4.794E-012
 1.470E+013  1.000E-008  6.236E+001  9.614E-013
 1.490E+013  1.000E-008  6.236E+001 -9.614E-013
 1.510E+013  1.000E-008  6.236E+001  0.000E+000
 1.530E+013  1.000E-008  6.236E+001  0.000E+000
 1.550E+013  1.000E-008  6.236E+001  0.000E+000
 1.570E+013  1.000E-008  6.236E+001  0.000E+000
 1.590E+013  1.000E-008  6.236E+001  3.205E-013
 1.610E+013  1.000E-008  6.236E+001 -1.947E-034
 1.630E+013  1.000E-008  6.236E+001 -3.205E-013
 1.650E+013  1.000E-008  6.236E+001 -3.205E-013
 1.670E+013  1.000E-008  6.236E+001  3.205E-013
 1.690E+013  1.000E-008  6.236E+001  3.884E-032
 1.710E+013  1.000E-008  6.236E+001  1.905E-070
 1.730E+013  1.000E-008  6.236E+001  2.078E-147
 1.750E+013  1.000E-008  6.236E+001  1.130E-301
 1.770E+013  1.000E-008  6.236E+001  0.000E+000
 1.790E+013  1.000E-008  6.236E+001  0.000E+000
 1.810E+013  1.000E-008  6.236E+001  0.000E+000
 1.830E+013  1.000E-008  6.236E+001  3.205E-013
 1.850E+013  1.000E-008  6.236E+001 -3.205E-013
 1.870E+013  1.000E-008  6.236E+001  1.282E-012
 1.890E+013  1.000E-008  6.236E+001 -1.923E-012
 1.910E+013  1.000E-008  6.236E+001  1.282E-012
 1.930E+013  1.000E-008  6.236E+001 -6.410E-013
 1.950E+013  1.000E-008  6.236E+001  0.000E+000
 1.970E+013  1.000E-008  6.236E+001  0.000E+000
 1.990E+013  1.000E-008  6.236E+001  0.000E+000
 2.010E+013  1.000E-008  6.236E+001  0.000E+000
 2.030E+013  1.000E-008  6.236E+001  0.000E+000
 2.050E+013  1.000E-008  6.236E+001  0.000E+000
 2.070E+013  1.000E-008  6.236E+001  0.000E+000
 2.090E+013  1.000E-008  6.236E+001  3.205E-013
 2.110E+013  1.000E-008  6.236E+001 -1.483E-034
 2.130E+013  1.000E-008  6.236E+001 -3.205E-013
 2.150E+013  1.000E-008  6.236E+001  0.000E+000
 2.170E+013  1.000E-008  6.236E+001  0.000E+000
 2.190E+013  1.000E-008  6.236E+001  0.000E+000
 2.210E+013  1.000E-008  6.236E+001  0.000E+000
 2.230E+013  1.000E-008  6.236E+001  0.000E+000
 2.250E+013  1.000E-008  6.236E+001  0.000E+000
 2.270E+013  1.000E-008  6.236E+001  3.205E-013
 2.290E+013  1.000E-008  6.236E+001 -1.366E-034
 2.310E+013  1.000E-008  6.236E+001 -3.205E-013
 2.330E+013  1.000E-008  6.236E+001  0.000E+000
 2.350E+013  1.000E-008  6.236E+001  0.000E+000
 2.370E+013  1.000E-008  6.236E+001  3.205E-013
 2.390E+013  1.000E-008  6.236E+001 -3.205E-013
 2.410E+013  1.000E-008  6.236E+001  0.000E+000
 2.430E+013  1.000E-008  6.236E+001  0.000E+000
 2.450E+013  1.000E-008  6.236E+001  0.000E+000
 2.470E+013  1.000E-008  6.236E+001  3.205E-013
 2.490E+013  1.000E-008  6.236E+001 -3.205E-013
 2.510E+013  1.000E-008  6.236E+001  3.205E-013
 2.530E+013  1.000E-008  6.236E+001 -3.205E-013
 2.550E+013  1.000E-008  6.236E+001 -7.640E-297
 2.570E+013  1.000E-008  6.236E+001 -5.402E-145
 2.590E+013  1.000E-008  6.236E+001 -3.072E-069
 2.610E+013  1.000E-008  6.236E+001 -1.560E-031
 2.630E+013  1.000E-008  6.236E+001 -6.409E-013
 2.650E+013  1.000E-008  6.236E+001  6.409E-013
 2.670E+013  1.000E-008  6.236E+001  1.555E-031
 2.690E+013  1.000E-008  6.236E+001  3.053E-069
 2.710E+013  1.000E-008  6.236E+001  3.205E-013
 2.730E+013  1.000E-008  6.236E+001 -3.205E-013
 2.750E+013  1.000E-008  6.236E+001  9.614E-013
 2.770E+013  1.000E-008  6.236E+001 -9.614E-013
 2.790E+013  1.000E-008  6.236E+001  0.000E+000
 2.810E+013  1.000E-008  6.236E+001  0.000E+000
 2.830E+013  1.000E-008  6.236E+001  1.602E-012
 2.850E+013  1.000E-008  6.236E+001 -3.204E-013
 2.870E+013  1.000E-008  6.236E+001 -1.282E-012
 2.890E+013  1.000E-008  6.236E+001 -6.092E-032
 2.910E+013  1.000E-008  6.236E+001  2.243E-012
 2.930E+013  1.000E-008  6.236E+001 -2.243E-012
 2.950E+013  1.000E-008  6.236E+001  0.000E+000
 2.970E+013  1.000E-008  6.236E+001  0.000E+000
 2.990E+013  1.000E-008  6.236E+001  0.000E+000
 3.010E+013  1.000E-008  6.236E+001  3.205E-013
 3.030E+013  1.000E-008  6.236E+001 -3.205E-013
 3.050E+013  1.000E-008  6.236E+001  3.205E-013
 3.070E+013  1.000E-008  6.236E+001 -3.205E-013
 3.090E+013  1.000E-008  6.236E+001  3.205E-013
 3.110E+013  1.000E-008  6.236E+001  3.205E-013
 3.130E+013  1.000E-008  6.236E+001 -6.410E-013
 3.150E+013  1.000E-008  6.236E+001  0.000E+000
 3.170E+013  1.000E-008  6.236E+001  0.000E+000
 3.190E+013  1.000E-008  6.236E+001  0.000E+000
 3.210E+013  1.000E-008  6.236E+001  0.000E+000
 3.230E+013  1.000E-008  6.236E+001  0.000E+000
 3.250E+013  1.000E-008  6.236E+001  0.000E+000
 3.270E+013  1.000E-008  6.236E+001 -1.163E-301
 3.290E+013  1.000E-008  6.236E+001 -2.108E-147
 3.310E+013  1.000E-008  6.236E+001 -1.919E-070
 3.330E+013  1.000E-008  6.236E+001 -3.898E-032
 3.350E+013  1.000E-008  6.236E+001 -3.205E-013
 3.370E+013  1.000E-008  6.236E+001  3.205E-013
 3.390E+013  1.000E-008  6.236E+001  3.888E-032
 3.410E+013  1.000E-008  6.236E+001  1.910E-070
 3.430E+013  1.000E-008  6.236E+001  2.088E-147
 3.450E+013  1.000E-008  6.236E+001  6.410E-013
 3.470E+013  1.000E-008  6.236E+001 -6.410E-013
 3.490E+013  1.000E-008  6.236E+001  0.000E+000
 3.510E+013  1.000E-008  6.236E+001  0.000E+000
 3.530E+013  1.000E-008  6.236E+001  0.000E+000
 3.550E+013  1.000E-008  6.236E+001  0.000E+000
 3.570E+013  1.000E-008  6.236E+001  6.410E-013
 3.590E+013  1.000E-008  6.236E+001 -3.205E-013
 3.610E+013  1.000E-008  6.236E+001 -3.898E-032
 3.630E+013  1.000E-008  6.236E+001 -3.205E-013
 3.650E+013  1.000E-008  6.236E+001 -3.205E-013
 3.670E+013  1.000E-008  6.236E+001  3.205E-013
 3.690E+013  1.000E-008  6.236E+001  3.205E-013
 3.710E+013  1.000E-008  6.236E+001 -3.205E-013
 3.730E+013  1.000E-008  6.236E+001 -4.186E-035
 3.750E+013  1.000E-008  6.236E+001  3.205E-013
 3.770E+013  1.000E-008  6.236E+001 -3.205E-013
 3.790E+013  1.000E-008  6.236E+001  0.000E+000
 3.810E+013  1.000E-008  6.236E+001  0.000E+000
 3.830E+013  1.000E-008  6.236E+001  3.205E-013
 3.850E+013  1.000E-008  6.236E+001 -3.205E-013
 3.870E+013  1.000E-008  6.236E+001 -3.897E-032
 3.890E+013  1.000E-008  6.236E+001 -3.205E-013
 3.910E+013  1.000E-008  6.236E+001 -1.180E-032
 3.930E+013  1.000E-008  6.236E+001  9.614E-013
 3.950E+013  1.000E-008  6.236E+001 -3.205E-013
 3.970E+013  1.000E-008  6.236E+001  9.613E-013
 3.990E+013  1.000E-008  6.236E+001 -1.282E-012
 4.010E+013  1.000E-008  6.236E+001  0.000E+000
 4.030E+013  1.000E-008  6.236E+001  0.000E+000
 4.050E+013  1.000E-008  6.236E+001  0.000E+000
 4.070E+013  1.000E-008  6.236E+001  0.000E+000
 4.090E+013  1.000E-008  6.236E+001  1.162E-011
 4.110E+013  1.000E-008  6.236E+001 -1.162E-011
 4.130E+013  1.000E-008  6.236E+001  8.252E-012
 4.150E+013  1.000E-008  6.236E+001 -8.252E-012
 4.170E+013  1.000E-008  6.236E+001  2.883E-012
 4.190E+013  1.000E-008  6.236E+001 -2.562E-012
 4.210E+013  1.000E-008  6.236E+001 -3.897E-032
 4.230E+013  1.000E-008  6.236E+001 -3.205E-013
 4.250E+013  1.000E-008  6.236E+001  0.000E+000
 4.270E+013  1.000E-008  6.236E+001  0.000E+000
 4.290E+013  1.000E-008  6.236E+001  0.000E+000
 4.310E+013  1.000E-008  6.236E+001  0.000E+000
 4.330E+013  1.000E-008  6.236E+001  0.000E+000
 4.350E+013  1.000E-008  6.236E+001  0.000E+000
 4.370E+013  1.000E-008  6.236E+001  0.000E+000
 4.390E+013  1.000E-008  6.236E+001  0.000E+000
 4.410E+013  1.000E-008  6.236E+001  0.000E+000
 4.430E+013  1.000E-008  6.236E+001  0.000E+000
 4.450E+013  1.000E-008  6.236E+001  0.000E+000
 4.470E+013  1.000E-008  6.236E+001  3.205E-013
 4.490E+013  1.000E-008  6.236E+001 -6.952E-035
 4.510E+013  1.000E-008  6.236E+001 -3.205E-013
 4.530E+013  1.000E-008  6.236E+001 -1.160E-301
 4.550E+013  1.000E-008  6.236E+001 -2.105E-147
 4.570E+013  1.000E-008  6.236E+001 -1.917E-070
 4.590E+013  1.000E-008  6.236E+001 -3.896E-032
 4.610E+013  1.000E-008  6.236E+001 -3.205E-013
 4.630E+013  1.000E-008  6.236E+001  3.205E-013
 4.650E+013  1.000E-008  6.236E+001  3.205E-013
 4.670E+013  1.000E-008  6.236E+001 -3.205E-013
 4.690E+013  1.000E-008  6.236E+001  3.205E-013
 4.710E+013  1.000E-008  6.236E+001 -3.205E-013
 4.730E+013  1.000E-008  6.236E+001  0.000E+000
 4.750E+013  1.000E-008  6.236E+001  0.000E+000
 4.770E+013  1.000E-008  6.236E+001  0.000E+000
 4.790E+013  1.000E-008  6.236E+001  3.205E-013
 4.810E+013  1.000E-008  6.236E+001 -3.205E-013
 4.830E+013  1.000E-008  6.236E+001 -3.231E-035
 4.850E+013  1.000E-008  6.236E+001  3.205E-013
 4.870E+013  1.000E-008  6.236E+001 -3.205E-013
 4.890E+013  1.000E-008  6.236E+001  0.000E+000
 4.910E+013  1.000E-008  6.236E+001  0.000E+000
 4.930E+013  1.000E-008  6.236E+001  0.000E+000
 4.950E+013  1.000E-008  6.236E+001  0.000E+000
 4.970E+013  1.000E-008  6.236E+001  0.000E+000
 4.990E+013  1.000E-008  6.236E+001  6.410E-013
 5.010E+013  1.000E-008  6.236E+001 -9.614E-013
 5.030E+013  1.000E-008  6.236E+001  3.205E-013
 5.050E+013  1.000E-008  6.236E+001  3.890E-032
 5.070E+013  1.000E-008  6.236E+001  1.911E-070
 5.090E+013  1.000E-008  6.236E+001  2.091E-147
 5.110E+013  1.000E-008  6.236E+001  3.205E-013
 5.130E+013  1.000E-008  6.236E+001 -3.205E-013
 5.150E+013  1.000E-008  6.236E+001  0.000E+000
 5.170E+013  1.000E-008  6.236E+001  0.000E+000
 5.190E+013  1.000E-008  6.236E+001 -1.159E-301
 5.210E+013  1.000E-008  6.236E+001 -2.104E-147
 5.230E+013  1.000E-008  6.236E+001 -1.917E-070
 5.250E+013  1.000E-008  6.236E+001 -3.896E-032
 5.270E+013  1.000E-008  6.236E+001 -3.205E-013
 5.290E+013  1.000E-008  6.236E+001  3.205E-013
 5.310E+013  1.000E-008  6.236E+001  3.890E-032
 5.330E+013  1.000E-008  6.236E+001  1.911E-070
 5.350E+013  1.000E-008  6.236E+001  6.410E-013
 5.370E+013  1.000E-008  6.236E+001 -6.410E-013
 5.390E+013  1.000E-008  6.236E+001  5.133E-033
 5.410E+013  1.000E-008  6.236E+001  3.205E-013
 5.430E+013  1.000E-008  6.236E+001  3.205E-013
 5.450E+013  1.000E-008  6.236E+001  3.204E-013
 5.470E+013  1.000E-008  6.236E+001 -9.614E-013
 5.490E+013  1.000E-008  6.236E+001 -3.896E-032
 5.510E+013  1.000E-008  6.236E+001 -3.205E-013
 5.530E+013  1.000E-008  6.236E+001  6.410E-013
 5.550E+013  1.000E-008  6.236E+001 -1.282E-012
 5.570E+013  1.000E-008  6.236E+001  6.409E-013
 5.590E+013  1.000E-008  6.236E+001  3.205E-013
 5.610E+013  1.000E-008  6.236E+001 -3.205E-013
 5.630E+013  1.000E-008  6.236E+001  3.205E-013
 5.650E+013  1.000E-008  6.236E+001 -1.922E-012
 5.670E+013  1.000E-008  6.236E+001  1.922E-012
 5.690E+013  1.000E-008  6.236E+001  1.923E-012
 5.710E+013  1.000E-008  6.236E+001 -1.923E-012
 5.730E+013  1.000E-008  6.236E+001  2.243E-012
 5.750E+013  1.000E-008  6.236E+001 -4.805E-012
 5.770E+013  1.000E-008  6.236E+001 -3.198E-013
 5.790E+013  1.000E-008  6.236E+001  2.883E-012
 5.810E+013  1.000E-008  6.236E+001  1.488E-011
 5.830E+013  1.000E-008  6.236E+001 -1.488E-011
 5.850E+013  1.000E-008  6.236E+001  0.000E+000
 5.870E+013  1.000E-008  6.236E+001  0.000E+000
 5.890E+013  1.000E-008  6.236E+001  0.000E+000
 5.910E+013  1.000E-008  6.236E+001  0.000E+000
 5.930E+013  1.000E-008  6.236E+001  0.000E+000
 5.950E+013  1.000E-008  6.236E+001  0.000E+000
 5.970E+013  1.000E-008  6.236E+001  0.000E+000
 5.990E+013  1.000E-008  6.236E+001  0.000E+000
 6.010E+013  1.000E-008  6.236E+001  0.000E+000
 6.030E+013  1.000E-008  6.236E+001  3.205E-013
 6.050E+013  1.000E-008  6.236E+001 -3.205E-013
 6.070E+013  1.000E-008  6.236E+001  3.205E-013
 6.090E+013  1.000E-008  6.236E+001 -3.205E-013
 6.110E+013  1.000E-008  6.236E+001  0.000E+000
 6.130E+013  1.000E-008  6.236E+001  0.000E+000
 6.150E+013  1.000E-008  6.236E+001  0.000E+000
 6.170E+013  1.000E-008  6.236E+001  3.205E-013
 6.190E+013  1.000E-008  6.236E+001 -3.205E-013
 6.210E+013  1.000E-008  6.236E+001  0.000E+000
 6.230E+013  1.000E-008  6.236E+001  0.000E+000
 6.250E+013  1.000E-008  6.236E+001  0.000E+000
 6.270E+013  1.000E-008  6.236E+001  0.000E+000
 6.290E+013  1.000E-008  6.236E+001  0.000E+000
 6.310E+013  1.000E-008  6.236E+001  0.000E+000
 6.330E+013  1.000E-008  6.236E+001  0.000E+000
 6.350E+013  1.000E-008  6.236E+001  3.205E-013
 6.370E+013  1.000E-008  6.236E+001 -3.205E-013
 6.390E+013  1.000E-008  6.236E+001  0.000E+000
 6.410E+013  1.000E-008  6.236E+001  0.000E+000
 6.430E+013  1.000E-008  6.236E+001  0.000E+000
 6.450E+013  1.000E-008  6.236E+001  0.000E+000
 6.470E+013  1.000E-008  6.236E+001  3.205E-013
 6.490E+013  1.000E-008  6.236E+001 -3.205E-013
 6.510E+013  1.000E-008  6.236E+001  0.000E+000
 6.530E+013  1.000E-008  6.236E+001  0.000E+000
 6.550E+013  1.000E-008  6.236E+001  0.000E+000
 6.570E+013  1.000E-008  6.236E+001  0.000E+000
 6.590E+013  1.000E-008  6.236E+001  3.205E-013
 6.610E+013  1.000E-008  6.236E+001 -3.205E-013
 6.630E+013  1.000E-008  6.236E+001  0.000E+000
 6.650E+013  1.000E-008  6.236E+001  0.000E+000
 6.670E+013  1.000E-008  6.236E+001  0.000E+000
 6.690E+013  1.000E-008  6.236E+001  3.205E-013
 6.710E+013  1.000E-008  6.236E+001 -3.205E-013
 6.730E+013  1.000E-008  6.236E+001  0.000E+000
 6.750E+013  1.000E-008  6.236E+001  0.000E+000
 6.770E+013  1.000E-008  6.236E+001  3.205E-013
 6.790E+013  1.000E-008  6.236E+001 -3.205E-013
 6.810E+013  1.000E-008  6.236E+001  3.205E-013
 6.830E+013  1.000E-008  6.236E+001 -4.567E-035
 6.850E+013  1.000E-008  6.236E+001 -3.205E-013
 6.870E+013  1.000E-008  6.236E+001  0.000E+000
 6.890E+013  1.000E-008  6.236E+001  0.000E+000
 6.910E+013  1.000E-008  6.236E+001  0.000E+000
 6.930E+013  1.000E-008  6.236E+001  3.205E-013
 6.950E+013  1.000E-008  6.236E+001 -3.205E-013
 6.970E+013  1.000E-008  6.236E+001  0.000E+000
 6.990E+013  1.000E-008  6.236E+001  0.000E+000
 7.010E+013  1.000E-008  6.236E+001  0.000E+000
 7.030E+013  1.000E-008  6.236E+001  0.000E+000
 7.050E+013  1.000E-008  6.236E+001  0.000E+000
 7.070E+013  1.000E-008  6.236E+001  0.000E+000
 7.090E+013  1.000E-008  6.236E+001  0.000E+000
 7.110E+013  1.000E-008  6.236E+001  0.000E+000
 7.130E+013  1.000E-008  6.236E+001  0.000E+000
 7.150E+013  1.000E-008  6.236E+001  0.000E+000
 7.170E+013  1.000E-008  6.236E+001  0.000E+000
 7.190E+013  1.000E-008  6.236E+001  3.205E-013
 7.210E+013  1.000E-008  6.236E+001 -3.205E-013
 7.230E+013  1.000E-008  6.236E+001  0.000E+000
 7.250E+013  1.000E-008  6.236E+001  0.000E+000
 7.270E+013  1.000E-008  6.236E+001  6.410E-013
 7.290E+013  1.000E-008  6.236E+001 -1.711E-034
 7.310E+013  1.000E-008  6.236E+001 -6.410E-013
 7.330E+013  1.000E-008  6.236E+001 -3.895E-032
 7.350E+013  1.000E-008  6.236E+001 -3.205E-013
 7.370E+013  1.000E-008  6.236E+001  3.205E-013
 7.390E+013  1.000E-008  6.236E+001  3.891E-032
 7.410E+013  1.000E-008  6.236E+001  1.912E-070
 7.430E+013  1.000E-008  6.236E+001  2.093E-147
 7.450E+013  1.000E-008  6.236E+001  1.147E-301
 7.470E+013  1.000E-008  6.236E+001  0.000E+000
 7.490E+013  1.000E-008  6.236E+001  0.000E+000
 7.510E+013  1.000E-008  6.236E+001  0.000E+000
 7.530E+013  1.000E-008  6.236E+001  0.000E+000
 7.550E+013  1.000E-008  6.236E+001  0.000E+000
 7.570E+013  1.000E-008  6.236E+001  0.000E+000
 7.590E+013  1.000E-008  6.236E+001  0.000E+000
 7.610E+013  1.000E-008  6.236E+001  0.000E+000
 7.630E+013  1.000E-008  6.236E+001  0.000E+000
 7.650E+013  1.000E-008  6.236E+001  0.000E+000
 7.670E+013  1.000E-008  6.236E+001  6.410E-013
 7.690E+013  1.000E-008  6.236E+001 -6.410E-013
 7.710E+013  1.000E-008  6.236E+001  9.614E-013
 7.730E+013  1.000E-008  6.236E+001 -9.614E-013
 7.750E+013  1.000E-008  6.236E+001  9.221E-033
 7.770E+013  1.000E-008  6.236E+001  6.410E-013
 7.790E+013  1.000E-008  6.236E+001 -1.923E-012
 7.810E+013  1.000E-008  6.236E+001  1.923E-012
 7.830E+013  1.000E-008  6.236E+001 -6.410E-013
 7.850E+013  1.000E-008  6.236E+001 -1.351E-070
 7.870E+013  1.000E-008  6.236E+001 -3.271E-032
 7.890E+013  1.000E-008  6.236E+001 -3.205E-013
 7.910E+013  1.000E-008  6.236E+001 -1.602E-012
 7.930E+013  1.000E-008  6.236E+001  9.611E-013
 7.950E+013  1.000E-008  6.236E+001  9.614E-013
 7.970E+013  1.000E-008  6.236E+001 -1.282E-012
 7.990E+013  1.000E-008  6.236E+001  1.282E-012
 8.010E+013  1.000E-008  6.236E+001  6.224E-031
 8.030E+013  1.000E-008  6.236E+001  4.892E-068
 8.050E+013  1.000E-008  6.236E+001  1.370E-142
 8.070E+013  1.000E-008  6.236E+001 -5.138E-285
 8.090E+013  1.000E-008  6.236E+001 -4.432E-139
 8.110E+013  1.000E-008  6.236E+001 -2.784E-066
 8.130E+013  1.000E-008  6.236E+001 -4.698E-030
 8.150E+013  1.000E-008  6.236E+001 -3.521E-012
 8.170E+013  1.000E-008  6.236E+001  4.483E-012
 8.190E+013  1.000E-008  6.236E+001 -9.614E-013
 8.210E+013  1.000E-008  6.236E+001  0.000E+000
 8.230E+013  1.000E-008  6.236E+001  0.000E+000
 8.250E+013  1.000E-008  6.236E+001  0.000E+000
 8.270E+013  1.000E-008  6.236E+001  0.000E+000
 8.290E+013  1.000E-008  6.236E+001  1.282E-012
 8.310E+013  1.000E-008  6.236E+001 -1.282E-012
 8.330E+013  1.000E-008  6.236E+001 -3.780E-032
 8.350E+013  1.000E-008  6.236E+001  1.923E-012
 8.370E+013  1.000E-008  6.236E+001 -1.602E-012
 8.390E+013  1.000E-008  6.236E+001 -3.895E-032
 8.410E+013  1.000E-008  6.236E+001 -3.205E-013
 8.430E+013  1.000E-008  6.236E+001  3.205E-013
 8.450E+013  1.000E-008  6.236E+001 -3.690E-035
 8.470E+013  1.000E-008  6.236E+001 -3.205E-013
 8.490E+013  1.000E-008  6.236E+001 -1.836E-035
 8.510E+013  1.000E-008  6.236E+001  3.205E-013
 8.530E+013  1.000E-008  6.236E+001 -3.656E-035
 8.550E+013  1.000E-008  6.236E+001 -3.205E-013
 8.570E+013  1.000E-008  6.236E+001 -1.819E-035
 8.590E+013  1.000E-008  6.236E+001  3.205E-013
 8.610E+013  1.000E-008  6.236E+001 -3.205E-013
 8.630E+013  1.000E-008  6.236E+001  0.000E+000
 8.650E+013  1.000E-008  6.236E+001  0.000E+000
 8.670E+013  1.000E-008  6.236E+001  0.000E+000
 8.690E+013  1.000E-008  6.236E+001  0.000E+000
 8.710E+013  1.000E-008  6.236E+001  0.000E+000
 8.730E+013  1.000E-008  6.236E+001  0.000E+000
 8.750E+013  1.000E-008  6.236E+001  3.205E-013
 8.770E+013  1.000E-008  6.236E+001 -3.205E-013
 8.790E+013  1.000E-008  6.236E+001 -1.774E-035
 8.810E+013  1.000E-008  6.236E+001  3.205E-013
 8.830E+013  1.000E-008  6.236E+001 -3.205E-013
 8.850E+013  1.000E-008  6.236E+001  3.205E-013
 8.870E+013  1.000E-008  6.236E+001  3.205E-013
 8.890E+013  1.000E-008  6.236E+001 -6.410E-013
 8.910E+013  1.000E-008  6.236E+001  0.000E+000
 8.930E+013  1.000E-008  6.236E+001  0.000E+000
 8.950E+013  1.000E-008  6.236E+001  0.000E+000
 8.970E+013  1.000E-008  6.236E+001  0.000E+000
 8.990E+013  1.000E-008  6.236E+001  0.000E+000
 9.010E+013  1.000E-008  6.236E+001  3.205E-013
 9.030E+013  1.000E-008  6.236E+001 -3.453E-035
 9.050E+013  1.000E-008  6.236E+001 -3.205E-013
 9.070E+013  1.000E-008  6.236E+001  3.205E-013
 9.090E+013  1.000E-008  6.236E+001 -3.430E-035
 9.110E+013  1.000E-008  6.236E+001 -3.205E-013
 9.130E+013  1.000E-008  6.236E+001  0.000E+000
 9.150E+013  1.000E-008  6.236E+001  0.000E+000
 9.170E+013  1.000E-008  6.236E+001  0.000E+000
 9.190E+013  1.000E-008  6.236E+001  0.000E+000
 9.210E+013  1.000E-008  6.236E+001  0.000E+000
 9.230E+013  1.000E-008  6.236E+001  3.205E-013
 9.250E+013  1.000E-008  6.236E+001 -3.371E-035
 9.270E+013  1.000E-008  6.236E+001 -3.205E-013
 9.290E+013  1.000E-008  6.236E+001  0.000E+000
 9.310E+013  1.000E-008  6.236E+001  0.000E+000
 9.330E+013  1.000E-008  6.236E+001  0.000E+000
 9.350E+013  1.000E-008  6.236E+001  0.000E+000
 9.370E+013  1.000E-008  6.236E+001  3.205E-013
 9.390E+013  1.000E-008  6.236E+001 -3.205E-013
 9.410E+013  1.000E-008  6.236E+001  3.205E-013
 9.430E+013  1.000E-008  6.236E+001 -3.205E-013
 9.450E+013  1.000E-008  6.236E+001  0.000E+000
 9.470E+013  1.000E-008  6.236E+001  0.000E+000
 9.490E+013  1.000E-008  6.236E+001  0.000E+000
 9.510E+013  1.000E-008  6.236E+001  0.000E+000
 9.530E+013  1.000E-008  6.236E+001  3.205E-013
 9.550E+013  1.000E-008  6.236E+001 -3.205E-013
 9.570E+013  1.000E-008  6.236E+001 -1.916E-070
 9.590E+013  1.000E-008  6.236E+001 -3.895E-032
 9.610E+013  1.000E-008  6.236E+001 -3.205E-013
 9.630E+013  1.000E-008  6.236E+001  3.205E-013
 9.650E+013  1.000E-008  6.236E+001  3.891E-032
 9.670E+013  1.000E-008  6.236E+001  3.205E-013
 9.690E+013  1.000E-008  6.236E+001 -3.205E-013
 9.710E+013  1.000E-008  6.236E+001  0.000E+000
 9.730E+013  1.000E-008  6.236E+001  0.000E+000
 9.750E+013  1.000E-008  6.236E+001  0.000E+000
 9.770E+013  1.000E-008  6.236E+001  0.000E+000
 9.790E+013  1.000E-008  6.236E+001  0.000E+000
 9.810E+013  1.000E-008  6.236E+001  0.000E+000
 9.830E+013  1.000E-008  6.236E+001  0.000E+000
 9.850E+013  1.000E-008  6.236E+001  0.000E+000
 9.870E+013  1.000E-008  6.236E+001  0.000E+000
 9.890E+013  1.000E-008  6.236E+001  0.000E+000
 9.910E+013  1.000E-008  6.236E+001  0.000E+000
 9.930E+013  1.000E-008  6.236E+001  0.000E+000
 9.950E+013  1.000E-008  6.236E+001  3.205E-013
 9.970E+013  1.000E-008  6.236E+001 -3.205E-013
 9.990E+013  1.000E-008  6.236E+001  0.000E+000
 1.001E+014  1.000E-099  1.000E-099  0.000E+000
 1.003E+014  1.000E-099  1.000E-099  0.000E+000
 2.861E-003
