 6.102E+003
     x1b        dens       energ       v1
 1.000E+011  2.789E-010  7.910E+006  0.000E+000
 3.000E+011  5.306E-010  2.264E+007 -7.617E+007
 5.000E+011  8.898E-010  4.638E+007 -1.103E+008
 7.000E+011  1.028E-009  5.531E+007 -1.056E+008
 9.000E+011  1.078E-009  5.933E+007 -6.558E+007
 1.100E+012  1.089E-009  6.447E+007 -3.731E+007
 1.300E+012  1.201E-009  7.286E+007 -5.836E+006
 1.500E+012  1.365E-009  7.696E+007  1.542E+007
 1.700E+012  1.861E-009  8.624E+007  4.797E+007
 1.900E+012  3.425E-009  9.883E+007  6.230E+007
 2.100E+012  1.046E-008  1.700E+008  1.126E+008
 2.300E+012  1.778E-008  1.527E+008  1.256E+008
 2.500E+012  1.690E-008  6.056E+007  1.015E+008
 2.700E+012  1.252E-008  7.469E+006  5.742E+007
 2.900E+012  1.032E-008  4.159E+004  1.445E+007
 3.100E+012  1.000E-008  6.248E+001  3.302E+005
 3.300E+012  1.000E-008  6.236E+001  2.939E+001
 3.500E+012  1.000E-008  6.236E+001  2.378E-008
 3.700E+012  1.000E-008  6.236E+001  3.620E-025
 3.900E+012  1.000E-008  6.236E+001  2.167E-014
 4.100E+012  1.000E-008  6.236E+001 -2.167E-014
 4.300E+012  1.000E-008  6.236E+001  0.000E+000
 4.500E+012  1.000E-008  6.236E+001 -7.648E-159
 4.700E+012  1.000E-008  6.236E+001 -1.561E-075
 4.900E+012  1.000E-008  6.236E+001 -4.464E-034
 5.100E+012  1.000E-008  6.236E+001 -1.296E-013
 5.300E+012  1.000E-008  6.236E+001  1.296E-013
 5.500E+012  1.000E-008  6.236E+001  4.394E-034
 5.700E+012  1.000E-008  6.236E+001  1.513E-075
 5.900E+012  1.000E-008  6.236E+001  7.182E-159
 6.100E+012  1.000E-008  6.236E+001  0.000E+000
 6.300E+012  1.000E-008  6.236E+001 -3.041E-160
 6.500E+012  1.000E-008  6.236E+001 -3.109E-076
 6.700E+012  1.000E-008  6.236E+001 -1.990E-034
 6.900E+012  1.000E-008  6.236E+001 -8.653E-014
 7.100E+012  1.000E-008  6.236E+001 -2.154E-014
 7.300E+012  1.000E-008  6.236E+001  6.694E-013
 7.500E+012  1.000E-008  6.236E+001 -5.397E-013
 7.700E+012  1.000E-008  6.236E+001 -2.167E-014
 7.900E+012  1.000E-008  6.236E+001  2.167E-014
 8.100E+012  1.000E-008  6.236E+001 -2.167E-014
 8.300E+012  1.000E-008  6.236E+001 -1.247E-035
 8.500E+012  1.000E-008  6.236E+001 -2.166E-014
 8.700E+012  1.000E-008  6.236E+001  2.166E-014
 8.900E+012  1.000E-008  6.236E+001  1.236E-035
 9.100E+012  1.000E-008  6.236E+001  1.200E-078
 9.300E+012  1.000E-008  6.236E+001  4.540E-165
 9.500E+012  1.000E-008  6.236E+001  0.000E+000
 9.700E+012  1.000E-008  6.236E+001  0.000E+000
 9.900E+012  1.000E-008  6.236E+001  1.082E-013
 1.010E+013  1.000E-008  6.236E+001 -2.157E-014
 1.030E+013  1.000E-008  6.236E+001 -8.659E-014
 1.050E+013  1.000E-008  6.236E+001  0.000E+000
 1.070E+013  1.000E-008  6.236E+001  0.000E+000
 1.090E+013  1.000E-008  6.236E+001  0.000E+000
 1.110E+013  1.000E-008  6.236E+001  0.000E+000
 1.130E+013  1.000E-008  6.236E+001  2.167E-014
 1.150E+013  1.000E-008  6.236E+001 -2.167E-014
 1.170E+013  1.000E-008  6.236E+001  0.000E+000
 1.190E+013  1.000E-008  6.236E+001  0.000E+000
 1.210E+013  1.000E-008  6.236E+001  2.167E-014
 1.230E+013  1.000E-008  6.236E+001 -8.150E-038
 1.250E+013  1.000E-008  6.236E+001 -2.167E-014
 1.270E+013  1.000E-008  6.236E+001  0.000E+000
 1.290E+013  1.000E-008  6.236E+001  0.000E+000
 1.310E+013  1.000E-008  6.236E+001  0.000E+000
 1.330E+013  1.000E-008  6.236E+001  0.000E+000
 1.350E+013  1.000E-008  6.236E+001  0.000E+000
 1.370E+013  1.000E-008  6.236E+001  0.000E+000
 1.390E+013  1.000E-008  6.236E+001  8.659E-014
 1.410E+013  1.000E-008  6.236E+001 -8.659E-014
 1.430E+013  1.000E-008  6.236E+001 -3.114E-013
 1.450E+013  1.000E-008  6.236E+001  3.114E-013
 1.470E+013  1.000E-008  6.236E+001  6.497E-014
 1.490E+013  1.000E-008  6.236E+001 -6.497E-014
 1.510E+013  1.000E-008  6.236E+001  0.000E+000
 1.530E+013  1.000E-008  6.236E+001  0.000E+000
 1.550E+013  1.000E-008  6.236E+001  0.000E+000
 1.570E+013  1.000E-008  6.236E+001  0.000E+000
 1.590E+013  1.000E-008  6.236E+001  2.167E-014
 1.610E+013  1.000E-008  6.236E+001 -6.214E-038
 1.630E+013  1.000E-008  6.236E+001 -2.167E-014
 1.650E+013  1.000E-008  6.236E+001 -2.166E-014
 1.670E+013  1.000E-008  6.236E+001  2.166E-014
 1.690E+013  1.000E-008  6.236E+001  1.238E-035
 1.710E+013  1.000E-008  6.236E+001  1.206E-078
 1.730E+013  1.000E-008  6.236E+001  4.580E-165
 1.750E+013  1.000E-008  6.236E+001  0.000E+000
 1.770E+013  1.000E-008  6.236E+001  0.000E+000
 1.790E+013  1.000E-008  6.236E+001  0.000E+000
 1.810E+013  1.000E-008  6.236E+001  0.000E+000
 1.830E+013  1.000E-008  6.236E+001  2.167E-014
 1.850E+013  1.000E-008  6.236E+001 -2.167E-014
 1.870E+013  1.000E-008  6.236E+001  8.659E-014
 1.890E+013  1.000E-008  6.236E+001 -1.299E-013
 1.910E+013  1.000E-008  6.236E+001  8.664E-014
 1.930E+013  1.000E-008  6.236E+001 -4.333E-014
 1.950E+013  1.000E-008  6.236E+001  0.000E+000
 1.970E+013  1.000E-008  6.236E+001  0.000E+000
 1.990E+013  1.000E-008  6.236E+001  0.000E+000
 2.010E+013  1.000E-008  6.236E+001  0.000E+000
 2.030E+013  1.000E-008  6.236E+001  0.000E+000
 2.050E+013  1.000E-008  6.236E+001  0.000E+000
 2.070E+013  1.000E-008  6.236E+001  0.000E+000
 2.090E+013  1.000E-008  6.236E+001  2.167E-014
 2.110E+013  1.000E-008  6.236E+001 -4.735E-038
 2.130E+013  1.000E-008  6.236E+001 -2.167E-014
 2.150E+013  1.000E-008  6.236E+001  0.000E+000
 2.170E+013  1.000E-008  6.236E+001  0.000E+000
 2.190E+013  1.000E-008  6.236E+001  0.000E+000
 2.210E+013  1.000E-008  6.236E+001  0.000E+000
 2.230E+013  1.000E-008  6.236E+001  0.000E+000
 2.250E+013  1.000E-008  6.236E+001  0.000E+000
 2.270E+013  1.000E-008  6.236E+001  2.167E-014
 2.290E+013  1.000E-008  6.236E+001 -4.361E-038
 2.310E+013  1.000E-008  6.236E+001 -2.167E-014
 2.330E+013  1.000E-008  6.236E+001  0.000E+000
 2.350E+013  1.000E-008  6.236E+001  0.000E+000
 2.370E+013  1.000E-008  6.236E+001  2.167E-014
 2.390E+013  1.000E-008  6.236E+001 -2.167E-014
 2.410E+013  1.000E-008  6.236E+001  0.000E+000
 2.430E+013  1.000E-008  6.236E+001  0.000E+000
 2.450E+013  1.000E-008  6.236E+001  0.000E+000
 2.470E+013  1.000E-008  6.236E+001  2.167E-014
 2.490E+013  1.000E-008  6.236E+001 -2.167E-014
 2.510E+013  1.000E-008  6.236E+001  2.167E-014
 2.530E+013  1.000E-008  6.236E+001 -2.167E-014
 2.550E+013  1.000E-008  6.236E+001  0.000E+000
 2.570E+013  1.000E-008  6.236E+001 -1.186E-162
 2.590E+013  1.000E-008  6.236E+001 -1.941E-077
 2.610E+013  1.000E-008  6.236E+001 -4.969E-035
 2.630E+013  1.000E-008  6.236E+001 -4.331E-014
 2.650E+013  1.000E-008  6.236E+001  4.331E-014
 2.670E+013  1.000E-008  6.236E+001  4.954E-035
 2.690E+013  1.000E-008  6.236E+001  1.929E-077
 2.710E+013  1.000E-008  6.236E+001  2.167E-014
 2.730E+013  1.000E-008  6.236E+001 -2.167E-014
 2.750E+013  1.000E-008  6.236E+001  6.497E-014
 2.770E+013  1.000E-008  6.236E+001 -6.497E-014
 2.790E+013  1.000E-008  6.236E+001  0.000E+000
 2.810E+013  1.000E-008  6.236E+001  0.000E+000
 2.830E+013  1.000E-008  6.236E+001  1.082E-013
 2.850E+013  1.000E-008  6.236E+001 -2.157E-014
 2.870E+013  1.000E-008  6.236E+001 -8.659E-014
 2.890E+013  1.000E-008  6.236E+001 -1.920E-035
 2.910E+013  1.000E-008  6.236E+001  1.511E-013
 2.930E+013  1.000E-008  6.236E+001 -1.511E-013
 2.950E+013  1.000E-008  6.236E+001  0.000E+000
 2.970E+013  1.000E-008  6.236E+001  0.000E+000
 2.990E+013  1.000E-008  6.236E+001  0.000E+000
 3.010E+013  1.000E-008  6.236E+001  2.167E-014
 3.030E+013  1.000E-008  6.236E+001 -2.167E-014
 3.050E+013  1.000E-008  6.236E+001  2.167E-014
 3.070E+013  1.000E-008  6.236E+001 -2.167E-014
 3.090E+013  1.000E-008  6.236E+001  2.167E-014
 3.110E+013  1.000E-008  6.236E+001  2.166E-014
 3.130E+013  1.000E-008  6.236E+001 -4.333E-014
 3.150E+013  1.000E-008  6.236E+001  0.000E+000
 3.170E+013  1.000E-008  6.236E+001  0.000E+000
 3.190E+013  1.000E-008  6.236E+001  0.000E+000
 3.210E+013  1.000E-008  6.236E+001  0.000E+000
 3.230E+013  1.000E-008  6.236E+001  0.000E+000
 3.250E+013  1.000E-008  6.236E+001  0.000E+000
 3.270E+013  1.000E-008  6.236E+001  0.000E+000
 3.290E+013  1.000E-008  6.236E+001 -4.646E-165
 3.310E+013  1.000E-008  6.236E+001 -1.214E-078
 3.330E+013  1.000E-008  6.236E+001 -1.243E-035
 3.350E+013  1.000E-008  6.236E+001 -2.166E-014
 3.370E+013  1.000E-008  6.236E+001  2.166E-014
 3.390E+013  1.000E-008  6.236E+001  1.240E-035
 3.410E+013  1.000E-008  6.236E+001  1.208E-078
 3.430E+013  1.000E-008  6.236E+001  4.602E-165
 3.450E+013  1.000E-008  6.236E+001  4.333E-014
 3.470E+013  1.000E-008  6.236E+001 -4.333E-014
 3.490E+013  1.000E-008  6.236E+001  0.000E+000
 3.510E+013  1.000E-008  6.236E+001  0.000E+000
 3.530E+013  1.000E-008  6.236E+001  0.000E+000
 3.550E+013  1.000E-008  6.236E+001  0.000E+000
 3.570E+013  1.000E-008  6.236E+001  4.333E-014
 3.590E+013  1.000E-008  6.236E+001 -2.166E-014
 3.610E+013  1.000E-008  6.236E+001 -1.244E-035
 3.630E+013  1.000E-008  6.236E+001 -2.167E-014
 3.650E+013  1.000E-008  6.236E+001 -2.166E-014
 3.670E+013  1.000E-008  6.236E+001  2.166E-014
 3.690E+013  1.000E-008  6.236E+001  2.167E-014
 3.710E+013  1.000E-008  6.236E+001 -2.167E-014
 3.730E+013  1.000E-008  6.236E+001 -1.336E-038
 3.750E+013  1.000E-008  6.236E+001  2.167E-014
 3.770E+013  1.000E-008  6.236E+001 -2.167E-014
 3.790E+013  1.000E-008  6.236E+001  0.000E+000
 3.810E+013  1.000E-008  6.236E+001  0.000E+000
 3.830E+013  1.000E-008  6.236E+001  2.167E-014
 3.850E+013  1.000E-008  6.236E+001 -2.167E-014
 3.870E+013  1.000E-008  6.236E+001 -1.243E-035
 3.890E+013  1.000E-008  6.236E+001 -2.166E-014
 3.910E+013  1.000E-008  6.236E+001 -3.764E-036
 3.930E+013  1.000E-008  6.236E+001  6.499E-014
 3.950E+013  1.000E-008  6.236E+001 -2.166E-014
 3.970E+013  1.000E-008  6.236E+001  6.492E-014
 3.990E+013  1.000E-008  6.236E+001 -8.659E-014
 4.010E+013  1.000E-008  6.236E+001  0.000E+000
 4.030E+013  1.000E-008  6.236E+001  0.000E+000
 4.050E+013  1.000E-008  6.236E+001  0.000E+000
 4.070E+013  1.000E-008  6.236E+001  0.000E+000
 4.090E+013  1.000E-008  6.236E+001  5.601E-013
 4.110E+013  1.000E-008  6.236E+001 -5.601E-013
 4.130E+013  1.000E-008  6.236E+001  4.828E-013
 4.150E+013  1.000E-008  6.236E+001 -4.828E-013
 4.170E+013  1.000E-008  6.236E+001  1.937E-013
 4.190E+013  1.000E-008  6.236E+001 -1.720E-013
 4.210E+013  1.000E-008  6.236E+001 -1.244E-035
 4.230E+013  1.000E-008  6.236E+001 -2.167E-014
 4.250E+013  1.000E-008  6.236E+001  0.000E+000
 4.270E+013  1.000E-008  6.236E+001  0.000E+000
 4.290E+013  1.000E-008  6.236E+001  0.000E+000
 4.310E+013  1.000E-008  6.236E+001  0.000E+000
 4.330E+013  1.000E-008  6.236E+001  0.000E+000
 4.350E+013  1.000E-008  6.236E+001  0.000E+000
 4.370E+013  1.000E-008  6.236E+001  0.000E+000
 4.390E+013  1.000E-008  6.236E+001  0.000E+000
 4.410E+013  1.000E-008  6.236E+001  0.000E+000
 4.430E+013  1.000E-008  6.236E+001  0.000E+000
 4.450E+013  1.000E-008  6.236E+001  0.000E+000
 4.470E+013  1.000E-008  6.236E+001  2.167E-014
 4.490E+013  1.000E-008  6.236E+001 -2.219E-038
 4.510E+013  1.000E-008  6.236E+001 -2.167E-014
 4.530E+013  1.000E-008  6.236E+001  0.000E+000
 4.550E+013  1.000E-008  6.236E+001 -4.640E-165
 4.570E+013  1.000E-008  6.236E+001 -1.213E-078
 4.590E+013  1.000E-008  6.236E+001 -1.242E-035
 4.610E+013  1.000E-008  6.236E+001 -2.166E-014
 4.630E+013  1.000E-008  6.236E+001  2.166E-014
 4.650E+013  1.000E-008  6.236E+001  2.167E-014
 4.670E+013  1.000E-008  6.236E+001 -2.167E-014
 4.690E+013  1.000E-008  6.236E+001  2.167E-014
 4.710E+013  1.000E-008  6.236E+001 -2.167E-014
 4.730E+013  1.000E-008  6.236E+001  0.000E+000
 4.750E+013  1.000E-008  6.236E+001  0.000E+000
 4.770E+013  1.000E-008  6.236E+001  0.000E+000
 4.790E+013  1.000E-008  6.236E+001  2.167E-014
 4.810E+013  1.000E-008  6.236E+001 -2.167E-014
 4.830E+013  1.000E-008  6.236E+001 -1.031E-038
 4.850E+013  1.000E-008  6.236E+001  2.167E-014
 4.870E+013  1.000E-008  6.236E+001 -2.167E-014
 4.890E+013  1.000E-008  6.236E+001  0.000E+000
 4.910E+013  1.000E-008  6.236E+001  0.000E+000
 4.930E+013  1.000E-008  6.236E+001  0.000E+000
 4.950E+013  1.000E-008  6.236E+001  0.000E+000
 4.970E+013  1.000E-008  6.236E+001  0.000E+000
 4.990E+013  1.000E-008  6.236E+001  4.333E-014
 5.010E+013  1.000E-008  6.236E+001 -6.499E-014
 5.030E+013  1.000E-008  6.236E+001  2.166E-014
 5.050E+013  1.000E-008  6.236E+001  1.240E-035
 5.070E+013  1.000E-008  6.236E+001  1.209E-078
 5.090E+013  1.000E-008  6.236E+001  4.609E-165
 5.110E+013  1.000E-008  6.236E+001  2.167E-014
 5.130E+013  1.000E-008  6.236E+001 -2.167E-014
 5.150E+013  1.000E-008  6.236E+001  0.000E+000
 5.170E+013  1.000E-008  6.236E+001  0.000E+000
 5.190E+013  1.000E-008  6.236E+001  0.000E+000
 5.210E+013  1.000E-008  6.236E+001 -4.638E-165
 5.230E+013  1.000E-008  6.236E+001 -1.213E-078
 5.250E+013  1.000E-008  6.236E+001 -1.242E-035
 5.270E+013  1.000E-008  6.236E+001 -2.166E-014
 5.290E+013  1.000E-008  6.236E+001  2.166E-014
 5.310E+013  1.000E-008  6.236E+001  1.240E-035
 5.330E+013  1.000E-008  6.236E+001  1.210E-078
 5.350E+013  1.000E-008  6.236E+001  4.333E-014
 5.370E+013  1.000E-008  6.236E+001 -4.333E-014
 5.390E+013  1.000E-008  6.236E+001  1.637E-036
 5.410E+013  1.000E-008  6.236E+001  2.167E-014
 5.430E+013  1.000E-008  6.236E+001  2.166E-014
 5.450E+013  1.000E-008  6.236E+001  2.164E-014
 5.470E+013  1.000E-008  6.236E+001 -6.497E-014
 5.490E+013  1.000E-008  6.236E+001 -1.242E-035
 5.510E+013  1.000E-008  6.236E+001 -2.166E-014
 5.530E+013  1.000E-008  6.236E+001  4.333E-014
 5.550E+013  1.000E-008  6.236E+001 -8.660E-014
 5.570E+013  1.000E-008  6.236E+001  4.327E-014
 5.590E+013  1.000E-008  6.236E+001  2.166E-014
 5.610E+013  1.000E-008  6.236E+001 -2.166E-014
 5.630E+013  1.000E-008  6.236E+001  2.166E-014
 5.650E+013  1.000E-008  6.236E+001 -1.296E-013
 5.670E+013  1.000E-008  6.236E+001  1.296E-013
 5.690E+013  1.000E-008  6.236E+001  1.297E-013
 5.710E+013  1.000E-008  6.236E+001 -1.297E-013
 5.730E+013  1.000E-008  6.236E+001  1.511E-013
 5.750E+013  1.000E-008  6.236E+001 -3.233E-013
 5.770E+013  1.000E-008  6.236E+001 -2.103E-014
 5.790E+013  1.000E-008  6.236E+001  1.932E-013
 5.810E+013  1.000E-008  6.236E+001  5.614E-013
 5.830E+013  1.000E-008  6.236E+001 -5.614E-013
 5.850E+013  1.000E-008  6.236E+001  0.000E+000
 5.870E+013  1.000E-008  6.236E+001  0.000E+000
 5.890E+013  1.000E-008  6.236E+001  0.000E+000
 5.910E+013  1.000E-008  6.236E+001  0.000E+000
 5.930E+013  1.000E-008  6.236E+001  0.000E+000
 5.950E+013  1.000E-008  6.236E+001  0.000E+000
 5.970E+013  1.000E-008  6.236E+001  0.000E+000
 5.990E+013  1.000E-008  6.236E+001  0.000E+000
 6.010E+013  1.000E-008  6.236E+001  0.000E+000
 6.030E+013  1.000E-008  6.236E+001  2.167E-014
 6.050E+013  1.000E-008  6.236E+001 -2.167E-014
 6.070E+013  1.000E-008  6.236E+001  2.167E-014
 6.090E+013  1.000E-008  6.236E+001 -2.167E-014
 6.110E+013  1.000E-008  6.236E+001  0.000E+000
 6.130E+013  1.000E-008  6.236E+001  0.000E+000
 6.150E+013  1.000E-008  6.236E+001  0.000E+000
 6.170E+013  1.000E-008  6.236E+001  2.167E-014
 6.190E+013  1.000E-008  6.236E+001 -2.167E-014
 6.210E+013  1.000E-008  6.236E+001  0.000E+000
 6.230E+013  1.000E-008  6.236E+001  0.000E+000
 6.250E+013  1.000E-008  6.236E+001  0.000E+000
 6.270E+013  1.000E-008  6.236E+001  0.000E+000
 6.290E+013  1.000E-008  6.236E+001  0.000E+000
 6.310E+013  1.000E-008  6.236E+001  0.000E+000
 6.330E+013  1.000E-008  6.236E+001  0.000E+000
 6.350E+013  1.000E-008  6.236E+001  2.167E-014
 6.370E+013  1.000E-008  6.236E+001 -2.167E-014
 6.390E+013  1.000E-008  6.236E+001  0.000E+000
 6.410E+013  1.000E-008  6.236E+001  0.000E+000
 6.430E+013  1.000E-008  6.236E+001  0.000E+000
 6.450E+013  1.000E-008  6.236E+001  0.000E+000
 6.470E+013  1.000E-008  6.236E+001  2.167E-014
 6.490E+013  1.000E-008  6.236E+001 -2.167E-014
 6.510E+013  1.000E-008  6.236E+001  0.000E+000
 6.530E+013  1.000E-008  6.236E+001  0.000E+000
 6.550E+013  1.000E-008  6.236E+001  0.000E+000
 6.570E+013  1.000E-008  6.236E+001  0.000E+000
 6.590E+013  1.000E-008  6.236E+001  2.167E-014
 6.610E+013  1.000E-008  6.236E+001 -2.167E-014
 6.630E+013  1.000E-008  6.236E+001  0.000E+000
 6.650E+013  1.000E-008  6.236E+001  0.000E+000
 6.670E+013  1.000E-008  6.236E+001  0.000E+000
 6.690E+013  1.000E-008  6.236E+001  2.167E-014
 6.710E+013  1.000E-008  6.236E+001 -2.167E-014
 6.730E+013  1.000E-008  6.236E+001  0.000E+000
 6.750E+013  1.000E-008  6.236E+001  0.000E+000
 6.770E+013  1.000E-008  6.236E+001  2.167E-014
 6.790E+013  1.000E-008  6.236E+001 -2.167E-014
 6.810E+013  1.000E-008  6.236E+001  2.167E-014
 6.830E+013  1.000E-008  6.236E+001 -1.458E-038
 6.850E+013  1.000E-008  6.236E+001 -2.167E-014
 6.870E+013  1.000E-008  6.236E+001  0.000E+000
 6.890E+013  1.000E-008  6.236E+001  0.000E+000
 6.910E+013  1.000E-008  6.236E+001  0.000E+000
 6.930E+013  1.000E-008  6.236E+001  2.167E-014
 6.950E+013  1.000E-008  6.236E+001 -2.167E-014
 6.970E+013  1.000E-008  6.236E+001  0.000E+000
 6.990E+013  1.000E-008  6.236E+001  0.000E+000
 7.010E+013  1.000E-008  6.236E+001  0.000E+000
 7.030E+013  1.000E-008  6.236E+001  0.000E+000
 7.050E+013  1.000E-008  6.236E+001  0.000E+000
 7.070E+013  1.000E-008  6.236E+001  0.000E+000
 7.090E+013  1.000E-008  6.236E+001  0.000E+000
 7.110E+013  1.000E-008  6.236E+001  0.000E+000
 7.130E+013  1.000E-008  6.236E+001  0.000E+000
 7.150E+013  1.000E-008  6.236E+001  0.000E+000
 7.170E+013  1.000E-008  6.236E+001  0.000E+000
 7.190E+013  1.000E-008  6.236E+001  2.167E-014
 7.210E+013  1.000E-008  6.236E+001 -2.167E-014
 7.230E+013  1.000E-008  6.236E+001  0.000E+000
 7.250E+013  1.000E-008  6.236E+001  0.000E+000
 7.270E+013  1.000E-008  6.236E+001  4.333E-014
 7.290E+013  1.000E-008  6.236E+001 -5.460E-038
 7.310E+013  1.000E-008  6.236E+001 -4.333E-014
 7.330E+013  1.000E-008  6.236E+001 -1.242E-035
 7.350E+013  1.000E-008  6.236E+001 -2.166E-014
 7.370E+013  1.000E-008  6.236E+001  2.166E-014
 7.390E+013  1.000E-008  6.236E+001  1.241E-035
 7.410E+013  1.000E-008  6.236E+001  1.210E-078
 7.430E+013  1.000E-008  6.236E+001  4.614E-165
 7.450E+013  1.000E-008  6.236E+001  0.000E+000
 7.470E+013  1.000E-008  6.236E+001  0.000E+000
 7.490E+013  1.000E-008  6.236E+001  0.000E+000
 7.510E+013  1.000E-008  6.236E+001  0.000E+000
 7.530E+013  1.000E-008  6.236E+001  0.000E+000
 7.550E+013  1.000E-008  6.236E+001  0.000E+000
 7.570E+013  1.000E-008  6.236E+001  0.000E+000
 7.590E+013  1.000E-008  6.236E+001  0.000E+000
 7.610E+013  1.000E-008  6.236E+001  0.000E+000
 7.630E+013  1.000E-008  6.236E+001  0.000E+000
 7.650E+013  1.000E-008  6.236E+001  0.000E+000
 7.670E+013  1.000E-008  6.236E+001  4.333E-014
 7.690E+013  1.000E-008  6.236E+001 -4.333E-014
 7.710E+013  1.000E-008  6.236E+001  6.497E-014
 7.730E+013  1.000E-008  6.236E+001 -6.497E-014
 7.750E+013  1.000E-008  6.236E+001  2.936E-036
 7.770E+013  1.000E-008  6.236E+001  4.333E-014
 7.790E+013  1.000E-008  6.236E+001 -1.299E-013
 7.810E+013  1.000E-008  6.236E+001  1.299E-013
 7.830E+013  1.000E-008  6.236E+001 -4.333E-014
 7.850E+013  1.000E-008  6.236E+001 -8.555E-079
 7.870E+013  1.000E-008  6.236E+001 -1.043E-035
 7.890E+013  1.000E-008  6.236E+001 -2.166E-014
 7.910E+013  1.000E-008  6.236E+001 -1.079E-013
 7.930E+013  1.000E-008  6.236E+001  6.462E-014
 7.950E+013  1.000E-008  6.236E+001  6.493E-014
 7.970E+013  1.000E-008  6.236E+001 -8.653E-014
 7.990E+013  1.000E-008  6.236E+001  8.653E-014
 8.010E+013  1.000E-008  6.236E+001  1.977E-034
 8.030E+013  1.000E-008  6.236E+001  3.069E-076
 8.050E+013  1.000E-008  6.236E+001  2.962E-160
 8.070E+013  1.000E-008  6.236E+001  0.000E+000
 8.090E+013  1.000E-008  6.236E+001 -7.752E-157
 8.110E+013  1.000E-008  6.236E+001 -1.585E-074
 8.130E+013  1.000E-008  6.236E+001 -1.433E-033
 8.150E+013  1.000E-008  6.236E+001 -2.344E-013
 8.170E+013  1.000E-008  6.236E+001  2.994E-013
 8.190E+013  1.000E-008  6.236E+001 -6.497E-014
 8.210E+013  1.000E-008  6.236E+001  0.000E+000
 8.230E+013  1.000E-008  6.236E+001  0.000E+000
 8.250E+013  1.000E-008  6.236E+001  0.000E+000
 8.270E+013  1.000E-008  6.236E+001  0.000E+000
 8.290E+013  1.000E-008  6.236E+001  8.659E-014
 8.310E+013  1.000E-008  6.236E+001 -8.659E-014
 8.330E+013  1.000E-008  6.236E+001 -1.195E-035
 8.350E+013  1.000E-008  6.236E+001  1.297E-013
 8.370E+013  1.000E-008  6.236E+001 -1.080E-013
 8.390E+013  1.000E-008  6.236E+001 -1.243E-035
 8.410E+013  1.000E-008  6.236E+001 -2.167E-014
 8.430E+013  1.000E-008  6.236E+001  2.167E-014
 8.450E+013  1.000E-008  6.236E+001 -1.178E-038
 8.470E+013  1.000E-008  6.236E+001 -2.167E-014
 8.490E+013  1.000E-008  6.236E+001 -5.862E-039
 8.510E+013  1.000E-008  6.236E+001  2.167E-014
 8.530E+013  1.000E-008  6.236E+001 -1.167E-038
 8.550E+013  1.000E-008  6.236E+001 -2.167E-014
 8.570E+013  1.000E-008  6.236E+001 -5.808E-039
 8.590E+013  1.000E-008  6.236E+001  2.167E-014
 8.610E+013  1.000E-008  6.236E+001 -2.167E-014
 8.630E+013  1.000E-008  6.236E+001  0.000E+000
 8.650E+013  1.000E-008  6.236E+001  0.000E+000
 8.670E+013  1.000E-008  6.236E+001  0.000E+000
 8.690E+013  1.000E-008  6.236E+001  0.000E+000
 8.710E+013  1.000E-008  6.236E+001  0.000E+000
 8.730E+013  1.000E-008  6.236E+001  0.000E+000
 8.750E+013  1.000E-008  6.236E+001  2.167E-014
 8.770E+013  1.000E-008  6.236E+001 -2.167E-014
 8.790E+013  1.000E-008  6.236E+001 -5.662E-039
 8.810E+013  1.000E-008  6.236E+001  2.167E-014
 8.830E+013  1.000E-008  6.236E+001 -2.167E-014
 8.850E+013  1.000E-008  6.236E+001  2.167E-014
 8.870E+013  1.000E-008  6.236E+001  2.166E-014
 8.890E+013  1.000E-008  6.236E+001 -4.333E-014
 8.910E+013  1.000E-008  6.236E+001  0.000E+000
 8.930E+013  1.000E-008  6.236E+001  0.000E+000
 8.950E+013  1.000E-008  6.236E+001  0.000E+000
 8.970E+013  1.000E-008  6.236E+001  0.000E+000
 8.990E+013  1.000E-008  6.236E+001  0.000E+000
 9.010E+013  1.000E-008  6.236E+001  2.167E-014
 9.030E+013  1.000E-008  6.236E+001 -1.102E-038
 9.050E+013  1.000E-008  6.236E+001 -2.167E-014
 9.070E+013  1.000E-008  6.236E+001  2.167E-014
 9.090E+013  1.000E-008  6.236E+001 -1.095E-038
 9.110E+013  1.000E-008  6.236E+001 -2.167E-014
 9.130E+013  1.000E-008  6.236E+001  0.000E+000
 9.150E+013  1.000E-008  6.236E+001  0.000E+000
 9.170E+013  1.000E-008  6.236E+001  0.000E+000
 9.190E+013  1.000E-008  6.236E+001  0.000E+000
 9.210E+013  1.000E-008  6.236E+001  0.000E+000
 9.230E+013  1.000E-008  6.236E+001  2.167E-014
 9.250E+013  1.000E-008  6.236E+001 -1.076E-038
 9.270E+013  1.000E-008  6.236E+001 -2.167E-014
 9.290E+013  1.000E-008  6.236E+001  0.000E+000
 9.310E+013  1.000E-008  6.236E+001  0.000E+000
 9.330E+013  1.000E-008  6.236E+001  0.000E+000
 9.350E+013  1.000E-008  6.236E+001  0.000E+000
 9.370E+013  1.000E-008  6.236E+001  2.167E-014
 9.390E+013  1.000E-008  6.236E+001 -2.167E-014
 9.410E+013  1.000E-008  6.236E+001  2.167E-014
 9.430E+013  1.000E-008  6.236E+001 -2.167E-014
 9.450E+013  1.000E-008  6.236E+001  0.000E+000
 9.470E+013  1.000E-008  6.236E+001  0.000E+000
 9.490E+013  1.000E-008  6.236E+001  0.000E+000
 9.510E+013  1.000E-008  6.236E+001  0.000E+000
 9.530E+013  1.000E-008  6.236E+001  2.167E-014
 9.550E+013  1.000E-008  6.236E+001 -2.167E-014
 9.570E+013  1.000E-008  6.236E+001 -1.212E-078
 9.590E+013  1.000E-008  6.236E+001 -1.242E-035
 9.610E+013  1.000E-008  6.236E+001 -2.166E-014
 9.630E+013  1.000E-008  6.236E+001  2.166E-014
 9.650E+013  1.000E-008  6.236E+001  1.241E-035
 9.670E+013  1.000E-008  6.236E+001  2.167E-014
 9.690E+013  1.000E-008  6.236E+001 -2.167E-014
 9.710E+013  1.000E-008  6.236E+001  0.000E+000
 9.730E+013  1.000E-008  6.236E+001  0.000E+000
 9.750E+013  1.000E-008  6.236E+001  0.000E+000
 9.770E+013  1.000E-008  6.236E+001  0.000E+000
 9.790E+013  1.000E-008  6.236E+001  0.000E+000
 9.810E+013  1.000E-008  6.236E+001  0.000E+000
 9.830E+013  1.000E-008  6.236E+001  0.000E+000
 9.850E+013  1.000E-008  6.236E+001  0.000E+000
 9.870E+013  1.000E-008  6.236E+001  0.000E+000
 9.890E+013  1.000E-008  6.236E+001  0.000E+000
 9.910E+013  1.000E-008  6.236E+001  0.000E+000
 9.930E+013  1.000E-008  6.236E+001  0.000E+000
 9.950E+013  1.000E-008  6.236E+001  2.167E-014
 9.970E+013  1.000E-008  6.236E+001 -2.167E-014
 9.990E+013  1.000E-008  6.236E+001  0.000E+000
 1.001E+014  1.000E-099  1.000E-099  0.000E+000
 1.003E+014  1.000E-099  1.000E-099  0.000E+000
 1.935E-004
