 1.500E+005
     x1b        dens       energ       v1
 1.000E+011  7.042E-013  4.235E+008  0.000E+000
 3.000E+011  7.043E-013  4.235E+008  3.330E+005
 5.000E+011  7.046E-013  4.235E+008  6.425E+005
 7.000E+011  7.053E-013  4.235E+008  9.715E+005
 9.000E+011  7.066E-013  4.235E+008  1.292E+006
 1.100E+012  7.085E-013  4.235E+008  1.617E+006
 1.300E+012  7.111E-013  4.235E+008  1.939E+006
 1.500E+012  7.145E-013  4.235E+008  2.263E+006
 1.700E+012  7.186E-013  4.235E+008  2.585E+006
 1.900E+012  7.235E-013  4.235E+008  2.909E+006
 2.100E+012  7.290E-013  4.235E+008  3.232E+006
 2.300E+012  7.352E-013  4.235E+008  3.555E+006
 2.500E+012  7.419E-013  4.235E+008  3.878E+006
 2.700E+012  7.490E-013  4.235E+008  4.202E+006
 2.900E+012  7.566E-013  4.235E+008  4.525E+006
 3.100E+012  7.644E-013  4.235E+008  4.848E+006
 3.300E+012  7.724E-013  4.235E+008  5.171E+006
 3.500E+012  7.805E-013  4.235E+008  5.494E+006
 3.700E+012  7.888E-013  4.235E+008  5.818E+006
 3.900E+012  7.970E-013  4.235E+008  6.141E+006
 4.100E+012  8.053E-013  4.235E+008  6.464E+006
 4.300E+012  8.136E-013  4.235E+008  6.787E+006
 4.500E+012  8.217E-013  4.235E+008  7.110E+006
 4.700E+012  8.296E-013  4.235E+008  7.434E+006
 4.900E+012  8.372E-013  4.235E+008  7.757E+006
 5.100E+012  8.444E-013  4.235E+008  8.080E+006
 5.300E+012  8.509E-013  4.235E+008  8.403E+006
 5.500E+012  8.564E-013  4.235E+008  8.726E+006
 5.700E+012  8.608E-013  4.235E+008  9.050E+006
 5.900E+012  8.636E-013  4.235E+008  9.373E+006
 6.100E+012  8.648E-013  4.235E+008  9.696E+006
 6.300E+012  8.651E-013  4.235E+008  1.002E+007
 6.500E+012  8.651E-013  4.235E+008  1.034E+007
 6.700E+012  8.651E-013  4.235E+008  1.067E+007
 6.900E+012  8.651E-013  4.235E+008  1.099E+007
 7.100E+012  8.651E-013  4.235E+008  1.131E+007
 7.300E+012  8.650E-013  4.235E+008  1.164E+007
 7.500E+012  8.650E-013  4.235E+008  1.196E+007
 7.700E+012  8.649E-013  4.235E+008  1.228E+007
 7.900E+012  8.647E-013  4.235E+008  1.260E+007
 8.100E+012  8.645E-013  4.235E+008  1.293E+007
 8.300E+012  8.642E-013  4.235E+008  1.325E+007
 8.500E+012  8.639E-013  4.235E+008  1.357E+007
 8.700E+012  8.634E-013  4.235E+008  1.390E+007
 8.900E+012  8.629E-013  4.235E+008  1.422E+007
 9.100E+012  8.623E-013  4.235E+008  1.454E+007
 9.300E+012  8.617E-013  4.235E+008  1.487E+007
 9.500E+012  8.612E-013  4.235E+008  1.519E+007
 9.700E+012  8.607E-013  4.235E+008  1.551E+007
 9.900E+012  8.605E-013  4.235E+008  1.584E+007
 1.010E+013  8.605E-013  4.235E+008  1.616E+007
 1.030E+013  8.605E-013  4.235E+008  1.648E+007
 1.050E+013  8.605E-013  4.235E+008  1.681E+007
 1.070E+013  8.605E-013  4.235E+008  1.713E+007
 1.090E+013  8.606E-013  4.235E+008  1.745E+007
 1.110E+013  8.607E-013  4.235E+008  1.778E+007
 1.130E+013  8.608E-013  4.235E+008  1.810E+007
 1.150E+013  8.610E-013  4.235E+008  1.842E+007
 1.170E+013  8.613E-013  4.235E+008  1.875E+007
 1.190E+013  8.617E-013  4.235E+008  1.907E+007
 1.210E+013  8.623E-013  4.235E+008  1.939E+007
 1.230E+013  8.629E-013  4.235E+008  1.971E+007
 1.250E+013  8.638E-013  4.235E+008  2.004E+007
 1.270E+013  8.649E-013  4.235E+008  2.036E+007
 1.290E+013  8.662E-013  4.235E+008  2.068E+007
 1.310E+013  8.677E-013  4.235E+008  2.101E+007
 1.330E+013  8.695E-013  4.235E+008  2.133E+007
 1.350E+013  8.717E-013  4.235E+008  2.165E+007
 1.370E+013  8.742E-013  4.235E+008  2.198E+007
 1.390E+013  8.770E-013  4.235E+008  2.230E+007
 1.410E+013  8.803E-013  4.235E+008  2.262E+007
 1.430E+013  8.840E-013  4.235E+008  2.295E+007
 1.450E+013  8.882E-013  4.235E+008  2.327E+007
 1.470E+013  8.929E-013  4.235E+008  2.359E+007
 1.490E+013  8.982E-013  4.235E+008  2.392E+007
 1.510E+013  9.041E-013  4.235E+008  2.424E+007
 1.530E+013  9.106E-013  4.235E+008  2.456E+007
 1.550E+013  9.178E-013  4.235E+008  2.489E+007
 1.570E+013  9.257E-013  4.235E+008  2.521E+007
 1.590E+013  9.344E-013  4.235E+008  2.553E+007
 1.610E+013  9.440E-013  4.235E+008  2.586E+007
 1.630E+013  9.545E-013  4.235E+008  2.618E+007
 1.650E+013  9.659E-013  4.235E+008  2.650E+007
 1.670E+013  9.783E-013  4.235E+008  2.683E+007
 1.690E+013  9.919E-013  4.235E+008  2.715E+007
 1.710E+013  1.007E-012  4.235E+008  2.747E+007
 1.730E+013  1.023E-012  4.235E+008  2.780E+007
 1.750E+013  1.040E-012  4.235E+008  2.812E+007
 1.770E+013  1.058E-012  4.235E+008  2.844E+007
 1.790E+013  1.079E-012  4.235E+008  2.877E+007
 1.810E+013  1.100E-012  4.235E+008  2.909E+007
 1.830E+013  1.124E-012  4.235E+008  2.941E+007
 1.850E+013  1.149E-012  4.235E+008  2.974E+007
 1.870E+013  1.177E-012  4.235E+008  3.006E+007
 1.890E+013  1.206E-012  4.235E+008  3.038E+007
 1.910E+013  1.238E-012  4.235E+008  3.071E+007
 1.930E+013  1.272E-012  4.235E+008  3.103E+007
 1.950E+013  1.309E-012  4.235E+008  3.135E+007
 1.970E+013  1.348E-012  4.235E+008  3.168E+007
 1.990E+013  1.390E-012  4.235E+008  3.200E+007
 2.010E+013  1.436E-012  4.235E+008  3.232E+007
 2.030E+013  1.485E-012  4.235E+008  3.265E+007
 2.050E+013  1.537E-012  4.235E+008  3.297E+007
 2.070E+013  1.593E-012  4.235E+008  3.330E+007
 2.090E+013  1.653E-012  4.235E+008  3.362E+007
 2.110E+013  1.718E-012  4.235E+008  3.394E+007
 2.130E+013  1.787E-012  4.235E+008  3.427E+007
 2.150E+013  1.861E-012  4.235E+008  3.459E+007
 2.170E+013  1.941E-012  4.235E+008  3.491E+007
 2.190E+013  2.026E-012  4.235E+008  3.524E+007
 2.210E+013  2.116E-012  4.235E+008  3.556E+007
 2.230E+013  2.213E-012  4.235E+008  3.589E+007
 2.250E+013  2.317E-012  4.235E+008  3.621E+007
 2.270E+013  2.427E-012  4.235E+008  3.653E+007
 2.290E+013  2.545E-012  4.235E+008  3.686E+007
 2.310E+013  2.670E-012  4.235E+008  3.718E+007
 2.330E+013  2.802E-012  4.235E+008  3.750E+007
 2.350E+013  2.943E-012  4.235E+008  3.783E+007
 2.370E+013  3.093E-012  4.235E+008  3.815E+007
 2.390E+013  3.251E-012  4.235E+008  3.847E+007
 2.410E+013  3.418E-012  4.235E+008  3.880E+007
 2.430E+013  3.595E-012  4.235E+008  3.912E+007
 2.450E+013  3.781E-012  4.235E+008  3.945E+007
 2.470E+013  3.976E-012  4.235E+008  3.977E+007
 2.490E+013  4.181E-012  4.235E+008  4.009E+007
 2.510E+013  4.395E-012  4.235E+008  4.041E+007
 2.530E+013  4.620E-012  4.235E+008  4.074E+007
 2.550E+013  4.853E-012  4.235E+008  4.106E+007
 2.570E+013  5.096E-012  4.235E+008  4.138E+007
 2.590E+013  5.348E-012  4.235E+008  4.171E+007
 2.610E+013  5.609E-012  4.235E+008  4.203E+007
 2.630E+013  5.879E-012  4.235E+008  4.235E+007
 2.650E+013  6.156E-012  4.235E+008  4.268E+007
 2.670E+013  6.442E-012  4.235E+008  4.300E+007
 2.690E+013  6.735E-012  4.235E+008  4.332E+007
 2.710E+013  7.034E-012  4.235E+008  4.364E+007
 2.730E+013  7.341E-012  4.235E+008  4.397E+007
 2.750E+013  7.653E-012  4.235E+008  4.429E+007
 2.770E+013  7.971E-012  4.235E+008  4.461E+007
 2.790E+013  8.293E-012  4.235E+008  4.494E+007
 2.810E+013  8.621E-012  4.235E+008  4.526E+007
 2.830E+013  8.953E-012  4.235E+008  4.558E+007
 2.850E+013  9.288E-012  4.235E+008  4.590E+007
 2.870E+013  9.628E-012  4.235E+008  4.623E+007
 2.890E+013  9.970E-012  4.236E+008  4.655E+007
 2.910E+013  1.032E-011  4.236E+008  4.687E+007
 2.930E+013  1.067E-011  4.236E+008  4.720E+007
 2.950E+013  1.102E-011  4.236E+008  4.752E+007
 2.970E+013  1.137E-011  4.236E+008  4.784E+007
 2.990E+013  1.173E-011  4.236E+008  4.816E+007
 3.010E+013  1.209E-011  4.236E+008  4.849E+007
 3.030E+013  1.245E-011  4.236E+008  4.881E+007
 3.050E+013  1.282E-011  4.236E+008  4.913E+007
 3.070E+013  1.319E-011  4.236E+008  4.946E+007
 3.090E+013  1.357E-011  4.236E+008  4.978E+007
 3.110E+013  1.395E-011  4.236E+008  5.010E+007
 3.130E+013  1.433E-011  4.236E+008  5.043E+007
 3.150E+013  1.472E-011  4.236E+008  5.075E+007
 3.170E+013  1.511E-011  4.236E+008  5.107E+007
 3.190E+013  1.551E-011  4.236E+008  5.139E+007
 3.210E+013  1.591E-011  4.236E+008  5.172E+007
 3.230E+013  1.632E-011  4.236E+008  5.204E+007
 3.250E+013  1.674E-011  4.236E+008  5.236E+007
 3.270E+013  1.716E-011  4.236E+008  5.269E+007
 3.290E+013  1.759E-011  4.236E+008  5.301E+007
 3.310E+013  1.803E-011  4.236E+008  5.333E+007
 3.330E+013  1.848E-011  4.236E+008  5.366E+007
 3.350E+013  1.893E-011  4.236E+008  5.398E+007
 3.370E+013  1.940E-011  4.236E+008  5.430E+007
 3.390E+013  1.988E-011  4.236E+008  5.463E+007
 3.410E+013  2.036E-011  4.236E+008  5.495E+007
 3.430E+013  2.086E-011  4.236E+008  5.527E+007
 3.450E+013  2.137E-011  4.236E+008  5.560E+007
 3.470E+013  2.189E-011  4.236E+008  5.592E+007
 3.490E+013  2.243E-011  4.236E+008  5.624E+007
 3.510E+013  2.297E-011  4.236E+008  5.657E+007
 3.530E+013  2.353E-011  4.236E+008  5.689E+007
 3.550E+013  2.411E-011  4.236E+008  5.721E+007
 3.570E+013  2.470E-011  4.236E+008  5.754E+007
 3.590E+013  2.531E-011  4.236E+008  5.786E+007
 3.610E+013  2.593E-011  4.236E+008  5.818E+007
 3.630E+013  2.656E-011  4.236E+008  5.851E+007
 3.650E+013  2.722E-011  4.236E+008  5.883E+007
 3.670E+013  2.789E-011  4.236E+008  5.915E+007
 3.690E+013  2.857E-011  4.236E+008  5.948E+007
 3.710E+013  2.928E-011  4.236E+008  5.980E+007
 3.730E+013  3.000E-011  4.236E+008  6.012E+007
 3.750E+013  3.074E-011  4.236E+008  6.045E+007
 3.770E+013  3.150E-011  4.236E+008  6.077E+007
 3.790E+013  3.228E-011  4.236E+008  6.109E+007
 3.810E+013  3.307E-011  4.236E+008  6.142E+007
 3.830E+013  3.389E-011  4.236E+008  6.174E+007
 3.850E+013  3.472E-011  4.236E+008  6.206E+007
 3.870E+013  3.557E-011  4.236E+008  6.239E+007
 3.890E+013  3.644E-011  4.236E+008  6.271E+007
 3.910E+013  3.733E-011  4.236E+008  6.303E+007
 3.930E+013  3.824E-011  4.236E+008  6.336E+007
 3.950E+013  3.917E-011  4.237E+008  6.368E+007
 3.970E+013  4.012E-011  4.237E+008  6.400E+007
 3.990E+013  4.108E-011  4.237E+008  6.433E+007
 4.010E+013  4.206E-011  4.237E+008  6.465E+007
 4.030E+013  4.306E-011  4.237E+008  6.497E+007
 4.050E+013  4.408E-011  4.237E+008  6.530E+007
 4.070E+013  4.512E-011  4.237E+008  6.562E+007
 4.090E+013  4.617E-011  4.237E+008  6.594E+007
 4.110E+013  4.724E-011  4.237E+008  6.627E+007
 4.130E+013  4.833E-011  4.237E+008  6.659E+007
 4.150E+013  4.943E-011  4.237E+008  6.691E+007
 4.170E+013  5.056E-011  4.237E+008  6.724E+007
 4.190E+013  5.169E-011  4.237E+008  6.756E+007
 4.210E+013  5.285E-011  4.237E+008  6.788E+007
 4.230E+013  5.402E-011  4.237E+008  6.821E+007
 4.250E+013  5.521E-011  4.237E+008  6.853E+007
 4.270E+013  5.642E-011  4.237E+008  6.885E+007
 4.290E+013  5.764E-011  4.237E+008  6.918E+007
 4.310E+013  5.888E-011  4.237E+008  6.950E+007
 4.330E+013  6.014E-011  4.237E+008  6.982E+007
 4.350E+013  6.142E-011  4.238E+008  7.015E+007
 4.370E+013  6.272E-011  4.238E+008  7.047E+007
 4.390E+013  6.403E-011  4.238E+008  7.079E+007
 4.410E+013  6.536E-011  4.238E+008  7.112E+007
 4.430E+013  6.671E-011  4.238E+008  7.144E+007
 4.450E+013  6.809E-011  4.238E+008  7.177E+007
 4.470E+013  6.948E-011  4.238E+008  7.209E+007
 4.490E+013  7.090E-011  4.238E+008  7.241E+007
 4.510E+013  7.233E-011  4.238E+008  7.274E+007
 4.530E+013  7.379E-011  4.238E+008  7.306E+007
 4.550E+013  7.528E-011  4.238E+008  7.338E+007
 4.570E+013  7.679E-011  4.238E+008  7.371E+007
 4.590E+013  7.832E-011  4.238E+008  7.403E+007
 4.610E+013  7.988E-011  4.239E+008  7.435E+007
 4.630E+013  8.146E-011  4.239E+008  7.468E+007
 4.650E+013  8.308E-011  4.239E+008  7.500E+007
 4.670E+013  8.472E-011  4.239E+008  7.533E+007
 4.690E+013  8.639E-011  4.239E+008  7.565E+007
 4.710E+013  8.809E-011  4.239E+008  7.597E+007
 4.730E+013  8.982E-011  4.239E+008  7.630E+007
 4.750E+013  9.159E-011  4.239E+008  7.662E+007
 4.770E+013  9.338E-011  4.239E+008  7.694E+007
 4.790E+013  9.521E-011  4.239E+008  7.727E+007
 4.810E+013  9.708E-011  4.240E+008  7.759E+007
 4.830E+013  9.897E-011  4.240E+008  7.792E+007
 4.850E+013  1.009E-010  4.240E+008  7.824E+007
 4.870E+013  1.029E-010  4.240E+008  7.856E+007
 4.890E+013  1.049E-010  4.240E+008  7.889E+007
 4.910E+013  1.069E-010  4.240E+008  7.921E+007
 4.930E+013  1.090E-010  4.240E+008  7.954E+007
 4.950E+013  1.111E-010  4.240E+008  7.986E+007
 4.970E+013  1.133E-010  4.241E+008  8.018E+007
 4.990E+013  1.155E-010  4.241E+008  8.051E+007
 5.010E+013  1.177E-010  4.241E+008  8.083E+007
 5.030E+013  1.200E-010  4.241E+008  8.116E+007
 5.050E+013  1.223E-010  4.241E+008  8.148E+007
 5.070E+013  1.246E-010  4.241E+008  8.180E+007
 5.090E+013  1.270E-010  4.241E+008  8.213E+007
 5.110E+013  1.294E-010  4.242E+008  8.245E+007
 5.130E+013  1.319E-010  4.242E+008  8.278E+007
 5.150E+013  1.344E-010  4.242E+008  8.310E+007
 5.170E+013  1.370E-010  4.242E+008  8.342E+007
 5.190E+013  1.396E-010  4.242E+008  8.375E+007
 5.210E+013  1.422E-010  4.242E+008  8.407E+007
 5.230E+013  1.449E-010  4.243E+008  8.440E+007
 5.250E+013  1.476E-010  4.243E+008  8.472E+007
 5.270E+013  1.503E-010  4.243E+008  8.505E+007
 5.290E+013  1.531E-010  4.243E+008  8.537E+007
 5.310E+013  1.560E-010  4.243E+008  8.569E+007
 5.330E+013  1.589E-010  4.244E+008  8.602E+007
 5.350E+013  1.618E-010  4.244E+008  8.634E+007
 5.370E+013  1.647E-010  4.244E+008  8.667E+007
 5.390E+013  1.677E-010  4.244E+008  8.699E+007
 5.410E+013  1.708E-010  4.244E+008  8.732E+007
 5.430E+013  1.739E-010  4.245E+008  8.764E+007
 5.450E+013  1.770E-010  4.245E+008  8.797E+007
 5.470E+013  1.802E-010  4.245E+008  8.829E+007
 5.490E+013  1.834E-010  4.245E+008  8.862E+007
 5.510E+013  1.867E-010  4.246E+008  8.894E+007
 5.530E+013  1.900E-010  4.246E+008  8.926E+007
 5.550E+013  1.934E-010  4.246E+008  8.959E+007
 5.570E+013  1.968E-010  4.246E+008  8.991E+007
 5.590E+013  2.002E-010  4.247E+008  9.024E+007
 5.610E+013  2.037E-010  4.247E+008  9.056E+007
 5.630E+013  2.073E-010  4.247E+008  9.089E+007
 5.650E+013  2.109E-010  4.248E+008  9.121E+007
 5.670E+013  2.145E-010  4.248E+008  9.154E+007
 5.690E+013  2.182E-010  4.248E+008  9.186E+007
 5.710E+013  2.220E-010  4.248E+008  9.219E+007
 5.730E+013  2.258E-010  4.249E+008  9.251E+007
 5.750E+013  2.296E-010  4.249E+008  9.284E+007
 5.770E+013  2.335E-010  4.249E+008  9.317E+007
 5.790E+013  2.375E-010  4.250E+008  9.349E+007
 5.810E+013  2.415E-010  4.250E+008  9.382E+007
 5.830E+013  2.455E-010  4.250E+008  9.414E+007
 5.850E+013  2.497E-010  4.251E+008  9.447E+007
 5.870E+013  2.538E-010  4.251E+008  9.479E+007
 5.890E+013  2.580E-010  4.252E+008  9.512E+007
 5.910E+013  2.623E-010  4.252E+008  9.544E+007
 5.930E+013  2.666E-010  4.252E+008  9.577E+007
 5.950E+013  2.710E-010  4.253E+008  9.610E+007
 5.970E+013  2.755E-010  4.253E+008  9.642E+007
 5.990E+013  2.800E-010  4.254E+008  9.675E+007
 6.010E+013  2.845E-010  4.254E+008  9.707E+007
 6.030E+013  2.891E-010  4.254E+008  9.740E+007
 6.050E+013  2.938E-010  4.255E+008  9.773E+007
 6.070E+013  2.985E-010  4.255E+008  9.805E+007
 6.090E+013  3.033E-010  4.256E+008  9.838E+007
 6.110E+013  3.081E-010  4.256E+008  9.870E+007
 6.130E+013  3.130E-010  4.257E+008  9.903E+007
 6.150E+013  3.180E-010  4.257E+008  9.936E+007
 6.170E+013  3.230E-010  4.258E+008  9.968E+007
 6.190E+013  3.281E-010  4.258E+008  1.000E+008
 6.210E+013  3.332E-010  4.259E+008  1.003E+008
 6.230E+013  3.384E-010  4.259E+008  1.007E+008
 6.250E+013  3.437E-010  4.260E+008  1.010E+008
 6.270E+013  3.490E-010  4.260E+008  1.013E+008
 6.290E+013  3.544E-010  4.261E+008  1.016E+008
 6.310E+013  3.599E-010  4.261E+008  1.020E+008
 6.330E+013  3.654E-010  4.262E+008  1.023E+008
 6.350E+013  3.710E-010  4.262E+008  1.026E+008
 6.370E+013  3.767E-010  4.263E+008  1.030E+008
 6.390E+013  3.824E-010  4.264E+008  1.033E+008
 6.410E+013  3.882E-010  4.264E+008  1.036E+008
 6.430E+013  3.940E-010  4.265E+008  1.039E+008
 6.450E+013  4.000E-010  4.265E+008  1.043E+008
 6.470E+013  4.060E-010  4.266E+008  1.046E+008
 6.490E+013  4.121E-010  4.267E+008  1.049E+008
 6.510E+013  4.182E-010  4.267E+008  1.052E+008
 6.530E+013  4.245E-010  4.268E+008  1.056E+008
 6.550E+013  4.308E-010  4.269E+008  1.059E+008
 6.570E+013  4.371E-010  4.269E+008  1.062E+008
 6.590E+013  4.436E-010  4.270E+008  1.066E+008
 6.610E+013  4.502E-010  4.271E+008  1.069E+008
 6.630E+013  4.568E-010  4.272E+008  1.072E+008
 6.650E+013  4.635E-010  4.272E+008  1.075E+008
 6.670E+013  4.703E-010  4.273E+008  1.079E+008
 6.690E+013  4.772E-010  4.274E+008  1.082E+008
 6.710E+013  4.842E-010  4.275E+008  1.085E+008
 6.730E+013  4.912E-010  4.275E+008  1.089E+008
 6.750E+013  4.984E-010  4.276E+008  1.092E+008
 6.770E+013  5.056E-010  4.277E+008  1.095E+008
 6.790E+013  5.129E-010  4.278E+008  1.099E+008
 6.810E+013  5.203E-010  4.279E+008  1.102E+008
 6.830E+013  5.278E-010  4.280E+008  1.105E+008
 6.850E+013  5.354E-010  4.281E+008  1.108E+008
 6.870E+013  5.431E-010  4.281E+008  1.112E+008
 6.890E+013  5.509E-010  4.282E+008  1.115E+008
 6.910E+013  5.588E-010  4.283E+008  1.118E+008
 6.930E+013  5.668E-010  4.284E+008  1.122E+008
 6.950E+013  5.749E-010  4.285E+008  1.125E+008
 6.970E+013  5.830E-010  4.286E+008  1.128E+008
 6.990E+013  5.913E-010  4.287E+008  1.132E+008
 7.010E+013  5.997E-010  4.288E+008  1.135E+008
 7.030E+013  6.082E-010  4.289E+008  1.138E+008
 7.050E+013  6.168E-010  4.290E+008  1.141E+008
 7.070E+013  6.254E-010  4.292E+008  1.145E+008
 7.090E+013  6.342E-010  4.293E+008  1.148E+008
 7.110E+013  6.431E-010  4.294E+008  1.151E+008
 7.130E+013  6.521E-010  4.295E+008  1.155E+008
 7.150E+013  6.612E-010  4.296E+008  1.158E+008
 7.170E+013  6.704E-010  4.297E+008  1.161E+008
 7.190E+013  6.798E-010  4.298E+008  1.165E+008
 7.210E+013  6.892E-010  4.300E+008  1.168E+008
 7.230E+013  6.987E-010  4.301E+008  1.171E+008
 7.250E+013  7.084E-010  4.302E+008  1.175E+008
 7.270E+013  7.181E-010  4.303E+008  1.178E+008
 7.290E+013  7.280E-010  4.305E+008  1.181E+008
 7.310E+013  7.380E-010  4.306E+008  1.185E+008
 7.330E+013  7.481E-010  4.307E+008  1.188E+008
 7.350E+013  7.583E-010  4.309E+008  1.191E+008
 7.370E+013  7.686E-010  4.310E+008  1.195E+008
 7.390E+013  7.790E-010  4.311E+008  1.198E+008
 7.410E+013  7.896E-010  4.313E+008  1.201E+008
 7.430E+013  8.002E-010  4.314E+008  1.205E+008
 7.450E+013  8.110E-010  4.316E+008  1.208E+008
 7.470E+013  8.219E-010  4.317E+008  1.211E+008
 7.490E+013  8.330E-010  4.319E+008  1.215E+008
 7.510E+013  8.441E-010  4.320E+008  1.218E+008
 7.530E+013  8.554E-010  4.322E+008  1.222E+008
 7.550E+013  8.668E-010  4.324E+008  1.225E+008
 7.570E+013  8.783E-010  4.325E+008  1.228E+008
 7.590E+013  8.899E-010  4.327E+008  1.232E+008
 7.610E+013  9.017E-010  4.329E+008  1.235E+008
 7.630E+013  9.136E-010  4.330E+008  1.238E+008
 7.650E+013  9.256E-010  4.332E+008  1.242E+008
 7.670E+013  9.378E-010  4.334E+008  1.245E+008
 7.690E+013  9.501E-010  4.336E+008  1.249E+008
 7.710E+013  9.625E-010  4.337E+008  1.252E+008
 7.730E+013  9.751E-010  4.339E+008  1.255E+008
 7.750E+013  9.877E-010  4.341E+008  1.259E+008
 7.770E+013  1.001E-009  4.343E+008  1.262E+008
 7.790E+013  1.014E-009  4.345E+008  1.266E+008
 7.810E+013  1.027E-009  4.347E+008  1.269E+008
 7.830E+013  1.040E-009  4.349E+008  1.272E+008
 7.850E+013  1.053E-009  4.351E+008  1.276E+008
 7.870E+013  1.067E-009  4.353E+008  1.279E+008
 7.890E+013  1.080E-009  4.355E+008  1.283E+008
 7.910E+013  1.094E-009  4.357E+008  1.286E+008
 7.930E+013  1.108E-009  4.359E+008  1.289E+008
 7.950E+013  1.122E-009  4.362E+008  1.293E+008
 7.970E+013  1.137E-009  4.364E+008  1.296E+008
 7.990E+013  1.151E-009  4.366E+008  1.300E+008
 8.010E+013  1.166E-009  4.368E+008  1.303E+008
 8.030E+013  1.180E-009  4.371E+008  1.306E+008
 8.050E+013  1.195E-009  4.373E+008  1.310E+008
 8.070E+013  1.210E-009  4.376E+008  1.313E+008
 8.090E+013  1.225E-009  4.378E+008  1.317E+008
 8.110E+013  1.241E-009  4.381E+008  1.320E+008
 8.130E+013  1.256E-009  4.383E+008  1.324E+008
 8.150E+013  1.272E-009  4.386E+008  1.327E+008
 8.170E+013  1.288E-009  4.388E+008  1.331E+008
 8.190E+013  1.304E-009  4.391E+008  1.334E+008
 8.210E+013  1.320E-009  4.394E+008  1.338E+008
 8.230E+013  1.337E-009  4.396E+008  1.341E+008
 8.250E+013  1.353E-009  4.399E+008  1.345E+008
 8.270E+013  1.370E-009  4.402E+008  1.348E+008
 8.290E+013  1.387E-009  4.405E+008  1.351E+008
 8.310E+013  1.404E-009  4.408E+008  1.355E+008
 8.330E+013  1.421E-009  4.411E+008  1.358E+008
 8.350E+013  1.439E-009  4.413E+008  1.362E+008
 8.370E+013  1.457E-009  4.417E+008  1.365E+008
 8.390E+013  1.474E-009  4.420E+008  1.369E+008
 8.410E+013  1.492E-009  4.423E+008  1.372E+008
 8.430E+013  1.511E-009  4.426E+008  1.376E+008
 8.450E+013  1.529E-009  4.429E+008  1.380E+008
 8.470E+013  1.548E-009  4.432E+008  1.383E+008
 8.490E+013  1.567E-009  4.436E+008  1.387E+008
 8.510E+013  1.586E-009  4.439E+008  1.390E+008
 8.530E+013  1.605E-009  4.442E+008  1.394E+008
 8.550E+013  1.625E-009  4.446E+008  1.397E+008
 8.570E+013  1.644E-009  4.449E+008  1.401E+008
 8.590E+013  1.664E-009  4.453E+008  1.404E+008
 8.610E+013  1.684E-009  4.457E+008  1.407E+008
 8.630E+013  1.705E-009  4.463E+008  1.410E+008
 8.650E+013  1.727E-009  4.471E+008  1.412E+008
 8.670E+013  1.749E-009  4.482E+008  1.411E+008
 8.690E+013  1.774E-009  4.500E+008  1.408E+008
 8.710E+013  1.802E-009  4.532E+008  1.397E+008
 8.730E+013  1.838E-009  4.593E+008  1.373E+008
 8.750E+013  1.888E-009  4.710E+008  1.321E+008
 8.770E+013  1.956E-009  4.902E+008  1.223E+008
 8.790E+013  2.042E-009  5.163E+008  1.082E+008
 8.810E+013  2.133E-009  5.436E+008  9.198E+007
 8.830E+013  2.205E-009  5.625E+008  7.890E+007
 8.850E+013  2.248E-009  5.685E+008  7.304E+007
 8.870E+013  2.275E-009  5.675E+008  7.344E+007
 8.890E+013  2.305E-009  5.679E+008  7.499E+007
 8.910E+013  2.343E-009  5.711E+008  7.503E+007
 8.930E+013  2.384E-009  5.757E+008  7.390E+007
 8.950E+013  2.429E-009  5.811E+008  7.222E+007
 8.970E+013  2.473E-009  5.862E+008  7.047E+007
 8.990E+013  2.517E-009  5.907E+008  6.905E+007
 9.010E+013  2.560E-009  5.947E+008  6.800E+007
 9.030E+013  2.603E-009  5.985E+008  6.716E+007
 9.050E+013  2.647E-009  6.023E+008  6.638E+007
 9.070E+013  2.692E-009  6.062E+008  6.561E+007
 9.090E+013  2.737E-009  6.102E+008  6.484E+007
 9.110E+013  2.783E-009  6.141E+008  6.410E+007
 9.130E+013  2.830E-009  6.180E+008  6.338E+007
 9.150E+013  2.878E-009  6.219E+008  6.271E+007
 9.170E+013  2.926E-009  6.258E+008  6.208E+007
 9.190E+013  2.976E-009  6.297E+008  6.148E+007
 9.210E+013  3.025E-009  6.336E+008  6.091E+007
 9.230E+013  3.076E-009  6.375E+008  6.036E+007
 9.250E+013  3.128E-009  6.414E+008  5.984E+007
 9.270E+013  3.180E-009  6.453E+008  5.934E+007
 9.290E+013  3.233E-009  6.493E+008  5.886E+007
 9.310E+013  3.287E-009  6.533E+008  5.841E+007
 9.330E+013  3.342E-009  6.573E+008  5.797E+007
 9.350E+013  3.398E-009  6.613E+008  5.755E+007
 9.370E+013  3.455E-009  6.653E+008  5.715E+007
 9.390E+013  3.513E-009  6.694E+008  5.676E+007
 9.410E+013  3.571E-009  6.735E+008  5.639E+007
 9.430E+013  3.631E-009  6.776E+008  5.604E+007
 9.450E+013  3.692E-009  6.818E+008  5.569E+007
 9.470E+013  3.754E-009  6.860E+008  5.537E+007
 9.490E+013  3.817E-009  6.902E+008  5.505E+007
 9.510E+013  3.881E-009  6.945E+008  5.475E+007
 9.530E+013  3.946E-009  6.988E+008  5.446E+007
 9.550E+013  4.012E-009  7.031E+008  5.418E+007
 9.570E+013  4.079E-009  7.075E+008  5.391E+007
 9.590E+013  4.148E-009  7.120E+008  5.365E+007
 9.610E+013  4.218E-009  7.165E+008  5.340E+007
 9.630E+013  4.289E-009  7.210E+008  5.316E+007
 9.650E+013  4.362E-009  7.256E+008  5.293E+007
 9.670E+013  4.435E-009  7.303E+008  5.271E+007
 9.690E+013  4.510E-009  7.350E+008  5.249E+007
 9.710E+013  4.587E-009  7.397E+008  5.229E+007
 9.730E+013  4.665E-009  7.445E+008  5.209E+007
 9.750E+013  4.744E-009  7.494E+008  5.190E+007
 9.770E+013  4.825E-009  7.543E+008  5.172E+007
 9.790E+013  4.907E-009  7.593E+008  5.154E+007
 9.810E+013  4.991E-009  7.644E+008  5.137E+007
 9.830E+013  5.076E-009  7.695E+008  5.121E+007
 9.850E+013  5.163E-009  7.747E+008  5.105E+007
 9.870E+013  5.251E-009  7.800E+008  5.090E+007
 9.890E+013  5.342E-009  7.853E+008  5.076E+007
 9.910E+013  5.434E-009  7.907E+008  5.062E+007
 9.930E+013  5.527E-009  7.962E+008  5.049E+007
 9.950E+013  5.624E-009  8.018E+008  5.036E+007
 9.970E+013  5.715E-009  8.074E+008  5.024E+007
 9.990E+013  5.858E-009  8.131E+008  5.012E+007
 1.001E+014  1.000E-099  1.000E-099  5.012E+007
 1.003E+014  1.000E-099  1.000E-099  5.012E+007
 4.757E-003
