 1.740E+005
     x1b        dens       energ       v1
 1.000E+011  6.321E-013  3.538E+008  0.000E+000
 3.000E+011  6.322E-013  3.538E+008  2.697E+005
 5.000E+011  6.325E-013  3.538E+008  5.609E+005
 7.000E+011  6.331E-013  3.538E+008  8.342E+005
 9.000E+011  6.341E-013  3.538E+008  1.116E+006
 1.100E+012  6.357E-013  3.538E+008  1.393E+006
 1.300E+012  6.378E-013  3.538E+008  1.672E+006
 1.500E+012  6.405E-013  3.538E+008  1.950E+006
 1.700E+012  6.439E-013  3.538E+008  2.229E+006
 1.900E+012  6.479E-013  3.538E+008  2.508E+006
 2.100E+012  6.525E-013  3.538E+008  2.787E+006
 2.300E+012  6.576E-013  3.538E+008  3.065E+006
 2.500E+012  6.632E-013  3.538E+008  3.344E+006
 2.700E+012  6.693E-013  3.538E+008  3.623E+006
 2.900E+012  6.756E-013  3.538E+008  3.901E+006
 3.100E+012  6.823E-013  3.538E+008  4.180E+006
 3.300E+012  6.891E-013  3.538E+008  4.459E+006
 3.500E+012  6.961E-013  3.538E+008  4.737E+006
 3.700E+012  7.032E-013  3.538E+008  5.016E+006
 3.900E+012  7.104E-013  3.538E+008  5.295E+006
 4.100E+012  7.175E-013  3.538E+008  5.573E+006
 4.300E+012  7.247E-013  3.538E+008  5.852E+006
 4.500E+012  7.318E-013  3.538E+008  6.131E+006
 4.700E+012  7.388E-013  3.538E+008  6.409E+006
 4.900E+012  7.457E-013  3.538E+008  6.688E+006
 5.100E+012  7.522E-013  3.538E+008  6.966E+006
 5.300E+012  7.584E-013  3.538E+008  7.245E+006
 5.500E+012  7.640E-013  3.538E+008  7.524E+006
 5.700E+012  7.688E-013  3.538E+008  7.802E+006
 5.900E+012  7.726E-013  3.538E+008  8.081E+006
 6.100E+012  7.751E-013  3.538E+008  8.360E+006
 6.300E+012  7.763E-013  3.538E+008  8.638E+006
 6.500E+012  7.765E-013  3.538E+008  8.917E+006
 6.700E+012  7.766E-013  3.538E+008  9.196E+006
 6.900E+012  7.766E-013  3.538E+008  9.474E+006
 7.100E+012  7.766E-013  3.538E+008  9.753E+006
 7.300E+012  7.766E-013  3.538E+008  1.003E+007
 7.500E+012  7.765E-013  3.538E+008  1.031E+007
 7.700E+012  7.765E-013  3.538E+008  1.059E+007
 7.900E+012  7.764E-013  3.538E+008  1.087E+007
 8.100E+012  7.763E-013  3.538E+008  1.115E+007
 8.300E+012  7.762E-013  3.538E+008  1.142E+007
 8.500E+012  7.759E-013  3.538E+008  1.170E+007
 8.700E+012  7.757E-013  3.538E+008  1.198E+007
 8.900E+012  7.753E-013  3.538E+008  1.226E+007
 9.100E+012  7.749E-013  3.538E+008  1.254E+007
 9.300E+012  7.745E-013  3.538E+008  1.282E+007
 9.500E+012  7.739E-013  3.538E+008  1.310E+007
 9.700E+012  7.734E-013  3.538E+008  1.338E+007
 9.900E+012  7.730E-013  3.538E+008  1.365E+007
 1.010E+013  7.726E-013  3.538E+008  1.393E+007
 1.030E+013  7.725E-013  3.538E+008  1.421E+007
 1.050E+013  7.725E-013  3.538E+008  1.449E+007
 1.070E+013  7.725E-013  3.538E+008  1.477E+007
 1.090E+013  7.725E-013  3.538E+008  1.505E+007
 1.110E+013  7.725E-013  3.538E+008  1.533E+007
 1.130E+013  7.725E-013  3.538E+008  1.560E+007
 1.150E+013  7.726E-013  3.538E+008  1.588E+007
 1.170E+013  7.727E-013  3.538E+008  1.616E+007
 1.190E+013  7.729E-013  3.538E+008  1.644E+007
 1.210E+013  7.731E-013  3.538E+008  1.672E+007
 1.230E+013  7.735E-013  3.538E+008  1.700E+007
 1.250E+013  7.739E-013  3.538E+008  1.728E+007
 1.270E+013  7.745E-013  3.538E+008  1.756E+007
 1.290E+013  7.752E-013  3.538E+008  1.783E+007
 1.310E+013  7.761E-013  3.538E+008  1.811E+007
 1.330E+013  7.771E-013  3.538E+008  1.839E+007
 1.350E+013  7.784E-013  3.538E+008  1.867E+007
 1.370E+013  7.799E-013  3.538E+008  1.895E+007
 1.390E+013  7.816E-013  3.538E+008  1.923E+007
 1.410E+013  7.836E-013  3.538E+008  1.951E+007
 1.430E+013  7.859E-013  3.538E+008  1.978E+007
 1.450E+013  7.886E-013  3.538E+008  2.006E+007
 1.470E+013  7.915E-013  3.538E+008  2.034E+007
 1.490E+013  7.949E-013  3.538E+008  2.062E+007
 1.510E+013  7.987E-013  3.538E+008  2.090E+007
 1.530E+013  8.029E-013  3.538E+008  2.118E+007
 1.550E+013  8.076E-013  3.538E+008  2.146E+007
 1.570E+013  8.128E-013  3.538E+008  2.174E+007
 1.590E+013  8.186E-013  3.538E+008  2.201E+007
 1.610E+013  8.250E-013  3.538E+008  2.229E+007
 1.630E+013  8.319E-013  3.538E+008  2.257E+007
 1.650E+013  8.395E-013  3.538E+008  2.285E+007
 1.670E+013  8.479E-013  3.538E+008  2.313E+007
 1.690E+013  8.570E-013  3.538E+008  2.341E+007
 1.710E+013  8.668E-013  3.538E+008  2.369E+007
 1.730E+013  8.776E-013  3.538E+008  2.396E+007
 1.750E+013  8.892E-013  3.538E+008  2.424E+007
 1.770E+013  9.018E-013  3.538E+008  2.452E+007
 1.790E+013  9.155E-013  3.538E+008  2.480E+007
 1.810E+013  9.302E-013  3.538E+008  2.508E+007
 1.830E+013  9.461E-013  3.538E+008  2.536E+007
 1.850E+013  9.633E-013  3.538E+008  2.564E+007
 1.870E+013  9.817E-013  3.538E+008  2.592E+007
 1.890E+013  1.002E-012  3.538E+008  2.620E+007
 1.910E+013  1.023E-012  3.538E+008  2.647E+007
 1.930E+013  1.046E-012  3.538E+008  2.675E+007
 1.950E+013  1.071E-012  3.538E+008  2.703E+007
 1.970E+013  1.097E-012  3.538E+008  2.731E+007
 1.990E+013  1.126E-012  3.538E+008  2.759E+007
 2.010E+013  1.156E-012  3.538E+008  2.787E+007
 2.030E+013  1.189E-012  3.538E+008  2.815E+007
 2.050E+013  1.224E-012  3.538E+008  2.843E+007
 2.070E+013  1.262E-012  3.538E+008  2.871E+007
 2.090E+013  1.302E-012  3.538E+008  2.898E+007
 2.110E+013  1.345E-012  3.538E+008  2.926E+007
 2.130E+013  1.391E-012  3.538E+008  2.954E+007
 2.150E+013  1.441E-012  3.538E+008  2.982E+007
 2.170E+013  1.494E-012  3.538E+008  3.010E+007
 2.190E+013  1.550E-012  3.538E+008  3.038E+007
 2.210E+013  1.611E-012  3.538E+008  3.066E+007
 2.230E+013  1.675E-012  3.538E+008  3.094E+007
 2.250E+013  1.744E-012  3.538E+008  3.122E+007
 2.270E+013  1.817E-012  3.538E+008  3.150E+007
 2.290E+013  1.896E-012  3.538E+008  3.178E+007
 2.310E+013  1.979E-012  3.538E+008  3.205E+007
 2.330E+013  2.068E-012  3.538E+008  3.233E+007
 2.350E+013  2.163E-012  3.538E+008  3.261E+007
 2.370E+013  2.264E-012  3.538E+008  3.289E+007
 2.390E+013  2.371E-012  3.538E+008  3.317E+007
 2.410E+013  2.484E-012  3.538E+008  3.345E+007
 2.430E+013  2.604E-012  3.538E+008  3.373E+007
 2.450E+013  2.731E-012  3.538E+008  3.401E+007
 2.470E+013  2.866E-012  3.538E+008  3.429E+007
 2.490E+013  3.007E-012  3.538E+008  3.457E+007
 2.510E+013  3.157E-012  3.538E+008  3.484E+007
 2.530E+013  3.314E-012  3.538E+008  3.512E+007
 2.550E+013  3.479E-012  3.538E+008  3.540E+007
 2.570E+013  3.652E-012  3.538E+008  3.568E+007
 2.590E+013  3.833E-012  3.538E+008  3.596E+007
 2.610E+013  4.022E-012  3.538E+008  3.624E+007
 2.630E+013  4.220E-012  3.538E+008  3.652E+007
 2.650E+013  4.425E-012  3.538E+008  3.680E+007
 2.670E+013  4.637E-012  3.538E+008  3.707E+007
 2.690E+013  4.858E-012  3.538E+008  3.735E+007
 2.710E+013  5.085E-012  3.538E+008  3.763E+007
 2.730E+013  5.320E-012  3.538E+008  3.791E+007
 2.750E+013  5.562E-012  3.538E+008  3.819E+007
 2.770E+013  5.810E-012  3.538E+008  3.847E+007
 2.790E+013  6.064E-012  3.538E+008  3.874E+007
 2.810E+013  6.324E-012  3.538E+008  3.902E+007
 2.830E+013  6.589E-012  3.538E+008  3.930E+007
 2.850E+013  6.859E-012  3.538E+008  3.958E+007
 2.870E+013  7.134E-012  3.538E+008  3.986E+007
 2.890E+013  7.414E-012  3.538E+008  4.014E+007
 2.910E+013  7.697E-012  3.538E+008  4.041E+007
 2.930E+013  7.984E-012  3.538E+008  4.069E+007
 2.950E+013  8.274E-012  3.538E+008  4.097E+007
 2.970E+013  8.567E-012  3.538E+008  4.125E+007
 2.990E+013  8.863E-012  3.538E+008  4.153E+007
 3.010E+013  9.162E-012  3.538E+008  4.181E+007
 3.030E+013  9.463E-012  3.538E+008  4.208E+007
 3.050E+013  9.767E-012  3.538E+008  4.236E+007
 3.070E+013  1.007E-011  3.538E+008  4.264E+007
 3.090E+013  1.038E-011  3.538E+008  4.292E+007
 3.110E+013  1.069E-011  3.538E+008  4.320E+007
 3.130E+013  1.101E-011  3.538E+008  4.348E+007
 3.150E+013  1.132E-011  3.538E+008  4.375E+007
 3.170E+013  1.164E-011  3.538E+008  4.403E+007
 3.190E+013  1.197E-011  3.538E+008  4.431E+007
 3.210E+013  1.229E-011  3.538E+008  4.459E+007
 3.230E+013  1.262E-011  3.538E+008  4.487E+007
 3.250E+013  1.295E-011  3.538E+008  4.515E+007
 3.270E+013  1.329E-011  3.538E+008  4.543E+007
 3.290E+013  1.363E-011  3.538E+008  4.570E+007
 3.310E+013  1.397E-011  3.538E+008  4.598E+007
 3.330E+013  1.432E-011  3.538E+008  4.626E+007
 3.350E+013  1.468E-011  3.538E+008  4.654E+007
 3.370E+013  1.504E-011  3.538E+008  4.682E+007
 3.390E+013  1.541E-011  3.538E+008  4.710E+007
 3.410E+013  1.578E-011  3.538E+008  4.738E+007
 3.430E+013  1.616E-011  3.538E+008  4.766E+007
 3.450E+013  1.655E-011  3.538E+008  4.793E+007
 3.470E+013  1.694E-011  3.538E+008  4.821E+007
 3.490E+013  1.734E-011  3.538E+008  4.849E+007
 3.510E+013  1.775E-011  3.538E+008  4.877E+007
 3.530E+013  1.817E-011  3.538E+008  4.905E+007
 3.550E+013  1.860E-011  3.538E+008  4.933E+007
 3.570E+013  1.904E-011  3.538E+008  4.961E+007
 3.590E+013  1.949E-011  3.538E+008  4.988E+007
 3.610E+013  1.995E-011  3.538E+008  5.016E+007
 3.630E+013  2.042E-011  3.538E+008  5.044E+007
 3.650E+013  2.090E-011  3.538E+008  5.072E+007
 3.670E+013  2.139E-011  3.539E+008  5.100E+007
 3.690E+013  2.190E-011  3.539E+008  5.128E+007
 3.710E+013  2.241E-011  3.539E+008  5.156E+007
 3.730E+013  2.294E-011  3.539E+008  5.184E+007
 3.750E+013  2.349E-011  3.539E+008  5.211E+007
 3.770E+013  2.404E-011  3.539E+008  5.239E+007
 3.790E+013  2.461E-011  3.539E+008  5.267E+007
 3.810E+013  2.520E-011  3.539E+008  5.295E+007
 3.830E+013  2.580E-011  3.539E+008  5.323E+007
 3.850E+013  2.641E-011  3.539E+008  5.351E+007
 3.870E+013  2.704E-011  3.539E+008  5.379E+007
 3.890E+013  2.768E-011  3.539E+008  5.407E+007
 3.910E+013  2.834E-011  3.539E+008  5.434E+007
 3.930E+013  2.901E-011  3.539E+008  5.462E+007
 3.950E+013  2.970E-011  3.539E+008  5.490E+007
 3.970E+013  3.041E-011  3.539E+008  5.518E+007
 3.990E+013  3.113E-011  3.539E+008  5.546E+007
 4.010E+013  3.187E-011  3.539E+008  5.574E+007
 4.030E+013  3.262E-011  3.539E+008  5.602E+007
 4.050E+013  3.339E-011  3.539E+008  5.630E+007
 4.070E+013  3.417E-011  3.539E+008  5.658E+007
 4.090E+013  3.497E-011  3.539E+008  5.685E+007
 4.110E+013  3.579E-011  3.539E+008  5.713E+007
 4.130E+013  3.662E-011  3.539E+008  5.741E+007
 4.150E+013  3.746E-011  3.539E+008  5.769E+007
 4.170E+013  3.832E-011  3.539E+008  5.797E+007
 4.190E+013  3.920E-011  3.539E+008  5.825E+007
 4.210E+013  4.009E-011  3.539E+008  5.853E+007
 4.230E+013  4.099E-011  3.539E+008  5.881E+007
 4.250E+013  4.191E-011  3.539E+008  5.908E+007
 4.270E+013  4.285E-011  3.539E+008  5.936E+007
 4.290E+013  4.380E-011  3.539E+008  5.964E+007
 4.310E+013  4.476E-011  3.539E+008  5.992E+007
 4.330E+013  4.574E-011  3.539E+008  6.020E+007
 4.350E+013  4.673E-011  3.539E+008  6.048E+007
 4.370E+013  4.773E-011  3.539E+008  6.076E+007
 4.390E+013  4.875E-011  3.539E+008  6.104E+007
 4.410E+013  4.979E-011  3.539E+008  6.131E+007
 4.430E+013  5.083E-011  3.539E+008  6.159E+007
 4.450E+013  5.190E-011  3.540E+008  6.187E+007
 4.470E+013  5.297E-011  3.540E+008  6.215E+007
 4.490E+013  5.406E-011  3.540E+008  6.243E+007
 4.510E+013  5.517E-011  3.540E+008  6.271E+007
 4.530E+013  5.629E-011  3.540E+008  6.299E+007
 4.550E+013  5.743E-011  3.540E+008  6.327E+007
 4.570E+013  5.858E-011  3.540E+008  6.355E+007
 4.590E+013  5.975E-011  3.540E+008  6.382E+007
 4.610E+013  6.094E-011  3.540E+008  6.410E+007
 4.630E+013  6.214E-011  3.540E+008  6.438E+007
 4.650E+013  6.336E-011  3.540E+008  6.466E+007
 4.670E+013  6.460E-011  3.540E+008  6.494E+007
 4.690E+013  6.586E-011  3.540E+008  6.522E+007
 4.710E+013  6.714E-011  3.540E+008  6.550E+007
 4.730E+013  6.844E-011  3.540E+008  6.578E+007
 4.750E+013  6.976E-011  3.540E+008  6.606E+007
 4.770E+013  7.110E-011  3.540E+008  6.633E+007
 4.790E+013  7.246E-011  3.540E+008  6.661E+007
 4.810E+013  7.384E-011  3.540E+008  6.689E+007
 4.830E+013  7.525E-011  3.541E+008  6.717E+007
 4.850E+013  7.669E-011  3.541E+008  6.745E+007
 4.870E+013  7.814E-011  3.541E+008  6.773E+007
 4.890E+013  7.963E-011  3.541E+008  6.801E+007
 4.910E+013  8.114E-011  3.541E+008  6.829E+007
 4.930E+013  8.267E-011  3.541E+008  6.857E+007
 4.950E+013  8.423E-011  3.541E+008  6.885E+007
 4.970E+013  8.583E-011  3.541E+008  6.913E+007
 4.990E+013  8.744E-011  3.541E+008  6.940E+007
 5.010E+013  8.909E-011  3.541E+008  6.968E+007
 5.030E+013  9.077E-011  3.541E+008  6.996E+007
 5.050E+013  9.248E-011  3.541E+008  7.024E+007
 5.070E+013  9.421E-011  3.541E+008  7.052E+007
 5.090E+013  9.598E-011  3.542E+008  7.080E+007
 5.110E+013  9.778E-011  3.542E+008  7.108E+007
 5.130E+013  9.961E-011  3.542E+008  7.136E+007
 5.150E+013  1.015E-010  3.542E+008  7.164E+007
 5.170E+013  1.034E-010  3.542E+008  7.192E+007
 5.190E+013  1.053E-010  3.542E+008  7.220E+007
 5.210E+013  1.073E-010  3.542E+008  7.248E+007
 5.230E+013  1.092E-010  3.542E+008  7.276E+007
 5.250E+013  1.113E-010  3.542E+008  7.303E+007
 5.270E+013  1.133E-010  3.542E+008  7.331E+007
 5.290E+013  1.154E-010  3.543E+008  7.359E+007
 5.310E+013  1.175E-010  3.543E+008  7.387E+007
 5.330E+013  1.197E-010  3.543E+008  7.415E+007
 5.350E+013  1.219E-010  3.543E+008  7.443E+007
 5.370E+013  1.241E-010  3.543E+008  7.471E+007
 5.390E+013  1.264E-010  3.543E+008  7.499E+007
 5.410E+013  1.287E-010  3.543E+008  7.527E+007
 5.430E+013  1.310E-010  3.543E+008  7.555E+007
 5.450E+013  1.334E-010  3.544E+008  7.583E+007
 5.470E+013  1.358E-010  3.544E+008  7.611E+007
 5.490E+013  1.382E-010  3.544E+008  7.639E+007
 5.510E+013  1.407E-010  3.544E+008  7.667E+007
 5.530E+013  1.432E-010  3.544E+008  7.695E+007
 5.550E+013  1.457E-010  3.544E+008  7.723E+007
 5.570E+013  1.483E-010  3.544E+008  7.751E+007
 5.590E+013  1.509E-010  3.545E+008  7.779E+007
 5.610E+013  1.535E-010  3.545E+008  7.806E+007
 5.630E+013  1.562E-010  3.545E+008  7.834E+007
 5.650E+013  1.589E-010  3.545E+008  7.862E+007
 5.670E+013  1.617E-010  3.545E+008  7.890E+007
 5.690E+013  1.645E-010  3.545E+008  7.918E+007
 5.710E+013  1.673E-010  3.545E+008  7.946E+007
 5.730E+013  1.701E-010  3.546E+008  7.974E+007
 5.750E+013  1.730E-010  3.546E+008  8.002E+007
 5.770E+013  1.760E-010  3.546E+008  8.030E+007
 5.790E+013  1.790E-010  3.546E+008  8.058E+007
 5.810E+013  1.820E-010  3.546E+008  8.086E+007
 5.830E+013  1.850E-010  3.547E+008  8.114E+007
 5.850E+013  1.881E-010  3.547E+008  8.142E+007
 5.870E+013  1.913E-010  3.547E+008  8.170E+007
 5.890E+013  1.945E-010  3.547E+008  8.198E+007
 5.910E+013  1.977E-010  3.547E+008  8.226E+007
 5.930E+013  2.010E-010  3.548E+008  8.254E+007
 5.950E+013  2.043E-010  3.548E+008  8.282E+007
 5.970E+013  2.076E-010  3.548E+008  8.310E+007
 5.990E+013  2.110E-010  3.548E+008  8.338E+007
 6.010E+013  2.145E-010  3.549E+008  8.366E+007
 6.030E+013  2.179E-010  3.549E+008  8.394E+007
 6.050E+013  2.215E-010  3.549E+008  8.422E+007
 6.070E+013  2.250E-010  3.549E+008  8.451E+007
 6.090E+013  2.286E-010  3.550E+008  8.479E+007
 6.110E+013  2.323E-010  3.550E+008  8.507E+007
 6.130E+013  2.360E-010  3.550E+008  8.535E+007
 6.150E+013  2.398E-010  3.550E+008  8.563E+007
 6.170E+013  2.436E-010  3.551E+008  8.591E+007
 6.190E+013  2.474E-010  3.551E+008  8.619E+007
 6.210E+013  2.513E-010  3.551E+008  8.647E+007
 6.230E+013  2.552E-010  3.551E+008  8.675E+007
 6.250E+013  2.592E-010  3.552E+008  8.703E+007
 6.270E+013  2.633E-010  3.552E+008  8.731E+007
 6.290E+013  2.673E-010  3.552E+008  8.759E+007
 6.310E+013  2.715E-010  3.553E+008  8.787E+007
 6.330E+013  2.756E-010  3.553E+008  8.815E+007
 6.350E+013  2.799E-010  3.553E+008  8.843E+007
 6.370E+013  2.841E-010  3.554E+008  8.872E+007
 6.390E+013  2.885E-010  3.554E+008  8.900E+007
 6.410E+013  2.928E-010  3.554E+008  8.928E+007
 6.430E+013  2.973E-010  3.555E+008  8.956E+007
 6.450E+013  3.018E-010  3.555E+008  8.984E+007
 6.470E+013  3.063E-010  3.555E+008  9.012E+007
 6.490E+013  3.109E-010  3.556E+008  9.040E+007
 6.510E+013  3.155E-010  3.556E+008  9.068E+007
 6.530E+013  3.202E-010  3.556E+008  9.097E+007
 6.550E+013  3.249E-010  3.557E+008  9.125E+007
 6.570E+013  3.297E-010  3.557E+008  9.153E+007
 6.590E+013  3.346E-010  3.558E+008  9.181E+007
 6.610E+013  3.395E-010  3.558E+008  9.209E+007
 6.630E+013  3.444E-010  3.558E+008  9.237E+007
 6.650E+013  3.495E-010  3.559E+008  9.266E+007
 6.670E+013  3.546E-010  3.559E+008  9.294E+007
 6.690E+013  3.597E-010  3.560E+008  9.322E+007
 6.710E+013  3.649E-010  3.560E+008  9.350E+007
 6.730E+013  3.702E-010  3.561E+008  9.378E+007
 6.750E+013  3.755E-010  3.561E+008  9.407E+007
 6.770E+013  3.809E-010  3.562E+008  9.435E+007
 6.790E+013  3.863E-010  3.562E+008  9.463E+007
 6.810E+013  3.918E-010  3.562E+008  9.491E+007
 6.830E+013  3.974E-010  3.563E+008  9.520E+007
 6.850E+013  4.031E-010  3.563E+008  9.548E+007
 6.870E+013  4.088E-010  3.564E+008  9.576E+007
 6.890E+013  4.146E-010  3.564E+008  9.605E+007
 6.910E+013  4.204E-010  3.565E+008  9.633E+007
 6.930E+013  4.264E-010  3.566E+008  9.661E+007
 6.950E+013  4.324E-010  3.566E+008  9.690E+007
 6.970E+013  4.384E-010  3.567E+008  9.718E+007
 6.990E+013  4.446E-010  3.567E+008  9.746E+007
 7.010E+013  4.508E-010  3.568E+008  9.775E+007
 7.030E+013  4.571E-010  3.568E+008  9.803E+007
 7.050E+013  4.634E-010  3.569E+008  9.832E+007
 7.070E+013  4.699E-010  3.569E+008  9.860E+007
 7.090E+013  4.764E-010  3.570E+008  9.889E+007
 7.110E+013  4.830E-010  3.571E+008  9.917E+007
 7.130E+013  4.897E-010  3.571E+008  9.946E+007
 7.150E+013  4.964E-010  3.572E+008  9.974E+007
 7.170E+013  5.033E-010  3.573E+008  1.000E+008
 7.190E+013  5.102E-010  3.573E+008  1.003E+008
 7.210E+013  5.172E-010  3.574E+008  1.006E+008
 7.230E+013  5.243E-010  3.575E+008  1.008E+008
 7.250E+013  5.315E-010  3.576E+008  1.011E+008
 7.270E+013  5.388E-010  3.578E+008  1.013E+008
 7.290E+013  5.463E-010  3.581E+008  1.014E+008
 7.310E+013  5.543E-010  3.587E+008  1.012E+008
 7.330E+013  5.631E-010  3.602E+008  1.003E+008
 7.350E+013  5.746E-010  3.642E+008  9.721E+007
 7.370E+013  5.923E-010  3.746E+008  8.838E+007
 7.390E+013  6.206E-010  3.957E+008  6.773E+007
 7.410E+013  6.585E-010  4.266E+008  3.383E+007
 7.430E+013  6.957E-010  4.560E+008 -3.347E+006
 7.450E+013  7.163E-010  4.667E+008 -2.579E+007
 7.470E+013  7.181E-010  4.571E+008 -2.369E+007
 7.490E+013  7.175E-010  4.452E+008 -7.733E+006
 7.510E+013  7.277E-010  4.447E+008  1.141E+006
 7.530E+013  7.480E-010  4.543E+008 -3.898E+006
 7.550E+013  7.690E-010  4.640E+008 -1.462E+007
 7.570E+013  7.845E-010  4.678E+008 -2.080E+007
 7.590E+013  7.960E-010  4.675E+008 -2.082E+007
 7.610E+013  8.077E-010  4.672E+008 -1.886E+007
 7.630E+013  8.213E-010  4.687E+008 -1.827E+007
 7.650E+013  8.359E-010  4.709E+008 -1.908E+007
 7.670E+013  8.506E-010  4.729E+008 -2.008E+007
 7.690E+013  8.651E-010  4.745E+008 -2.064E+007
 7.710E+013  8.798E-010  4.763E+008 -2.101E+007
 7.730E+013  8.950E-010  4.782E+008 -2.156E+007
 7.750E+013  9.105E-010  4.801E+008 -2.221E+007
 7.770E+013  9.261E-010  4.819E+008 -2.277E+007
 7.790E+013  9.418E-010  4.837E+008 -2.320E+007
 7.810E+013  9.578E-010  4.854E+008 -2.357E+007
 7.830E+013  9.740E-010  4.872E+008 -2.394E+007
 7.850E+013  9.904E-010  4.890E+008 -2.430E+007
 7.870E+013  1.007E-009  4.908E+008 -2.464E+007
 7.890E+013  1.024E-009  4.925E+008 -2.496E+007
 7.910E+013  1.041E-009  4.943E+008 -2.527E+007
 7.930E+013  1.059E-009  4.961E+008 -2.555E+007
 7.950E+013  1.076E-009  4.979E+008 -2.583E+007
 7.970E+013  1.094E-009  4.997E+008 -2.608E+007
 7.990E+013  1.113E-009  5.015E+008 -2.633E+007
 8.010E+013  1.131E-009  5.033E+008 -2.655E+007
 8.030E+013  1.150E-009  5.051E+008 -2.677E+007
 8.050E+013  1.169E-009  5.069E+008 -2.697E+007
 8.070E+013  1.188E-009  5.087E+008 -2.716E+007
 8.090E+013  1.208E-009  5.106E+008 -2.734E+007
 8.110E+013  1.228E-009  5.124E+008 -2.750E+007
 8.130E+013  1.248E-009  5.143E+008 -2.766E+007
 8.150E+013  1.269E-009  5.161E+008 -2.781E+007
 8.170E+013  1.290E-009  5.180E+008 -2.795E+007
 8.190E+013  1.311E-009  5.199E+008 -2.808E+007
 8.210E+013  1.332E-009  5.218E+008 -2.820E+007
 8.230E+013  1.354E-009  5.237E+008 -2.831E+007
 8.250E+013  1.376E-009  5.256E+008 -2.841E+007
 8.270E+013  1.399E-009  5.276E+008 -2.851E+007
 8.290E+013  1.422E-009  5.295E+008 -2.860E+007
 8.310E+013  1.445E-009  5.315E+008 -2.868E+007
 8.330E+013  1.468E-009  5.334E+008 -2.876E+007
 8.350E+013  1.492E-009  5.354E+008 -2.883E+007
 8.370E+013  1.517E-009  5.374E+008 -2.889E+007
 8.390E+013  1.541E-009  5.395E+008 -2.895E+007
 8.410E+013  1.567E-009  5.415E+008 -2.900E+007
 8.430E+013  1.592E-009  5.436E+008 -2.905E+007
 8.450E+013  1.618E-009  5.456E+008 -2.910E+007
 8.470E+013  1.644E-009  5.477E+008 -2.913E+007
 8.490E+013  1.671E-009  5.498E+008 -2.917E+007
 8.510E+013  1.698E-009  5.520E+008 -2.920E+007
 8.530E+013  1.726E-009  5.541E+008 -2.922E+007
 8.550E+013  1.753E-009  5.563E+008 -2.924E+007
 8.570E+013  1.782E-009  5.585E+008 -2.926E+007
 8.590E+013  1.811E-009  5.607E+008 -2.927E+007
 8.610E+013  1.840E-009  5.629E+008 -2.928E+007
 8.630E+013  1.870E-009  5.652E+008 -2.929E+007
 8.650E+013  1.900E-009  5.674E+008 -2.929E+007
 8.670E+013  1.931E-009  5.697E+008 -2.930E+007
 8.690E+013  1.962E-009  5.721E+008 -2.929E+007
 8.710E+013  1.994E-009  5.744E+008 -2.929E+007
 8.730E+013  2.026E-009  5.768E+008 -2.928E+007
 8.750E+013  2.059E-009  5.792E+008 -2.927E+007
 8.770E+013  2.092E-009  5.816E+008 -2.926E+007
 8.790E+013  2.126E-009  5.840E+008 -2.924E+007
 8.810E+013  2.161E-009  5.865E+008 -2.923E+007
 8.830E+013  2.196E-009  5.890E+008 -2.921E+007
 8.850E+013  2.231E-009  5.915E+008 -2.919E+007
 8.870E+013  2.267E-009  5.940E+008 -2.916E+007
 8.890E+013  2.304E-009  5.966E+008 -2.914E+007
 8.910E+013  2.341E-009  5.992E+008 -2.911E+007
 8.930E+013  2.379E-009  6.019E+008 -2.908E+007
 8.950E+013  2.418E-009  6.045E+008 -2.905E+007
 8.970E+013  2.457E-009  6.072E+008 -2.902E+007
 8.990E+013  2.496E-009  6.100E+008 -2.899E+007
 9.010E+013  2.537E-009  6.127E+008 -2.895E+007
 9.030E+013  2.578E-009  6.155E+008 -2.892E+007
 9.050E+013  2.620E-009  6.183E+008 -2.888E+007
 9.070E+013  2.662E-009  6.212E+008 -2.885E+007
 9.090E+013  2.705E-009  6.241E+008 -2.881E+007
 9.110E+013  2.749E-009  6.270E+008 -2.877E+007
 9.130E+013  2.794E-009  6.300E+008 -2.873E+007
 9.150E+013  2.839E-009  6.330E+008 -2.869E+007
 9.170E+013  2.885E-009  6.360E+008 -2.864E+007
 9.190E+013  2.932E-009  6.391E+008 -2.860E+007
 9.210E+013  2.980E-009  6.422E+008 -2.856E+007
 9.230E+013  3.028E-009  6.453E+008 -2.851E+007
 9.250E+013  3.078E-009  6.485E+008 -2.847E+007
 9.270E+013  3.128E-009  6.517E+008 -2.842E+007
 9.290E+013  3.179E-009  6.550E+008 -2.838E+007
 9.310E+013  3.231E-009  6.583E+008 -2.833E+007
 9.330E+013  3.284E-009  6.616E+008 -2.828E+007
 9.350E+013  3.337E-009  6.650E+008 -2.823E+007
 9.370E+013  3.392E-009  6.685E+008 -2.818E+007
 9.390E+013  3.447E-009  6.720E+008 -2.814E+007
 9.410E+013  3.504E-009  6.755E+008 -2.809E+007
 9.430E+013  3.561E-009  6.791E+008 -2.804E+007
 9.450E+013  3.620E-009  6.827E+008 -2.799E+007
 9.470E+013  3.679E-009  6.863E+008 -2.794E+007
 9.490E+013  3.740E-009  6.901E+008 -2.789E+007
 9.510E+013  3.802E-009  6.938E+008 -2.783E+007
 9.530E+013  3.864E-009  6.977E+008 -2.778E+007
 9.550E+013  3.928E-009  7.015E+008 -2.773E+007
 9.570E+013  3.993E-009  7.054E+008 -2.768E+007
 9.590E+013  4.059E-009  7.093E+008 -2.761E+007
 9.610E+013  4.126E-009  7.131E+008 -2.751E+007
 9.630E+013  4.192E-009  7.165E+008 -2.730E+007
 9.650E+013  4.256E-009  7.191E+008 -2.687E+007
 9.670E+013  4.316E-009  7.203E+008 -2.603E+007
 9.690E+013  4.372E-009  7.202E+008 -2.466E+007
 9.710E+013  4.425E-009  7.192E+008 -2.288E+007
 9.730E+013  4.480E-009  7.186E+008 -2.103E+007
 9.750E+013  4.538E-009  7.188E+008 -1.943E+007
 9.770E+013  4.598E-009  7.192E+008 -1.805E+007
 9.790E+013  4.656E-009  7.190E+008 -1.659E+007
 9.810E+013  4.714E-009  7.187E+008 -1.494E+007
 9.830E+013  4.774E-009  7.188E+008 -1.340E+007
 9.850E+013  4.835E-009  7.189E+008 -1.196E+007
 9.870E+013  4.895E-009  7.187E+008 -1.042E+007
 9.890E+013  4.957E-009  7.187E+008 -8.881E+006
 9.910E+013  5.019E-009  7.187E+008 -7.430E+006
 9.930E+013  5.081E-009  7.186E+008 -5.904E+006
 9.950E+013  5.144E-009  7.187E+008 -4.426E+006
 9.970E+013  5.207E-009  7.186E+008 -2.949E+006
 9.990E+013  5.304E-009  7.187E+008 -1.467E+006
 1.001E+014  1.000E-099  1.000E-099 -0.000E+000
 1.003E+014  1.000E-099  1.000E-099 -0.000E+000
 5.518E-003
