 1.260E+005
     x1b        dens       energ       v1
 1.000E+011  7.994E-013  5.232E+008  0.000E+000
 3.000E+011  7.995E-013  5.232E+008  3.702E+005
 5.000E+011  7.999E-013  5.232E+008  7.752E+005
 7.000E+011  8.009E-013  5.232E+008  1.151E+006
 9.000E+011  8.025E-013  5.232E+008  1.540E+006
 1.100E+012  8.049E-013  5.232E+008  1.923E+006
 1.300E+012  8.083E-013  5.232E+008  2.309E+006
 1.500E+012  8.125E-013  5.232E+008  2.693E+006
 1.700E+012  8.177E-013  5.232E+008  3.078E+006
 1.900E+012  8.238E-013  5.232E+008  3.462E+006
 2.100E+012  8.307E-013  5.232E+008  3.847E+006
 2.300E+012  8.383E-013  5.232E+008  4.232E+006
 2.500E+012  8.465E-013  5.232E+008  4.617E+006
 2.700E+012  8.552E-013  5.232E+008  5.001E+006
 2.900E+012  8.644E-013  5.232E+008  5.386E+006
 3.100E+012  8.738E-013  5.232E+008  5.771E+006
 3.300E+012  8.834E-013  5.232E+008  6.155E+006
 3.500E+012  8.931E-013  5.232E+008  6.540E+006
 3.700E+012  9.029E-013  5.232E+008  6.925E+006
 3.900E+012  9.127E-013  5.232E+008  7.309E+006
 4.100E+012  9.225E-013  5.232E+008  7.694E+006
 4.300E+012  9.321E-013  5.232E+008  8.079E+006
 4.500E+012  9.415E-013  5.232E+008  8.464E+006
 4.700E+012  9.505E-013  5.232E+008  8.848E+006
 4.900E+012  9.590E-013  5.232E+008  9.233E+006
 5.100E+012  9.666E-013  5.232E+008  9.618E+006
 5.300E+012  9.730E-013  5.232E+008  1.000E+007
 5.500E+012  9.778E-013  5.232E+008  1.039E+007
 5.700E+012  9.807E-013  5.232E+008  1.077E+007
 5.900E+012  9.818E-013  5.232E+008  1.116E+007
 6.100E+012  9.820E-013  5.232E+008  1.154E+007
 6.300E+012  9.820E-013  5.232E+008  1.193E+007
 6.500E+012  9.820E-013  5.232E+008  1.231E+007
 6.700E+012  9.820E-013  5.232E+008  1.270E+007
 6.900E+012  9.820E-013  5.232E+008  1.308E+007
 7.100E+012  9.819E-013  5.232E+008  1.346E+007
 7.300E+012  9.818E-013  5.232E+008  1.385E+007
 7.500E+012  9.817E-013  5.232E+008  1.423E+007
 7.700E+012  9.815E-013  5.232E+008  1.462E+007
 7.900E+012  9.812E-013  5.232E+008  1.500E+007
 8.100E+012  9.808E-013  5.232E+008  1.539E+007
 8.300E+012  9.803E-013  5.232E+008  1.577E+007
 8.500E+012  9.797E-013  5.232E+008  1.616E+007
 8.700E+012  9.790E-013  5.232E+008  1.654E+007
 8.900E+012  9.783E-013  5.232E+008  1.693E+007
 9.100E+012  9.776E-013  5.232E+008  1.731E+007
 9.300E+012  9.771E-013  5.232E+008  1.770E+007
 9.500E+012  9.769E-013  5.232E+008  1.808E+007
 9.700E+012  9.768E-013  5.232E+008  1.847E+007
 9.900E+012  9.768E-013  5.232E+008  1.885E+007
 1.010E+013  9.768E-013  5.232E+008  1.924E+007
 1.030E+013  9.769E-013  5.232E+008  1.962E+007
 1.050E+013  9.769E-013  5.232E+008  2.000E+007
 1.070E+013  9.770E-013  5.232E+008  2.039E+007
 1.090E+013  9.772E-013  5.232E+008  2.077E+007
 1.110E+013  9.775E-013  5.232E+008  2.116E+007
 1.130E+013  9.779E-013  5.232E+008  2.154E+007
 1.150E+013  9.785E-013  5.232E+008  2.193E+007
 1.170E+013  9.792E-013  5.232E+008  2.231E+007
 1.190E+013  9.801E-013  5.232E+008  2.270E+007
 1.210E+013  9.813E-013  5.232E+008  2.308E+007
 1.230E+013  9.827E-013  5.232E+008  2.347E+007
 1.250E+013  9.844E-013  5.232E+008  2.385E+007
 1.270E+013  9.865E-013  5.232E+008  2.424E+007
 1.290E+013  9.890E-013  5.232E+008  2.462E+007
 1.310E+013  9.918E-013  5.232E+008  2.501E+007
 1.330E+013  9.951E-013  5.232E+008  2.539E+007
 1.350E+013  9.990E-013  5.232E+008  2.578E+007
 1.370E+013  1.003E-012  5.232E+008  2.616E+007
 1.390E+013  1.008E-012  5.232E+008  2.654E+007
 1.410E+013  1.014E-012  5.232E+008  2.693E+007
 1.430E+013  1.020E-012  5.232E+008  2.731E+007
 1.450E+013  1.027E-012  5.232E+008  2.770E+007
 1.470E+013  1.035E-012  5.232E+008  2.808E+007
 1.490E+013  1.044E-012  5.232E+008  2.847E+007
 1.510E+013  1.053E-012  5.232E+008  2.885E+007
 1.530E+013  1.064E-012  5.232E+008  2.924E+007
 1.550E+013  1.076E-012  5.232E+008  2.962E+007
 1.570E+013  1.088E-012  5.232E+008  3.001E+007
 1.590E+013  1.102E-012  5.232E+008  3.039E+007
 1.610E+013  1.118E-012  5.232E+008  3.078E+007
 1.630E+013  1.134E-012  5.232E+008  3.116E+007
 1.650E+013  1.153E-012  5.232E+008  3.155E+007
 1.670E+013  1.172E-012  5.232E+008  3.193E+007
 1.690E+013  1.194E-012  5.232E+008  3.232E+007
 1.710E+013  1.217E-012  5.232E+008  3.270E+007
 1.730E+013  1.242E-012  5.232E+008  3.309E+007
 1.750E+013  1.270E-012  5.232E+008  3.347E+007
 1.770E+013  1.299E-012  5.232E+008  3.386E+007
 1.790E+013  1.331E-012  5.232E+008  3.424E+007
 1.810E+013  1.366E-012  5.232E+008  3.463E+007
 1.830E+013  1.403E-012  5.232E+008  3.501E+007
 1.850E+013  1.444E-012  5.232E+008  3.540E+007
 1.870E+013  1.487E-012  5.232E+008  3.578E+007
 1.890E+013  1.534E-012  5.232E+008  3.617E+007
 1.910E+013  1.584E-012  5.232E+008  3.655E+007
 1.930E+013  1.639E-012  5.232E+008  3.694E+007
 1.950E+013  1.697E-012  5.232E+008  3.732E+007
 1.970E+013  1.761E-012  5.232E+008  3.771E+007
 1.990E+013  1.828E-012  5.232E+008  3.809E+007
 2.010E+013  1.901E-012  5.232E+008  3.848E+007
 2.030E+013  1.980E-012  5.232E+008  3.886E+007
 2.050E+013  2.064E-012  5.232E+008  3.925E+007
 2.070E+013  2.155E-012  5.232E+008  3.964E+007
 2.090E+013  2.252E-012  5.232E+008  4.002E+007
 2.110E+013  2.356E-012  5.232E+008  4.041E+007
 2.130E+013  2.468E-012  5.232E+008  4.079E+007
 2.150E+013  2.587E-012  5.232E+008  4.118E+007
 2.170E+013  2.715E-012  5.232E+008  4.156E+007
 2.190E+013  2.852E-012  5.232E+008  4.195E+007
 2.210E+013  2.997E-012  5.232E+008  4.233E+007
 2.230E+013  3.153E-012  5.232E+008  4.272E+007
 2.250E+013  3.318E-012  5.232E+008  4.310E+007
 2.270E+013  3.494E-012  5.232E+008  4.349E+007
 2.290E+013  3.681E-012  5.232E+008  4.387E+007
 2.310E+013  3.878E-012  5.232E+008  4.426E+007
 2.330E+013  4.087E-012  5.232E+008  4.464E+007
 2.350E+013  4.308E-012  5.232E+008  4.503E+007
 2.370E+013  4.541E-012  5.232E+008  4.541E+007
 2.390E+013  4.785E-012  5.232E+008  4.580E+007
 2.410E+013  5.041E-012  5.232E+008  4.618E+007
 2.430E+013  5.309E-012  5.232E+008  4.657E+007
 2.450E+013  5.588E-012  5.232E+008  4.695E+007
 2.470E+013  5.879E-012  5.232E+008  4.734E+007
 2.490E+013  6.182E-012  5.232E+008  4.772E+007
 2.510E+013  6.495E-012  5.232E+008  4.811E+007
 2.530E+013  6.818E-012  5.232E+008  4.849E+007
 2.550E+013  7.151E-012  5.232E+008  4.887E+007
 2.570E+013  7.494E-012  5.232E+008  4.926E+007
 2.590E+013  7.846E-012  5.232E+008  4.964E+007
 2.610E+013  8.205E-012  5.232E+008  5.003E+007
 2.630E+013  8.573E-012  5.232E+008  5.041E+007
 2.650E+013  8.947E-012  5.232E+008  5.080E+007
 2.670E+013  9.328E-012  5.232E+008  5.118E+007
 2.690E+013  9.714E-012  5.232E+008  5.156E+007
 2.710E+013  1.011E-011  5.232E+008  5.195E+007
 2.730E+013  1.050E-011  5.232E+008  5.233E+007
 2.750E+013  1.090E-011  5.232E+008  5.272E+007
 2.770E+013  1.131E-011  5.232E+008  5.310E+007
 2.790E+013  1.172E-011  5.232E+008  5.348E+007
 2.810E+013  1.213E-011  5.232E+008  5.387E+007
 2.830E+013  1.255E-011  5.232E+008  5.425E+007
 2.850E+013  1.297E-011  5.232E+008  5.464E+007
 2.870E+013  1.340E-011  5.232E+008  5.502E+007
 2.890E+013  1.382E-011  5.232E+008  5.541E+007
 2.910E+013  1.426E-011  5.232E+008  5.579E+007
 2.930E+013  1.469E-011  5.232E+008  5.618E+007
 2.950E+013  1.513E-011  5.232E+008  5.656E+007
 2.970E+013  1.558E-011  5.232E+008  5.694E+007
 2.990E+013  1.603E-011  5.232E+008  5.733E+007
 3.010E+013  1.648E-011  5.232E+008  5.771E+007
 3.030E+013  1.695E-011  5.232E+008  5.810E+007
 3.050E+013  1.741E-011  5.232E+008  5.848E+007
 3.070E+013  1.789E-011  5.232E+008  5.887E+007
 3.090E+013  1.837E-011  5.232E+008  5.925E+007
 3.110E+013  1.886E-011  5.232E+008  5.964E+007
 3.130E+013  1.936E-011  5.232E+008  6.002E+007
 3.150E+013  1.987E-011  5.232E+008  6.041E+007
 3.170E+013  2.039E-011  5.232E+008  6.079E+007
 3.190E+013  2.092E-011  5.233E+008  6.118E+007
 3.210E+013  2.146E-011  5.233E+008  6.156E+007
 3.230E+013  2.201E-011  5.233E+008  6.195E+007
 3.250E+013  2.257E-011  5.233E+008  6.233E+007
 3.270E+013  2.315E-011  5.233E+008  6.271E+007
 3.290E+013  2.374E-011  5.233E+008  6.310E+007
 3.310E+013  2.434E-011  5.233E+008  6.348E+007
 3.330E+013  2.496E-011  5.233E+008  6.387E+007
 3.350E+013  2.560E-011  5.233E+008  6.425E+007
 3.370E+013  2.625E-011  5.233E+008  6.464E+007
 3.390E+013  2.692E-011  5.233E+008  6.502E+007
 3.410E+013  2.761E-011  5.233E+008  6.541E+007
 3.430E+013  2.832E-011  5.233E+008  6.579E+007
 3.450E+013  2.904E-011  5.233E+008  6.618E+007
 3.470E+013  2.978E-011  5.233E+008  6.656E+007
 3.490E+013  3.055E-011  5.233E+008  6.695E+007
 3.510E+013  3.133E-011  5.233E+008  6.733E+007
 3.530E+013  3.214E-011  5.233E+008  6.772E+007
 3.550E+013  3.297E-011  5.233E+008  6.810E+007
 3.570E+013  3.382E-011  5.233E+008  6.849E+007
 3.590E+013  3.469E-011  5.233E+008  6.887E+007
 3.610E+013  3.558E-011  5.233E+008  6.926E+007
 3.630E+013  3.650E-011  5.233E+008  6.964E+007
 3.650E+013  3.744E-011  5.233E+008  7.003E+007
 3.670E+013  3.840E-011  5.233E+008  7.041E+007
 3.690E+013  3.938E-011  5.233E+008  7.080E+007
 3.710E+013  4.039E-011  5.233E+008  7.118E+007
 3.730E+013  4.143E-011  5.233E+008  7.157E+007
 3.750E+013  4.248E-011  5.234E+008  7.195E+007
 3.770E+013  4.356E-011  5.234E+008  7.234E+007
 3.790E+013  4.466E-011  5.234E+008  7.272E+007
 3.810E+013  4.578E-011  5.234E+008  7.311E+007
 3.830E+013  4.693E-011  5.234E+008  7.349E+007
 3.850E+013  4.810E-011  5.234E+008  7.388E+007
 3.870E+013  4.929E-011  5.234E+008  7.426E+007
 3.890E+013  5.051E-011  5.234E+008  7.465E+007
 3.910E+013  5.174E-011  5.234E+008  7.503E+007
 3.930E+013  5.300E-011  5.234E+008  7.542E+007
 3.950E+013  5.428E-011  5.234E+008  7.580E+007
 3.970E+013  5.558E-011  5.234E+008  7.619E+007
 3.990E+013  5.690E-011  5.234E+008  7.657E+007
 4.010E+013  5.824E-011  5.234E+008  7.696E+007
 4.030E+013  5.960E-011  5.235E+008  7.734E+007
 4.050E+013  6.099E-011  5.235E+008  7.773E+007
 4.070E+013  6.239E-011  5.235E+008  7.811E+007
 4.090E+013  6.382E-011  5.235E+008  7.850E+007
 4.110E+013  6.526E-011  5.235E+008  7.888E+007
 4.130E+013  6.673E-011  5.235E+008  7.927E+007
 4.150E+013  6.822E-011  5.235E+008  7.965E+007
 4.170E+013  6.973E-011  5.235E+008  8.004E+007
 4.190E+013  7.127E-011  5.235E+008  8.042E+007
 4.210E+013  7.282E-011  5.235E+008  8.081E+007
 4.230E+013  7.440E-011  5.235E+008  8.119E+007
 4.250E+013  7.601E-011  5.236E+008  8.158E+007
 4.270E+013  7.764E-011  5.236E+008  8.196E+007
 4.290E+013  7.930E-011  5.236E+008  8.235E+007
 4.310E+013  8.098E-011  5.236E+008  8.273E+007
 4.330E+013  8.269E-011  5.236E+008  8.312E+007
 4.350E+013  8.443E-011  5.236E+008  8.350E+007
 4.370E+013  8.620E-011  5.236E+008  8.389E+007
 4.390E+013  8.800E-011  5.236E+008  8.427E+007
 4.410E+013  8.983E-011  5.237E+008  8.466E+007
 4.430E+013  9.170E-011  5.237E+008  8.504E+007
 4.450E+013  9.359E-011  5.237E+008  8.543E+007
 4.470E+013  9.553E-011  5.237E+008  8.582E+007
 4.490E+013  9.749E-011  5.237E+008  8.620E+007
 4.510E+013  9.950E-011  5.237E+008  8.659E+007
 4.530E+013  1.015E-010  5.237E+008  8.697E+007
 4.550E+013  1.036E-010  5.238E+008  8.736E+007
 4.570E+013  1.057E-010  5.238E+008  8.774E+007
 4.590E+013  1.079E-010  5.238E+008  8.813E+007
 4.610E+013  1.101E-010  5.238E+008  8.851E+007
 4.630E+013  1.124E-010  5.238E+008  8.890E+007
 4.650E+013  1.147E-010  5.238E+008  8.929E+007
 4.670E+013  1.170E-010  5.239E+008  8.967E+007
 4.690E+013  1.194E-010  5.239E+008  9.006E+007
 4.710E+013  1.218E-010  5.239E+008  9.044E+007
 4.730E+013  1.243E-010  5.239E+008  9.083E+007
 4.750E+013  1.268E-010  5.239E+008  9.121E+007
 4.770E+013  1.293E-010  5.240E+008  9.160E+007
 4.790E+013  1.320E-010  5.240E+008  9.199E+007
 4.810E+013  1.346E-010  5.240E+008  9.237E+007
 4.830E+013  1.373E-010  5.240E+008  9.276E+007
 4.850E+013  1.401E-010  5.241E+008  9.314E+007
 4.870E+013  1.429E-010  5.241E+008  9.353E+007
 4.890E+013  1.458E-010  5.241E+008  9.392E+007
 4.910E+013  1.487E-010  5.241E+008  9.430E+007
 4.930E+013  1.516E-010  5.242E+008  9.469E+007
 4.950E+013  1.546E-010  5.242E+008  9.507E+007
 4.970E+013  1.577E-010  5.242E+008  9.546E+007
 4.990E+013  1.608E-010  5.242E+008  9.585E+007
 5.010E+013  1.639E-010  5.243E+008  9.623E+007
 5.030E+013  1.671E-010  5.243E+008  9.662E+007
 5.050E+013  1.704E-010  5.243E+008  9.700E+007
 5.070E+013  1.737E-010  5.244E+008  9.739E+007
 5.090E+013  1.771E-010  5.244E+008  9.778E+007
 5.110E+013  1.805E-010  5.244E+008  9.816E+007
 5.130E+013  1.840E-010  5.244E+008  9.855E+007
 5.150E+013  1.875E-010  5.245E+008  9.894E+007
 5.170E+013  1.910E-010  5.245E+008  9.932E+007
 5.190E+013  1.947E-010  5.246E+008  9.971E+007
 5.210E+013  1.983E-010  5.246E+008  1.001E+008
 5.230E+013  2.021E-010  5.246E+008  1.005E+008
 5.250E+013  2.059E-010  5.247E+008  1.009E+008
 5.270E+013  2.097E-010  5.247E+008  1.013E+008
 5.290E+013  2.136E-010  5.247E+008  1.016E+008
 5.310E+013  2.176E-010  5.248E+008  1.020E+008
 5.330E+013  2.216E-010  5.248E+008  1.024E+008
 5.350E+013  2.256E-010  5.249E+008  1.028E+008
 5.370E+013  2.298E-010  5.249E+008  1.032E+008
 5.390E+013  2.339E-010  5.249E+008  1.036E+008
 5.410E+013  2.382E-010  5.250E+008  1.040E+008
 5.430E+013  2.425E-010  5.250E+008  1.044E+008
 5.450E+013  2.469E-010  5.251E+008  1.047E+008
 5.470E+013  2.513E-010  5.251E+008  1.051E+008
 5.490E+013  2.558E-010  5.252E+008  1.055E+008
 5.510E+013  2.603E-010  5.252E+008  1.059E+008
 5.530E+013  2.650E-010  5.253E+008  1.063E+008
 5.550E+013  2.697E-010  5.253E+008  1.067E+008
 5.570E+013  2.744E-010  5.254E+008  1.071E+008
 5.590E+013  2.792E-010  5.254E+008  1.075E+008
 5.610E+013  2.841E-010  5.255E+008  1.078E+008
 5.630E+013  2.890E-010  5.255E+008  1.082E+008
 5.650E+013  2.941E-010  5.256E+008  1.086E+008
 5.670E+013  2.992E-010  5.257E+008  1.090E+008
 5.690E+013  3.043E-010  5.257E+008  1.094E+008
 5.710E+013  3.095E-010  5.258E+008  1.098E+008
 5.730E+013  3.148E-010  5.258E+008  1.102E+008
 5.750E+013  3.202E-010  5.259E+008  1.106E+008
 5.770E+013  3.256E-010  5.260E+008  1.110E+008
 5.790E+013  3.311E-010  5.260E+008  1.113E+008
 5.810E+013  3.367E-010  5.261E+008  1.117E+008
 5.830E+013  3.423E-010  5.262E+008  1.121E+008
 5.850E+013  3.480E-010  5.262E+008  1.125E+008
 5.870E+013  3.538E-010  5.263E+008  1.129E+008
 5.890E+013  3.597E-010  5.264E+008  1.133E+008
 5.910E+013  3.656E-010  5.265E+008  1.137E+008
 5.930E+013  3.716E-010  5.265E+008  1.141E+008
 5.950E+013  3.777E-010  5.266E+008  1.145E+008
 5.970E+013  3.839E-010  5.267E+008  1.148E+008
 5.990E+013  3.901E-010  5.268E+008  1.152E+008
 6.010E+013  3.965E-010  5.269E+008  1.156E+008
 6.030E+013  4.029E-010  5.269E+008  1.160E+008
 6.050E+013  4.093E-010  5.270E+008  1.164E+008
 6.070E+013  4.159E-010  5.271E+008  1.168E+008
 6.090E+013  4.226E-010  5.272E+008  1.172E+008
 6.110E+013  4.293E-010  5.273E+008  1.176E+008
 6.130E+013  4.361E-010  5.274E+008  1.180E+008
 6.150E+013  4.430E-010  5.275E+008  1.184E+008
 6.170E+013  4.500E-010  5.276E+008  1.187E+008
 6.190E+013  4.571E-010  5.277E+008  1.191E+008
 6.210E+013  4.642E-010  5.278E+008  1.195E+008
 6.230E+013  4.715E-010  5.279E+008  1.199E+008
 6.250E+013  4.789E-010  5.280E+008  1.203E+008
 6.270E+013  4.863E-010  5.281E+008  1.207E+008
 6.290E+013  4.939E-010  5.282E+008  1.211E+008
 6.310E+013  5.015E-010  5.283E+008  1.215E+008
 6.330E+013  5.092E-010  5.284E+008  1.219E+008
 6.350E+013  5.171E-010  5.285E+008  1.223E+008
 6.370E+013  5.250E-010  5.286E+008  1.227E+008
 6.390E+013  5.331E-010  5.288E+008  1.231E+008
 6.410E+013  5.413E-010  5.289E+008  1.235E+008
 6.430E+013  5.495E-010  5.290E+008  1.238E+008
 6.450E+013  5.579E-010  5.291E+008  1.242E+008
 6.470E+013  5.664E-010  5.292E+008  1.246E+008
 6.490E+013  5.750E-010  5.294E+008  1.250E+008
 6.510E+013  5.837E-010  5.295E+008  1.254E+008
 6.530E+013  5.925E-010  5.296E+008  1.258E+008
 6.550E+013  6.015E-010  5.298E+008  1.262E+008
 6.570E+013  6.105E-010  5.299E+008  1.266E+008
 6.590E+013  6.197E-010  5.301E+008  1.270E+008
 6.610E+013  6.290E-010  5.302E+008  1.274E+008
 6.630E+013  6.384E-010  5.303E+008  1.278E+008
 6.650E+013  6.480E-010  5.305E+008  1.282E+008
 6.670E+013  6.576E-010  5.306E+008  1.286E+008
 6.690E+013  6.674E-010  5.308E+008  1.290E+008
 6.710E+013  6.773E-010  5.310E+008  1.294E+008
 6.730E+013  6.874E-010  5.311E+008  1.298E+008
 6.750E+013  6.975E-010  5.313E+008  1.302E+008
 6.770E+013  7.078E-010  5.314E+008  1.306E+008
 6.790E+013  7.182E-010  5.316E+008  1.310E+008
 6.810E+013  7.288E-010  5.318E+008  1.314E+008
 6.830E+013  7.395E-010  5.320E+008  1.317E+008
 6.850E+013  7.503E-010  5.321E+008  1.321E+008
 6.870E+013  7.612E-010  5.323E+008  1.325E+008
 6.890E+013  7.723E-010  5.325E+008  1.329E+008
 6.910E+013  7.835E-010  5.327E+008  1.333E+008
 6.930E+013  7.949E-010  5.329E+008  1.337E+008
 6.950E+013  8.064E-010  5.331E+008  1.341E+008
 6.970E+013  8.180E-010  5.333E+008  1.345E+008
 6.990E+013  8.298E-010  5.335E+008  1.349E+008
 7.010E+013  8.417E-010  5.337E+008  1.353E+008
 7.030E+013  8.537E-010  5.339E+008  1.357E+008
 7.050E+013  8.659E-010  5.341E+008  1.361E+008
 7.070E+013  8.783E-010  5.343E+008  1.365E+008
 7.090E+013  8.908E-010  5.345E+008  1.369E+008
 7.110E+013  9.034E-010  5.348E+008  1.373E+008
 7.130E+013  9.162E-010  5.350E+008  1.377E+008
 7.150E+013  9.291E-010  5.352E+008  1.381E+008
 7.170E+013  9.422E-010  5.355E+008  1.385E+008
 7.190E+013  9.555E-010  5.357E+008  1.389E+008
 7.210E+013  9.689E-010  5.359E+008  1.394E+008
 7.230E+013  9.824E-010  5.362E+008  1.398E+008
 7.250E+013  9.961E-010  5.364E+008  1.402E+008
 7.270E+013  1.010E-009  5.367E+008  1.406E+008
 7.290E+013  1.024E-009  5.370E+008  1.410E+008
 7.310E+013  1.038E-009  5.372E+008  1.414E+008
 7.330E+013  1.053E-009  5.375E+008  1.418E+008
 7.350E+013  1.067E-009  5.378E+008  1.422E+008
 7.370E+013  1.082E-009  5.380E+008  1.426E+008
 7.390E+013  1.097E-009  5.383E+008  1.430E+008
 7.410E+013  1.112E-009  5.386E+008  1.434E+008
 7.430E+013  1.127E-009  5.389E+008  1.438E+008
 7.450E+013  1.142E-009  5.392E+008  1.442E+008
 7.470E+013  1.158E-009  5.395E+008  1.446E+008
 7.490E+013  1.173E-009  5.398E+008  1.450E+008
 7.510E+013  1.189E-009  5.401E+008  1.454E+008
 7.530E+013  1.205E-009  5.404E+008  1.459E+008
 7.550E+013  1.222E-009  5.408E+008  1.463E+008
 7.570E+013  1.238E-009  5.411E+008  1.467E+008
 7.590E+013  1.255E-009  5.414E+008  1.471E+008
 7.610E+013  1.271E-009  5.418E+008  1.475E+008
 7.630E+013  1.288E-009  5.421E+008  1.479E+008
 7.650E+013  1.306E-009  5.424E+008  1.483E+008
 7.670E+013  1.323E-009  5.428E+008  1.487E+008
 7.690E+013  1.341E-009  5.432E+008  1.491E+008
 7.710E+013  1.358E-009  5.435E+008  1.496E+008
 7.730E+013  1.376E-009  5.439E+008  1.500E+008
 7.750E+013  1.395E-009  5.443E+008  1.504E+008
 7.770E+013  1.413E-009  5.447E+008  1.508E+008
 7.790E+013  1.432E-009  5.451E+008  1.512E+008
 7.810E+013  1.450E-009  5.455E+008  1.516E+008
 7.830E+013  1.469E-009  5.459E+008  1.520E+008
 7.850E+013  1.489E-009  5.463E+008  1.525E+008
 7.870E+013  1.508E-009  5.467E+008  1.529E+008
 7.890E+013  1.528E-009  5.471E+008  1.533E+008
 7.910E+013  1.548E-009  5.475E+008  1.537E+008
 7.930E+013  1.568E-009  5.480E+008  1.541E+008
 7.950E+013  1.589E-009  5.484E+008  1.546E+008
 7.970E+013  1.609E-009  5.489E+008  1.550E+008
 7.990E+013  1.630E-009  5.493E+008  1.554E+008
 8.010E+013  1.651E-009  5.498E+008  1.558E+008
 8.030E+013  1.673E-009  5.503E+008  1.563E+008
 8.050E+013  1.694E-009  5.508E+008  1.567E+008
 8.070E+013  1.716E-009  5.512E+008  1.571E+008
 8.090E+013  1.738E-009  5.517E+008  1.575E+008
 8.110E+013  1.761E-009  5.523E+008  1.579E+008
 8.130E+013  1.783E-009  5.528E+008  1.584E+008
 8.150E+013  1.806E-009  5.533E+008  1.588E+008
 8.170E+013  1.829E-009  5.538E+008  1.592E+008
 8.190E+013  1.853E-009  5.543E+008  1.597E+008
 8.210E+013  1.877E-009  5.549E+008  1.601E+008
 8.230E+013  1.901E-009  5.554E+008  1.605E+008
 8.250E+013  1.925E-009  5.560E+008  1.609E+008
 8.270E+013  1.949E-009  5.566E+008  1.614E+008
 8.290E+013  1.974E-009  5.572E+008  1.618E+008
 8.310E+013  1.999E-009  5.578E+008  1.622E+008
 8.330E+013  2.025E-009  5.584E+008  1.627E+008
 8.350E+013  2.051E-009  5.590E+008  1.631E+008
 8.370E+013  2.077E-009  5.596E+008  1.636E+008
 8.390E+013  2.103E-009  5.602E+008  1.640E+008
 8.410E+013  2.130E-009  5.608E+008  1.644E+008
 8.430E+013  2.157E-009  5.615E+008  1.649E+008
 8.450E+013  2.184E-009  5.622E+008  1.653E+008
 8.470E+013  2.211E-009  5.628E+008  1.657E+008
 8.490E+013  2.239E-009  5.635E+008  1.662E+008
 8.510E+013  2.268E-009  5.642E+008  1.666E+008
 8.530E+013  2.296E-009  5.649E+008  1.671E+008
 8.550E+013  2.325E-009  5.656E+008  1.675E+008
 8.570E+013  2.354E-009  5.663E+008  1.680E+008
 8.590E+013  2.384E-009  5.671E+008  1.684E+008
 8.610E+013  2.414E-009  5.678E+008  1.688E+008
 8.630E+013  2.444E-009  5.686E+008  1.693E+008
 8.650E+013  2.475E-009  5.693E+008  1.697E+008
 8.670E+013  2.506E-009  5.701E+008  1.702E+008
 8.690E+013  2.537E-009  5.709E+008  1.706E+008
 8.710E+013  2.569E-009  5.717E+008  1.711E+008
 8.730E+013  2.601E-009  5.725E+008  1.715E+008
 8.750E+013  2.633E-009  5.733E+008  1.720E+008
 8.770E+013  2.666E-009  5.742E+008  1.725E+008
 8.790E+013  2.699E-009  5.750E+008  1.729E+008
 8.810E+013  2.733E-009  5.759E+008  1.734E+008
 8.830E+013  2.767E-009  5.768E+008  1.738E+008
 8.850E+013  2.802E-009  5.777E+008  1.743E+008
 8.870E+013  2.836E-009  5.786E+008  1.747E+008
 8.890E+013  2.872E-009  5.795E+008  1.752E+008
 8.910E+013  2.907E-009  5.804E+008  1.757E+008
 8.930E+013  2.944E-009  5.814E+008  1.761E+008
 8.950E+013  2.980E-009  5.824E+008  1.766E+008
 8.970E+013  3.017E-009  5.833E+008  1.771E+008
 8.990E+013  3.055E-009  5.843E+008  1.775E+008
 9.010E+013  3.093E-009  5.854E+008  1.780E+008
 9.030E+013  3.131E-009  5.864E+008  1.785E+008
 9.050E+013  3.170E-009  5.874E+008  1.789E+008
 9.070E+013  3.209E-009  5.885E+008  1.794E+008
 9.090E+013  3.249E-009  5.896E+008  1.799E+008
 9.110E+013  3.290E-009  5.907E+008  1.804E+008
 9.130E+013  3.330E-009  5.918E+008  1.808E+008
 9.150E+013  3.372E-009  5.929E+008  1.813E+008
 9.170E+013  3.414E-009  5.940E+008  1.818E+008
 9.190E+013  3.456E-009  5.952E+008  1.823E+008
 9.210E+013  3.499E-009  5.964E+008  1.828E+008
 9.230E+013  3.542E-009  5.976E+008  1.832E+008
 9.250E+013  3.586E-009  5.988E+008  1.837E+008
 9.270E+013  3.631E-009  6.000E+008  1.842E+008
 9.290E+013  3.676E-009  6.013E+008  1.847E+008
 9.310E+013  3.722E-009  6.025E+008  1.852E+008
 9.330E+013  3.768E-009  6.038E+008  1.857E+008
 9.350E+013  3.815E-009  6.051E+008  1.862E+008
 9.370E+013  3.862E-009  6.064E+008  1.867E+008
 9.390E+013  3.911E-009  6.080E+008  1.872E+008
 9.410E+013  3.963E-009  6.102E+008  1.875E+008
 9.430E+013  4.019E-009  6.132E+008  1.875E+008
 9.450E+013  4.080E-009  6.173E+008  1.872E+008
 9.470E+013  4.149E-009  6.233E+008  1.863E+008
 9.490E+013  4.233E-009  6.325E+008  1.845E+008
 9.510E+013  4.338E-009  6.466E+008  1.811E+008
 9.530E+013  4.467E-009  6.664E+008  1.758E+008
 9.550E+013  4.616E-009  6.903E+008  1.690E+008
 9.570E+013  4.770E-009  7.152E+008  1.613E+008
 9.590E+013  4.915E-009  7.366E+008  1.546E+008
 9.610E+013  5.040E-009  7.528E+008  1.497E+008
 9.630E+013  5.143E-009  7.631E+008  1.469E+008
 9.650E+013  5.237E-009  7.707E+008  1.455E+008
 9.670E+013  5.332E-009  7.781E+008  1.447E+008
 9.690E+013  5.431E-009  7.860E+008  1.438E+008
 9.710E+013  5.534E-009  7.944E+008  1.427E+008
 9.730E+013  5.639E-009  8.031E+008  1.416E+008
 9.750E+013  5.746E-009  8.116E+008  1.405E+008
 9.770E+013  5.854E-009  8.200E+008  1.395E+008
 9.790E+013  5.963E-009  8.282E+008  1.387E+008
 9.810E+013  6.074E-009  8.363E+008  1.379E+008
 9.830E+013  6.186E-009  8.445E+008  1.372E+008
 9.850E+013  6.300E-009  8.526E+008  1.365E+008
 9.870E+013  6.417E-009  8.608E+008  1.358E+008
 9.890E+013  6.535E-009  8.690E+008  1.352E+008
 9.910E+013  6.656E-009  8.773E+008  1.347E+008
 9.930E+013  6.779E-009  8.855E+008  1.341E+008
 9.950E+013  6.906E-009  8.939E+008  1.337E+008
 9.970E+013  7.025E-009  9.022E+008  1.332E+008
 9.990E+013  7.207E-009  9.104E+008  1.327E+008
 1.001E+014  1.000E-099  1.000E-099  1.327E+008
 1.003E+014  1.000E-099  1.000E-099  1.327E+008
 3.995E-003
