 7.200E+004
     x1b        dens       energ       v1
 1.000E+011  1.201E-012  1.031E+009  0.000E+000
 3.000E+011  1.201E-012  1.031E+009  6.682E+005
 5.000E+011  1.202E-012  1.031E+009  1.347E+006
 7.000E+011  1.204E-012  1.031E+009  2.017E+006
 9.000E+011  1.208E-012  1.031E+009  2.691E+006
 1.100E+012  1.213E-012  1.031E+009  3.363E+006
 1.300E+012  1.220E-012  1.031E+009  4.036E+006
 1.500E+012  1.229E-012  1.031E+009  4.709E+006
 1.700E+012  1.240E-012  1.031E+009  5.382E+006
 1.900E+012  1.252E-012  1.031E+009  6.054E+006
 2.100E+012  1.266E-012  1.031E+009  6.727E+006
 2.300E+012  1.280E-012  1.031E+009  7.400E+006
 2.500E+012  1.296E-012  1.031E+009  8.073E+006
 2.700E+012  1.312E-012  1.031E+009  8.745E+006
 2.900E+012  1.328E-012  1.031E+009  9.418E+006
 3.100E+012  1.345E-012  1.031E+009  1.009E+007
 3.300E+012  1.362E-012  1.031E+009  1.076E+007
 3.500E+012  1.379E-012  1.031E+009  1.144E+007
 3.700E+012  1.396E-012  1.031E+009  1.211E+007
 3.900E+012  1.412E-012  1.031E+009  1.278E+007
 4.100E+012  1.427E-012  1.031E+009  1.345E+007
 4.300E+012  1.442E-012  1.031E+009  1.413E+007
 4.500E+012  1.455E-012  1.031E+009  1.480E+007
 4.700E+012  1.465E-012  1.031E+009  1.547E+007
 4.900E+012  1.471E-012  1.031E+009  1.615E+007
 5.100E+012  1.474E-012  1.031E+009  1.682E+007
 5.300E+012  1.475E-012  1.031E+009  1.749E+007
 5.500E+012  1.475E-012  1.031E+009  1.816E+007
 5.700E+012  1.475E-012  1.031E+009  1.884E+007
 5.900E+012  1.475E-012  1.031E+009  1.951E+007
 6.100E+012  1.475E-012  1.031E+009  2.018E+007
 6.300E+012  1.475E-012  1.031E+009  2.085E+007
 6.500E+012  1.474E-012  1.031E+009  2.153E+007
 6.700E+012  1.474E-012  1.031E+009  2.220E+007
 6.900E+012  1.474E-012  1.031E+009  2.287E+007
 7.100E+012  1.473E-012  1.031E+009  2.354E+007
 7.300E+012  1.472E-012  1.031E+009  2.422E+007
 7.500E+012  1.471E-012  1.031E+009  2.489E+007
 7.700E+012  1.470E-012  1.031E+009  2.556E+007
 7.900E+012  1.469E-012  1.031E+009  2.624E+007
 8.100E+012  1.468E-012  1.031E+009  2.691E+007
 8.300E+012  1.467E-012  1.031E+009  2.758E+007
 8.500E+012  1.467E-012  1.031E+009  2.825E+007
 8.700E+012  1.467E-012  1.031E+009  2.893E+007
 8.900E+012  1.467E-012  1.031E+009  2.960E+007
 9.100E+012  1.467E-012  1.031E+009  3.027E+007
 9.300E+012  1.467E-012  1.031E+009  3.094E+007
 9.500E+012  1.468E-012  1.031E+009  3.162E+007
 9.700E+012  1.468E-012  1.031E+009  3.229E+007
 9.900E+012  1.469E-012  1.031E+009  3.296E+007
 1.010E+013  1.470E-012  1.031E+009  3.364E+007
 1.030E+013  1.471E-012  1.031E+009  3.431E+007
 1.050E+013  1.473E-012  1.031E+009  3.498E+007
 1.070E+013  1.475E-012  1.031E+009  3.565E+007
 1.090E+013  1.478E-012  1.031E+009  3.633E+007
 1.110E+013  1.482E-012  1.031E+009  3.700E+007
 1.130E+013  1.486E-012  1.031E+009  3.767E+007
 1.150E+013  1.491E-012  1.031E+009  3.834E+007
 1.170E+013  1.497E-012  1.031E+009  3.902E+007
 1.190E+013  1.504E-012  1.031E+009  3.969E+007
 1.210E+013  1.513E-012  1.031E+009  4.036E+007
 1.230E+013  1.522E-012  1.031E+009  4.104E+007
 1.250E+013  1.533E-012  1.031E+009  4.171E+007
 1.270E+013  1.545E-012  1.031E+009  4.238E+007
 1.290E+013  1.559E-012  1.031E+009  4.305E+007
 1.310E+013  1.575E-012  1.031E+009  4.373E+007
 1.330E+013  1.592E-012  1.031E+009  4.440E+007
 1.350E+013  1.612E-012  1.031E+009  4.507E+007
 1.370E+013  1.634E-012  1.031E+009  4.575E+007
 1.390E+013  1.658E-012  1.031E+009  4.642E+007
 1.410E+013  1.684E-012  1.031E+009  4.709E+007
 1.430E+013  1.714E-012  1.031E+009  4.776E+007
 1.450E+013  1.747E-012  1.031E+009  4.844E+007
 1.470E+013  1.782E-012  1.031E+009  4.911E+007
 1.490E+013  1.822E-012  1.031E+009  4.978E+007
 1.510E+013  1.865E-012  1.031E+009  5.046E+007
 1.530E+013  1.912E-012  1.031E+009  5.113E+007
 1.550E+013  1.964E-012  1.031E+009  5.180E+007
 1.570E+013  2.020E-012  1.031E+009  5.248E+007
 1.590E+013  2.082E-012  1.031E+009  5.315E+007
 1.610E+013  2.149E-012  1.031E+009  5.382E+007
 1.630E+013  2.223E-012  1.031E+009  5.450E+007
 1.650E+013  2.303E-012  1.031E+009  5.517E+007
 1.670E+013  2.390E-012  1.031E+009  5.585E+007
 1.690E+013  2.485E-012  1.031E+009  5.652E+007
 1.710E+013  2.588E-012  1.031E+009  5.719E+007
 1.730E+013  2.701E-012  1.031E+009  5.787E+007
 1.750E+013  2.823E-012  1.031E+009  5.854E+007
 1.770E+013  2.956E-012  1.031E+009  5.922E+007
 1.790E+013  3.101E-012  1.031E+009  5.989E+007
 1.810E+013  3.257E-012  1.031E+009  6.057E+007
 1.830E+013  3.427E-012  1.031E+009  6.124E+007
 1.850E+013  3.611E-012  1.031E+009  6.191E+007
 1.870E+013  3.810E-012  1.031E+009  6.259E+007
 1.890E+013  4.025E-012  1.031E+009  6.326E+007
 1.910E+013  4.257E-012  1.031E+009  6.394E+007
 1.930E+013  4.507E-012  1.031E+009  6.461E+007
 1.950E+013  4.776E-012  1.031E+009  6.529E+007
 1.970E+013  5.065E-012  1.031E+009  6.596E+007
 1.990E+013  5.374E-012  1.031E+009  6.663E+007
 2.010E+013  5.705E-012  1.031E+009  6.731E+007
 2.030E+013  6.059E-012  1.031E+009  6.798E+007
 2.050E+013  6.435E-012  1.031E+009  6.865E+007
 2.070E+013  6.834E-012  1.031E+009  6.933E+007
 2.090E+013  7.256E-012  1.031E+009  7.000E+007
 2.110E+013  7.702E-012  1.031E+009  7.067E+007
 2.130E+013  8.170E-012  1.031E+009  7.135E+007
 2.150E+013  8.662E-012  1.031E+009  7.202E+007
 2.170E+013  9.176E-012  1.031E+009  7.269E+007
 2.190E+013  9.711E-012  1.031E+009  7.336E+007
 2.210E+013  1.027E-011  1.031E+009  7.403E+007
 2.230E+013  1.084E-011  1.031E+009  7.471E+007
 2.250E+013  1.144E-011  1.031E+009  7.538E+007
 2.270E+013  1.205E-011  1.031E+009  7.605E+007
 2.290E+013  1.267E-011  1.031E+009  7.672E+007
 2.310E+013  1.331E-011  1.031E+009  7.739E+007
 2.330E+013  1.396E-011  1.031E+009  7.806E+007
 2.350E+013  1.463E-011  1.031E+009  7.873E+007
 2.370E+013  1.530E-011  1.031E+009  7.941E+007
 2.390E+013  1.599E-011  1.031E+009  8.008E+007
 2.410E+013  1.668E-011  1.031E+009  8.075E+007
 2.430E+013  1.738E-011  1.031E+009  8.142E+007
 2.450E+013  1.809E-011  1.031E+009  8.209E+007
 2.470E+013  1.881E-011  1.031E+009  8.276E+007
 2.490E+013  1.953E-011  1.031E+009  8.344E+007
 2.510E+013  2.026E-011  1.031E+009  8.411E+007
 2.530E+013  2.100E-011  1.031E+009  8.478E+007
 2.550E+013  2.175E-011  1.031E+009  8.545E+007
 2.570E+013  2.250E-011  1.031E+009  8.612E+007
 2.590E+013  2.327E-011  1.031E+009  8.680E+007
 2.610E+013  2.404E-011  1.031E+009  8.747E+007
 2.630E+013  2.482E-011  1.031E+009  8.814E+007
 2.650E+013  2.562E-011  1.031E+009  8.881E+007
 2.670E+013  2.643E-011  1.031E+009  8.949E+007
 2.690E+013  2.725E-011  1.031E+009  9.016E+007
 2.710E+013  2.809E-011  1.031E+009  9.083E+007
 2.730E+013  2.894E-011  1.031E+009  9.151E+007
 2.750E+013  2.982E-011  1.031E+009  9.218E+007
 2.770E+013  3.071E-011  1.031E+009  9.285E+007
 2.790E+013  3.162E-011  1.031E+009  9.352E+007
 2.810E+013  3.256E-011  1.031E+009  9.420E+007
 2.830E+013  3.352E-011  1.031E+009  9.487E+007
 2.850E+013  3.450E-011  1.031E+009  9.554E+007
 2.870E+013  3.551E-011  1.031E+009  9.622E+007
 2.890E+013  3.655E-011  1.031E+009  9.689E+007
 2.910E+013  3.762E-011  1.031E+009  9.756E+007
 2.930E+013  3.872E-011  1.031E+009  9.823E+007
 2.950E+013  3.985E-011  1.031E+009  9.891E+007
 2.970E+013  4.102E-011  1.031E+009  9.958E+007
 2.990E+013  4.222E-011  1.031E+009  1.003E+008
 3.010E+013  4.346E-011  1.031E+009  1.009E+008
 3.030E+013  4.474E-011  1.031E+009  1.016E+008
 3.050E+013  4.606E-011  1.031E+009  1.023E+008
 3.070E+013  4.742E-011  1.031E+009  1.029E+008
 3.090E+013  4.882E-011  1.031E+009  1.036E+008
 3.110E+013  5.026E-011  1.031E+009  1.043E+008
 3.130E+013  5.175E-011  1.031E+009  1.050E+008
 3.150E+013  5.328E-011  1.031E+009  1.056E+008
 3.170E+013  5.485E-011  1.031E+009  1.063E+008
 3.190E+013  5.647E-011  1.031E+009  1.070E+008
 3.210E+013  5.814E-011  1.031E+009  1.077E+008
 3.230E+013  5.985E-011  1.031E+009  1.083E+008
 3.250E+013  6.161E-011  1.031E+009  1.090E+008
 3.270E+013  6.341E-011  1.031E+009  1.097E+008
 3.290E+013  6.526E-011  1.031E+009  1.104E+008
 3.310E+013  6.715E-011  1.031E+009  1.110E+008
 3.330E+013  6.909E-011  1.031E+009  1.117E+008
 3.350E+013  7.107E-011  1.031E+009  1.124E+008
 3.370E+013  7.310E-011  1.031E+009  1.130E+008
 3.390E+013  7.517E-011  1.031E+009  1.137E+008
 3.410E+013  7.729E-011  1.031E+009  1.144E+008
 3.430E+013  7.945E-011  1.031E+009  1.151E+008
 3.450E+013  8.164E-011  1.031E+009  1.157E+008
 3.470E+013  8.389E-011  1.031E+009  1.164E+008
 3.490E+013  8.617E-011  1.031E+009  1.171E+008
 3.510E+013  8.849E-011  1.031E+009  1.178E+008
 3.530E+013  9.086E-011  1.031E+009  1.184E+008
 3.550E+013  9.326E-011  1.032E+009  1.191E+008
 3.570E+013  9.571E-011  1.032E+009  1.198E+008
 3.590E+013  9.820E-011  1.032E+009  1.205E+008
 3.610E+013  1.007E-010  1.032E+009  1.211E+008
 3.630E+013  1.033E-010  1.032E+009  1.218E+008
 3.650E+013  1.059E-010  1.032E+009  1.225E+008
 3.670E+013  1.086E-010  1.032E+009  1.232E+008
 3.690E+013  1.113E-010  1.032E+009  1.238E+008
 3.710E+013  1.141E-010  1.032E+009  1.245E+008
 3.730E+013  1.169E-010  1.032E+009  1.252E+008
 3.750E+013  1.197E-010  1.032E+009  1.259E+008
 3.770E+013  1.226E-010  1.032E+009  1.265E+008
 3.790E+013  1.256E-010  1.032E+009  1.272E+008
 3.810E+013  1.286E-010  1.032E+009  1.279E+008
 3.830E+013  1.317E-010  1.032E+009  1.285E+008
 3.850E+013  1.349E-010  1.032E+009  1.292E+008
 3.870E+013  1.381E-010  1.032E+009  1.299E+008
 3.890E+013  1.414E-010  1.032E+009  1.306E+008
 3.910E+013  1.447E-010  1.032E+009  1.312E+008
 3.930E+013  1.481E-010  1.032E+009  1.319E+008
 3.950E+013  1.516E-010  1.032E+009  1.326E+008
 3.970E+013  1.552E-010  1.033E+009  1.333E+008
 3.990E+013  1.589E-010  1.033E+009  1.340E+008
 4.010E+013  1.626E-010  1.033E+009  1.346E+008
 4.030E+013  1.664E-010  1.033E+009  1.353E+008
 4.050E+013  1.703E-010  1.033E+009  1.360E+008
 4.070E+013  1.743E-010  1.033E+009  1.367E+008
 4.090E+013  1.784E-010  1.033E+009  1.373E+008
 4.110E+013  1.825E-010  1.033E+009  1.380E+008
 4.130E+013  1.868E-010  1.033E+009  1.387E+008
 4.150E+013  1.911E-010  1.033E+009  1.394E+008
 4.170E+013  1.956E-010  1.033E+009  1.400E+008
 4.190E+013  2.001E-010  1.033E+009  1.407E+008
 4.210E+013  2.047E-010  1.033E+009  1.414E+008
 4.230E+013  2.094E-010  1.034E+009  1.421E+008
 4.250E+013  2.143E-010  1.034E+009  1.427E+008
 4.270E+013  2.192E-010  1.034E+009  1.434E+008
 4.290E+013  2.242E-010  1.034E+009  1.441E+008
 4.310E+013  2.293E-010  1.034E+009  1.448E+008
 4.330E+013  2.346E-010  1.034E+009  1.454E+008
 4.350E+013  2.399E-010  1.034E+009  1.461E+008
 4.370E+013  2.453E-010  1.034E+009  1.468E+008
 4.390E+013  2.508E-010  1.034E+009  1.475E+008
 4.410E+013  2.564E-010  1.035E+009  1.482E+008
 4.430E+013  2.621E-010  1.035E+009  1.488E+008
 4.450E+013  2.680E-010  1.035E+009  1.495E+008
 4.470E+013  2.739E-010  1.035E+009  1.502E+008
 4.490E+013  2.799E-010  1.035E+009  1.509E+008
 4.510E+013  2.861E-010  1.035E+009  1.515E+008
 4.530E+013  2.923E-010  1.035E+009  1.522E+008
 4.550E+013  2.987E-010  1.035E+009  1.529E+008
 4.570E+013  3.051E-010  1.036E+009  1.536E+008
 4.590E+013  3.117E-010  1.036E+009  1.543E+008
 4.610E+013  3.184E-010  1.036E+009  1.549E+008
 4.630E+013  3.251E-010  1.036E+009  1.556E+008
 4.650E+013  3.320E-010  1.036E+009  1.563E+008
 4.670E+013  3.391E-010  1.036E+009  1.570E+008
 4.690E+013  3.462E-010  1.037E+009  1.577E+008
 4.710E+013  3.534E-010  1.037E+009  1.583E+008
 4.730E+013  3.608E-010  1.037E+009  1.590E+008
 4.750E+013  3.683E-010  1.037E+009  1.597E+008
 4.770E+013  3.759E-010  1.037E+009  1.604E+008
 4.790E+013  3.837E-010  1.037E+009  1.611E+008
 4.810E+013  3.916E-010  1.038E+009  1.617E+008
 4.830E+013  3.996E-010  1.038E+009  1.624E+008
 4.850E+013  4.077E-010  1.038E+009  1.631E+008
 4.870E+013  4.159E-010  1.038E+009  1.638E+008
 4.890E+013  4.243E-010  1.039E+009  1.645E+008
 4.910E+013  4.329E-010  1.039E+009  1.652E+008
 4.930E+013  4.415E-010  1.039E+009  1.658E+008
 4.950E+013  4.503E-010  1.039E+009  1.665E+008
 4.970E+013  4.593E-010  1.039E+009  1.672E+008
 4.990E+013  4.683E-010  1.040E+009  1.679E+008
 5.010E+013  4.775E-010  1.040E+009  1.686E+008
 5.030E+013  4.869E-010  1.040E+009  1.693E+008
 5.050E+013  4.964E-010  1.040E+009  1.700E+008
 5.070E+013  5.060E-010  1.041E+009  1.706E+008
 5.090E+013  5.158E-010  1.041E+009  1.713E+008
 5.110E+013  5.257E-010  1.041E+009  1.720E+008
 5.130E+013  5.358E-010  1.042E+009  1.727E+008
 5.150E+013  5.460E-010  1.042E+009  1.734E+008
 5.170E+013  5.564E-010  1.042E+009  1.741E+008
 5.190E+013  5.670E-010  1.042E+009  1.748E+008
 5.210E+013  5.776E-010  1.043E+009  1.754E+008
 5.230E+013  5.885E-010  1.043E+009  1.761E+008
 5.250E+013  5.995E-010  1.043E+009  1.768E+008
 5.270E+013  6.107E-010  1.044E+009  1.775E+008
 5.290E+013  6.220E-010  1.044E+009  1.782E+008
 5.310E+013  6.335E-010  1.045E+009  1.789E+008
 5.330E+013  6.452E-010  1.045E+009  1.796E+008
 5.350E+013  6.570E-010  1.045E+009  1.803E+008
 5.370E+013  6.690E-010  1.046E+009  1.810E+008
 5.390E+013  6.812E-010  1.046E+009  1.817E+008
 5.410E+013  6.936E-010  1.046E+009  1.824E+008
 5.430E+013  7.062E-010  1.047E+009  1.830E+008
 5.450E+013  7.189E-010  1.047E+009  1.837E+008
 5.470E+013  7.319E-010  1.048E+009  1.844E+008
 5.490E+013  7.450E-010  1.048E+009  1.851E+008
 5.510E+013  7.584E-010  1.049E+009  1.858E+008
 5.530E+013  7.720E-010  1.049E+009  1.865E+008
 5.550E+013  7.857E-010  1.049E+009  1.872E+008
 5.570E+013  7.997E-010  1.050E+009  1.879E+008
 5.590E+013  8.139E-010  1.050E+009  1.886E+008
 5.610E+013  8.283E-010  1.051E+009  1.893E+008
 5.630E+013  8.430E-010  1.051E+009  1.900E+008
 5.650E+013  8.578E-010  1.052E+009  1.907E+008
 5.670E+013  8.729E-010  1.052E+009  1.914E+008
 5.690E+013  8.883E-010  1.053E+009  1.921E+008
 5.710E+013  9.039E-010  1.054E+009  1.928E+008
 5.730E+013  9.197E-010  1.054E+009  1.935E+008
 5.750E+013  9.357E-010  1.055E+009  1.942E+008
 5.770E+013  9.520E-010  1.055E+009  1.949E+008
 5.790E+013  9.686E-010  1.056E+009  1.956E+008
 5.810E+013  9.854E-010  1.056E+009  1.963E+008
 5.830E+013  1.002E-009  1.057E+009  1.970E+008
 5.850E+013  1.020E-009  1.058E+009  1.978E+008
 5.870E+013  1.037E-009  1.058E+009  1.985E+008
 5.890E+013  1.055E-009  1.059E+009  1.992E+008
 5.910E+013  1.073E-009  1.060E+009  1.999E+008
 5.930E+013  1.092E-009  1.060E+009  2.006E+008
 5.950E+013  1.110E-009  1.061E+009  2.013E+008
 5.970E+013  1.129E-009  1.062E+009  2.020E+008
 5.990E+013  1.149E-009  1.063E+009  2.027E+008
 6.010E+013  1.168E-009  1.063E+009  2.034E+008
 6.030E+013  1.188E-009  1.064E+009  2.042E+008
 6.050E+013  1.208E-009  1.065E+009  2.049E+008
 6.070E+013  1.228E-009  1.066E+009  2.056E+008
 6.090E+013  1.249E-009  1.066E+009  2.063E+008
 6.110E+013  1.270E-009  1.067E+009  2.070E+008
 6.130E+013  1.291E-009  1.068E+009  2.077E+008
 6.150E+013  1.313E-009  1.069E+009  2.085E+008
 6.170E+013  1.335E-009  1.070E+009  2.092E+008
 6.190E+013  1.357E-009  1.071E+009  2.099E+008
 6.210E+013  1.380E-009  1.072E+009  2.106E+008
 6.230E+013  1.403E-009  1.073E+009  2.114E+008
 6.250E+013  1.426E-009  1.074E+009  2.121E+008
 6.270E+013  1.449E-009  1.075E+009  2.128E+008
 6.290E+013  1.473E-009  1.075E+009  2.135E+008
 6.310E+013  1.497E-009  1.077E+009  2.143E+008
 6.330E+013  1.522E-009  1.078E+009  2.150E+008
 6.350E+013  1.547E-009  1.079E+009  2.157E+008
 6.370E+013  1.572E-009  1.080E+009  2.165E+008
 6.390E+013  1.597E-009  1.081E+009  2.172E+008
 6.410E+013  1.623E-009  1.082E+009  2.179E+008
 6.430E+013  1.650E-009  1.083E+009  2.187E+008
 6.450E+013  1.676E-009  1.084E+009  2.194E+008
 6.470E+013  1.703E-009  1.085E+009  2.202E+008
 6.490E+013  1.731E-009  1.087E+009  2.209E+008
 6.510E+013  1.759E-009  1.088E+009  2.217E+008
 6.530E+013  1.787E-009  1.089E+009  2.224E+008
 6.550E+013  1.815E-009  1.090E+009  2.231E+008
 6.570E+013  1.844E-009  1.092E+009  2.239E+008
 6.590E+013  1.874E-009  1.093E+009  2.246E+008
 6.610E+013  1.904E-009  1.094E+009  2.254E+008
 6.630E+013  1.934E-009  1.096E+009  2.261E+008
 6.650E+013  1.965E-009  1.097E+009  2.269E+008
 6.670E+013  1.996E-009  1.099E+009  2.277E+008
 6.690E+013  2.027E-009  1.100E+009  2.284E+008
 6.710E+013  2.059E-009  1.102E+009  2.292E+008
 6.730E+013  2.092E-009  1.103E+009  2.299E+008
 6.750E+013  2.125E-009  1.105E+009  2.307E+008
 6.770E+013  2.158E-009  1.106E+009  2.315E+008
 6.790E+013  2.192E-009  1.108E+009  2.322E+008
 6.810E+013  2.227E-009  1.110E+009  2.330E+008
 6.830E+013  2.262E-009  1.111E+009  2.338E+008
 6.850E+013  2.297E-009  1.113E+009  2.346E+008
 6.870E+013  2.333E-009  1.115E+009  2.353E+008
 6.890E+013  2.370E-009  1.116E+009  2.361E+008
 6.910E+013  2.407E-009  1.118E+009  2.369E+008
 6.930E+013  2.444E-009  1.120E+009  2.377E+008
 6.950E+013  2.482E-009  1.122E+009  2.385E+008
 6.970E+013  2.521E-009  1.124E+009  2.392E+008
 6.990E+013  2.560E-009  1.126E+009  2.400E+008
 7.010E+013  2.600E-009  1.128E+009  2.408E+008
 7.030E+013  2.641E-009  1.130E+009  2.416E+008
 7.050E+013  2.682E-009  1.132E+009  2.424E+008
 7.070E+013  2.723E-009  1.134E+009  2.432E+008
 7.090E+013  2.766E-009  1.136E+009  2.440E+008
 7.110E+013  2.809E-009  1.139E+009  2.448E+008
 7.130E+013  2.852E-009  1.141E+009  2.456E+008
 7.150E+013  2.896E-009  1.143E+009  2.464E+008
 7.170E+013  2.941E-009  1.145E+009  2.472E+008
 7.190E+013  2.987E-009  1.148E+009  2.481E+008
 7.210E+013  3.033E-009  1.150E+009  2.489E+008
 7.230E+013  3.080E-009  1.153E+009  2.497E+008
 7.250E+013  3.128E-009  1.155E+009  2.505E+008
 7.270E+013  3.177E-009  1.158E+009  2.513E+008
 7.290E+013  3.226E-009  1.160E+009  2.522E+008
 7.310E+013  3.276E-009  1.163E+009  2.530E+008
 7.330E+013  3.326E-009  1.166E+009  2.538E+008
 7.350E+013  3.378E-009  1.169E+009  2.547E+008
 7.370E+013  3.430E-009  1.171E+009  2.555E+008
 7.390E+013  3.483E-009  1.174E+009  2.563E+008
 7.410E+013  3.537E-009  1.177E+009  2.572E+008
 7.430E+013  3.592E-009  1.180E+009  2.580E+008
 7.450E+013  3.648E-009  1.183E+009  2.589E+008
 7.470E+013  3.704E-009  1.186E+009  2.597E+008
 7.490E+013  3.762E-009  1.189E+009  2.606E+008
 7.510E+013  3.820E-009  1.193E+009  2.615E+008
 7.530E+013  3.879E-009  1.196E+009  2.623E+008
 7.550E+013  3.939E-009  1.199E+009  2.632E+008
 7.570E+013  4.001E-009  1.203E+009  2.641E+008
 7.590E+013  4.063E-009  1.206E+009  2.650E+008
 7.610E+013  4.126E-009  1.210E+009  2.658E+008
 7.630E+013  4.190E-009  1.213E+009  2.667E+008
 7.650E+013  4.255E-009  1.217E+009  2.676E+008
 7.670E+013  4.322E-009  1.221E+009  2.685E+008
 7.690E+013  4.389E-009  1.225E+009  2.694E+008
 7.710E+013  4.457E-009  1.229E+009  2.703E+008
 7.730E+013  4.527E-009  1.233E+009  2.712E+008
 7.750E+013  4.598E-009  1.237E+009  2.721E+008
 7.770E+013  4.670E-009  1.241E+009  2.730E+008
 7.790E+013  4.743E-009  1.245E+009  2.739E+008
 7.810E+013  4.817E-009  1.249E+009  2.748E+008
 7.830E+013  4.893E-009  1.254E+009  2.758E+008
 7.850E+013  4.970E-009  1.258E+009  2.767E+008
 7.870E+013  5.048E-009  1.263E+009  2.776E+008
 7.890E+013  5.128E-009  1.267E+009  2.786E+008
 7.910E+013  5.208E-009  1.272E+009  2.795E+008
 7.930E+013  5.291E-009  1.277E+009  2.804E+008
 7.950E+013  5.375E-009  1.282E+009  2.814E+008
 7.970E+013  5.460E-009  1.287E+009  2.823E+008
 7.990E+013  5.547E-009  1.292E+009  2.833E+008
 8.010E+013  5.635E-009  1.297E+009  2.843E+008
 8.030E+013  5.725E-009  1.303E+009  2.852E+008
 8.050E+013  5.816E-009  1.308E+009  2.862E+008
 8.070E+013  5.909E-009  1.314E+009  2.872E+008
 8.090E+013  6.004E-009  1.319E+009  2.882E+008
 8.110E+013  6.101E-009  1.325E+009  2.892E+008
 8.130E+013  6.199E-009  1.331E+009  2.902E+008
 8.150E+013  6.299E-009  1.337E+009  2.912E+008
 8.170E+013  6.401E-009  1.343E+009  2.922E+008
 8.190E+013  6.505E-009  1.350E+009  2.932E+008
 8.210E+013  6.611E-009  1.356E+009  2.942E+008
 8.230E+013  6.719E-009  1.363E+009  2.952E+008
 8.250E+013  6.828E-009  1.369E+009  2.962E+008
 8.270E+013  6.940E-009  1.376E+009  2.973E+008
 8.290E+013  7.054E-009  1.383E+009  2.983E+008
 8.310E+013  7.171E-009  1.390E+009  2.993E+008
 8.330E+013  7.289E-009  1.397E+009  3.004E+008
 8.350E+013  7.410E-009  1.405E+009  3.014E+008
 8.370E+013  7.533E-009  1.412E+009  3.025E+008
 8.390E+013  7.658E-009  1.420E+009  3.036E+008
 8.410E+013  7.786E-009  1.428E+009  3.046E+008
 8.430E+013  7.917E-009  1.436E+009  3.057E+008
 8.450E+013  8.050E-009  1.444E+009  3.068E+008
 8.470E+013  8.185E-009  1.452E+009  3.079E+008
 8.490E+013  8.324E-009  1.461E+009  3.090E+008
 8.510E+013  8.465E-009  1.470E+009  3.101E+008
 8.530E+013  8.609E-009  1.479E+009  3.112E+008
 8.550E+013  8.756E-009  1.488E+009  3.123E+008
 8.570E+013  8.906E-009  1.497E+009  3.134E+008
 8.590E+013  9.060E-009  1.506E+009  3.146E+008
 8.610E+013  9.216E-009  1.516E+009  3.157E+008
 8.630E+013  9.376E-009  1.526E+009  3.168E+008
 8.650E+013  9.539E-009  1.536E+009  3.180E+008
 8.670E+013  9.705E-009  1.546E+009  3.192E+008
 8.690E+013  9.875E-009  1.557E+009  3.203E+008
 8.710E+013  1.005E-008  1.568E+009  3.215E+008
 8.730E+013  1.023E-008  1.579E+009  3.227E+008
 8.750E+013  1.041E-008  1.590E+009  3.238E+008
 8.770E+013  1.059E-008  1.601E+009  3.250E+008
 8.790E+013  1.078E-008  1.613E+009  3.262E+008
 8.810E+013  1.098E-008  1.625E+009  3.274E+008
 8.830E+013  1.117E-008  1.637E+009  3.286E+008
 8.850E+013  1.138E-008  1.650E+009  3.299E+008
 8.870E+013  1.158E-008  1.663E+009  3.311E+008
 8.890E+013  1.179E-008  1.676E+009  3.323E+008
 8.910E+013  1.201E-008  1.689E+009  3.336E+008
 8.930E+013  1.223E-008  1.703E+009  3.348E+008
 8.950E+013  1.246E-008  1.717E+009  3.361E+008
 8.970E+013  1.269E-008  1.731E+009  3.373E+008
 8.990E+013  1.293E-008  1.746E+009  3.386E+008
 9.010E+013  1.317E-008  1.761E+009  3.399E+008
 9.030E+013  1.342E-008  1.776E+009  3.411E+008
 9.050E+013  1.367E-008  1.792E+009  3.424E+008
 9.070E+013  1.394E-008  1.808E+009  3.437E+008
 9.090E+013  1.420E-008  1.824E+009  3.450E+008
 9.110E+013  1.448E-008  1.841E+009  3.464E+008
 9.130E+013  1.476E-008  1.858E+009  3.477E+008
 9.150E+013  1.504E-008  1.876E+009  3.490E+008
 9.170E+013  1.534E-008  1.894E+009  3.504E+008
 9.190E+013  1.564E-008  1.912E+009  3.517E+008
 9.210E+013  1.595E-008  1.931E+009  3.531E+008
 9.230E+013  1.626E-008  1.951E+009  3.544E+008
 9.250E+013  1.659E-008  1.970E+009  3.558E+008
 9.270E+013  1.692E-008  1.991E+009  3.572E+008
 9.290E+013  1.727E-008  2.011E+009  3.585E+008
 9.310E+013  1.762E-008  2.033E+009  3.599E+008
 9.330E+013  1.798E-008  2.054E+009  3.613E+008
 9.350E+013  1.835E-008  2.077E+009  3.627E+008
 9.370E+013  1.873E-008  2.099E+009  3.642E+008
 9.390E+013  1.912E-008  2.123E+009  3.656E+008
 9.410E+013  1.952E-008  2.147E+009  3.670E+008
 9.430E+013  1.993E-008  2.171E+009  3.684E+008
 9.450E+013  2.035E-008  2.196E+009  3.699E+008
 9.470E+013  2.078E-008  2.222E+009  3.713E+008
 9.490E+013  2.123E-008  2.249E+009  3.728E+008
 9.510E+013  2.169E-008  2.276E+009  3.743E+008
 9.530E+013  2.216E-008  2.304E+009  3.758E+008
 9.550E+013  2.264E-008  2.332E+009  3.772E+008
 9.570E+013  2.314E-008  2.361E+009  3.787E+008
 9.590E+013  2.365E-008  2.391E+009  3.802E+008
 9.610E+013  2.418E-008  2.422E+009  3.817E+008
 9.630E+013  2.472E-008  2.454E+009  3.833E+008
 9.650E+013  2.528E-008  2.486E+009  3.848E+008
 9.670E+013  2.585E-008  2.519E+009  3.863E+008
 9.690E+013  2.644E-008  2.553E+009  3.879E+008
 9.710E+013  2.705E-008  2.588E+009  3.894E+008
 9.730E+013  2.768E-008  2.624E+009  3.910E+008
 9.750E+013  2.832E-008  2.661E+009  3.925E+008
 9.770E+013  2.899E-008  2.699E+009  3.941E+008
 9.790E+013  2.967E-008  2.738E+009  3.957E+008
 9.810E+013  3.038E-008  2.778E+009  3.972E+008
 9.830E+013  3.111E-008  2.819E+009  3.988E+008
 9.850E+013  3.186E-008  2.861E+009  4.004E+008
 9.870E+013  3.263E-008  2.904E+009  4.020E+008
 9.890E+013  3.343E-008  2.948E+009  4.037E+008
 9.910E+013  3.427E-008  2.996E+009  4.052E+008
 9.930E+013  3.514E-008  3.043E+009  4.066E+008
 9.950E+013  3.564E-008  3.038E+009  4.096E+008
 9.970E+013  3.468E-008  2.845E+009  4.185E+008
 9.990E+013  3.442E-008  2.716E+009  4.412E+008
 1.001E+014  1.000E-099  1.000E-099  4.413E+008
 1.003E+014  1.000E-099  1.000E-099  4.413E+008
 2.283E-003
