 1.140E+005
     x1b        dens       energ       v1
 1.000E+011  8.597E-013  5.907E+008  0.000E+000
 3.000E+011  8.598E-013  5.907E+008  4.434E+005
 5.000E+011  8.603E-013  5.907E+008  8.430E+005
 7.000E+011  8.614E-013  5.907E+008  1.279E+006
 9.000E+011  8.633E-013  5.907E+008  1.699E+006
 1.100E+012  8.661E-013  5.907E+008  2.127E+006
 1.300E+012  8.699E-013  5.907E+008  2.550E+006
 1.500E+012  8.748E-013  5.907E+008  2.976E+006
 1.700E+012  8.807E-013  5.907E+008  3.401E+006
 1.900E+012  8.876E-013  5.907E+008  3.826E+006
 2.100E+012  8.954E-013  5.907E+008  4.251E+006
 2.300E+012  9.040E-013  5.907E+008  4.677E+006
 2.500E+012  9.133E-013  5.907E+008  5.102E+006
 2.700E+012  9.230E-013  5.907E+008  5.527E+006
 2.900E+012  9.332E-013  5.907E+008  5.952E+006
 3.100E+012  9.436E-013  5.907E+008  6.377E+006
 3.300E+012  9.543E-013  5.907E+008  6.803E+006
 3.500E+012  9.650E-013  5.907E+008  7.228E+006
 3.700E+012  9.759E-013  5.907E+008  7.653E+006
 3.900E+012  9.867E-013  5.907E+008  8.078E+006
 4.100E+012  9.974E-013  5.907E+008  8.503E+006
 4.300E+012  1.008E-012  5.907E+008  8.928E+006
 4.500E+012  1.018E-012  5.907E+008  9.353E+006
 4.700E+012  1.028E-012  5.907E+008  9.779E+006
 4.900E+012  1.036E-012  5.907E+008  1.020E+007
 5.100E+012  1.044E-012  5.907E+008  1.063E+007
 5.300E+012  1.050E-012  5.907E+008  1.105E+007
 5.500E+012  1.054E-012  5.907E+008  1.148E+007
 5.700E+012  1.056E-012  5.907E+008  1.190E+007
 5.900E+012  1.056E-012  5.907E+008  1.233E+007
 6.100E+012  1.056E-012  5.907E+008  1.275E+007
 6.300E+012  1.056E-012  5.907E+008  1.318E+007
 6.500E+012  1.056E-012  5.907E+008  1.360E+007
 6.700E+012  1.056E-012  5.907E+008  1.403E+007
 6.900E+012  1.056E-012  5.907E+008  1.446E+007
 7.100E+012  1.056E-012  5.907E+008  1.488E+007
 7.300E+012  1.056E-012  5.907E+008  1.531E+007
 7.500E+012  1.056E-012  5.907E+008  1.573E+007
 7.700E+012  1.055E-012  5.907E+008  1.616E+007
 7.900E+012  1.055E-012  5.907E+008  1.658E+007
 8.100E+012  1.054E-012  5.907E+008  1.701E+007
 8.300E+012  1.054E-012  5.907E+008  1.743E+007
 8.500E+012  1.053E-012  5.907E+008  1.786E+007
 8.700E+012  1.052E-012  5.907E+008  1.828E+007
 8.900E+012  1.051E-012  5.907E+008  1.871E+007
 9.100E+012  1.051E-012  5.907E+008  1.913E+007
 9.300E+012  1.051E-012  5.907E+008  1.956E+007
 9.500E+012  1.051E-012  5.907E+008  1.998E+007
 9.700E+012  1.051E-012  5.907E+008  2.041E+007
 9.900E+012  1.051E-012  5.907E+008  2.083E+007
 1.010E+013  1.051E-012  5.907E+008  2.126E+007
 1.030E+013  1.051E-012  5.907E+008  2.168E+007
 1.050E+013  1.051E-012  5.907E+008  2.211E+007
 1.070E+013  1.051E-012  5.907E+008  2.253E+007
 1.090E+013  1.051E-012  5.907E+008  2.296E+007
 1.110E+013  1.052E-012  5.907E+008  2.338E+007
 1.130E+013  1.053E-012  5.907E+008  2.381E+007
 1.150E+013  1.053E-012  5.907E+008  2.423E+007
 1.170E+013  1.055E-012  5.907E+008  2.466E+007
 1.190E+013  1.056E-012  5.907E+008  2.508E+007
 1.210E+013  1.058E-012  5.907E+008  2.551E+007
 1.230E+013  1.060E-012  5.907E+008  2.593E+007
 1.250E+013  1.062E-012  5.907E+008  2.636E+007
 1.270E+013  1.065E-012  5.907E+008  2.678E+007
 1.290E+013  1.069E-012  5.907E+008  2.721E+007
 1.310E+013  1.073E-012  5.907E+008  2.763E+007
 1.330E+013  1.077E-012  5.907E+008  2.806E+007
 1.350E+013  1.082E-012  5.907E+008  2.849E+007
 1.370E+013  1.088E-012  5.907E+008  2.891E+007
 1.390E+013  1.095E-012  5.907E+008  2.934E+007
 1.410E+013  1.103E-012  5.907E+008  2.976E+007
 1.430E+013  1.111E-012  5.907E+008  3.019E+007
 1.450E+013  1.120E-012  5.907E+008  3.061E+007
 1.470E+013  1.131E-012  5.907E+008  3.104E+007
 1.490E+013  1.142E-012  5.907E+008  3.146E+007
 1.510E+013  1.155E-012  5.907E+008  3.189E+007
 1.530E+013  1.169E-012  5.907E+008  3.231E+007
 1.550E+013  1.184E-012  5.907E+008  3.274E+007
 1.570E+013  1.201E-012  5.907E+008  3.316E+007
 1.590E+013  1.219E-012  5.907E+008  3.359E+007
 1.610E+013  1.239E-012  5.907E+008  3.401E+007
 1.630E+013  1.261E-012  5.907E+008  3.444E+007
 1.650E+013  1.285E-012  5.907E+008  3.486E+007
 1.670E+013  1.310E-012  5.907E+008  3.529E+007
 1.690E+013  1.338E-012  5.907E+008  3.571E+007
 1.710E+013  1.369E-012  5.907E+008  3.614E+007
 1.730E+013  1.402E-012  5.907E+008  3.657E+007
 1.750E+013  1.437E-012  5.907E+008  3.699E+007
 1.770E+013  1.476E-012  5.907E+008  3.742E+007
 1.790E+013  1.517E-012  5.907E+008  3.784E+007
 1.810E+013  1.563E-012  5.907E+008  3.827E+007
 1.830E+013  1.611E-012  5.907E+008  3.869E+007
 1.850E+013  1.664E-012  5.907E+008  3.912E+007
 1.870E+013  1.721E-012  5.907E+008  3.955E+007
 1.890E+013  1.782E-012  5.907E+008  3.997E+007
 1.910E+013  1.848E-012  5.907E+008  4.040E+007
 1.930E+013  1.920E-012  5.907E+008  4.082E+007
 1.950E+013  1.997E-012  5.907E+008  4.125E+007
 1.970E+013  2.080E-012  5.907E+008  4.167E+007
 1.990E+013  2.169E-012  5.907E+008  4.210E+007
 2.010E+013  2.265E-012  5.907E+008  4.253E+007
 2.030E+013  2.368E-012  5.907E+008  4.295E+007
 2.050E+013  2.479E-012  5.907E+008  4.338E+007
 2.070E+013  2.598E-012  5.907E+008  4.380E+007
 2.090E+013  2.726E-012  5.907E+008  4.423E+007
 2.110E+013  2.863E-012  5.907E+008  4.466E+007
 2.130E+013  3.009E-012  5.907E+008  4.508E+007
 2.150E+013  3.166E-012  5.907E+008  4.551E+007
 2.170E+013  3.334E-012  5.907E+008  4.593E+007
 2.190E+013  3.512E-012  5.907E+008  4.636E+007
 2.210E+013  3.703E-012  5.907E+008  4.679E+007
 2.230E+013  3.905E-012  5.907E+008  4.721E+007
 2.250E+013  4.120E-012  5.907E+008  4.764E+007
 2.270E+013  4.347E-012  5.907E+008  4.806E+007
 2.290E+013  4.588E-012  5.907E+008  4.849E+007
 2.310E+013  4.842E-012  5.907E+008  4.891E+007
 2.330E+013  5.109E-012  5.907E+008  4.934E+007
 2.350E+013  5.389E-012  5.907E+008  4.976E+007
 2.370E+013  5.683E-012  5.907E+008  5.019E+007
 2.390E+013  5.990E-012  5.907E+008  5.061E+007
 2.410E+013  6.310E-012  5.907E+008  5.104E+007
 2.430E+013  6.643E-012  5.907E+008  5.146E+007
 2.450E+013  6.988E-012  5.907E+008  5.189E+007
 2.470E+013  7.345E-012  5.907E+008  5.231E+007
 2.490E+013  7.712E-012  5.907E+008  5.274E+007
 2.510E+013  8.091E-012  5.907E+008  5.316E+007
 2.530E+013  8.479E-012  5.907E+008  5.359E+007
 2.550E+013  8.876E-012  5.907E+008  5.401E+007
 2.570E+013  9.282E-012  5.907E+008  5.444E+007
 2.590E+013  9.696E-012  5.907E+008  5.486E+007
 2.610E+013  1.012E-011  5.907E+008  5.529E+007
 2.630E+013  1.054E-011  5.907E+008  5.571E+007
 2.650E+013  1.098E-011  5.907E+008  5.613E+007
 2.670E+013  1.142E-011  5.907E+008  5.656E+007
 2.690E+013  1.186E-011  5.907E+008  5.698E+007
 2.710E+013  1.231E-011  5.907E+008  5.741E+007
 2.730E+013  1.276E-011  5.907E+008  5.783E+007
 2.750E+013  1.322E-011  5.907E+008  5.826E+007
 2.770E+013  1.368E-011  5.907E+008  5.868E+007
 2.790E+013  1.414E-011  5.907E+008  5.911E+007
 2.810E+013  1.461E-011  5.907E+008  5.953E+007
 2.830E+013  1.509E-011  5.907E+008  5.996E+007
 2.850E+013  1.557E-011  5.907E+008  6.038E+007
 2.870E+013  1.605E-011  5.907E+008  6.081E+007
 2.890E+013  1.654E-011  5.907E+008  6.123E+007
 2.910E+013  1.703E-011  5.907E+008  6.166E+007
 2.930E+013  1.753E-011  5.907E+008  6.208E+007
 2.950E+013  1.804E-011  5.907E+008  6.251E+007
 2.970E+013  1.855E-011  5.907E+008  6.293E+007
 2.990E+013  1.907E-011  5.907E+008  6.336E+007
 3.010E+013  1.960E-011  5.907E+008  6.378E+007
 3.030E+013  2.014E-011  5.907E+008  6.421E+007
 3.050E+013  2.068E-011  5.907E+008  6.463E+007
 3.070E+013  2.124E-011  5.907E+008  6.506E+007
 3.090E+013  2.181E-011  5.907E+008  6.548E+007
 3.110E+013  2.239E-011  5.907E+008  6.591E+007
 3.130E+013  2.298E-011  5.907E+008  6.633E+007
 3.150E+013  2.359E-011  5.907E+008  6.676E+007
 3.170E+013  2.421E-011  5.907E+008  6.718E+007
 3.190E+013  2.484E-011  5.907E+008  6.761E+007
 3.210E+013  2.549E-011  5.907E+008  6.803E+007
 3.230E+013  2.616E-011  5.907E+008  6.846E+007
 3.250E+013  2.684E-011  5.907E+008  6.888E+007
 3.270E+013  2.754E-011  5.907E+008  6.931E+007
 3.290E+013  2.826E-011  5.908E+008  6.973E+007
 3.310E+013  2.900E-011  5.908E+008  7.016E+007
 3.330E+013  2.976E-011  5.908E+008  7.059E+007
 3.350E+013  3.054E-011  5.908E+008  7.101E+007
 3.370E+013  3.134E-011  5.908E+008  7.144E+007
 3.390E+013  3.217E-011  5.908E+008  7.186E+007
 3.410E+013  3.301E-011  5.908E+008  7.229E+007
 3.430E+013  3.388E-011  5.908E+008  7.271E+007
 3.450E+013  3.477E-011  5.908E+008  7.314E+007
 3.470E+013  3.569E-011  5.908E+008  7.356E+007
 3.490E+013  3.663E-011  5.908E+008  7.399E+007
 3.510E+013  3.760E-011  5.908E+008  7.441E+007
 3.530E+013  3.859E-011  5.908E+008  7.484E+007
 3.550E+013  3.961E-011  5.908E+008  7.526E+007
 3.570E+013  4.066E-011  5.908E+008  7.569E+007
 3.590E+013  4.173E-011  5.908E+008  7.612E+007
 3.610E+013  4.282E-011  5.908E+008  7.654E+007
 3.630E+013  4.395E-011  5.908E+008  7.697E+007
 3.650E+013  4.510E-011  5.908E+008  7.739E+007
 3.670E+013  4.627E-011  5.909E+008  7.782E+007
 3.690E+013  4.747E-011  5.909E+008  7.824E+007
 3.710E+013  4.870E-011  5.909E+008  7.867E+007
 3.730E+013  4.995E-011  5.909E+008  7.909E+007
 3.750E+013  5.123E-011  5.909E+008  7.952E+007
 3.770E+013  5.254E-011  5.909E+008  7.994E+007
 3.790E+013  5.387E-011  5.909E+008  8.037E+007
 3.810E+013  5.522E-011  5.909E+008  8.080E+007
 3.830E+013  5.660E-011  5.909E+008  8.122E+007
 3.850E+013  5.800E-011  5.909E+008  8.165E+007
 3.870E+013  5.943E-011  5.909E+008  8.207E+007
 3.890E+013  6.088E-011  5.909E+008  8.250E+007
 3.910E+013  6.235E-011  5.910E+008  8.292E+007
 3.930E+013  6.385E-011  5.910E+008  8.335E+007
 3.950E+013  6.537E-011  5.910E+008  8.377E+007
 3.970E+013  6.691E-011  5.910E+008  8.420E+007
 3.990E+013  6.848E-011  5.910E+008  8.462E+007
 4.010E+013  7.007E-011  5.910E+008  8.505E+007
 4.030E+013  7.169E-011  5.910E+008  8.548E+007
 4.050E+013  7.333E-011  5.910E+008  8.590E+007
 4.070E+013  7.499E-011  5.911E+008  8.633E+007
 4.090E+013  7.668E-011  5.911E+008  8.675E+007
 4.110E+013  7.840E-011  5.911E+008  8.718E+007
 4.130E+013  8.015E-011  5.911E+008  8.760E+007
 4.150E+013  8.192E-011  5.911E+008  8.803E+007
 4.170E+013  8.372E-011  5.911E+008  8.846E+007
 4.190E+013  8.555E-011  5.911E+008  8.888E+007
 4.210E+013  8.741E-011  5.912E+008  8.931E+007
 4.230E+013  8.930E-011  5.912E+008  8.973E+007
 4.250E+013  9.122E-011  5.912E+008  9.016E+007
 4.270E+013  9.318E-011  5.912E+008  9.059E+007
 4.290E+013  9.517E-011  5.912E+008  9.101E+007
 4.310E+013  9.720E-011  5.912E+008  9.144E+007
 4.330E+013  9.927E-011  5.913E+008  9.186E+007
 4.350E+013  1.014E-010  5.913E+008  9.229E+007
 4.370E+013  1.035E-010  5.913E+008  9.272E+007
 4.390E+013  1.057E-010  5.913E+008  9.314E+007
 4.410E+013  1.079E-010  5.913E+008  9.357E+007
 4.430E+013  1.102E-010  5.914E+008  9.399E+007
 4.450E+013  1.125E-010  5.914E+008  9.442E+007
 4.470E+013  1.149E-010  5.914E+008  9.485E+007
 4.490E+013  1.173E-010  5.914E+008  9.527E+007
 4.510E+013  1.197E-010  5.914E+008  9.570E+007
 4.530E+013  1.222E-010  5.915E+008  9.612E+007
 4.550E+013  1.248E-010  5.915E+008  9.655E+007
 4.570E+013  1.274E-010  5.915E+008  9.698E+007
 4.590E+013  1.300E-010  5.915E+008  9.740E+007
 4.610E+013  1.327E-010  5.916E+008  9.783E+007
 4.630E+013  1.355E-010  5.916E+008  9.826E+007
 4.650E+013  1.383E-010  5.916E+008  9.868E+007
 4.670E+013  1.412E-010  5.916E+008  9.911E+007
 4.690E+013  1.441E-010  5.917E+008  9.954E+007
 4.710E+013  1.471E-010  5.917E+008  9.996E+007
 4.730E+013  1.501E-010  5.917E+008  1.004E+008
 4.750E+013  1.532E-010  5.918E+008  1.008E+008
 4.770E+013  1.563E-010  5.918E+008  1.012E+008
 4.790E+013  1.595E-010  5.918E+008  1.017E+008
 4.810E+013  1.628E-010  5.919E+008  1.021E+008
 4.830E+013  1.661E-010  5.919E+008  1.025E+008
 4.850E+013  1.695E-010  5.919E+008  1.030E+008
 4.870E+013  1.729E-010  5.920E+008  1.034E+008
 4.890E+013  1.764E-010  5.920E+008  1.038E+008
 4.910E+013  1.799E-010  5.920E+008  1.042E+008
 4.930E+013  1.835E-010  5.921E+008  1.047E+008
 4.950E+013  1.871E-010  5.921E+008  1.051E+008
 4.970E+013  1.909E-010  5.921E+008  1.055E+008
 4.990E+013  1.946E-010  5.922E+008  1.059E+008
 5.010E+013  1.985E-010  5.922E+008  1.064E+008
 5.030E+013  2.023E-010  5.923E+008  1.068E+008
 5.050E+013  2.063E-010  5.923E+008  1.072E+008
 5.070E+013  2.103E-010  5.924E+008  1.077E+008
 5.090E+013  2.144E-010  5.924E+008  1.081E+008
 5.110E+013  2.185E-010  5.925E+008  1.085E+008
 5.130E+013  2.227E-010  5.925E+008  1.089E+008
 5.150E+013  2.269E-010  5.925E+008  1.094E+008
 5.170E+013  2.313E-010  5.926E+008  1.098E+008
 5.190E+013  2.356E-010  5.927E+008  1.102E+008
 5.210E+013  2.401E-010  5.927E+008  1.106E+008
 5.230E+013  2.446E-010  5.928E+008  1.111E+008
 5.250E+013  2.492E-010  5.928E+008  1.115E+008
 5.270E+013  2.538E-010  5.929E+008  1.119E+008
 5.290E+013  2.585E-010  5.929E+008  1.124E+008
 5.310E+013  2.633E-010  5.930E+008  1.128E+008
 5.330E+013  2.682E-010  5.930E+008  1.132E+008
 5.350E+013  2.731E-010  5.931E+008  1.136E+008
 5.370E+013  2.781E-010  5.932E+008  1.141E+008
 5.390E+013  2.832E-010  5.932E+008  1.145E+008
 5.410E+013  2.883E-010  5.933E+008  1.149E+008
 5.430E+013  2.935E-010  5.934E+008  1.154E+008
 5.450E+013  2.988E-010  5.934E+008  1.158E+008
 5.470E+013  3.042E-010  5.935E+008  1.162E+008
 5.490E+013  3.096E-010  5.936E+008  1.166E+008
 5.510E+013  3.151E-010  5.936E+008  1.171E+008
 5.530E+013  3.207E-010  5.937E+008  1.175E+008
 5.550E+013  3.264E-010  5.938E+008  1.179E+008
 5.570E+013  3.321E-010  5.939E+008  1.184E+008
 5.590E+013  3.380E-010  5.940E+008  1.188E+008
 5.610E+013  3.439E-010  5.940E+008  1.192E+008
 5.630E+013  3.498E-010  5.941E+008  1.197E+008
 5.650E+013  3.559E-010  5.942E+008  1.201E+008
 5.670E+013  3.621E-010  5.943E+008  1.205E+008
 5.690E+013  3.683E-010  5.944E+008  1.209E+008
 5.710E+013  3.746E-010  5.945E+008  1.214E+008
 5.730E+013  3.810E-010  5.946E+008  1.218E+008
 5.750E+013  3.874E-010  5.947E+008  1.222E+008
 5.770E+013  3.940E-010  5.947E+008  1.227E+008
 5.790E+013  4.006E-010  5.948E+008  1.231E+008
 5.810E+013  4.074E-010  5.949E+008  1.235E+008
 5.830E+013  4.142E-010  5.950E+008  1.240E+008
 5.850E+013  4.211E-010  5.951E+008  1.244E+008
 5.870E+013  4.281E-010  5.953E+008  1.248E+008
 5.890E+013  4.352E-010  5.954E+008  1.253E+008
 5.910E+013  4.423E-010  5.955E+008  1.257E+008
 5.930E+013  4.496E-010  5.956E+008  1.261E+008
 5.950E+013  4.570E-010  5.957E+008  1.266E+008
 5.970E+013  4.644E-010  5.958E+008  1.270E+008
 5.990E+013  4.720E-010  5.959E+008  1.274E+008
 6.010E+013  4.796E-010  5.961E+008  1.279E+008
 6.030E+013  4.874E-010  5.962E+008  1.283E+008
 6.050E+013  4.953E-010  5.963E+008  1.287E+008
 6.070E+013  5.032E-010  5.964E+008  1.291E+008
 6.090E+013  5.113E-010  5.966E+008  1.296E+008
 6.110E+013  5.195E-010  5.967E+008  1.300E+008
 6.130E+013  5.277E-010  5.968E+008  1.305E+008
 6.150E+013  5.361E-010  5.970E+008  1.309E+008
 6.170E+013  5.446E-010  5.971E+008  1.313E+008
 6.190E+013  5.533E-010  5.973E+008  1.318E+008
 6.210E+013  5.620E-010  5.974E+008  1.322E+008
 6.230E+013  5.709E-010  5.976E+008  1.326E+008
 6.250E+013  5.798E-010  5.977E+008  1.331E+008
 6.270E+013  5.889E-010  5.979E+008  1.335E+008
 6.290E+013  5.982E-010  5.980E+008  1.339E+008
 6.310E+013  6.075E-010  5.982E+008  1.344E+008
 6.330E+013  6.170E-010  5.984E+008  1.348E+008
 6.350E+013  6.266E-010  5.985E+008  1.352E+008
 6.370E+013  6.363E-010  5.987E+008  1.357E+008
 6.390E+013  6.462E-010  5.989E+008  1.361E+008
 6.410E+013  6.561E-010  5.990E+008  1.365E+008
 6.430E+013  6.663E-010  5.992E+008  1.370E+008
 6.450E+013  6.765E-010  5.994E+008  1.374E+008
 6.470E+013  6.869E-010  5.996E+008  1.379E+008
 6.490E+013  6.975E-010  5.998E+008  1.383E+008
 6.510E+013  7.081E-010  6.000E+008  1.387E+008
 6.530E+013  7.190E-010  6.002E+008  1.392E+008
 6.550E+013  7.299E-010  6.004E+008  1.396E+008
 6.570E+013  7.410E-010  6.006E+008  1.401E+008
 6.590E+013  7.523E-010  6.008E+008  1.405E+008
 6.610E+013  7.637E-010  6.010E+008  1.409E+008
 6.630E+013  7.752E-010  6.012E+008  1.414E+008
 6.650E+013  7.869E-010  6.015E+008  1.418E+008
 6.670E+013  7.987E-010  6.017E+008  1.423E+008
 6.690E+013  8.107E-010  6.019E+008  1.427E+008
 6.710E+013  8.229E-010  6.021E+008  1.431E+008
 6.730E+013  8.352E-010  6.024E+008  1.436E+008
 6.750E+013  8.476E-010  6.026E+008  1.440E+008
 6.770E+013  8.603E-010  6.029E+008  1.445E+008
 6.790E+013  8.730E-010  6.031E+008  1.449E+008
 6.810E+013  8.860E-010  6.034E+008  1.453E+008
 6.830E+013  8.990E-010  6.036E+008  1.458E+008
 6.850E+013  9.123E-010  6.039E+008  1.462E+008
 6.870E+013  9.257E-010  6.042E+008  1.467E+008
 6.890E+013  9.393E-010  6.044E+008  1.471E+008
 6.910E+013  9.530E-010  6.047E+008  1.476E+008
 6.930E+013  9.669E-010  6.050E+008  1.480E+008
 6.950E+013  9.810E-010  6.053E+008  1.485E+008
 6.970E+013  9.953E-010  6.056E+008  1.489E+008
 6.990E+013  1.010E-009  6.059E+008  1.494E+008
 7.010E+013  1.024E-009  6.062E+008  1.498E+008
 7.030E+013  1.039E-009  6.065E+008  1.502E+008
 7.050E+013  1.054E-009  6.068E+008  1.507E+008
 7.070E+013  1.069E-009  6.072E+008  1.511E+008
 7.090E+013  1.084E-009  6.075E+008  1.516E+008
 7.110E+013  1.100E-009  6.078E+008  1.520E+008
 7.130E+013  1.116E-009  6.081E+008  1.525E+008
 7.150E+013  1.131E-009  6.085E+008  1.529E+008
 7.170E+013  1.148E-009  6.088E+008  1.534E+008
 7.190E+013  1.164E-009  6.092E+008  1.538E+008
 7.210E+013  1.180E-009  6.096E+008  1.543E+008
 7.230E+013  1.197E-009  6.099E+008  1.547E+008
 7.250E+013  1.214E-009  6.103E+008  1.552E+008
 7.270E+013  1.231E-009  6.107E+008  1.557E+008
 7.290E+013  1.248E-009  6.111E+008  1.561E+008
 7.310E+013  1.265E-009  6.115E+008  1.566E+008
 7.330E+013  1.283E-009  6.119E+008  1.570E+008
 7.350E+013  1.301E-009  6.123E+008  1.575E+008
 7.370E+013  1.319E-009  6.127E+008  1.579E+008
 7.390E+013  1.337E-009  6.131E+008  1.584E+008
 7.410E+013  1.356E-009  6.136E+008  1.588E+008
 7.430E+013  1.374E-009  6.140E+008  1.593E+008
 7.450E+013  1.393E-009  6.144E+008  1.598E+008
 7.470E+013  1.412E-009  6.149E+008  1.602E+008
 7.490E+013  1.432E-009  6.153E+008  1.607E+008
 7.510E+013  1.451E-009  6.158E+008  1.611E+008
 7.530E+013  1.471E-009  6.163E+008  1.616E+008
 7.550E+013  1.491E-009  6.168E+008  1.621E+008
 7.570E+013  1.511E-009  6.173E+008  1.625E+008
 7.590E+013  1.532E-009  6.178E+008  1.630E+008
 7.610E+013  1.553E-009  6.183E+008  1.634E+008
 7.630E+013  1.574E-009  6.188E+008  1.639E+008
 7.650E+013  1.595E-009  6.193E+008  1.644E+008
 7.670E+013  1.617E-009  6.198E+008  1.648E+008
 7.690E+013  1.639E-009  6.204E+008  1.653E+008
 7.710E+013  1.661E-009  6.209E+008  1.658E+008
 7.730E+013  1.683E-009  6.215E+008  1.662E+008
 7.750E+013  1.706E-009  6.221E+008  1.667E+008
 7.770E+013  1.728E-009  6.226E+008  1.672E+008
 7.790E+013  1.752E-009  6.232E+008  1.676E+008
 7.810E+013  1.775E-009  6.238E+008  1.681E+008
 7.830E+013  1.799E-009  6.244E+008  1.686E+008
 7.850E+013  1.823E-009  6.251E+008  1.691E+008
 7.870E+013  1.847E-009  6.257E+008  1.695E+008
 7.890E+013  1.872E-009  6.263E+008  1.700E+008
 7.910E+013  1.897E-009  6.270E+008  1.705E+008
 7.930E+013  1.922E-009  6.276E+008  1.710E+008
 7.950E+013  1.947E-009  6.283E+008  1.714E+008
 7.970E+013  1.973E-009  6.290E+008  1.719E+008
 7.990E+013  1.999E-009  6.297E+008  1.724E+008
 8.010E+013  2.026E-009  6.304E+008  1.729E+008
 8.030E+013  2.052E-009  6.311E+008  1.734E+008
 8.050E+013  2.079E-009  6.318E+008  1.738E+008
 8.070E+013  2.107E-009  6.326E+008  1.743E+008
 8.090E+013  2.135E-009  6.333E+008  1.748E+008
 8.110E+013  2.163E-009  6.341E+008  1.753E+008
 8.130E+013  2.191E-009  6.349E+008  1.758E+008
 8.150E+013  2.220E-009  6.356E+008  1.763E+008
 8.170E+013  2.249E-009  6.364E+008  1.767E+008
 8.190E+013  2.279E-009  6.373E+008  1.772E+008
 8.210E+013  2.308E-009  6.381E+008  1.777E+008
 8.230E+013  2.339E-009  6.389E+008  1.782E+008
 8.250E+013  2.369E-009  6.398E+008  1.787E+008
 8.270E+013  2.400E-009  6.406E+008  1.792E+008
 8.290E+013  2.432E-009  6.415E+008  1.797E+008
 8.310E+013  2.463E-009  6.424E+008  1.802E+008
 8.330E+013  2.495E-009  6.433E+008  1.807E+008
 8.350E+013  2.528E-009  6.443E+008  1.812E+008
 8.370E+013  2.561E-009  6.452E+008  1.817E+008
 8.390E+013  2.594E-009  6.462E+008  1.822E+008
 8.410E+013  2.628E-009  6.471E+008  1.827E+008
 8.430E+013  2.662E-009  6.481E+008  1.832E+008
 8.450E+013  2.696E-009  6.491E+008  1.837E+008
 8.470E+013  2.731E-009  6.501E+008  1.842E+008
 8.490E+013  2.767E-009  6.512E+008  1.847E+008
 8.510E+013  2.803E-009  6.522E+008  1.852E+008
 8.530E+013  2.839E-009  6.533E+008  1.857E+008
 8.550E+013  2.876E-009  6.544E+008  1.862E+008
 8.570E+013  2.913E-009  6.555E+008  1.867E+008
 8.590E+013  2.951E-009  6.566E+008  1.872E+008
 8.610E+013  2.989E-009  6.577E+008  1.878E+008
 8.630E+013  3.027E-009  6.589E+008  1.883E+008
 8.650E+013  3.067E-009  6.601E+008  1.888E+008
 8.670E+013  3.106E-009  6.613E+008  1.893E+008
 8.690E+013  3.146E-009  6.625E+008  1.898E+008
 8.710E+013  3.187E-009  6.637E+008  1.904E+008
 8.730E+013  3.228E-009  6.650E+008  1.909E+008
 8.750E+013  3.270E-009  6.662E+008  1.914E+008
 8.770E+013  3.312E-009  6.675E+008  1.919E+008
 8.790E+013  3.355E-009  6.688E+008  1.925E+008
 8.810E+013  3.398E-009  6.702E+008  1.930E+008
 8.830E+013  3.442E-009  6.715E+008  1.935E+008
 8.850E+013  3.486E-009  6.729E+008  1.940E+008
 8.870E+013  3.531E-009  6.743E+008  1.946E+008
 8.890E+013  3.577E-009  6.757E+008  1.951E+008
 8.910E+013  3.623E-009  6.772E+008  1.957E+008
 8.930E+013  3.670E-009  6.786E+008  1.962E+008
 8.950E+013  3.717E-009  6.801E+008  1.967E+008
 8.970E+013  3.766E-009  6.817E+008  1.973E+008
 8.990E+013  3.814E-009  6.832E+008  1.978E+008
 9.010E+013  3.864E-009  6.848E+008  1.984E+008
 9.030E+013  3.914E-009  6.864E+008  1.989E+008
 9.050E+013  3.964E-009  6.880E+008  1.995E+008
 9.070E+013  4.016E-009  6.896E+008  2.000E+008
 9.090E+013  4.068E-009  6.913E+008  2.006E+008
 9.110E+013  4.121E-009  6.930E+008  2.011E+008
 9.130E+013  4.174E-009  6.947E+008  2.017E+008
 9.150E+013  4.228E-009  6.965E+008  2.022E+008
 9.170E+013  4.283E-009  6.982E+008  2.028E+008
 9.190E+013  4.339E-009  7.001E+008  2.034E+008
 9.210E+013  4.395E-009  7.019E+008  2.039E+008
 9.230E+013  4.453E-009  7.038E+008  2.045E+008
 9.250E+013  4.511E-009  7.057E+008  2.051E+008
 9.270E+013  4.570E-009  7.076E+008  2.056E+008
 9.290E+013  4.629E-009  7.096E+008  2.062E+008
 9.310E+013  4.690E-009  7.116E+008  2.068E+008
 9.330E+013  4.751E-009  7.136E+008  2.074E+008
 9.350E+013  4.814E-009  7.156E+008  2.079E+008
 9.370E+013  4.877E-009  7.177E+008  2.085E+008
 9.390E+013  4.941E-009  7.199E+008  2.091E+008
 9.410E+013  5.006E-009  7.220E+008  2.097E+008
 9.430E+013  5.071E-009  7.242E+008  2.103E+008
 9.450E+013  5.138E-009  7.265E+008  2.109E+008
 9.470E+013  5.206E-009  7.287E+008  2.115E+008
 9.490E+013  5.275E-009  7.311E+008  2.121E+008
 9.510E+013  5.344E-009  7.334E+008  2.127E+008
 9.530E+013  5.415E-009  7.358E+008  2.133E+008
 9.550E+013  5.487E-009  7.382E+008  2.139E+008
 9.570E+013  5.560E-009  7.406E+008  2.145E+008
 9.590E+013  5.633E-009  7.431E+008  2.151E+008
 9.610E+013  5.708E-009  7.455E+008  2.158E+008
 9.630E+013  5.784E-009  7.482E+008  2.164E+008
 9.650E+013  5.865E-009  7.516E+008  2.169E+008
 9.670E+013  5.954E-009  7.565E+008  2.171E+008
 9.690E+013  6.051E-009  7.628E+008  2.169E+008
 9.710E+013  6.162E-009  7.717E+008  2.161E+008
 9.730E+013  6.294E-009  7.845E+008  2.145E+008
 9.750E+013  6.456E-009  8.027E+008  2.116E+008
 9.770E+013  6.645E-009  8.266E+008  2.072E+008
 9.790E+013  6.853E-009  8.533E+008  2.019E+008
 9.810E+013  7.063E-009  8.797E+008  1.964E+008
 9.830E+013  7.262E-009  9.030E+008  1.917E+008
 9.850E+013  7.441E-009  9.216E+008  1.883E+008
 9.870E+013  7.604E-009  9.362E+008  1.861E+008
 9.890E+013  7.762E-009  9.491E+008  1.846E+008
 9.910E+013  7.921E-009  9.616E+008  1.835E+008
 9.930E+013  8.083E-009  9.743E+008  1.824E+008
 9.950E+013  8.250E-009  9.869E+008  1.814E+008
 9.970E+013  8.409E-009  9.995E+008  1.805E+008
 9.990E+013  8.637E-009  1.011E+009  1.795E+008
 1.001E+014  1.000E-099  1.000E-099  1.795E+008
 1.003E+014  1.000E-099  1.000E-099  1.795E+008
 3.615E-003
