 2.220E+005
     x1b        dens       energ       v1
 1.000E+011  7.558E-013  6.236E+008  0.000E+000
 3.000E+011  7.790E-013  6.235E+008 -1.379E+006
 5.000E+011  8.187E-013  6.235E+008 -1.211E+006
 7.000E+011  8.516E-013  6.235E+008 -2.159E+006
 9.000E+011  8.682E-013  6.236E+008 -2.521E+006
 1.100E+012  8.754E-013  6.236E+008 -2.887E+006
 1.300E+012  8.810E-013  6.236E+008 -3.057E+006
 1.500E+012  8.888E-013  6.236E+008 -3.302E+006
 1.700E+012  8.989E-013  6.236E+008 -3.658E+006
 1.900E+012  9.097E-013  6.236E+008 -4.206E+006
 2.100E+012  9.201E-013  6.236E+008 -4.883E+006
 2.300E+012  9.301E-013  6.236E+008 -5.592E+006
 2.500E+012  9.405E-013  6.236E+008 -6.199E+006
 2.700E+012  9.515E-013  6.236E+008 -6.665E+006
 2.900E+012  9.629E-013  6.236E+008 -7.030E+006
 3.100E+012  9.746E-013  6.236E+008 -7.386E+006
 3.300E+012  9.863E-013  6.236E+008 -7.794E+006
 3.500E+012  9.981E-013  6.236E+008 -8.293E+006
 3.700E+012  1.010E-012  6.236E+008 -8.858E+006
 3.900E+012  1.021E-012  6.236E+008 -9.446E+006
 4.100E+012  1.033E-012  6.236E+008 -1.001E+007
 4.300E+012  1.044E-012  6.236E+008 -1.054E+007
 4.500E+012  1.054E-012  6.236E+008 -1.100E+007
 4.700E+012  1.064E-012  6.236E+008 -1.143E+007
 4.900E+012  1.073E-012  6.236E+008 -1.186E+007
 5.100E+012  1.080E-012  6.236E+008 -1.235E+007
 5.300E+012  1.086E-012  6.236E+008 -1.288E+007
 5.500E+012  1.089E-012  6.236E+008 -1.343E+007
 5.700E+012  1.091E-012  6.236E+008 -1.394E+007
 5.900E+012  1.092E-012  6.236E+008 -1.441E+007
 6.100E+012  1.092E-012  6.236E+008 -1.485E+007
 6.300E+012  1.092E-012  6.236E+008 -1.532E+007
 6.500E+012  1.092E-012  6.236E+008 -1.584E+007
 6.700E+012  1.092E-012  6.236E+008 -1.638E+007
 6.900E+012  1.091E-012  6.236E+008 -1.689E+007
 7.100E+012  1.091E-012  6.236E+008 -1.739E+007
 7.300E+012  1.091E-012  6.236E+008 -1.787E+007
 7.500E+012  1.091E-012  6.236E+008 -1.836E+007
 7.700E+012  1.090E-012  6.236E+008 -1.883E+007
 7.900E+012  1.090E-012  6.236E+008 -1.929E+007
 8.100E+012  1.089E-012  6.236E+008 -1.976E+007
 8.300E+012  1.089E-012  6.236E+008 -2.026E+007
 8.500E+012  1.088E-012  6.236E+008 -2.080E+007
 8.700E+012  1.087E-012  6.236E+008 -2.135E+007
 8.900E+012  1.087E-012  6.236E+008 -2.185E+007
 9.100E+012  1.086E-012  6.236E+008 -2.230E+007
 9.300E+012  1.086E-012  6.236E+008 -2.274E+007
 9.500E+012  1.086E-012  6.236E+008 -2.322E+007
 9.700E+012  1.086E-012  6.236E+008 -2.375E+007
 9.900E+012  1.086E-012  6.236E+008 -2.428E+007
 1.010E+013  1.086E-012  6.236E+008 -2.477E+007
 1.030E+013  1.086E-012  6.236E+008 -2.523E+007
 1.050E+013  1.086E-012  6.236E+008 -2.568E+007
 1.070E+013  1.087E-012  6.236E+008 -2.617E+007
 1.090E+013  1.087E-012  6.236E+008 -2.669E+007
 1.110E+013  1.088E-012  6.236E+008 -2.721E+007
 1.130E+013  1.089E-012  6.236E+008 -2.771E+007
 1.150E+013  1.090E-012  6.236E+008 -2.820E+007
 1.170E+013  1.091E-012  6.236E+008 -2.869E+007
 1.190E+013  1.093E-012  6.236E+008 -2.918E+007
 1.210E+013  1.095E-012  6.236E+008 -2.966E+007
 1.230E+013  1.097E-012  6.236E+008 -3.013E+007
 1.250E+013  1.100E-012  6.236E+008 -3.061E+007
 1.270E+013  1.104E-012  6.236E+008 -3.110E+007
 1.290E+013  1.107E-012  6.236E+008 -3.161E+007
 1.310E+013  1.112E-012  6.236E+008 -3.211E+007
 1.330E+013  1.117E-012  6.236E+008 -3.262E+007
 1.350E+013  1.123E-012  6.236E+008 -3.312E+007
 1.370E+013  1.130E-012  6.236E+008 -3.361E+007
 1.390E+013  1.138E-012  6.236E+008 -3.410E+007
 1.410E+013  1.146E-012  6.236E+008 -3.457E+007
 1.430E+013  1.156E-012  6.236E+008 -3.504E+007
 1.450E+013  1.166E-012  6.236E+008 -3.552E+007
 1.470E+013  1.178E-012  6.236E+008 -3.603E+007
 1.490E+013  1.191E-012  6.236E+008 -3.655E+007
 1.510E+013  1.205E-012  6.236E+008 -3.706E+007
 1.530E+013  1.221E-012  6.236E+008 -3.755E+007
 1.550E+013  1.238E-012  6.236E+008 -3.803E+007
 1.570E+013  1.257E-012  6.236E+008 -3.852E+007
 1.590E+013  1.278E-012  6.236E+008 -3.900E+007
 1.610E+013  1.300E-012  6.236E+008 -3.947E+007
 1.630E+013  1.325E-012  6.236E+008 -3.995E+007
 1.650E+013  1.352E-012  6.236E+008 -4.047E+007
 1.670E+013  1.381E-012  6.236E+008 -4.100E+007
 1.690E+013  1.412E-012  6.236E+008 -4.151E+007
 1.710E+013  1.446E-012  6.236E+008 -4.199E+007
 1.730E+013  1.483E-012  6.236E+008 -4.244E+007
 1.750E+013  1.524E-012  6.236E+008 -4.291E+007
 1.770E+013  1.567E-012  6.236E+008 -4.342E+007
 1.790E+013  1.614E-012  6.236E+008 -4.394E+007
 1.810E+013  1.665E-012  6.236E+008 -4.446E+007
 1.830E+013  1.720E-012  6.236E+008 -4.495E+007
 1.850E+013  1.779E-012  6.236E+008 -4.539E+007
 1.870E+013  1.844E-012  6.236E+008 -4.588E+007
 1.890E+013  1.913E-012  6.236E+008 -4.640E+007
 1.910E+013  1.988E-012  6.236E+008 -4.692E+007
 1.930E+013  2.069E-012  6.236E+008 -4.740E+007
 1.950E+013  2.156E-012  6.236E+008 -4.788E+007
 1.970E+013  2.249E-012  6.236E+008 -4.836E+007
 1.990E+013  2.350E-012  6.236E+008 -4.888E+007
 2.010E+013  2.459E-012  6.236E+008 -4.937E+007
 2.030E+013  2.576E-012  6.236E+008 -4.985E+007
 2.050E+013  2.701E-012  6.236E+008 -5.034E+007
 2.070E+013  2.836E-012  6.236E+008 -5.085E+007
 2.090E+013  2.980E-012  6.236E+008 -5.136E+007
 2.110E+013  3.135E-012  6.236E+008 -5.183E+007
 2.130E+013  3.301E-012  6.236E+008 -5.231E+007
 2.150E+013  3.478E-012  6.236E+008 -5.280E+007
 2.170E+013  3.667E-012  6.236E+008 -5.331E+007
 2.190E+013  3.868E-012  6.236E+008 -5.382E+007
 2.210E+013  4.082E-012  6.236E+008 -5.430E+007
 2.230E+013  4.309E-012  6.236E+008 -5.477E+007
 2.250E+013  4.550E-012  6.236E+008 -5.527E+007
 2.270E+013  4.805E-012  6.236E+008 -5.578E+007
 2.290E+013  5.073E-012  6.236E+008 -5.628E+007
 2.310E+013  5.356E-012  6.236E+008 -5.673E+007
 2.330E+013  5.653E-012  6.236E+008 -5.725E+007
 2.350E+013  5.964E-012  6.236E+008 -5.774E+007
 2.370E+013  6.288E-012  6.236E+008 -5.821E+007
 2.390E+013  6.627E-012  6.236E+008 -5.872E+007
 2.410E+013  6.978E-012  6.236E+008 -5.921E+007
 2.430E+013  7.342E-012  6.236E+008 -5.968E+007
 2.450E+013  7.719E-012  6.236E+008 -6.022E+007
 2.470E+013  8.107E-012  6.236E+008 -6.066E+007
 2.490E+013  8.505E-012  6.236E+008 -6.119E+007
 2.510E+013  8.914E-012  6.236E+008 -6.167E+007
 2.530E+013  9.333E-012  6.236E+008 -6.215E+007
 2.550E+013  9.760E-012  6.236E+008 -6.265E+007
 2.570E+013  1.019E-011  6.236E+008 -6.315E+007
 2.590E+013  1.064E-011  6.236E+008 -6.362E+007
 2.610E+013  1.109E-011  6.236E+008 -6.413E+007
 2.630E+013  1.154E-011  6.236E+008 -6.461E+007
 2.650E+013  1.200E-011  6.236E+008 -6.511E+007
 2.670E+013  1.247E-011  6.236E+008 -6.560E+007
 2.690E+013  1.294E-011  6.236E+008 -6.610E+007
 2.710E+013  1.341E-011  6.236E+008 -6.658E+007
 2.730E+013  1.389E-011  6.236E+008 -6.708E+007
 2.750E+013  1.437E-011  6.236E+008 -6.757E+007
 2.770E+013  1.486E-011  6.236E+008 -6.806E+007
 2.790E+013  1.535E-011  6.235E+008 -6.855E+007
 2.810E+013  1.585E-011  6.235E+008 -6.905E+007
 2.830E+013  1.635E-011  6.235E+008 -6.954E+007
 2.850E+013  1.686E-011  6.235E+008 -7.003E+007
 2.870E+013  1.737E-011  6.235E+008 -7.053E+007
 2.890E+013  1.789E-011  6.235E+008 -7.102E+007
 2.910E+013  1.842E-011  6.235E+008 -7.151E+007
 2.930E+013  1.895E-011  6.235E+008 -7.201E+007
 2.950E+013  1.949E-011  6.235E+008 -7.250E+007
 2.970E+013  2.004E-011  6.235E+008 -7.299E+007
 2.990E+013  2.060E-011  6.235E+008 -7.349E+007
 3.010E+013  2.117E-011  6.235E+008 -7.398E+007
 3.030E+013  2.174E-011  6.235E+008 -7.447E+007
 3.050E+013  2.233E-011  6.235E+008 -7.497E+007
 3.070E+013  2.293E-011  6.235E+008 -7.546E+007
 3.090E+013  2.355E-011  6.235E+008 -7.596E+007
 3.110E+013  2.418E-011  6.235E+008 -7.645E+007
 3.130E+013  2.482E-011  6.235E+008 -7.695E+007
 3.150E+013  2.548E-011  6.235E+008 -7.744E+007
 3.170E+013  2.615E-011  6.235E+008 -7.794E+007
 3.190E+013  2.684E-011  6.235E+008 -7.843E+007
 3.210E+013  2.755E-011  6.235E+008 -7.893E+007
 3.230E+013  2.828E-011  6.235E+008 -7.942E+007
 3.250E+013  2.902E-011  6.235E+008 -7.992E+007
 3.270E+013  2.979E-011  6.235E+008 -8.041E+007
 3.290E+013  3.058E-011  6.235E+008 -8.091E+007
 3.310E+013  3.139E-011  6.235E+008 -8.140E+007
 3.330E+013  3.222E-011  6.235E+008 -8.190E+007
 3.350E+013  3.307E-011  6.235E+008 -8.239E+007
 3.370E+013  3.395E-011  6.235E+008 -8.289E+007
 3.390E+013  3.485E-011  6.235E+008 -8.339E+007
 3.410E+013  3.578E-011  6.235E+008 -8.388E+007
 3.430E+013  3.674E-011  6.235E+008 -8.438E+007
 3.450E+013  3.772E-011  6.235E+008 -8.488E+007
 3.470E+013  3.872E-011  6.235E+008 -8.537E+007
 3.490E+013  3.976E-011  6.235E+008 -8.587E+007
 3.510E+013  4.081E-011  6.235E+008 -8.637E+007
 3.530E+013  4.190E-011  6.235E+008 -8.686E+007
 3.550E+013  4.302E-011  6.235E+008 -8.736E+007
 3.570E+013  4.416E-011  6.235E+008 -8.786E+007
 3.590E+013  4.533E-011  6.234E+008 -8.836E+007
 3.610E+013  4.653E-011  6.234E+008 -8.885E+007
 3.630E+013  4.775E-011  6.234E+008 -8.935E+007
 3.650E+013  4.900E-011  6.234E+008 -8.985E+007
 3.670E+013  5.028E-011  6.234E+008 -9.035E+007
 3.690E+013  5.159E-011  6.234E+008 -9.085E+007
 3.710E+013  5.292E-011  6.234E+008 -9.134E+007
 3.730E+013  5.428E-011  6.234E+008 -9.184E+007
 3.750E+013  5.567E-011  6.234E+008 -9.234E+007
 3.770E+013  5.708E-011  6.234E+008 -9.284E+007
 3.790E+013  5.852E-011  6.234E+008 -9.334E+007
 3.810E+013  5.998E-011  6.234E+008 -9.384E+007
 3.830E+013  6.147E-011  6.234E+008 -9.434E+007
 3.850E+013  6.298E-011  6.234E+008 -9.484E+007
 3.870E+013  6.452E-011  6.234E+008 -9.534E+007
 3.890E+013  6.608E-011  6.233E+008 -9.584E+007
 3.910E+013  6.767E-011  6.233E+008 -9.634E+007
 3.930E+013  6.928E-011  6.233E+008 -9.684E+007
 3.950E+013  7.092E-011  6.233E+008 -9.734E+007
 3.970E+013  7.258E-011  6.233E+008 -9.784E+007
 3.990E+013  7.426E-011  6.233E+008 -9.835E+007
 4.010E+013  7.598E-011  6.233E+008 -9.885E+007
 4.030E+013  7.772E-011  6.233E+008 -9.935E+007
 4.050E+013  7.948E-011  6.233E+008 -9.985E+007
 4.070E+013  8.127E-011  6.233E+008 -1.004E+008
 4.090E+013  8.310E-011  6.232E+008 -1.009E+008
 4.110E+013  8.495E-011  6.232E+008 -1.014E+008
 4.130E+013  8.683E-011  6.232E+008 -1.019E+008
 4.150E+013  8.874E-011  6.232E+008 -1.024E+008
 4.170E+013  9.068E-011  6.232E+008 -1.029E+008
 4.190E+013  9.266E-011  6.232E+008 -1.034E+008
 4.210E+013  9.467E-011  6.232E+008 -1.039E+008
 4.230E+013  9.671E-011  6.232E+008 -1.044E+008
 4.250E+013  9.880E-011  6.231E+008 -1.049E+008
 4.270E+013  1.009E-010  6.231E+008 -1.054E+008
 4.290E+013  1.031E-010  6.231E+008 -1.059E+008
 4.310E+013  1.053E-010  6.231E+008 -1.064E+008
 4.330E+013  1.075E-010  6.231E+008 -1.069E+008
 4.350E+013  1.098E-010  6.231E+008 -1.074E+008
 4.370E+013  1.121E-010  6.230E+008 -1.079E+008
 4.390E+013  1.145E-010  6.230E+008 -1.084E+008
 4.410E+013  1.169E-010  6.230E+008 -1.090E+008
 4.430E+013  1.194E-010  6.230E+008 -1.095E+008
 4.450E+013  1.219E-010  6.230E+008 -1.100E+008
 4.470E+013  1.245E-010  6.230E+008 -1.105E+008
 4.490E+013  1.271E-010  6.229E+008 -1.110E+008
 4.510E+013  1.298E-010  6.229E+008 -1.115E+008
 4.530E+013  1.325E-010  6.229E+008 -1.120E+008
 4.550E+013  1.353E-010  6.229E+008 -1.125E+008
 4.570E+013  1.381E-010  6.228E+008 -1.131E+008
 4.590E+013  1.410E-010  6.228E+008 -1.136E+008
 4.610E+013  1.439E-010  6.228E+008 -1.141E+008
 4.630E+013  1.469E-010  6.228E+008 -1.146E+008
 4.650E+013  1.500E-010  6.227E+008 -1.151E+008
 4.670E+013  1.531E-010  6.227E+008 -1.156E+008
 4.690E+013  1.563E-010  6.227E+008 -1.161E+008
 4.710E+013  1.595E-010  6.227E+008 -1.167E+008
 4.730E+013  1.628E-010  6.226E+008 -1.172E+008
 4.750E+013  1.661E-010  6.226E+008 -1.177E+008
 4.770E+013  1.695E-010  6.226E+008 -1.182E+008
 4.790E+013  1.730E-010  6.226E+008 -1.187E+008
 4.810E+013  1.765E-010  6.225E+008 -1.193E+008
 4.830E+013  1.801E-010  6.225E+008 -1.198E+008
 4.850E+013  1.837E-010  6.225E+008 -1.203E+008
 4.870E+013  1.874E-010  6.224E+008 -1.208E+008
 4.890E+013  1.912E-010  6.224E+008 -1.213E+008
 4.910E+013  1.950E-010  6.224E+008 -1.219E+008
 4.930E+013  1.989E-010  6.223E+008 -1.224E+008
 4.950E+013  2.028E-010  6.223E+008 -1.229E+008
 4.970E+013  2.068E-010  6.223E+008 -1.234E+008
 4.990E+013  2.109E-010  6.222E+008 -1.240E+008
 5.010E+013  2.150E-010  6.222E+008 -1.245E+008
 5.030E+013  2.192E-010  6.222E+008 -1.250E+008
 5.050E+013  2.234E-010  6.221E+008 -1.255E+008
 5.070E+013  2.277E-010  6.221E+008 -1.260E+008
 5.090E+013  2.321E-010  6.220E+008 -1.266E+008
 5.110E+013  2.365E-010  6.220E+008 -1.271E+008
 5.130E+013  2.410E-010  6.220E+008 -1.276E+008
 5.150E+013  2.456E-010  6.219E+008 -1.282E+008
 5.170E+013  2.502E-010  6.219E+008 -1.287E+008
 5.190E+013  2.549E-010  6.218E+008 -1.292E+008
 5.210E+013  2.597E-010  6.218E+008 -1.297E+008
 5.230E+013  2.645E-010  6.218E+008 -1.303E+008
 5.250E+013  2.694E-010  6.217E+008 -1.308E+008
 5.270E+013  2.744E-010  6.217E+008 -1.313E+008
 5.290E+013  2.795E-010  6.216E+008 -1.319E+008
 5.310E+013  2.846E-010  6.216E+008 -1.324E+008
 5.330E+013  2.898E-010  6.215E+008 -1.329E+008
 5.350E+013  2.951E-010  6.215E+008 -1.335E+008
 5.370E+013  3.004E-010  6.214E+008 -1.340E+008
 5.390E+013  3.058E-010  6.214E+008 -1.345E+008
 5.410E+013  3.113E-010  6.213E+008 -1.351E+008
 5.430E+013  3.169E-010  6.212E+008 -1.356E+008
 5.450E+013  3.225E-010  6.211E+008 -1.361E+008
 5.470E+013  3.282E-010  6.211E+008 -1.367E+008
 5.490E+013  3.340E-010  6.210E+008 -1.372E+008
 5.510E+013  3.399E-010  6.209E+008 -1.377E+008
 5.530E+013  3.458E-010  6.207E+008 -1.382E+008
 5.550E+013  3.518E-010  6.206E+008 -1.387E+008
 5.570E+013  3.579E-010  6.204E+008 -1.392E+008
 5.590E+013  3.640E-010  6.202E+008 -1.396E+008
 5.610E+013  3.702E-010  6.200E+008 -1.401E+008
 5.630E+013  3.765E-010  6.198E+008 -1.405E+008
 5.650E+013  3.828E-010  6.195E+008 -1.408E+008
 5.670E+013  3.892E-010  6.191E+008 -1.412E+008
 5.690E+013  3.957E-010  6.187E+008 -1.415E+008
 5.710E+013  4.022E-010  6.183E+008 -1.417E+008
 5.730E+013  4.087E-010  6.178E+008 -1.419E+008
 5.750E+013  4.153E-010  6.172E+008 -1.421E+008
 5.770E+013  4.220E-010  6.165E+008 -1.422E+008
 5.790E+013  4.287E-010  6.158E+008 -1.422E+008
 5.810E+013  4.354E-010  6.150E+008 -1.422E+008
 5.830E+013  4.422E-010  6.142E+008 -1.422E+008
 5.850E+013  4.491E-010  6.133E+008 -1.421E+008
 5.870E+013  4.559E-010  6.123E+008 -1.419E+008
 5.890E+013  4.628E-010  6.113E+008 -1.417E+008
 5.910E+013  4.698E-010  6.101E+008 -1.415E+008
 5.930E+013  4.768E-010  6.089E+008 -1.412E+008
 5.950E+013  4.838E-010  6.077E+008 -1.409E+008
 5.970E+013  4.909E-010  6.064E+008 -1.406E+008
 5.990E+013  4.980E-010  6.052E+008 -1.402E+008
 6.010E+013  5.052E-010  6.039E+008 -1.398E+008
 6.030E+013  5.125E-010  6.025E+008 -1.395E+008
 6.050E+013  5.197E-010  6.010E+008 -1.391E+008
 6.070E+013  5.270E-010  5.995E+008 -1.389E+008
 6.090E+013  5.344E-010  5.980E+008 -1.387E+008
 6.110E+013  5.420E-010  5.968E+008 -1.383E+008
 6.130E+013  5.497E-010  5.957E+008 -1.377E+008
 6.150E+013  5.574E-010  5.944E+008 -1.372E+008
 6.170E+013  5.650E-010  5.928E+008 -1.370E+008
 6.190E+013  5.724E-010  5.908E+008 -1.372E+008
 6.210E+013  5.800E-010  5.888E+008 -1.379E+008
 6.230E+013  5.884E-010  5.882E+008 -1.376E+008
 6.250E+013  5.973E-010  5.883E+008 -1.361E+008
 6.270E+013  6.056E-010  5.873E+008 -1.348E+008
 6.290E+013  6.127E-010  5.841E+008 -1.357E+008
 6.310E+013  6.199E-010  5.812E+008 -1.377E+008
 6.330E+013  6.279E-010  5.794E+008 -1.386E+008
 6.350E+013  6.362E-010  5.780E+008 -1.389E+008
 6.370E+013  6.463E-010  5.791E+008 -1.379E+008
 6.390E+013  6.597E-010  5.850E+008 -1.325E+008
 6.410E+013  6.625E-010  5.746E+008 -1.285E+008
 6.430E+013  6.459E-010  5.379E+008 -1.530E+008
 6.450E+013  6.269E-010  5.003E+008 -1.939E+008
 6.470E+013  6.169E-010  4.765E+008 -2.279E+008
 6.490E+013  6.161E-010  4.656E+008 -2.457E+008
 6.510E+013  6.213E-010  4.622E+008 -2.510E+008
 6.530E+013  6.288E-010  4.618E+008 -2.504E+008
 6.550E+013  6.369E-010  4.619E+008 -2.481E+008
 6.570E+013  6.451E-010  4.621E+008 -2.456E+008
 6.590E+013  6.533E-010  4.621E+008 -2.432E+008
 6.610E+013  6.615E-010  4.621E+008 -2.410E+008
 6.630E+013  6.698E-010  4.620E+008 -2.388E+008
 6.650E+013  6.781E-010  4.619E+008 -2.368E+008
 6.670E+013  6.864E-010  4.617E+008 -2.348E+008
 6.690E+013  6.948E-010  4.615E+008 -2.330E+008
 6.710E+013  7.033E-010  4.612E+008 -2.311E+008
 6.730E+013  7.118E-010  4.609E+008 -2.293E+008
 6.750E+013  7.205E-010  4.607E+008 -2.276E+008
 6.770E+013  7.292E-010  4.604E+008 -2.258E+008
 6.790E+013  7.379E-010  4.601E+008 -2.240E+008
 6.810E+013  7.468E-010  4.598E+008 -2.222E+008
 6.830E+013  7.558E-010  4.596E+008 -2.204E+008
 6.850E+013  7.649E-010  4.593E+008 -2.186E+008
 6.870E+013  7.741E-010  4.591E+008 -2.168E+008
 6.890E+013  7.834E-010  4.589E+008 -2.149E+008
 6.910E+013  7.928E-010  4.587E+008 -2.131E+008
 6.930E+013  8.024E-010  4.585E+008 -2.112E+008
 6.950E+013  8.120E-010  4.584E+008 -2.094E+008
 6.970E+013  8.218E-010  4.583E+008 -2.075E+008
 6.990E+013  8.317E-010  4.582E+008 -2.056E+008
 7.010E+013  8.417E-010  4.581E+008 -2.038E+008
 7.030E+013  8.518E-010  4.580E+008 -2.019E+008
 7.050E+013  8.620E-010  4.579E+008 -2.001E+008
 7.070E+013  8.723E-010  4.578E+008 -1.982E+008
 7.090E+013  8.827E-010  4.577E+008 -1.964E+008
 7.110E+013  8.932E-010  4.576E+008 -1.945E+008
 7.130E+013  9.039E-010  4.575E+008 -1.927E+008
 7.150E+013  9.146E-010  4.574E+008 -1.908E+008
 7.170E+013  9.254E-010  4.573E+008 -1.890E+008
 7.190E+013  9.363E-010  4.572E+008 -1.872E+008
 7.210E+013  9.474E-010  4.571E+008 -1.854E+008
 7.230E+013  9.585E-010  4.571E+008 -1.836E+008
 7.250E+013  9.698E-010  4.570E+008 -1.819E+008
 7.270E+013  9.811E-010  4.569E+008 -1.801E+008
 7.290E+013  9.926E-010  4.568E+008 -1.783E+008
 7.310E+013  1.004E-009  4.567E+008 -1.766E+008
 7.330E+013  1.016E-009  4.566E+008 -1.749E+008
 7.350E+013  1.028E-009  4.564E+008 -1.732E+008
 7.370E+013  1.039E-009  4.563E+008 -1.714E+008
 7.390E+013  1.051E-009  4.562E+008 -1.697E+008
 7.410E+013  1.064E-009  4.561E+008 -1.680E+008
 7.430E+013  1.076E-009  4.560E+008 -1.664E+008
 7.450E+013  1.088E-009  4.559E+008 -1.647E+008
 7.470E+013  1.101E-009  4.558E+008 -1.630E+008
 7.490E+013  1.113E-009  4.557E+008 -1.614E+008
 7.510E+013  1.126E-009  4.556E+008 -1.597E+008
 7.530E+013  1.139E-009  4.555E+008 -1.581E+008
 7.550E+013  1.152E-009  4.554E+008 -1.564E+008
 7.570E+013  1.165E-009  4.553E+008 -1.548E+008
 7.590E+013  1.178E-009  4.552E+008 -1.531E+008
 7.610E+013  1.191E-009  4.551E+008 -1.515E+008
 7.630E+013  1.205E-009  4.550E+008 -1.499E+008
 7.650E+013  1.218E-009  4.549E+008 -1.483E+008
 7.670E+013  1.232E-009  4.548E+008 -1.467E+008
 7.690E+013  1.246E-009  4.547E+008 -1.451E+008
 7.710E+013  1.260E-009  4.546E+008 -1.435E+008
 7.730E+013  1.274E-009  4.545E+008 -1.419E+008
 7.750E+013  1.288E-009  4.545E+008 -1.403E+008
 7.770E+013  1.302E-009  4.544E+008 -1.387E+008
 7.790E+013  1.317E-009  4.543E+008 -1.372E+008
 7.810E+013  1.331E-009  4.542E+008 -1.356E+008
 7.830E+013  1.346E-009  4.541E+008 -1.340E+008
 7.850E+013  1.361E-009  4.541E+008 -1.325E+008
 7.870E+013  1.376E-009  4.540E+008 -1.309E+008
 7.890E+013  1.391E-009  4.539E+008 -1.294E+008
 7.910E+013  1.407E-009  4.538E+008 -1.278E+008
 7.930E+013  1.422E-009  4.538E+008 -1.263E+008
 7.950E+013  1.438E-009  4.537E+008 -1.248E+008
 7.970E+013  1.453E-009  4.536E+008 -1.233E+008
 7.990E+013  1.469E-009  4.536E+008 -1.218E+008
 8.010E+013  1.485E-009  4.535E+008 -1.203E+008
 8.030E+013  1.502E-009  4.534E+008 -1.188E+008
 8.050E+013  1.518E-009  4.533E+008 -1.173E+008
 8.070E+013  1.534E-009  4.532E+008 -1.158E+008
 8.090E+013  1.551E-009  4.532E+008 -1.144E+008
 8.110E+013  1.568E-009  4.531E+008 -1.129E+008
 8.130E+013  1.585E-009  4.530E+008 -1.114E+008
 8.150E+013  1.602E-009  4.529E+008 -1.100E+008
 8.170E+013  1.619E-009  4.528E+008 -1.086E+008
 8.190E+013  1.636E-009  4.528E+008 -1.071E+008
 8.210E+013  1.654E-009  4.527E+008 -1.057E+008
 8.230E+013  1.672E-009  4.526E+008 -1.043E+008
 8.250E+013  1.689E-009  4.525E+008 -1.029E+008
 8.270E+013  1.707E-009  4.524E+008 -1.015E+008
 8.290E+013  1.726E-009  4.523E+008 -1.000E+008
 8.310E+013  1.744E-009  4.523E+008 -9.866E+007
 8.330E+013  1.762E-009  4.522E+008 -9.727E+007
 8.350E+013  1.781E-009  4.521E+008 -9.589E+007
 8.370E+013  1.800E-009  4.520E+008 -9.452E+007
 8.390E+013  1.819E-009  4.519E+008 -9.315E+007
 8.410E+013  1.838E-009  4.518E+008 -9.179E+007
 8.430E+013  1.857E-009  4.517E+008 -9.043E+007
 8.450E+013  1.877E-009  4.516E+008 -8.908E+007
 8.470E+013  1.896E-009  4.516E+008 -8.774E+007
 8.490E+013  1.916E-009  4.515E+008 -8.641E+007
 8.510E+013  1.936E-009  4.514E+008 -8.508E+007
 8.530E+013  1.956E-009  4.513E+008 -8.375E+007
 8.550E+013  1.976E-009  4.512E+008 -8.243E+007
 8.570E+013  1.997E-009  4.511E+008 -8.112E+007
 8.590E+013  2.017E-009  4.510E+008 -7.982E+007
 8.610E+013  2.038E-009  4.509E+008 -7.852E+007
 8.630E+013  2.059E-009  4.508E+008 -7.723E+007
 8.650E+013  2.080E-009  4.507E+008 -7.594E+007
 8.670E+013  2.101E-009  4.506E+008 -7.466E+007
 8.690E+013  2.123E-009  4.505E+008 -7.338E+007
 8.710E+013  2.145E-009  4.504E+008 -7.211E+007
 8.730E+013  2.166E-009  4.503E+008 -7.085E+007
 8.750E+013  2.188E-009  4.502E+008 -6.959E+007
 8.770E+013  2.211E-009  4.501E+008 -6.833E+007
 8.790E+013  2.233E-009  4.500E+008 -6.709E+007
 8.810E+013  2.256E-009  4.500E+008 -6.585E+007
 8.830E+013  2.278E-009  4.499E+008 -6.461E+007
 8.850E+013  2.301E-009  4.498E+008 -6.338E+007
 8.870E+013  2.324E-009  4.497E+008 -6.215E+007
 8.890E+013  2.348E-009  4.496E+008 -6.093E+007
 8.910E+013  2.371E-009  4.495E+008 -5.972E+007
 8.930E+013  2.395E-009  4.494E+008 -5.851E+007
 8.950E+013  2.419E-009  4.493E+008 -5.731E+007
 8.970E+013  2.443E-009  4.492E+008 -5.611E+007
 8.990E+013  2.467E-009  4.491E+008 -5.491E+007
 9.010E+013  2.491E-009  4.490E+008 -5.372E+007
 9.030E+013  2.516E-009  4.489E+008 -5.254E+007
 9.050E+013  2.541E-009  4.488E+008 -5.136E+007
 9.070E+013  2.566E-009  4.487E+008 -5.019E+007
 9.090E+013  2.591E-009  4.486E+008 -4.902E+007
 9.110E+013  2.617E-009  4.485E+008 -4.785E+007
 9.130E+013  2.642E-009  4.484E+008 -4.670E+007
 9.150E+013  2.668E-009  4.484E+008 -4.554E+007
 9.170E+013  2.694E-009  4.483E+008 -4.439E+007
 9.190E+013  2.721E-009  4.482E+008 -4.325E+007
 9.210E+013  2.747E-009  4.481E+008 -4.211E+007
 9.230E+013  2.774E-009  4.480E+008 -4.097E+007
 9.250E+013  2.801E-009  4.479E+008 -3.984E+007
 9.270E+013  2.828E-009  4.478E+008 -3.871E+007
 9.290E+013  2.855E-009  4.478E+008 -3.759E+007
 9.310E+013  2.883E-009  4.477E+008 -3.647E+007
 9.330E+013  2.911E-009  4.476E+008 -3.536E+007
 9.350E+013  2.939E-009  4.475E+008 -3.425E+007
 9.370E+013  2.967E-009  4.474E+008 -3.314E+007
 9.390E+013  2.996E-009  4.474E+008 -3.204E+007
 9.410E+013  3.024E-009  4.473E+008 -3.095E+007
 9.430E+013  3.053E-009  4.472E+008 -2.985E+007
 9.450E+013  3.083E-009  4.472E+008 -2.877E+007
 9.470E+013  3.112E-009  4.471E+008 -2.768E+007
 9.490E+013  3.142E-009  4.470E+008 -2.661E+007
 9.510E+013  3.172E-009  4.470E+008 -2.553E+007
 9.530E+013  3.202E-009  4.469E+008 -2.446E+007
 9.550E+013  3.232E-009  4.468E+008 -2.339E+007
 9.570E+013  3.263E-009  4.468E+008 -2.233E+007
 9.590E+013  3.294E-009  4.467E+008 -2.127E+007
 9.610E+013  3.325E-009  4.467E+008 -2.022E+007
 9.630E+013  3.356E-009  4.466E+008 -1.917E+007
 9.650E+013  3.388E-009  4.466E+008 -1.813E+007
 9.670E+013  3.420E-009  4.465E+008 -1.708E+007
 9.690E+013  3.452E-009  4.465E+008 -1.605E+007
 9.710E+013  3.484E-009  4.464E+008 -1.501E+007
 9.730E+013  3.517E-009  4.464E+008 -1.399E+007
 9.750E+013  3.550E-009  4.464E+008 -1.296E+007
 9.770E+013  3.583E-009  4.463E+008 -1.194E+007
 9.790E+013  3.616E-009  4.463E+008 -1.092E+007
 9.810E+013  3.650E-009  4.463E+008 -9.910E+006
 9.830E+013  3.684E-009  4.462E+008 -8.901E+006
 9.850E+013  3.718E-009  4.462E+008 -7.896E+006
 9.870E+013  3.753E-009  4.462E+008 -6.895E+006
 9.890E+013  3.788E-009  4.462E+008 -5.899E+006
 9.910E+013  3.822E-009  4.461E+008 -4.906E+006
 9.930E+013  3.858E-009  4.461E+008 -3.917E+006
 9.950E+013  3.896E-009  4.461E+008 -2.932E+006
 9.970E+013  3.943E-009  4.461E+008 -1.950E+006
 9.990E+013  3.985E-009  4.461E+008 -9.733E+005
 1.001E+014  1.000E-099  1.000E-099 -0.000E+000
 1.003E+014  1.000E-099  1.000E-099 -0.000E+000
 7.040E-003
