 1.620E+005
     x1b        dens       energ       v1
 1.000E+011  6.658E-013  3.858E+008  0.000E+000
 3.000E+011  6.659E-013  3.858E+008  2.895E+005
 5.000E+011  6.662E-013  3.858E+008  6.025E+005
 7.000E+011  6.669E-013  3.858E+008  8.959E+005
 9.000E+011  6.680E-013  3.858E+008  1.198E+006
 1.100E+012  6.697E-013  3.858E+008  1.496E+006
 1.300E+012  6.721E-013  3.858E+008  1.796E+006
 1.500E+012  6.751E-013  3.858E+008  2.095E+006
 1.700E+012  6.788E-013  3.858E+008  2.394E+006
 1.900E+012  6.832E-013  3.858E+008  2.693E+006
 2.100E+012  6.883E-013  3.858E+008  2.993E+006
 2.300E+012  6.939E-013  3.858E+008  3.292E+006
 2.500E+012  7.000E-013  3.858E+008  3.591E+006
 2.700E+012  7.065E-013  3.858E+008  3.891E+006
 2.900E+012  7.134E-013  3.858E+008  4.190E+006
 3.100E+012  7.206E-013  3.858E+008  4.489E+006
 3.300E+012  7.280E-013  3.858E+008  4.788E+006
 3.500E+012  7.355E-013  3.858E+008  5.088E+006
 3.700E+012  7.431E-013  3.858E+008  5.387E+006
 3.900E+012  7.508E-013  3.858E+008  5.686E+006
 4.100E+012  7.585E-013  3.858E+008  5.986E+006
 4.300E+012  7.662E-013  3.858E+008  6.285E+006
 4.500E+012  7.738E-013  3.858E+008  6.584E+006
 4.700E+012  7.812E-013  3.858E+008  6.883E+006
 4.900E+012  7.884E-013  3.858E+008  7.183E+006
 5.100E+012  7.953E-013  3.858E+008  7.482E+006
 5.300E+012  8.016E-013  3.858E+008  7.781E+006
 5.500E+012  8.073E-013  3.858E+008  8.081E+006
 5.700E+012  8.119E-013  3.858E+008  8.380E+006
 5.900E+012  8.153E-013  3.858E+008  8.679E+006
 6.100E+012  8.172E-013  3.858E+008  8.978E+006
 6.300E+012  8.179E-013  3.858E+008  9.278E+006
 6.500E+012  8.180E-013  3.858E+008  9.577E+006
 6.700E+012  8.180E-013  3.858E+008  9.876E+006
 6.900E+012  8.180E-013  3.858E+008  1.018E+007
 7.100E+012  8.180E-013  3.858E+008  1.047E+007
 7.300E+012  8.180E-013  3.858E+008  1.077E+007
 7.500E+012  8.179E-013  3.858E+008  1.107E+007
 7.700E+012  8.179E-013  3.858E+008  1.137E+007
 7.900E+012  8.178E-013  3.858E+008  1.167E+007
 8.100E+012  8.176E-013  3.858E+008  1.197E+007
 8.300E+012  8.174E-013  3.858E+008  1.227E+007
 8.500E+012  8.171E-013  3.858E+008  1.257E+007
 8.700E+012  8.168E-013  3.858E+008  1.287E+007
 8.900E+012  8.164E-013  3.858E+008  1.317E+007
 9.100E+012  8.159E-013  3.858E+008  1.347E+007
 9.300E+012  8.153E-013  3.858E+008  1.377E+007
 9.500E+012  8.148E-013  3.858E+008  1.407E+007
 9.700E+012  8.142E-013  3.858E+008  1.437E+007
 9.900E+012  8.139E-013  3.858E+008  1.466E+007
 1.010E+013  8.137E-013  3.858E+008  1.496E+007
 1.030E+013  8.137E-013  3.858E+008  1.526E+007
 1.050E+013  8.137E-013  3.858E+008  1.556E+007
 1.070E+013  8.137E-013  3.858E+008  1.586E+007
 1.090E+013  8.137E-013  3.858E+008  1.616E+007
 1.110E+013  8.137E-013  3.858E+008  1.646E+007
 1.130E+013  8.138E-013  3.858E+008  1.676E+007
 1.150E+013  8.139E-013  3.858E+008  1.706E+007
 1.170E+013  8.141E-013  3.858E+008  1.736E+007
 1.190E+013  8.144E-013  3.858E+008  1.766E+007
 1.210E+013  8.148E-013  3.858E+008  1.796E+007
 1.230E+013  8.152E-013  3.858E+008  1.826E+007
 1.250E+013  8.159E-013  3.858E+008  1.856E+007
 1.270E+013  8.166E-013  3.858E+008  1.885E+007
 1.290E+013  8.176E-013  3.858E+008  1.915E+007
 1.310E+013  8.188E-013  3.858E+008  1.945E+007
 1.330E+013  8.201E-013  3.858E+008  1.975E+007
 1.350E+013  8.218E-013  3.858E+008  2.005E+007
 1.370E+013  8.237E-013  3.858E+008  2.035E+007
 1.390E+013  8.259E-013  3.858E+008  2.065E+007
 1.410E+013  8.284E-013  3.858E+008  2.095E+007
 1.430E+013  8.314E-013  3.858E+008  2.125E+007
 1.450E+013  8.347E-013  3.858E+008  2.155E+007
 1.470E+013  8.384E-013  3.858E+008  2.185E+007
 1.490E+013  8.426E-013  3.858E+008  2.215E+007
 1.510E+013  8.473E-013  3.858E+008  2.245E+007
 1.530E+013  8.525E-013  3.858E+008  2.275E+007
 1.550E+013  8.583E-013  3.858E+008  2.304E+007
 1.570E+013  8.647E-013  3.858E+008  2.334E+007
 1.590E+013  8.717E-013  3.858E+008  2.364E+007
 1.610E+013  8.795E-013  3.858E+008  2.394E+007
 1.630E+013  8.879E-013  3.858E+008  2.424E+007
 1.650E+013  8.972E-013  3.858E+008  2.454E+007
 1.670E+013  9.073E-013  3.858E+008  2.484E+007
 1.690E+013  9.184E-013  3.858E+008  2.514E+007
 1.710E+013  9.303E-013  3.858E+008  2.544E+007
 1.730E+013  9.433E-013  3.858E+008  2.574E+007
 1.750E+013  9.574E-013  3.858E+008  2.604E+007
 1.770E+013  9.726E-013  3.858E+008  2.634E+007
 1.790E+013  9.891E-013  3.858E+008  2.664E+007
 1.810E+013  1.007E-012  3.858E+008  2.694E+007
 1.830E+013  1.026E-012  3.858E+008  2.724E+007
 1.850E+013  1.047E-012  3.858E+008  2.754E+007
 1.870E+013  1.069E-012  3.858E+008  2.783E+007
 1.890E+013  1.093E-012  3.858E+008  2.813E+007
 1.910E+013  1.119E-012  3.858E+008  2.843E+007
 1.930E+013  1.147E-012  3.858E+008  2.873E+007
 1.950E+013  1.177E-012  3.858E+008  2.903E+007
 1.970E+013  1.209E-012  3.858E+008  2.933E+007
 1.990E+013  1.243E-012  3.858E+008  2.963E+007
 2.010E+013  1.280E-012  3.858E+008  2.993E+007
 2.030E+013  1.320E-012  3.858E+008  3.023E+007
 2.050E+013  1.362E-012  3.858E+008  3.053E+007
 2.070E+013  1.408E-012  3.858E+008  3.083E+007
 2.090E+013  1.457E-012  3.858E+008  3.113E+007
 2.110E+013  1.509E-012  3.858E+008  3.143E+007
 2.130E+013  1.565E-012  3.858E+008  3.173E+007
 2.150E+013  1.625E-012  3.858E+008  3.203E+007
 2.170E+013  1.690E-012  3.858E+008  3.233E+007
 2.190E+013  1.758E-012  3.858E+008  3.263E+007
 2.210E+013  1.832E-012  3.858E+008  3.293E+007
 2.230E+013  1.910E-012  3.858E+008  3.323E+007
 2.250E+013  1.994E-012  3.858E+008  3.353E+007
 2.270E+013  2.084E-012  3.858E+008  3.383E+007
 2.290E+013  2.179E-012  3.858E+008  3.413E+007
 2.310E+013  2.280E-012  3.858E+008  3.443E+007
 2.330E+013  2.388E-012  3.858E+008  3.473E+007
 2.350E+013  2.503E-012  3.858E+008  3.503E+007
 2.370E+013  2.625E-012  3.858E+008  3.533E+007
 2.390E+013  2.755E-012  3.858E+008  3.563E+007
 2.410E+013  2.892E-012  3.858E+008  3.593E+007
 2.430E+013  3.037E-012  3.858E+008  3.623E+007
 2.450E+013  3.190E-012  3.858E+008  3.653E+007
 2.470E+013  3.351E-012  3.858E+008  3.682E+007
 2.490E+013  3.521E-012  3.858E+008  3.712E+007
 2.510E+013  3.699E-012  3.858E+008  3.742E+007
 2.530E+013  3.887E-012  3.858E+008  3.772E+007
 2.550E+013  4.083E-012  3.858E+008  3.802E+007
 2.570E+013  4.287E-012  3.858E+008  3.832E+007
 2.590E+013  4.501E-012  3.858E+008  3.862E+007
 2.610E+013  4.723E-012  3.858E+008  3.892E+007
 2.630E+013  4.953E-012  3.858E+008  3.922E+007
 2.650E+013  5.192E-012  3.858E+008  3.952E+007
 2.670E+013  5.438E-012  3.858E+008  3.982E+007
 2.690E+013  5.692E-012  3.858E+008  4.012E+007
 2.710E+013  5.954E-012  3.858E+008  4.041E+007
 2.730E+013  6.222E-012  3.858E+008  4.071E+007
 2.750E+013  6.497E-012  3.858E+008  4.101E+007
 2.770E+013  6.778E-012  3.858E+008  4.131E+007
 2.790E+013  7.065E-012  3.858E+008  4.161E+007
 2.810E+013  7.357E-012  3.858E+008  4.191E+007
 2.830E+013  7.653E-012  3.858E+008  4.221E+007
 2.850E+013  7.955E-012  3.858E+008  4.251E+007
 2.870E+013  8.260E-012  3.858E+008  4.281E+007
 2.890E+013  8.569E-012  3.858E+008  4.311E+007
 2.910E+013  8.882E-012  3.858E+008  4.340E+007
 2.930E+013  9.198E-012  3.858E+008  4.370E+007
 2.950E+013  9.517E-012  3.858E+008  4.400E+007
 2.970E+013  9.839E-012  3.858E+008  4.430E+007
 2.990E+013  1.016E-011  3.858E+008  4.460E+007
 3.010E+013  1.049E-011  3.858E+008  4.490E+007
 3.030E+013  1.082E-011  3.858E+008  4.520E+007
 3.050E+013  1.115E-011  3.858E+008  4.550E+007
 3.070E+013  1.149E-011  3.858E+008  4.580E+007
 3.090E+013  1.183E-011  3.858E+008  4.610E+007
 3.110E+013  1.217E-011  3.858E+008  4.639E+007
 3.130E+013  1.251E-011  3.858E+008  4.669E+007
 3.150E+013  1.286E-011  3.858E+008  4.699E+007
 3.170E+013  1.321E-011  3.858E+008  4.729E+007
 3.190E+013  1.357E-011  3.858E+008  4.759E+007
 3.210E+013  1.393E-011  3.858E+008  4.789E+007
 3.230E+013  1.429E-011  3.858E+008  4.819E+007
 3.250E+013  1.466E-011  3.858E+008  4.849E+007
 3.270E+013  1.503E-011  3.858E+008  4.879E+007
 3.290E+013  1.541E-011  3.858E+008  4.909E+007
 3.310E+013  1.580E-011  3.858E+008  4.939E+007
 3.330E+013  1.619E-011  3.858E+008  4.969E+007
 3.350E+013  1.659E-011  3.858E+008  4.998E+007
 3.370E+013  1.700E-011  3.858E+008  5.028E+007
 3.390E+013  1.741E-011  3.858E+008  5.058E+007
 3.410E+013  1.784E-011  3.859E+008  5.088E+007
 3.430E+013  1.827E-011  3.859E+008  5.118E+007
 3.450E+013  1.871E-011  3.859E+008  5.148E+007
 3.470E+013  1.916E-011  3.859E+008  5.178E+007
 3.490E+013  1.962E-011  3.859E+008  5.208E+007
 3.510E+013  2.009E-011  3.859E+008  5.238E+007
 3.530E+013  2.057E-011  3.859E+008  5.268E+007
 3.550E+013  2.106E-011  3.859E+008  5.298E+007
 3.570E+013  2.157E-011  3.859E+008  5.328E+007
 3.590E+013  2.208E-011  3.859E+008  5.358E+007
 3.610E+013  2.261E-011  3.859E+008  5.388E+007
 3.630E+013  2.316E-011  3.859E+008  5.418E+007
 3.650E+013  2.371E-011  3.859E+008  5.447E+007
 3.670E+013  2.428E-011  3.859E+008  5.477E+007
 3.690E+013  2.487E-011  3.859E+008  5.507E+007
 3.710E+013  2.547E-011  3.859E+008  5.537E+007
 3.730E+013  2.608E-011  3.859E+008  5.567E+007
 3.750E+013  2.671E-011  3.859E+008  5.597E+007
 3.770E+013  2.736E-011  3.859E+008  5.627E+007
 3.790E+013  2.802E-011  3.859E+008  5.657E+007
 3.810E+013  2.870E-011  3.859E+008  5.687E+007
 3.830E+013  2.940E-011  3.859E+008  5.717E+007
 3.850E+013  3.011E-011  3.859E+008  5.747E+007
 3.870E+013  3.084E-011  3.859E+008  5.777E+007
 3.890E+013  3.158E-011  3.859E+008  5.807E+007
 3.910E+013  3.235E-011  3.859E+008  5.837E+007
 3.930E+013  3.313E-011  3.859E+008  5.867E+007
 3.950E+013  3.392E-011  3.859E+008  5.897E+007
 3.970E+013  3.474E-011  3.859E+008  5.927E+007
 3.990E+013  3.557E-011  3.859E+008  5.956E+007
 4.010E+013  3.642E-011  3.859E+008  5.986E+007
 4.030E+013  3.728E-011  3.859E+008  6.016E+007
 4.050E+013  3.816E-011  3.859E+008  6.046E+007
 4.070E+013  3.906E-011  3.859E+008  6.076E+007
 4.090E+013  3.998E-011  3.859E+008  6.106E+007
 4.110E+013  4.091E-011  3.859E+008  6.136E+007
 4.130E+013  4.186E-011  3.859E+008  6.166E+007
 4.150E+013  4.282E-011  3.859E+008  6.196E+007
 4.170E+013  4.380E-011  3.859E+008  6.226E+007
 4.190E+013  4.480E-011  3.859E+008  6.256E+007
 4.210E+013  4.581E-011  3.859E+008  6.286E+007
 4.230E+013  4.684E-011  3.860E+008  6.316E+007
 4.250E+013  4.788E-011  3.860E+008  6.346E+007
 4.270E+013  4.894E-011  3.860E+008  6.376E+007
 4.290E+013  5.001E-011  3.860E+008  6.406E+007
 4.310E+013  5.110E-011  3.860E+008  6.436E+007
 4.330E+013  5.220E-011  3.860E+008  6.466E+007
 4.350E+013  5.332E-011  3.860E+008  6.495E+007
 4.370E+013  5.446E-011  3.860E+008  6.525E+007
 4.390E+013  5.561E-011  3.860E+008  6.555E+007
 4.410E+013  5.678E-011  3.860E+008  6.585E+007
 4.430E+013  5.796E-011  3.860E+008  6.615E+007
 4.450E+013  5.916E-011  3.860E+008  6.645E+007
 4.470E+013  6.038E-011  3.860E+008  6.675E+007
 4.490E+013  6.161E-011  3.860E+008  6.705E+007
 4.510E+013  6.286E-011  3.860E+008  6.735E+007
 4.530E+013  6.414E-011  3.860E+008  6.765E+007
 4.550E+013  6.542E-011  3.860E+008  6.795E+007
 4.570E+013  6.673E-011  3.860E+008  6.825E+007
 4.590E+013  6.806E-011  3.860E+008  6.855E+007
 4.610E+013  6.941E-011  3.861E+008  6.885E+007
 4.630E+013  7.078E-011  3.861E+008  6.915E+007
 4.650E+013  7.218E-011  3.861E+008  6.945E+007
 4.670E+013  7.359E-011  3.861E+008  6.975E+007
 4.690E+013  7.503E-011  3.861E+008  7.005E+007
 4.710E+013  7.649E-011  3.861E+008  7.035E+007
 4.730E+013  7.798E-011  3.861E+008  7.065E+007
 4.750E+013  7.950E-011  3.861E+008  7.095E+007
 4.770E+013  8.104E-011  3.861E+008  7.125E+007
 4.790E+013  8.260E-011  3.861E+008  7.155E+007
 4.810E+013  8.420E-011  3.861E+008  7.185E+007
 4.830E+013  8.582E-011  3.861E+008  7.215E+007
 4.850E+013  8.747E-011  3.861E+008  7.245E+007
 4.870E+013  8.916E-011  3.862E+008  7.274E+007
 4.890E+013  9.087E-011  3.862E+008  7.304E+007
 4.910E+013  9.261E-011  3.862E+008  7.334E+007
 4.930E+013  9.439E-011  3.862E+008  7.364E+007
 4.950E+013  9.620E-011  3.862E+008  7.394E+007
 4.970E+013  9.804E-011  3.862E+008  7.424E+007
 4.990E+013  9.991E-011  3.862E+008  7.454E+007
 5.010E+013  1.018E-010  3.862E+008  7.484E+007
 5.030E+013  1.038E-010  3.862E+008  7.514E+007
 5.050E+013  1.057E-010  3.862E+008  7.544E+007
 5.070E+013  1.077E-010  3.863E+008  7.574E+007
 5.090E+013  1.098E-010  3.863E+008  7.604E+007
 5.110E+013  1.119E-010  3.863E+008  7.634E+007
 5.130E+013  1.140E-010  3.863E+008  7.664E+007
 5.150E+013  1.161E-010  3.863E+008  7.694E+007
 5.170E+013  1.183E-010  3.863E+008  7.724E+007
 5.190E+013  1.206E-010  3.863E+008  7.754E+007
 5.210E+013  1.228E-010  3.863E+008  7.784E+007
 5.230E+013  1.251E-010  3.864E+008  7.814E+007
 5.250E+013  1.275E-010  3.864E+008  7.844E+007
 5.270E+013  1.298E-010  3.864E+008  7.874E+007
 5.290E+013  1.322E-010  3.864E+008  7.904E+007
 5.310E+013  1.347E-010  3.864E+008  7.934E+007
 5.330E+013  1.372E-010  3.864E+008  7.964E+007
 5.350E+013  1.397E-010  3.864E+008  7.994E+007
 5.370E+013  1.422E-010  3.865E+008  8.025E+007
 5.390E+013  1.448E-010  3.865E+008  8.055E+007
 5.410E+013  1.475E-010  3.865E+008  8.085E+007
 5.430E+013  1.501E-010  3.865E+008  8.115E+007
 5.450E+013  1.528E-010  3.865E+008  8.145E+007
 5.470E+013  1.556E-010  3.865E+008  8.175E+007
 5.490E+013  1.584E-010  3.866E+008  8.205E+007
 5.510E+013  1.612E-010  3.866E+008  8.235E+007
 5.530E+013  1.641E-010  3.866E+008  8.265E+007
 5.550E+013  1.670E-010  3.866E+008  8.295E+007
 5.570E+013  1.699E-010  3.866E+008  8.325E+007
 5.590E+013  1.729E-010  3.867E+008  8.355E+007
 5.610E+013  1.759E-010  3.867E+008  8.385E+007
 5.630E+013  1.790E-010  3.867E+008  8.415E+007
 5.650E+013  1.821E-010  3.867E+008  8.445E+007
 5.670E+013  1.853E-010  3.867E+008  8.475E+007
 5.690E+013  1.885E-010  3.868E+008  8.505E+007
 5.710E+013  1.917E-010  3.868E+008  8.535E+007
 5.730E+013  1.950E-010  3.868E+008  8.565E+007
 5.750E+013  1.983E-010  3.868E+008  8.596E+007
 5.770E+013  2.017E-010  3.869E+008  8.626E+007
 5.790E+013  2.051E-010  3.869E+008  8.656E+007
 5.810E+013  2.085E-010  3.869E+008  8.686E+007
 5.830E+013  2.120E-010  3.869E+008  8.716E+007
 5.850E+013  2.156E-010  3.870E+008  8.746E+007
 5.870E+013  2.192E-010  3.870E+008  8.776E+007
 5.890E+013  2.228E-010  3.870E+008  8.806E+007
 5.910E+013  2.265E-010  3.870E+008  8.836E+007
 5.930E+013  2.303E-010  3.871E+008  8.866E+007
 5.950E+013  2.341E-010  3.871E+008  8.897E+007
 5.970E+013  2.379E-010  3.871E+008  8.927E+007
 5.990E+013  2.418E-010  3.872E+008  8.957E+007
 6.010E+013  2.457E-010  3.872E+008  8.987E+007
 6.030E+013  2.497E-010  3.872E+008  9.017E+007
 6.050E+013  2.538E-010  3.873E+008  9.047E+007
 6.070E+013  2.578E-010  3.873E+008  9.077E+007
 6.090E+013  2.620E-010  3.873E+008  9.108E+007
 6.110E+013  2.662E-010  3.874E+008  9.138E+007
 6.130E+013  2.704E-010  3.874E+008  9.168E+007
 6.150E+013  2.747E-010  3.874E+008  9.198E+007
 6.170E+013  2.790E-010  3.875E+008  9.228E+007
 6.190E+013  2.834E-010  3.875E+008  9.258E+007
 6.210E+013  2.879E-010  3.875E+008  9.289E+007
 6.230E+013  2.924E-010  3.876E+008  9.319E+007
 6.250E+013  2.970E-010  3.876E+008  9.349E+007
 6.270E+013  3.016E-010  3.877E+008  9.379E+007
 6.290E+013  3.062E-010  3.877E+008  9.409E+007
 6.310E+013  3.109E-010  3.877E+008  9.440E+007
 6.330E+013  3.157E-010  3.878E+008  9.470E+007
 6.350E+013  3.206E-010  3.878E+008  9.500E+007
 6.370E+013  3.254E-010  3.879E+008  9.530E+007
 6.390E+013  3.304E-010  3.879E+008  9.561E+007
 6.410E+013  3.354E-010  3.879E+008  9.591E+007
 6.430E+013  3.405E-010  3.880E+008  9.621E+007
 6.450E+013  3.456E-010  3.880E+008  9.651E+007
 6.470E+013  3.508E-010  3.881E+008  9.682E+007
 6.490E+013  3.560E-010  3.881E+008  9.712E+007
 6.510E+013  3.613E-010  3.882E+008  9.742E+007
 6.530E+013  3.667E-010  3.882E+008  9.773E+007
 6.550E+013  3.721E-010  3.883E+008  9.803E+007
 6.570E+013  3.776E-010  3.883E+008  9.833E+007
 6.590E+013  3.832E-010  3.884E+008  9.863E+007
 6.610E+013  3.888E-010  3.884E+008  9.894E+007
 6.630E+013  3.945E-010  3.885E+008  9.924E+007
 6.650E+013  4.003E-010  3.886E+008  9.954E+007
 6.670E+013  4.061E-010  3.886E+008  9.985E+007
 6.690E+013  4.120E-010  3.887E+008  1.002E+008
 6.710E+013  4.180E-010  3.887E+008  1.005E+008
 6.730E+013  4.241E-010  3.888E+008  1.008E+008
 6.750E+013  4.302E-010  3.888E+008  1.011E+008
 6.770E+013  4.364E-010  3.889E+008  1.014E+008
 6.790E+013  4.427E-010  3.890E+008  1.017E+008
 6.810E+013  4.490E-010  3.890E+008  1.020E+008
 6.830E+013  4.555E-010  3.891E+008  1.023E+008
 6.850E+013  4.620E-010  3.892E+008  1.026E+008
 6.870E+013  4.686E-010  3.892E+008  1.029E+008
 6.890E+013  4.752E-010  3.893E+008  1.032E+008
 6.910E+013  4.820E-010  3.894E+008  1.035E+008
 6.930E+013  4.888E-010  3.894E+008  1.038E+008
 6.950E+013  4.957E-010  3.895E+008  1.041E+008
 6.970E+013  5.027E-010  3.896E+008  1.044E+008
 6.990E+013  5.098E-010  3.897E+008  1.047E+008
 7.010E+013  5.170E-010  3.897E+008  1.050E+008
 7.030E+013  5.243E-010  3.898E+008  1.053E+008
 7.050E+013  5.316E-010  3.899E+008  1.056E+008
 7.070E+013  5.391E-010  3.900E+008  1.059E+008
 7.090E+013  5.466E-010  3.901E+008  1.062E+008
 7.110E+013  5.542E-010  3.901E+008  1.066E+008
 7.130E+013  5.619E-010  3.902E+008  1.069E+008
 7.150E+013  5.697E-010  3.903E+008  1.072E+008
 7.170E+013  5.776E-010  3.904E+008  1.075E+008
 7.190E+013  5.856E-010  3.905E+008  1.078E+008
 7.210E+013  5.937E-010  3.906E+008  1.081E+008
 7.230E+013  6.018E-010  3.907E+008  1.084E+008
 7.250E+013  6.101E-010  3.908E+008  1.087E+008
 7.270E+013  6.184E-010  3.908E+008  1.090E+008
 7.290E+013  6.269E-010  3.909E+008  1.093E+008
 7.310E+013  6.355E-010  3.910E+008  1.096E+008
 7.330E+013  6.441E-010  3.911E+008  1.099E+008
 7.350E+013  6.529E-010  3.912E+008  1.102E+008
 7.370E+013  6.617E-010  3.913E+008  1.105E+008
 7.390E+013  6.707E-010  3.914E+008  1.108E+008
 7.410E+013  6.797E-010  3.916E+008  1.112E+008
 7.430E+013  6.888E-010  3.917E+008  1.115E+008
 7.450E+013  6.981E-010  3.918E+008  1.118E+008
 7.470E+013  7.075E-010  3.919E+008  1.121E+008
 7.490E+013  7.169E-010  3.920E+008  1.124E+008
 7.510E+013  7.265E-010  3.921E+008  1.127E+008
 7.530E+013  7.361E-010  3.922E+008  1.130E+008
 7.550E+013  7.459E-010  3.923E+008  1.133E+008
 7.570E+013  7.558E-010  3.925E+008  1.136E+008
 7.590E+013  7.658E-010  3.926E+008  1.139E+008
 7.610E+013  7.758E-010  3.927E+008  1.142E+008
 7.630E+013  7.860E-010  3.928E+008  1.146E+008
 7.650E+013  7.964E-010  3.930E+008  1.149E+008
 7.670E+013  8.068E-010  3.931E+008  1.152E+008
 7.690E+013  8.173E-010  3.932E+008  1.155E+008
 7.710E+013  8.279E-010  3.934E+008  1.158E+008
 7.730E+013  8.387E-010  3.935E+008  1.161E+008
 7.750E+013  8.496E-010  3.936E+008  1.164E+008
 7.770E+013  8.605E-010  3.938E+008  1.167E+008
 7.790E+013  8.716E-010  3.939E+008  1.170E+008
 7.810E+013  8.829E-010  3.941E+008  1.174E+008
 7.830E+013  8.942E-010  3.942E+008  1.177E+008
 7.850E+013  9.056E-010  3.944E+008  1.180E+008
 7.870E+013  9.172E-010  3.945E+008  1.183E+008
 7.890E+013  9.289E-010  3.947E+008  1.186E+008
 7.910E+013  9.407E-010  3.948E+008  1.189E+008
 7.930E+013  9.526E-010  3.950E+008  1.192E+008
 7.950E+013  9.647E-010  3.951E+008  1.196E+008
 7.970E+013  9.769E-010  3.953E+008  1.199E+008
 7.990E+013  9.892E-010  3.955E+008  1.202E+008
 8.010E+013  1.002E-009  3.957E+008  1.205E+008
 8.030E+013  1.014E-009  3.959E+008  1.208E+008
 8.050E+013  1.027E-009  3.961E+008  1.210E+008
 8.070E+013  1.040E-009  3.965E+008  1.212E+008
 8.090E+013  1.054E-009  3.971E+008  1.212E+008
 8.110E+013  1.069E-009  3.981E+008  1.210E+008
 8.130E+013  1.085E-009  4.002E+008  1.201E+008
 8.150E+013  1.106E-009  4.049E+008  1.176E+008
 8.170E+013  1.137E-009  4.155E+008  1.113E+008
 8.190E+013  1.184E-009  4.354E+008  9.786E+007
 8.210E+013  1.246E-009  4.640E+008  7.660E+007
 8.230E+013  1.310E-009  4.935E+008  5.205E+007
 8.250E+013  1.355E-009  5.100E+008  3.408E+007
 8.270E+013  1.371E-009  5.084E+008  2.998E+007
 8.290E+013  1.379E-009  5.018E+008  3.584E+007
 8.310E+013  1.397E-009  5.013E+008  4.001E+007
 8.330E+013  1.423E-009  5.060E+008  3.897E+007
 8.350E+013  1.452E-009  5.115E+008  3.590E+007
 8.370E+013  1.480E-009  5.161E+008  3.317E+007
 8.390E+013  1.506E-009  5.197E+008  3.132E+007
 8.410E+013  1.532E-009  5.225E+008  3.019E+007
 8.430E+013  1.557E-009  5.249E+008  2.945E+007
 8.450E+013  1.583E-009  5.274E+008  2.886E+007
 8.470E+013  1.609E-009  5.299E+008  2.824E+007
 8.490E+013  1.636E-009  5.327E+008  2.754E+007
 8.510E+013  1.664E-009  5.355E+008  2.679E+007
 8.530E+013  1.692E-009  5.383E+008  2.605E+007
 8.550E+013  1.720E-009  5.410E+008  2.536E+007
 8.570E+013  1.749E-009  5.437E+008  2.473E+007
 8.590E+013  1.778E-009  5.464E+008  2.414E+007
 8.610E+013  1.807E-009  5.491E+008  2.358E+007
 8.630E+013  1.837E-009  5.518E+008  2.305E+007
 8.650E+013  1.867E-009  5.544E+008  2.254E+007
 8.670E+013  1.898E-009  5.571E+008  2.205E+007
 8.690E+013  1.930E-009  5.598E+008  2.159E+007
 8.710E+013  1.961E-009  5.625E+008  2.114E+007
 8.730E+013  1.994E-009  5.653E+008  2.072E+007
 8.750E+013  2.027E-009  5.680E+008  2.031E+007
 8.770E+013  2.060E-009  5.707E+008  1.992E+007
 8.790E+013  2.094E-009  5.735E+008  1.955E+007
 8.810E+013  2.128E-009  5.762E+008  1.919E+007
 8.830E+013  2.163E-009  5.790E+008  1.885E+007
 8.850E+013  2.199E-009  5.818E+008  1.852E+007
 8.870E+013  2.235E-009  5.846E+008  1.820E+007
 8.890E+013  2.271E-009  5.874E+008  1.790E+007
 8.910E+013  2.308E-009  5.902E+008  1.761E+007
 8.930E+013  2.346E-009  5.931E+008  1.733E+007
 8.950E+013  2.385E-009  5.960E+008  1.706E+007
 8.970E+013  2.424E-009  5.989E+008  1.681E+007
 8.990E+013  2.463E-009  6.018E+008  1.656E+007
 9.010E+013  2.504E-009  6.048E+008  1.632E+007
 9.030E+013  2.545E-009  6.078E+008  1.609E+007
 9.050E+013  2.586E-009  6.108E+008  1.588E+007
 9.070E+013  2.629E-009  6.138E+008  1.567E+007
 9.090E+013  2.672E-009  6.168E+008  1.546E+007
 9.110E+013  2.715E-009  6.199E+008  1.527E+007
 9.130E+013  2.760E-009  6.230E+008  1.508E+007
 9.150E+013  2.805E-009  6.262E+008  1.490E+007
 9.170E+013  2.851E-009  6.293E+008  1.473E+007
 9.190E+013  2.898E-009  6.326E+008  1.456E+007
 9.210E+013  2.945E-009  6.358E+008  1.440E+007
 9.230E+013  2.993E-009  6.391E+008  1.425E+007
 9.250E+013  3.042E-009  6.424E+008  1.410E+007
 9.270E+013  3.092E-009  6.457E+008  1.396E+007
 9.290E+013  3.143E-009  6.491E+008  1.382E+007
 9.310E+013  3.195E-009  6.525E+008  1.369E+007
 9.330E+013  3.247E-009  6.560E+008  1.356E+007
 9.350E+013  3.301E-009  6.594E+008  1.344E+007
 9.370E+013  3.355E-009  6.630E+008  1.332E+007
 9.390E+013  3.410E-009  6.666E+008  1.321E+007
 9.410E+013  3.466E-009  6.702E+008  1.310E+007
 9.430E+013  3.524E-009  6.738E+008  1.300E+007
 9.450E+013  3.582E-009  6.775E+008  1.290E+007
 9.470E+013  3.641E-009  6.813E+008  1.280E+007
 9.490E+013  3.701E-009  6.851E+008  1.271E+007
 9.510E+013  3.763E-009  6.889E+008  1.262E+007
 9.530E+013  3.825E-009  6.928E+008  1.254E+007
 9.550E+013  3.889E-009  6.968E+008  1.246E+007
 9.570E+013  3.953E-009  7.007E+008  1.238E+007
 9.590E+013  4.019E-009  7.048E+008  1.231E+007
 9.610E+013  4.086E-009  7.089E+008  1.224E+007
 9.630E+013  4.154E-009  7.130E+008  1.217E+007
 9.650E+013  4.224E-009  7.172E+008  1.210E+007
 9.670E+013  4.294E-009  7.215E+008  1.204E+007
 9.690E+013  4.366E-009  7.258E+008  1.198E+007
 9.710E+013  4.439E-009  7.302E+008  1.192E+007
 9.730E+013  4.514E-009  7.346E+008  1.187E+007
 9.750E+013  4.590E-009  7.391E+008  1.181E+007
 9.770E+013  4.667E-009  7.437E+008  1.176E+007
 9.790E+013  4.746E-009  7.483E+008  1.172E+007
 9.810E+013  4.826E-009  7.530E+008  1.167E+007
 9.830E+013  4.908E-009  7.577E+008  1.163E+007
 9.850E+013  4.991E-009  7.626E+008  1.159E+007
 9.870E+013  5.076E-009  7.675E+008  1.155E+007
 9.890E+013  5.163E-009  7.724E+008  1.152E+007
 9.910E+013  5.251E-009  7.774E+008  1.148E+007
 9.930E+013  5.340E-009  7.826E+008  1.145E+007
 9.950E+013  5.433E-009  7.877E+008  1.142E+007
 9.970E+013  5.520E-009  7.930E+008  1.139E+007
 9.990E+013  5.657E-009  7.984E+008  1.137E+007
 1.001E+014  1.000E-099  1.000E-099  1.137E+007
 1.003E+014  1.000E-099  1.000E-099  1.137E+007
 5.137E-003
