 3.000E+004
     x1b        dens       energ       v1
 1.000E+011  2.267E-012  2.973E+009  0.000E+000
 3.000E+011  2.268E-012  2.973E+009  1.782E+006
 5.000E+011  2.271E-012  2.973E+009  3.157E+006
 7.000E+011  2.279E-012  2.973E+009  4.870E+006
 9.000E+011  2.291E-012  2.973E+009  6.433E+006
 1.100E+012  2.309E-012  2.973E+009  8.071E+006
 1.300E+012  2.331E-012  2.973E+009  9.670E+006
 1.500E+012  2.359E-012  2.973E+009  1.129E+007
 1.700E+012  2.390E-012  2.973E+009  1.290E+007
 1.900E+012  2.425E-012  2.973E+009  1.451E+007
 2.100E+012  2.462E-012  2.973E+009  1.612E+007
 2.300E+012  2.500E-012  2.973E+009  1.774E+007
 2.500E+012  2.539E-012  2.973E+009  1.935E+007
 2.700E+012  2.578E-012  2.973E+009  2.096E+007
 2.900E+012  2.617E-012  2.973E+009  2.258E+007
 3.100E+012  2.656E-012  2.973E+009  2.419E+007
 3.300E+012  2.692E-012  2.973E+009  2.580E+007
 3.500E+012  2.726E-012  2.973E+009  2.741E+007
 3.700E+012  2.754E-012  2.973E+009  2.902E+007
 3.900E+012  2.773E-012  2.973E+009  3.064E+007
 4.100E+012  2.783E-012  2.973E+009  3.225E+007
 4.300E+012  2.785E-012  2.973E+009  3.386E+007
 4.500E+012  2.785E-012  2.973E+009  3.547E+007
 4.700E+012  2.785E-012  2.973E+009  3.709E+007
 4.900E+012  2.785E-012  2.973E+009  3.870E+007
 5.100E+012  2.785E-012  2.973E+009  4.031E+007
 5.300E+012  2.784E-012  2.973E+009  4.192E+007
 5.500E+012  2.783E-012  2.973E+009  4.354E+007
 5.700E+012  2.782E-012  2.973E+009  4.515E+007
 5.900E+012  2.780E-012  2.973E+009  4.676E+007
 6.100E+012  2.777E-012  2.973E+009  4.837E+007
 6.300E+012  2.774E-012  2.973E+009  4.999E+007
 6.500E+012  2.772E-012  2.973E+009  5.160E+007
 6.700E+012  2.770E-012  2.973E+009  5.321E+007
 6.900E+012  2.770E-012  2.973E+009  5.482E+007
 7.100E+012  2.770E-012  2.973E+009  5.644E+007
 7.300E+012  2.770E-012  2.973E+009  5.805E+007
 7.500E+012  2.770E-012  2.973E+009  5.966E+007
 7.700E+012  2.771E-012  2.973E+009  6.127E+007
 7.900E+012  2.772E-012  2.973E+009  6.289E+007
 8.100E+012  2.774E-012  2.973E+009  6.450E+007
 8.300E+012  2.777E-012  2.973E+009  6.611E+007
 8.500E+012  2.781E-012  2.973E+009  6.772E+007
 8.700E+012  2.787E-012  2.973E+009  6.934E+007
 8.900E+012  2.794E-012  2.973E+009  7.095E+007
 9.100E+012  2.804E-012  2.973E+009  7.256E+007
 9.300E+012  2.815E-012  2.973E+009  7.417E+007
 9.500E+012  2.830E-012  2.973E+009  7.579E+007
 9.700E+012  2.847E-012  2.973E+009  7.740E+007
 9.900E+012  2.868E-012  2.973E+009  7.901E+007
 1.010E+013  2.892E-012  2.973E+009  8.062E+007
 1.030E+013  2.921E-012  2.973E+009  8.224E+007
 1.050E+013  2.955E-012  2.973E+009  8.385E+007
 1.070E+013  2.994E-012  2.973E+009  8.546E+007
 1.090E+013  3.038E-012  2.973E+009  8.708E+007
 1.110E+013  3.089E-012  2.973E+009  8.869E+007
 1.130E+013  3.146E-012  2.973E+009  9.030E+007
 1.150E+013  3.212E-012  2.973E+009  9.192E+007
 1.170E+013  3.285E-012  2.973E+009  9.353E+007
 1.190E+013  3.368E-012  2.973E+009  9.514E+007
 1.210E+013  3.462E-012  2.973E+009  9.676E+007
 1.230E+013  3.566E-012  2.973E+009  9.837E+007
 1.250E+013  3.683E-012  2.973E+009  9.999E+007
 1.270E+013  3.813E-012  2.973E+009  1.016E+008
 1.290E+013  3.959E-012  2.973E+009  1.032E+008
 1.310E+013  4.121E-012  2.973E+009  1.048E+008
 1.330E+013  4.301E-012  2.973E+009  1.065E+008
 1.350E+013  4.502E-012  2.973E+009  1.081E+008
 1.370E+013  4.725E-012  2.973E+009  1.097E+008
 1.390E+013  4.973E-012  2.973E+009  1.113E+008
 1.410E+013  5.248E-012  2.973E+009  1.129E+008
 1.430E+013  5.553E-012  2.973E+009  1.145E+008
 1.450E+013  5.890E-012  2.973E+009  1.162E+008
 1.470E+013  6.263E-012  2.973E+009  1.178E+008
 1.490E+013  6.676E-012  2.973E+009  1.194E+008
 1.510E+013  7.130E-012  2.973E+009  1.210E+008
 1.530E+013  7.630E-012  2.973E+009  1.226E+008
 1.550E+013  8.180E-012  2.973E+009  1.242E+008
 1.570E+013  8.782E-012  2.973E+009  1.259E+008
 1.590E+013  9.441E-012  2.973E+009  1.275E+008
 1.610E+013  1.016E-011  2.973E+009  1.291E+008
 1.630E+013  1.094E-011  2.973E+009  1.307E+008
 1.650E+013  1.178E-011  2.973E+009  1.323E+008
 1.670E+013  1.269E-011  2.973E+009  1.339E+008
 1.690E+013  1.367E-011  2.973E+009  1.356E+008
 1.710E+013  1.471E-011  2.973E+009  1.372E+008
 1.730E+013  1.582E-011  2.973E+009  1.388E+008
 1.750E+013  1.700E-011  2.973E+009  1.404E+008
 1.770E+013  1.824E-011  2.973E+009  1.420E+008
 1.790E+013  1.953E-011  2.973E+009  1.436E+008
 1.810E+013  2.089E-011  2.973E+009  1.452E+008
 1.830E+013  2.229E-011  2.973E+009  1.468E+008
 1.850E+013  2.374E-011  2.973E+009  1.484E+008
 1.870E+013  2.523E-011  2.973E+009  1.501E+008
 1.890E+013  2.676E-011  2.973E+009  1.517E+008
 1.910E+013  2.832E-011  2.973E+009  1.533E+008
 1.930E+013  2.991E-011  2.973E+009  1.549E+008
 1.950E+013  3.152E-011  2.973E+009  1.565E+008
 1.970E+013  3.316E-011  2.973E+009  1.581E+008
 1.990E+013  3.482E-011  2.973E+009  1.597E+008
 2.010E+013  3.650E-011  2.973E+009  1.613E+008
 2.030E+013  3.820E-011  2.973E+009  1.629E+008
 2.050E+013  3.993E-011  2.973E+009  1.645E+008
 2.070E+013  4.168E-011  2.973E+009  1.661E+008
 2.090E+013  4.345E-011  2.973E+009  1.678E+008
 2.110E+013  4.525E-011  2.974E+009  1.694E+008
 2.130E+013  4.708E-011  2.974E+009  1.710E+008
 2.150E+013  4.895E-011  2.974E+009  1.726E+008
 2.170E+013  5.085E-011  2.974E+009  1.742E+008
 2.190E+013  5.280E-011  2.974E+009  1.758E+008
 2.210E+013  5.479E-011  2.974E+009  1.774E+008
 2.230E+013  5.684E-011  2.974E+009  1.790E+008
 2.250E+013  5.895E-011  2.974E+009  1.807E+008
 2.270E+013  6.111E-011  2.974E+009  1.823E+008
 2.290E+013  6.335E-011  2.974E+009  1.839E+008
 2.310E+013  6.566E-011  2.974E+009  1.855E+008
 2.330E+013  6.804E-011  2.974E+009  1.871E+008
 2.350E+013  7.051E-011  2.974E+009  1.887E+008
 2.370E+013  7.307E-011  2.975E+009  1.903E+008
 2.390E+013  7.573E-011  2.975E+009  1.920E+008
 2.410E+013  7.848E-011  2.975E+009  1.936E+008
 2.430E+013  8.134E-011  2.975E+009  1.952E+008
 2.450E+013  8.431E-011  2.975E+009  1.968E+008
 2.470E+013  8.739E-011  2.975E+009  1.984E+008
 2.490E+013  9.059E-011  2.975E+009  2.000E+008
 2.510E+013  9.391E-011  2.975E+009  2.016E+008
 2.530E+013  9.736E-011  2.976E+009  2.033E+008
 2.550E+013  1.009E-010  2.976E+009  2.049E+008
 2.570E+013  1.046E-010  2.976E+009  2.065E+008
 2.590E+013  1.085E-010  2.976E+009  2.081E+008
 2.610E+013  1.124E-010  2.976E+009  2.097E+008
 2.630E+013  1.165E-010  2.976E+009  2.113E+008
 2.650E+013  1.208E-010  2.977E+009  2.130E+008
 2.670E+013  1.251E-010  2.977E+009  2.146E+008
 2.690E+013  1.296E-010  2.977E+009  2.162E+008
 2.710E+013  1.343E-010  2.977E+009  2.178E+008
 2.730E+013  1.390E-010  2.977E+009  2.194E+008
 2.750E+013  1.439E-010  2.978E+009  2.210E+008
 2.770E+013  1.489E-010  2.978E+009  2.227E+008
 2.790E+013  1.540E-010  2.978E+009  2.243E+008
 2.810E+013  1.593E-010  2.978E+009  2.259E+008
 2.830E+013  1.646E-010  2.979E+009  2.275E+008
 2.850E+013  1.701E-010  2.979E+009  2.291E+008
 2.870E+013  1.757E-010  2.979E+009  2.308E+008
 2.890E+013  1.814E-010  2.980E+009  2.324E+008
 2.910E+013  1.873E-010  2.980E+009  2.340E+008
 2.930E+013  1.933E-010  2.980E+009  2.356E+008
 2.950E+013  1.994E-010  2.981E+009  2.372E+008
 2.970E+013  2.056E-010  2.981E+009  2.389E+008
 2.990E+013  2.120E-010  2.981E+009  2.405E+008
 3.010E+013  2.185E-010  2.982E+009  2.421E+008
 3.030E+013  2.251E-010  2.982E+009  2.437E+008
 3.050E+013  2.319E-010  2.983E+009  2.453E+008
 3.070E+013  2.389E-010  2.983E+009  2.470E+008
 3.090E+013  2.461E-010  2.984E+009  2.486E+008
 3.110E+013  2.534E-010  2.984E+009  2.502E+008
 3.130E+013  2.609E-010  2.985E+009  2.518E+008
 3.150E+013  2.686E-010  2.985E+009  2.535E+008
 3.170E+013  2.765E-010  2.986E+009  2.551E+008
 3.190E+013  2.846E-010  2.986E+009  2.567E+008
 3.210E+013  2.930E-010  2.987E+009  2.583E+008
 3.230E+013  3.015E-010  2.987E+009  2.600E+008
 3.250E+013  3.104E-010  2.988E+009  2.616E+008
 3.270E+013  3.194E-010  2.989E+009  2.632E+008
 3.290E+013  3.287E-010  2.989E+009  2.649E+008
 3.310E+013  3.383E-010  2.990E+009  2.665E+008
 3.330E+013  3.481E-010  2.991E+009  2.681E+008
 3.350E+013  3.582E-010  2.991E+009  2.698E+008
 3.370E+013  3.686E-010  2.992E+009  2.714E+008
 3.390E+013  3.792E-010  2.993E+009  2.730E+008
 3.410E+013  3.902E-010  2.994E+009  2.747E+008
 3.430E+013  4.014E-010  2.994E+009  2.763E+008
 3.450E+013  4.129E-010  2.995E+009  2.779E+008
 3.470E+013  4.247E-010  2.996E+009  2.796E+008
 3.490E+013  4.368E-010  2.997E+009  2.812E+008
 3.510E+013  4.491E-010  2.998E+009  2.828E+008
 3.530E+013  4.618E-010  2.999E+009  2.845E+008
 3.550E+013  4.748E-010  3.000E+009  2.861E+008
 3.570E+013  4.881E-010  3.001E+009  2.878E+008
 3.590E+013  5.016E-010  3.002E+009  2.894E+008
 3.610E+013  5.155E-010  3.003E+009  2.910E+008
 3.630E+013  5.297E-010  3.004E+009  2.927E+008
 3.650E+013  5.442E-010  3.006E+009  2.943E+008
 3.670E+013  5.590E-010  3.007E+009  2.960E+008
 3.690E+013  5.742E-010  3.008E+009  2.976E+008
 3.710E+013  5.897E-010  3.009E+009  2.993E+008
 3.730E+013  6.055E-010  3.011E+009  3.009E+008
 3.750E+013  6.216E-010  3.012E+009  3.026E+008
 3.770E+013  6.381E-010  3.014E+009  3.043E+008
 3.790E+013  6.549E-010  3.015E+009  3.059E+008
 3.810E+013  6.721E-010  3.017E+009  3.076E+008
 3.830E+013  6.897E-010  3.018E+009  3.092E+008
 3.850E+013  7.076E-010  3.020E+009  3.109E+008
 3.870E+013  7.259E-010  3.022E+009  3.126E+008
 3.890E+013  7.446E-010  3.023E+009  3.142E+008
 3.910E+013  7.637E-010  3.025E+009  3.159E+008
 3.930E+013  7.832E-010  3.027E+009  3.176E+008
 3.950E+013  8.031E-010  3.029E+009  3.192E+008
 3.970E+013  8.234E-010  3.031E+009  3.209E+008
 3.990E+013  8.441E-010  3.033E+009  3.226E+008
 4.010E+013  8.653E-010  3.035E+009  3.243E+008
 4.030E+013  8.868E-010  3.037E+009  3.259E+008
 4.050E+013  9.088E-010  3.040E+009  3.276E+008
 4.070E+013  9.313E-010  3.042E+009  3.293E+008
 4.090E+013  9.541E-010  3.044E+009  3.310E+008
 4.110E+013  9.775E-010  3.047E+009  3.327E+008
 4.130E+013  1.001E-009  3.049E+009  3.344E+008
 4.150E+013  1.026E-009  3.052E+009  3.361E+008
 4.170E+013  1.050E-009  3.055E+009  3.378E+008
 4.190E+013  1.075E-009  3.057E+009  3.395E+008
 4.210E+013  1.101E-009  3.060E+009  3.412E+008
 4.230E+013  1.127E-009  3.063E+009  3.429E+008
 4.250E+013  1.154E-009  3.066E+009  3.446E+008
 4.270E+013  1.181E-009  3.069E+009  3.463E+008
 4.290E+013  1.209E-009  3.072E+009  3.480E+008
 4.310E+013  1.237E-009  3.076E+009  3.497E+008
 4.330E+013  1.266E-009  3.079E+009  3.515E+008
 4.350E+013  1.296E-009  3.082E+009  3.532E+008
 4.370E+013  1.326E-009  3.086E+009  3.549E+008
 4.390E+013  1.356E-009  3.090E+009  3.566E+008
 4.410E+013  1.388E-009  3.093E+009  3.584E+008
 4.430E+013  1.420E-009  3.097E+009  3.601E+008
 4.450E+013  1.452E-009  3.101E+009  3.619E+008
 4.470E+013  1.485E-009  3.105E+009  3.636E+008
 4.490E+013  1.519E-009  3.109E+009  3.654E+008
 4.510E+013  1.554E-009  3.114E+009  3.671E+008
 4.530E+013  1.589E-009  3.118E+009  3.689E+008
 4.550E+013  1.625E-009  3.123E+009  3.707E+008
 4.570E+013  1.662E-009  3.128E+009  3.724E+008
 4.590E+013  1.700E-009  3.132E+009  3.742E+008
 4.610E+013  1.738E-009  3.137E+009  3.760E+008
 4.630E+013  1.778E-009  3.142E+009  3.778E+008
 4.650E+013  1.818E-009  3.148E+009  3.796E+008
 4.670E+013  1.859E-009  3.153E+009  3.814E+008
 4.690E+013  1.901E-009  3.159E+009  3.832E+008
 4.710E+013  1.943E-009  3.164E+009  3.850E+008
 4.730E+013  1.987E-009  3.170E+009  3.868E+008
 4.750E+013  2.032E-009  3.176E+009  3.886E+008
 4.770E+013  2.077E-009  3.182E+009  3.904E+008
 4.790E+013  2.123E-009  3.189E+009  3.923E+008
 4.810E+013  2.171E-009  3.195E+009  3.941E+008
 4.830E+013  2.219E-009  3.202E+009  3.959E+008
 4.850E+013  2.269E-009  3.209E+009  3.978E+008
 4.870E+013  2.319E-009  3.216E+009  3.997E+008
 4.890E+013  2.371E-009  3.223E+009  4.015E+008
 4.910E+013  2.423E-009  3.230E+009  4.034E+008
 4.930E+013  2.477E-009  3.238E+009  4.053E+008
 4.950E+013  2.532E-009  3.246E+009  4.072E+008
 4.970E+013  2.588E-009  3.254E+009  4.091E+008
 4.990E+013  2.645E-009  3.262E+009  4.110E+008
 5.010E+013  2.703E-009  3.271E+009  4.129E+008
 5.030E+013  2.763E-009  3.280E+009  4.148E+008
 5.050E+013  2.824E-009  3.289E+009  4.167E+008
 5.070E+013  2.886E-009  3.298E+009  4.186E+008
 5.090E+013  2.949E-009  3.308E+009  4.206E+008
 5.110E+013  3.014E-009  3.317E+009  4.225E+008
 5.130E+013  3.080E-009  3.327E+009  4.245E+008
 5.150E+013  3.148E-009  3.338E+009  4.265E+008
 5.170E+013  3.217E-009  3.348E+009  4.285E+008
 5.190E+013  3.287E-009  3.359E+009  4.305E+008
 5.210E+013  3.359E-009  3.370E+009  4.325E+008
 5.230E+013  3.432E-009  3.382E+009  4.345E+008
 5.250E+013  3.507E-009  3.394E+009  4.365E+008
 5.270E+013  3.584E-009  3.406E+009  4.385E+008
 5.290E+013  3.663E-009  3.418E+009  4.406E+008
 5.310E+013  3.743E-009  3.431E+009  4.426E+008
 5.330E+013  3.825E-009  3.444E+009  4.447E+008
 5.350E+013  3.908E-009  3.458E+009  4.468E+008
 5.370E+013  3.994E-009  3.472E+009  4.489E+008
 5.390E+013  4.081E-009  3.486E+009  4.510E+008
 5.410E+013  4.171E-009  3.501E+009  4.531E+008
 5.430E+013  4.263E-009  3.516E+009  4.552E+008
 5.450E+013  4.356E-009  3.531E+009  4.573E+008
 5.470E+013  4.452E-009  3.547E+009  4.595E+008
 5.490E+013  4.550E-009  3.563E+009  4.617E+008
 5.510E+013  4.651E-009  3.580E+009  4.638E+008
 5.530E+013  4.754E-009  3.597E+009  4.660E+008
 5.550E+013  4.859E-009  3.615E+009  4.682E+008
 5.570E+013  4.967E-009  3.633E+009  4.705E+008
 5.590E+013  5.077E-009  3.652E+009  4.727E+008
 5.610E+013  5.190E-009  3.671E+009  4.749E+008
 5.630E+013  5.306E-009  3.691E+009  4.772E+008
 5.650E+013  5.425E-009  3.711E+009  4.795E+008
 5.670E+013  5.547E-009  3.732E+009  4.818E+008
 5.690E+013  5.672E-009  3.754E+009  4.841E+008
 5.710E+013  5.800E-009  3.776E+009  4.864E+008
 5.730E+013  5.931E-009  3.799E+009  4.888E+008
 5.750E+013  6.066E-009  3.822E+009  4.911E+008
 5.770E+013  6.204E-009  3.846E+009  4.935E+008
 5.790E+013  6.346E-009  3.871E+009  4.959E+008
 5.810E+013  6.491E-009  3.897E+009  4.983E+008
 5.830E+013  6.640E-009  3.923E+009  5.008E+008
 5.850E+013  6.794E-009  3.950E+009  5.032E+008
 5.870E+013  6.951E-009  3.977E+009  5.057E+008
 5.890E+013  7.112E-009  4.006E+009  5.082E+008
 5.910E+013  7.278E-009  4.035E+009  5.107E+008
 5.930E+013  7.449E-009  4.066E+009  5.132E+008
 5.950E+013  7.624E-009  4.097E+009  5.158E+008
 5.970E+013  7.804E-009  4.129E+009  5.184E+008
 5.990E+013  7.989E-009  4.162E+009  5.210E+008
 6.010E+013  8.179E-009  4.196E+009  5.236E+008
 6.030E+013  8.375E-009  4.231E+009  5.262E+008
 6.050E+013  8.576E-009  4.267E+009  5.289E+008
 6.070E+013  8.783E-009  4.304E+009  5.315E+008
 6.090E+013  8.996E-009  4.342E+009  5.342E+008
 6.110E+013  9.215E-009  4.382E+009  5.370E+008
 6.130E+013  9.441E-009  4.422E+009  5.397E+008
 6.150E+013  9.674E-009  4.464E+009  5.425E+008
 6.170E+013  9.913E-009  4.507E+009  5.453E+008
 6.190E+013  1.016E-008  4.551E+009  5.481E+008
 6.210E+013  1.041E-008  4.597E+009  5.509E+008
 6.230E+013  1.068E-008  4.644E+009  5.538E+008
 6.250E+013  1.095E-008  4.693E+009  5.567E+008
 6.270E+013  1.123E-008  4.743E+009  5.596E+008
 6.290E+013  1.152E-008  4.795E+009  5.625E+008
 6.310E+013  1.181E-008  4.849E+009  5.654E+008
 6.330E+013  1.212E-008  4.904E+009  5.684E+008
 6.350E+013  1.244E-008  4.961E+009  5.714E+008
 6.370E+013  1.276E-008  5.019E+009  5.745E+008
 6.390E+013  1.310E-008  5.080E+009  5.775E+008
 6.410E+013  1.345E-008  5.142E+009  5.806E+008
 6.430E+013  1.381E-008  5.207E+009  5.837E+008
 6.450E+013  1.419E-008  5.274E+009  5.868E+008
 6.470E+013  1.458E-008  5.343E+009  5.900E+008
 6.490E+013  1.498E-008  5.414E+009  5.932E+008
 6.510E+013  1.539E-008  5.487E+009  5.964E+008
 6.530E+013  1.582E-008  5.563E+009  5.996E+008
 6.550E+013  1.627E-008  5.642E+009  6.029E+008
 6.570E+013  1.673E-008  5.723E+009  6.062E+008
 6.590E+013  1.721E-008  5.807E+009  6.095E+008
 6.610E+013  1.770E-008  5.894E+009  6.128E+008
 6.630E+013  1.822E-008  5.984E+009  6.162E+008
 6.650E+013  1.875E-008  6.077E+009  6.196E+008
 6.670E+013  1.930E-008  6.173E+009  6.230E+008
 6.690E+013  1.988E-008  6.273E+009  6.265E+008
 6.710E+013  2.048E-008  6.376E+009  6.300E+008
 6.730E+013  2.110E-008  6.482E+009  6.335E+008
 6.750E+013  2.174E-008  6.593E+009  6.370E+008
 6.770E+013  2.241E-008  6.707E+009  6.405E+008
 6.790E+013  2.311E-008  6.826E+009  6.441E+008
 6.810E+013  2.383E-008  6.949E+009  6.477E+008
 6.830E+013  2.459E-008  7.076E+009  6.513E+008
 6.850E+013  2.537E-008  7.208E+009  6.550E+008
 6.870E+013  2.619E-008  7.345E+009  6.587E+008
 6.890E+013  2.705E-008  7.488E+009  6.624E+008
 6.910E+013  2.794E-008  7.635E+009  6.661E+008
 6.930E+013  2.886E-008  7.788E+009  6.698E+008
 6.950E+013  2.983E-008  7.947E+009  6.736E+008
 6.970E+013  3.084E-008  8.112E+009  6.775E+008
 6.990E+013  3.189E-008  8.282E+009  6.812E+008
 7.010E+013  3.300E-008  8.463E+009  6.851E+008
 7.030E+013  3.417E-008  8.654E+009  6.892E+008
 7.050E+013  3.532E-008  8.826E+009  6.929E+008
 7.070E+013  3.655E-008  9.024E+009  6.958E+008
 7.090E+013  3.816E-008  9.371E+009  7.017E+008
 7.110E+013  3.915E-008  9.516E+009  7.096E+008
 7.130E+013  3.805E-008  8.723E+009  7.036E+008
 7.150E+013  2.977E-008  5.318E+009  6.495E+008
 7.170E+013  1.749E-008  1.360E+009  4.926E+008
 7.190E+013  1.164E-008  8.649E+007  2.411E+008
 7.210E+013  1.013E-008  1.901E+005  4.096E+007
 7.230E+013  1.000E-008  6.257E+001  5.752E+005
 7.250E+013  1.000E-008  6.236E+001  4.957E+001
 7.270E+013  1.000E-008  6.236E+001  1.643E-007
 7.290E+013  1.000E-008  6.236E+001  7.378E-025
 7.310E+013  1.000E-008  6.236E+001 -2.132E-013
 7.330E+013  1.000E-008  6.236E+001 -1.421E-033
 7.350E+013  1.000E-008  6.236E+001 -1.066E-013
 7.370E+013  1.000E-008  6.236E+001  1.066E-013
 7.390E+013  1.000E-008  6.236E+001  1.419E-033
 7.410E+013  1.000E-008  6.236E+001  8.632E-074
 7.430E+013  1.000E-008  6.236E+001  1.489E-154
 7.450E+013  1.000E-008  6.236E+001  0.000E+000
 7.470E+013  1.000E-008  6.236E+001  0.000E+000
 7.490E+013  1.000E-008  6.236E+001  0.000E+000
 7.510E+013  1.000E-008  6.236E+001  0.000E+000
 7.530E+013  1.000E-008  6.236E+001  0.000E+000
 7.550E+013  1.000E-008  6.236E+001  0.000E+000
 7.570E+013  1.000E-008  6.236E+001  0.000E+000
 7.590E+013  1.000E-008  6.236E+001  0.000E+000
 7.610E+013  1.000E-008  6.236E+001  0.000E+000
 7.630E+013  1.000E-008  6.236E+001  0.000E+000
 7.650E+013  1.000E-008  6.236E+001  0.000E+000
 7.670E+013  1.000E-008  6.236E+001  2.132E-013
 7.690E+013  1.000E-008  6.236E+001 -2.132E-013
 7.710E+013  1.000E-008  6.236E+001  3.197E-013
 7.730E+013  1.000E-008  6.236E+001 -3.197E-013
 7.750E+013  1.000E-008  6.236E+001  3.364E-034
 7.770E+013  1.000E-008  6.236E+001  2.132E-013
 7.790E+013  1.000E-008  6.236E+001 -6.395E-013
 7.810E+013  1.000E-008  6.236E+001  6.395E-013
 7.830E+013  1.000E-008  6.236E+001 -2.132E-013
 7.850E+013  1.000E-008  6.236E+001 -6.099E-074
 7.870E+013  1.000E-008  6.236E+001 -1.193E-033
 7.890E+013  1.000E-008  6.236E+001 -1.066E-013
 7.910E+013  1.000E-008  6.236E+001 -5.329E-013
 7.930E+013  1.000E-008  6.236E+001  3.197E-013
 7.950E+013  1.000E-008  6.236E+001  3.197E-013
 7.970E+013  1.000E-008  6.236E+001 -4.263E-013
 7.990E+013  1.000E-008  6.236E+001  4.263E-013
 8.010E+013  1.000E-008  6.236E+001  2.271E-032
 8.030E+013  1.000E-008  6.236E+001  2.210E-071
 8.050E+013  1.000E-008  6.236E+001  9.763E-150
 8.070E+013  1.000E-008  6.236E+001 -9.932E-300
 8.090E+013  1.000E-008  6.236E+001 -3.206E-146
 8.110E+013  1.000E-008  6.236E+001 -1.266E-069
 8.130E+013  1.000E-008  6.236E+001 -1.719E-031
 8.150E+013  1.000E-008  6.236E+001 -1.172E-012
 8.170E+013  1.000E-008  6.236E+001  1.492E-012
 8.190E+013  1.000E-008  6.236E+001 -3.197E-013
 8.210E+013  1.000E-008  6.236E+001  0.000E+000
 8.230E+013  1.000E-008  6.236E+001  0.000E+000
 8.250E+013  1.000E-008  6.236E+001  0.000E+000
 8.270E+013  1.000E-008  6.236E+001  0.000E+000
 8.290E+013  1.000E-008  6.236E+001  4.263E-013
 8.310E+013  1.000E-008  6.236E+001 -4.263E-013
 8.330E+013  1.000E-008  6.236E+001 -1.380E-033
 8.350E+013  1.000E-008  6.236E+001  6.395E-013
 8.370E+013  1.000E-008  6.236E+001 -5.329E-013
 8.390E+013  1.000E-008  6.236E+001 -1.421E-033
 8.410E+013  1.000E-008  6.236E+001 -1.066E-013
 8.430E+013  1.000E-008  6.236E+001  1.066E-013
 8.450E+013  1.000E-008  6.236E+001 -1.346E-036
 8.470E+013  1.000E-008  6.236E+001 -1.066E-013
 8.490E+013  1.000E-008  6.236E+001 -6.699E-037
 8.510E+013  1.000E-008  6.236E+001  1.066E-013
 8.530E+013  1.000E-008  6.236E+001 -1.334E-036
 8.550E+013  1.000E-008  6.236E+001 -1.066E-013
 8.570E+013  1.000E-008  6.236E+001 -6.636E-037
 8.590E+013  1.000E-008  6.236E+001  1.066E-013
 8.610E+013  1.000E-008  6.236E+001 -1.066E-013
 8.630E+013  1.000E-008  6.236E+001  0.000E+000
 8.650E+013  1.000E-008  6.236E+001  0.000E+000
 8.670E+013  1.000E-008  6.236E+001  0.000E+000
 8.690E+013  1.000E-008  6.236E+001  0.000E+000
 8.710E+013  1.000E-008  6.236E+001  0.000E+000
 8.730E+013  1.000E-008  6.236E+001  0.000E+000
 8.750E+013  1.000E-008  6.236E+001  1.066E-013
 8.770E+013  1.000E-008  6.236E+001 -1.066E-013
 8.790E+013  1.000E-008  6.236E+001 -6.470E-037
 8.810E+013  1.000E-008  6.236E+001  1.066E-013
 8.830E+013  1.000E-008  6.236E+001 -1.066E-013
 8.850E+013  1.000E-008  6.236E+001  1.066E-013
 8.870E+013  1.000E-008  6.236E+001  1.066E-013
 8.890E+013  1.000E-008  6.236E+001 -2.132E-013
 8.910E+013  1.000E-008  6.236E+001  0.000E+000
 8.930E+013  1.000E-008  6.236E+001  0.000E+000
 8.950E+013  1.000E-008  6.236E+001  0.000E+000
 8.970E+013  1.000E-008  6.236E+001  0.000E+000
 8.990E+013  1.000E-008  6.236E+001  0.000E+000
 9.010E+013  1.000E-008  6.236E+001  1.066E-013
 9.030E+013  1.000E-008  6.236E+001 -1.260E-036
 9.050E+013  1.000E-008  6.236E+001 -1.066E-013
 9.070E+013  1.000E-008  6.236E+001  1.066E-013
 9.090E+013  1.000E-008  6.236E+001 -1.251E-036
 9.110E+013  1.000E-008  6.236E+001 -1.066E-013
 9.130E+013  1.000E-008  6.236E+001  0.000E+000
 9.150E+013  1.000E-008  6.236E+001  0.000E+000
 9.170E+013  1.000E-008  6.236E+001  0.000E+000
 9.190E+013  1.000E-008  6.236E+001  0.000E+000
 9.210E+013  1.000E-008  6.236E+001  0.000E+000
 9.230E+013  1.000E-008  6.236E+001  1.066E-013
 9.250E+013  1.000E-008  6.236E+001 -1.230E-036
 9.270E+013  1.000E-008  6.236E+001 -1.066E-013
 9.290E+013  1.000E-008  6.236E+001  0.000E+000
 9.310E+013  1.000E-008  6.236E+001  0.000E+000
 9.330E+013  1.000E-008  6.236E+001  0.000E+000
 9.350E+013  1.000E-008  6.236E+001  0.000E+000
 9.370E+013  1.000E-008  6.236E+001  1.066E-013
 9.390E+013  1.000E-008  6.236E+001 -1.066E-013
 9.410E+013  1.000E-008  6.236E+001  1.066E-013
 9.430E+013  1.000E-008  6.236E+001 -1.066E-013
 9.450E+013  1.000E-008  6.236E+001  0.000E+000
 9.470E+013  1.000E-008  6.236E+001  0.000E+000
 9.490E+013  1.000E-008  6.236E+001  0.000E+000
 9.510E+013  1.000E-008  6.236E+001  0.000E+000
 9.530E+013  1.000E-008  6.236E+001  1.066E-013
 9.550E+013  1.000E-008  6.236E+001 -1.066E-013
 9.570E+013  1.000E-008  6.236E+001 -8.649E-074
 9.590E+013  1.000E-008  6.236E+001 -1.421E-033
 9.610E+013  1.000E-008  6.236E+001 -1.066E-013
 9.630E+013  1.000E-008  6.236E+001  1.066E-013
 9.650E+013  1.000E-008  6.236E+001  1.420E-033
 9.670E+013  1.000E-008  6.236E+001  1.066E-013
 9.690E+013  1.000E-008  6.236E+001 -1.066E-013
 9.710E+013  1.000E-008  6.236E+001  0.000E+000
 9.730E+013  1.000E-008  6.236E+001  0.000E+000
 9.750E+013  1.000E-008  6.236E+001  0.000E+000
 9.770E+013  1.000E-008  6.236E+001  0.000E+000
 9.790E+013  1.000E-008  6.236E+001  0.000E+000
 9.810E+013  1.000E-008  6.236E+001  0.000E+000
 9.830E+013  1.000E-008  6.236E+001  0.000E+000
 9.850E+013  1.000E-008  6.236E+001  0.000E+000
 9.870E+013  1.000E-008  6.236E+001  0.000E+000
 9.890E+013  1.000E-008  6.236E+001  0.000E+000
 9.910E+013  1.000E-008  6.236E+001  0.000E+000
 9.930E+013  1.000E-008  6.236E+001  0.000E+000
 9.950E+013  1.000E-008  6.236E+001  1.066E-013
 9.970E+013  1.000E-008  6.236E+001 -1.066E-013
 9.990E+013  1.000E-008  6.236E+001  0.000E+000
 1.001E+014  1.000E-099  1.000E-099  0.000E+000
 1.003E+014  1.000E-099  1.000E-099  0.000E+000
 9.513E-004
