 4.200E+004
     x1b        dens       energ       v1
 1.000E+011  1.776E-012  1.979E+009  0.000E+000
 3.000E+011  1.776E-012  1.979E+009  1.107E+006
 5.000E+011  1.779E-012  1.979E+009  2.322E+006
 7.000E+011  1.783E-012  1.979E+009  3.448E+006
 9.000E+011  1.791E-012  1.979E+009  4.613E+006
 1.100E+012  1.802E-012  1.979E+009  5.758E+006
 1.300E+012  1.817E-012  1.979E+009  6.914E+006
 1.500E+012  1.835E-012  1.979E+009  8.064E+006
 1.700E+012  1.856E-012  1.979E+009  9.217E+006
 1.900E+012  1.879E-012  1.979E+009  1.037E+007
 2.100E+012  1.904E-012  1.979E+009  1.152E+007
 2.300E+012  1.931E-012  1.979E+009  1.267E+007
 2.500E+012  1.959E-012  1.979E+009  1.383E+007
 2.700E+012  1.987E-012  1.979E+009  1.498E+007
 2.900E+012  2.015E-012  1.979E+009  1.613E+007
 3.100E+012  2.044E-012  1.979E+009  1.728E+007
 3.300E+012  2.072E-012  1.979E+009  1.843E+007
 3.500E+012  2.099E-012  1.979E+009  1.959E+007
 3.700E+012  2.124E-012  1.979E+009  2.074E+007
 3.900E+012  2.146E-012  1.979E+009  2.189E+007
 4.100E+012  2.164E-012  1.979E+009  2.304E+007
 4.300E+012  2.176E-012  1.979E+009  2.419E+007
 4.500E+012  2.181E-012  1.979E+009  2.535E+007
 4.700E+012  2.181E-012  1.979E+009  2.650E+007
 4.900E+012  2.181E-012  1.979E+009  2.765E+007
 5.100E+012  2.181E-012  1.979E+009  2.880E+007
 5.300E+012  2.181E-012  1.979E+009  2.996E+007
 5.500E+012  2.181E-012  1.979E+009  3.111E+007
 5.700E+012  2.181E-012  1.979E+009  3.226E+007
 5.900E+012  2.180E-012  1.979E+009  3.341E+007
 6.100E+012  2.179E-012  1.979E+009  3.456E+007
 6.300E+012  2.178E-012  1.979E+009  3.572E+007
 6.500E+012  2.176E-012  1.979E+009  3.687E+007
 6.700E+012  2.174E-012  1.979E+009  3.802E+007
 6.900E+012  2.172E-012  1.979E+009  3.917E+007
 7.100E+012  2.171E-012  1.979E+009  4.032E+007
 7.300E+012  2.170E-012  1.979E+009  4.148E+007
 7.500E+012  2.170E-012  1.979E+009  4.263E+007
 7.700E+012  2.170E-012  1.979E+009  4.378E+007
 7.900E+012  2.170E-012  1.979E+009  4.493E+007
 8.100E+012  2.170E-012  1.979E+009  4.608E+007
 8.300E+012  2.171E-012  1.979E+009  4.724E+007
 8.500E+012  2.171E-012  1.979E+009  4.839E+007
 8.700E+012  2.173E-012  1.979E+009  4.954E+007
 8.900E+012  2.174E-012  1.979E+009  5.069E+007
 9.100E+012  2.177E-012  1.979E+009  5.185E+007
 9.300E+012  2.180E-012  1.979E+009  5.300E+007
 9.500E+012  2.185E-012  1.979E+009  5.415E+007
 9.700E+012  2.190E-012  1.979E+009  5.530E+007
 9.900E+012  2.197E-012  1.979E+009  5.645E+007
 1.010E+013  2.206E-012  1.979E+009  5.761E+007
 1.030E+013  2.216E-012  1.979E+009  5.876E+007
 1.050E+013  2.229E-012  1.979E+009  5.991E+007
 1.070E+013  2.243E-012  1.979E+009  6.106E+007
 1.090E+013  2.260E-012  1.979E+009  6.222E+007
 1.110E+013  2.280E-012  1.979E+009  6.337E+007
 1.130E+013  2.303E-012  1.979E+009  6.452E+007
 1.150E+013  2.329E-012  1.979E+009  6.567E+007
 1.170E+013  2.359E-012  1.979E+009  6.682E+007
 1.190E+013  2.393E-012  1.979E+009  6.798E+007
 1.210E+013  2.431E-012  1.979E+009  6.913E+007
 1.230E+013  2.474E-012  1.979E+009  7.028E+007
 1.250E+013  2.522E-012  1.979E+009  7.144E+007
 1.270E+013  2.576E-012  1.979E+009  7.259E+007
 1.290E+013  2.636E-012  1.979E+009  7.374E+007
 1.310E+013  2.702E-012  1.979E+009  7.489E+007
 1.330E+013  2.776E-012  1.979E+009  7.605E+007
 1.350E+013  2.858E-012  1.979E+009  7.720E+007
 1.370E+013  2.949E-012  1.979E+009  7.836E+007
 1.390E+013  3.050E-012  1.979E+009  7.951E+007
 1.410E+013  3.161E-012  1.979E+009  8.066E+007
 1.430E+013  3.284E-012  1.979E+009  8.182E+007
 1.450E+013  3.419E-012  1.979E+009  8.297E+007
 1.470E+013  3.569E-012  1.979E+009  8.413E+007
 1.490E+013  3.733E-012  1.979E+009  8.528E+007
 1.510E+013  3.915E-012  1.979E+009  8.644E+007
 1.530E+013  4.114E-012  1.979E+009  8.759E+007
 1.550E+013  4.334E-012  1.979E+009  8.875E+007
 1.570E+013  4.575E-012  1.979E+009  8.990E+007
 1.590E+013  4.839E-012  1.979E+009  9.106E+007
 1.610E+013  5.129E-012  1.979E+009  9.222E+007
 1.630E+013  5.446E-012  1.979E+009  9.337E+007
 1.650E+013  5.793E-012  1.979E+009  9.453E+007
 1.670E+013  6.172E-012  1.979E+009  9.568E+007
 1.690E+013  6.585E-012  1.979E+009  9.684E+007
 1.710E+013  7.034E-012  1.979E+009  9.799E+007
 1.730E+013  7.520E-012  1.979E+009  9.915E+007
 1.750E+013  8.047E-012  1.979E+009  1.003E+008
 1.770E+013  8.615E-012  1.979E+009  1.015E+008
 1.790E+013  9.226E-012  1.979E+009  1.026E+008
 1.810E+013  9.881E-012  1.979E+009  1.038E+008
 1.830E+013  1.058E-011  1.979E+009  1.049E+008
 1.850E+013  1.133E-011  1.979E+009  1.061E+008
 1.870E+013  1.211E-011  1.979E+009  1.072E+008
 1.890E+013  1.295E-011  1.979E+009  1.084E+008
 1.910E+013  1.382E-011  1.979E+009  1.095E+008
 1.930E+013  1.474E-011  1.979E+009  1.107E+008
 1.950E+013  1.569E-011  1.979E+009  1.118E+008
 1.970E+013  1.668E-011  1.979E+009  1.130E+008
 1.990E+013  1.770E-011  1.979E+009  1.141E+008
 2.010E+013  1.875E-011  1.979E+009  1.153E+008
 2.030E+013  1.983E-011  1.979E+009  1.164E+008
 2.050E+013  2.094E-011  1.979E+009  1.176E+008
 2.070E+013  2.206E-011  1.979E+009  1.187E+008
 2.090E+013  2.321E-011  1.979E+009  1.199E+008
 2.110E+013  2.437E-011  1.979E+009  1.210E+008
 2.130E+013  2.555E-011  1.979E+009  1.222E+008
 2.150E+013  2.674E-011  1.979E+009  1.233E+008
 2.170E+013  2.795E-011  1.979E+009  1.245E+008
 2.190E+013  2.917E-011  1.979E+009  1.256E+008
 2.210E+013  3.041E-011  1.979E+009  1.268E+008
 2.230E+013  3.166E-011  1.979E+009  1.279E+008
 2.250E+013  3.292E-011  1.979E+009  1.291E+008
 2.270E+013  3.421E-011  1.979E+009  1.302E+008
 2.290E+013  3.551E-011  1.979E+009  1.314E+008
 2.310E+013  3.683E-011  1.979E+009  1.325E+008
 2.330E+013  3.818E-011  1.979E+009  1.337E+008
 2.350E+013  3.955E-011  1.979E+009  1.348E+008
 2.370E+013  4.095E-011  1.979E+009  1.360E+008
 2.390E+013  4.238E-011  1.979E+009  1.371E+008
 2.410E+013  4.384E-011  1.979E+009  1.383E+008
 2.430E+013  4.534E-011  1.979E+009  1.394E+008
 2.450E+013  4.688E-011  1.979E+009  1.406E+008
 2.470E+013  4.846E-011  1.979E+009  1.417E+008
 2.490E+013  5.009E-011  1.979E+009  1.429E+008
 2.510E+013  5.177E-011  1.979E+009  1.441E+008
 2.530E+013  5.350E-011  1.980E+009  1.452E+008
 2.550E+013  5.529E-011  1.980E+009  1.464E+008
 2.570E+013  5.713E-011  1.980E+009  1.475E+008
 2.590E+013  5.904E-011  1.980E+009  1.487E+008
 2.610E+013  6.102E-011  1.980E+009  1.498E+008
 2.630E+013  6.306E-011  1.980E+009  1.510E+008
 2.650E+013  6.518E-011  1.980E+009  1.521E+008
 2.670E+013  6.737E-011  1.980E+009  1.533E+008
 2.690E+013  6.964E-011  1.980E+009  1.544E+008
 2.710E+013  7.199E-011  1.980E+009  1.556E+008
 2.730E+013  7.442E-011  1.980E+009  1.567E+008
 2.750E+013  7.693E-011  1.980E+009  1.579E+008
 2.770E+013  7.953E-011  1.980E+009  1.590E+008
 2.790E+013  8.221E-011  1.980E+009  1.602E+008
 2.810E+013  8.498E-011  1.980E+009  1.614E+008
 2.830E+013  8.784E-011  1.980E+009  1.625E+008
 2.850E+013  9.079E-011  1.980E+009  1.637E+008
 2.870E+013  9.383E-011  1.981E+009  1.648E+008
 2.890E+013  9.695E-011  1.981E+009  1.660E+008
 2.910E+013  1.002E-010  1.981E+009  1.671E+008
 2.930E+013  1.035E-010  1.981E+009  1.683E+008
 2.950E+013  1.068E-010  1.981E+009  1.694E+008
 2.970E+013  1.103E-010  1.981E+009  1.706E+008
 2.990E+013  1.139E-010  1.981E+009  1.717E+008
 3.010E+013  1.175E-010  1.981E+009  1.729E+008
 3.030E+013  1.212E-010  1.981E+009  1.741E+008
 3.050E+013  1.250E-010  1.981E+009  1.752E+008
 3.070E+013  1.289E-010  1.982E+009  1.764E+008
 3.090E+013  1.328E-010  1.982E+009  1.775E+008
 3.110E+013  1.369E-010  1.982E+009  1.787E+008
 3.130E+013  1.410E-010  1.982E+009  1.798E+008
 3.150E+013  1.452E-010  1.982E+009  1.810E+008
 3.170E+013  1.494E-010  1.982E+009  1.821E+008
 3.190E+013  1.538E-010  1.982E+009  1.833E+008
 3.210E+013  1.582E-010  1.983E+009  1.845E+008
 3.230E+013  1.628E-010  1.983E+009  1.856E+008
 3.250E+013  1.674E-010  1.983E+009  1.868E+008
 3.270E+013  1.721E-010  1.983E+009  1.879E+008
 3.290E+013  1.769E-010  1.983E+009  1.891E+008
 3.310E+013  1.818E-010  1.983E+009  1.902E+008
 3.330E+013  1.869E-010  1.984E+009  1.914E+008
 3.350E+013  1.920E-010  1.984E+009  1.926E+008
 3.370E+013  1.973E-010  1.984E+009  1.937E+008
 3.390E+013  2.027E-010  1.984E+009  1.949E+008
 3.410E+013  2.082E-010  1.984E+009  1.960E+008
 3.430E+013  2.138E-010  1.985E+009  1.972E+008
 3.450E+013  2.196E-010  1.985E+009  1.983E+008
 3.470E+013  2.255E-010  1.985E+009  1.995E+008
 3.490E+013  2.316E-010  1.985E+009  2.007E+008
 3.510E+013  2.378E-010  1.986E+009  2.018E+008
 3.530E+013  2.442E-010  1.986E+009  2.030E+008
 3.550E+013  2.507E-010  1.986E+009  2.041E+008
 3.570E+013  2.574E-010  1.986E+009  2.053E+008
 3.590E+013  2.643E-010  1.987E+009  2.065E+008
 3.610E+013  2.714E-010  1.987E+009  2.076E+008
 3.630E+013  2.786E-010  1.987E+009  2.088E+008
 3.650E+013  2.860E-010  1.988E+009  2.100E+008
 3.670E+013  2.936E-010  1.988E+009  2.111E+008
 3.690E+013  3.014E-010  1.988E+009  2.123E+008
 3.710E+013  3.094E-010  1.989E+009  2.134E+008
 3.730E+013  3.175E-010  1.989E+009  2.146E+008
 3.750E+013  3.259E-010  1.989E+009  2.158E+008
 3.770E+013  3.344E-010  1.990E+009  2.169E+008
 3.790E+013  3.431E-010  1.990E+009  2.181E+008
 3.810E+013  3.521E-010  1.991E+009  2.193E+008
 3.830E+013  3.612E-010  1.991E+009  2.204E+008
 3.850E+013  3.705E-010  1.992E+009  2.216E+008
 3.870E+013  3.800E-010  1.992E+009  2.228E+008
 3.890E+013  3.897E-010  1.992E+009  2.239E+008
 3.910E+013  3.996E-010  1.993E+009  2.251E+008
 3.930E+013  4.097E-010  1.993E+009  2.263E+008
 3.950E+013  4.200E-010  1.994E+009  2.274E+008
 3.970E+013  4.305E-010  1.994E+009  2.286E+008
 3.990E+013  4.413E-010  1.995E+009  2.298E+008
 4.010E+013  4.522E-010  1.996E+009  2.310E+008
 4.030E+013  4.634E-010  1.996E+009  2.321E+008
 4.050E+013  4.747E-010  1.997E+009  2.333E+008
 4.070E+013  4.863E-010  1.997E+009  2.345E+008
 4.090E+013  4.981E-010  1.998E+009  2.356E+008
 4.110E+013  5.102E-010  1.999E+009  2.368E+008
 4.130E+013  5.225E-010  1.999E+009  2.380E+008
 4.150E+013  5.350E-010  2.000E+009  2.392E+008
 4.170E+013  5.477E-010  2.001E+009  2.404E+008
 4.190E+013  5.607E-010  2.001E+009  2.415E+008
 4.210E+013  5.740E-010  2.002E+009  2.427E+008
 4.230E+013  5.875E-010  2.003E+009  2.439E+008
 4.250E+013  6.012E-010  2.004E+009  2.451E+008
 4.270E+013  6.153E-010  2.004E+009  2.462E+008
 4.290E+013  6.295E-010  2.005E+009  2.474E+008
 4.310E+013  6.441E-010  2.006E+009  2.486E+008
 4.330E+013  6.589E-010  2.007E+009  2.498E+008
 4.350E+013  6.740E-010  2.008E+009  2.510E+008
 4.370E+013  6.893E-010  2.009E+009  2.522E+008
 4.390E+013  7.049E-010  2.010E+009  2.534E+008
 4.410E+013  7.209E-010  2.011E+009  2.545E+008
 4.430E+013  7.370E-010  2.012E+009  2.557E+008
 4.450E+013  7.535E-010  2.013E+009  2.569E+008
 4.470E+013  7.703E-010  2.014E+009  2.581E+008
 4.490E+013  7.874E-010  2.015E+009  2.593E+008
 4.510E+013  8.047E-010  2.016E+009  2.605E+008
 4.530E+013  8.224E-010  2.017E+009  2.617E+008
 4.550E+013  8.404E-010  2.019E+009  2.629E+008
 4.570E+013  8.587E-010  2.020E+009  2.641E+008
 4.590E+013  8.773E-010  2.021E+009  2.653E+008
 4.610E+013  8.962E-010  2.022E+009  2.665E+008
 4.630E+013  9.154E-010  2.024E+009  2.677E+008
 4.650E+013  9.350E-010  2.025E+009  2.689E+008
 4.670E+013  9.550E-010  2.026E+009  2.701E+008
 4.690E+013  9.752E-010  2.028E+009  2.713E+008
 4.710E+013  9.959E-010  2.029E+009  2.725E+008
 4.730E+013  1.017E-009  2.031E+009  2.737E+008
 4.750E+013  1.038E-009  2.032E+009  2.750E+008
 4.770E+013  1.060E-009  2.034E+009  2.762E+008
 4.790E+013  1.082E-009  2.035E+009  2.774E+008
 4.810E+013  1.105E-009  2.037E+009  2.786E+008
 4.830E+013  1.128E-009  2.039E+009  2.798E+008
 4.850E+013  1.151E-009  2.041E+009  2.810E+008
 4.870E+013  1.175E-009  2.042E+009  2.823E+008
 4.890E+013  1.199E-009  2.044E+009  2.835E+008
 4.910E+013  1.224E-009  2.046E+009  2.847E+008
 4.930E+013  1.249E-009  2.048E+009  2.860E+008
 4.950E+013  1.275E-009  2.050E+009  2.872E+008
 4.970E+013  1.301E-009  2.052E+009  2.884E+008
 4.990E+013  1.328E-009  2.054E+009  2.897E+008
 5.010E+013  1.355E-009  2.056E+009  2.909E+008
 5.030E+013  1.382E-009  2.058E+009  2.921E+008
 5.050E+013  1.410E-009  2.061E+009  2.934E+008
 5.070E+013  1.439E-009  2.063E+009  2.946E+008
 5.090E+013  1.468E-009  2.065E+009  2.959E+008
 5.110E+013  1.498E-009  2.068E+009  2.971E+008
 5.130E+013  1.528E-009  2.070E+009  2.984E+008
 5.150E+013  1.559E-009  2.073E+009  2.996E+008
 5.170E+013  1.590E-009  2.075E+009  3.009E+008
 5.190E+013  1.622E-009  2.078E+009  3.022E+008
 5.210E+013  1.655E-009  2.081E+009  3.034E+008
 5.230E+013  1.688E-009  2.083E+009  3.047E+008
 5.250E+013  1.722E-009  2.086E+009  3.060E+008
 5.270E+013  1.756E-009  2.089E+009  3.072E+008
 5.290E+013  1.791E-009  2.092E+009  3.085E+008
 5.310E+013  1.827E-009  2.095E+009  3.098E+008
 5.330E+013  1.863E-009  2.098E+009  3.111E+008
 5.350E+013  1.900E-009  2.102E+009  3.124E+008
 5.370E+013  1.938E-009  2.105E+009  3.137E+008
 5.390E+013  1.976E-009  2.108E+009  3.150E+008
 5.410E+013  2.015E-009  2.112E+009  3.163E+008
 5.430E+013  2.054E-009  2.115E+009  3.176E+008
 5.450E+013  2.095E-009  2.119E+009  3.189E+008
 5.470E+013  2.136E-009  2.123E+009  3.202E+008
 5.490E+013  2.177E-009  2.127E+009  3.215E+008
 5.510E+013  2.220E-009  2.130E+009  3.228E+008
 5.530E+013  2.263E-009  2.134E+009  3.241E+008
 5.550E+013  2.307E-009  2.139E+009  3.255E+008
 5.570E+013  2.352E-009  2.143E+009  3.268E+008
 5.590E+013  2.398E-009  2.147E+009  3.281E+008
 5.610E+013  2.444E-009  2.151E+009  3.295E+008
 5.630E+013  2.491E-009  2.156E+009  3.308E+008
 5.650E+013  2.539E-009  2.161E+009  3.322E+008
 5.670E+013  2.588E-009  2.165E+009  3.335E+008
 5.690E+013  2.638E-009  2.170E+009  3.349E+008
 5.710E+013  2.689E-009  2.175E+009  3.363E+008
 5.730E+013  2.741E-009  2.180E+009  3.376E+008
 5.750E+013  2.793E-009  2.185E+009  3.390E+008
 5.770E+013  2.847E-009  2.191E+009  3.404E+008
 5.790E+013  2.902E-009  2.196E+009  3.418E+008
 5.810E+013  2.957E-009  2.202E+009  3.432E+008
 5.830E+013  3.014E-009  2.207E+009  3.445E+008
 5.850E+013  3.071E-009  2.213E+009  3.460E+008
 5.870E+013  3.130E-009  2.219E+009  3.474E+008
 5.890E+013  3.190E-009  2.225E+009  3.488E+008
 5.910E+013  3.251E-009  2.232E+009  3.502E+008
 5.930E+013  3.313E-009  2.238E+009  3.516E+008
 5.950E+013  3.377E-009  2.245E+009  3.531E+008
 5.970E+013  3.441E-009  2.251E+009  3.545E+008
 5.990E+013  3.507E-009  2.258E+009  3.559E+008
 6.010E+013  3.574E-009  2.265E+009  3.574E+008
 6.030E+013  3.642E-009  2.272E+009  3.589E+008
 6.050E+013  3.712E-009  2.280E+009  3.603E+008
 6.070E+013  3.783E-009  2.287E+009  3.618E+008
 6.090E+013  3.856E-009  2.295E+009  3.633E+008
 6.110E+013  3.930E-009  2.303E+009  3.648E+008
 6.130E+013  4.005E-009  2.311E+009  3.663E+008
 6.150E+013  4.082E-009  2.320E+009  3.678E+008
 6.170E+013  4.161E-009  2.328E+009  3.693E+008
 6.190E+013  4.241E-009  2.337E+009  3.708E+008
 6.210E+013  4.322E-009  2.346E+009  3.723E+008
 6.230E+013  4.406E-009  2.355E+009  3.738E+008
 6.250E+013  4.491E-009  2.364E+009  3.754E+008
 6.270E+013  4.578E-009  2.374E+009  3.769E+008
 6.290E+013  4.666E-009  2.384E+009  3.785E+008
 6.310E+013  4.757E-009  2.394E+009  3.801E+008
 6.330E+013  4.849E-009  2.404E+009  3.816E+008
 6.350E+013  4.944E-009  2.415E+009  3.832E+008
 6.370E+013  5.040E-009  2.426E+009  3.848E+008
 6.390E+013  5.138E-009  2.437E+009  3.864E+008
 6.410E+013  5.239E-009  2.448E+009  3.880E+008
 6.430E+013  5.341E-009  2.460E+009  3.897E+008
 6.450E+013  5.446E-009  2.472E+009  3.913E+008
 6.470E+013  5.553E-009  2.484E+009  3.930E+008
 6.490E+013  5.663E-009  2.496E+009  3.946E+008
 6.510E+013  5.775E-009  2.509E+009  3.963E+008
 6.530E+013  5.889E-009  2.522E+009  3.979E+008
 6.550E+013  6.006E-009  2.536E+009  3.996E+008
 6.570E+013  6.125E-009  2.550E+009  4.013E+008
 6.590E+013  6.248E-009  2.564E+009  4.030E+008
 6.610E+013  6.372E-009  2.578E+009  4.047E+008
 6.630E+013  6.500E-009  2.593E+009  4.065E+008
 6.650E+013  6.631E-009  2.608E+009  4.082E+008
 6.670E+013  6.765E-009  2.624E+009  4.100E+008
 6.690E+013  6.902E-009  2.640E+009  4.117E+008
 6.710E+013  7.042E-009  2.656E+009  4.135E+008
 6.730E+013  7.185E-009  2.673E+009  4.153E+008
 6.750E+013  7.332E-009  2.691E+009  4.171E+008
 6.770E+013  7.482E-009  2.708E+009  4.189E+008
 6.790E+013  7.636E-009  2.727E+009  4.207E+008
 6.810E+013  7.794E-009  2.745E+009  4.226E+008
 6.830E+013  7.955E-009  2.764E+009  4.244E+008
 6.850E+013  8.121E-009  2.784E+009  4.263E+008
 6.870E+013  8.290E-009  2.804E+009  4.281E+008
 6.890E+013  8.464E-009  2.825E+009  4.300E+008
 6.910E+013  8.643E-009  2.846E+009  4.319E+008
 6.930E+013  8.825E-009  2.868E+009  4.339E+008
 6.950E+013  9.013E-009  2.890E+009  4.358E+008
 6.970E+013  9.205E-009  2.913E+009  4.377E+008
 6.990E+013  9.403E-009  2.937E+009  4.397E+008
 7.010E+013  9.605E-009  2.961E+009  4.417E+008
 7.030E+013  9.813E-009  2.986E+009  4.436E+008
 7.050E+013  1.003E-008  3.011E+009  4.456E+008
 7.070E+013  1.025E-008  3.037E+009  4.477E+008
 7.090E+013  1.047E-008  3.064E+009  4.497E+008
 7.110E+013  1.070E-008  3.092E+009  4.517E+008
 7.130E+013  1.094E-008  3.120E+009  4.538E+008
 7.150E+013  1.118E-008  3.149E+009  4.559E+008
 7.170E+013  1.143E-008  3.179E+009  4.580E+008
 7.190E+013  1.169E-008  3.210E+009  4.601E+008
 7.210E+013  1.196E-008  3.242E+009  4.622E+008
 7.230E+013  1.223E-008  3.274E+009  4.643E+008
 7.250E+013  1.251E-008  3.307E+009  4.665E+008
 7.270E+013  1.280E-008  3.342E+009  4.686E+008
 7.290E+013  1.310E-008  3.377E+009  4.708E+008
 7.310E+013  1.340E-008  3.413E+009  4.730E+008
 7.330E+013  1.372E-008  3.451E+009  4.752E+008
 7.350E+013  1.404E-008  3.489E+009  4.775E+008
 7.370E+013  1.438E-008  3.529E+009  4.797E+008
 7.390E+013  1.472E-008  3.569E+009  4.820E+008
 7.410E+013  1.508E-008  3.611E+009  4.843E+008
 7.430E+013  1.544E-008  3.654E+009  4.866E+008
 7.450E+013  1.582E-008  3.699E+009  4.889E+008
 7.470E+013  1.621E-008  3.744E+009  4.912E+008
 7.490E+013  1.661E-008  3.791E+009  4.936E+008
 7.510E+013  1.703E-008  3.840E+009  4.959E+008
 7.530E+013  1.745E-008  3.890E+009  4.983E+008
 7.550E+013  1.789E-008  3.941E+009  5.007E+008
 7.570E+013  1.835E-008  3.994E+009  5.031E+008
 7.590E+013  1.882E-008  4.048E+009  5.055E+008
 7.610E+013  1.931E-008  4.104E+009  5.080E+008
 7.630E+013  1.981E-008  4.162E+009  5.104E+008
 7.650E+013  2.033E-008  4.222E+009  5.129E+008
 7.670E+013  2.087E-008  4.283E+009  5.154E+008
 7.690E+013  2.142E-008  4.347E+009  5.179E+008
 7.710E+013  2.200E-008  4.412E+009  5.205E+008
 7.730E+013  2.259E-008  4.479E+009  5.230E+008
 7.750E+013  2.321E-008  4.549E+009  5.256E+008
 7.770E+013  2.384E-008  4.621E+009  5.281E+008
 7.790E+013  2.450E-008  4.695E+009  5.307E+008
 7.810E+013  2.519E-008  4.771E+009  5.333E+008
 7.830E+013  2.590E-008  4.850E+009  5.360E+008
 7.850E+013  2.663E-008  4.932E+009  5.386E+008
 7.870E+013  2.739E-008  5.016E+009  5.413E+008
 7.890E+013  2.818E-008  5.103E+009  5.439E+008
 7.910E+013  2.900E-008  5.193E+009  5.466E+008
 7.930E+013  2.985E-008  5.286E+009  5.493E+008
 7.950E+013  3.074E-008  5.382E+009  5.520E+008
 7.970E+013  3.166E-008  5.481E+009  5.548E+008
 7.990E+013  3.261E-008  5.583E+009  5.575E+008
 8.010E+013  3.360E-008  5.689E+009  5.602E+008
 8.030E+013  3.464E-008  5.803E+009  5.631E+008
 8.050E+013  3.569E-008  5.912E+009  5.660E+008
 8.070E+013  3.674E-008  6.014E+009  5.682E+008
 8.090E+013  3.806E-008  6.187E+009  5.711E+008
 8.110E+013  3.934E-008  6.365E+009  5.775E+008
 8.130E+013  3.928E-008  6.187E+009  5.781E+008
 8.150E+013  3.462E-008  4.750E+009  5.566E+008
 8.170E+013  2.229E-008  1.847E+009  4.686E+008
 8.190E+013  1.336E-008  2.386E+008  2.888E+008
 8.210E+013  1.048E-008  3.290E+006  8.728E+007
 8.230E+013  1.001E-008  2.468E+002  4.528E+006
 8.250E+013  1.000E-008  6.236E+001  5.396E+003
 8.270E+013  1.000E-008  6.236E+001  3.422E-003
 8.290E+013  1.000E-008  6.236E+001  6.879E-013
 8.310E+013  1.000E-008  6.236E+001 -5.969E-013
 8.330E+013  1.000E-008  6.236E+001 -3.786E-033
 8.350E+013  1.000E-008  6.236E+001  8.953E-013
 8.370E+013  1.000E-008  6.236E+001 -7.461E-013
 8.390E+013  1.000E-008  6.236E+001 -3.899E-033
 8.410E+013  1.000E-008  6.236E+001 -1.492E-013
 8.430E+013  1.000E-008  6.236E+001  1.492E-013
 8.450E+013  1.000E-008  6.236E+001 -3.694E-036
 8.470E+013  1.000E-008  6.236E+001 -1.492E-013
 8.490E+013  1.000E-008  6.236E+001 -1.838E-036
 8.510E+013  1.000E-008  6.236E+001  1.492E-013
 8.530E+013  1.000E-008  6.236E+001 -3.659E-036
 8.550E+013  1.000E-008  6.236E+001 -1.492E-013
 8.570E+013  1.000E-008  6.236E+001 -1.821E-036
 8.590E+013  1.000E-008  6.236E+001  1.492E-013
 8.610E+013  1.000E-008  6.236E+001 -1.492E-013
 8.630E+013  1.000E-008  6.236E+001  0.000E+000
 8.650E+013  1.000E-008  6.236E+001  0.000E+000
 8.670E+013  1.000E-008  6.236E+001  0.000E+000
 8.690E+013  1.000E-008  6.236E+001  0.000E+000
 8.710E+013  1.000E-008  6.236E+001  0.000E+000
 8.730E+013  1.000E-008  6.236E+001  0.000E+000
 8.750E+013  1.000E-008  6.236E+001  1.492E-013
 8.770E+013  1.000E-008  6.236E+001 -1.492E-013
 8.790E+013  1.000E-008  6.236E+001 -1.776E-036
 8.810E+013  1.000E-008  6.236E+001  1.492E-013
 8.830E+013  1.000E-008  6.236E+001 -1.492E-013
 8.850E+013  1.000E-008  6.236E+001  1.492E-013
 8.870E+013  1.000E-008  6.236E+001  1.492E-013
 8.890E+013  1.000E-008  6.236E+001 -2.984E-013
 8.910E+013  1.000E-008  6.236E+001  0.000E+000
 8.930E+013  1.000E-008  6.236E+001  0.000E+000
 8.950E+013  1.000E-008  6.236E+001  0.000E+000
 8.970E+013  1.000E-008  6.236E+001  0.000E+000
 8.990E+013  1.000E-008  6.236E+001  0.000E+000
 9.010E+013  1.000E-008  6.236E+001  1.492E-013
 9.030E+013  1.000E-008  6.236E+001 -3.457E-036
 9.050E+013  1.000E-008  6.236E+001 -1.492E-013
 9.070E+013  1.000E-008  6.236E+001  1.492E-013
 9.090E+013  1.000E-008  6.236E+001 -3.434E-036
 9.110E+013  1.000E-008  6.236E+001 -1.492E-013
 9.130E+013  1.000E-008  6.236E+001  0.000E+000
 9.150E+013  1.000E-008  6.236E+001  0.000E+000
 9.170E+013  1.000E-008  6.236E+001  0.000E+000
 9.190E+013  1.000E-008  6.236E+001  0.000E+000
 9.210E+013  1.000E-008  6.236E+001  0.000E+000
 9.230E+013  1.000E-008  6.236E+001  1.492E-013
 9.250E+013  1.000E-008  6.236E+001 -3.374E-036
 9.270E+013  1.000E-008  6.236E+001 -1.492E-013
 9.290E+013  1.000E-008  6.236E+001  0.000E+000
 9.310E+013  1.000E-008  6.236E+001  0.000E+000
 9.330E+013  1.000E-008  6.236E+001  0.000E+000
 9.350E+013  1.000E-008  6.236E+001  0.000E+000
 9.370E+013  1.000E-008  6.236E+001  1.492E-013
 9.390E+013  1.000E-008  6.236E+001 -1.492E-013
 9.410E+013  1.000E-008  6.236E+001  1.492E-013
 9.430E+013  1.000E-008  6.236E+001 -1.492E-013
 9.450E+013  1.000E-008  6.236E+001  0.000E+000
 9.470E+013  1.000E-008  6.236E+001  0.000E+000
 9.490E+013  1.000E-008  6.236E+001  0.000E+000
 9.510E+013  1.000E-008  6.236E+001  0.000E+000
 9.530E+013  1.000E-008  6.236E+001  1.492E-013
 9.550E+013  1.000E-008  6.236E+001 -1.492E-013
 9.570E+013  1.000E-008  6.236E+001 -9.119E-073
 9.590E+013  1.000E-008  6.236E+001 -3.899E-033
 9.610E+013  1.000E-008  6.236E+001 -1.492E-013
 9.630E+013  1.000E-008  6.236E+001  1.492E-013
 9.650E+013  1.000E-008  6.236E+001  3.896E-033
 9.670E+013  1.000E-008  6.236E+001  1.492E-013
 9.690E+013  1.000E-008  6.236E+001 -1.492E-013
 9.710E+013  1.000E-008  6.236E+001  0.000E+000
 9.730E+013  1.000E-008  6.236E+001  0.000E+000
 9.750E+013  1.000E-008  6.236E+001  0.000E+000
 9.770E+013  1.000E-008  6.236E+001  0.000E+000
 9.790E+013  1.000E-008  6.236E+001  0.000E+000
 9.810E+013  1.000E-008  6.236E+001  0.000E+000
 9.830E+013  1.000E-008  6.236E+001  0.000E+000
 9.850E+013  1.000E-008  6.236E+001  0.000E+000
 9.870E+013  1.000E-008  6.236E+001  0.000E+000
 9.890E+013  1.000E-008  6.236E+001  0.000E+000
 9.910E+013  1.000E-008  6.236E+001  0.000E+000
 9.930E+013  1.000E-008  6.236E+001  0.000E+000
 9.950E+013  1.000E-008  6.236E+001  1.492E-013
 9.970E+013  1.000E-008  6.236E+001 -1.492E-013
 9.990E+013  1.000E-008  6.236E+001  0.000E+000
 1.001E+014  1.000E-099  1.000E-099  0.000E+000
 1.003E+014  1.000E-099  1.000E-099  0.000E+000
 1.332E-003
