 6.001E+003
     x1b        dens       energ       v1
 1.000E+011  7.271E-012  2.074E+010  0.000E+000
 3.000E+011  7.283E-012  2.074E+010  7.047E+006
 5.000E+011  7.318E-012  2.074E+010  1.642E+007
 7.000E+011  7.388E-012  2.074E+010  2.388E+007
 9.000E+011  7.494E-012  2.074E+010  3.217E+007
 1.100E+012  7.633E-012  2.074E+010  4.006E+007
 1.300E+012  7.795E-012  2.074E+010  4.815E+007
 1.500E+012  7.971E-012  2.074E+010  5.614E+007
 1.700E+012  8.154E-012  2.074E+010  6.417E+007
 1.900E+012  8.338E-012  2.074E+010  7.219E+007
 2.100E+012  8.520E-012  2.074E+010  8.021E+007
 2.300E+012  8.689E-012  2.074E+010  8.823E+007
 2.500E+012  8.825E-012  2.074E+010  9.625E+007
 2.700E+012  8.906E-012  2.074E+010  1.043E+008
 2.900E+012  8.932E-012  2.074E+010  1.123E+008
 3.100E+012  8.934E-012  2.074E+010  1.203E+008
 3.300E+012  8.934E-012  2.074E+010  1.283E+008
 3.500E+012  8.933E-012  2.074E+010  1.364E+008
 3.700E+012  8.929E-012  2.074E+010  1.444E+008
 3.900E+012  8.922E-012  2.074E+010  1.524E+008
 4.100E+012  8.910E-012  2.074E+010  1.604E+008
 4.300E+012  8.897E-012  2.074E+010  1.684E+008
 4.500E+012  8.887E-012  2.074E+010  1.765E+008
 4.700E+012  8.884E-012  2.074E+010  1.845E+008
 4.900E+012  8.885E-012  2.074E+010  1.925E+008
 5.100E+012  8.886E-012  2.074E+010  2.005E+008
 5.300E+012  8.890E-012  2.074E+010  2.085E+008
 5.500E+012  8.898E-012  2.074E+010  2.166E+008
 5.700E+012  8.914E-012  2.074E+010  2.246E+008
 5.900E+012  8.938E-012  2.074E+010  2.326E+008
 6.100E+012  8.975E-012  2.074E+010  2.406E+008
 6.300E+012  9.027E-012  2.074E+010  2.486E+008
 6.500E+012  9.098E-012  2.074E+010  2.567E+008
 6.700E+012  9.191E-012  2.074E+010  2.647E+008
 6.900E+012  9.310E-012  2.074E+010  2.727E+008
 7.100E+012  9.461E-012  2.074E+010  2.807E+008
 7.300E+012  9.647E-012  2.074E+010  2.888E+008
 7.500E+012  9.874E-012  2.074E+010  2.968E+008
 7.700E+012  1.015E-011  2.074E+010  3.048E+008
 7.900E+012  1.048E-011  2.074E+010  3.129E+008
 8.100E+012  1.087E-011  2.074E+010  3.209E+008
 8.300E+012  1.134E-011  2.074E+010  3.289E+008
 8.500E+012  1.189E-011  2.074E+010  3.370E+008
 8.700E+012  1.254E-011  2.074E+010  3.450E+008
 8.900E+012  1.330E-011  2.074E+010  3.531E+008
 9.100E+012  1.420E-011  2.074E+010  3.612E+008
 9.300E+012  1.524E-011  2.074E+010  3.692E+008
 9.500E+012  1.646E-011  2.074E+010  3.773E+008
 9.700E+012  1.788E-011  2.074E+010  3.854E+008
 9.900E+012  1.953E-011  2.074E+010  3.935E+008
 1.010E+013  2.145E-011  2.074E+010  4.016E+008
 1.030E+013  2.366E-011  2.074E+010  4.096E+008
 1.050E+013  2.621E-011  2.074E+010  4.177E+008
 1.070E+013  2.912E-011  2.074E+010  4.258E+008
 1.090E+013  3.243E-011  2.075E+010  4.339E+008
 1.110E+013  3.618E-011  2.075E+010  4.420E+008
 1.130E+013  4.037E-011  2.075E+010  4.500E+008
 1.150E+013  4.503E-011  2.075E+010  4.581E+008
 1.170E+013  5.015E-011  2.075E+010  4.661E+008
 1.190E+013  5.572E-011  2.075E+010  4.741E+008
 1.210E+013  6.172E-011  2.075E+010  4.821E+008
 1.230E+013  6.810E-011  2.075E+010  4.901E+008
 1.250E+013  7.483E-011  2.075E+010  4.981E+008
 1.270E+013  8.185E-011  2.075E+010  5.060E+008
 1.290E+013  8.913E-011  2.076E+010  5.140E+008
 1.310E+013  9.662E-011  2.076E+010  5.220E+008
 1.330E+013  1.043E-010  2.076E+010  5.300E+008
 1.350E+013  1.121E-010  2.076E+010  5.380E+008
 1.370E+013  1.201E-010  2.076E+010  5.460E+008
 1.390E+013  1.282E-010  2.077E+010  5.540E+008
 1.410E+013  1.365E-010  2.077E+010  5.620E+008
 1.430E+013  1.450E-010  2.077E+010  5.700E+008
 1.450E+013  1.538E-010  2.078E+010  5.781E+008
 1.470E+013  1.627E-010  2.078E+010  5.861E+008
 1.490E+013  1.720E-010  2.078E+010  5.941E+008
 1.510E+013  1.816E-010  2.079E+010  6.022E+008
 1.530E+013  1.917E-010  2.079E+010  6.102E+008
 1.550E+013  2.022E-010  2.080E+010  6.183E+008
 1.570E+013  2.132E-010  2.080E+010  6.264E+008
 1.590E+013  2.248E-010  2.081E+010  6.344E+008
 1.610E+013  2.370E-010  2.081E+010  6.425E+008
 1.630E+013  2.498E-010  2.082E+010  6.506E+008
 1.650E+013  2.634E-010  2.082E+010  6.587E+008
 1.670E+013  2.778E-010  2.083E+010  6.668E+008
 1.690E+013  2.931E-010  2.084E+010  6.749E+008
 1.710E+013  3.092E-010  2.085E+010  6.830E+008
 1.730E+013  3.262E-010  2.085E+010  6.911E+008
 1.750E+013  3.441E-010  2.086E+010  6.992E+008
 1.770E+013  3.629E-010  2.087E+010  7.073E+008
 1.790E+013  3.827E-010  2.088E+010  7.154E+008
 1.810E+013  4.035E-010  2.089E+010  7.236E+008
 1.830E+013  4.252E-010  2.090E+010  7.317E+008
 1.850E+013  4.478E-010  2.092E+010  7.399E+008
 1.870E+013  4.713E-010  2.093E+010  7.480E+008
 1.890E+013  4.957E-010  2.094E+010  7.562E+008
 1.910E+013  5.210E-010  2.096E+010  7.644E+008
 1.930E+013  5.472E-010  2.097E+010  7.725E+008
 1.950E+013  5.742E-010  2.099E+010  7.807E+008
 1.970E+013  6.022E-010  2.101E+010  7.890E+008
 1.990E+013  6.311E-010  2.103E+010  7.972E+008
 2.010E+013  6.609E-010  2.105E+010  8.054E+008
 2.030E+013  6.918E-010  2.107E+010  8.137E+008
 2.050E+013  7.238E-010  2.109E+010  8.220E+008
 2.070E+013  7.569E-010  2.111E+010  8.302E+008
 2.090E+013  7.913E-010  2.114E+010  8.385E+008
 2.110E+013  8.271E-010  2.116E+010  8.469E+008
 2.130E+013  8.642E-010  2.119E+010  8.552E+008
 2.150E+013  9.030E-010  2.122E+010  8.636E+008
 2.170E+013  9.434E-010  2.125E+010  8.720E+008
 2.190E+013  9.855E-010  2.128E+010  8.804E+008
 2.210E+013  1.030E-009  2.131E+010  8.888E+008
 2.230E+013  1.075E-009  2.135E+010  8.973E+008
 2.250E+013  1.123E-009  2.139E+010  9.058E+008
 2.270E+013  1.174E-009  2.143E+010  9.143E+008
 2.290E+013  1.226E-009  2.147E+010  9.229E+008
 2.310E+013  1.280E-009  2.151E+010  9.315E+008
 2.330E+013  1.337E-009  2.156E+010  9.401E+008
 2.350E+013  1.396E-009  2.161E+010  9.488E+008
 2.370E+013  1.458E-009  2.166E+010  9.574E+008
 2.390E+013  1.522E-009  2.172E+010  9.662E+008
 2.410E+013  1.588E-009  2.177E+010  9.749E+008
 2.430E+013  1.658E-009  2.184E+010  9.838E+008
 2.450E+013  1.729E-009  2.190E+010  9.926E+008
 2.470E+013  1.804E-009  2.197E+010  1.002E+009
 2.490E+013  1.881E-009  2.204E+010  1.010E+009
 2.510E+013  1.962E-009  2.211E+010  1.019E+009
 2.530E+013  2.045E-009  2.219E+010  1.029E+009
 2.550E+013  2.131E-009  2.228E+010  1.038E+009
 2.570E+013  2.221E-009  2.236E+010  1.047E+009
 2.590E+013  2.315E-009  2.246E+010  1.056E+009
 2.610E+013  2.412E-009  2.255E+010  1.065E+009
 2.630E+013  2.512E-009  2.265E+010  1.075E+009
 2.650E+013  2.617E-009  2.276E+010  1.084E+009
 2.670E+013  2.726E-009  2.287E+010  1.094E+009
 2.690E+013  2.839E-009  2.299E+010  1.103E+009
 2.710E+013  2.957E-009  2.312E+010  1.113E+009
 2.730E+013  3.079E-009  2.325E+010  1.123E+009
 2.750E+013  3.206E-009  2.339E+010  1.133E+009
 2.770E+013  3.338E-009  2.353E+010  1.143E+009
 2.790E+013  3.475E-009  2.369E+010  1.153E+009
 2.810E+013  3.618E-009  2.385E+010  1.163E+009
 2.830E+013  3.767E-009  2.402E+010  1.173E+009
 2.850E+013  3.921E-009  2.419E+010  1.183E+009
 2.870E+013  4.082E-009  2.438E+010  1.194E+009
 2.890E+013  4.250E-009  2.458E+010  1.205E+009
 2.910E+013  4.426E-009  2.478E+010  1.215E+009
 2.930E+013  4.608E-009  2.500E+010  1.226E+009
 2.950E+013  4.800E-009  2.523E+010  1.237E+009
 2.970E+013  4.999E-009  2.547E+010  1.248E+009
 2.990E+013  5.209E-009  2.573E+010  1.259E+009
 3.010E+013  5.428E-009  2.599E+010  1.271E+009
 3.030E+013  5.657E-009  2.628E+010  1.282E+009
 3.050E+013  5.898E-009  2.657E+010  1.294E+009
 3.070E+013  6.151E-009  2.689E+010  1.306E+009
 3.090E+013  6.417E-009  2.722E+010  1.318E+009
 3.110E+013  6.696E-009  2.756E+010  1.330E+009
 3.130E+013  6.990E-009  2.793E+010  1.343E+009
 3.150E+013  7.299E-009  2.832E+010  1.355E+009
 3.170E+013  7.625E-009  2.873E+010  1.368E+009
 3.190E+013  7.968E-009  2.916E+010  1.381E+009
 3.210E+013  8.330E-009  2.962E+010  1.394E+009
 3.230E+013  8.712E-009  3.010E+010  1.407E+009
 3.250E+013  9.116E-009  3.061E+010  1.421E+009
 3.270E+013  9.542E-009  3.115E+010  1.435E+009
 3.290E+013  9.994E-009  3.173E+010  1.449E+009
 3.310E+013  1.047E-008  3.233E+010  1.463E+009
 3.330E+013  1.098E-008  3.298E+010  1.477E+009
 3.350E+013  1.151E-008  3.366E+010  1.492E+009
 3.370E+013  1.208E-008  3.438E+010  1.507E+009
 3.390E+013  1.269E-008  3.515E+010  1.522E+009
 3.410E+013  1.333E-008  3.596E+010  1.537E+009
 3.430E+013  1.401E-008  3.683E+010  1.553E+009
 3.450E+013  1.474E-008  3.774E+010  1.569E+009
 3.470E+013  1.552E-008  3.872E+010  1.585E+009
 3.490E+013  1.635E-008  3.976E+010  1.601E+009
 3.510E+013  1.724E-008  4.086E+010  1.618E+009
 3.530E+013  1.819E-008  4.204E+010  1.635E+009
 3.550E+013  1.921E-008  4.329E+010  1.652E+009
 3.570E+013  2.030E-008  4.463E+010  1.669E+009
 3.590E+013  2.147E-008  4.606E+010  1.686E+009
 3.610E+013  2.273E-008  4.759E+010  1.704E+009
 3.630E+013  2.409E-008  4.921E+010  1.722E+009
 3.650E+013  2.555E-008  5.094E+010  1.740E+009
 3.670E+013  2.715E-008  5.285E+010  1.759E+009
 3.690E+013  2.888E-008  5.491E+010  1.779E+009
 3.710E+013  3.065E-008  5.680E+010  1.796E+009
 3.730E+013  3.265E-008  5.915E+010  1.811E+009
 3.750E+013  3.534E-008  6.334E+010  1.842E+009
 3.770E+013  3.690E-008  6.468E+010  1.877E+009
 3.790E+013  3.530E-008  5.575E+010  1.845E+009
 3.810E+013  2.576E-008  2.795E+010  1.636E+009
 3.830E+013  1.507E-008  5.168E+009  1.129E+009
 3.850E+013  1.092E-008  1.664E+008  4.465E+008
 3.870E+013  1.004E-008  6.358E+004  4.380E+007
 3.890E+013  1.000E-008  6.236E+001  1.857E+005
 3.910E+013  1.000E-008  6.236E+001  1.391E+000
 3.930E+013  1.000E-008  6.236E+001  3.553E-011
 3.950E+013  1.000E-008  6.236E+001 -2.132E-014
 3.970E+013  1.000E-008  6.236E+001  6.396E-014
 3.990E+013  1.000E-008  6.236E+001 -8.528E-014
 4.010E+013  1.000E-008  6.236E+001  0.000E+000
 4.030E+013  1.000E-008  6.236E+001  0.000E+000
 4.050E+013  1.000E-008  6.236E+001  0.000E+000
 4.070E+013  1.000E-008  6.236E+001  0.000E+000
 4.090E+013  1.000E-008  6.236E+001  7.886E-013
 4.110E+013  1.000E-008  6.236E+001 -7.886E-013
 4.130E+013  1.000E-008  6.236E+001  5.542E-013
 4.150E+013  1.000E-008  6.236E+001 -5.542E-013
 4.170E+013  1.000E-008  6.236E+001  1.919E-013
 4.190E+013  1.000E-008  6.236E+001 -1.706E-013
 4.210E+013  1.000E-008  6.236E+001 -1.138E-035
 4.230E+013  1.000E-008  6.236E+001 -2.132E-014
 4.250E+013  1.000E-008  6.236E+001  0.000E+000
 4.270E+013  1.000E-008  6.236E+001  0.000E+000
 4.290E+013  1.000E-008  6.236E+001  0.000E+000
 4.310E+013  1.000E-008  6.236E+001  0.000E+000
 4.330E+013  1.000E-008  6.236E+001  0.000E+000
 4.350E+013  1.000E-008  6.236E+001  0.000E+000
 4.370E+013  1.000E-008  6.236E+001  0.000E+000
 4.390E+013  1.000E-008  6.236E+001  0.000E+000
 4.410E+013  1.000E-008  6.236E+001  0.000E+000
 4.430E+013  1.000E-008  6.236E+001  0.000E+000
 4.450E+013  1.000E-008  6.236E+001  0.000E+000
 4.470E+013  1.000E-008  6.236E+001  2.132E-014
 4.490E+013  1.000E-008  6.236E+001 -2.030E-038
 4.510E+013  1.000E-008  6.236E+001 -2.132E-014
 4.530E+013  1.000E-008  6.236E+001  0.000E+000
 4.550E+013  1.000E-008  6.236E+001 -4.912E-165
 4.570E+013  1.000E-008  6.236E+001 -1.109E-078
 4.590E+013  1.000E-008  6.236E+001 -1.138E-035
 4.610E+013  1.000E-008  6.236E+001 -2.132E-014
 4.630E+013  1.000E-008  6.236E+001  2.132E-014
 4.650E+013  1.000E-008  6.236E+001  2.132E-014
 4.670E+013  1.000E-008  6.236E+001 -2.132E-014
 4.690E+013  1.000E-008  6.236E+001  2.132E-014
 4.710E+013  1.000E-008  6.236E+001 -2.132E-014
 4.730E+013  1.000E-008  6.236E+001  0.000E+000
 4.750E+013  1.000E-008  6.236E+001  0.000E+000
 4.770E+013  1.000E-008  6.236E+001  0.000E+000
 4.790E+013  1.000E-008  6.236E+001  2.132E-014
 4.810E+013  1.000E-008  6.236E+001 -2.132E-014
 4.830E+013  1.000E-008  6.236E+001 -9.436E-039
 4.850E+013  1.000E-008  6.236E+001  2.132E-014
 4.870E+013  1.000E-008  6.236E+001 -2.132E-014
 4.890E+013  1.000E-008  6.236E+001  0.000E+000
 4.910E+013  1.000E-008  6.236E+001  0.000E+000
 4.930E+013  1.000E-008  6.236E+001  0.000E+000
 4.950E+013  1.000E-008  6.236E+001  0.000E+000
 4.970E+013  1.000E-008  6.236E+001  0.000E+000
 4.990E+013  1.000E-008  6.236E+001  4.264E-014
 5.010E+013  1.000E-008  6.236E+001 -6.396E-014
 5.030E+013  1.000E-008  6.236E+001  2.132E-014
 5.050E+013  1.000E-008  6.236E+001  1.136E-035
 5.070E+013  1.000E-008  6.236E+001  1.106E-078
 5.090E+013  1.000E-008  6.236E+001  4.880E-165
 5.110E+013  1.000E-008  6.236E+001  2.132E-014
 5.130E+013  1.000E-008  6.236E+001 -2.132E-014
 5.150E+013  1.000E-008  6.236E+001  0.000E+000
 5.170E+013  1.000E-008  6.236E+001  0.000E+000
 5.190E+013  1.000E-008  6.236E+001  0.000E+000
 5.210E+013  1.000E-008  6.236E+001 -4.910E-165
 5.230E+013  1.000E-008  6.236E+001 -1.109E-078
 5.250E+013  1.000E-008  6.236E+001 -1.138E-035
 5.270E+013  1.000E-008  6.236E+001 -2.132E-014
 5.290E+013  1.000E-008  6.236E+001  2.132E-014
 5.310E+013  1.000E-008  6.236E+001  1.136E-035
 5.330E+013  1.000E-008  6.236E+001  1.106E-078
 5.350E+013  1.000E-008  6.236E+001  4.264E-014
 5.370E+013  1.000E-008  6.236E+001 -4.264E-014
 5.390E+013  1.000E-008  6.236E+001  1.499E-036
 5.410E+013  1.000E-008  6.236E+001  2.132E-014
 5.430E+013  1.000E-008  6.236E+001  2.132E-014
 5.450E+013  1.000E-008  6.236E+001  2.132E-014
 5.470E+013  1.000E-008  6.236E+001 -6.396E-014
 5.490E+013  1.000E-008  6.236E+001 -1.138E-035
 5.510E+013  1.000E-008  6.236E+001 -2.132E-014
 5.530E+013  1.000E-008  6.236E+001  4.264E-014
 5.550E+013  1.000E-008  6.236E+001 -8.528E-014
 5.570E+013  1.000E-008  6.236E+001  4.264E-014
 5.590E+013  1.000E-008  6.236E+001  2.132E-014
 5.610E+013  1.000E-008  6.236E+001 -2.132E-014
 5.630E+013  1.000E-008  6.236E+001  2.132E-014
 5.650E+013  1.000E-008  6.236E+001 -1.279E-013
 5.670E+013  1.000E-008  6.236E+001  1.279E-013
 5.690E+013  1.000E-008  6.236E+001  1.279E-013
 5.710E+013  1.000E-008  6.236E+001 -1.279E-013
 5.730E+013  1.000E-008  6.236E+001  1.492E-013
 5.750E+013  1.000E-008  6.236E+001 -3.198E-013
 5.770E+013  1.000E-008  6.236E+001 -2.132E-014
 5.790E+013  1.000E-008  6.236E+001  1.919E-013
 5.810E+013  1.000E-008  6.236E+001  1.023E-012
 5.830E+013  1.000E-008  6.236E+001 -1.023E-012
 5.850E+013  1.000E-008  6.236E+001  0.000E+000
 5.870E+013  1.000E-008  6.236E+001  0.000E+000
 5.890E+013  1.000E-008  6.236E+001  0.000E+000
 5.910E+013  1.000E-008  6.236E+001  0.000E+000
 5.930E+013  1.000E-008  6.236E+001  0.000E+000
 5.950E+013  1.000E-008  6.236E+001  0.000E+000
 5.970E+013  1.000E-008  6.236E+001  0.000E+000
 5.990E+013  1.000E-008  6.236E+001  0.000E+000
 6.010E+013  1.000E-008  6.236E+001  0.000E+000
 6.030E+013  1.000E-008  6.236E+001  2.132E-014
 6.050E+013  1.000E-008  6.236E+001 -2.132E-014
 6.070E+013  1.000E-008  6.236E+001  2.132E-014
 6.090E+013  1.000E-008  6.236E+001 -2.132E-014
 6.110E+013  1.000E-008  6.236E+001  0.000E+000
 6.130E+013  1.000E-008  6.236E+001  0.000E+000
 6.150E+013  1.000E-008  6.236E+001  0.000E+000
 6.170E+013  1.000E-008  6.236E+001  2.132E-014
 6.190E+013  1.000E-008  6.236E+001 -2.132E-014
 6.210E+013  1.000E-008  6.236E+001  0.000E+000
 6.230E+013  1.000E-008  6.236E+001  0.000E+000
 6.250E+013  1.000E-008  6.236E+001  0.000E+000
 6.270E+013  1.000E-008  6.236E+001  0.000E+000
 6.290E+013  1.000E-008  6.236E+001  0.000E+000
 6.310E+013  1.000E-008  6.236E+001  0.000E+000
 6.330E+013  1.000E-008  6.236E+001  0.000E+000
 6.350E+013  1.000E-008  6.236E+001  2.132E-014
 6.370E+013  1.000E-008  6.236E+001 -2.132E-014
 6.390E+013  1.000E-008  6.236E+001  0.000E+000
 6.410E+013  1.000E-008  6.236E+001  0.000E+000
 6.430E+013  1.000E-008  6.236E+001  0.000E+000
 6.450E+013  1.000E-008  6.236E+001  0.000E+000
 6.470E+013  1.000E-008  6.236E+001  2.132E-014
 6.490E+013  1.000E-008  6.236E+001 -2.132E-014
 6.510E+013  1.000E-008  6.236E+001  0.000E+000
 6.530E+013  1.000E-008  6.236E+001  0.000E+000
 6.550E+013  1.000E-008  6.236E+001  0.000E+000
 6.570E+013  1.000E-008  6.236E+001  0.000E+000
 6.590E+013  1.000E-008  6.236E+001  2.132E-014
 6.610E+013  1.000E-008  6.236E+001 -2.132E-014
 6.630E+013  1.000E-008  6.236E+001  0.000E+000
 6.650E+013  1.000E-008  6.236E+001  0.000E+000
 6.670E+013  1.000E-008  6.236E+001  0.000E+000
 6.690E+013  1.000E-008  6.236E+001  2.132E-014
 6.710E+013  1.000E-008  6.236E+001 -2.132E-014
 6.730E+013  1.000E-008  6.236E+001  0.000E+000
 6.750E+013  1.000E-008  6.236E+001  0.000E+000
 6.770E+013  1.000E-008  6.236E+001  2.132E-014
 6.790E+013  1.000E-008  6.236E+001 -2.132E-014
 6.810E+013  1.000E-008  6.236E+001  2.132E-014
 6.830E+013  1.000E-008  6.236E+001 -1.334E-038
 6.850E+013  1.000E-008  6.236E+001 -2.132E-014
 6.870E+013  1.000E-008  6.236E+001  0.000E+000
 6.890E+013  1.000E-008  6.236E+001  0.000E+000
 6.910E+013  1.000E-008  6.236E+001  0.000E+000
 6.930E+013  1.000E-008  6.236E+001  2.132E-014
 6.950E+013  1.000E-008  6.236E+001 -2.132E-014
 6.970E+013  1.000E-008  6.236E+001  0.000E+000
 6.990E+013  1.000E-008  6.236E+001  0.000E+000
 7.010E+013  1.000E-008  6.236E+001  0.000E+000
 7.030E+013  1.000E-008  6.236E+001  0.000E+000
 7.050E+013  1.000E-008  6.236E+001  0.000E+000
 7.070E+013  1.000E-008  6.236E+001  0.000E+000
 7.090E+013  1.000E-008  6.236E+001  0.000E+000
 7.110E+013  1.000E-008  6.236E+001  0.000E+000
 7.130E+013  1.000E-008  6.236E+001  0.000E+000
 7.150E+013  1.000E-008  6.236E+001  0.000E+000
 7.170E+013  1.000E-008  6.236E+001  0.000E+000
 7.190E+013  1.000E-008  6.236E+001  2.132E-014
 7.210E+013  1.000E-008  6.236E+001 -2.132E-014
 7.230E+013  1.000E-008  6.236E+001  0.000E+000
 7.250E+013  1.000E-008  6.236E+001  0.000E+000
 7.270E+013  1.000E-008  6.236E+001  4.264E-014
 7.290E+013  1.000E-008  6.236E+001 -4.998E-038
 7.310E+013  1.000E-008  6.236E+001 -4.264E-014
 7.330E+013  1.000E-008  6.236E+001 -1.138E-035
 7.350E+013  1.000E-008  6.236E+001 -2.132E-014
 7.370E+013  1.000E-008  6.236E+001  2.132E-014
 7.390E+013  1.000E-008  6.236E+001  1.136E-035
 7.410E+013  1.000E-008  6.236E+001  1.106E-078
 7.430E+013  1.000E-008  6.236E+001  4.885E-165
 7.450E+013  1.000E-008  6.236E+001  0.000E+000
 7.470E+013  1.000E-008  6.236E+001  0.000E+000
 7.490E+013  1.000E-008  6.236E+001  0.000E+000
 7.510E+013  1.000E-008  6.236E+001  0.000E+000
 7.530E+013  1.000E-008  6.236E+001  0.000E+000
 7.550E+013  1.000E-008  6.236E+001  0.000E+000
 7.570E+013  1.000E-008  6.236E+001  0.000E+000
 7.590E+013  1.000E-008  6.236E+001  0.000E+000
 7.610E+013  1.000E-008  6.236E+001  0.000E+000
 7.630E+013  1.000E-008  6.236E+001  0.000E+000
 7.650E+013  1.000E-008  6.236E+001  0.000E+000
 7.670E+013  1.000E-008  6.236E+001  4.264E-014
 7.690E+013  1.000E-008  6.236E+001 -4.264E-014
 7.710E+013  1.000E-008  6.236E+001  6.396E-014
 7.730E+013  1.000E-008  6.236E+001 -6.396E-014
 7.750E+013  1.000E-008  6.236E+001  2.694E-036
 7.770E+013  1.000E-008  6.236E+001  4.264E-014
 7.790E+013  1.000E-008  6.236E+001 -1.279E-013
 7.810E+013  1.000E-008  6.236E+001  1.279E-013
 7.830E+013  1.000E-008  6.236E+001 -4.264E-014
 7.850E+013  1.000E-008  6.236E+001 -7.815E-079
 7.870E+013  1.000E-008  6.236E+001 -9.552E-036
 7.890E+013  1.000E-008  6.236E+001 -2.132E-014
 7.910E+013  1.000E-008  6.236E+001 -1.066E-013
 7.930E+013  1.000E-008  6.236E+001  6.396E-014
 7.950E+013  1.000E-008  6.236E+001  6.396E-014
 7.970E+013  1.000E-008  6.236E+001 -8.528E-014
 7.990E+013  1.000E-008  6.236E+001  8.528E-014
 8.010E+013  1.000E-008  6.236E+001  1.818E-034
 8.030E+013  1.000E-008  6.236E+001  2.832E-076
 8.050E+013  1.000E-008  6.236E+001  3.202E-160
 8.070E+013  1.000E-008  6.236E+001  0.000E+000
 8.090E+013  1.000E-008  6.236E+001 -1.051E-156
 8.110E+013  1.000E-008  6.236E+001 -1.623E-074
 8.130E+013  1.000E-008  6.236E+001 -1.376E-033
 8.150E+013  1.000E-008  6.236E+001 -2.345E-013
 8.170E+013  1.000E-008  6.236E+001  2.985E-013
 8.190E+013  1.000E-008  6.236E+001 -6.396E-014
 8.210E+013  1.000E-008  6.236E+001  0.000E+000
 8.230E+013  1.000E-008  6.236E+001  0.000E+000
 8.250E+013  1.000E-008  6.236E+001  0.000E+000
 8.270E+013  1.000E-008  6.236E+001  0.000E+000
 8.290E+013  1.000E-008  6.236E+001  8.528E-014
 8.310E+013  1.000E-008  6.236E+001 -8.528E-014
 8.330E+013  1.000E-008  6.236E+001 -1.105E-035
 8.350E+013  1.000E-008  6.236E+001  1.279E-013
 8.370E+013  1.000E-008  6.236E+001 -1.066E-013
 8.390E+013  1.000E-008  6.236E+001 -1.138E-035
 8.410E+013  1.000E-008  6.236E+001 -2.132E-014
 8.430E+013  1.000E-008  6.236E+001  2.132E-014
 8.450E+013  1.000E-008  6.236E+001 -1.078E-038
 8.470E+013  1.000E-008  6.236E+001 -2.132E-014
 8.490E+013  1.000E-008  6.236E+001 -5.363E-039
 8.510E+013  1.000E-008  6.236E+001  2.132E-014
 8.530E+013  1.000E-008  6.236E+001 -1.068E-038
 8.550E+013  1.000E-008  6.236E+001 -2.132E-014
 8.570E+013  1.000E-008  6.236E+001 -5.313E-039
 8.590E+013  1.000E-008  6.236E+001  2.132E-014
 8.610E+013  1.000E-008  6.236E+001 -2.132E-014
 8.630E+013  1.000E-008  6.236E+001  0.000E+000
 8.650E+013  1.000E-008  6.236E+001  0.000E+000
 8.670E+013  1.000E-008  6.236E+001  0.000E+000
 8.690E+013  1.000E-008  6.236E+001  0.000E+000
 8.710E+013  1.000E-008  6.236E+001  0.000E+000
 8.730E+013  1.000E-008  6.236E+001  0.000E+000
 8.750E+013  1.000E-008  6.236E+001  2.132E-014
 8.770E+013  1.000E-008  6.236E+001 -2.132E-014
 8.790E+013  1.000E-008  6.236E+001 -5.180E-039
 8.810E+013  1.000E-008  6.236E+001  2.132E-014
 8.830E+013  1.000E-008  6.236E+001 -2.132E-014
 8.850E+013  1.000E-008  6.236E+001  2.132E-014
 8.870E+013  1.000E-008  6.236E+001  2.132E-014
 8.890E+013  1.000E-008  6.236E+001 -4.264E-014
 8.910E+013  1.000E-008  6.236E+001  0.000E+000
 8.930E+013  1.000E-008  6.236E+001  0.000E+000
 8.950E+013  1.000E-008  6.236E+001  0.000E+000
 8.970E+013  1.000E-008  6.236E+001  0.000E+000
 8.990E+013  1.000E-008  6.236E+001  0.000E+000
 9.010E+013  1.000E-008  6.236E+001  2.132E-014
 9.030E+013  1.000E-008  6.236E+001 -1.008E-038
 9.050E+013  1.000E-008  6.236E+001 -2.132E-014
 9.070E+013  1.000E-008  6.236E+001  2.132E-014
 9.090E+013  1.000E-008  6.236E+001 -1.002E-038
 9.110E+013  1.000E-008  6.236E+001 -2.132E-014
 9.130E+013  1.000E-008  6.236E+001  0.000E+000
 9.150E+013  1.000E-008  6.236E+001  0.000E+000
 9.170E+013  1.000E-008  6.236E+001  0.000E+000
 9.190E+013  1.000E-008  6.236E+001  0.000E+000
 9.210E+013  1.000E-008  6.236E+001  0.000E+000
 9.230E+013  1.000E-008  6.236E+001  2.132E-014
 9.250E+013  1.000E-008  6.236E+001 -9.844E-039
 9.270E+013  1.000E-008  6.236E+001 -2.132E-014
 9.290E+013  1.000E-008  6.236E+001  0.000E+000
 9.310E+013  1.000E-008  6.236E+001  0.000E+000
 9.330E+013  1.000E-008  6.236E+001  0.000E+000
 9.350E+013  1.000E-008  6.236E+001  0.000E+000
 9.370E+013  1.000E-008  6.236E+001  2.132E-014
 9.390E+013  1.000E-008  6.236E+001 -2.132E-014
 9.410E+013  1.000E-008  6.236E+001  2.132E-014
 9.430E+013  1.000E-008  6.236E+001 -2.132E-014
 9.450E+013  1.000E-008  6.236E+001  0.000E+000
 9.470E+013  1.000E-008  6.236E+001  0.000E+000
 9.490E+013  1.000E-008  6.236E+001  0.000E+000
 9.510E+013  1.000E-008  6.236E+001  0.000E+000
 9.530E+013  1.000E-008  6.236E+001  2.132E-014
 9.550E+013  1.000E-008  6.236E+001 -2.132E-014
 9.570E+013  1.000E-008  6.236E+001 -1.108E-078
 9.590E+013  1.000E-008  6.236E+001 -1.138E-035
 9.610E+013  1.000E-008  6.236E+001 -2.132E-014
 9.630E+013  1.000E-008  6.236E+001  2.132E-014
 9.650E+013  1.000E-008  6.236E+001  1.137E-035
 9.670E+013  1.000E-008  6.236E+001  2.132E-014
 9.690E+013  1.000E-008  6.236E+001 -2.132E-014
 9.710E+013  1.000E-008  6.236E+001  0.000E+000
 9.730E+013  1.000E-008  6.236E+001  0.000E+000
 9.750E+013  1.000E-008  6.236E+001  0.000E+000
 9.770E+013  1.000E-008  6.236E+001  0.000E+000
 9.790E+013  1.000E-008  6.236E+001  0.000E+000
 9.810E+013  1.000E-008  6.236E+001  0.000E+000
 9.830E+013  1.000E-008  6.236E+001  0.000E+000
 9.850E+013  1.000E-008  6.236E+001  0.000E+000
 9.870E+013  1.000E-008  6.236E+001  0.000E+000
 9.890E+013  1.000E-008  6.236E+001  0.000E+000
 9.910E+013  1.000E-008  6.236E+001  0.000E+000
 9.930E+013  1.000E-008  6.236E+001  0.000E+000
 9.950E+013  1.000E-008  6.236E+001  2.132E-014
 9.970E+013  1.000E-008  6.236E+001 -2.132E-014
 9.990E+013  1.000E-008  6.236E+001  0.000E+000
 1.001E+014  1.000E-099  1.000E-099  0.000E+000
 1.003E+014  1.000E-099  1.000E-099  0.000E+000
 1.903E-004
