 2.580E+005
     x1b        dens       energ       v1
 1.000E+011  7.766E-013  6.508E+008  0.000E+000
 3.000E+011  8.004E-013  6.508E+008 -1.803E+005
 5.000E+011  8.411E-013  6.508E+008  6.448E+005
 7.000E+011  8.743E-013  6.508E+008  6.972E+005
 9.000E+011  8.910E-013  6.508E+008  1.008E+006
 1.100E+012  8.984E-013  6.508E+008  1.225E+006
 1.300E+012  9.044E-013  6.508E+008  1.477E+006
 1.500E+012  9.126E-013  6.508E+008  1.717E+006
 1.700E+012  9.230E-013  6.508E+008  1.966E+006
 1.900E+012  9.341E-013  6.508E+008  2.214E+006
 2.100E+012  9.449E-013  6.508E+008  2.467E+006
 2.300E+012  9.553E-013  6.508E+008  2.713E+006
 2.500E+012  9.661E-013  6.508E+008  2.955E+006
 2.700E+012  9.775E-013  6.508E+008  3.194E+006
 2.900E+012  9.894E-013  6.508E+008  3.437E+006
 3.100E+012  1.001E-012  6.508E+008  3.685E+006
 3.300E+012  1.014E-012  6.508E+008  3.938E+006
 3.500E+012  1.026E-012  6.508E+008  4.190E+006
 3.700E+012  1.038E-012  6.508E+008  4.437E+006
 3.900E+012  1.050E-012  6.508E+008  4.678E+006
 4.100E+012  1.061E-012  6.508E+008  4.918E+006
 4.300E+012  1.073E-012  6.508E+008  5.161E+006
 4.500E+012  1.084E-012  6.508E+008  5.409E+006
 4.700E+012  1.094E-012  6.508E+008  5.660E+006
 4.900E+012  1.103E-012  6.508E+008  5.909E+006
 5.100E+012  1.110E-012  6.508E+008  6.154E+006
 5.300E+012  1.115E-012  6.508E+008  6.398E+006
 5.500E+012  1.118E-012  6.508E+008  6.643E+006
 5.700E+012  1.119E-012  6.508E+008  6.889E+006
 5.900E+012  1.120E-012  6.508E+008  7.136E+006
 6.100E+012  1.120E-012  6.508E+008  7.382E+006
 6.300E+012  1.120E-012  6.508E+008  7.628E+006
 6.500E+012  1.120E-012  6.508E+008  7.875E+006
 6.700E+012  1.120E-012  6.508E+008  8.120E+006
 6.900E+012  1.120E-012  6.508E+008  8.366E+006
 7.100E+012  1.120E-012  6.508E+008  8.611E+006
 7.300E+012  1.119E-012  6.508E+008  8.858E+006
 7.500E+012  1.119E-012  6.508E+008  9.105E+006
 7.700E+012  1.119E-012  6.508E+008  9.352E+006
 7.900E+012  1.118E-012  6.508E+008  9.598E+006
 8.100E+012  1.117E-012  6.508E+008  9.843E+006
 8.300E+012  1.117E-012  6.508E+008  1.009E+007
 8.500E+012  1.116E-012  6.508E+008  1.033E+007
 8.700E+012  1.115E-012  6.508E+008  1.058E+007
 8.900E+012  1.115E-012  6.508E+008  1.083E+007
 9.100E+012  1.114E-012  6.508E+008  1.107E+007
 9.300E+012  1.114E-012  6.508E+008  1.132E+007
 9.500E+012  1.114E-012  6.508E+008  1.157E+007
 9.700E+012  1.114E-012  6.508E+008  1.181E+007
 9.900E+012  1.114E-012  6.508E+008  1.206E+007
 1.010E+013  1.114E-012  6.508E+008  1.230E+007
 1.030E+013  1.114E-012  6.508E+008  1.255E+007
 1.050E+013  1.115E-012  6.508E+008  1.280E+007
 1.070E+013  1.115E-012  6.508E+008  1.304E+007
 1.090E+013  1.116E-012  6.508E+008  1.329E+007
 1.110E+013  1.116E-012  6.508E+008  1.353E+007
 1.130E+013  1.117E-012  6.508E+008  1.378E+007
 1.150E+013  1.119E-012  6.508E+008  1.402E+007
 1.170E+013  1.120E-012  6.508E+008  1.427E+007
 1.190E+013  1.122E-012  6.508E+008  1.452E+007
 1.210E+013  1.124E-012  6.508E+008  1.477E+007
 1.230E+013  1.127E-012  6.508E+008  1.501E+007
 1.250E+013  1.130E-012  6.508E+008  1.526E+007
 1.270E+013  1.134E-012  6.508E+008  1.550E+007
 1.290E+013  1.139E-012  6.508E+008  1.575E+007
 1.310E+013  1.144E-012  6.508E+008  1.599E+007
 1.330E+013  1.150E-012  6.508E+008  1.624E+007
 1.350E+013  1.156E-012  6.508E+008  1.649E+007
 1.370E+013  1.164E-012  6.508E+008  1.673E+007
 1.390E+013  1.172E-012  6.508E+008  1.698E+007
 1.410E+013  1.182E-012  6.508E+008  1.723E+007
 1.430E+013  1.192E-012  6.508E+008  1.747E+007
 1.450E+013  1.204E-012  6.508E+008  1.772E+007
 1.470E+013  1.217E-012  6.508E+008  1.796E+007
 1.490E+013  1.231E-012  6.508E+008  1.821E+007
 1.510E+013  1.247E-012  6.508E+008  1.846E+007
 1.530E+013  1.264E-012  6.508E+008  1.870E+007
 1.550E+013  1.283E-012  6.508E+008  1.895E+007
 1.570E+013  1.304E-012  6.508E+008  1.919E+007
 1.590E+013  1.327E-012  6.508E+008  1.944E+007
 1.610E+013  1.351E-012  6.508E+008  1.969E+007
 1.630E+013  1.378E-012  6.508E+008  1.993E+007
 1.650E+013  1.408E-012  6.508E+008  2.018E+007
 1.670E+013  1.439E-012  6.508E+008  2.043E+007
 1.690E+013  1.474E-012  6.508E+008  2.067E+007
 1.710E+013  1.511E-012  6.508E+008  2.092E+007
 1.730E+013  1.552E-012  6.508E+008  2.117E+007
 1.750E+013  1.596E-012  6.508E+008  2.141E+007
 1.770E+013  1.644E-012  6.508E+008  2.166E+007
 1.790E+013  1.696E-012  6.508E+008  2.190E+007
 1.810E+013  1.752E-012  6.508E+008  2.215E+007
 1.830E+013  1.812E-012  6.508E+008  2.240E+007
 1.850E+013  1.878E-012  6.508E+008  2.264E+007
 1.870E+013  1.948E-012  6.508E+008  2.289E+007
 1.890E+013  2.025E-012  6.508E+008  2.314E+007
 1.910E+013  2.107E-012  6.508E+008  2.338E+007
 1.930E+013  2.196E-012  6.508E+008  2.363E+007
 1.950E+013  2.291E-012  6.508E+008  2.388E+007
 1.970E+013  2.395E-012  6.508E+008  2.412E+007
 1.990E+013  2.506E-012  6.508E+008  2.437E+007
 2.010E+013  2.625E-012  6.508E+008  2.462E+007
 2.030E+013  2.754E-012  6.508E+008  2.486E+007
 2.050E+013  2.892E-012  6.508E+008  2.511E+007
 2.070E+013  3.041E-012  6.508E+008  2.536E+007
 2.090E+013  3.200E-012  6.508E+008  2.560E+007
 2.110E+013  3.370E-012  6.508E+008  2.585E+007
 2.130E+013  3.552E-012  6.508E+008  2.610E+007
 2.150E+013  3.746E-012  6.508E+008  2.634E+007
 2.170E+013  3.954E-012  6.508E+008  2.659E+007
 2.190E+013  4.174E-012  6.508E+008  2.684E+007
 2.210E+013  4.409E-012  6.508E+008  2.708E+007
 2.230E+013  4.657E-012  6.508E+008  2.733E+007
 2.250E+013  4.920E-012  6.508E+008  2.758E+007
 2.270E+013  5.198E-012  6.508E+008  2.782E+007
 2.290E+013  5.490E-012  6.508E+008  2.807E+007
 2.310E+013  5.797E-012  6.508E+008  2.831E+007
 2.330E+013  6.118E-012  6.508E+008  2.856E+007
 2.350E+013  6.454E-012  6.508E+008  2.881E+007
 2.370E+013  6.805E-012  6.508E+008  2.905E+007
 2.390E+013  7.168E-012  6.508E+008  2.930E+007
 2.410E+013  7.546E-012  6.508E+008  2.955E+007
 2.430E+013  7.936E-012  6.508E+008  2.979E+007
 2.450E+013  8.338E-012  6.508E+008  3.004E+007
 2.470E+013  8.751E-012  6.508E+008  3.028E+007
 2.490E+013  9.174E-012  6.508E+008  3.053E+007
 2.510E+013  9.608E-012  6.508E+008  3.077E+007
 2.530E+013  1.005E-011  6.508E+008  3.102E+007
 2.550E+013  1.050E-011  6.508E+008  3.127E+007
 2.570E+013  1.096E-011  6.508E+008  3.151E+007
 2.590E+013  1.142E-011  6.508E+008  3.176E+007
 2.610E+013  1.190E-011  6.508E+008  3.200E+007
 2.630E+013  1.237E-011  6.508E+008  3.225E+007
 2.650E+013  1.286E-011  6.508E+008  3.250E+007
 2.670E+013  1.334E-011  6.508E+008  3.274E+007
 2.690E+013  1.383E-011  6.508E+008  3.299E+007
 2.710E+013  1.433E-011  6.507E+008  3.323E+007
 2.730E+013  1.483E-011  6.507E+008  3.348E+007
 2.750E+013  1.534E-011  6.507E+008  3.372E+007
 2.770E+013  1.585E-011  6.507E+008  3.397E+007
 2.790E+013  1.636E-011  6.507E+008  3.422E+007
 2.810E+013  1.688E-011  6.507E+008  3.446E+007
 2.830E+013  1.741E-011  6.507E+008  3.471E+007
 2.850E+013  1.794E-011  6.507E+008  3.495E+007
 2.870E+013  1.848E-011  6.507E+008  3.520E+007
 2.890E+013  1.903E-011  6.507E+008  3.545E+007
 2.910E+013  1.958E-011  6.507E+008  3.569E+007
 2.930E+013  2.014E-011  6.507E+008  3.594E+007
 2.950E+013  2.071E-011  6.507E+008  3.618E+007
 2.970E+013  2.129E-011  6.507E+008  3.643E+007
 2.990E+013  2.188E-011  6.507E+008  3.667E+007
 3.010E+013  2.248E-011  6.507E+008  3.692E+007
 3.030E+013  2.310E-011  6.507E+008  3.716E+007
 3.050E+013  2.372E-011  6.507E+008  3.741E+007
 3.070E+013  2.436E-011  6.507E+008  3.766E+007
 3.090E+013  2.502E-011  6.507E+008  3.790E+007
 3.110E+013  2.569E-011  6.507E+008  3.815E+007
 3.130E+013  2.637E-011  6.507E+008  3.839E+007
 3.150E+013  2.708E-011  6.507E+008  3.864E+007
 3.170E+013  2.780E-011  6.507E+008  3.888E+007
 3.190E+013  2.854E-011  6.507E+008  3.913E+007
 3.210E+013  2.930E-011  6.507E+008  3.937E+007
 3.230E+013  3.008E-011  6.507E+008  3.962E+007
 3.250E+013  3.088E-011  6.507E+008  3.986E+007
 3.270E+013  3.170E-011  6.507E+008  4.011E+007
 3.290E+013  3.255E-011  6.507E+008  4.035E+007
 3.310E+013  3.342E-011  6.507E+008  4.060E+007
 3.330E+013  3.431E-011  6.507E+008  4.084E+007
 3.350E+013  3.523E-011  6.507E+008  4.108E+007
 3.370E+013  3.618E-011  6.507E+008  4.133E+007
 3.390E+013  3.715E-011  6.506E+008  4.157E+007
 3.410E+013  3.815E-011  6.506E+008  4.182E+007
 3.430E+013  3.918E-011  6.506E+008  4.206E+007
 3.450E+013  4.023E-011  6.506E+008  4.231E+007
 3.470E+013  4.131E-011  6.506E+008  4.255E+007
 3.490E+013  4.242E-011  6.506E+008  4.280E+007
 3.510E+013  4.356E-011  6.506E+008  4.304E+007
 3.530E+013  4.473E-011  6.506E+008  4.328E+007
 3.550E+013  4.593E-011  6.506E+008  4.353E+007
 3.570E+013  4.715E-011  6.506E+008  4.377E+007
 3.590E+013  4.841E-011  6.506E+008  4.402E+007
 3.610E+013  4.969E-011  6.506E+008  4.426E+007
 3.630E+013  5.100E-011  6.506E+008  4.451E+007
 3.650E+013  5.234E-011  6.506E+008  4.475E+007
 3.670E+013  5.371E-011  6.506E+008  4.500E+007
 3.690E+013  5.510E-011  6.506E+008  4.524E+007
 3.710E+013  5.652E-011  6.505E+008  4.548E+007
 3.730E+013  5.797E-011  6.505E+008  4.573E+007
 3.750E+013  5.945E-011  6.505E+008  4.597E+007
 3.770E+013  6.095E-011  6.505E+008  4.622E+007
 3.790E+013  6.248E-011  6.505E+008  4.646E+007
 3.810E+013  6.404E-011  6.505E+008  4.671E+007
 3.830E+013  6.562E-011  6.505E+008  4.695E+007
 3.850E+013  6.723E-011  6.505E+008  4.720E+007
 3.870E+013  6.886E-011  6.505E+008  4.744E+007
 3.890E+013  7.052E-011  6.505E+008  4.769E+007
 3.910E+013  7.221E-011  6.505E+008  4.793E+007
 3.930E+013  7.392E-011  6.504E+008  4.817E+007
 3.950E+013  7.565E-011  6.504E+008  4.842E+007
 3.970E+013  7.742E-011  6.504E+008  4.866E+007
 3.990E+013  7.921E-011  6.504E+008  4.890E+007
 4.010E+013  8.103E-011  6.504E+008  4.915E+007
 4.030E+013  8.287E-011  6.504E+008  4.939E+007
 4.050E+013  8.475E-011  6.504E+008  4.963E+007
 4.070E+013  8.666E-011  6.504E+008  4.988E+007
 4.090E+013  8.859E-011  6.503E+008  5.012E+007
 4.110E+013  9.056E-011  6.503E+008  5.036E+007
 4.130E+013  9.257E-011  6.503E+008  5.060E+007
 4.150E+013  9.460E-011  6.503E+008  5.084E+007
 4.170E+013  9.667E-011  6.503E+008  5.108E+007
 4.190E+013  9.878E-011  6.503E+008  5.132E+007
 4.210E+013  1.009E-010  6.503E+008  5.156E+007
 4.230E+013  1.031E-010  6.502E+008  5.180E+007
 4.250E+013  1.053E-010  6.502E+008  5.204E+007
 4.270E+013  1.076E-010  6.502E+008  5.228E+007
 4.290E+013  1.099E-010  6.502E+008  5.252E+007
 4.310E+013  1.123E-010  6.502E+008  5.276E+007
 4.330E+013  1.147E-010  6.501E+008  5.300E+007
 4.350E+013  1.171E-010  6.501E+008  5.324E+007
 4.370E+013  1.196E-010  6.501E+008  5.348E+007
 4.390E+013  1.222E-010  6.501E+008  5.372E+007
 4.410E+013  1.248E-010  6.501E+008  5.396E+007
 4.430E+013  1.274E-010  6.500E+008  5.420E+007
 4.450E+013  1.301E-010  6.500E+008  5.444E+007
 4.470E+013  1.329E-010  6.500E+008  5.468E+007
 4.490E+013  1.357E-010  6.500E+008  5.492E+007
 4.510E+013  1.386E-010  6.500E+008  5.516E+007
 4.530E+013  1.415E-010  6.499E+008  5.540E+007
 4.550E+013  1.445E-010  6.499E+008  5.564E+007
 4.570E+013  1.475E-010  6.499E+008  5.588E+007
 4.590E+013  1.506E-010  6.499E+008  5.612E+007
 4.610E+013  1.538E-010  6.498E+008  5.636E+007
 4.630E+013  1.570E-010  6.498E+008  5.660E+007
 4.650E+013  1.603E-010  6.498E+008  5.684E+007
 4.670E+013  1.636E-010  6.497E+008  5.708E+007
 4.690E+013  1.670E-010  6.497E+008  5.731E+007
 4.710E+013  1.705E-010  6.497E+008  5.755E+007
 4.730E+013  1.740E-010  6.497E+008  5.779E+007
 4.750E+013  1.776E-010  6.496E+008  5.802E+007
 4.770E+013  1.812E-010  6.496E+008  5.826E+007
 4.790E+013  1.849E-010  6.496E+008  5.849E+007
 4.810E+013  1.887E-010  6.495E+008  5.872E+007
 4.830E+013  1.925E-010  6.495E+008  5.896E+007
 4.850E+013  1.964E-010  6.494E+008  5.919E+007
 4.870E+013  2.004E-010  6.494E+008  5.942E+007
 4.890E+013  2.044E-010  6.494E+008  5.965E+007
 4.910E+013  2.085E-010  6.493E+008  5.988E+007
 4.930E+013  2.126E-010  6.493E+008  6.011E+007
 4.950E+013  2.168E-010  6.492E+008  6.034E+007
 4.970E+013  2.211E-010  6.492E+008  6.057E+007
 4.990E+013  2.254E-010  6.491E+008  6.080E+007
 5.010E+013  2.298E-010  6.491E+008  6.103E+007
 5.030E+013  2.343E-010  6.491E+008  6.126E+007
 5.050E+013  2.388E-010  6.490E+008  6.149E+007
 5.070E+013  2.434E-010  6.490E+008  6.172E+007
 5.090E+013  2.481E-010  6.489E+008  6.195E+007
 5.110E+013  2.528E-010  6.489E+008  6.219E+007
 5.130E+013  2.576E-010  6.488E+008  6.242E+007
 5.150E+013  2.625E-010  6.488E+008  6.265E+007
 5.170E+013  2.674E-010  6.487E+008  6.288E+007
 5.190E+013  2.724E-010  6.487E+008  6.312E+007
 5.210E+013  2.775E-010  6.486E+008  6.335E+007
 5.230E+013  2.827E-010  6.486E+008  6.358E+007
 5.250E+013  2.879E-010  6.485E+008  6.380E+007
 5.270E+013  2.933E-010  6.484E+008  6.403E+007
 5.290E+013  2.987E-010  6.484E+008  6.425E+007
 5.310E+013  3.041E-010  6.483E+008  6.448E+007
 5.330E+013  3.097E-010  6.482E+008  6.470E+007
 5.350E+013  3.153E-010  6.482E+008  6.491E+007
 5.370E+013  3.210E-010  6.481E+008  6.513E+007
 5.390E+013  3.268E-010  6.480E+008  6.534E+007
 5.410E+013  3.326E-010  6.479E+008  6.556E+007
 5.430E+013  3.386E-010  6.479E+008  6.577E+007
 5.450E+013  3.446E-010  6.478E+008  6.598E+007
 5.470E+013  3.507E-010  6.477E+008  6.619E+007
 5.490E+013  3.568E-010  6.476E+008  6.641E+007
 5.510E+013  3.631E-010  6.475E+008  6.662E+007
 5.530E+013  3.694E-010  6.474E+008  6.684E+007
 5.550E+013  3.759E-010  6.474E+008  6.706E+007
 5.570E+013  3.824E-010  6.473E+008  6.728E+007
 5.590E+013  3.890E-010  6.472E+008  6.751E+007
 5.610E+013  3.957E-010  6.471E+008  6.773E+007
 5.630E+013  4.024E-010  6.470E+008  6.796E+007
 5.650E+013  4.093E-010  6.470E+008  6.818E+007
 5.670E+013  4.162E-010  6.469E+008  6.840E+007
 5.690E+013  4.232E-010  6.468E+008  6.862E+007
 5.710E+013  4.303E-010  6.467E+008  6.884E+007
 5.730E+013  4.375E-010  6.466E+008  6.906E+007
 5.750E+013  4.448E-010  6.465E+008  6.926E+007
 5.770E+013  4.522E-010  6.464E+008  6.947E+007
 5.790E+013  4.596E-010  6.462E+008  6.967E+007
 5.810E+013  4.672E-010  6.461E+008  6.986E+007
 5.830E+013  4.748E-010  6.460E+008  7.005E+007
 5.850E+013  4.826E-010  6.459E+008  7.024E+007
 5.870E+013  4.904E-010  6.457E+008  7.042E+007
 5.890E+013  4.983E-010  6.456E+008  7.061E+007
 5.910E+013  5.064E-010  6.454E+008  7.079E+007
 5.930E+013  5.145E-010  6.453E+008  7.098E+007
 5.950E+013  5.227E-010  6.452E+008  7.118E+007
 5.970E+013  5.311E-010  6.450E+008  7.138E+007
 5.990E+013  5.395E-010  6.449E+008  7.158E+007
 6.010E+013  5.481E-010  6.448E+008  7.180E+007
 6.030E+013  5.568E-010  6.447E+008  7.201E+007
 6.050E+013  5.656E-010  6.446E+008  7.224E+007
 6.070E+013  5.745E-010  6.444E+008  7.246E+007
 6.090E+013  5.835E-010  6.443E+008  7.268E+007
 6.110E+013  5.926E-010  6.442E+008  7.290E+007
 6.130E+013  6.018E-010  6.441E+008  7.312E+007
 6.150E+013  6.112E-010  6.439E+008  7.332E+007
 6.170E+013  6.207E-010  6.437E+008  7.352E+007
 6.190E+013  6.302E-010  6.436E+008  7.370E+007
 6.210E+013  6.399E-010  6.434E+008  7.386E+007
 6.230E+013  6.497E-010  6.432E+008  7.401E+007
 6.250E+013  6.596E-010  6.429E+008  7.415E+007
 6.270E+013  6.697E-010  6.427E+008  7.427E+007
 6.290E+013  6.798E-010  6.424E+008  7.438E+007
 6.310E+013  6.901E-010  6.422E+008  7.449E+007
 6.330E+013  7.005E-010  6.419E+008  7.460E+007
 6.350E+013  7.110E-010  6.416E+008  7.472E+007
 6.370E+013  7.217E-010  6.414E+008  7.484E+007
 6.390E+013  7.325E-010  6.411E+008  7.498E+007
 6.410E+013  7.434E-010  6.409E+008  7.514E+007
 6.430E+013  7.545E-010  6.407E+008  7.532E+007
 6.450E+013  7.657E-010  6.406E+008  7.552E+007
 6.470E+013  7.771E-010  6.404E+008  7.574E+007
 6.490E+013  7.887E-010  6.403E+008  7.598E+007
 6.510E+013  8.004E-010  6.402E+008  7.623E+007
 6.530E+013  8.122E-010  6.400E+008  7.650E+007
 6.550E+013  8.242E-010  6.399E+008  7.676E+007
 6.570E+013  8.363E-010  6.398E+008  7.703E+007
 6.590E+013  8.486E-010  6.396E+008  7.728E+007
 6.610E+013  8.610E-010  6.395E+008  7.752E+007
 6.630E+013  8.735E-010  6.393E+008  7.774E+007
 6.650E+013  8.860E-010  6.390E+008  7.791E+007
 6.670E+013  8.987E-010  6.387E+008  7.803E+007
 6.690E+013  9.114E-010  6.383E+008  7.809E+007
 6.710E+013  9.242E-010  6.378E+008  7.809E+007
 6.730E+013  9.370E-010  6.371E+008  7.801E+007
 6.750E+013  9.499E-010  6.364E+008  7.783E+007
 6.770E+013  9.627E-010  6.355E+008  7.754E+007
 6.790E+013  9.755E-010  6.344E+008  7.714E+007
 6.810E+013  9.883E-010  6.332E+008  7.662E+007
 6.830E+013  1.001E-009  6.318E+008  7.598E+007
 6.850E+013  1.014E-009  6.303E+008  7.523E+007
 6.870E+013  1.026E-009  6.287E+008  7.438E+007
 6.890E+013  1.039E-009  6.269E+008  7.345E+007
 6.910E+013  1.052E-009  6.251E+008  7.247E+007
 6.930E+013  1.064E-009  6.232E+008  7.144E+007
 6.950E+013  1.077E-009  6.212E+008  7.040E+007
 6.970E+013  1.090E-009  6.193E+008  6.936E+007
 6.990E+013  1.102E-009  6.173E+008  6.832E+007
 7.010E+013  1.115E-009  6.154E+008  6.729E+007
 7.030E+013  1.128E-009  6.134E+008  6.628E+007
 7.050E+013  1.141E-009  6.115E+008  6.527E+007
 7.070E+013  1.154E-009  6.095E+008  6.429E+007
 7.090E+013  1.168E-009  6.076E+008  6.331E+007
 7.110E+013  1.181E-009  6.056E+008  6.235E+007
 7.130E+013  1.194E-009  6.037E+008  6.140E+007
 7.150E+013  1.207E-009  6.017E+008  6.047E+007
 7.170E+013  1.221E-009  5.998E+008  5.954E+007
 7.190E+013  1.234E-009  5.978E+008  5.863E+007
 7.210E+013  1.248E-009  5.959E+008  5.773E+007
 7.230E+013  1.262E-009  5.939E+008  5.684E+007
 7.250E+013  1.275E-009  5.919E+008  5.596E+007
 7.270E+013  1.289E-009  5.900E+008  5.509E+007
 7.290E+013  1.303E-009  5.880E+008  5.423E+007
 7.310E+013  1.317E-009  5.860E+008  5.338E+007
 7.330E+013  1.331E-009  5.841E+008  5.254E+007
 7.350E+013  1.345E-009  5.821E+008  5.170E+007
 7.370E+013  1.359E-009  5.801E+008  5.088E+007
 7.390E+013  1.373E-009  5.781E+008  5.006E+007
 7.410E+013  1.387E-009  5.762E+008  4.925E+007
 7.430E+013  1.401E-009  5.742E+008  4.845E+007
 7.450E+013  1.416E-009  5.722E+008  4.765E+007
 7.470E+013  1.430E-009  5.702E+008  4.686E+007
 7.490E+013  1.444E-009  5.682E+008  4.608E+007
 7.510E+013  1.459E-009  5.662E+008  4.530E+007
 7.530E+013  1.473E-009  5.642E+008  4.453E+007
 7.550E+013  1.488E-009  5.621E+008  4.377E+007
 7.570E+013  1.502E-009  5.601E+008  4.301E+007
 7.590E+013  1.517E-009  5.581E+008  4.225E+007
 7.610E+013  1.532E-009  5.561E+008  4.150E+007
 7.630E+013  1.546E-009  5.540E+008  4.077E+007
 7.650E+013  1.561E-009  5.520E+008  4.003E+007
 7.670E+013  1.576E-009  5.499E+008  3.930E+007
 7.690E+013  1.591E-009  5.479E+008  3.857E+007
 7.710E+013  1.606E-009  5.458E+008  3.787E+007
 7.730E+013  1.621E-009  5.438E+008  3.714E+007
 7.750E+013  1.636E-009  5.417E+008  3.644E+007
 7.770E+013  1.651E-009  5.396E+008  3.572E+007
 7.790E+013  1.666E-009  5.376E+008  3.503E+007
 7.810E+013  1.681E-009  5.354E+008  3.432E+007
 7.830E+013  1.696E-009  5.334E+008  3.361E+007
 7.850E+013  1.711E-009  5.312E+008  3.297E+007
 7.870E+013  1.726E-009  5.292E+008  3.217E+007
 7.890E+013  1.742E-009  5.271E+008  3.163E+007
 7.910E+013  1.756E-009  5.248E+008  3.078E+007
 7.930E+013  1.772E-009  5.230E+008  3.020E+007
 7.950E+013  1.787E-009  5.204E+008  2.954E+007
 7.970E+013  1.803E-009  5.186E+008  2.863E+007
 7.990E+013  1.818E-009  5.165E+008  2.836E+007
 8.010E+013  1.832E-009  5.137E+008  2.721E+007
 8.030E+013  1.849E-009  5.126E+008  2.678E+007
 8.050E+013  1.863E-009  5.095E+008  2.632E+007
 8.070E+013  1.878E-009  5.075E+008  2.490E+007
 8.090E+013  1.896E-009  5.063E+008  2.520E+007
 8.110E+013  1.907E-009  5.021E+008  2.395E+007
 8.130E+013  1.926E-009  5.016E+008  2.282E+007
 8.150E+013  1.942E-009  4.998E+008  2.370E+007
 8.170E+013  1.951E-009  4.947E+008  2.144E+007
 8.190E+013  1.974E-009  4.958E+008  2.076E+007
 8.210E+013  1.989E-009  4.935E+008  2.236E+007
 8.230E+013  1.993E-009  4.866E+008  1.896E+007
 8.250E+013  2.020E-009  4.893E+008  1.811E+007
 8.270E+013  2.039E-009  4.883E+008  2.123E+007
 8.290E+013  2.034E-009  4.780E+008  1.722E+007
 8.310E+013  2.059E-009  4.796E+008  1.393E+007
 8.330E+013  2.093E-009  4.848E+008  1.919E+007
 8.350E+013  2.082E-009  4.723E+008  1.798E+007
 8.370E+013  2.077E-009  4.628E+008  8.756E+006
 8.390E+013  2.131E-009  4.750E+008  1.109E+007
 8.410E+013  2.162E-009  4.785E+008  2.013E+007
 8.430E+013  2.103E-009  4.494E+008  1.339E+007
 8.450E+013  2.003E-009  4.076E+008 -1.066E+007
 8.470E+013  1.932E-009  3.783E+008 -3.635E+007
 8.490E+013  1.907E-009  3.649E+008 -5.129E+007
 8.510E+013  1.910E-009  3.605E+008 -5.638E+007
 8.530E+013  1.922E-009  3.592E+008 -5.718E+007
 8.550E+013  1.936E-009  3.586E+008 -5.674E+007
 8.570E+013  1.951E-009  3.581E+008 -5.606E+007
 8.590E+013  1.966E-009  3.577E+008 -5.533E+007
 8.610E+013  1.982E-009  3.573E+008 -5.458E+007
 8.630E+013  1.997E-009  3.570E+008 -5.380E+007
 8.650E+013  2.013E-009  3.566E+008 -5.302E+007
 8.670E+013  2.029E-009  3.563E+008 -5.222E+007
 8.690E+013  2.045E-009  3.560E+008 -5.141E+007
 8.710E+013  2.061E-009  3.558E+008 -5.060E+007
 8.730E+013  2.077E-009  3.555E+008 -4.978E+007
 8.750E+013  2.094E-009  3.552E+008 -4.896E+007
 8.770E+013  2.110E-009  3.549E+008 -4.814E+007
 8.790E+013  2.127E-009  3.547E+008 -4.732E+007
 8.810E+013  2.144E-009  3.544E+008 -4.651E+007
 8.830E+013  2.161E-009  3.542E+008 -4.570E+007
 8.850E+013  2.178E-009  3.539E+008 -4.489E+007
 8.870E+013  2.195E-009  3.536E+008 -4.408E+007
 8.890E+013  2.213E-009  3.534E+008 -4.327E+007
 8.910E+013  2.230E-009  3.531E+008 -4.247E+007
 8.930E+013  2.248E-009  3.529E+008 -4.167E+007
 8.950E+013  2.265E-009  3.526E+008 -4.088E+007
 8.970E+013  2.283E-009  3.524E+008 -4.008E+007
 8.990E+013  2.301E-009  3.522E+008 -3.928E+007
 9.010E+013  2.319E-009  3.519E+008 -3.849E+007
 9.030E+013  2.338E-009  3.517E+008 -3.769E+007
 9.050E+013  2.356E-009  3.515E+008 -3.689E+007
 9.070E+013  2.375E-009  3.513E+008 -3.610E+007
 9.090E+013  2.393E-009  3.511E+008 -3.530E+007
 9.110E+013  2.412E-009  3.509E+008 -3.450E+007
 9.130E+013  2.431E-009  3.507E+008 -3.370E+007
 9.150E+013  2.450E-009  3.505E+008 -3.290E+007
 9.170E+013  2.470E-009  3.503E+008 -3.210E+007
 9.190E+013  2.489E-009  3.501E+008 -3.130E+007
 9.210E+013  2.509E-009  3.500E+008 -3.050E+007
 9.230E+013  2.529E-009  3.498E+008 -2.970E+007
 9.250E+013  2.549E-009  3.497E+008 -2.890E+007
 9.270E+013  2.569E-009  3.495E+008 -2.810E+007
 9.290E+013  2.589E-009  3.494E+008 -2.730E+007
 9.310E+013  2.610E-009  3.492E+008 -2.650E+007
 9.330E+013  2.631E-009  3.491E+008 -2.570E+007
 9.350E+013  2.652E-009  3.490E+008 -2.490E+007
 9.370E+013  2.673E-009  3.489E+008 -2.411E+007
 9.390E+013  2.694E-009  3.487E+008 -2.332E+007
 9.410E+013  2.715E-009  3.486E+008 -2.253E+007
 9.430E+013  2.737E-009  3.485E+008 -2.174E+007
 9.450E+013  2.758E-009  3.484E+008 -2.095E+007
 9.470E+013  2.780E-009  3.483E+008 -2.017E+007
 9.490E+013  2.802E-009  3.482E+008 -1.939E+007
 9.510E+013  2.824E-009  3.481E+008 -1.861E+007
 9.530E+013  2.847E-009  3.480E+008 -1.783E+007
 9.550E+013  2.869E-009  3.479E+008 -1.706E+007
 9.570E+013  2.892E-009  3.479E+008 -1.629E+007
 9.590E+013  2.915E-009  3.478E+008 -1.552E+007
 9.610E+013  2.938E-009  3.477E+008 -1.475E+007
 9.630E+013  2.961E-009  3.476E+008 -1.399E+007
 9.650E+013  2.985E-009  3.476E+008 -1.323E+007
 9.670E+013  3.008E-009  3.475E+008 -1.247E+007
 9.690E+013  3.032E-009  3.474E+008 -1.172E+007
 9.710E+013  3.056E-009  3.474E+008 -1.096E+007
 9.730E+013  3.080E-009  3.473E+008 -1.021E+007
 9.750E+013  3.105E-009  3.473E+008 -9.466E+006
 9.770E+013  3.129E-009  3.472E+008 -8.722E+006
 9.790E+013  3.154E-009  3.472E+008 -7.980E+006
 9.810E+013  3.179E-009  3.471E+008 -7.241E+006
 9.830E+013  3.204E-009  3.471E+008 -6.504E+006
 9.850E+013  3.230E-009  3.471E+008 -5.771E+006
 9.870E+013  3.255E-009  3.470E+008 -5.040E+006
 9.890E+013  3.281E-009  3.470E+008 -4.311E+006
 9.910E+013  3.306E-009  3.470E+008 -3.586E+006
 9.930E+013  3.334E-009  3.470E+008 -2.863E+006
 9.950E+013  3.365E-009  3.470E+008 -2.143E+006
 9.970E+013  3.401E-009  3.470E+008 -1.426E+006
 9.990E+013  3.427E-009  3.470E+008 -7.116E+005
 1.001E+014  1.000E-099  1.000E-099 -0.000E+000
 1.003E+014  1.000E-099  1.000E-099 -0.000E+000
 8.181E-003
