 5.400E+004
     x1b        dens       energ       v1
 1.000E+011  1.480E-012  1.460E+009  0.000E+000
 3.000E+011  1.480E-012  1.460E+009  9.610E+005
 5.000E+011  1.482E-012  1.460E+009  1.767E+006
 7.000E+011  1.485E-012  1.460E+009  2.702E+006
 9.000E+011  1.490E-012  1.460E+009  3.579E+006
 1.100E+012  1.498E-012  1.460E+009  4.486E+006
 1.300E+012  1.509E-012  1.460E+009  5.377E+006
 1.500E+012  1.522E-012  1.460E+009  6.277E+006
 1.700E+012  1.537E-012  1.460E+009  7.172E+006
 1.900E+012  1.554E-012  1.460E+009  8.069E+006
 2.100E+012  1.573E-012  1.460E+009  8.965E+006
 2.300E+012  1.594E-012  1.460E+009  9.862E+006
 2.500E+012  1.615E-012  1.460E+009  1.076E+007
 2.700E+012  1.637E-012  1.460E+009  1.165E+007
 2.900E+012  1.659E-012  1.460E+009  1.255E+007
 3.100E+012  1.681E-012  1.460E+009  1.345E+007
 3.300E+012  1.703E-012  1.460E+009  1.434E+007
 3.500E+012  1.725E-012  1.460E+009  1.524E+007
 3.700E+012  1.747E-012  1.460E+009  1.614E+007
 3.900E+012  1.767E-012  1.460E+009  1.703E+007
 4.100E+012  1.785E-012  1.460E+009  1.793E+007
 4.300E+012  1.800E-012  1.460E+009  1.883E+007
 4.500E+012  1.810E-012  1.460E+009  1.972E+007
 4.700E+012  1.816E-012  1.460E+009  2.062E+007
 4.900E+012  1.818E-012  1.460E+009  2.152E+007
 5.100E+012  1.818E-012  1.460E+009  2.241E+007
 5.300E+012  1.818E-012  1.460E+009  2.331E+007
 5.500E+012  1.818E-012  1.460E+009  2.421E+007
 5.700E+012  1.818E-012  1.460E+009  2.510E+007
 5.900E+012  1.817E-012  1.460E+009  2.600E+007
 6.100E+012  1.817E-012  1.460E+009  2.690E+007
 6.300E+012  1.817E-012  1.460E+009  2.779E+007
 6.500E+012  1.816E-012  1.460E+009  2.869E+007
 6.700E+012  1.815E-012  1.460E+009  2.958E+007
 6.900E+012  1.813E-012  1.460E+009  3.048E+007
 7.100E+012  1.812E-012  1.460E+009  3.138E+007
 7.300E+012  1.810E-012  1.460E+009  3.227E+007
 7.500E+012  1.809E-012  1.460E+009  3.317E+007
 7.700E+012  1.808E-012  1.460E+009  3.407E+007
 7.900E+012  1.808E-012  1.460E+009  3.496E+007
 8.100E+012  1.808E-012  1.460E+009  3.586E+007
 8.300E+012  1.808E-012  1.460E+009  3.676E+007
 8.500E+012  1.808E-012  1.460E+009  3.765E+007
 8.700E+012  1.808E-012  1.460E+009  3.855E+007
 8.900E+012  1.809E-012  1.460E+009  3.945E+007
 9.100E+012  1.810E-012  1.460E+009  4.034E+007
 9.300E+012  1.811E-012  1.460E+009  4.124E+007
 9.500E+012  1.812E-012  1.460E+009  4.214E+007
 9.700E+012  1.814E-012  1.460E+009  4.303E+007
 9.900E+012  1.817E-012  1.460E+009  4.393E+007
 1.010E+013  1.820E-012  1.460E+009  4.483E+007
 1.030E+013  1.825E-012  1.460E+009  4.572E+007
 1.050E+013  1.830E-012  1.460E+009  4.662E+007
 1.070E+013  1.837E-012  1.460E+009  4.751E+007
 1.090E+013  1.845E-012  1.460E+009  4.841E+007
 1.110E+013  1.854E-012  1.460E+009  4.931E+007
 1.130E+013  1.865E-012  1.460E+009  5.020E+007
 1.150E+013  1.878E-012  1.460E+009  5.110E+007
 1.170E+013  1.892E-012  1.460E+009  5.200E+007
 1.190E+013  1.909E-012  1.460E+009  5.289E+007
 1.210E+013  1.928E-012  1.460E+009  5.379E+007
 1.230E+013  1.950E-012  1.460E+009  5.469E+007
 1.250E+013  1.974E-012  1.460E+009  5.558E+007
 1.270E+013  2.002E-012  1.460E+009  5.648E+007
 1.290E+013  2.032E-012  1.460E+009  5.738E+007
 1.310E+013  2.067E-012  1.460E+009  5.828E+007
 1.330E+013  2.105E-012  1.460E+009  5.917E+007
 1.350E+013  2.147E-012  1.460E+009  6.007E+007
 1.370E+013  2.194E-012  1.460E+009  6.097E+007
 1.390E+013  2.246E-012  1.460E+009  6.186E+007
 1.410E+013  2.303E-012  1.460E+009  6.276E+007
 1.430E+013  2.366E-012  1.460E+009  6.366E+007
 1.450E+013  2.435E-012  1.460E+009  6.456E+007
 1.470E+013  2.512E-012  1.460E+009  6.545E+007
 1.490E+013  2.596E-012  1.460E+009  6.635E+007
 1.510E+013  2.688E-012  1.460E+009  6.725E+007
 1.530E+013  2.789E-012  1.460E+009  6.815E+007
 1.550E+013  2.901E-012  1.460E+009  6.905E+007
 1.570E+013  3.022E-012  1.460E+009  6.994E+007
 1.590E+013  3.156E-012  1.460E+009  7.084E+007
 1.610E+013  3.302E-012  1.460E+009  7.174E+007
 1.630E+013  3.461E-012  1.460E+009  7.264E+007
 1.650E+013  3.636E-012  1.460E+009  7.354E+007
 1.670E+013  3.827E-012  1.460E+009  7.444E+007
 1.690E+013  4.035E-012  1.460E+009  7.534E+007
 1.710E+013  4.261E-012  1.460E+009  7.624E+007
 1.730E+013  4.509E-012  1.460E+009  7.714E+007
 1.750E+013  4.777E-012  1.460E+009  7.803E+007
 1.770E+013  5.069E-012  1.460E+009  7.893E+007
 1.790E+013  5.386E-012  1.460E+009  7.983E+007
 1.810E+013  5.729E-012  1.460E+009  8.073E+007
 1.830E+013  6.099E-012  1.460E+009  8.163E+007
 1.850E+013  6.498E-012  1.460E+009  8.253E+007
 1.870E+013  6.927E-012  1.460E+009  8.343E+007
 1.890E+013  7.388E-012  1.460E+009  8.432E+007
 1.910E+013  7.880E-012  1.460E+009  8.522E+007
 1.930E+013  8.405E-012  1.460E+009  8.612E+007
 1.950E+013  8.963E-012  1.460E+009  8.702E+007
 1.970E+013  9.555E-012  1.460E+009  8.791E+007
 1.990E+013  1.018E-011  1.460E+009  8.881E+007
 2.010E+013  1.083E-011  1.460E+009  8.970E+007
 2.030E+013  1.152E-011  1.460E+009  9.060E+007
 2.050E+013  1.224E-011  1.460E+009  9.150E+007
 2.070E+013  1.298E-011  1.460E+009  9.239E+007
 2.090E+013  1.376E-011  1.460E+009  9.329E+007
 2.110E+013  1.455E-011  1.460E+009  9.418E+007
 2.130E+013  1.537E-011  1.460E+009  9.508E+007
 2.150E+013  1.621E-011  1.460E+009  9.597E+007
 2.170E+013  1.707E-011  1.460E+009  9.686E+007
 2.190E+013  1.795E-011  1.460E+009  9.776E+007
 2.210E+013  1.884E-011  1.460E+009  9.865E+007
 2.230E+013  1.974E-011  1.460E+009  9.955E+007
 2.250E+013  2.066E-011  1.460E+009  1.004E+008
 2.270E+013  2.159E-011  1.460E+009  1.013E+008
 2.290E+013  2.253E-011  1.460E+009  1.022E+008
 2.310E+013  2.348E-011  1.460E+009  1.031E+008
 2.330E+013  2.444E-011  1.460E+009  1.040E+008
 2.350E+013  2.541E-011  1.460E+009  1.049E+008
 2.370E+013  2.639E-011  1.460E+009  1.058E+008
 2.390E+013  2.738E-011  1.460E+009  1.067E+008
 2.410E+013  2.838E-011  1.460E+009  1.076E+008
 2.430E+013  2.940E-011  1.460E+009  1.085E+008
 2.450E+013  3.044E-011  1.460E+009  1.094E+008
 2.470E+013  3.149E-011  1.460E+009  1.103E+008
 2.490E+013  3.255E-011  1.460E+009  1.112E+008
 2.510E+013  3.364E-011  1.460E+009  1.121E+008
 2.530E+013  3.475E-011  1.460E+009  1.130E+008
 2.550E+013  3.589E-011  1.460E+009  1.139E+008
 2.570E+013  3.704E-011  1.460E+009  1.148E+008
 2.590E+013  3.823E-011  1.460E+009  1.157E+008
 2.610E+013  3.945E-011  1.460E+009  1.166E+008
 2.630E+013  4.070E-011  1.460E+009  1.175E+008
 2.650E+013  4.198E-011  1.460E+009  1.184E+008
 2.670E+013  4.331E-011  1.460E+009  1.193E+008
 2.690E+013  4.467E-011  1.460E+009  1.202E+008
 2.710E+013  4.607E-011  1.460E+009  1.211E+008
 2.730E+013  4.752E-011  1.460E+009  1.220E+008
 2.750E+013  4.901E-011  1.460E+009  1.229E+008
 2.770E+013  5.055E-011  1.460E+009  1.237E+008
 2.790E+013  5.214E-011  1.461E+009  1.246E+008
 2.810E+013  5.378E-011  1.461E+009  1.255E+008
 2.830E+013  5.548E-011  1.461E+009  1.264E+008
 2.850E+013  5.724E-011  1.461E+009  1.273E+008
 2.870E+013  5.905E-011  1.461E+009  1.282E+008
 2.890E+013  6.092E-011  1.461E+009  1.291E+008
 2.910E+013  6.285E-011  1.461E+009  1.300E+008
 2.930E+013  6.485E-011  1.461E+009  1.309E+008
 2.950E+013  6.691E-011  1.461E+009  1.318E+008
 2.970E+013  6.903E-011  1.461E+009  1.327E+008
 2.990E+013  7.122E-011  1.461E+009  1.336E+008
 3.010E+013  7.347E-011  1.461E+009  1.345E+008
 3.030E+013  7.579E-011  1.461E+009  1.354E+008
 3.050E+013  7.817E-011  1.461E+009  1.363E+008
 3.070E+013  8.061E-011  1.461E+009  1.372E+008
 3.090E+013  8.312E-011  1.461E+009  1.381E+008
 3.110E+013  8.570E-011  1.461E+009  1.390E+008
 3.130E+013  8.833E-011  1.461E+009  1.399E+008
 3.150E+013  9.103E-011  1.461E+009  1.408E+008
 3.170E+013  9.380E-011  1.461E+009  1.417E+008
 3.190E+013  9.662E-011  1.461E+009  1.426E+008
 3.210E+013  9.950E-011  1.461E+009  1.435E+008
 3.230E+013  1.024E-010  1.461E+009  1.444E+008
 3.250E+013  1.054E-010  1.462E+009  1.453E+008
 3.270E+013  1.085E-010  1.462E+009  1.462E+008
 3.290E+013  1.116E-010  1.462E+009  1.471E+008
 3.310E+013  1.148E-010  1.462E+009  1.480E+008
 3.330E+013  1.180E-010  1.462E+009  1.489E+008
 3.350E+013  1.213E-010  1.462E+009  1.498E+008
 3.370E+013  1.247E-010  1.462E+009  1.507E+008
 3.390E+013  1.281E-010  1.462E+009  1.516E+008
 3.410E+013  1.316E-010  1.462E+009  1.525E+008
 3.430E+013  1.351E-010  1.462E+009  1.534E+008
 3.450E+013  1.387E-010  1.462E+009  1.543E+008
 3.470E+013  1.424E-010  1.462E+009  1.552E+008
 3.490E+013  1.462E-010  1.462E+009  1.561E+008
 3.510E+013  1.500E-010  1.463E+009  1.570E+008
 3.530E+013  1.539E-010  1.463E+009  1.579E+008
 3.550E+013  1.579E-010  1.463E+009  1.588E+008
 3.570E+013  1.619E-010  1.463E+009  1.597E+008
 3.590E+013  1.661E-010  1.463E+009  1.606E+008
 3.610E+013  1.704E-010  1.463E+009  1.615E+008
 3.630E+013  1.747E-010  1.463E+009  1.624E+008
 3.650E+013  1.791E-010  1.463E+009  1.633E+008
 3.670E+013  1.837E-010  1.463E+009  1.642E+008
 3.690E+013  1.883E-010  1.464E+009  1.651E+008
 3.710E+013  1.931E-010  1.464E+009  1.660E+008
 3.730E+013  1.980E-010  1.464E+009  1.669E+008
 3.750E+013  2.030E-010  1.464E+009  1.678E+008
 3.770E+013  2.081E-010  1.464E+009  1.687E+008
 3.790E+013  2.133E-010  1.464E+009  1.696E+008
 3.810E+013  2.187E-010  1.464E+009  1.705E+008
 3.830E+013  2.241E-010  1.465E+009  1.714E+008
 3.850E+013  2.298E-010  1.465E+009  1.723E+008
 3.870E+013  2.355E-010  1.465E+009  1.732E+008
 3.890E+013  2.414E-010  1.465E+009  1.741E+008
 3.910E+013  2.474E-010  1.465E+009  1.750E+008
 3.930E+013  2.535E-010  1.465E+009  1.759E+008
 3.950E+013  2.598E-010  1.466E+009  1.768E+008
 3.970E+013  2.663E-010  1.466E+009  1.777E+008
 3.990E+013  2.728E-010  1.466E+009  1.786E+008
 4.010E+013  2.795E-010  1.466E+009  1.795E+008
 4.030E+013  2.864E-010  1.467E+009  1.804E+008
 4.050E+013  2.934E-010  1.467E+009  1.813E+008
 4.070E+013  3.005E-010  1.467E+009  1.822E+008
 4.090E+013  3.078E-010  1.467E+009  1.831E+008
 4.110E+013  3.152E-010  1.467E+009  1.840E+008
 4.130E+013  3.227E-010  1.468E+009  1.850E+008
 4.150E+013  3.305E-010  1.468E+009  1.859E+008
 4.170E+013  3.383E-010  1.468E+009  1.868E+008
 4.190E+013  3.463E-010  1.468E+009  1.877E+008
 4.210E+013  3.545E-010  1.469E+009  1.886E+008
 4.230E+013  3.628E-010  1.469E+009  1.895E+008
 4.250E+013  3.712E-010  1.469E+009  1.904E+008
 4.270E+013  3.798E-010  1.470E+009  1.913E+008
 4.290E+013  3.886E-010  1.470E+009  1.922E+008
 4.310E+013  3.975E-010  1.470E+009  1.931E+008
 4.330E+013  4.066E-010  1.471E+009  1.940E+008
 4.350E+013  4.159E-010  1.471E+009  1.949E+008
 4.370E+013  4.253E-010  1.471E+009  1.958E+008
 4.390E+013  4.349E-010  1.472E+009  1.968E+008
 4.410E+013  4.447E-010  1.472E+009  1.977E+008
 4.430E+013  4.546E-010  1.472E+009  1.986E+008
 4.450E+013  4.647E-010  1.473E+009  1.995E+008
 4.470E+013  4.750E-010  1.473E+009  2.004E+008
 4.490E+013  4.855E-010  1.474E+009  2.013E+008
 4.510E+013  4.962E-010  1.474E+009  2.022E+008
 4.530E+013  5.070E-010  1.474E+009  2.031E+008
 4.550E+013  5.181E-010  1.475E+009  2.041E+008
 4.570E+013  5.293E-010  1.475E+009  2.050E+008
 4.590E+013  5.407E-010  1.476E+009  2.059E+008
 4.610E+013  5.524E-010  1.476E+009  2.068E+008
 4.630E+013  5.642E-010  1.477E+009  2.077E+008
 4.650E+013  5.762E-010  1.477E+009  2.086E+008
 4.670E+013  5.884E-010  1.478E+009  2.096E+008
 4.690E+013  6.008E-010  1.478E+009  2.105E+008
 4.710E+013  6.135E-010  1.479E+009  2.114E+008
 4.730E+013  6.263E-010  1.479E+009  2.123E+008
 4.750E+013  6.393E-010  1.480E+009  2.132E+008
 4.770E+013  6.526E-010  1.481E+009  2.142E+008
 4.790E+013  6.661E-010  1.481E+009  2.151E+008
 4.810E+013  6.797E-010  1.482E+009  2.160E+008
 4.830E+013  6.936E-010  1.482E+009  2.169E+008
 4.850E+013  7.078E-010  1.483E+009  2.178E+008
 4.870E+013  7.221E-010  1.484E+009  2.188E+008
 4.890E+013  7.367E-010  1.484E+009  2.197E+008
 4.910E+013  7.515E-010  1.485E+009  2.206E+008
 4.930E+013  7.666E-010  1.486E+009  2.216E+008
 4.950E+013  7.819E-010  1.486E+009  2.225E+008
 4.970E+013  7.974E-010  1.487E+009  2.234E+008
 4.990E+013  8.132E-010  1.488E+009  2.243E+008
 5.010E+013  8.293E-010  1.489E+009  2.253E+008
 5.030E+013  8.456E-010  1.490E+009  2.262E+008
 5.050E+013  8.622E-010  1.490E+009  2.271E+008
 5.070E+013  8.791E-010  1.491E+009  2.281E+008
 5.090E+013  8.962E-010  1.492E+009  2.290E+008
 5.110E+013  9.137E-010  1.493E+009  2.299E+008
 5.130E+013  9.314E-010  1.494E+009  2.309E+008
 5.150E+013  9.494E-010  1.495E+009  2.318E+008
 5.170E+013  9.677E-010  1.496E+009  2.328E+008
 5.190E+013  9.864E-010  1.497E+009  2.337E+008
 5.210E+013  1.005E-009  1.498E+009  2.346E+008
 5.230E+013  1.025E-009  1.499E+009  2.356E+008
 5.250E+013  1.044E-009  1.500E+009  2.365E+008
 5.270E+013  1.064E-009  1.501E+009  2.375E+008
 5.290E+013  1.084E-009  1.502E+009  2.384E+008
 5.310E+013  1.105E-009  1.503E+009  2.394E+008
 5.330E+013  1.126E-009  1.504E+009  2.403E+008
 5.350E+013  1.147E-009  1.505E+009  2.413E+008
 5.370E+013  1.169E-009  1.506E+009  2.422E+008
 5.390E+013  1.191E-009  1.508E+009  2.432E+008
 5.410E+013  1.214E-009  1.509E+009  2.441E+008
 5.430E+013  1.236E-009  1.510E+009  2.451E+008
 5.450E+013  1.260E-009  1.511E+009  2.460E+008
 5.470E+013  1.283E-009  1.513E+009  2.470E+008
 5.490E+013  1.307E-009  1.514E+009  2.480E+008
 5.510E+013  1.332E-009  1.516E+009  2.489E+008
 5.530E+013  1.356E-009  1.517E+009  2.499E+008
 5.550E+013  1.382E-009  1.518E+009  2.508E+008
 5.570E+013  1.407E-009  1.520E+009  2.518E+008
 5.590E+013  1.433E-009  1.521E+009  2.528E+008
 5.610E+013  1.460E-009  1.523E+009  2.538E+008
 5.630E+013  1.487E-009  1.525E+009  2.547E+008
 5.650E+013  1.514E-009  1.526E+009  2.557E+008
 5.670E+013  1.542E-009  1.528E+009  2.567E+008
 5.690E+013  1.570E-009  1.530E+009  2.577E+008
 5.710E+013  1.599E-009  1.531E+009  2.586E+008
 5.730E+013  1.628E-009  1.533E+009  2.596E+008
 5.750E+013  1.657E-009  1.535E+009  2.606E+008
 5.770E+013  1.687E-009  1.537E+009  2.616E+008
 5.790E+013  1.718E-009  1.539E+009  2.626E+008
 5.810E+013  1.749E-009  1.541E+009  2.636E+008
 5.830E+013  1.781E-009  1.543E+009  2.646E+008
 5.850E+013  1.813E-009  1.545E+009  2.656E+008
 5.870E+013  1.845E-009  1.547E+009  2.666E+008
 5.890E+013  1.878E-009  1.549E+009  2.676E+008
 5.910E+013  1.912E-009  1.551E+009  2.686E+008
 5.930E+013  1.946E-009  1.553E+009  2.696E+008
 5.950E+013  1.981E-009  1.556E+009  2.706E+008
 5.970E+013  2.016E-009  1.558E+009  2.716E+008
 5.990E+013  2.052E-009  1.560E+009  2.726E+008
 6.010E+013  2.088E-009  1.563E+009  2.736E+008
 6.030E+013  2.125E-009  1.565E+009  2.746E+008
 6.050E+013  2.163E-009  1.568E+009  2.757E+008
 6.070E+013  2.201E-009  1.570E+009  2.767E+008
 6.090E+013  2.240E-009  1.573E+009  2.777E+008
 6.110E+013  2.279E-009  1.576E+009  2.787E+008
 6.130E+013  2.319E-009  1.578E+009  2.798E+008
 6.150E+013  2.360E-009  1.581E+009  2.808E+008
 6.170E+013  2.401E-009  1.584E+009  2.819E+008
 6.190E+013  2.443E-009  1.587E+009  2.829E+008
 6.210E+013  2.486E-009  1.590E+009  2.839E+008
 6.230E+013  2.529E-009  1.593E+009  2.850E+008
 6.250E+013  2.573E-009  1.596E+009  2.860E+008
 6.270E+013  2.618E-009  1.599E+009  2.871E+008
 6.290E+013  2.663E-009  1.603E+009  2.882E+008
 6.310E+013  2.710E-009  1.606E+009  2.892E+008
 6.330E+013  2.757E-009  1.609E+009  2.903E+008
 6.350E+013  2.805E-009  1.613E+009  2.914E+008
 6.370E+013  2.853E-009  1.616E+009  2.924E+008
 6.390E+013  2.903E-009  1.620E+009  2.935E+008
 6.410E+013  2.953E-009  1.624E+009  2.946E+008
 6.430E+013  3.004E-009  1.628E+009  2.957E+008
 6.450E+013  3.057E-009  1.631E+009  2.968E+008
 6.470E+013  3.110E-009  1.635E+009  2.979E+008
 6.490E+013  3.163E-009  1.639E+009  2.990E+008
 6.510E+013  3.218E-009  1.644E+009  3.001E+008
 6.530E+013  3.274E-009  1.648E+009  3.012E+008
 6.550E+013  3.331E-009  1.652E+009  3.023E+008
 6.570E+013  3.388E-009  1.657E+009  3.034E+008
 6.590E+013  3.447E-009  1.661E+009  3.045E+008
 6.610E+013  3.507E-009  1.666E+009  3.056E+008
 6.630E+013  3.568E-009  1.670E+009  3.068E+008
 6.650E+013  3.630E-009  1.675E+009  3.079E+008
 6.670E+013  3.693E-009  1.680E+009  3.090E+008
 6.690E+013  3.757E-009  1.685E+009  3.102E+008
 6.710E+013  3.822E-009  1.690E+009  3.113E+008
 6.730E+013  3.889E-009  1.695E+009  3.125E+008
 6.750E+013  3.956E-009  1.701E+009  3.137E+008
 6.770E+013  4.025E-009  1.706E+009  3.148E+008
 6.790E+013  4.095E-009  1.712E+009  3.160E+008
 6.810E+013  4.166E-009  1.718E+009  3.172E+008
 6.830E+013  4.239E-009  1.723E+009  3.183E+008
 6.850E+013  4.313E-009  1.729E+009  3.195E+008
 6.870E+013  4.388E-009  1.735E+009  3.207E+008
 6.890E+013  4.465E-009  1.742E+009  3.219E+008
 6.910E+013  4.543E-009  1.748E+009  3.231E+008
 6.930E+013  4.623E-009  1.755E+009  3.243E+008
 6.950E+013  4.704E-009  1.761E+009  3.256E+008
 6.970E+013  4.787E-009  1.768E+009  3.268E+008
 6.990E+013  4.871E-009  1.775E+009  3.280E+008
 7.010E+013  4.957E-009  1.782E+009  3.292E+008
 7.030E+013  5.044E-009  1.789E+009  3.305E+008
 7.050E+013  5.133E-009  1.797E+009  3.317E+008
 7.070E+013  5.224E-009  1.804E+009  3.330E+008
 7.090E+013  5.317E-009  1.812E+009  3.343E+008
 7.110E+013  5.411E-009  1.820E+009  3.355E+008
 7.130E+013  5.507E-009  1.828E+009  3.368E+008
 7.150E+013  5.605E-009  1.836E+009  3.381E+008
 7.170E+013  5.706E-009  1.845E+009  3.394E+008
 7.190E+013  5.808E-009  1.853E+009  3.407E+008
 7.210E+013  5.912E-009  1.862E+009  3.420E+008
 7.230E+013  6.018E-009  1.871E+009  3.433E+008
 7.250E+013  6.126E-009  1.880E+009  3.446E+008
 7.270E+013  6.237E-009  1.890E+009  3.459E+008
 7.290E+013  6.350E-009  1.900E+009  3.473E+008
 7.310E+013  6.465E-009  1.909E+009  3.486E+008
 7.330E+013  6.583E-009  1.920E+009  3.500E+008
 7.350E+013  6.703E-009  1.930E+009  3.513E+008
 7.370E+013  6.825E-009  1.940E+009  3.527E+008
 7.390E+013  6.950E-009  1.951E+009  3.541E+008
 7.410E+013  7.078E-009  1.962E+009  3.554E+008
 7.430E+013  7.209E-009  1.974E+009  3.568E+008
 7.450E+013  7.342E-009  1.985E+009  3.582E+008
 7.470E+013  7.479E-009  1.997E+009  3.597E+008
 7.490E+013  7.618E-009  2.009E+009  3.611E+008
 7.510E+013  7.761E-009  2.022E+009  3.625E+008
 7.530E+013  7.906E-009  2.034E+009  3.639E+008
 7.550E+013  8.055E-009  2.047E+009  3.654E+008
 7.570E+013  8.207E-009  2.061E+009  3.668E+008
 7.590E+013  8.363E-009  2.074E+009  3.683E+008
 7.610E+013  8.522E-009  2.088E+009  3.698E+008
 7.630E+013  8.685E-009  2.102E+009  3.713E+008
 7.650E+013  8.851E-009  2.117E+009  3.727E+008
 7.670E+013  9.022E-009  2.132E+009  3.742E+008
 7.690E+013  9.196E-009  2.147E+009  3.758E+008
 7.710E+013  9.375E-009  2.163E+009  3.773E+008
 7.730E+013  9.557E-009  2.179E+009  3.788E+008
 7.750E+013  9.745E-009  2.195E+009  3.804E+008
 7.770E+013  9.936E-009  2.212E+009  3.819E+008
 7.790E+013  1.013E-008  2.230E+009  3.835E+008
 7.810E+013  1.033E-008  2.247E+009  3.850E+008
 7.830E+013  1.054E-008  2.265E+009  3.866E+008
 7.850E+013  1.075E-008  2.284E+009  3.882E+008
 7.870E+013  1.097E-008  2.303E+009  3.898E+008
 7.890E+013  1.119E-008  2.322E+009  3.914E+008
 7.910E+013  1.142E-008  2.342E+009  3.931E+008
 7.930E+013  1.165E-008  2.363E+009  3.947E+008
 7.950E+013  1.189E-008  2.384E+009  3.963E+008
 7.970E+013  1.213E-008  2.405E+009  3.980E+008
 7.990E+013  1.238E-008  2.427E+009  3.997E+008
 8.010E+013  1.264E-008  2.450E+009  4.013E+008
 8.030E+013  1.291E-008  2.473E+009  4.030E+008
 8.050E+013  1.318E-008  2.497E+009  4.047E+008
 8.070E+013  1.346E-008  2.521E+009  4.065E+008
 8.090E+013  1.374E-008  2.546E+009  4.082E+008
 8.110E+013  1.404E-008  2.572E+009  4.099E+008
 8.130E+013  1.434E-008  2.598E+009  4.117E+008
 8.150E+013  1.465E-008  2.625E+009  4.134E+008
 8.170E+013  1.497E-008  2.653E+009  4.152E+008
 8.190E+013  1.530E-008  2.682E+009  4.170E+008
 8.210E+013  1.563E-008  2.711E+009  4.188E+008
 8.230E+013  1.598E-008  2.741E+009  4.206E+008
 8.250E+013  1.634E-008  2.772E+009  4.224E+008
 8.270E+013  1.670E-008  2.803E+009  4.242E+008
 8.290E+013  1.708E-008  2.836E+009  4.261E+008
 8.310E+013  1.747E-008  2.869E+009  4.279E+008
 8.330E+013  1.787E-008  2.903E+009  4.298E+008
 8.350E+013  1.828E-008  2.938E+009  4.316E+008
 8.370E+013  1.871E-008  2.975E+009  4.335E+008
 8.390E+013  1.914E-008  3.012E+009  4.354E+008
 8.410E+013  1.959E-008  3.050E+009  4.373E+008
 8.430E+013  2.005E-008  3.089E+009  4.393E+008
 8.450E+013  2.053E-008  3.129E+009  4.412E+008
 8.470E+013  2.102E-008  3.171E+009  4.431E+008
 8.490E+013  2.153E-008  3.214E+009  4.451E+008
 8.510E+013  2.205E-008  3.257E+009  4.471E+008
 8.530E+013  2.259E-008  3.303E+009  4.490E+008
 8.550E+013  2.315E-008  3.349E+009  4.510E+008
 8.570E+013  2.373E-008  3.397E+009  4.530E+008
 8.590E+013  2.432E-008  3.446E+009  4.550E+008
 8.610E+013  2.493E-008  3.496E+009  4.571E+008
 8.630E+013  2.556E-008  3.548E+009  4.591E+008
 8.650E+013  2.622E-008  3.602E+009  4.612E+008
 8.670E+013  2.689E-008  3.657E+009  4.632E+008
 8.690E+013  2.759E-008  3.714E+009  4.653E+008
 8.710E+013  2.831E-008  3.772E+009  4.674E+008
 8.730E+013  2.906E-008  3.832E+009  4.695E+008
 8.750E+013  2.983E-008  3.894E+009  4.716E+008
 8.770E+013  3.063E-008  3.958E+009  4.737E+008
 8.790E+013  3.145E-008  4.024E+009  4.758E+008
 8.810E+013  3.231E-008  4.092E+009  4.779E+008
 8.830E+013  3.319E-008  4.162E+009  4.801E+008
 8.850E+013  3.410E-008  4.233E+009  4.822E+008
 8.870E+013  3.507E-008  4.310E+009  4.844E+008
 8.890E+013  3.604E-008  4.386E+009  4.867E+008
 8.910E+013  3.700E-008  4.454E+009  4.885E+008
 8.930E+013  3.813E-008  4.556E+009  4.904E+008
 8.950E+013  3.944E-008  4.695E+009  4.950E+008
 8.970E+013  3.969E-008  4.649E+009  4.973E+008
 8.990E+013  3.673E-008  3.914E+009  4.861E+008
 9.010E+013  2.553E-008  1.876E+009  4.283E+008
 9.030E+013  1.484E-008  3.328E+008  2.920E+008
 9.050E+013  1.085E-008  9.892E+006  1.122E+008
 9.070E+013  1.004E-008  3.382E+003  1.041E+007
 9.090E+013  1.000E-008  6.236E+001  4.088E+004
 9.110E+013  1.000E-008  6.236E+001  2.816E-001
 9.130E+013  1.000E-008  6.236E+001  2.026E-011
 9.150E+013  1.000E-008  6.236E+001  3.024E-032
 9.170E+013  1.000E-008  6.236E+001  2.115E-074
 9.190E+013  1.000E-008  6.236E+001  3.207E-159
 9.210E+013  1.000E-008  6.236E+001  0.000E+000
 9.230E+013  1.000E-008  6.236E+001  1.918E-013
 9.250E+013  1.000E-008  6.236E+001 -7.171E-036
 9.270E+013  1.000E-008  6.236E+001 -1.918E-013
 9.290E+013  1.000E-008  6.236E+001  0.000E+000
 9.310E+013  1.000E-008  6.236E+001  0.000E+000
 9.330E+013  1.000E-008  6.236E+001  0.000E+000
 9.350E+013  1.000E-008  6.236E+001  0.000E+000
 9.370E+013  1.000E-008  6.236E+001  1.918E-013
 9.390E+013  1.000E-008  6.236E+001 -1.918E-013
 9.410E+013  1.000E-008  6.236E+001  1.918E-013
 9.430E+013  1.000E-008  6.236E+001 -1.918E-013
 9.450E+013  1.000E-008  6.236E+001  0.000E+000
 9.470E+013  1.000E-008  6.236E+001  0.000E+000
 9.490E+013  1.000E-008  6.236E+001  0.000E+000
 9.510E+013  1.000E-008  6.236E+001  0.000E+000
 9.530E+013  1.000E-008  6.236E+001  1.918E-013
 9.550E+013  1.000E-008  6.236E+001 -1.918E-013
 9.570E+013  1.000E-008  6.236E+001 -5.295E-072
 9.590E+013  1.000E-008  6.236E+001 -8.286E-033
 9.610E+013  1.000E-008  6.236E+001 -1.918E-013
 9.630E+013  1.000E-008  6.236E+001  1.918E-013
 9.650E+013  1.000E-008  6.236E+001  8.279E-033
 9.670E+013  1.000E-008  6.236E+001  1.918E-013
 9.690E+013  1.000E-008  6.236E+001 -1.918E-013
 9.710E+013  1.000E-008  6.236E+001  0.000E+000
 9.730E+013  1.000E-008  6.236E+001  0.000E+000
 9.750E+013  1.000E-008  6.236E+001  0.000E+000
 9.770E+013  1.000E-008  6.236E+001  0.000E+000
 9.790E+013  1.000E-008  6.236E+001  0.000E+000
 9.810E+013  1.000E-008  6.236E+001  0.000E+000
 9.830E+013  1.000E-008  6.236E+001  0.000E+000
 9.850E+013  1.000E-008  6.236E+001  0.000E+000
 9.870E+013  1.000E-008  6.236E+001  0.000E+000
 9.890E+013  1.000E-008  6.236E+001  0.000E+000
 9.910E+013  1.000E-008  6.236E+001  0.000E+000
 9.930E+013  1.000E-008  6.236E+001  0.000E+000
 9.950E+013  1.000E-008  6.236E+001  1.918E-013
 9.970E+013  1.000E-008  6.236E+001 -1.918E-013
 9.990E+013  1.000E-008  6.236E+001  0.000E+000
 1.001E+014  1.000E-099  1.000E-099  0.000E+000
 1.003E+014  1.000E-099  1.000E-099  0.000E+000
 1.712E-003
