 2.700E+005
     x1b        dens       energ       v1
 1.000E+011  7.416E-013  6.027E+008  0.000E+000
 3.000E+011  7.635E-013  6.027E+008  6.384E+005
 5.000E+011  8.016E-013  6.027E+008  4.144E+005
 7.000E+011  8.336E-013  6.027E+008  8.390E+005
 9.000E+011  8.501E-013  6.027E+008  1.043E+006
 1.100E+012  8.574E-013  6.027E+008  1.321E+006
 1.300E+012  8.631E-013  6.027E+008  1.575E+006
 1.500E+012  8.705E-013  6.027E+008  1.839E+006
 1.700E+012  8.801E-013  6.027E+008  2.101E+006
 1.900E+012  8.905E-013  6.027E+008  2.366E+006
 2.100E+012  9.007E-013  6.027E+008  2.629E+006
 2.300E+012  9.106E-013  6.027E+008  2.893E+006
 2.500E+012  9.206E-013  6.027E+008  3.155E+006
 2.700E+012  9.312E-013  6.027E+008  3.419E+006
 2.900E+012  9.423E-013  6.027E+008  3.681E+006
 3.100E+012  9.537E-013  6.027E+008  3.943E+006
 3.300E+012  9.651E-013  6.027E+008  4.206E+006
 3.500E+012  9.765E-013  6.027E+008  4.469E+006
 3.700E+012  9.879E-013  6.027E+008  4.733E+006
 3.900E+012  9.991E-013  6.027E+008  4.996E+006
 4.100E+012  1.010E-012  6.027E+008  5.259E+006
 4.300E+012  1.021E-012  6.027E+008  5.521E+006
 4.500E+012  1.031E-012  6.027E+008  5.784E+006
 4.700E+012  1.041E-012  6.027E+008  6.047E+006
 4.900E+012  1.050E-012  6.027E+008  6.310E+006
 5.100E+012  1.057E-012  6.027E+008  6.573E+006
 5.300E+012  1.063E-012  6.027E+008  6.836E+006
 5.500E+012  1.067E-012  6.027E+008  7.098E+006
 5.700E+012  1.069E-012  6.027E+008  7.361E+006
 5.900E+012  1.069E-012  6.027E+008  7.625E+006
 6.100E+012  1.070E-012  6.027E+008  7.888E+006
 6.300E+012  1.070E-012  6.027E+008  8.151E+006
 6.500E+012  1.070E-012  6.027E+008  8.413E+006
 6.700E+012  1.070E-012  6.027E+008  8.676E+006
 6.900E+012  1.069E-012  6.027E+008  8.939E+006
 7.100E+012  1.069E-012  6.027E+008  9.201E+006
 7.300E+012  1.069E-012  6.027E+008  9.464E+006
 7.500E+012  1.069E-012  6.027E+008  9.728E+006
 7.700E+012  1.068E-012  6.027E+008  9.992E+006
 7.900E+012  1.068E-012  6.027E+008  1.025E+007
 8.100E+012  1.067E-012  6.027E+008  1.052E+007
 8.300E+012  1.067E-012  6.027E+008  1.078E+007
 8.500E+012  1.066E-012  6.027E+008  1.104E+007
 8.700E+012  1.065E-012  6.027E+008  1.130E+007
 8.900E+012  1.065E-012  6.027E+008  1.157E+007
 9.100E+012  1.064E-012  6.027E+008  1.183E+007
 9.300E+012  1.064E-012  6.027E+008  1.209E+007
 9.500E+012  1.064E-012  6.027E+008  1.236E+007
 9.700E+012  1.064E-012  6.027E+008  1.262E+007
 9.900E+012  1.064E-012  6.027E+008  1.288E+007
 1.010E+013  1.064E-012  6.027E+008  1.315E+007
 1.030E+013  1.064E-012  6.027E+008  1.341E+007
 1.050E+013  1.064E-012  6.027E+008  1.367E+007
 1.070E+013  1.065E-012  6.027E+008  1.393E+007
 1.090E+013  1.065E-012  6.027E+008  1.420E+007
 1.110E+013  1.066E-012  6.027E+008  1.446E+007
 1.130E+013  1.066E-012  6.027E+008  1.472E+007
 1.150E+013  1.067E-012  6.027E+008  1.499E+007
 1.170E+013  1.068E-012  6.027E+008  1.525E+007
 1.190E+013  1.070E-012  6.027E+008  1.551E+007
 1.210E+013  1.072E-012  6.027E+008  1.577E+007
 1.230E+013  1.074E-012  6.027E+008  1.604E+007
 1.250E+013  1.077E-012  6.027E+008  1.630E+007
 1.270E+013  1.080E-012  6.027E+008  1.656E+007
 1.290E+013  1.083E-012  6.027E+008  1.683E+007
 1.310E+013  1.088E-012  6.027E+008  1.709E+007
 1.330E+013  1.092E-012  6.027E+008  1.735E+007
 1.350E+013  1.098E-012  6.027E+008  1.762E+007
 1.370E+013  1.104E-012  6.027E+008  1.788E+007
 1.390E+013  1.111E-012  6.027E+008  1.814E+007
 1.410E+013  1.119E-012  6.027E+008  1.840E+007
 1.430E+013  1.128E-012  6.027E+008  1.867E+007
 1.450E+013  1.138E-012  6.027E+008  1.893E+007
 1.470E+013  1.148E-012  6.027E+008  1.919E+007
 1.490E+013  1.160E-012  6.027E+008  1.946E+007
 1.510E+013  1.174E-012  6.027E+008  1.972E+007
 1.530E+013  1.188E-012  6.027E+008  1.998E+007
 1.550E+013  1.204E-012  6.027E+008  2.024E+007
 1.570E+013  1.222E-012  6.027E+008  2.051E+007
 1.590E+013  1.241E-012  6.027E+008  2.077E+007
 1.610E+013  1.262E-012  6.027E+008  2.103E+007
 1.630E+013  1.285E-012  6.027E+008  2.130E+007
 1.650E+013  1.309E-012  6.027E+008  2.156E+007
 1.670E+013  1.336E-012  6.027E+008  2.182E+007
 1.690E+013  1.366E-012  6.027E+008  2.209E+007
 1.710E+013  1.397E-012  6.027E+008  2.235E+007
 1.730E+013  1.432E-012  6.027E+008  2.261E+007
 1.750E+013  1.469E-012  6.027E+008  2.288E+007
 1.770E+013  1.509E-012  6.027E+008  2.314E+007
 1.790E+013  1.553E-012  6.027E+008  2.340E+007
 1.810E+013  1.600E-012  6.027E+008  2.366E+007
 1.830E+013  1.651E-012  6.027E+008  2.393E+007
 1.850E+013  1.706E-012  6.027E+008  2.419E+007
 1.870E+013  1.766E-012  6.027E+008  2.445E+007
 1.890E+013  1.830E-012  6.027E+008  2.472E+007
 1.910E+013  1.899E-012  6.027E+008  2.498E+007
 1.930E+013  1.974E-012  6.027E+008  2.524E+007
 1.950E+013  2.055E-012  6.027E+008  2.551E+007
 1.970E+013  2.142E-012  6.027E+008  2.577E+007
 1.990E+013  2.235E-012  6.027E+008  2.603E+007
 2.010E+013  2.336E-012  6.027E+008  2.630E+007
 2.030E+013  2.444E-012  6.027E+008  2.656E+007
 2.050E+013  2.560E-012  6.027E+008  2.682E+007
 2.070E+013  2.685E-012  6.027E+008  2.709E+007
 2.090E+013  2.819E-012  6.027E+008  2.735E+007
 2.110E+013  2.962E-012  6.027E+008  2.761E+007
 2.130E+013  3.115E-012  6.027E+008  2.788E+007
 2.150E+013  3.280E-012  6.027E+008  2.814E+007
 2.170E+013  3.455E-012  6.027E+008  2.841E+007
 2.190E+013  3.642E-012  6.027E+008  2.867E+007
 2.210E+013  3.841E-012  6.027E+008  2.893E+007
 2.230E+013  4.052E-012  6.027E+008  2.919E+007
 2.250E+013  4.276E-012  6.027E+008  2.946E+007
 2.270E+013  4.514E-012  6.027E+008  2.972E+007
 2.290E+013  4.765E-012  6.027E+008  2.998E+007
 2.310E+013  5.029E-012  6.027E+008  3.025E+007
 2.330E+013  5.307E-012  6.027E+008  3.051E+007
 2.350E+013  5.599E-012  6.027E+008  3.077E+007
 2.370E+013  5.904E-012  6.027E+008  3.104E+007
 2.390E+013  6.222E-012  6.027E+008  3.130E+007
 2.410E+013  6.554E-012  6.027E+008  3.156E+007
 2.430E+013  6.898E-012  6.027E+008  3.182E+007
 2.450E+013  7.255E-012  6.027E+008  3.209E+007
 2.470E+013  7.623E-012  6.027E+008  3.235E+007
 2.490E+013  8.002E-012  6.027E+008  3.261E+007
 2.510E+013  8.392E-012  6.027E+008  3.287E+007
 2.530E+013  8.791E-012  6.027E+008  3.314E+007
 2.550E+013  9.199E-012  6.027E+008  3.340E+007
 2.570E+013  9.616E-012  6.027E+008  3.366E+007
 2.590E+013  1.004E-011  6.027E+008  3.392E+007
 2.610E+013  1.047E-011  6.027E+008  3.418E+007
 2.630E+013  1.091E-011  6.027E+008  3.445E+007
 2.650E+013  1.135E-011  6.027E+008  3.471E+007
 2.670E+013  1.180E-011  6.027E+008  3.497E+007
 2.690E+013  1.225E-011  6.027E+008  3.523E+007
 2.710E+013  1.271E-011  6.027E+008  3.550E+007
 2.730E+013  1.317E-011  6.027E+008  3.576E+007
 2.750E+013  1.364E-011  6.027E+008  3.602E+007
 2.770E+013  1.411E-011  6.027E+008  3.628E+007
 2.790E+013  1.459E-011  6.027E+008  3.655E+007
 2.810E+013  1.507E-011  6.027E+008  3.681E+007
 2.830E+013  1.555E-011  6.027E+008  3.707E+007
 2.850E+013  1.604E-011  6.027E+008  3.733E+007
 2.870E+013  1.653E-011  6.027E+008  3.760E+007
 2.890E+013  1.703E-011  6.027E+008  3.786E+007
 2.910E+013  1.754E-011  6.027E+008  3.812E+007
 2.930E+013  1.805E-011  6.027E+008  3.838E+007
 2.950E+013  1.857E-011  6.027E+008  3.865E+007
 2.970E+013  1.909E-011  6.027E+008  3.891E+007
 2.990E+013  1.963E-011  6.027E+008  3.917E+007
 3.010E+013  2.017E-011  6.027E+008  3.943E+007
 3.030E+013  2.072E-011  6.027E+008  3.970E+007
 3.050E+013  2.128E-011  6.027E+008  3.996E+007
 3.070E+013  2.186E-011  6.027E+008  4.022E+007
 3.090E+013  2.244E-011  6.027E+008  4.048E+007
 3.110E+013  2.304E-011  6.027E+008  4.075E+007
 3.130E+013  2.365E-011  6.027E+008  4.101E+007
 3.150E+013  2.427E-011  6.027E+008  4.127E+007
 3.170E+013  2.491E-011  6.026E+008  4.153E+007
 3.190E+013  2.557E-011  6.026E+008  4.180E+007
 3.210E+013  2.624E-011  6.026E+008  4.206E+007
 3.230E+013  2.692E-011  6.026E+008  4.232E+007
 3.250E+013  2.763E-011  6.026E+008  4.258E+007
 3.270E+013  2.835E-011  6.026E+008  4.285E+007
 3.290E+013  2.910E-011  6.026E+008  4.311E+007
 3.310E+013  2.986E-011  6.026E+008  4.337E+007
 3.330E+013  3.065E-011  6.026E+008  4.364E+007
 3.350E+013  3.145E-011  6.026E+008  4.390E+007
 3.370E+013  3.228E-011  6.026E+008  4.416E+007
 3.390E+013  3.313E-011  6.026E+008  4.442E+007
 3.410E+013  3.401E-011  6.026E+008  4.469E+007
 3.430E+013  3.491E-011  6.026E+008  4.495E+007
 3.450E+013  3.583E-011  6.026E+008  4.521E+007
 3.470E+013  3.678E-011  6.026E+008  4.547E+007
 3.490E+013  3.776E-011  6.026E+008  4.574E+007
 3.510E+013  3.876E-011  6.026E+008  4.600E+007
 3.530E+013  3.978E-011  6.026E+008  4.626E+007
 3.550E+013  4.084E-011  6.026E+008  4.652E+007
 3.570E+013  4.191E-011  6.026E+008  4.679E+007
 3.590E+013  4.302E-011  6.026E+008  4.705E+007
 3.610E+013  4.415E-011  6.026E+008  4.731E+007
 3.630E+013  4.531E-011  6.026E+008  4.757E+007
 3.650E+013  4.650E-011  6.026E+008  4.783E+007
 3.670E+013  4.771E-011  6.026E+008  4.810E+007
 3.690E+013  4.895E-011  6.026E+008  4.836E+007
 3.710E+013  5.021E-011  6.026E+008  4.862E+007
 3.730E+013  5.151E-011  6.026E+008  4.888E+007
 3.750E+013  5.282E-011  6.026E+008  4.915E+007
 3.770E+013  5.416E-011  6.026E+008  4.941E+007
 3.790E+013  5.553E-011  6.026E+008  4.967E+007
 3.810E+013  5.692E-011  6.026E+008  4.993E+007
 3.830E+013  5.834E-011  6.026E+008  5.019E+007
 3.850E+013  5.978E-011  6.026E+008  5.045E+007
 3.870E+013  6.125E-011  6.026E+008  5.072E+007
 3.890E+013  6.273E-011  6.026E+008  5.098E+007
 3.910E+013  6.425E-011  6.026E+008  5.124E+007
 3.930E+013  6.578E-011  6.025E+008  5.150E+007
 3.950E+013  6.734E-011  6.025E+008  5.176E+007
 3.970E+013  6.893E-011  6.025E+008  5.202E+007
 3.990E+013  7.054E-011  6.025E+008  5.229E+007
 4.010E+013  7.217E-011  6.025E+008  5.255E+007
 4.030E+013  7.383E-011  6.025E+008  5.281E+007
 4.050E+013  7.551E-011  6.025E+008  5.307E+007
 4.070E+013  7.722E-011  6.025E+008  5.333E+007
 4.090E+013  7.896E-011  6.025E+008  5.359E+007
 4.110E+013  8.072E-011  6.025E+008  5.386E+007
 4.130E+013  8.251E-011  6.025E+008  5.412E+007
 4.150E+013  8.433E-011  6.025E+008  5.438E+007
 4.170E+013  8.618E-011  6.025E+008  5.464E+007
 4.190E+013  8.806E-011  6.025E+008  5.490E+007
 4.210E+013  8.997E-011  6.025E+008  5.516E+007
 4.230E+013  9.191E-011  6.025E+008  5.542E+007
 4.250E+013  9.389E-011  6.025E+008  5.568E+007
 4.270E+013  9.590E-011  6.025E+008  5.595E+007
 4.290E+013  9.795E-011  6.024E+008  5.621E+007
 4.310E+013  1.000E-010  6.024E+008  5.647E+007
 4.330E+013  1.022E-010  6.024E+008  5.673E+007
 4.350E+013  1.043E-010  6.024E+008  5.699E+007
 4.370E+013  1.065E-010  6.024E+008  5.725E+007
 4.390E+013  1.088E-010  6.024E+008  5.751E+007
 4.410E+013  1.111E-010  6.024E+008  5.777E+007
 4.430E+013  1.134E-010  6.024E+008  5.803E+007
 4.450E+013  1.158E-010  6.024E+008  5.829E+007
 4.470E+013  1.182E-010  6.024E+008  5.855E+007
 4.490E+013  1.207E-010  6.024E+008  5.881E+007
 4.510E+013  1.232E-010  6.024E+008  5.907E+007
 4.530E+013  1.258E-010  6.023E+008  5.933E+007
 4.550E+013  1.284E-010  6.023E+008  5.959E+007
 4.570E+013  1.311E-010  6.023E+008  5.985E+007
 4.590E+013  1.338E-010  6.023E+008  6.011E+007
 4.610E+013  1.366E-010  6.023E+008  6.037E+007
 4.630E+013  1.394E-010  6.023E+008  6.063E+007
 4.650E+013  1.423E-010  6.023E+008  6.089E+007
 4.670E+013  1.453E-010  6.023E+008  6.115E+007
 4.690E+013  1.483E-010  6.023E+008  6.141E+007
 4.710E+013  1.513E-010  6.022E+008  6.167E+007
 4.730E+013  1.544E-010  6.022E+008  6.193E+007
 4.750E+013  1.576E-010  6.022E+008  6.218E+007
 4.770E+013  1.608E-010  6.022E+008  6.244E+007
 4.790E+013  1.641E-010  6.022E+008  6.270E+007
 4.810E+013  1.675E-010  6.022E+008  6.296E+007
 4.830E+013  1.708E-010  6.022E+008  6.322E+007
 4.850E+013  1.743E-010  6.021E+008  6.348E+007
 4.870E+013  1.778E-010  6.021E+008  6.373E+007
 4.890E+013  1.814E-010  6.021E+008  6.399E+007
 4.910E+013  1.850E-010  6.021E+008  6.425E+007
 4.930E+013  1.887E-010  6.021E+008  6.451E+007
 4.950E+013  1.924E-010  6.021E+008  6.477E+007
 4.970E+013  1.962E-010  6.020E+008  6.502E+007
 4.990E+013  2.001E-010  6.020E+008  6.528E+007
 5.010E+013  2.040E-010  6.020E+008  6.554E+007
 5.030E+013  2.080E-010  6.020E+008  6.579E+007
 5.050E+013  2.120E-010  6.020E+008  6.605E+007
 5.070E+013  2.161E-010  6.020E+008  6.631E+007
 5.090E+013  2.202E-010  6.019E+008  6.656E+007
 5.110E+013  2.245E-010  6.019E+008  6.682E+007
 5.130E+013  2.287E-010  6.019E+008  6.707E+007
 5.150E+013  2.331E-010  6.019E+008  6.733E+007
 5.170E+013  2.375E-010  6.018E+008  6.759E+007
 5.190E+013  2.420E-010  6.018E+008  6.784E+007
 5.210E+013  2.465E-010  6.018E+008  6.810E+007
 5.230E+013  2.511E-010  6.018E+008  6.835E+007
 5.250E+013  2.558E-010  6.018E+008  6.860E+007
 5.270E+013  2.605E-010  6.017E+008  6.886E+007
 5.290E+013  2.653E-010  6.017E+008  6.911E+007
 5.310E+013  2.702E-010  6.017E+008  6.937E+007
 5.330E+013  2.751E-010  6.017E+008  6.962E+007
 5.350E+013  2.801E-010  6.016E+008  6.988E+007
 5.370E+013  2.852E-010  6.016E+008  7.013E+007
 5.390E+013  2.904E-010  6.016E+008  7.038E+007
 5.410E+013  2.956E-010  6.015E+008  7.063E+007
 5.430E+013  3.009E-010  6.015E+008  7.089E+007
 5.450E+013  3.063E-010  6.015E+008  7.114E+007
 5.470E+013  3.117E-010  6.015E+008  7.139E+007
 5.490E+013  3.173E-010  6.014E+008  7.164E+007
 5.510E+013  3.228E-010  6.014E+008  7.189E+007
 5.530E+013  3.285E-010  6.014E+008  7.214E+007
 5.550E+013  3.343E-010  6.013E+008  7.239E+007
 5.570E+013  3.401E-010  6.013E+008  7.264E+007
 5.590E+013  3.460E-010  6.013E+008  7.289E+007
 5.610E+013  3.520E-010  6.012E+008  7.314E+007
 5.630E+013  3.580E-010  6.012E+008  7.339E+007
 5.650E+013  3.642E-010  6.011E+008  7.364E+007
 5.670E+013  3.704E-010  6.011E+008  7.389E+007
 5.690E+013  3.767E-010  6.011E+008  7.413E+007
 5.710E+013  3.830E-010  6.010E+008  7.438E+007
 5.730E+013  3.895E-010  6.010E+008  7.463E+007
 5.750E+013  3.960E-010  6.009E+008  7.488E+007
 5.770E+013  4.026E-010  6.009E+008  7.512E+007
 5.790E+013  4.093E-010  6.009E+008  7.537E+007
 5.810E+013  4.161E-010  6.008E+008  7.561E+007
 5.830E+013  4.230E-010  6.008E+008  7.586E+007
 5.850E+013  4.299E-010  6.007E+008  7.610E+007
 5.870E+013  4.370E-010  6.007E+008  7.635E+007
 5.890E+013  4.441E-010  6.006E+008  7.659E+007
 5.910E+013  4.513E-010  6.006E+008  7.683E+007
 5.930E+013  4.586E-010  6.005E+008  7.707E+007
 5.950E+013  4.660E-010  6.005E+008  7.731E+007
 5.970E+013  4.735E-010  6.004E+008  7.755E+007
 5.990E+013  4.810E-010  6.003E+008  7.779E+007
 6.010E+013  4.887E-010  6.003E+008  7.803E+007
 6.030E+013  4.965E-010  6.002E+008  7.827E+007
 6.050E+013  5.043E-010  6.002E+008  7.851E+007
 6.070E+013  5.123E-010  6.001E+008  7.875E+007
 6.090E+013  5.204E-010  6.001E+008  7.899E+007
 6.110E+013  5.285E-010  6.000E+008  7.923E+007
 6.130E+013  5.368E-010  5.999E+008  7.947E+007
 6.150E+013  5.452E-010  5.999E+008  7.970E+007
 6.170E+013  5.537E-010  5.998E+008  7.994E+007
 6.190E+013  5.622E-010  5.997E+008  8.017E+007
 6.210E+013  5.709E-010  5.996E+008  8.040E+007
 6.230E+013  5.797E-010  5.996E+008  8.063E+007
 6.250E+013  5.887E-010  5.995E+008  8.086E+007
 6.270E+013  5.977E-010  5.994E+008  8.109E+007
 6.290E+013  6.069E-010  5.993E+008  8.132E+007
 6.310E+013  6.161E-010  5.993E+008  8.155E+007
 6.330E+013  6.255E-010  5.992E+008  8.178E+007
 6.350E+013  6.350E-010  5.991E+008  8.201E+007
 6.370E+013  6.446E-010  5.990E+008  8.224E+007
 6.390E+013  6.544E-010  5.989E+008  8.247E+007
 6.410E+013  6.642E-010  5.989E+008  8.270E+007
 6.430E+013  6.742E-010  5.988E+008  8.292E+007
 6.450E+013  6.843E-010  5.987E+008  8.315E+007
 6.470E+013  6.945E-010  5.986E+008  8.337E+007
 6.490E+013  7.049E-010  5.985E+008  8.359E+007
 6.510E+013  7.154E-010  5.984E+008  8.381E+007
 6.530E+013  7.260E-010  5.983E+008  8.402E+007
 6.550E+013  7.367E-010  5.982E+008  8.424E+007
 6.570E+013  7.476E-010  5.981E+008  8.445E+007
 6.590E+013  7.586E-010  5.980E+008  8.467E+007
 6.610E+013  7.697E-010  5.979E+008  8.488E+007
 6.630E+013  7.810E-010  5.977E+008  8.510E+007
 6.650E+013  7.923E-010  5.976E+008  8.531E+007
 6.670E+013  8.039E-010  5.975E+008  8.553E+007
 6.690E+013  8.155E-010  5.974E+008  8.574E+007
 6.710E+013  8.273E-010  5.973E+008  8.596E+007
 6.730E+013  8.392E-010  5.972E+008  8.617E+007
 6.750E+013  8.513E-010  5.970E+008  8.637E+007
 6.770E+013  8.634E-010  5.969E+008  8.658E+007
 6.790E+013  8.758E-010  5.968E+008  8.677E+007
 6.810E+013  8.882E-010  5.966E+008  8.697E+007
 6.830E+013  9.008E-010  5.965E+008  8.716E+007
 6.850E+013  9.135E-010  5.963E+008  8.735E+007
 6.870E+013  9.264E-010  5.962E+008  8.755E+007
 6.890E+013  9.394E-010  5.960E+008  8.774E+007
 6.910E+013  9.525E-010  5.959E+008  8.794E+007
 6.930E+013  9.658E-010  5.957E+008  8.814E+007
 6.950E+013  9.792E-010  5.956E+008  8.834E+007
 6.970E+013  9.928E-010  5.954E+008  8.854E+007
 6.990E+013  1.006E-009  5.953E+008  8.874E+007
 7.010E+013  1.020E-009  5.951E+008  8.894E+007
 7.030E+013  1.034E-009  5.949E+008  8.913E+007
 7.050E+013  1.048E-009  5.947E+008  8.931E+007
 7.070E+013  1.063E-009  5.945E+008  8.948E+007
 7.090E+013  1.077E-009  5.943E+008  8.964E+007
 7.110E+013  1.092E-009  5.941E+008  8.980E+007
 7.130E+013  1.106E-009  5.939E+008  8.996E+007
 7.150E+013  1.121E-009  5.937E+008  9.012E+007
 7.170E+013  1.136E-009  5.935E+008  9.029E+007
 7.190E+013  1.151E-009  5.933E+008  9.046E+007
 7.210E+013  1.166E-009  5.931E+008  9.065E+007
 7.230E+013  1.182E-009  5.929E+008  9.084E+007
 7.250E+013  1.198E-009  5.928E+008  9.103E+007
 7.270E+013  1.213E-009  5.926E+008  9.123E+007
 7.290E+013  1.229E-009  5.924E+008  9.142E+007
 7.310E+013  1.245E-009  5.922E+008  9.159E+007
 7.330E+013  1.261E-009  5.919E+008  9.175E+007
 7.350E+013  1.278E-009  5.916E+008  9.188E+007
 7.370E+013  1.294E-009  5.913E+008  9.198E+007
 7.390E+013  1.311E-009  5.909E+008  9.207E+007
 7.410E+013  1.327E-009  5.906E+008  9.215E+007
 7.430E+013  1.344E-009  5.902E+008  9.222E+007
 7.450E+013  1.361E-009  5.899E+008  9.230E+007
 7.470E+013  1.378E-009  5.895E+008  9.240E+007
 7.490E+013  1.395E-009  5.893E+008  9.253E+007
 7.510E+013  1.413E-009  5.890E+008  9.268E+007
 7.530E+013  1.431E-009  5.888E+008  9.287E+007
 7.550E+013  1.449E-009  5.886E+008  9.307E+007
 7.570E+013  1.467E-009  5.885E+008  9.329E+007
 7.590E+013  1.486E-009  5.883E+008  9.353E+007
 7.610E+013  1.504E-009  5.882E+008  9.377E+007
 7.630E+013  1.523E-009  5.880E+008  9.399E+007
 7.650E+013  1.542E-009  5.877E+008  9.416E+007
 7.670E+013  1.561E-009  5.873E+008  9.428E+007
 7.690E+013  1.579E-009  5.868E+008  9.432E+007
 7.710E+013  1.598E-009  5.861E+008  9.428E+007
 7.730E+013  1.617E-009  5.853E+008  9.413E+007
 7.750E+013  1.635E-009  5.841E+008  9.380E+007
 7.770E+013  1.652E-009  5.826E+008  9.329E+007
 7.790E+013  1.670E-009  5.808E+008  9.258E+007
 7.810E+013  1.687E-009  5.787E+008  9.168E+007
 7.830E+013  1.703E-009  5.764E+008  9.063E+007
 7.850E+013  1.719E-009  5.740E+008  8.947E+007
 7.870E+013  1.736E-009  5.714E+008  8.825E+007
 7.890E+013  1.752E-009  5.688E+008  8.700E+007
 7.910E+013  1.768E-009  5.662E+008  8.575E+007
 7.930E+013  1.784E-009  5.637E+008  8.451E+007
 7.950E+013  1.800E-009  5.611E+008  8.329E+007
 7.970E+013  1.817E-009  5.585E+008  8.209E+007
 7.990E+013  1.833E-009  5.560E+008  8.091E+007
 8.010E+013  1.849E-009  5.535E+008  7.975E+007
 8.030E+013  1.866E-009  5.510E+008  7.861E+007
 8.050E+013  1.882E-009  5.485E+008  7.748E+007
 8.070E+013  1.899E-009  5.460E+008  7.637E+007
 8.090E+013  1.915E-009  5.435E+008  7.528E+007
 8.110E+013  1.932E-009  5.410E+008  7.420E+007
 8.130E+013  1.948E-009  5.385E+008  7.314E+007
 8.150E+013  1.965E-009  5.361E+008  7.208E+007
 8.170E+013  1.982E-009  5.336E+008  7.105E+007
 8.190E+013  1.999E-009  5.312E+008  7.001E+007
 8.210E+013  2.015E-009  5.287E+008  6.900E+007
 8.230E+013  2.032E-009  5.263E+008  6.799E+007
 8.250E+013  2.049E-009  5.239E+008  6.699E+007
 8.270E+013  2.065E-009  5.214E+008  6.600E+007
 8.290E+013  2.082E-009  5.190E+008  6.502E+007
 8.310E+013  2.099E-009  5.165E+008  6.405E+007
 8.330E+013  2.116E-009  5.141E+008  6.307E+007
 8.350E+013  2.132E-009  5.117E+008  6.214E+007
 8.370E+013  2.149E-009  5.092E+008  6.116E+007
 8.390E+013  2.166E-009  5.069E+008  6.024E+007
 8.410E+013  2.182E-009  5.043E+008  5.931E+007
 8.430E+013  2.199E-009  5.020E+008  5.835E+007
 8.450E+013  2.216E-009  4.996E+008  5.750E+007
 8.470E+013  2.233E-009  4.970E+008  5.650E+007
 8.490E+013  2.250E-009  4.948E+008  5.565E+007
 8.510E+013  2.266E-009  4.922E+008  5.476E+007
 8.530E+013  2.283E-009  4.898E+008  5.373E+007
 8.550E+013  2.300E-009  4.875E+008  5.302E+007
 8.570E+013  2.315E-009  4.847E+008  5.199E+007
 8.590E+013  2.333E-009  4.826E+008  5.102E+007
 8.610E+013  2.349E-009  4.802E+008  5.043E+007
 8.630E+013  2.364E-009  4.771E+008  4.918E+007
 8.650E+013  2.383E-009  4.754E+008  4.832E+007
 8.670E+013  2.398E-009  4.728E+008  4.787E+007
 8.690E+013  2.412E-009  4.693E+008  4.634E+007
 8.710E+013  2.432E-009  4.682E+008  4.561E+007
 8.730E+013  2.448E-009  4.656E+008  4.549E+007
 8.750E+013  2.458E-009  4.613E+008  4.361E+007
 8.770E+013  2.481E-009  4.609E+008  4.268E+007
 8.790E+013  2.500E-009  4.593E+008  4.332E+007
 8.810E+013  2.504E-009  4.531E+008  4.130E+007
 8.830E+013  2.523E-009  4.519E+008  3.902E+007
 8.850E+013  2.554E-009  4.538E+008  4.073E+007
 8.870E+013  2.554E-009  4.466E+008  4.031E+007
 8.890E+013  2.549E-009  4.382E+008  3.478E+007
 8.910E+013  2.592E-009  4.438E+008  3.432E+007
 8.930E+013  2.631E-009  4.478E+008  3.992E+007
 8.950E+013  2.578E-009  4.261E+008  3.667E+007
 8.970E+013  2.447E-009  3.846E+008  1.721E+007
 8.990E+013  2.341E-009  3.523E+008 -8.218E+006
 9.010E+013  2.300E-009  3.375E+008 -2.422E+007
 9.030E+013  2.300E-009  3.329E+008 -2.972E+007
 9.050E+013  2.313E-009  3.317E+008 -3.063E+007
 9.070E+013  2.329E-009  3.312E+008 -3.030E+007
 9.090E+013  2.346E-009  3.308E+008 -2.973E+007
 9.110E+013  2.363E-009  3.305E+008 -2.911E+007
 9.130E+013  2.380E-009  3.302E+008 -2.847E+007
 9.150E+013  2.398E-009  3.300E+008 -2.782E+007
 9.170E+013  2.415E-009  3.297E+008 -2.717E+007
 9.190E+013  2.433E-009  3.295E+008 -2.652E+007
 9.210E+013  2.451E-009  3.293E+008 -2.586E+007
 9.230E+013  2.469E-009  3.290E+008 -2.521E+007
 9.250E+013  2.488E-009  3.288E+008 -2.455E+007
 9.270E+013  2.506E-009  3.286E+008 -2.390E+007
 9.290E+013  2.525E-009  3.284E+008 -2.325E+007
 9.310E+013  2.543E-009  3.281E+008 -2.260E+007
 9.330E+013  2.562E-009  3.279E+008 -2.195E+007
 9.350E+013  2.581E-009  3.277E+008 -2.130E+007
 9.370E+013  2.600E-009  3.275E+008 -2.066E+007
 9.390E+013  2.620E-009  3.273E+008 -2.002E+007
 9.410E+013  2.639E-009  3.271E+008 -1.937E+007
 9.430E+013  2.659E-009  3.269E+008 -1.873E+007
 9.450E+013  2.678E-009  3.267E+008 -1.809E+007
 9.470E+013  2.698E-009  3.266E+008 -1.745E+007
 9.490E+013  2.718E-009  3.264E+008 -1.680E+007
 9.510E+013  2.738E-009  3.262E+008 -1.615E+007
 9.530E+013  2.759E-009  3.261E+008 -1.551E+007
 9.550E+013  2.779E-009  3.259E+008 -1.486E+007
 9.570E+013  2.800E-009  3.258E+008 -1.421E+007
 9.590E+013  2.821E-009  3.257E+008 -1.356E+007
 9.610E+013  2.842E-009  3.255E+008 -1.290E+007
 9.630E+013  2.864E-009  3.254E+008 -1.225E+007
 9.650E+013  2.885E-009  3.253E+008 -1.160E+007
 9.670E+013  2.907E-009  3.252E+008 -1.094E+007
 9.690E+013  2.929E-009  3.251E+008 -1.029E+007
 9.710E+013  2.951E-009  3.251E+008 -9.634E+006
 9.730E+013  2.973E-009  3.250E+008 -8.981E+006
 9.750E+013  2.995E-009  3.249E+008 -8.328E+006
 9.770E+013  3.018E-009  3.249E+008 -7.676E+006
 9.790E+013  3.041E-009  3.248E+008 -7.026E+006
 9.810E+013  3.064E-009  3.247E+008 -6.377E+006
 9.830E+013  3.087E-009  3.247E+008 -5.730E+006
 9.850E+013  3.110E-009  3.247E+008 -5.084E+006
 9.870E+013  3.134E-009  3.246E+008 -4.441E+006
 9.890E+013  3.157E-009  3.246E+008 -3.800E+006
 9.910E+013  3.181E-009  3.246E+008 -3.160E+006
 9.930E+013  3.207E-009  3.245E+008 -2.524E+006
 9.950E+013  3.236E-009  3.245E+008 -1.889E+006
 9.970E+013  3.269E-009  3.245E+008 -1.257E+006
 9.990E+013  3.292E-009  3.245E+008 -6.272E+005
 1.001E+014  1.000E-099  1.000E-099 -0.000E+000
 1.003E+014  1.000E-099  1.000E-099 -0.000E+000
 8.562E-003
