 2.100E+005
     x1b        dens       energ       v1
 1.000E+011  6.893E-013  5.366E+008  0.000E+000
 3.000E+011  7.092E-013  5.365E+008 -1.603E+005
 5.000E+011  7.446E-013  5.363E+008 -6.351E+005
 7.000E+011  7.754E-013  5.360E+008 -1.596E+006
 9.000E+011  7.915E-013  5.357E+008 -2.262E+006
 1.100E+012  7.982E-013  5.355E+008 -2.320E+006
 1.300E+012  8.029E-013  5.354E+008 -2.259E+006
 1.500E+012  8.092E-013  5.354E+008 -2.412E+006
 1.700E+012  8.179E-013  5.355E+008 -3.099E+006
 1.900E+012  8.276E-013  5.356E+008 -4.068E+006
 2.100E+012  8.371E-013  5.357E+008 -5.219E+006
 2.300E+012  8.460E-013  5.358E+008 -6.373E+006
 2.500E+012  8.550E-013  5.357E+008 -7.404E+006
 2.700E+012  8.644E-013  5.357E+008 -8.079E+006
 2.900E+012  8.744E-013  5.356E+008 -8.417E+006
 3.100E+012  8.846E-013  5.356E+008 -8.515E+006
 3.300E+012  8.950E-013  5.356E+008 -8.408E+006
 3.500E+012  9.055E-013  5.357E+008 -8.297E+006
 3.700E+012  9.159E-013  5.357E+008 -8.549E+006
 3.900E+012  9.262E-013  5.357E+008 -9.291E+006
 4.100E+012  9.363E-013  5.357E+008 -1.030E+007
 4.300E+012  9.462E-013  5.356E+008 -1.136E+007
 4.500E+012  9.559E-013  5.356E+008 -1.231E+007
 4.700E+012  9.651E-013  5.356E+008 -1.292E+007
 4.900E+012  9.737E-013  5.356E+008 -1.310E+007
 5.100E+012  9.812E-013  5.356E+008 -1.317E+007
 5.300E+012  9.874E-013  5.357E+008 -1.347E+007
 5.500E+012  9.919E-013  5.357E+008 -1.402E+007
 5.700E+012  9.946E-013  5.357E+008 -1.481E+007
 5.900E+012  9.961E-013  5.357E+008 -1.571E+007
 6.100E+012  9.966E-013  5.356E+008 -1.644E+007
 6.300E+012  9.967E-013  5.356E+008 -1.677E+007
 6.500E+012  9.966E-013  5.356E+008 -1.688E+007
 6.700E+012  9.966E-013  5.356E+008 -1.705E+007
 6.900E+012  9.965E-013  5.357E+008 -1.749E+007
 7.100E+012  9.964E-013  5.357E+008 -1.824E+007
 7.300E+012  9.962E-013  5.357E+008 -1.923E+007
 7.500E+012  9.960E-013  5.357E+008 -2.026E+007
 7.700E+012  9.958E-013  5.356E+008 -2.102E+007
 7.900E+012  9.954E-013  5.356E+008 -2.130E+007
 8.100E+012  9.950E-013  5.356E+008 -2.119E+007
 8.300E+012  9.945E-013  5.356E+008 -2.115E+007
 8.500E+012  9.939E-013  5.357E+008 -2.153E+007
 8.700E+012  9.933E-013  5.357E+008 -2.233E+007
 8.900E+012  9.926E-013  5.356E+008 -2.332E+007
 9.100E+012  9.920E-013  5.356E+008 -2.439E+007
 9.300E+012  9.916E-013  5.356E+008 -2.529E+007
 9.500E+012  9.914E-013  5.356E+008 -2.567E+007
 9.700E+012  9.913E-013  5.356E+008 -2.556E+007
 9.900E+012  9.913E-013  5.356E+008 -2.553E+007
 1.010E+013  9.913E-013  5.357E+008 -2.595E+007
 1.030E+013  9.914E-013  5.357E+008 -2.672E+007
 1.050E+013  9.915E-013  5.357E+008 -2.760E+007
 1.070E+013  9.916E-013  5.356E+008 -2.849E+007
 1.090E+013  9.918E-013  5.356E+008 -2.925E+007
 1.110E+013  9.921E-013  5.356E+008 -2.968E+007
 1.130E+013  9.925E-013  5.356E+008 -2.978E+007
 1.150E+013  9.931E-013  5.356E+008 -2.985E+007
 1.170E+013  9.939E-013  5.356E+008 -3.023E+007
 1.190E+013  9.949E-013  5.356E+008 -3.104E+007
 1.210E+013  9.962E-013  5.356E+008 -3.205E+007
 1.230E+013  9.977E-013  5.356E+008 -3.292E+007
 1.250E+013  9.996E-013  5.356E+008 -3.346E+007
 1.270E+013  1.002E-012  5.356E+008 -3.373E+007
 1.290E+013  1.004E-012  5.356E+008 -3.393E+007
 1.310E+013  1.007E-012  5.356E+008 -3.420E+007
 1.330E+013  1.011E-012  5.356E+008 -3.465E+007
 1.350E+013  1.015E-012  5.356E+008 -3.536E+007
 1.370E+013  1.020E-012  5.356E+008 -3.624E+007
 1.390E+013  1.025E-012  5.356E+008 -3.706E+007
 1.410E+013  1.031E-012  5.356E+008 -3.762E+007
 1.430E+013  1.038E-012  5.356E+008 -3.787E+007
 1.450E+013  1.045E-012  5.356E+008 -3.807E+007
 1.470E+013  1.053E-012  5.356E+008 -3.848E+007
 1.490E+013  1.062E-012  5.356E+008 -3.913E+007
 1.510E+013  1.073E-012  5.356E+008 -3.985E+007
 1.530E+013  1.084E-012  5.356E+008 -4.050E+007
 1.550E+013  1.096E-012  5.356E+008 -4.107E+007
 1.570E+013  1.110E-012  5.356E+008 -4.160E+007
 1.590E+013  1.124E-012  5.356E+008 -4.211E+007
 1.610E+013  1.140E-012  5.356E+008 -4.262E+007
 1.630E+013  1.158E-012  5.356E+008 -4.310E+007
 1.650E+013  1.177E-012  5.356E+008 -4.360E+007
 1.670E+013  1.198E-012  5.356E+008 -4.413E+007
 1.690E+013  1.221E-012  5.356E+008 -4.463E+007
 1.710E+013  1.245E-012  5.356E+008 -4.505E+007
 1.730E+013  1.272E-012  5.356E+008 -4.553E+007
 1.750E+013  1.301E-012  5.356E+008 -4.624E+007
 1.770E+013  1.332E-012  5.356E+008 -4.705E+007
 1.790E+013  1.365E-012  5.356E+008 -4.766E+007
 1.810E+013  1.402E-012  5.356E+008 -4.793E+007
 1.830E+013  1.441E-012  5.356E+008 -4.816E+007
 1.850E+013  1.484E-012  5.356E+008 -4.865E+007
 1.870E+013  1.530E-012  5.356E+008 -4.939E+007
 1.890E+013  1.579E-012  5.356E+008 -5.014E+007
 1.910E+013  1.632E-012  5.356E+008 -5.074E+007
 1.930E+013  1.690E-012  5.356E+008 -5.122E+007
 1.950E+013  1.751E-012  5.356E+008 -5.159E+007
 1.970E+013  1.818E-012  5.356E+008 -5.201E+007
 1.990E+013  1.890E-012  5.356E+008 -5.267E+007
 2.010E+013  1.967E-012  5.356E+008 -5.343E+007
 2.030E+013  2.050E-012  5.356E+008 -5.389E+007
 2.050E+013  2.139E-012  5.356E+008 -5.404E+007
 2.070E+013  2.234E-012  5.356E+008 -5.451E+007
 2.090E+013  2.337E-012  5.356E+008 -5.538E+007
 2.110E+013  2.447E-012  5.356E+008 -5.607E+007
 2.130E+013  2.564E-012  5.356E+008 -5.647E+007
 2.150E+013  2.691E-012  5.356E+008 -5.702E+007
 2.170E+013  2.825E-012  5.356E+008 -5.763E+007
 2.190E+013  2.969E-012  5.356E+008 -5.793E+007
 2.210E+013  3.123E-012  5.356E+008 -5.835E+007
 2.230E+013  3.287E-012  5.356E+008 -5.918E+007
 2.250E+013  3.461E-012  5.356E+008 -5.991E+007
 2.270E+013  3.646E-012  5.356E+008 -6.016E+007
 2.290E+013  3.842E-012  5.356E+008 -6.047E+007
 2.310E+013  4.050E-012  5.356E+008 -6.126E+007
 2.330E+013  4.270E-012  5.356E+008 -6.168E+007
 2.350E+013  4.501E-012  5.356E+008 -6.256E+007
 2.370E+013  4.745E-012  5.356E+008 -6.283E+007
 2.390E+013  5.001E-012  5.356E+008 -6.339E+007
 2.410E+013  5.269E-012  5.356E+008 -6.393E+007
 2.430E+013  5.548E-012  5.356E+008 -6.447E+007
 2.450E+013  5.840E-012  5.356E+008 -6.497E+007
 2.470E+013  6.143E-012  5.356E+008 -6.554E+007
 2.490E+013  6.458E-012  5.356E+008 -6.609E+007
 2.510E+013  6.783E-012  5.355E+008 -6.661E+007
 2.530E+013  7.119E-012  5.356E+008 -6.722E+007
 2.550E+013  7.464E-012  5.356E+008 -6.768E+007
 2.570E+013  7.819E-012  5.355E+008 -6.815E+007
 2.590E+013  8.182E-012  5.355E+008 -6.889E+007
 2.610E+013  8.553E-012  5.355E+008 -6.926E+007
 2.630E+013  8.932E-012  5.355E+008 -6.979E+007
 2.650E+013  9.317E-012  5.355E+008 -7.060E+007
 2.670E+013  9.709E-012  5.355E+008 -7.074E+007
 2.690E+013  1.011E-011  5.355E+008 -7.161E+007
 2.710E+013  1.051E-011  5.355E+008 -7.195E+007
 2.730E+013  1.092E-011  5.355E+008 -7.266E+007
 2.750E+013  1.133E-011  5.355E+008 -7.309E+007
 2.770E+013  1.174E-011  5.355E+008 -7.365E+007
 2.790E+013  1.216E-011  5.355E+008 -7.423E+007
 2.810E+013  1.259E-011  5.355E+008 -7.479E+007
 2.830E+013  1.301E-011  5.355E+008 -7.533E+007
 2.850E+013  1.344E-011  5.355E+008 -7.587E+007
 2.870E+013  1.388E-011  5.354E+008 -7.641E+007
 2.890E+013  1.432E-011  5.354E+008 -7.698E+007
 2.910E+013  1.476E-011  5.354E+008 -7.756E+007
 2.930E+013  1.521E-011  5.354E+008 -7.807E+007
 2.950E+013  1.566E-011  5.354E+008 -7.863E+007
 2.970E+013  1.611E-011  5.354E+008 -7.923E+007
 2.990E+013  1.658E-011  5.354E+008 -7.974E+007
 3.010E+013  1.704E-011  5.354E+008 -8.030E+007
 3.030E+013  1.752E-011  5.353E+008 -8.089E+007
 3.050E+013  1.800E-011  5.353E+008 -8.143E+007
 3.070E+013  1.849E-011  5.353E+008 -8.198E+007
 3.090E+013  1.899E-011  5.353E+008 -8.255E+007
 3.110E+013  1.949E-011  5.353E+008 -8.314E+007
 3.130E+013  2.000E-011  5.353E+008 -8.364E+007
 3.150E+013  2.053E-011  5.352E+008 -8.429E+007
 3.170E+013  2.106E-011  5.352E+008 -8.478E+007
 3.190E+013  2.161E-011  5.352E+008 -8.540E+007
 3.210E+013  2.217E-011  5.352E+008 -8.594E+007
 3.230E+013  2.274E-011  5.352E+008 -8.653E+007
 3.250E+013  2.332E-011  5.352E+008 -8.709E+007
 3.270E+013  2.392E-011  5.351E+008 -8.767E+007
 3.290E+013  2.453E-011  5.351E+008 -8.824E+007
 3.310E+013  2.516E-011  5.351E+008 -8.882E+007
 3.330E+013  2.580E-011  5.351E+008 -8.940E+007
 3.350E+013  2.646E-011  5.350E+008 -8.998E+007
 3.370E+013  2.714E-011  5.350E+008 -9.056E+007
 3.390E+013  2.783E-011  5.350E+008 -9.115E+007
 3.410E+013  2.854E-011  5.350E+008 -9.174E+007
 3.430E+013  2.928E-011  5.349E+008 -9.233E+007
 3.450E+013  3.003E-011  5.349E+008 -9.292E+007
 3.470E+013  3.080E-011  5.349E+008 -9.351E+007
 3.490E+013  3.159E-011  5.349E+008 -9.411E+007
 3.510E+013  3.241E-011  5.348E+008 -9.470E+007
 3.530E+013  3.324E-011  5.348E+008 -9.530E+007
 3.550E+013  3.410E-011  5.348E+008 -9.590E+007
 3.570E+013  3.498E-011  5.347E+008 -9.651E+007
 3.590E+013  3.588E-011  5.347E+008 -9.711E+007
 3.610E+013  3.681E-011  5.347E+008 -9.771E+007
 3.630E+013  3.776E-011  5.346E+008 -9.832E+007
 3.650E+013  3.873E-011  5.346E+008 -9.892E+007
 3.670E+013  3.972E-011  5.345E+008 -9.953E+007
 3.690E+013  4.074E-011  5.345E+008 -1.001E+008
 3.710E+013  4.179E-011  5.345E+008 -1.008E+008
 3.730E+013  4.285E-011  5.344E+008 -1.014E+008
 3.750E+013  4.394E-011  5.344E+008 -1.020E+008
 3.770E+013  4.505E-011  5.343E+008 -1.026E+008
 3.790E+013  4.619E-011  5.343E+008 -1.032E+008
 3.810E+013  4.735E-011  5.342E+008 -1.039E+008
 3.830E+013  4.853E-011  5.342E+008 -1.045E+008
 3.850E+013  4.973E-011  5.341E+008 -1.051E+008
 3.870E+013  5.096E-011  5.341E+008 -1.058E+008
 3.890E+013  5.220E-011  5.340E+008 -1.064E+008
 3.910E+013  5.347E-011  5.339E+008 -1.070E+008
 3.930E+013  5.476E-011  5.339E+008 -1.077E+008
 3.950E+013  5.607E-011  5.338E+008 -1.083E+008
 3.970E+013  5.741E-011  5.338E+008 -1.090E+008
 3.990E+013  5.876E-011  5.337E+008 -1.096E+008
 4.010E+013  6.013E-011  5.336E+008 -1.102E+008
 4.030E+013  6.153E-011  5.336E+008 -1.109E+008
 4.050E+013  6.294E-011  5.335E+008 -1.115E+008
 4.070E+013  6.438E-011  5.334E+008 -1.121E+008
 4.090E+013  6.584E-011  5.334E+008 -1.128E+008
 4.110E+013  6.732E-011  5.333E+008 -1.134E+008
 4.130E+013  6.882E-011  5.332E+008 -1.140E+008
 4.150E+013  7.034E-011  5.332E+008 -1.147E+008
 4.170E+013  7.188E-011  5.331E+008 -1.153E+008
 4.190E+013  7.345E-011  5.330E+008 -1.159E+008
 4.210E+013  7.504E-011  5.329E+008 -1.166E+008
 4.230E+013  7.666E-011  5.328E+008 -1.173E+008
 4.250E+013  7.829E-011  5.327E+008 -1.179E+008
 4.270E+013  7.996E-011  5.326E+008 -1.186E+008
 4.290E+013  8.165E-011  5.325E+008 -1.193E+008
 4.310E+013  8.336E-011  5.324E+008 -1.200E+008
 4.330E+013  8.511E-011  5.323E+008 -1.207E+008
 4.350E+013  8.688E-011  5.322E+008 -1.214E+008
 4.370E+013  8.869E-011  5.321E+008 -1.221E+008
 4.390E+013  9.052E-011  5.321E+008 -1.227E+008
 4.410E+013  9.240E-011  5.320E+008 -1.233E+008
 4.430E+013  9.430E-011  5.319E+008 -1.238E+008
 4.450E+013  9.624E-011  5.319E+008 -1.243E+008
 4.470E+013  9.822E-011  5.319E+008 -1.248E+008
 4.490E+013  1.002E-010  5.318E+008 -1.253E+008
 4.510E+013  1.023E-010  5.318E+008 -1.258E+008
 4.530E+013  1.044E-010  5.317E+008 -1.264E+008
 4.550E+013  1.065E-010  5.315E+008 -1.271E+008
 4.570E+013  1.086E-010  5.313E+008 -1.279E+008
 4.590E+013  1.108E-010  5.311E+008 -1.289E+008
 4.610E+013  1.131E-010  5.308E+008 -1.299E+008
 4.630E+013  1.153E-010  5.305E+008 -1.309E+008
 4.650E+013  1.176E-010  5.303E+008 -1.319E+008
 4.670E+013  1.200E-010  5.301E+008 -1.328E+008
 4.690E+013  1.224E-010  5.301E+008 -1.334E+008
 4.710E+013  1.249E-010  5.301E+008 -1.337E+008
 4.730E+013  1.274E-010  5.303E+008 -1.338E+008
 4.750E+013  1.301E-010  5.305E+008 -1.337E+008
 4.770E+013  1.327E-010  5.308E+008 -1.334E+008
 4.790E+013  1.354E-010  5.309E+008 -1.333E+008
 4.810E+013  1.381E-010  5.309E+008 -1.335E+008
 4.830E+013  1.408E-010  5.304E+008 -1.344E+008
 4.850E+013  1.435E-010  5.296E+008 -1.363E+008
 4.870E+013  1.461E-010  5.283E+008 -1.391E+008
 4.890E+013  1.488E-010  5.271E+008 -1.424E+008
 4.910E+013  1.516E-010  5.260E+008 -1.452E+008
 4.930E+013  1.544E-010  5.251E+008 -1.479E+008
 4.950E+013  1.575E-010  5.255E+008 -1.489E+008
 4.970E+013  1.608E-010  5.264E+008 -1.469E+008
 4.990E+013  1.638E-010  5.261E+008 -1.467E+008
 5.010E+013  1.672E-010  5.272E+008 -1.471E+008
 5.030E+013  1.712E-010  5.311E+008 -1.415E+008
 5.050E+013  1.751E-010  5.340E+008 -1.333E+008
 5.070E+013  1.778E-010  5.304E+008 -1.335E+008
 5.090E+013  1.793E-010  5.210E+008 -1.486E+008
 5.110E+013  1.809E-010  5.126E+008 -1.691E+008
 5.130E+013  1.842E-010  5.124E+008 -1.795E+008
 5.150E+013  1.886E-010  5.168E+008 -1.717E+008
 5.170E+013  1.911E-010  5.122E+008 -1.700E+008
 5.190E+013  1.920E-010  5.010E+008 -1.888E+008
 5.210E+013  1.954E-010  5.003E+008 -2.062E+008
 5.230E+013  2.025E-010  5.155E+008 -1.883E+008
 5.250E+013  2.081E-010  5.231E+008 -1.569E+008
 5.270E+013  2.059E-010  4.986E+008 -1.736E+008
 5.290E+013  2.005E-010  4.636E+008 -2.382E+008
 5.310E+013  1.972E-010  4.385E+008 -3.033E+008
 5.330E+013  1.971E-010  4.267E+008 -3.421E+008
 5.350E+013  1.994E-010  4.235E+008 -3.554E+008
 5.370E+013  2.025E-010  4.231E+008 -3.575E+008
 5.390E+013  2.059E-010  4.237E+008 -3.555E+008
 5.410E+013  2.094E-010  4.246E+008 -3.526E+008
 5.430E+013  2.130E-010  4.255E+008 -3.495E+008
 5.450E+013  2.167E-010  4.265E+008 -3.463E+008
 5.470E+013  2.204E-010  4.275E+008 -3.430E+008
 5.490E+013  2.243E-010  4.285E+008 -3.398E+008
 5.510E+013  2.281E-010  4.295E+008 -3.367E+008
 5.530E+013  2.320E-010  4.304E+008 -3.337E+008
 5.550E+013  2.360E-010  4.313E+008 -3.308E+008
 5.570E+013  2.400E-010  4.322E+008 -3.281E+008
 5.590E+013  2.440E-010  4.330E+008 -3.255E+008
 5.610E+013  2.481E-010  4.337E+008 -3.230E+008
 5.630E+013  2.522E-010  4.344E+008 -3.207E+008
 5.650E+013  2.564E-010  4.351E+008 -3.185E+008
 5.670E+013  2.606E-010  4.357E+008 -3.164E+008
 5.690E+013  2.649E-010  4.363E+008 -3.144E+008
 5.710E+013  2.692E-010  4.368E+008 -3.126E+008
 5.730E+013  2.736E-010  4.373E+008 -3.107E+008
 5.750E+013  2.780E-010  4.379E+008 -3.090E+008
 5.770E+013  2.825E-010  4.384E+008 -3.073E+008
 5.790E+013  2.870E-010  4.388E+008 -3.056E+008
 5.810E+013  2.916E-010  4.393E+008 -3.040E+008
 5.830E+013  2.963E-010  4.398E+008 -3.024E+008
 5.850E+013  3.010E-010  4.403E+008 -3.008E+008
 5.870E+013  3.058E-010  4.408E+008 -2.992E+008
 5.890E+013  3.107E-010  4.413E+008 -2.977E+008
 5.910E+013  3.156E-010  4.419E+008 -2.961E+008
 5.930E+013  3.207E-010  4.424E+008 -2.946E+008
 5.950E+013  3.257E-010  4.430E+008 -2.930E+008
 5.970E+013  3.309E-010  4.435E+008 -2.915E+008
 5.990E+013  3.361E-010  4.441E+008 -2.899E+008
 6.010E+013  3.415E-010  4.447E+008 -2.883E+008
 6.030E+013  3.468E-010  4.453E+008 -2.868E+008
 6.050E+013  3.523E-010  4.460E+008 -2.852E+008
 6.070E+013  3.579E-010  4.466E+008 -2.837E+008
 6.090E+013  3.635E-010  4.473E+008 -2.821E+008
 6.110E+013  3.692E-010  4.480E+008 -2.805E+008
 6.130E+013  3.751E-010  4.487E+008 -2.790E+008
 6.150E+013  3.810E-010  4.494E+008 -2.774E+008
 6.170E+013  3.869E-010  4.501E+008 -2.759E+008
 6.190E+013  3.930E-010  4.508E+008 -2.743E+008
 6.210E+013  3.992E-010  4.516E+008 -2.728E+008
 6.230E+013  4.054E-010  4.523E+008 -2.712E+008
 6.250E+013  4.118E-010  4.531E+008 -2.697E+008
 6.270E+013  4.182E-010  4.539E+008 -2.682E+008
 6.290E+013  4.248E-010  4.547E+008 -2.667E+008
 6.310E+013  4.314E-010  4.555E+008 -2.652E+008
 6.330E+013  4.381E-010  4.563E+008 -2.637E+008
 6.350E+013  4.450E-010  4.571E+008 -2.623E+008
 6.370E+013  4.519E-010  4.579E+008 -2.608E+008
 6.390E+013  4.590E-010  4.588E+008 -2.594E+008
 6.410E+013  4.661E-010  4.596E+008 -2.579E+008
 6.430E+013  4.734E-010  4.604E+008 -2.565E+008
 6.450E+013  4.807E-010  4.613E+008 -2.551E+008
 6.470E+013  4.882E-010  4.622E+008 -2.538E+008
 6.490E+013  4.958E-010  4.630E+008 -2.524E+008
 6.510E+013  5.035E-010  4.639E+008 -2.511E+008
 6.530E+013  5.113E-010  4.648E+008 -2.497E+008
 6.550E+013  5.192E-010  4.656E+008 -2.484E+008
 6.570E+013  5.273E-010  4.665E+008 -2.471E+008
 6.590E+013  5.355E-010  4.674E+008 -2.458E+008
 6.610E+013  5.438E-010  4.683E+008 -2.446E+008
 6.630E+013  5.522E-010  4.692E+008 -2.433E+008
 6.650E+013  5.607E-010  4.701E+008 -2.421E+008
 6.670E+013  5.694E-010  4.711E+008 -2.408E+008
 6.690E+013  5.782E-010  4.720E+008 -2.396E+008
 6.710E+013  5.872E-010  4.729E+008 -2.384E+008
 6.730E+013  5.963E-010  4.739E+008 -2.372E+008
 6.750E+013  6.055E-010  4.749E+008 -2.360E+008
 6.770E+013  6.149E-010  4.758E+008 -2.348E+008
 6.790E+013  6.244E-010  4.768E+008 -2.337E+008
 6.810E+013  6.340E-010  4.778E+008 -2.325E+008
 6.830E+013  6.438E-010  4.788E+008 -2.313E+008
 6.850E+013  6.538E-010  4.799E+008 -2.302E+008
 6.870E+013  6.639E-010  4.809E+008 -2.291E+008
 6.890E+013  6.741E-010  4.819E+008 -2.279E+008
 6.910E+013  6.845E-010  4.830E+008 -2.268E+008
 6.930E+013  6.951E-010  4.841E+008 -2.257E+008
 6.950E+013  7.058E-010  4.851E+008 -2.246E+008
 6.970E+013  7.167E-010  4.862E+008 -2.235E+008
 6.990E+013  7.278E-010  4.873E+008 -2.224E+008
 7.010E+013  7.390E-010  4.884E+008 -2.213E+008
 7.030E+013  7.503E-010  4.895E+008 -2.202E+008
 7.050E+013  7.619E-010  4.907E+008 -2.191E+008
 7.070E+013  7.735E-010  4.917E+008 -2.180E+008
 7.090E+013  7.853E-010  4.928E+008 -2.169E+008
 7.110E+013  7.973E-010  4.939E+008 -2.157E+008
 7.130E+013  8.094E-010  4.949E+008 -2.145E+008
 7.150E+013  8.215E-010  4.958E+008 -2.133E+008
 7.170E+013  8.338E-010  4.966E+008 -2.119E+008
 7.190E+013  8.461E-010  4.974E+008 -2.105E+008
 7.210E+013  8.584E-010  4.981E+008 -2.090E+008
 7.230E+013  8.708E-010  4.986E+008 -2.074E+008
 7.250E+013  8.832E-010  4.990E+008 -2.057E+008
 7.270E+013  8.956E-010  4.993E+008 -2.039E+008
 7.290E+013  9.080E-010  4.995E+008 -2.019E+008
 7.310E+013  9.205E-010  4.996E+008 -1.999E+008
 7.330E+013  9.330E-010  4.996E+008 -1.978E+008
 7.350E+013  9.455E-010  4.995E+008 -1.957E+008
 7.370E+013  9.582E-010  4.994E+008 -1.935E+008
 7.390E+013  9.709E-010  4.993E+008 -1.913E+008
 7.410E+013  9.837E-010  4.991E+008 -1.891E+008
 7.430E+013  9.967E-010  4.990E+008 -1.869E+008
 7.450E+013  1.010E-009  4.989E+008 -1.848E+008
 7.470E+013  1.023E-009  4.988E+008 -1.827E+008
 7.490E+013  1.037E-009  4.988E+008 -1.806E+008
 7.510E+013  1.050E-009  4.988E+008 -1.787E+008
 7.530E+013  1.064E-009  4.989E+008 -1.768E+008
 7.550E+013  1.078E-009  4.990E+008 -1.749E+008
 7.570E+013  1.093E-009  4.992E+008 -1.730E+008
 7.590E+013  1.107E-009  4.993E+008 -1.712E+008
 7.610E+013  1.122E-009  4.994E+008 -1.694E+008
 7.630E+013  1.136E-009  4.995E+008 -1.676E+008
 7.650E+013  1.151E-009  4.995E+008 -1.657E+008
 7.670E+013  1.166E-009  4.995E+008 -1.638E+008
 7.690E+013  1.181E-009  4.995E+008 -1.620E+008
 7.710E+013  1.196E-009  4.994E+008 -1.601E+008
 7.730E+013  1.211E-009  4.994E+008 -1.582E+008
 7.750E+013  1.227E-009  4.993E+008 -1.563E+008
 7.770E+013  1.242E-009  4.993E+008 -1.545E+008
 7.790E+013  1.258E-009  4.994E+008 -1.527E+008
 7.810E+013  1.274E-009  4.994E+008 -1.509E+008
 7.830E+013  1.290E-009  4.994E+008 -1.492E+008
 7.850E+013  1.306E-009  4.995E+008 -1.474E+008
 7.870E+013  1.323E-009  4.995E+008 -1.457E+008
 7.890E+013  1.339E-009  4.995E+008 -1.440E+008
 7.910E+013  1.356E-009  4.994E+008 -1.422E+008
 7.930E+013  1.373E-009  4.994E+008 -1.405E+008
 7.950E+013  1.390E-009  4.994E+008 -1.387E+008
 7.970E+013  1.407E-009  4.993E+008 -1.370E+008
 7.990E+013  1.424E-009  4.993E+008 -1.353E+008
 8.010E+013  1.442E-009  4.993E+008 -1.336E+008
 8.030E+013  1.460E-009  4.993E+008 -1.320E+008
 8.050E+013  1.477E-009  4.993E+008 -1.303E+008
 8.070E+013  1.495E-009  4.993E+008 -1.286E+008
 8.090E+013  1.514E-009  4.993E+008 -1.270E+008
 8.110E+013  1.532E-009  4.992E+008 -1.253E+008
 8.130E+013  1.551E-009  4.992E+008 -1.237E+008
 8.150E+013  1.569E-009  4.991E+008 -1.221E+008
 8.170E+013  1.588E-009  4.991E+008 -1.204E+008
 8.190E+013  1.607E-009  4.991E+008 -1.188E+008
 8.210E+013  1.627E-009  4.991E+008 -1.172E+008
 8.230E+013  1.646E-009  4.990E+008 -1.156E+008
 8.250E+013  1.666E-009  4.990E+008 -1.141E+008
 8.270E+013  1.685E-009  4.989E+008 -1.125E+008
 8.290E+013  1.705E-009  4.989E+008 -1.109E+008
 8.310E+013  1.725E-009  4.988E+008 -1.094E+008
 8.330E+013  1.746E-009  4.988E+008 -1.078E+008
 8.350E+013  1.766E-009  4.987E+008 -1.063E+008
 8.370E+013  1.787E-009  4.987E+008 -1.047E+008
 8.390E+013  1.808E-009  4.986E+008 -1.032E+008
 8.410E+013  1.829E-009  4.986E+008 -1.017E+008
 8.430E+013  1.850E-009  4.985E+008 -1.002E+008
 8.450E+013  1.872E-009  4.985E+008 -9.866E+007
 8.470E+013  1.894E-009  4.984E+008 -9.716E+007
 8.490E+013  1.915E-009  4.984E+008 -9.568E+007
 8.510E+013  1.937E-009  4.983E+008 -9.420E+007
 8.530E+013  1.960E-009  4.982E+008 -9.272E+007
 8.550E+013  1.982E-009  4.982E+008 -9.125E+007
 8.570E+013  2.005E-009  4.981E+008 -8.979E+007
 8.590E+013  2.028E-009  4.980E+008 -8.834E+007
 8.610E+013  2.051E-009  4.980E+008 -8.689E+007
 8.630E+013  2.074E-009  4.979E+008 -8.545E+007
 8.650E+013  2.097E-009  4.978E+008 -8.402E+007
 8.670E+013  2.121E-009  4.978E+008 -8.259E+007
 8.690E+013  2.145E-009  4.977E+008 -8.117E+007
 8.710E+013  2.169E-009  4.976E+008 -7.976E+007
 8.730E+013  2.193E-009  4.976E+008 -7.835E+007
 8.750E+013  2.218E-009  4.975E+008 -7.695E+007
 8.770E+013  2.242E-009  4.974E+008 -7.556E+007
 8.790E+013  2.267E-009  4.973E+008 -7.417E+007
 8.810E+013  2.293E-009  4.973E+008 -7.279E+007
 8.830E+013  2.318E-009  4.972E+008 -7.141E+007
 8.850E+013  2.343E-009  4.971E+008 -7.005E+007
 8.870E+013  2.369E-009  4.970E+008 -6.868E+007
 8.890E+013  2.395E-009  4.970E+008 -6.733E+007
 8.910E+013  2.421E-009  4.969E+008 -6.598E+007
 8.930E+013  2.448E-009  4.968E+008 -6.463E+007
 8.950E+013  2.475E-009  4.967E+008 -6.329E+007
 8.970E+013  2.501E-009  4.967E+008 -6.196E+007
 8.990E+013  2.529E-009  4.966E+008 -6.063E+007
 9.010E+013  2.556E-009  4.965E+008 -5.931E+007
 9.030E+013  2.583E-009  4.964E+008 -5.800E+007
 9.050E+013  2.611E-009  4.964E+008 -5.669E+007
 9.070E+013  2.639E-009  4.963E+008 -5.539E+007
 9.090E+013  2.668E-009  4.962E+008 -5.409E+007
 9.110E+013  2.696E-009  4.962E+008 -5.280E+007
 9.130E+013  2.725E-009  4.961E+008 -5.151E+007
 9.150E+013  2.754E-009  4.960E+008 -5.023E+007
 9.170E+013  2.783E-009  4.959E+008 -4.895E+007
 9.190E+013  2.813E-009  4.959E+008 -4.769E+007
 9.210E+013  2.842E-009  4.958E+008 -4.642E+007
 9.230E+013  2.872E-009  4.957E+008 -4.516E+007
 9.250E+013  2.902E-009  4.956E+008 -4.391E+007
 9.270E+013  2.933E-009  4.956E+008 -4.266E+007
 9.290E+013  2.964E-009  4.955E+008 -4.142E+007
 9.310E+013  2.995E-009  4.954E+008 -4.018E+007
 9.330E+013  3.026E-009  4.954E+008 -3.895E+007
 9.350E+013  3.057E-009  4.953E+008 -3.772E+007
 9.370E+013  3.089E-009  4.952E+008 -3.650E+007
 9.390E+013  3.121E-009  4.952E+008 -3.529E+007
 9.410E+013  3.153E-009  4.951E+008 -3.407E+007
 9.430E+013  3.186E-009  4.950E+008 -3.287E+007
 9.450E+013  3.219E-009  4.950E+008 -3.167E+007
 9.470E+013  3.252E-009  4.949E+008 -3.047E+007
 9.490E+013  3.285E-009  4.948E+008 -2.928E+007
 9.510E+013  3.319E-009  4.948E+008 -2.810E+007
 9.530E+013  3.353E-009  4.947E+008 -2.692E+007
 9.550E+013  3.387E-009  4.947E+008 -2.574E+007
 9.570E+013  3.422E-009  4.946E+008 -2.457E+007
 9.590E+013  3.456E-009  4.946E+008 -2.340E+007
 9.610E+013  3.491E-009  4.945E+008 -2.224E+007
 9.630E+013  3.527E-009  4.945E+008 -2.109E+007
 9.650E+013  3.562E-009  4.944E+008 -1.993E+007
 9.670E+013  3.598E-009  4.944E+008 -1.879E+007
 9.690E+013  3.634E-009  4.943E+008 -1.765E+007
 9.710E+013  3.671E-009  4.943E+008 -1.651E+007
 9.730E+013  3.708E-009  4.942E+008 -1.538E+007
 9.750E+013  3.745E-009  4.942E+008 -1.425E+007
 9.770E+013  3.782E-009  4.942E+008 -1.313E+007
 9.790E+013  3.820E-009  4.941E+008 -1.201E+007
 9.810E+013  3.858E-009  4.941E+008 -1.089E+007
 9.830E+013  3.896E-009  4.941E+008 -9.785E+006
 9.850E+013  3.935E-009  4.940E+008 -8.680E+006
 9.870E+013  3.974E-009  4.940E+008 -7.579E+006
 9.890E+013  4.013E-009  4.940E+008 -6.483E+006
 9.910E+013  4.053E-009  4.940E+008 -5.392E+006
 9.930E+013  4.092E-009  4.940E+008 -4.305E+006
 9.950E+013  4.135E-009  4.940E+008 -3.222E+006
 9.970E+013  4.185E-009  4.940E+008 -2.144E+006
 9.990E+013  4.236E-009  4.940E+008 -1.070E+006
 1.001E+014  1.000E-099  1.000E-099 -0.000E+000
 1.003E+014  1.000E-099  1.000E-099 -0.000E+000
 6.659E-003
