 2.160E+005
     x1b        dens       energ       v1
 1.000E+011  7.223E-013  5.789E+008  0.000E+000
 3.000E+011  7.438E-013  5.788E+008 -1.944E+006
 5.000E+011  7.812E-013  5.787E+008 -1.689E+006
 7.000E+011  8.131E-013  5.787E+008 -2.309E+006
 9.000E+011  8.295E-013  5.786E+008 -2.270E+006
 1.100E+012  8.366E-013  5.786E+008 -2.578E+006
 1.300E+012  8.417E-013  5.786E+008 -2.944E+006
 1.500E+012  8.488E-013  5.787E+008 -3.347E+006
 1.700E+012  8.582E-013  5.787E+008 -3.840E+006
 1.900E+012  8.684E-013  5.787E+008 -4.458E+006
 2.100E+012  8.783E-013  5.787E+008 -5.134E+006
 2.300E+012  8.877E-013  5.787E+008 -5.741E+006
 2.500E+012  8.974E-013  5.787E+008 -6.320E+006
 2.700E+012  9.076E-013  5.786E+008 -6.838E+006
 2.900E+012  9.183E-013  5.786E+008 -7.192E+006
 3.100E+012  9.292E-013  5.786E+008 -7.380E+006
 3.300E+012  9.403E-013  5.787E+008 -7.674E+006
 3.500E+012  9.514E-013  5.787E+008 -8.300E+006
 3.700E+012  9.624E-013  5.787E+008 -9.139E+006
 3.900E+012  9.733E-013  5.787E+008 -9.883E+006
 4.100E+012  9.841E-013  5.787E+008 -1.041E+007
 4.300E+012  9.946E-013  5.786E+008 -1.085E+007
 4.500E+012  1.005E-012  5.786E+008 -1.131E+007
 4.700E+012  1.014E-012  5.786E+008 -1.176E+007
 4.900E+012  1.023E-012  5.787E+008 -1.208E+007
 5.100E+012  1.031E-012  5.787E+008 -1.237E+007
 5.300E+012  1.036E-012  5.787E+008 -1.284E+007
 5.500E+012  1.040E-012  5.787E+008 -1.355E+007
 5.700E+012  1.043E-012  5.787E+008 -1.430E+007
 5.900E+012  1.044E-012  5.787E+008 -1.484E+007
 6.100E+012  1.044E-012  5.787E+008 -1.525E+007
 6.300E+012  1.044E-012  5.787E+008 -1.567E+007
 6.500E+012  1.044E-012  5.787E+008 -1.618E+007
 6.700E+012  1.044E-012  5.787E+008 -1.674E+007
 6.900E+012  1.044E-012  5.787E+008 -1.732E+007
 7.100E+012  1.044E-012  5.787E+008 -1.784E+007
 7.300E+012  1.043E-012  5.787E+008 -1.827E+007
 7.500E+012  1.043E-012  5.787E+008 -1.867E+007
 7.700E+012  1.043E-012  5.787E+008 -1.914E+007
 7.900E+012  1.042E-012  5.787E+008 -1.964E+007
 8.100E+012  1.042E-012  5.787E+008 -2.015E+007
 8.300E+012  1.041E-012  5.787E+008 -2.072E+007
 8.500E+012  1.041E-012  5.787E+008 -2.135E+007
 8.700E+012  1.040E-012  5.787E+008 -2.198E+007
 8.900E+012  1.039E-012  5.787E+008 -2.250E+007
 9.100E+012  1.039E-012  5.787E+008 -2.288E+007
 9.300E+012  1.038E-012  5.787E+008 -2.318E+007
 9.500E+012  1.038E-012  5.787E+008 -2.355E+007
 9.700E+012  1.038E-012  5.787E+008 -2.412E+007
 9.900E+012  1.038E-012  5.787E+008 -2.482E+007
 1.010E+013  1.038E-012  5.787E+008 -2.551E+007
 1.030E+013  1.038E-012  5.787E+008 -2.607E+007
 1.050E+013  1.039E-012  5.787E+008 -2.649E+007
 1.070E+013  1.039E-012  5.787E+008 -2.685E+007
 1.090E+013  1.039E-012  5.787E+008 -2.724E+007
 1.110E+013  1.040E-012  5.787E+008 -2.771E+007
 1.130E+013  1.040E-012  5.787E+008 -2.825E+007
 1.150E+013  1.041E-012  5.787E+008 -2.884E+007
 1.170E+013  1.042E-012  5.787E+008 -2.946E+007
 1.190E+013  1.043E-012  5.787E+008 -3.005E+007
 1.210E+013  1.045E-012  5.787E+008 -3.056E+007
 1.230E+013  1.047E-012  5.787E+008 -3.096E+007
 1.250E+013  1.049E-012  5.787E+008 -3.134E+007
 1.270E+013  1.052E-012  5.787E+008 -3.178E+007
 1.290E+013  1.055E-012  5.787E+008 -3.234E+007
 1.310E+013  1.059E-012  5.787E+008 -3.295E+007
 1.330E+013  1.063E-012  5.787E+008 -3.354E+007
 1.350E+013  1.068E-012  5.787E+008 -3.404E+007
 1.370E+013  1.074E-012  5.787E+008 -3.447E+007
 1.390E+013  1.080E-012  5.787E+008 -3.492E+007
 1.410E+013  1.087E-012  5.787E+008 -3.544E+007
 1.430E+013  1.095E-012  5.787E+008 -3.602E+007
 1.450E+013  1.104E-012  5.787E+008 -3.660E+007
 1.470E+013  1.114E-012  5.787E+008 -3.711E+007
 1.490E+013  1.125E-012  5.787E+008 -3.753E+007
 1.510E+013  1.137E-012  5.787E+008 -3.793E+007
 1.530E+013  1.151E-012  5.787E+008 -3.838E+007
 1.550E+013  1.165E-012  5.787E+008 -3.891E+007
 1.570E+013  1.181E-012  5.787E+008 -3.949E+007
 1.590E+013  1.199E-012  5.787E+008 -4.009E+007
 1.610E+013  1.218E-012  5.787E+008 -4.068E+007
 1.630E+013  1.239E-012  5.787E+008 -4.120E+007
 1.650E+013  1.261E-012  5.787E+008 -4.165E+007
 1.670E+013  1.286E-012  5.787E+008 -4.205E+007
 1.690E+013  1.313E-012  5.787E+008 -4.247E+007
 1.710E+013  1.342E-012  5.787E+008 -4.296E+007
 1.730E+013  1.373E-012  5.787E+008 -4.353E+007
 1.750E+013  1.407E-012  5.787E+008 -4.414E+007
 1.770E+013  1.444E-012  5.787E+008 -4.468E+007
 1.790E+013  1.484E-012  5.787E+008 -4.516E+007
 1.810E+013  1.527E-012  5.787E+008 -4.563E+007
 1.830E+013  1.574E-012  5.787E+008 -4.614E+007
 1.850E+013  1.624E-012  5.787E+008 -4.664E+007
 1.870E+013  1.679E-012  5.787E+008 -4.711E+007
 1.890E+013  1.738E-012  5.787E+008 -4.760E+007
 1.910E+013  1.801E-012  5.787E+008 -4.816E+007
 1.930E+013  1.869E-012  5.787E+008 -4.876E+007
 1.950E+013  1.943E-012  5.787E+008 -4.926E+007
 1.970E+013  2.022E-012  5.787E+008 -4.966E+007
 1.990E+013  2.107E-012  5.787E+008 -5.009E+007
 2.010E+013  2.199E-012  5.787E+008 -5.066E+007
 2.030E+013  2.297E-012  5.787E+008 -5.128E+007
 2.050E+013  2.403E-012  5.786E+008 -5.180E+007
 2.070E+013  2.517E-012  5.787E+008 -5.220E+007
 2.090E+013  2.639E-012  5.787E+008 -5.267E+007
 2.110E+013  2.770E-012  5.787E+008 -5.324E+007
 2.130E+013  2.910E-012  5.786E+008 -5.377E+007
 2.150E+013  3.060E-012  5.787E+008 -5.425E+007
 2.170E+013  3.220E-012  5.786E+008 -5.476E+007
 2.190E+013  3.391E-012  5.786E+008 -5.529E+007
 2.210E+013  3.574E-012  5.787E+008 -5.578E+007
 2.230E+013  3.767E-012  5.786E+008 -5.626E+007
 2.250E+013  3.973E-012  5.786E+008 -5.679E+007
 2.270E+013  4.191E-012  5.786E+008 -5.733E+007
 2.290E+013  4.422E-012  5.786E+008 -5.779E+007
 2.310E+013  4.666E-012  5.786E+008 -5.836E+007
 2.330E+013  4.922E-012  5.786E+008 -5.878E+007
 2.350E+013  5.192E-012  5.786E+008 -5.935E+007
 2.370E+013  5.475E-012  5.786E+008 -5.983E+007
 2.390E+013  5.771E-012  5.786E+008 -6.032E+007
 2.410E+013  6.080E-012  5.786E+008 -6.086E+007
 2.430E+013  6.401E-012  5.786E+008 -6.138E+007
 2.450E+013  6.734E-012  5.786E+008 -6.181E+007
 2.470E+013  7.079E-012  5.786E+008 -6.239E+007
 2.490E+013  7.436E-012  5.786E+008 -6.291E+007
 2.510E+013  7.802E-012  5.786E+008 -6.331E+007
 2.530E+013  8.179E-012  5.786E+008 -6.395E+007
 2.550E+013  8.566E-012  5.786E+008 -6.436E+007
 2.570E+013  8.961E-012  5.786E+008 -6.492E+007
 2.590E+013  9.363E-012  5.786E+008 -6.537E+007
 2.610E+013  9.774E-012  5.786E+008 -6.593E+007
 2.630E+013  1.019E-011  5.786E+008 -6.641E+007
 2.650E+013  1.061E-011  5.786E+008 -6.690E+007
 2.670E+013  1.104E-011  5.786E+008 -6.743E+007
 2.690E+013  1.148E-011  5.786E+008 -6.793E+007
 2.710E+013  1.191E-011  5.786E+008 -6.843E+007
 2.730E+013  1.236E-011  5.786E+008 -6.895E+007
 2.750E+013  1.280E-011  5.786E+008 -6.944E+007
 2.770E+013  1.326E-011  5.786E+008 -6.995E+007
 2.790E+013  1.371E-011  5.786E+008 -7.046E+007
 2.810E+013  1.417E-011  5.786E+008 -7.096E+007
 2.830E+013  1.463E-011  5.786E+008 -7.147E+007
 2.850E+013  1.510E-011  5.786E+008 -7.197E+007
 2.870E+013  1.557E-011  5.786E+008 -7.248E+007
 2.890E+013  1.605E-011  5.786E+008 -7.298E+007
 2.910E+013  1.653E-011  5.786E+008 -7.349E+007
 2.930E+013  1.702E-011  5.786E+008 -7.400E+007
 2.950E+013  1.751E-011  5.786E+008 -7.450E+007
 2.970E+013  1.801E-011  5.786E+008 -7.501E+007
 2.990E+013  1.852E-011  5.786E+008 -7.551E+007
 3.010E+013  1.904E-011  5.786E+008 -7.601E+007
 3.030E+013  1.956E-011  5.786E+008 -7.653E+007
 3.050E+013  2.009E-011  5.786E+008 -7.703E+007
 3.070E+013  2.063E-011  5.786E+008 -7.754E+007
 3.090E+013  2.119E-011  5.786E+008 -7.804E+007
 3.110E+013  2.175E-011  5.786E+008 -7.855E+007
 3.130E+013  2.232E-011  5.785E+008 -7.905E+007
 3.150E+013  2.291E-011  5.785E+008 -7.956E+007
 3.170E+013  2.351E-011  5.785E+008 -8.007E+007
 3.190E+013  2.412E-011  5.785E+008 -8.057E+007
 3.210E+013  2.475E-011  5.785E+008 -8.108E+007
 3.230E+013  2.540E-011  5.785E+008 -8.158E+007
 3.250E+013  2.606E-011  5.785E+008 -8.209E+007
 3.270E+013  2.673E-011  5.785E+008 -8.259E+007
 3.290E+013  2.743E-011  5.785E+008 -8.310E+007
 3.310E+013  2.814E-011  5.785E+008 -8.360E+007
 3.330E+013  2.887E-011  5.785E+008 -8.411E+007
 3.350E+013  2.963E-011  5.785E+008 -8.461E+007
 3.370E+013  3.040E-011  5.785E+008 -8.512E+007
 3.390E+013  3.119E-011  5.785E+008 -8.562E+007
 3.410E+013  3.201E-011  5.785E+008 -8.613E+007
 3.430E+013  3.285E-011  5.785E+008 -8.664E+007
 3.450E+013  3.371E-011  5.785E+008 -8.714E+007
 3.470E+013  3.459E-011  5.784E+008 -8.764E+007
 3.490E+013  3.550E-011  5.784E+008 -8.815E+007
 3.510E+013  3.643E-011  5.784E+008 -8.865E+007
 3.530E+013  3.739E-011  5.784E+008 -8.915E+007
 3.550E+013  3.837E-011  5.784E+008 -8.966E+007
 3.570E+013  3.938E-011  5.784E+008 -9.016E+007
 3.590E+013  4.041E-011  5.784E+008 -9.066E+007
 3.610E+013  4.147E-011  5.784E+008 -9.117E+007
 3.630E+013  4.255E-011  5.784E+008 -9.167E+007
 3.650E+013  4.366E-011  5.784E+008 -9.217E+007
 3.670E+013  4.479E-011  5.784E+008 -9.268E+007
 3.690E+013  4.595E-011  5.784E+008 -9.318E+007
 3.710E+013  4.714E-011  5.783E+008 -9.369E+007
 3.730E+013  4.835E-011  5.783E+008 -9.419E+007
 3.750E+013  4.959E-011  5.783E+008 -9.470E+007
 3.770E+013  5.085E-011  5.783E+008 -9.520E+007
 3.790E+013  5.213E-011  5.783E+008 -9.570E+007
 3.810E+013  5.344E-011  5.783E+008 -9.621E+007
 3.830E+013  5.477E-011  5.783E+008 -9.671E+007
 3.850E+013  5.613E-011  5.783E+008 -9.722E+007
 3.870E+013  5.751E-011  5.783E+008 -9.772E+007
 3.890E+013  5.891E-011  5.782E+008 -9.822E+007
 3.910E+013  6.034E-011  5.782E+008 -9.873E+007
 3.930E+013  6.179E-011  5.782E+008 -9.924E+007
 3.950E+013  6.326E-011  5.782E+008 -9.974E+007
 3.970E+013  6.476E-011  5.782E+008 -1.002E+008
 3.990E+013  6.627E-011  5.782E+008 -1.007E+008
 4.010E+013  6.782E-011  5.782E+008 -1.013E+008
 4.030E+013  6.938E-011  5.781E+008 -1.018E+008
 4.050E+013  7.097E-011  5.781E+008 -1.023E+008
 4.070E+013  7.258E-011  5.781E+008 -1.028E+008
 4.090E+013  7.421E-011  5.781E+008 -1.033E+008
 4.110E+013  7.587E-011  5.781E+008 -1.038E+008
 4.130E+013  7.756E-011  5.780E+008 -1.043E+008
 4.150E+013  7.927E-011  5.780E+008 -1.048E+008
 4.170E+013  8.101E-011  5.780E+008 -1.053E+008
 4.190E+013  8.278E-011  5.780E+008 -1.058E+008
 4.210E+013  8.457E-011  5.780E+008 -1.063E+008
 4.230E+013  8.639E-011  5.779E+008 -1.068E+008
 4.250E+013  8.825E-011  5.779E+008 -1.073E+008
 4.270E+013  9.013E-011  5.779E+008 -1.078E+008
 4.290E+013  9.205E-011  5.779E+008 -1.084E+008
 4.310E+013  9.400E-011  5.779E+008 -1.089E+008
 4.330E+013  9.599E-011  5.778E+008 -1.094E+008
 4.350E+013  9.801E-011  5.778E+008 -1.099E+008
 4.370E+013  1.001E-010  5.778E+008 -1.104E+008
 4.390E+013  1.022E-010  5.777E+008 -1.109E+008
 4.410E+013  1.043E-010  5.777E+008 -1.114E+008
 4.430E+013  1.065E-010  5.777E+008 -1.120E+008
 4.450E+013  1.087E-010  5.777E+008 -1.125E+008
 4.470E+013  1.110E-010  5.776E+008 -1.130E+008
 4.490E+013  1.133E-010  5.776E+008 -1.135E+008
 4.510E+013  1.156E-010  5.776E+008 -1.140E+008
 4.530E+013  1.180E-010  5.775E+008 -1.146E+008
 4.550E+013  1.205E-010  5.775E+008 -1.151E+008
 4.570E+013  1.230E-010  5.774E+008 -1.156E+008
 4.590E+013  1.255E-010  5.774E+008 -1.162E+008
 4.610E+013  1.281E-010  5.774E+008 -1.167E+008
 4.630E+013  1.307E-010  5.773E+008 -1.172E+008
 4.650E+013  1.334E-010  5.773E+008 -1.178E+008
 4.670E+013  1.362E-010  5.772E+008 -1.183E+008
 4.690E+013  1.390E-010  5.772E+008 -1.189E+008
 4.710E+013  1.418E-010  5.771E+008 -1.194E+008
 4.730E+013  1.447E-010  5.771E+008 -1.200E+008
 4.750E+013  1.476E-010  5.770E+008 -1.206E+008
 4.770E+013  1.506E-010  5.769E+008 -1.211E+008
 4.790E+013  1.537E-010  5.769E+008 -1.217E+008
 4.810E+013  1.568E-010  5.768E+008 -1.223E+008
 4.830E+013  1.599E-010  5.767E+008 -1.228E+008
 4.850E+013  1.632E-010  5.766E+008 -1.234E+008
 4.870E+013  1.664E-010  5.766E+008 -1.240E+008
 4.890E+013  1.697E-010  5.765E+008 -1.246E+008
 4.910E+013  1.731E-010  5.764E+008 -1.252E+008
 4.930E+013  1.765E-010  5.763E+008 -1.258E+008
 4.950E+013  1.800E-010  5.762E+008 -1.264E+008
 4.970E+013  1.835E-010  5.761E+008 -1.270E+008
 4.990E+013  1.871E-010  5.760E+008 -1.276E+008
 5.010E+013  1.908E-010  5.759E+008 -1.283E+008
 5.030E+013  1.944E-010  5.758E+008 -1.289E+008
 5.050E+013  1.982E-010  5.756E+008 -1.295E+008
 5.070E+013  2.020E-010  5.755E+008 -1.302E+008
 5.090E+013  2.059E-010  5.754E+008 -1.308E+008
 5.110E+013  2.098E-010  5.752E+008 -1.315E+008
 5.130E+013  2.137E-010  5.751E+008 -1.321E+008
 5.150E+013  2.177E-010  5.750E+008 -1.328E+008
 5.170E+013  2.218E-010  5.748E+008 -1.335E+008
 5.190E+013  2.260E-010  5.746E+008 -1.342E+008
 5.210E+013  2.302E-010  5.745E+008 -1.349E+008
 5.230E+013  2.344E-010  5.743E+008 -1.356E+008
 5.250E+013  2.387E-010  5.741E+008 -1.363E+008
 5.270E+013  2.431E-010  5.739E+008 -1.370E+008
 5.290E+013  2.475E-010  5.738E+008 -1.376E+008
 5.310E+013  2.520E-010  5.736E+008 -1.383E+008
 5.330E+013  2.566E-010  5.734E+008 -1.390E+008
 5.350E+013  2.612E-010  5.732E+008 -1.397E+008
 5.370E+013  2.658E-010  5.730E+008 -1.404E+008
 5.390E+013  2.706E-010  5.727E+008 -1.412E+008
 5.410E+013  2.754E-010  5.725E+008 -1.420E+008
 5.430E+013  2.802E-010  5.722E+008 -1.428E+008
 5.450E+013  2.852E-010  5.721E+008 -1.435E+008
 5.470E+013  2.902E-010  5.719E+008 -1.441E+008
 5.490E+013  2.953E-010  5.719E+008 -1.446E+008
 5.510E+013  3.005E-010  5.718E+008 -1.450E+008
 5.530E+013  3.057E-010  5.715E+008 -1.457E+008
 5.550E+013  3.109E-010  5.711E+008 -1.466E+008
 5.570E+013  3.161E-010  5.705E+008 -1.477E+008
 5.590E+013  3.214E-010  5.700E+008 -1.489E+008
 5.610E+013  3.267E-010  5.695E+008 -1.500E+008
 5.630E+013  3.324E-010  5.697E+008 -1.507E+008
 5.650E+013  3.383E-010  5.704E+008 -1.503E+008
 5.670E+013  3.442E-010  5.707E+008 -1.498E+008
 5.690E+013  3.500E-010  5.707E+008 -1.501E+008
 5.710E+013  3.557E-010  5.699E+008 -1.507E+008
 5.730E+013  3.606E-010  5.672E+008 -1.536E+008
 5.750E+013  3.655E-010  5.643E+008 -1.582E+008
 5.770E+013  3.713E-010  5.636E+008 -1.614E+008
 5.790E+013  3.783E-010  5.659E+008 -1.604E+008
 5.810E+013  3.861E-010  5.697E+008 -1.564E+008
 5.830E+013  3.931E-010  5.712E+008 -1.517E+008
 5.850E+013  3.970E-010  5.650E+008 -1.556E+008
 5.870E+013  4.002E-010  5.577E+008 -1.663E+008
 5.890E+013  4.065E-010  5.575E+008 -1.728E+008
 5.910E+013  4.133E-010  5.578E+008 -1.684E+008
 5.930E+013  4.093E-010  5.348E+008 -1.823E+008
 5.950E+013  3.996E-010  5.009E+008 -2.241E+008
 5.970E+013  3.930E-010  4.753E+008 -2.684E+008
 5.990E+013  3.916E-010  4.619E+008 -2.968E+008
 6.010E+013  3.952E-010  4.580E+008 -3.079E+008
 6.030E+013  4.006E-010  4.577E+008 -3.100E+008
 6.050E+013  4.067E-010  4.588E+008 -3.083E+008
 6.070E+013  4.130E-010  4.600E+008 -3.060E+008
 6.090E+013  4.194E-010  4.611E+008 -3.037E+008
 6.110E+013  4.259E-010  4.623E+008 -3.015E+008
 6.130E+013  4.324E-010  4.633E+008 -2.994E+008
 6.150E+013  4.390E-010  4.643E+008 -2.974E+008
 6.170E+013  4.457E-010  4.652E+008 -2.955E+008
 6.190E+013  4.523E-010  4.660E+008 -2.938E+008
 6.210E+013  4.591E-010  4.668E+008 -2.922E+008
 6.230E+013  4.659E-010  4.675E+008 -2.907E+008
 6.250E+013  4.728E-010  4.682E+008 -2.893E+008
 6.270E+013  4.797E-010  4.689E+008 -2.879E+008
 6.290E+013  4.868E-010  4.695E+008 -2.866E+008
 6.310E+013  4.939E-010  4.701E+008 -2.853E+008
 6.330E+013  5.011E-010  4.707E+008 -2.841E+008
 6.350E+013  5.084E-010  4.713E+008 -2.828E+008
 6.370E+013  5.159E-010  4.719E+008 -2.816E+008
 6.390E+013  5.234E-010  4.725E+008 -2.803E+008
 6.410E+013  5.310E-010  4.731E+008 -2.790E+008
 6.430E+013  5.387E-010  4.737E+008 -2.776E+008
 6.450E+013  5.464E-010  4.742E+008 -2.762E+008
 6.470E+013  5.543E-010  4.747E+008 -2.747E+008
 6.490E+013  5.623E-010  4.752E+008 -2.732E+008
 6.510E+013  5.703E-010  4.757E+008 -2.716E+008
 6.530E+013  5.784E-010  4.761E+008 -2.699E+008
 6.550E+013  5.866E-010  4.765E+008 -2.681E+008
 6.570E+013  5.949E-010  4.768E+008 -2.663E+008
 6.590E+013  6.032E-010  4.770E+008 -2.643E+008
 6.610E+013  6.115E-010  4.772E+008 -2.623E+008
 6.630E+013  6.199E-010  4.773E+008 -2.602E+008
 6.650E+013  6.284E-010  4.774E+008 -2.580E+008
 6.670E+013  6.370E-010  4.774E+008 -2.557E+008
 6.690E+013  6.456E-010  4.774E+008 -2.534E+008
 6.710E+013  6.542E-010  4.773E+008 -2.510E+008
 6.730E+013  6.630E-010  4.772E+008 -2.486E+008
 6.750E+013  6.718E-010  4.771E+008 -2.462E+008
 6.770E+013  6.807E-010  4.769E+008 -2.438E+008
 6.790E+013  6.897E-010  4.768E+008 -2.414E+008
 6.810E+013  6.988E-010  4.767E+008 -2.391E+008
 6.830E+013  7.080E-010  4.766E+008 -2.367E+008
 6.850E+013  7.173E-010  4.765E+008 -2.344E+008
 6.870E+013  7.268E-010  4.764E+008 -2.321E+008
 6.890E+013  7.364E-010  4.763E+008 -2.299E+008
 6.910E+013  7.461E-010  4.763E+008 -2.277E+008
 6.930E+013  7.559E-010  4.763E+008 -2.256E+008
 6.950E+013  7.659E-010  4.763E+008 -2.235E+008
 6.970E+013  7.760E-010  4.764E+008 -2.215E+008
 6.990E+013  7.862E-010  4.764E+008 -2.195E+008
 7.010E+013  7.966E-010  4.765E+008 -2.175E+008
 7.030E+013  8.070E-010  4.765E+008 -2.155E+008
 7.050E+013  8.175E-010  4.765E+008 -2.135E+008
 7.070E+013  8.282E-010  4.765E+008 -2.116E+008
 7.090E+013  8.389E-010  4.765E+008 -2.096E+008
 7.110E+013  8.497E-010  4.765E+008 -2.076E+008
 7.130E+013  8.606E-010  4.764E+008 -2.056E+008
 7.150E+013  8.716E-010  4.763E+008 -2.035E+008
 7.170E+013  8.826E-010  4.763E+008 -2.015E+008
 7.190E+013  8.939E-010  4.762E+008 -1.995E+008
 7.210E+013  9.052E-010  4.761E+008 -1.975E+008
 7.230E+013  9.167E-010  4.761E+008 -1.956E+008
 7.250E+013  9.283E-010  4.761E+008 -1.936E+008
 7.270E+013  9.400E-010  4.761E+008 -1.917E+008
 7.290E+013  9.519E-010  4.761E+008 -1.898E+008
 7.310E+013  9.639E-010  4.761E+008 -1.879E+008
 7.330E+013  9.760E-010  4.761E+008 -1.861E+008
 7.350E+013  9.883E-010  4.761E+008 -1.842E+008
 7.370E+013  1.001E-009  4.760E+008 -1.823E+008
 7.390E+013  1.013E-009  4.760E+008 -1.804E+008
 7.410E+013  1.026E-009  4.760E+008 -1.786E+008
 7.430E+013  1.038E-009  4.759E+008 -1.767E+008
 7.450E+013  1.051E-009  4.759E+008 -1.748E+008
 7.470E+013  1.064E-009  4.759E+008 -1.730E+008
 7.490E+013  1.077E-009  4.759E+008 -1.712E+008
 7.510E+013  1.090E-009  4.759E+008 -1.693E+008
 7.530E+013  1.104E-009  4.758E+008 -1.675E+008
 7.550E+013  1.117E-009  4.758E+008 -1.657E+008
 7.570E+013  1.131E-009  4.758E+008 -1.639E+008
 7.590E+013  1.145E-009  4.758E+008 -1.622E+008
 7.610E+013  1.159E-009  4.758E+008 -1.604E+008
 7.630E+013  1.173E-009  4.758E+008 -1.586E+008
 7.650E+013  1.187E-009  4.758E+008 -1.569E+008
 7.670E+013  1.201E-009  4.757E+008 -1.551E+008
 7.690E+013  1.215E-009  4.757E+008 -1.534E+008
 7.710E+013  1.230E-009  4.757E+008 -1.516E+008
 7.730E+013  1.245E-009  4.757E+008 -1.499E+008
 7.750E+013  1.260E-009  4.756E+008 -1.482E+008
 7.770E+013  1.275E-009  4.756E+008 -1.465E+008
 7.790E+013  1.290E-009  4.756E+008 -1.448E+008
 7.810E+013  1.305E-009  4.756E+008 -1.431E+008
 7.830E+013  1.320E-009  4.755E+008 -1.415E+008
 7.850E+013  1.336E-009  4.755E+008 -1.398E+008
 7.870E+013  1.352E-009  4.755E+008 -1.381E+008
 7.890E+013  1.367E-009  4.754E+008 -1.365E+008
 7.910E+013  1.383E-009  4.754E+008 -1.349E+008
 7.930E+013  1.400E-009  4.754E+008 -1.332E+008
 7.950E+013  1.416E-009  4.753E+008 -1.316E+008
 7.970E+013  1.432E-009  4.753E+008 -1.300E+008
 7.990E+013  1.449E-009  4.752E+008 -1.284E+008
 8.010E+013  1.466E-009  4.752E+008 -1.268E+008
 8.030E+013  1.483E-009  4.751E+008 -1.252E+008
 8.050E+013  1.500E-009  4.751E+008 -1.236E+008
 8.070E+013  1.517E-009  4.750E+008 -1.221E+008
 8.090E+013  1.534E-009  4.750E+008 -1.205E+008
 8.110E+013  1.552E-009  4.749E+008 -1.190E+008
 8.130E+013  1.570E-009  4.749E+008 -1.174E+008
 8.150E+013  1.587E-009  4.748E+008 -1.159E+008
 8.170E+013  1.605E-009  4.748E+008 -1.144E+008
 8.190E+013  1.624E-009  4.747E+008 -1.128E+008
 8.210E+013  1.642E-009  4.747E+008 -1.113E+008
 8.230E+013  1.661E-009  4.746E+008 -1.098E+008
 8.250E+013  1.679E-009  4.745E+008 -1.083E+008
 8.270E+013  1.698E-009  4.745E+008 -1.068E+008
 8.290E+013  1.717E-009  4.744E+008 -1.053E+008
 8.310E+013  1.736E-009  4.743E+008 -1.039E+008
 8.330E+013  1.756E-009  4.743E+008 -1.024E+008
 8.350E+013  1.775E-009  4.742E+008 -1.009E+008
 8.370E+013  1.795E-009  4.741E+008 -9.949E+007
 8.390E+013  1.815E-009  4.741E+008 -9.804E+007
 8.410E+013  1.835E-009  4.740E+008 -9.661E+007
 8.430E+013  1.855E-009  4.739E+008 -9.517E+007
 8.450E+013  1.876E-009  4.739E+008 -9.375E+007
 8.470E+013  1.896E-009  4.738E+008 -9.233E+007
 8.490E+013  1.917E-009  4.737E+008 -9.092E+007
 8.510E+013  1.938E-009  4.736E+008 -8.952E+007
 8.530E+013  1.959E-009  4.736E+008 -8.812E+007
 8.550E+013  1.980E-009  4.735E+008 -8.673E+007
 8.570E+013  2.002E-009  4.734E+008 -8.534E+007
 8.590E+013  2.024E-009  4.733E+008 -8.397E+007
 8.610E+013  2.045E-009  4.732E+008 -8.259E+007
 8.630E+013  2.067E-009  4.732E+008 -8.123E+007
 8.650E+013  2.090E-009  4.731E+008 -7.987E+007
 8.670E+013  2.112E-009  4.730E+008 -7.852E+007
 8.690E+013  2.135E-009  4.729E+008 -7.718E+007
 8.710E+013  2.158E-009  4.728E+008 -7.584E+007
 8.730E+013  2.181E-009  4.727E+008 -7.450E+007
 8.750E+013  2.204E-009  4.727E+008 -7.318E+007
 8.770E+013  2.227E-009  4.726E+008 -7.186E+007
 8.790E+013  2.251E-009  4.725E+008 -7.054E+007
 8.810E+013  2.275E-009  4.724E+008 -6.923E+007
 8.830E+013  2.298E-009  4.723E+008 -6.793E+007
 8.850E+013  2.323E-009  4.722E+008 -6.663E+007
 8.870E+013  2.347E-009  4.721E+008 -6.534E+007
 8.890E+013  2.372E-009  4.721E+008 -6.405E+007
 8.910E+013  2.396E-009  4.720E+008 -6.277E+007
 8.930E+013  2.421E-009  4.719E+008 -6.150E+007
 8.950E+013  2.447E-009  4.718E+008 -6.023E+007
 8.970E+013  2.472E-009  4.717E+008 -5.897E+007
 8.990E+013  2.498E-009  4.716E+008 -5.771E+007
 9.010E+013  2.523E-009  4.715E+008 -5.646E+007
 9.030E+013  2.550E-009  4.715E+008 -5.521E+007
 9.050E+013  2.576E-009  4.714E+008 -5.397E+007
 9.070E+013  2.602E-009  4.713E+008 -5.273E+007
 9.090E+013  2.629E-009  4.712E+008 -5.150E+007
 9.110E+013  2.656E-009  4.711E+008 -5.027E+007
 9.130E+013  2.683E-009  4.710E+008 -4.905E+007
 9.150E+013  2.710E-009  4.710E+008 -4.783E+007
 9.170E+013  2.738E-009  4.709E+008 -4.662E+007
 9.190E+013  2.766E-009  4.708E+008 -4.542E+007
 9.210E+013  2.794E-009  4.707E+008 -4.421E+007
 9.230E+013  2.822E-009  4.707E+008 -4.302E+007
 9.250E+013  2.851E-009  4.706E+008 -4.183E+007
 9.270E+013  2.879E-009  4.705E+008 -4.064E+007
 9.290E+013  2.908E-009  4.704E+008 -3.946E+007
 9.310E+013  2.937E-009  4.704E+008 -3.828E+007
 9.330E+013  2.967E-009  4.703E+008 -3.711E+007
 9.350E+013  2.997E-009  4.702E+008 -3.594E+007
 9.370E+013  3.027E-009  4.701E+008 -3.478E+007
 9.390E+013  3.057E-009  4.701E+008 -3.362E+007
 9.410E+013  3.087E-009  4.700E+008 -3.247E+007
 9.430E+013  3.118E-009  4.699E+008 -3.132E+007
 9.450E+013  3.149E-009  4.699E+008 -3.018E+007
 9.470E+013  3.180E-009  4.698E+008 -2.904E+007
 9.490E+013  3.211E-009  4.697E+008 -2.791E+007
 9.510E+013  3.243E-009  4.697E+008 -2.678E+007
 9.530E+013  3.275E-009  4.696E+008 -2.566E+007
 9.550E+013  3.307E-009  4.696E+008 -2.454E+007
 9.570E+013  3.340E-009  4.695E+008 -2.342E+007
 9.590E+013  3.372E-009  4.695E+008 -2.231E+007
 9.610E+013  3.405E-009  4.694E+008 -2.120E+007
 9.630E+013  3.439E-009  4.694E+008 -2.010E+007
 9.650E+013  3.472E-009  4.693E+008 -1.901E+007
 9.670E+013  3.506E-009  4.693E+008 -1.791E+007
 9.690E+013  3.540E-009  4.692E+008 -1.682E+007
 9.710E+013  3.574E-009  4.692E+008 -1.574E+007
 9.730E+013  3.609E-009  4.691E+008 -1.466E+007
 9.750E+013  3.644E-009  4.691E+008 -1.359E+007
 9.770E+013  3.679E-009  4.691E+008 -1.252E+007
 9.790E+013  3.715E-009  4.690E+008 -1.145E+007
 9.810E+013  3.750E-009  4.690E+008 -1.039E+007
 9.830E+013  3.786E-009  4.690E+008 -9.330E+006
 9.850E+013  3.823E-009  4.690E+008 -8.277E+006
 9.870E+013  3.859E-009  4.689E+008 -7.227E+006
 9.890E+013  3.896E-009  4.689E+008 -6.182E+006
 9.910E+013  3.933E-009  4.689E+008 -5.142E+006
 9.930E+013  3.971E-009  4.689E+008 -4.105E+006
 9.950E+013  4.011E-009  4.689E+008 -3.072E+006
 9.970E+013  4.060E-009  4.689E+008 -2.044E+006
 9.990E+013  4.105E-009  4.689E+008 -1.020E+006
 1.001E+014  1.000E-099  1.000E-099 -0.000E+000
 1.003E+014  1.000E-099  1.000E-099 -0.000E+000
 6.849E-003
