 1.680E+005
     x1b        dens       energ       v1
 1.000E+011  6.485E-013  3.692E+008  0.000E+000
 3.000E+011  6.485E-013  3.692E+008  2.934E+005
 5.000E+011  6.488E-013  3.692E+008  5.753E+005
 7.000E+011  6.495E-013  3.692E+008  8.667E+005
 9.000E+011  6.505E-013  3.692E+008  1.154E+006
 1.100E+012  6.522E-013  3.692E+008  1.443E+006
 1.300E+012  6.544E-013  3.692E+008  1.731E+006
 1.500E+012  6.573E-013  3.692E+008  2.020E+006
 1.700E+012  6.608E-013  3.692E+008  2.309E+006
 1.900E+012  6.650E-013  3.692E+008  2.597E+006
 2.100E+012  6.698E-013  3.692E+008  2.886E+006
 2.300E+012  6.752E-013  3.692E+008  3.175E+006
 2.500E+012  6.810E-013  3.692E+008  3.463E+006
 2.700E+012  6.873E-013  3.692E+008  3.752E+006
 2.900E+012  6.939E-013  3.692E+008  4.040E+006
 3.100E+012  7.008E-013  3.692E+008  4.329E+006
 3.300E+012  7.079E-013  3.692E+008  4.618E+006
 3.500E+012  7.152E-013  3.692E+008  4.906E+006
 3.700E+012  7.225E-013  3.692E+008  5.195E+006
 3.900E+012  7.299E-013  3.692E+008  5.483E+006
 4.100E+012  7.374E-013  3.692E+008  5.772E+006
 4.300E+012  7.448E-013  3.692E+008  6.061E+006
 4.500E+012  7.521E-013  3.692E+008  6.349E+006
 4.700E+012  7.593E-013  3.692E+008  6.638E+006
 4.900E+012  7.664E-013  3.692E+008  6.926E+006
 5.100E+012  7.731E-013  3.692E+008  7.215E+006
 5.300E+012  7.793E-013  3.692E+008  7.504E+006
 5.500E+012  7.849E-013  3.692E+008  7.792E+006
 5.700E+012  7.897E-013  3.692E+008  8.081E+006
 5.900E+012  7.933E-013  3.692E+008  8.369E+006
 6.100E+012  7.956E-013  3.692E+008  8.658E+006
 6.300E+012  7.965E-013  3.692E+008  8.946E+006
 6.500E+012  7.966E-013  3.692E+008  9.235E+006
 6.700E+012  7.966E-013  3.692E+008  9.524E+006
 6.900E+012  7.966E-013  3.692E+008  9.812E+006
 7.100E+012  7.966E-013  3.692E+008  1.010E+007
 7.300E+012  7.966E-013  3.692E+008  1.039E+007
 7.500E+012  7.966E-013  3.692E+008  1.068E+007
 7.700E+012  7.965E-013  3.692E+008  1.097E+007
 7.900E+012  7.964E-013  3.692E+008  1.126E+007
 8.100E+012  7.963E-013  3.692E+008  1.154E+007
 8.300E+012  7.961E-013  3.692E+008  1.183E+007
 8.500E+012  7.959E-013  3.692E+008  1.212E+007
 8.700E+012  7.956E-013  3.692E+008  1.241E+007
 8.900E+012  7.952E-013  3.692E+008  1.270E+007
 9.100E+012  7.948E-013  3.692E+008  1.299E+007
 9.300E+012  7.943E-013  3.692E+008  1.328E+007
 9.500E+012  7.937E-013  3.692E+008  1.356E+007
 9.700E+012  7.932E-013  3.692E+008  1.385E+007
 9.900E+012  7.928E-013  3.692E+008  1.414E+007
 1.010E+013  7.925E-013  3.692E+008  1.443E+007
 1.030E+013  7.924E-013  3.692E+008  1.472E+007
 1.050E+013  7.924E-013  3.692E+008  1.501E+007
 1.070E+013  7.924E-013  3.692E+008  1.530E+007
 1.090E+013  7.924E-013  3.692E+008  1.558E+007
 1.110E+013  7.925E-013  3.692E+008  1.587E+007
 1.130E+013  7.925E-013  3.692E+008  1.616E+007
 1.150E+013  7.926E-013  3.692E+008  1.645E+007
 1.170E+013  7.928E-013  3.692E+008  1.674E+007
 1.190E+013  7.930E-013  3.692E+008  1.703E+007
 1.210E+013  7.933E-013  3.692E+008  1.732E+007
 1.230E+013  7.937E-013  3.692E+008  1.760E+007
 1.250E+013  7.942E-013  3.692E+008  1.789E+007
 1.270E+013  7.949E-013  3.692E+008  1.818E+007
 1.290E+013  7.957E-013  3.692E+008  1.847E+007
 1.310E+013  7.967E-013  3.692E+008  1.876E+007
 1.330E+013  7.979E-013  3.692E+008  1.905E+007
 1.350E+013  7.993E-013  3.692E+008  1.934E+007
 1.370E+013  8.010E-013  3.692E+008  1.962E+007
 1.390E+013  8.030E-013  3.692E+008  1.991E+007
 1.410E+013  8.052E-013  3.692E+008  2.020E+007
 1.430E+013  8.078E-013  3.692E+008  2.049E+007
 1.450E+013  8.108E-013  3.692E+008  2.078E+007
 1.470E+013  8.141E-013  3.692E+008  2.107E+007
 1.490E+013  8.179E-013  3.692E+008  2.136E+007
 1.510E+013  8.221E-013  3.692E+008  2.164E+007
 1.530E+013  8.268E-013  3.692E+008  2.193E+007
 1.550E+013  8.320E-013  3.692E+008  2.222E+007
 1.570E+013  8.377E-013  3.692E+008  2.251E+007
 1.590E+013  8.441E-013  3.692E+008  2.280E+007
 1.610E+013  8.511E-013  3.692E+008  2.309E+007
 1.630E+013  8.588E-013  3.692E+008  2.338E+007
 1.650E+013  8.672E-013  3.692E+008  2.367E+007
 1.670E+013  8.763E-013  3.692E+008  2.395E+007
 1.690E+013  8.863E-013  3.692E+008  2.424E+007
 1.710E+013  8.972E-013  3.692E+008  2.453E+007
 1.730E+013  9.090E-013  3.692E+008  2.482E+007
 1.750E+013  9.218E-013  3.692E+008  2.511E+007
 1.770E+013  9.356E-013  3.692E+008  2.540E+007
 1.790E+013  9.506E-013  3.692E+008  2.569E+007
 1.810E+013  9.668E-013  3.692E+008  2.597E+007
 1.830E+013  9.842E-013  3.692E+008  2.626E+007
 1.850E+013  1.003E-012  3.692E+008  2.655E+007
 1.870E+013  1.023E-012  3.692E+008  2.684E+007
 1.890E+013  1.045E-012  3.692E+008  2.713E+007
 1.910E+013  1.069E-012  3.692E+008  2.742E+007
 1.930E+013  1.094E-012  3.692E+008  2.771E+007
 1.950E+013  1.121E-012  3.692E+008  2.800E+007
 1.970E+013  1.150E-012  3.692E+008  2.828E+007
 1.990E+013  1.181E-012  3.692E+008  2.857E+007
 2.010E+013  1.215E-012  3.692E+008  2.886E+007
 2.030E+013  1.251E-012  3.692E+008  2.915E+007
 2.050E+013  1.289E-012  3.692E+008  2.944E+007
 2.070E+013  1.331E-012  3.692E+008  2.973E+007
 2.090E+013  1.375E-012  3.692E+008  3.002E+007
 2.110E+013  1.422E-012  3.692E+008  3.031E+007
 2.130E+013  1.473E-012  3.692E+008  3.060E+007
 2.150E+013  1.528E-012  3.692E+008  3.089E+007
 2.170E+013  1.586E-012  3.692E+008  3.117E+007
 2.190E+013  1.648E-012  3.692E+008  3.146E+007
 2.210E+013  1.715E-012  3.692E+008  3.175E+007
 2.230E+013  1.786E-012  3.692E+008  3.204E+007
 2.250E+013  1.861E-012  3.692E+008  3.233E+007
 2.270E+013  1.942E-012  3.692E+008  3.262E+007
 2.290E+013  2.029E-012  3.692E+008  3.291E+007
 2.310E+013  2.121E-012  3.692E+008  3.320E+007
 2.330E+013  2.219E-012  3.692E+008  3.349E+007
 2.350E+013  2.323E-012  3.692E+008  3.378E+007
 2.370E+013  2.433E-012  3.692E+008  3.407E+007
 2.390E+013  2.551E-012  3.692E+008  3.435E+007
 2.410E+013  2.675E-012  3.692E+008  3.464E+007
 2.430E+013  2.807E-012  3.692E+008  3.493E+007
 2.450E+013  2.946E-012  3.692E+008  3.522E+007
 2.470E+013  3.093E-012  3.692E+008  3.551E+007
 2.490E+013  3.248E-012  3.692E+008  3.580E+007
 2.510E+013  3.412E-012  3.692E+008  3.609E+007
 2.530E+013  3.583E-012  3.692E+008  3.638E+007
 2.550E+013  3.763E-012  3.692E+008  3.666E+007
 2.570E+013  3.951E-012  3.692E+008  3.695E+007
 2.590E+013  4.148E-012  3.692E+008  3.724E+007
 2.610E+013  4.352E-012  3.692E+008  3.753E+007
 2.630E+013  4.565E-012  3.692E+008  3.782E+007
 2.650E+013  4.787E-012  3.692E+008  3.811E+007
 2.670E+013  5.016E-012  3.692E+008  3.840E+007
 2.690E+013  5.252E-012  3.692E+008  3.868E+007
 2.710E+013  5.496E-012  3.692E+008  3.897E+007
 2.730E+013  5.747E-012  3.692E+008  3.926E+007
 2.750E+013  6.005E-012  3.692E+008  3.955E+007
 2.770E+013  6.269E-012  3.692E+008  3.984E+007
 2.790E+013  6.539E-012  3.692E+008  4.013E+007
 2.810E+013  6.815E-012  3.692E+008  4.041E+007
 2.830E+013  7.095E-012  3.692E+008  4.070E+007
 2.850E+013  7.381E-012  3.692E+008  4.099E+007
 2.870E+013  7.670E-012  3.692E+008  4.128E+007
 2.890E+013  7.964E-012  3.692E+008  4.157E+007
 2.910E+013  8.262E-012  3.692E+008  4.186E+007
 2.930E+013  8.563E-012  3.692E+008  4.214E+007
 2.950E+013  8.867E-012  3.692E+008  4.243E+007
 2.970E+013  9.174E-012  3.692E+008  4.272E+007
 2.990E+013  9.484E-012  3.692E+008  4.301E+007
 3.010E+013  9.796E-012  3.692E+008  4.330E+007
 3.030E+013  1.011E-011  3.692E+008  4.358E+007
 3.050E+013  1.043E-011  3.692E+008  4.387E+007
 3.070E+013  1.075E-011  3.692E+008  4.416E+007
 3.090E+013  1.107E-011  3.692E+008  4.445E+007
 3.110E+013  1.140E-011  3.692E+008  4.474E+007
 3.130E+013  1.173E-011  3.692E+008  4.503E+007
 3.150E+013  1.206E-011  3.692E+008  4.532E+007
 3.170E+013  1.239E-011  3.692E+008  4.560E+007
 3.190E+013  1.273E-011  3.692E+008  4.589E+007
 3.210E+013  1.307E-011  3.692E+008  4.618E+007
 3.230E+013  1.342E-011  3.692E+008  4.647E+007
 3.250E+013  1.377E-011  3.692E+008  4.676E+007
 3.270E+013  1.412E-011  3.692E+008  4.705E+007
 3.290E+013  1.448E-011  3.692E+008  4.733E+007
 3.310E+013  1.484E-011  3.692E+008  4.762E+007
 3.330E+013  1.521E-011  3.692E+008  4.791E+007
 3.350E+013  1.559E-011  3.692E+008  4.820E+007
 3.370E+013  1.597E-011  3.692E+008  4.849E+007
 3.390E+013  1.636E-011  3.692E+008  4.878E+007
 3.410E+013  1.676E-011  3.692E+008  4.907E+007
 3.430E+013  1.716E-011  3.692E+008  4.935E+007
 3.450E+013  1.757E-011  3.692E+008  4.964E+007
 3.470E+013  1.799E-011  3.692E+008  4.993E+007
 3.490E+013  1.842E-011  3.692E+008  5.022E+007
 3.510E+013  1.886E-011  3.692E+008  5.051E+007
 3.530E+013  1.931E-011  3.692E+008  5.080E+007
 3.550E+013  1.977E-011  3.692E+008  5.109E+007
 3.570E+013  2.024E-011  3.692E+008  5.138E+007
 3.590E+013  2.072E-011  3.692E+008  5.166E+007
 3.610E+013  2.121E-011  3.692E+008  5.195E+007
 3.630E+013  2.172E-011  3.692E+008  5.224E+007
 3.650E+013  2.223E-011  3.692E+008  5.253E+007
 3.670E+013  2.276E-011  3.692E+008  5.282E+007
 3.690E+013  2.330E-011  3.692E+008  5.311E+007
 3.710E+013  2.386E-011  3.692E+008  5.340E+007
 3.730E+013  2.443E-011  3.692E+008  5.369E+007
 3.750E+013  2.501E-011  3.692E+008  5.397E+007
 3.770E+013  2.561E-011  3.692E+008  5.426E+007
 3.790E+013  2.623E-011  3.692E+008  5.455E+007
 3.810E+013  2.686E-011  3.692E+008  5.484E+007
 3.830E+013  2.750E-011  3.692E+008  5.513E+007
 3.850E+013  2.816E-011  3.692E+008  5.542E+007
 3.870E+013  2.884E-011  3.692E+008  5.571E+007
 3.890E+013  2.953E-011  3.692E+008  5.599E+007
 3.910E+013  3.024E-011  3.692E+008  5.628E+007
 3.930E+013  3.096E-011  3.692E+008  5.657E+007
 3.950E+013  3.170E-011  3.693E+008  5.686E+007
 3.970E+013  3.246E-011  3.693E+008  5.715E+007
 3.990E+013  3.323E-011  3.693E+008  5.744E+007
 4.010E+013  3.402E-011  3.693E+008  5.773E+007
 4.030E+013  3.483E-011  3.693E+008  5.802E+007
 4.050E+013  3.565E-011  3.693E+008  5.830E+007
 4.070E+013  3.649E-011  3.693E+008  5.859E+007
 4.090E+013  3.735E-011  3.693E+008  5.888E+007
 4.110E+013  3.822E-011  3.693E+008  5.917E+007
 4.130E+013  3.910E-011  3.693E+008  5.946E+007
 4.150E+013  4.001E-011  3.693E+008  5.975E+007
 4.170E+013  4.092E-011  3.693E+008  6.004E+007
 4.190E+013  4.186E-011  3.693E+008  6.033E+007
 4.210E+013  4.281E-011  3.693E+008  6.061E+007
 4.230E+013  4.377E-011  3.693E+008  6.090E+007
 4.250E+013  4.475E-011  3.693E+008  6.119E+007
 4.270E+013  4.574E-011  3.693E+008  6.148E+007
 4.290E+013  4.675E-011  3.693E+008  6.177E+007
 4.310E+013  4.777E-011  3.693E+008  6.206E+007
 4.330E+013  4.881E-011  3.693E+008  6.235E+007
 4.350E+013  4.986E-011  3.693E+008  6.264E+007
 4.370E+013  5.093E-011  3.693E+008  6.292E+007
 4.390E+013  5.201E-011  3.693E+008  6.321E+007
 4.410E+013  5.311E-011  3.693E+008  6.350E+007
 4.430E+013  5.422E-011  3.693E+008  6.379E+007
 4.450E+013  5.535E-011  3.693E+008  6.408E+007
 4.470E+013  5.649E-011  3.693E+008  6.437E+007
 4.490E+013  5.765E-011  3.693E+008  6.466E+007
 4.510E+013  5.883E-011  3.694E+008  6.495E+007
 4.530E+013  6.002E-011  3.694E+008  6.523E+007
 4.550E+013  6.123E-011  3.694E+008  6.552E+007
 4.570E+013  6.245E-011  3.694E+008  6.581E+007
 4.590E+013  6.370E-011  3.694E+008  6.610E+007
 4.610E+013  6.496E-011  3.694E+008  6.639E+007
 4.630E+013  6.624E-011  3.694E+008  6.668E+007
 4.650E+013  6.754E-011  3.694E+008  6.697E+007
 4.670E+013  6.887E-011  3.694E+008  6.726E+007
 4.690E+013  7.021E-011  3.694E+008  6.755E+007
 4.710E+013  7.158E-011  3.694E+008  6.784E+007
 4.730E+013  7.296E-011  3.694E+008  6.812E+007
 4.750E+013  7.437E-011  3.694E+008  6.841E+007
 4.770E+013  7.581E-011  3.694E+008  6.870E+007
 4.790E+013  7.727E-011  3.694E+008  6.899E+007
 4.810E+013  7.875E-011  3.694E+008  6.928E+007
 4.830E+013  8.026E-011  3.695E+008  6.957E+007
 4.850E+013  8.180E-011  3.695E+008  6.986E+007
 4.870E+013  8.336E-011  3.695E+008  7.015E+007
 4.890E+013  8.495E-011  3.695E+008  7.044E+007
 4.910E+013  8.657E-011  3.695E+008  7.073E+007
 4.930E+013  8.822E-011  3.695E+008  7.101E+007
 4.950E+013  8.990E-011  3.695E+008  7.130E+007
 4.970E+013  9.160E-011  3.695E+008  7.159E+007
 4.990E+013  9.334E-011  3.695E+008  7.188E+007
 5.010E+013  9.511E-011  3.695E+008  7.217E+007
 5.030E+013  9.692E-011  3.695E+008  7.246E+007
 5.050E+013  9.875E-011  3.695E+008  7.275E+007
 5.070E+013  1.006E-010  3.696E+008  7.304E+007
 5.090E+013  1.025E-010  3.696E+008  7.333E+007
 5.110E+013  1.044E-010  3.696E+008  7.362E+007
 5.130E+013  1.064E-010  3.696E+008  7.391E+007
 5.150E+013  1.084E-010  3.696E+008  7.420E+007
 5.170E+013  1.105E-010  3.696E+008  7.448E+007
 5.190E+013  1.125E-010  3.696E+008  7.477E+007
 5.210E+013  1.146E-010  3.696E+008  7.506E+007
 5.230E+013  1.168E-010  3.696E+008  7.535E+007
 5.250E+013  1.189E-010  3.697E+008  7.564E+007
 5.270E+013  1.211E-010  3.697E+008  7.593E+007
 5.290E+013  1.234E-010  3.697E+008  7.622E+007
 5.310E+013  1.257E-010  3.697E+008  7.651E+007
 5.330E+013  1.280E-010  3.697E+008  7.680E+007
 5.350E+013  1.303E-010  3.697E+008  7.709E+007
 5.370E+013  1.327E-010  3.697E+008  7.738E+007
 5.390E+013  1.351E-010  3.698E+008  7.767E+007
 5.410E+013  1.376E-010  3.698E+008  7.796E+007
 5.430E+013  1.401E-010  3.698E+008  7.825E+007
 5.450E+013  1.426E-010  3.698E+008  7.854E+007
 5.470E+013  1.452E-010  3.698E+008  7.883E+007
 5.490E+013  1.478E-010  3.698E+008  7.912E+007
 5.510E+013  1.504E-010  3.698E+008  7.940E+007
 5.530E+013  1.531E-010  3.699E+008  7.969E+007
 5.550E+013  1.558E-010  3.699E+008  7.998E+007
 5.570E+013  1.585E-010  3.699E+008  8.027E+007
 5.590E+013  1.613E-010  3.699E+008  8.056E+007
 5.610E+013  1.641E-010  3.699E+008  8.085E+007
 5.630E+013  1.670E-010  3.699E+008  8.114E+007
 5.650E+013  1.699E-010  3.700E+008  8.143E+007
 5.670E+013  1.728E-010  3.700E+008  8.172E+007
 5.690E+013  1.758E-010  3.700E+008  8.201E+007
 5.710E+013  1.788E-010  3.700E+008  8.230E+007
 5.730E+013  1.819E-010  3.700E+008  8.259E+007
 5.750E+013  1.850E-010  3.701E+008  8.288E+007
 5.770E+013  1.882E-010  3.701E+008  8.317E+007
 5.790E+013  1.913E-010  3.701E+008  8.346E+007
 5.810E+013  1.946E-010  3.701E+008  8.375E+007
 5.830E+013  1.978E-010  3.701E+008  8.404E+007
 5.850E+013  2.012E-010  3.702E+008  8.433E+007
 5.870E+013  2.045E-010  3.702E+008  8.462E+007
 5.890E+013  2.079E-010  3.702E+008  8.491E+007
 5.910E+013  2.114E-010  3.702E+008  8.520E+007
 5.930E+013  2.149E-010  3.703E+008  8.549E+007
 5.950E+013  2.184E-010  3.703E+008  8.578E+007
 5.970E+013  2.220E-010  3.703E+008  8.607E+007
 5.990E+013  2.256E-010  3.703E+008  8.636E+007
 6.010E+013  2.293E-010  3.704E+008  8.665E+007
 6.030E+013  2.330E-010  3.704E+008  8.695E+007
 6.050E+013  2.368E-010  3.704E+008  8.724E+007
 6.070E+013  2.406E-010  3.705E+008  8.753E+007
 6.090E+013  2.444E-010  3.705E+008  8.782E+007
 6.110E+013  2.484E-010  3.705E+008  8.811E+007
 6.130E+013  2.523E-010  3.705E+008  8.840E+007
 6.150E+013  2.563E-010  3.706E+008  8.869E+007
 6.170E+013  2.604E-010  3.706E+008  8.898E+007
 6.190E+013  2.645E-010  3.706E+008  8.927E+007
 6.210E+013  2.686E-010  3.707E+008  8.956E+007
 6.230E+013  2.729E-010  3.707E+008  8.985E+007
 6.250E+013  2.771E-010  3.707E+008  9.014E+007
 6.270E+013  2.814E-010  3.708E+008  9.043E+007
 6.290E+013  2.858E-010  3.708E+008  9.073E+007
 6.310E+013  2.902E-010  3.708E+008  9.102E+007
 6.330E+013  2.946E-010  3.709E+008  9.131E+007
 6.350E+013  2.992E-010  3.709E+008  9.160E+007
 6.370E+013  3.037E-010  3.709E+008  9.189E+007
 6.390E+013  3.083E-010  3.710E+008  9.218E+007
 6.410E+013  3.130E-010  3.710E+008  9.247E+007
 6.430E+013  3.177E-010  3.711E+008  9.276E+007
 6.450E+013  3.225E-010  3.711E+008  9.306E+007
 6.470E+013  3.274E-010  3.711E+008  9.335E+007
 6.490E+013  3.323E-010  3.712E+008  9.364E+007
 6.510E+013  3.372E-010  3.712E+008  9.393E+007
 6.530E+013  3.422E-010  3.713E+008  9.422E+007
 6.550E+013  3.473E-010  3.713E+008  9.451E+007
 6.570E+013  3.524E-010  3.714E+008  9.481E+007
 6.590E+013  3.576E-010  3.714E+008  9.510E+007
 6.610E+013  3.629E-010  3.715E+008  9.539E+007
 6.630E+013  3.682E-010  3.715E+008  9.568E+007
 6.650E+013  3.735E-010  3.716E+008  9.598E+007
 6.670E+013  3.790E-010  3.716E+008  9.627E+007
 6.690E+013  3.845E-010  3.717E+008  9.656E+007
 6.710E+013  3.900E-010  3.717E+008  9.685E+007
 6.730E+013  3.957E-010  3.718E+008  9.715E+007
 6.750E+013  4.014E-010  3.718E+008  9.744E+007
 6.770E+013  4.072E-010  3.719E+008  9.773E+007
 6.790E+013  4.130E-010  3.719E+008  9.802E+007
 6.810E+013  4.189E-010  3.720E+008  9.832E+007
 6.830E+013  4.249E-010  3.720E+008  9.861E+007
 6.850E+013  4.310E-010  3.721E+008  9.890E+007
 6.870E+013  4.371E-010  3.721E+008  9.920E+007
 6.890E+013  4.433E-010  3.722E+008  9.949E+007
 6.910E+013  4.496E-010  3.723E+008  9.978E+007
 6.930E+013  4.559E-010  3.723E+008  1.001E+008
 6.950E+013  4.624E-010  3.724E+008  1.004E+008
 6.970E+013  4.689E-010  3.724E+008  1.007E+008
 6.990E+013  4.755E-010  3.725E+008  1.010E+008
 7.010E+013  4.821E-010  3.726E+008  1.013E+008
 7.030E+013  4.889E-010  3.726E+008  1.015E+008
 7.050E+013  4.957E-010  3.727E+008  1.018E+008
 7.070E+013  5.026E-010  3.728E+008  1.021E+008
 7.090E+013  5.096E-010  3.729E+008  1.024E+008
 7.110E+013  5.167E-010  3.729E+008  1.027E+008
 7.130E+013  5.239E-010  3.730E+008  1.030E+008
 7.150E+013  5.311E-010  3.731E+008  1.033E+008
 7.170E+013  5.384E-010  3.731E+008  1.036E+008
 7.190E+013  5.459E-010  3.732E+008  1.039E+008
 7.210E+013  5.534E-010  3.733E+008  1.042E+008
 7.230E+013  5.610E-010  3.734E+008  1.045E+008
 7.250E+013  5.686E-010  3.735E+008  1.048E+008
 7.270E+013  5.764E-010  3.735E+008  1.051E+008
 7.290E+013  5.843E-010  3.736E+008  1.054E+008
 7.310E+013  5.922E-010  3.737E+008  1.057E+008
 7.330E+013  6.003E-010  3.738E+008  1.060E+008
 7.350E+013  6.084E-010  3.739E+008  1.063E+008
 7.370E+013  6.166E-010  3.740E+008  1.066E+008
 7.390E+013  6.249E-010  3.741E+008  1.069E+008
 7.410E+013  6.334E-010  3.741E+008  1.072E+008
 7.430E+013  6.419E-010  3.742E+008  1.074E+008
 7.450E+013  6.505E-010  3.743E+008  1.077E+008
 7.470E+013  6.592E-010  3.744E+008  1.080E+008
 7.490E+013  6.680E-010  3.745E+008  1.083E+008
 7.510E+013  6.768E-010  3.746E+008  1.086E+008
 7.530E+013  6.858E-010  3.747E+008  1.089E+008
 7.550E+013  6.949E-010  3.748E+008  1.092E+008
 7.570E+013  7.041E-010  3.749E+008  1.095E+008
 7.590E+013  7.134E-010  3.750E+008  1.098E+008
 7.610E+013  7.228E-010  3.751E+008  1.101E+008
 7.630E+013  7.323E-010  3.753E+008  1.104E+008
 7.650E+013  7.419E-010  3.754E+008  1.107E+008
 7.670E+013  7.516E-010  3.755E+008  1.110E+008
 7.690E+013  7.615E-010  3.757E+008  1.112E+008
 7.710E+013  7.716E-010  3.760E+008  1.114E+008
 7.730E+013  7.821E-010  3.765E+008  1.114E+008
 7.750E+013  7.932E-010  3.774E+008  1.111E+008
 7.770E+013  8.060E-010  3.795E+008  1.100E+008
 7.790E+013  8.232E-010  3.848E+008  1.066E+008
 7.810E+013  8.500E-010  3.973E+008  9.755E+007
 7.830E+013  8.906E-010  4.202E+008  7.866E+007
 7.850E+013  9.422E-010  4.513E+008  5.029E+007
 7.870E+013  9.901E-010  4.788E+008  2.119E+007
 7.890E+013  1.016E-009  4.881E+008  4.661E+006
 7.910E+013  1.020E-009  4.795E+008  6.926E+006
 7.930E+013  1.024E-009  4.713E+008  1.775E+007
 7.950E+013  1.041E-009  4.734E+008  2.169E+007
 7.970E+013  1.066E-009  4.810E+008  1.741E+007
 7.990E+013  1.090E-009  4.874E+008  1.184E+007
 8.010E+013  1.110E-009  4.907E+008  8.757E+006
 8.030E+013  1.128E-009  4.925E+008  7.887E+006
 8.050E+013  1.146E-009  4.943E+008  7.604E+006
 8.070E+013  1.165E-009  4.962E+008  7.149E+006
 8.090E+013  1.185E-009  4.983E+008  6.600E+006
 8.110E+013  1.205E-009  5.004E+008  6.036E+006
 8.130E+013  1.225E-009  5.027E+008  5.397E+006
 8.150E+013  1.246E-009  5.050E+008  4.686E+006
 8.170E+013  1.267E-009  5.073E+008  3.983E+006
 8.190E+013  1.288E-009  5.096E+008  3.346E+006
 8.210E+013  1.310E-009  5.118E+008  2.780E+006
 8.230E+013  1.331E-009  5.140E+008  2.260E+006
 8.250E+013  1.354E-009  5.162E+008  1.769E+006
 8.270E+013  1.376E-009  5.184E+008  1.299E+006
 8.290E+013  1.399E-009  5.206E+008  8.503E+005
 8.310E+013  1.422E-009  5.228E+008  4.228E+005
 8.330E+013  1.446E-009  5.250E+008  1.473E+004
 8.350E+013  1.469E-009  5.272E+008 -3.755E+005
 8.370E+013  1.494E-009  5.295E+008 -7.482E+005
 8.390E+013  1.518E-009  5.317E+008 -1.103E+006
 8.410E+013  1.543E-009  5.339E+008 -1.441E+006
 8.430E+013  1.569E-009  5.362E+008 -1.763E+006
 8.450E+013  1.594E-009  5.384E+008 -2.070E+006
 8.470E+013  1.621E-009  5.407E+008 -2.363E+006
 8.490E+013  1.647E-009  5.429E+008 -2.643E+006
 8.510E+013  1.674E-009  5.452E+008 -2.910E+006
 8.530E+013  1.702E-009  5.475E+008 -3.165E+006
 8.550E+013  1.729E-009  5.498E+008 -3.408E+006
 8.570E+013  1.758E-009  5.521E+008 -3.641E+006
 8.590E+013  1.786E-009  5.545E+008 -3.863E+006
 8.610E+013  1.816E-009  5.568E+008 -4.074E+006
 8.630E+013  1.845E-009  5.592E+008 -4.277E+006
 8.650E+013  1.875E-009  5.616E+008 -4.470E+006
 8.670E+013  1.906E-009  5.640E+008 -4.654E+006
 8.690E+013  1.937E-009  5.664E+008 -4.830E+006
 8.710E+013  1.969E-009  5.689E+008 -4.998E+006
 8.730E+013  2.001E-009  5.713E+008 -5.159E+006
 8.750E+013  2.033E-009  5.738E+008 -5.312E+006
 8.770E+013  2.066E-009  5.763E+008 -5.458E+006
 8.790E+013  2.100E-009  5.788E+008 -5.597E+006
 8.810E+013  2.134E-009  5.814E+008 -5.729E+006
 8.830E+013  2.169E-009  5.840E+008 -5.856E+006
 8.850E+013  2.204E-009  5.865E+008 -5.976E+006
 8.870E+013  2.240E-009  5.892E+008 -6.091E+006
 8.890E+013  2.276E-009  5.918E+008 -6.201E+006
 8.910E+013  2.313E-009  5.945E+008 -6.305E+006
 8.930E+013  2.351E-009  5.972E+008 -6.404E+006
 8.950E+013  2.389E-009  5.999E+008 -6.498E+006
 8.970E+013  2.428E-009  6.026E+008 -6.587E+006
 8.990E+013  2.468E-009  6.054E+008 -6.672E+006
 9.010E+013  2.508E-009  6.082E+008 -6.753E+006
 9.030E+013  2.548E-009  6.111E+008 -6.830E+006
 9.050E+013  2.590E-009  6.139E+008 -6.902E+006
 9.070E+013  2.632E-009  6.168E+008 -6.971E+006
 9.090E+013  2.675E-009  6.198E+008 -7.036E+006
 9.110E+013  2.718E-009  6.227E+008 -7.098E+006
 9.130E+013  2.763E-009  6.257E+008 -7.156E+006
 9.150E+013  2.808E-009  6.287E+008 -7.211E+006
 9.170E+013  2.853E-009  6.318E+008 -7.262E+006
 9.190E+013  2.900E-009  6.349E+008 -7.311E+006
 9.210E+013  2.947E-009  6.380E+008 -7.357E+006
 9.230E+013  2.995E-009  6.412E+008 -7.400E+006
 9.250E+013  3.044E-009  6.444E+008 -7.440E+006
 9.270E+013  3.094E-009  6.477E+008 -7.478E+006
 9.290E+013  3.145E-009  6.510E+008 -7.513E+006
 9.310E+013  3.196E-009  6.543E+008 -7.546E+006
 9.330E+013  3.249E-009  6.576E+008 -7.577E+006
 9.350E+013  3.302E-009  6.611E+008 -7.605E+006
 9.370E+013  3.356E-009  6.645E+008 -7.632E+006
 9.390E+013  3.411E-009  6.680E+008 -7.657E+006
 9.410E+013  3.467E-009  6.715E+008 -7.679E+006
 9.430E+013  3.524E-009  6.751E+008 -7.700E+006
 9.450E+013  3.582E-009  6.788E+008 -7.718E+006
 9.470E+013  3.641E-009  6.824E+008 -7.735E+006
 9.490E+013  3.701E-009  6.862E+008 -7.750E+006
 9.510E+013  3.762E-009  6.899E+008 -7.763E+006
 9.530E+013  3.825E-009  6.937E+008 -7.775E+006
 9.550E+013  3.888E-009  6.976E+008 -7.785E+006
 9.570E+013  3.952E-009  7.015E+008 -7.793E+006
 9.590E+013  4.018E-009  7.055E+008 -7.800E+006
 9.610E+013  4.085E-009  7.096E+008 -7.806E+006
 9.630E+013  4.153E-009  7.136E+008 -7.810E+006
 9.650E+013  4.222E-009  7.178E+008 -7.813E+006
 9.670E+013  4.292E-009  7.220E+008 -7.815E+006
 9.690E+013  4.364E-009  7.262E+008 -7.816E+006
 9.710E+013  4.437E-009  7.306E+008 -7.815E+006
 9.730E+013  4.512E-009  7.349E+008 -7.813E+006
 9.750E+013  4.587E-009  7.394E+008 -7.810E+006
 9.770E+013  4.665E-009  7.439E+008 -7.806E+006
 9.790E+013  4.743E-009  7.484E+008 -7.801E+006
 9.810E+013  4.823E-009  7.531E+008 -7.795E+006
 9.830E+013  4.905E-009  7.578E+008 -7.787E+006
 9.850E+013  4.988E-009  7.625E+008 -7.778E+006
 9.870E+013  5.072E-009  7.673E+008 -7.761E+006
 9.890E+013  5.156E-009  7.718E+008 -7.695E+006
 9.910E+013  5.237E-009  7.751E+008 -7.407E+006
 9.930E+013  5.309E-009  7.758E+008 -6.506E+006
 9.950E+013  5.375E-009  7.749E+008 -4.809E+006
 9.970E+013  5.440E-009  7.750E+008 -3.039E+006
 9.990E+013  5.551E-009  7.751E+008 -1.591E+006
 1.001E+014  1.000E-099  1.000E-099 -0.000E+000
 1.003E+014  1.000E-099  1.000E-099 -0.000E+000
 5.327E-003
