 2.940E+005
     x1b        dens       energ       v1
 1.000E+011  6.737E-013  5.134E+008  0.000E+000
 3.000E+011  6.919E-013  5.135E+008  3.615E+005
 5.000E+011  7.251E-013  5.134E+008  5.059E+005
 7.000E+011  7.546E-013  5.135E+008  8.110E+005
 9.000E+011  7.707E-013  5.135E+008  1.066E+006
 1.100E+012  7.779E-013  5.135E+008  1.333E+006
 1.300E+012  7.829E-013  5.135E+008  1.601E+006
 1.500E+012  7.889E-013  5.135E+008  1.865E+006
 1.700E+012  7.969E-013  5.135E+008  2.134E+006
 1.900E+012  8.060E-013  5.135E+008  2.399E+006
 2.100E+012  8.151E-013  5.135E+008  2.668E+006
 2.300E+012  8.238E-013  5.135E+008  2.934E+006
 2.500E+012  8.326E-013  5.135E+008  3.201E+006
 2.700E+012  8.417E-013  5.135E+008  3.467E+006
 2.900E+012  8.513E-013  5.135E+008  3.733E+006
 3.100E+012  8.612E-013  5.135E+008  4.000E+006
 3.300E+012  8.712E-013  5.135E+008  4.267E+006
 3.500E+012  8.812E-013  5.135E+008  4.534E+006
 3.700E+012  8.913E-013  5.135E+008  4.801E+006
 3.900E+012  9.012E-013  5.135E+008  5.067E+006
 4.100E+012  9.111E-013  5.135E+008  5.334E+006
 4.300E+012  9.208E-013  5.135E+008  5.600E+006
 4.500E+012  9.302E-013  5.135E+008  5.867E+006
 4.700E+012  9.393E-013  5.135E+008  6.134E+006
 4.900E+012  9.477E-013  5.135E+008  6.401E+006
 5.100E+012  9.552E-013  5.135E+008  6.667E+006
 5.300E+012  9.614E-013  5.135E+008  6.934E+006
 5.500E+012  9.660E-013  5.135E+008  7.201E+006
 5.700E+012  9.691E-013  5.135E+008  7.467E+006
 5.900E+012  9.708E-013  5.135E+008  7.734E+006
 6.100E+012  9.715E-013  5.135E+008  8.001E+006
 6.300E+012  9.717E-013  5.135E+008  8.267E+006
 6.500E+012  9.717E-013  5.135E+008  8.534E+006
 6.700E+012  9.716E-013  5.135E+008  8.801E+006
 6.900E+012  9.716E-013  5.135E+008  9.068E+006
 7.100E+012  9.714E-013  5.135E+008  9.334E+006
 7.300E+012  9.713E-013  5.135E+008  9.601E+006
 7.500E+012  9.711E-013  5.135E+008  9.868E+006
 7.700E+012  9.709E-013  5.135E+008  1.013E+007
 7.900E+012  9.706E-013  5.135E+008  1.040E+007
 8.100E+012  9.702E-013  5.135E+008  1.067E+007
 8.300E+012  9.698E-013  5.135E+008  1.093E+007
 8.500E+012  9.692E-013  5.135E+008  1.120E+007
 8.700E+012  9.686E-013  5.135E+008  1.147E+007
 8.900E+012  9.679E-013  5.135E+008  1.173E+007
 9.100E+012  9.674E-013  5.135E+008  1.200E+007
 9.300E+012  9.669E-013  5.135E+008  1.227E+007
 9.500E+012  9.666E-013  5.135E+008  1.253E+007
 9.700E+012  9.665E-013  5.135E+008  1.280E+007
 9.900E+012  9.665E-013  5.135E+008  1.307E+007
 1.010E+013  9.665E-013  5.135E+008  1.333E+007
 1.030E+013  9.665E-013  5.135E+008  1.360E+007
 1.050E+013  9.665E-013  5.135E+008  1.387E+007
 1.070E+013  9.666E-013  5.135E+008  1.413E+007
 1.090E+013  9.668E-013  5.135E+008  1.440E+007
 1.110E+013  9.671E-013  5.135E+008  1.467E+007
 1.130E+013  9.674E-013  5.135E+008  1.494E+007
 1.150E+013  9.680E-013  5.135E+008  1.520E+007
 1.170E+013  9.686E-013  5.135E+008  1.547E+007
 1.190E+013  9.695E-013  5.135E+008  1.574E+007
 1.210E+013  9.706E-013  5.135E+008  1.600E+007
 1.230E+013  9.719E-013  5.135E+008  1.627E+007
 1.250E+013  9.735E-013  5.135E+008  1.654E+007
 1.270E+013  9.755E-013  5.135E+008  1.680E+007
 1.290E+013  9.778E-013  5.135E+008  1.707E+007
 1.310E+013  9.805E-013  5.135E+008  1.734E+007
 1.330E+013  9.837E-013  5.135E+008  1.760E+007
 1.350E+013  9.873E-013  5.135E+008  1.787E+007
 1.370E+013  9.915E-013  5.135E+008  1.814E+007
 1.390E+013  9.962E-013  5.135E+008  1.840E+007
 1.410E+013  1.002E-012  5.135E+008  1.867E+007
 1.430E+013  1.008E-012  5.135E+008  1.894E+007
 1.450E+013  1.014E-012  5.135E+008  1.920E+007
 1.470E+013  1.022E-012  5.135E+008  1.947E+007
 1.490E+013  1.030E-012  5.135E+008  1.974E+007
 1.510E+013  1.039E-012  5.135E+008  2.000E+007
 1.530E+013  1.049E-012  5.135E+008  2.027E+007
 1.550E+013  1.061E-012  5.135E+008  2.054E+007
 1.570E+013  1.073E-012  5.135E+008  2.080E+007
 1.590E+013  1.086E-012  5.135E+008  2.107E+007
 1.610E+013  1.101E-012  5.135E+008  2.134E+007
 1.630E+013  1.117E-012  5.135E+008  2.160E+007
 1.650E+013  1.135E-012  5.135E+008  2.187E+007
 1.670E+013  1.154E-012  5.135E+008  2.214E+007
 1.690E+013  1.174E-012  5.135E+008  2.240E+007
 1.710E+013  1.197E-012  5.135E+008  2.267E+007
 1.730E+013  1.221E-012  5.135E+008  2.294E+007
 1.750E+013  1.247E-012  5.135E+008  2.321E+007
 1.770E+013  1.276E-012  5.135E+008  2.347E+007
 1.790E+013  1.306E-012  5.135E+008  2.374E+007
 1.810E+013  1.339E-012  5.135E+008  2.401E+007
 1.830E+013  1.375E-012  5.135E+008  2.427E+007
 1.850E+013  1.414E-012  5.135E+008  2.454E+007
 1.870E+013  1.456E-012  5.135E+008  2.481E+007
 1.890E+013  1.501E-012  5.135E+008  2.507E+007
 1.910E+013  1.549E-012  5.135E+008  2.534E+007
 1.930E+013  1.602E-012  5.135E+008  2.561E+007
 1.950E+013  1.658E-012  5.135E+008  2.588E+007
 1.970E+013  1.718E-012  5.135E+008  2.614E+007
 1.990E+013  1.783E-012  5.135E+008  2.641E+007
 2.010E+013  1.854E-012  5.135E+008  2.668E+007
 2.030E+013  1.929E-012  5.135E+008  2.694E+007
 2.050E+013  2.010E-012  5.135E+008  2.721E+007
 2.070E+013  2.097E-012  5.135E+008  2.748E+007
 2.090E+013  2.190E-012  5.135E+008  2.775E+007
 2.110E+013  2.290E-012  5.135E+008  2.801E+007
 2.130E+013  2.397E-012  5.135E+008  2.828E+007
 2.150E+013  2.511E-012  5.135E+008  2.855E+007
 2.170E+013  2.634E-012  5.135E+008  2.881E+007
 2.190E+013  2.765E-012  5.135E+008  2.908E+007
 2.210E+013  2.905E-012  5.135E+008  2.935E+007
 2.230E+013  3.054E-012  5.135E+008  2.962E+007
 2.250E+013  3.213E-012  5.135E+008  2.988E+007
 2.270E+013  3.382E-012  5.135E+008  3.015E+007
 2.290E+013  3.562E-012  5.135E+008  3.042E+007
 2.310E+013  3.752E-012  5.135E+008  3.069E+007
 2.330E+013  3.953E-012  5.135E+008  3.095E+007
 2.350E+013  4.165E-012  5.135E+008  3.122E+007
 2.370E+013  4.389E-012  5.135E+008  3.149E+007
 2.390E+013  4.625E-012  5.135E+008  3.175E+007
 2.410E+013  4.872E-012  5.135E+008  3.202E+007
 2.430E+013  5.131E-012  5.135E+008  3.229E+007
 2.450E+013  5.401E-012  5.135E+008  3.255E+007
 2.470E+013  5.683E-012  5.135E+008  3.282E+007
 2.490E+013  5.975E-012  5.135E+008  3.309E+007
 2.510E+013  6.279E-012  5.135E+008  3.335E+007
 2.530E+013  6.593E-012  5.135E+008  3.362E+007
 2.550E+013  6.916E-012  5.135E+008  3.389E+007
 2.570E+013  7.250E-012  5.135E+008  3.415E+007
 2.590E+013  7.592E-012  5.134E+008  3.442E+007
 2.610E+013  7.942E-012  5.134E+008  3.469E+007
 2.630E+013  8.300E-012  5.134E+008  3.495E+007
 2.650E+013  8.666E-012  5.134E+008  3.522E+007
 2.670E+013  9.038E-012  5.134E+008  3.548E+007
 2.690E+013  9.416E-012  5.134E+008  3.575E+007
 2.710E+013  9.799E-012  5.134E+008  3.602E+007
 2.730E+013  1.019E-011  5.134E+008  3.628E+007
 2.750E+013  1.058E-011  5.134E+008  3.655E+007
 2.770E+013  1.098E-011  5.134E+008  3.682E+007
 2.790E+013  1.138E-011  5.134E+008  3.708E+007
 2.810E+013  1.178E-011  5.134E+008  3.735E+007
 2.830E+013  1.219E-011  5.134E+008  3.762E+007
 2.850E+013  1.261E-011  5.134E+008  3.788E+007
 2.870E+013  1.302E-011  5.134E+008  3.815E+007
 2.890E+013  1.344E-011  5.134E+008  3.841E+007
 2.910E+013  1.387E-011  5.134E+008  3.868E+007
 2.930E+013  1.429E-011  5.134E+008  3.895E+007
 2.950E+013  1.472E-011  5.134E+008  3.921E+007
 2.970E+013  1.516E-011  5.134E+008  3.948E+007
 2.990E+013  1.560E-011  5.134E+008  3.975E+007
 3.010E+013  1.605E-011  5.134E+008  4.001E+007
 3.030E+013  1.650E-011  5.134E+008  4.028E+007
 3.050E+013  1.695E-011  5.134E+008  4.055E+007
 3.070E+013  1.742E-011  5.134E+008  4.081E+007
 3.090E+013  1.789E-011  5.134E+008  4.108E+007
 3.110E+013  1.837E-011  5.134E+008  4.135E+007
 3.130E+013  1.885E-011  5.134E+008  4.161E+007
 3.150E+013  1.935E-011  5.134E+008  4.188E+007
 3.170E+013  1.985E-011  5.134E+008  4.215E+007
 3.190E+013  2.037E-011  5.134E+008  4.241E+007
 3.210E+013  2.089E-011  5.134E+008  4.268E+007
 3.230E+013  2.143E-011  5.134E+008  4.295E+007
 3.250E+013  2.198E-011  5.134E+008  4.321E+007
 3.270E+013  2.254E-011  5.134E+008  4.348E+007
 3.290E+013  2.311E-011  5.134E+008  4.375E+007
 3.310E+013  2.370E-011  5.134E+008  4.401E+007
 3.330E+013  2.430E-011  5.134E+008  4.428E+007
 3.350E+013  2.492E-011  5.134E+008  4.454E+007
 3.370E+013  2.555E-011  5.134E+008  4.481E+007
 3.390E+013  2.620E-011  5.134E+008  4.508E+007
 3.410E+013  2.686E-011  5.134E+008  4.534E+007
 3.430E+013  2.755E-011  5.134E+008  4.561E+007
 3.450E+013  2.825E-011  5.134E+008  4.588E+007
 3.470E+013  2.897E-011  5.134E+008  4.614E+007
 3.490E+013  2.971E-011  5.134E+008  4.641E+007
 3.510E+013  3.047E-011  5.134E+008  4.668E+007
 3.530E+013  3.124E-011  5.134E+008  4.694E+007
 3.550E+013  3.204E-011  5.134E+008  4.721E+007
 3.570E+013  3.287E-011  5.134E+008  4.748E+007
 3.590E+013  3.371E-011  5.134E+008  4.774E+007
 3.610E+013  3.457E-011  5.134E+008  4.801E+007
 3.630E+013  3.546E-011  5.134E+008  4.828E+007
 3.650E+013  3.637E-011  5.134E+008  4.854E+007
 3.670E+013  3.730E-011  5.134E+008  4.881E+007
 3.690E+013  3.826E-011  5.134E+008  4.908E+007
 3.710E+013  3.923E-011  5.134E+008  4.934E+007
 3.730E+013  4.023E-011  5.134E+008  4.961E+007
 3.750E+013  4.125E-011  5.134E+008  4.988E+007
 3.770E+013  4.230E-011  5.134E+008  5.014E+007
 3.790E+013  4.337E-011  5.134E+008  5.041E+007
 3.810E+013  4.446E-011  5.134E+008  5.067E+007
 3.830E+013  4.557E-011  5.134E+008  5.094E+007
 3.850E+013  4.670E-011  5.134E+008  5.121E+007
 3.870E+013  4.786E-011  5.134E+008  5.147E+007
 3.890E+013  4.904E-011  5.134E+008  5.174E+007
 3.910E+013  5.024E-011  5.134E+008  5.201E+007
 3.930E+013  5.146E-011  5.134E+008  5.227E+007
 3.950E+013  5.270E-011  5.134E+008  5.254E+007
 3.970E+013  5.396E-011  5.134E+008  5.281E+007
 3.990E+013  5.525E-011  5.134E+008  5.307E+007
 4.010E+013  5.655E-011  5.134E+008  5.334E+007
 4.030E+013  5.788E-011  5.134E+008  5.360E+007
 4.050E+013  5.922E-011  5.134E+008  5.387E+007
 4.070E+013  6.059E-011  5.134E+008  5.414E+007
 4.090E+013  6.197E-011  5.134E+008  5.440E+007
 4.110E+013  6.338E-011  5.134E+008  5.467E+007
 4.130E+013  6.480E-011  5.134E+008  5.494E+007
 4.150E+013  6.625E-011  5.134E+008  5.520E+007
 4.170E+013  6.772E-011  5.134E+008  5.547E+007
 4.190E+013  6.921E-011  5.134E+008  5.573E+007
 4.210E+013  7.073E-011  5.134E+008  5.600E+007
 4.230E+013  7.226E-011  5.134E+008  5.627E+007
 4.250E+013  7.382E-011  5.134E+008  5.653E+007
 4.270E+013  7.540E-011  5.134E+008  5.680E+007
 4.290E+013  7.701E-011  5.134E+008  5.706E+007
 4.310E+013  7.864E-011  5.134E+008  5.733E+007
 4.330E+013  8.030E-011  5.134E+008  5.760E+007
 4.350E+013  8.199E-011  5.134E+008  5.786E+007
 4.370E+013  8.370E-011  5.134E+008  5.813E+007
 4.390E+013  8.545E-011  5.134E+008  5.839E+007
 4.410E+013  8.722E-011  5.134E+008  5.866E+007
 4.430E+013  8.902E-011  5.134E+008  5.893E+007
 4.450E+013  9.086E-011  5.134E+008  5.919E+007
 4.470E+013  9.273E-011  5.134E+008  5.946E+007
 4.490E+013  9.463E-011  5.134E+008  5.972E+007
 4.510E+013  9.657E-011  5.134E+008  5.999E+007
 4.530E+013  9.854E-011  5.134E+008  6.026E+007
 4.550E+013  1.006E-010  5.134E+008  6.052E+007
 4.570E+013  1.026E-010  5.134E+008  6.079E+007
 4.590E+013  1.047E-010  5.134E+008  6.105E+007
 4.610E+013  1.068E-010  5.134E+008  6.132E+007
 4.630E+013  1.090E-010  5.134E+008  6.158E+007
 4.650E+013  1.112E-010  5.134E+008  6.185E+007
 4.670E+013  1.135E-010  5.134E+008  6.211E+007
 4.690E+013  1.157E-010  5.134E+008  6.238E+007
 4.710E+013  1.181E-010  5.134E+008  6.264E+007
 4.730E+013  1.205E-010  5.134E+008  6.291E+007
 4.750E+013  1.229E-010  5.134E+008  6.318E+007
 4.770E+013  1.254E-010  5.134E+008  6.344E+007
 4.790E+013  1.279E-010  5.134E+008  6.371E+007
 4.810E+013  1.305E-010  5.134E+008  6.397E+007
 4.830E+013  1.331E-010  5.134E+008  6.424E+007
 4.850E+013  1.357E-010  5.134E+008  6.450E+007
 4.870E+013  1.384E-010  5.134E+008  6.477E+007
 4.890E+013  1.412E-010  5.134E+008  6.503E+007
 4.910E+013  1.440E-010  5.134E+008  6.530E+007
 4.930E+013  1.469E-010  5.134E+008  6.556E+007
 4.950E+013  1.498E-010  5.134E+008  6.582E+007
 4.970E+013  1.527E-010  5.134E+008  6.609E+007
 4.990E+013  1.557E-010  5.134E+008  6.635E+007
 5.010E+013  1.588E-010  5.134E+008  6.662E+007
 5.030E+013  1.618E-010  5.134E+008  6.688E+007
 5.050E+013  1.650E-010  5.134E+008  6.715E+007
 5.070E+013  1.682E-010  5.134E+008  6.741E+007
 5.090E+013  1.714E-010  5.134E+008  6.768E+007
 5.110E+013  1.747E-010  5.134E+008  6.794E+007
 5.130E+013  1.781E-010  5.134E+008  6.820E+007
 5.150E+013  1.815E-010  5.134E+008  6.847E+007
 5.170E+013  1.849E-010  5.134E+008  6.873E+007
 5.190E+013  1.884E-010  5.134E+008  6.900E+007
 5.210E+013  1.919E-010  5.134E+008  6.926E+007
 5.230E+013  1.955E-010  5.134E+008  6.952E+007
 5.250E+013  1.992E-010  5.134E+008  6.979E+007
 5.270E+013  2.029E-010  5.134E+008  7.005E+007
 5.290E+013  2.067E-010  5.134E+008  7.031E+007
 5.310E+013  2.105E-010  5.134E+008  7.058E+007
 5.330E+013  2.143E-010  5.134E+008  7.084E+007
 5.350E+013  2.183E-010  5.134E+008  7.110E+007
 5.370E+013  2.222E-010  5.134E+008  7.137E+007
 5.390E+013  2.263E-010  5.134E+008  7.163E+007
 5.410E+013  2.304E-010  5.134E+008  7.189E+007
 5.430E+013  2.345E-010  5.134E+008  7.216E+007
 5.450E+013  2.387E-010  5.134E+008  7.242E+007
 5.470E+013  2.430E-010  5.134E+008  7.268E+007
 5.490E+013  2.473E-010  5.134E+008  7.294E+007
 5.510E+013  2.517E-010  5.134E+008  7.321E+007
 5.530E+013  2.561E-010  5.134E+008  7.347E+007
 5.550E+013  2.606E-010  5.134E+008  7.373E+007
 5.570E+013  2.652E-010  5.134E+008  7.399E+007
 5.590E+013  2.698E-010  5.134E+008  7.425E+007
 5.610E+013  2.745E-010  5.134E+008  7.452E+007
 5.630E+013  2.793E-010  5.134E+008  7.478E+007
 5.650E+013  2.841E-010  5.134E+008  7.504E+007
 5.670E+013  2.890E-010  5.134E+008  7.530E+007
 5.690E+013  2.939E-010  5.134E+008  7.556E+007
 5.710E+013  2.989E-010  5.134E+008  7.582E+007
 5.730E+013  3.040E-010  5.134E+008  7.608E+007
 5.750E+013  3.092E-010  5.134E+008  7.634E+007
 5.770E+013  3.144E-010  5.134E+008  7.660E+007
 5.790E+013  3.196E-010  5.134E+008  7.686E+007
 5.810E+013  3.250E-010  5.134E+008  7.713E+007
 5.830E+013  3.304E-010  5.134E+008  7.739E+007
 5.850E+013  3.359E-010  5.134E+008  7.765E+007
 5.870E+013  3.414E-010  5.134E+008  7.790E+007
 5.890E+013  3.470E-010  5.134E+008  7.816E+007
 5.910E+013  3.527E-010  5.134E+008  7.842E+007
 5.930E+013  3.585E-010  5.134E+008  7.868E+007
 5.950E+013  3.643E-010  5.134E+008  7.894E+007
 5.970E+013  3.702E-010  5.134E+008  7.920E+007
 5.990E+013  3.762E-010  5.134E+008  7.946E+007
 6.010E+013  3.822E-010  5.134E+008  7.972E+007
 6.030E+013  3.883E-010  5.134E+008  7.998E+007
 6.050E+013  3.945E-010  5.134E+008  8.023E+007
 6.070E+013  4.008E-010  5.134E+008  8.049E+007
 6.090E+013  4.071E-010  5.134E+008  8.075E+007
 6.110E+013  4.136E-010  5.134E+008  8.101E+007
 6.130E+013  4.201E-010  5.134E+008  8.127E+007
 6.150E+013  4.266E-010  5.133E+008  8.152E+007
 6.170E+013  4.333E-010  5.133E+008  8.178E+007
 6.190E+013  4.400E-010  5.133E+008  8.204E+007
 6.210E+013  4.469E-010  5.133E+008  8.229E+007
 6.230E+013  4.538E-010  5.133E+008  8.255E+007
 6.250E+013  4.608E-010  5.133E+008  8.280E+007
 6.270E+013  4.678E-010  5.133E+008  8.306E+007
 6.290E+013  4.750E-010  5.133E+008  8.331E+007
 6.310E+013  4.823E-010  5.133E+008  8.357E+007
 6.330E+013  4.896E-010  5.133E+008  8.382E+007
 6.350E+013  4.970E-010  5.133E+008  8.408E+007
 6.370E+013  5.046E-010  5.133E+008  8.433E+007
 6.390E+013  5.122E-010  5.133E+008  8.459E+007
 6.410E+013  5.199E-010  5.133E+008  8.484E+007
 6.430E+013  5.277E-010  5.133E+008  8.509E+007
 6.450E+013  5.357E-010  5.133E+008  8.535E+007
 6.470E+013  5.437E-010  5.133E+008  8.560E+007
 6.490E+013  5.518E-010  5.133E+008  8.585E+007
 6.510E+013  5.600E-010  5.133E+008  8.610E+007
 6.530E+013  5.684E-010  5.133E+008  8.636E+007
 6.550E+013  5.768E-010  5.133E+008  8.661E+007
 6.570E+013  5.853E-010  5.133E+008  8.686E+007
 6.590E+013  5.939E-010  5.133E+008  8.711E+007
 6.610E+013  6.027E-010  5.133E+008  8.736E+007
 6.630E+013  6.115E-010  5.133E+008  8.761E+007
 6.650E+013  6.205E-010  5.133E+008  8.786E+007
 6.670E+013  6.296E-010  5.133E+008  8.811E+007
 6.690E+013  6.388E-010  5.132E+008  8.836E+007
 6.710E+013  6.481E-010  5.132E+008  8.861E+007
 6.730E+013  6.575E-010  5.132E+008  8.885E+007
 6.750E+013  6.670E-010  5.132E+008  8.910E+007
 6.770E+013  6.766E-010  5.132E+008  8.935E+007
 6.790E+013  6.864E-010  5.132E+008  8.960E+007
 6.810E+013  6.962E-010  5.132E+008  8.984E+007
 6.830E+013  7.062E-010  5.132E+008  9.009E+007
 6.850E+013  7.163E-010  5.132E+008  9.033E+007
 6.870E+013  7.265E-010  5.132E+008  9.058E+007
 6.890E+013  7.369E-010  5.132E+008  9.082E+007
 6.910E+013  7.473E-010  5.132E+008  9.107E+007
 6.930E+013  7.579E-010  5.132E+008  9.131E+007
 6.950E+013  7.686E-010  5.132E+008  9.155E+007
 6.970E+013  7.794E-010  5.132E+008  9.180E+007
 6.990E+013  7.903E-010  5.132E+008  9.204E+007
 7.010E+013  8.014E-010  5.131E+008  9.228E+007
 7.030E+013  8.126E-010  5.131E+008  9.252E+007
 7.050E+013  8.239E-010  5.131E+008  9.276E+007
 7.070E+013  8.353E-010  5.131E+008  9.300E+007
 7.090E+013  8.469E-010  5.131E+008  9.324E+007
 7.110E+013  8.586E-010  5.131E+008  9.348E+007
 7.130E+013  8.704E-010  5.131E+008  9.372E+007
 7.150E+013  8.823E-010  5.131E+008  9.396E+007
 7.170E+013  8.944E-010  5.131E+008  9.419E+007
 7.190E+013  9.065E-010  5.131E+008  9.443E+007
 7.210E+013  9.189E-010  5.131E+008  9.466E+007
 7.230E+013  9.313E-010  5.131E+008  9.490E+007
 7.250E+013  9.439E-010  5.130E+008  9.513E+007
 7.270E+013  9.566E-010  5.130E+008  9.537E+007
 7.290E+013  9.695E-010  5.130E+008  9.560E+007
 7.310E+013  9.825E-010  5.130E+008  9.583E+007
 7.330E+013  9.956E-010  5.130E+008  9.606E+007
 7.350E+013  1.009E-009  5.130E+008  9.629E+007
 7.370E+013  1.022E-009  5.130E+008  9.652E+007
 7.390E+013  1.036E-009  5.130E+008  9.675E+007
 7.410E+013  1.049E-009  5.129E+008  9.698E+007
 7.430E+013  1.063E-009  5.129E+008  9.721E+007
 7.450E+013  1.077E-009  5.129E+008  9.744E+007
 7.470E+013  1.091E-009  5.129E+008  9.766E+007
 7.490E+013  1.105E-009  5.129E+008  9.789E+007
 7.510E+013  1.120E-009  5.129E+008  9.811E+007
 7.530E+013  1.134E-009  5.129E+008  9.833E+007
 7.550E+013  1.149E-009  5.128E+008  9.856E+007
 7.570E+013  1.164E-009  5.128E+008  9.878E+007
 7.590E+013  1.179E-009  5.128E+008  9.900E+007
 7.610E+013  1.194E-009  5.128E+008  9.922E+007
 7.630E+013  1.209E-009  5.128E+008  9.944E+007
 7.650E+013  1.224E-009  5.128E+008  9.965E+007
 7.670E+013  1.240E-009  5.127E+008  9.987E+007
 7.690E+013  1.256E-009  5.127E+008  1.001E+008
 7.710E+013  1.272E-009  5.127E+008  1.003E+008
 7.730E+013  1.288E-009  5.127E+008  1.005E+008
 7.750E+013  1.304E-009  5.127E+008  1.007E+008
 7.770E+013  1.320E-009  5.127E+008  1.009E+008
 7.790E+013  1.337E-009  5.126E+008  1.011E+008
 7.810E+013  1.353E-009  5.126E+008  1.014E+008
 7.830E+013  1.370E-009  5.126E+008  1.016E+008
 7.850E+013  1.387E-009  5.126E+008  1.018E+008
 7.870E+013  1.404E-009  5.125E+008  1.020E+008
 7.890E+013  1.421E-009  5.125E+008  1.022E+008
 7.910E+013  1.439E-009  5.125E+008  1.024E+008
 7.930E+013  1.457E-009  5.125E+008  1.026E+008
 7.950E+013  1.474E-009  5.124E+008  1.028E+008
 7.970E+013  1.492E-009  5.124E+008  1.030E+008
 7.990E+013  1.511E-009  5.124E+008  1.032E+008
 8.010E+013  1.529E-009  5.123E+008  1.034E+008
 8.030E+013  1.547E-009  5.123E+008  1.036E+008
 8.050E+013  1.566E-009  5.123E+008  1.037E+008
 8.070E+013  1.585E-009  5.122E+008  1.039E+008
 8.090E+013  1.604E-009  5.122E+008  1.041E+008
 8.110E+013  1.623E-009  5.122E+008  1.043E+008
 8.130E+013  1.643E-009  5.121E+008  1.045E+008
 8.150E+013  1.662E-009  5.121E+008  1.047E+008
 8.170E+013  1.682E-009  5.121E+008  1.049E+008
 8.190E+013  1.702E-009  5.120E+008  1.050E+008
 8.210E+013  1.722E-009  5.120E+008  1.052E+008
 8.230E+013  1.743E-009  5.119E+008  1.054E+008
 8.250E+013  1.763E-009  5.119E+008  1.056E+008
 8.270E+013  1.784E-009  5.118E+008  1.057E+008
 8.290E+013  1.805E-009  5.118E+008  1.059E+008
 8.310E+013  1.826E-009  5.117E+008  1.061E+008
 8.330E+013  1.847E-009  5.117E+008  1.062E+008
 8.350E+013  1.869E-009  5.116E+008  1.064E+008
 8.370E+013  1.890E-009  5.116E+008  1.065E+008
 8.390E+013  1.912E-009  5.115E+008  1.067E+008
 8.410E+013  1.934E-009  5.114E+008  1.069E+008
 8.430E+013  1.956E-009  5.114E+008  1.070E+008
 8.450E+013  1.979E-009  5.113E+008  1.072E+008
 8.470E+013  2.002E-009  5.112E+008  1.073E+008
 8.490E+013  2.024E-009  5.111E+008  1.074E+008
 8.510E+013  2.047E-009  5.111E+008  1.076E+008
 8.530E+013  2.071E-009  5.110E+008  1.077E+008
 8.550E+013  2.094E-009  5.109E+008  1.079E+008
 8.570E+013  2.118E-009  5.108E+008  1.080E+008
 8.590E+013  2.142E-009  5.107E+008  1.081E+008
 8.610E+013  2.166E-009  5.106E+008  1.083E+008
 8.630E+013  2.190E-009  5.105E+008  1.084E+008
 8.650E+013  2.214E-009  5.104E+008  1.085E+008
 8.670E+013  2.239E-009  5.103E+008  1.086E+008
 8.690E+013  2.264E-009  5.102E+008  1.087E+008
 8.710E+013  2.289E-009  5.101E+008  1.089E+008
 8.730E+013  2.314E-009  5.100E+008  1.090E+008
 8.750E+013  2.339E-009  5.099E+008  1.091E+008
 8.770E+013  2.365E-009  5.097E+008  1.092E+008
 8.790E+013  2.391E-009  5.096E+008  1.092E+008
 8.810E+013  2.417E-009  5.094E+008  1.093E+008
 8.830E+013  2.443E-009  5.093E+008  1.094E+008
 8.850E+013  2.469E-009  5.091E+008  1.095E+008
 8.870E+013  2.496E-009  5.090E+008  1.096E+008
 8.890E+013  2.523E-009  5.089E+008  1.097E+008
 8.910E+013  2.550E-009  5.088E+008  1.098E+008
 8.930E+013  2.578E-009  5.087E+008  1.099E+008
 8.950E+013  2.605E-009  5.084E+008  1.099E+008
 8.970E+013  2.632E-009  5.082E+008  1.100E+008
 8.990E+013  2.660E-009  5.078E+008  1.100E+008
 9.010E+013  2.688E-009  5.075E+008  1.099E+008
 9.030E+013  2.716E-009  5.072E+008  1.099E+008
 9.050E+013  2.744E-009  5.070E+008  1.099E+008
 9.070E+013  2.773E-009  5.069E+008  1.100E+008
 9.090E+013  2.802E-009  5.068E+008  1.101E+008
 9.110E+013  2.832E-009  5.068E+008  1.102E+008
 9.130E+013  2.862E-009  5.068E+008  1.104E+008
 9.150E+013  2.892E-009  5.067E+008  1.105E+008
 9.170E+013  2.922E-009  5.066E+008  1.106E+008
 9.190E+013  2.952E-009  5.063E+008  1.106E+008
 9.210E+013  2.981E-009  5.056E+008  1.105E+008
 9.230E+013  3.008E-009  5.043E+008  1.101E+008
 9.250E+013  3.032E-009  5.022E+008  1.094E+008
 9.270E+013  3.053E-009  4.994E+008  1.083E+008
 9.290E+013  3.072E-009  4.961E+008  1.068E+008
 9.310E+013  3.090E-009  4.924E+008  1.052E+008
 9.330E+013  3.107E-009  4.886E+008  1.034E+008
 9.350E+013  3.124E-009  4.849E+008  1.016E+008
 9.370E+013  3.141E-009  4.812E+008  9.986E+007
 9.390E+013  3.158E-009  4.776E+008  9.814E+007
 9.410E+013  3.176E-009  4.740E+008  9.647E+007
 9.430E+013  3.193E-009  4.706E+008  9.484E+007
 9.450E+013  3.210E-009  4.672E+008  9.325E+007
 9.470E+013  3.228E-009  4.638E+008  9.168E+007
 9.490E+013  3.245E-009  4.605E+008  9.015E+007
 9.510E+013  3.262E-009  4.572E+008  8.863E+007
 9.530E+013  3.280E-009  4.540E+008  8.713E+007
 9.550E+013  3.297E-009  4.508E+008  8.566E+007
 9.570E+013  3.314E-009  4.476E+008  8.418E+007
 9.590E+013  3.332E-009  4.446E+008  8.274E+007
 9.610E+013  3.349E-009  4.415E+008  8.133E+007
 9.630E+013  3.366E-009  4.383E+008  7.987E+007
 9.650E+013  3.383E-009  4.354E+008  7.846E+007
 9.670E+013  3.400E-009  4.324E+008  7.713E+007
 9.690E+013  3.416E-009  4.291E+008  7.563E+007
 9.710E+013  3.434E-009  4.264E+008  7.420E+007
 9.730E+013  3.452E-009  4.237E+008  7.304E+007
 9.750E+013  3.464E-009  4.199E+008  7.149E+007
 9.770E+013  3.480E-009  4.169E+008  6.966E+007
 9.790E+013  3.503E-009  4.153E+008  6.877E+007
 9.810E+013  3.513E-009  4.113E+008  6.772E+007
 9.830E+013  3.517E-009  4.060E+008  6.495E+007
 9.850E+013  3.550E-009  4.066E+008  6.363E+007
 9.870E+013  3.589E-009  4.080E+008  6.515E+007
 9.890E+013  3.545E-009  3.940E+008  6.331E+007
 9.910E+013  3.370E-009  3.569E+008  4.999E+007
 9.930E+013  3.184E-009  3.199E+008  2.710E+007
 9.950E+013  3.098E-009  3.010E+008  8.646E+006
 9.970E+013  3.092E-009  2.954E+008  1.401E+006
 9.990E+013  3.105E-009  2.943E+008  3.745E+003
 1.001E+014  1.000E-099  1.000E-099  3.743E+003
 1.003E+014  1.000E-099  1.000E-099  3.743E+003
 9.323E-003
