 2.460E+005
     x1b        dens       energ       v1
 1.000E+011  8.089E-013  6.967E+008  0.000E+000
 3.000E+011  8.348E-013  6.967E+008  1.014E+005
 5.000E+011  8.778E-013  6.967E+008  5.204E+005
 7.000E+011  9.122E-013  6.967E+008  6.630E+005
 9.000E+011  9.289E-013  6.967E+008  8.852E+005
 1.100E+012  9.364E-013  6.968E+008  1.064E+006
 1.300E+012  9.428E-013  6.967E+008  1.263E+006
 1.500E+012  9.517E-013  6.967E+008  1.452E+006
 1.700E+012  9.630E-013  6.967E+008  1.653E+006
 1.900E+012  9.747E-013  6.967E+008  1.852E+006
 2.100E+012  9.860E-013  6.967E+008  2.068E+006
 2.300E+012  9.970E-013  6.967E+008  2.286E+006
 2.500E+012  1.009E-012  6.967E+008  2.511E+006
 2.700E+012  1.021E-012  6.967E+008  2.725E+006
 2.900E+012  1.033E-012  6.967E+008  2.928E+006
 3.100E+012  1.046E-012  6.967E+008  3.121E+006
 3.300E+012  1.059E-012  6.967E+008  3.320E+006
 3.500E+012  1.072E-012  6.967E+008  3.530E+006
 3.700E+012  1.084E-012  6.967E+008  3.747E+006
 3.900E+012  1.097E-012  6.967E+008  3.962E+006
 4.100E+012  1.109E-012  6.967E+008  4.171E+006
 4.300E+012  1.121E-012  6.967E+008  4.377E+006
 4.500E+012  1.132E-012  6.967E+008  4.584E+006
 4.700E+012  1.143E-012  6.967E+008  4.790E+006
 4.900E+012  1.152E-012  6.967E+008  4.996E+006
 5.100E+012  1.158E-012  6.967E+008  5.202E+006
 5.300E+012  1.163E-012  6.967E+008  5.410E+006
 5.500E+012  1.165E-012  6.967E+008  5.622E+006
 5.700E+012  1.167E-012  6.967E+008  5.833E+006
 5.900E+012  1.167E-012  6.967E+008  6.042E+006
 6.100E+012  1.167E-012  6.967E+008  6.249E+006
 6.300E+012  1.167E-012  6.967E+008  6.455E+006
 6.500E+012  1.167E-012  6.967E+008  6.662E+006
 6.700E+012  1.167E-012  6.967E+008  6.869E+006
 6.900E+012  1.166E-012  6.967E+008  7.075E+006
 7.100E+012  1.166E-012  6.967E+008  7.283E+006
 7.300E+012  1.166E-012  6.967E+008  7.494E+006
 7.500E+012  1.166E-012  6.967E+008  7.706E+006
 7.700E+012  1.165E-012  6.967E+008  7.916E+006
 7.900E+012  1.164E-012  6.967E+008  8.121E+006
 8.100E+012  1.164E-012  6.967E+008  8.326E+006
 8.300E+012  1.163E-012  6.967E+008  8.531E+006
 8.500E+012  1.162E-012  6.967E+008  8.739E+006
 8.700E+012  1.161E-012  6.967E+008  8.947E+006
 8.900E+012  1.161E-012  6.967E+008  9.156E+006
 9.100E+012  1.161E-012  6.967E+008  9.366E+006
 9.300E+012  1.161E-012  6.968E+008  9.576E+006
 9.500E+012  1.161E-012  6.968E+008  9.784E+006
 9.700E+012  1.161E-012  6.968E+008  9.990E+006
 9.900E+012  1.161E-012  6.968E+008  1.020E+007
 1.010E+013  1.161E-012  6.968E+008  1.040E+007
 1.030E+013  1.161E-012  6.968E+008  1.061E+007
 1.050E+013  1.162E-012  6.968E+008  1.082E+007
 1.070E+013  1.162E-012  6.968E+008  1.103E+007
 1.090E+013  1.163E-012  6.968E+008  1.123E+007
 1.110E+013  1.164E-012  6.968E+008  1.144E+007
 1.130E+013  1.165E-012  6.968E+008  1.165E+007
 1.150E+013  1.167E-012  6.968E+008  1.186E+007
 1.170E+013  1.169E-012  6.968E+008  1.207E+007
 1.190E+013  1.171E-012  6.968E+008  1.227E+007
 1.210E+013  1.174E-012  6.968E+008  1.248E+007
 1.230E+013  1.177E-012  6.968E+008  1.268E+007
 1.250E+013  1.181E-012  6.968E+008  1.289E+007
 1.270E+013  1.186E-012  6.968E+008  1.310E+007
 1.290E+013  1.191E-012  6.968E+008  1.331E+007
 1.310E+013  1.197E-012  6.968E+008  1.352E+007
 1.330E+013  1.204E-012  6.968E+008  1.373E+007
 1.350E+013  1.212E-012  6.968E+008  1.393E+007
 1.370E+013  1.221E-012  6.968E+008  1.414E+007
 1.390E+013  1.231E-012  6.968E+008  1.434E+007
 1.410E+013  1.242E-012  6.968E+008  1.455E+007
 1.430E+013  1.254E-012  6.968E+008  1.476E+007
 1.450E+013  1.268E-012  6.968E+008  1.497E+007
 1.470E+013  1.283E-012  6.968E+008  1.518E+007
 1.490E+013  1.300E-012  6.968E+008  1.538E+007
 1.510E+013  1.318E-012  6.968E+008  1.559E+007
 1.530E+013  1.338E-012  6.968E+008  1.579E+007
 1.550E+013  1.360E-012  6.968E+008  1.600E+007
 1.570E+013  1.384E-012  6.968E+008  1.620E+007
 1.590E+013  1.410E-012  6.968E+008  1.641E+007
 1.610E+013  1.439E-012  6.968E+008  1.662E+007
 1.630E+013  1.470E-012  6.968E+008  1.683E+007
 1.650E+013  1.504E-012  6.968E+008  1.703E+007
 1.670E+013  1.541E-012  6.968E+008  1.724E+007
 1.690E+013  1.581E-012  6.968E+008  1.745E+007
 1.710E+013  1.625E-012  6.968E+008  1.765E+007
 1.730E+013  1.672E-012  6.968E+008  1.786E+007
 1.750E+013  1.723E-012  6.968E+008  1.807E+007
 1.770E+013  1.779E-012  6.968E+008  1.827E+007
 1.790E+013  1.839E-012  6.968E+008  1.848E+007
 1.810E+013  1.904E-012  6.968E+008  1.869E+007
 1.830E+013  1.975E-012  6.968E+008  1.889E+007
 1.850E+013  2.051E-012  6.968E+008  1.910E+007
 1.870E+013  2.133E-012  6.968E+008  1.930E+007
 1.890E+013  2.222E-012  6.968E+008  1.951E+007
 1.910E+013  2.318E-012  6.968E+008  1.972E+007
 1.930E+013  2.422E-012  6.968E+008  1.992E+007
 1.950E+013  2.533E-012  6.968E+008  2.013E+007
 1.970E+013  2.654E-012  6.968E+008  2.034E+007
 1.990E+013  2.784E-012  6.968E+008  2.054E+007
 2.010E+013  2.923E-012  6.968E+008  2.075E+007
 2.030E+013  3.073E-012  6.968E+008  2.095E+007
 2.050E+013  3.234E-012  6.968E+008  2.116E+007
 2.070E+013  3.407E-012  6.968E+008  2.136E+007
 2.090E+013  3.592E-012  6.968E+008  2.157E+007
 2.110E+013  3.790E-012  6.968E+008  2.177E+007
 2.130E+013  4.002E-012  6.968E+008  2.198E+007
 2.150E+013  4.227E-012  6.968E+008  2.218E+007
 2.170E+013  4.467E-012  6.968E+008  2.238E+007
 2.190E+013  4.722E-012  6.968E+008  2.259E+007
 2.210E+013  4.992E-012  6.968E+008  2.279E+007
 2.230E+013  5.278E-012  6.968E+008  2.299E+007
 2.250E+013  5.580E-012  6.968E+008  2.320E+007
 2.270E+013  5.897E-012  6.968E+008  2.340E+007
 2.290E+013  6.230E-012  6.968E+008  2.360E+007
 2.310E+013  6.578E-012  6.968E+008  2.380E+007
 2.330E+013  6.942E-012  6.968E+008  2.400E+007
 2.350E+013  7.321E-012  6.968E+008  2.421E+007
 2.370E+013  7.714E-012  6.968E+008  2.440E+007
 2.390E+013  8.121E-012  6.968E+008  2.461E+007
 2.410E+013  8.541E-012  6.968E+008  2.480E+007
 2.430E+013  8.974E-012  6.968E+008  2.500E+007
 2.450E+013  9.418E-012  6.968E+008  2.520E+007
 2.470E+013  9.873E-012  6.968E+008  2.540E+007
 2.490E+013  1.034E-011  6.968E+008  2.560E+007
 2.510E+013  1.081E-011  6.968E+008  2.580E+007
 2.530E+013  1.129E-011  6.968E+008  2.599E+007
 2.550E+013  1.178E-011  6.968E+008  2.619E+007
 2.570E+013  1.228E-011  6.968E+008  2.639E+007
 2.590E+013  1.278E-011  6.968E+008  2.658E+007
 2.610E+013  1.329E-011  6.968E+008  2.678E+007
 2.630E+013  1.380E-011  6.967E+008  2.697E+007
 2.650E+013  1.432E-011  6.967E+008  2.716E+007
 2.670E+013  1.485E-011  6.967E+008  2.736E+007
 2.690E+013  1.537E-011  6.967E+008  2.755E+007
 2.710E+013  1.591E-011  6.967E+008  2.774E+007
 2.730E+013  1.645E-011  6.967E+008  2.793E+007
 2.750E+013  1.699E-011  6.967E+008  2.812E+007
 2.770E+013  1.754E-011  6.967E+008  2.831E+007
 2.790E+013  1.809E-011  6.967E+008  2.850E+007
 2.810E+013  1.865E-011  6.967E+008  2.869E+007
 2.830E+013  1.922E-011  6.967E+008  2.888E+007
 2.850E+013  1.980E-011  6.967E+008  2.907E+007
 2.870E+013  2.038E-011  6.967E+008  2.926E+007
 2.890E+013  2.097E-011  6.967E+008  2.944E+007
 2.910E+013  2.158E-011  6.967E+008  2.963E+007
 2.930E+013  2.219E-011  6.967E+008  2.982E+007
 2.950E+013  2.281E-011  6.967E+008  3.000E+007
 2.970E+013  2.345E-011  6.967E+008  3.019E+007
 2.990E+013  2.410E-011  6.967E+008  3.037E+007
 3.010E+013  2.476E-011  6.967E+008  3.056E+007
 3.030E+013  2.544E-011  6.967E+008  3.074E+007
 3.050E+013  2.613E-011  6.967E+008  3.093E+007
 3.070E+013  2.684E-011  6.967E+008  3.111E+007
 3.090E+013  2.756E-011  6.966E+008  3.130E+007
 3.110E+013  2.831E-011  6.966E+008  3.148E+007
 3.130E+013  2.907E-011  6.966E+008  3.167E+007
 3.150E+013  2.986E-011  6.966E+008  3.185E+007
 3.170E+013  3.066E-011  6.966E+008  3.204E+007
 3.190E+013  3.149E-011  6.966E+008  3.222E+007
 3.210E+013  3.234E-011  6.966E+008  3.241E+007
 3.230E+013  3.322E-011  6.966E+008  3.260E+007
 3.250E+013  3.412E-011  6.966E+008  3.278E+007
 3.270E+013  3.504E-011  6.965E+008  3.297E+007
 3.290E+013  3.599E-011  6.965E+008  3.316E+007
 3.310E+013  3.697E-011  6.965E+008  3.335E+007
 3.330E+013  3.798E-011  6.965E+008  3.354E+007
 3.350E+013  3.901E-011  6.965E+008  3.373E+007
 3.370E+013  4.008E-011  6.965E+008  3.392E+007
 3.390E+013  4.117E-011  6.965E+008  3.411E+007
 3.410E+013  4.229E-011  6.964E+008  3.431E+007
 3.430E+013  4.344E-011  6.964E+008  3.450E+007
 3.450E+013  4.463E-011  6.964E+008  3.470E+007
 3.470E+013  4.584E-011  6.964E+008  3.490E+007
 3.490E+013  4.708E-011  6.964E+008  3.510E+007
 3.510E+013  4.836E-011  6.964E+008  3.530E+007
 3.530E+013  4.967E-011  6.963E+008  3.550E+007
 3.550E+013  5.100E-011  6.963E+008  3.570E+007
 3.570E+013  5.237E-011  6.963E+008  3.591E+007
 3.590E+013  5.377E-011  6.963E+008  3.612E+007
 3.610E+013  5.519E-011  6.963E+008  3.633E+007
 3.630E+013  5.665E-011  6.963E+008  3.654E+007
 3.650E+013  5.814E-011  6.962E+008  3.675E+007
 3.670E+013  5.966E-011  6.962E+008  3.697E+007
 3.690E+013  6.120E-011  6.962E+008  3.718E+007
 3.710E+013  6.277E-011  6.962E+008  3.740E+007
 3.730E+013  6.438E-011  6.962E+008  3.762E+007
 3.750E+013  6.601E-011  6.962E+008  3.784E+007
 3.770E+013  6.766E-011  6.962E+008  3.806E+007
 3.790E+013  6.935E-011  6.961E+008  3.828E+007
 3.810E+013  7.106E-011  6.961E+008  3.851E+007
 3.830E+013  7.280E-011  6.961E+008  3.873E+007
 3.850E+013  7.457E-011  6.961E+008  3.896E+007
 3.870E+013  7.637E-011  6.961E+008  3.918E+007
 3.890E+013  7.819E-011  6.961E+008  3.941E+007
 3.910E+013  8.004E-011  6.961E+008  3.963E+007
 3.930E+013  8.193E-011  6.961E+008  3.986E+007
 3.950E+013  8.384E-011  6.960E+008  4.009E+007
 3.970E+013  8.578E-011  6.960E+008  4.031E+007
 3.990E+013  8.775E-011  6.960E+008  4.053E+007
 4.010E+013  8.975E-011  6.960E+008  4.075E+007
 4.030E+013  9.179E-011  6.960E+008  4.097E+007
 4.050E+013  9.386E-011  6.960E+008  4.119E+007
 4.070E+013  9.597E-011  6.959E+008  4.141E+007
 4.090E+013  9.811E-011  6.959E+008  4.162E+007
 4.110E+013  1.003E-010  6.959E+008  4.183E+007
 4.130E+013  1.025E-010  6.959E+008  4.203E+007
 4.150E+013  1.048E-010  6.958E+008  4.223E+007
 4.170E+013  1.071E-010  6.958E+008  4.243E+007
 4.190E+013  1.094E-010  6.958E+008  4.262E+007
 4.210E+013  1.118E-010  6.957E+008  4.281E+007
 4.230E+013  1.142E-010  6.957E+008  4.300E+007
 4.250E+013  1.167E-010  6.956E+008  4.318E+007
 4.270E+013  1.192E-010  6.956E+008  4.335E+007
 4.290E+013  1.218E-010  6.955E+008  4.352E+007
 4.310E+013  1.245E-010  6.955E+008  4.368E+007
 4.330E+013  1.271E-010  6.954E+008  4.384E+007
 4.350E+013  1.299E-010  6.954E+008  4.400E+007
 4.370E+013  1.327E-010  6.953E+008  4.415E+007
 4.390E+013  1.355E-010  6.952E+008  4.429E+007
 4.410E+013  1.384E-010  6.951E+008  4.443E+007
 4.430E+013  1.414E-010  6.951E+008  4.457E+007
 4.450E+013  1.444E-010  6.950E+008  4.470E+007
 4.470E+013  1.475E-010  6.949E+008  4.484E+007
 4.490E+013  1.506E-010  6.948E+008  4.497E+007
 4.510E+013  1.538E-010  6.947E+008  4.510E+007
 4.530E+013  1.571E-010  6.946E+008  4.523E+007
 4.550E+013  1.604E-010  6.945E+008  4.537E+007
 4.570E+013  1.638E-010  6.944E+008  4.551E+007
 4.590E+013  1.673E-010  6.943E+008  4.565E+007
 4.610E+013  1.708E-010  6.943E+008  4.579E+007
 4.630E+013  1.744E-010  6.942E+008  4.595E+007
 4.650E+013  1.780E-010  6.941E+008  4.611E+007
 4.670E+013  1.817E-010  6.940E+008  4.627E+007
 4.690E+013  1.855E-010  6.939E+008  4.645E+007
 4.710E+013  1.894E-010  6.939E+008  4.664E+007
 4.730E+013  1.933E-010  6.938E+008  4.683E+007
 4.750E+013  1.972E-010  6.937E+008  4.704E+007
 4.770E+013  2.013E-010  6.937E+008  4.726E+007
 4.790E+013  2.054E-010  6.936E+008  4.749E+007
 4.810E+013  2.096E-010  6.936E+008  4.772E+007
 4.830E+013  2.138E-010  6.936E+008  4.797E+007
 4.850E+013  2.181E-010  6.935E+008  4.823E+007
 4.870E+013  2.225E-010  6.935E+008  4.849E+007
 4.890E+013  2.270E-010  6.934E+008  4.877E+007
 4.910E+013  2.315E-010  6.934E+008  4.905E+007
 4.930E+013  2.361E-010  6.934E+008  4.933E+007
 4.950E+013  2.408E-010  6.934E+008  4.962E+007
 4.970E+013  2.455E-010  6.933E+008  4.991E+007
 4.990E+013  2.503E-010  6.933E+008  5.020E+007
 5.010E+013  2.552E-010  6.933E+008  5.048E+007
 5.030E+013  2.601E-010  6.932E+008  5.076E+007
 5.050E+013  2.651E-010  6.932E+008  5.103E+007
 5.070E+013  2.702E-010  6.931E+008  5.129E+007
 5.090E+013  2.754E-010  6.931E+008  5.154E+007
 5.110E+013  2.807E-010  6.930E+008  5.178E+007
 5.130E+013  2.860E-010  6.929E+008  5.199E+007
 5.150E+013  2.914E-010  6.928E+008  5.218E+007
 5.170E+013  2.968E-010  6.927E+008  5.235E+007
 5.190E+013  3.024E-010  6.925E+008  5.249E+007
 5.210E+013  3.080E-010  6.924E+008  5.261E+007
 5.230E+013  3.137E-010  6.921E+008  5.268E+007
 5.250E+013  3.194E-010  6.919E+008  5.272E+007
 5.270E+013  3.252E-010  6.916E+008  5.272E+007
 5.290E+013  3.311E-010  6.913E+008  5.267E+007
 5.310E+013  3.371E-010  6.910E+008  5.258E+007
 5.330E+013  3.431E-010  6.905E+008  5.244E+007
 5.350E+013  3.492E-010  6.901E+008  5.225E+007
 5.370E+013  3.554E-010  6.896E+008  5.200E+007
 5.390E+013  3.616E-010  6.890E+008  5.170E+007
 5.410E+013  3.679E-010  6.884E+008  5.134E+007
 5.430E+013  3.742E-010  6.878E+008  5.093E+007
 5.450E+013  3.806E-010  6.870E+008  5.045E+007
 5.470E+013  3.871E-010  6.863E+008  4.992E+007
 5.490E+013  3.936E-010  6.854E+008  4.934E+007
 5.510E+013  4.001E-010  6.846E+008  4.871E+007
 5.530E+013  4.068E-010  6.836E+008  4.803E+007
 5.550E+013  4.134E-010  6.826E+008  4.731E+007
 5.570E+013  4.202E-010  6.816E+008  4.656E+007
 5.590E+013  4.270E-010  6.806E+008  4.578E+007
 5.610E+013  4.338E-010  6.795E+008  4.498E+007
 5.630E+013  4.408E-010  6.784E+008  4.416E+007
 5.650E+013  4.478E-010  6.773E+008  4.334E+007
 5.670E+013  4.548E-010  6.761E+008  4.251E+007
 5.690E+013  4.619E-010  6.749E+008  4.168E+007
 5.710E+013  4.691E-010  6.738E+008  4.085E+007
 5.730E+013  4.764E-010  6.726E+008  4.003E+007
 5.750E+013  4.837E-010  6.714E+008  3.922E+007
 5.770E+013  4.911E-010  6.702E+008  3.842E+007
 5.790E+013  4.986E-010  6.690E+008  3.762E+007
 5.810E+013  5.061E-010  6.678E+008  3.684E+007
 5.830E+013  5.138E-010  6.666E+008  3.607E+007
 5.850E+013  5.214E-010  6.653E+008  3.530E+007
 5.870E+013  5.292E-010  6.641E+008  3.455E+007
 5.890E+013  5.371E-010  6.629E+008  3.380E+007
 5.910E+013  5.450E-010  6.616E+008  3.306E+007
 5.930E+013  5.530E-010  6.604E+008  3.234E+007
 5.950E+013  5.611E-010  6.591E+008  3.162E+007
 5.970E+013  5.693E-010  6.579E+008  3.091E+007
 5.990E+013  5.775E-010  6.566E+008  3.020E+007
 6.010E+013  5.858E-010  6.553E+008  2.951E+007
 6.030E+013  5.943E-010  6.540E+008  2.882E+007
 6.050E+013  6.028E-010  6.527E+008  2.814E+007
 6.070E+013  6.113E-010  6.514E+008  2.747E+007
 6.090E+013  6.200E-010  6.501E+008  2.680E+007
 6.110E+013  6.288E-010  6.488E+008  2.615E+007
 6.130E+013  6.376E-010  6.475E+008  2.550E+007
 6.150E+013  6.465E-010  6.462E+008  2.485E+007
 6.170E+013  6.555E-010  6.449E+008  2.422E+007
 6.190E+013  6.646E-010  6.435E+008  2.359E+007
 6.210E+013  6.738E-010  6.422E+008  2.297E+007
 6.230E+013  6.830E-010  6.408E+008  2.235E+007
 6.250E+013  6.924E-010  6.395E+008  2.174E+007
 6.270E+013  7.018E-010  6.381E+008  2.114E+007
 6.290E+013  7.113E-010  6.367E+008  2.054E+007
 6.310E+013  7.209E-010  6.353E+008  1.995E+007
 6.330E+013  7.306E-010  6.339E+008  1.937E+007
 6.350E+013  7.404E-010  6.325E+008  1.879E+007
 6.370E+013  7.502E-010  6.311E+008  1.821E+007
 6.390E+013  7.602E-010  6.297E+008  1.764E+007
 6.410E+013  7.702E-010  6.283E+008  1.708E+007
 6.430E+013  7.803E-010  6.269E+008  1.652E+007
 6.450E+013  7.905E-010  6.254E+008  1.596E+007
 6.470E+013  8.008E-010  6.240E+008  1.541E+007
 6.490E+013  8.111E-010  6.225E+008  1.487E+007
 6.510E+013  8.216E-010  6.210E+008  1.432E+007
 6.530E+013  8.321E-010  6.196E+008  1.379E+007
 6.550E+013  8.427E-010  6.181E+008  1.325E+007
 6.570E+013  8.534E-010  6.166E+008  1.272E+007
 6.590E+013  8.641E-010  6.151E+008  1.220E+007
 6.610E+013  8.750E-010  6.136E+008  1.168E+007
 6.630E+013  8.859E-010  6.121E+008  1.116E+007
 6.650E+013  8.969E-010  6.106E+008  1.065E+007
 6.670E+013  9.080E-010  6.090E+008  1.014E+007
 6.690E+013  9.191E-010  6.075E+008  9.634E+006
 6.710E+013  9.303E-010  6.060E+008  9.131E+006
 6.730E+013  9.416E-010  6.044E+008  8.633E+006
 6.750E+013  9.530E-010  6.028E+008  8.139E+006
 6.770E+013  9.644E-010  6.013E+008  7.650E+006
 6.790E+013  9.760E-010  5.997E+008  7.165E+006
 6.810E+013  9.875E-010  5.981E+008  6.684E+006
 6.830E+013  9.992E-010  5.965E+008  6.206E+006
 6.850E+013  1.011E-009  5.949E+008  5.731E+006
 6.870E+013  1.023E-009  5.933E+008  5.258E+006
 6.890E+013  1.035E-009  5.917E+008  4.788E+006
 6.910E+013  1.047E-009  5.901E+008  4.320E+006
 6.930E+013  1.059E-009  5.884E+008  3.854E+006
 6.950E+013  1.071E-009  5.868E+008  3.391E+006
 6.970E+013  1.083E-009  5.851E+008  2.929E+006
 6.990E+013  1.095E-009  5.835E+008  2.469E+006
 7.010E+013  1.107E-009  5.818E+008  2.011E+006
 7.030E+013  1.119E-009  5.801E+008  1.555E+006
 7.050E+013  1.132E-009  5.784E+008  1.100E+006
 7.070E+013  1.144E-009  5.767E+008  6.463E+005
 7.090E+013  1.157E-009  5.750E+008  1.939E+005
 7.110E+013  1.169E-009  5.733E+008 -2.572E+005
 7.130E+013  1.182E-009  5.716E+008 -7.078E+005
 7.150E+013  1.195E-009  5.698E+008 -1.158E+006
 7.170E+013  1.207E-009  5.681E+008 -1.608E+006
 7.190E+013  1.220E-009  5.663E+008 -2.056E+006
 7.210E+013  1.233E-009  5.645E+008 -2.503E+006
 7.230E+013  1.246E-009  5.628E+008 -2.950E+006
 7.250E+013  1.259E-009  5.610E+008 -3.397E+006
 7.270E+013  1.272E-009  5.592E+008 -3.841E+006
 7.290E+013  1.285E-009  5.574E+008 -4.285E+006
 7.310E+013  1.298E-009  5.556E+008 -4.728E+006
 7.330E+013  1.311E-009  5.537E+008 -5.167E+006
 7.350E+013  1.324E-009  5.519E+008 -5.607E+006
 7.370E+013  1.337E-009  5.501E+008 -6.047E+006
 7.390E+013  1.350E-009  5.482E+008 -6.475E+006
 7.410E+013  1.364E-009  5.464E+008 -6.916E+006
 7.430E+013  1.377E-009  5.445E+008 -7.354E+006
 7.450E+013  1.390E-009  5.427E+008 -7.775E+006
 7.470E+013  1.404E-009  5.408E+008 -8.214E+006
 7.490E+013  1.417E-009  5.388E+008 -8.676E+006
 7.510E+013  1.431E-009  5.370E+008 -9.091E+006
 7.530E+013  1.444E-009  5.350E+008 -9.481E+006
 7.550E+013  1.458E-009  5.329E+008 -1.009E+007
 7.570E+013  1.472E-009  5.314E+008 -1.042E+007
 7.590E+013  1.485E-009  5.290E+008 -1.075E+007
 7.610E+013  1.498E-009  5.267E+008 -1.175E+007
 7.630E+013  1.513E-009  5.257E+008 -1.178E+007
 7.650E+013  1.525E-009  5.225E+008 -1.209E+007
 7.670E+013  1.537E-009  5.199E+008 -1.380E+007
 7.690E+013  1.555E-009  5.202E+008 -1.322E+007
 7.710E+013  1.564E-009  5.155E+008 -1.334E+007
 7.730E+013  1.574E-009  5.113E+008 -1.677E+007
 7.750E+013  1.598E-009  5.151E+008 -1.549E+007
 7.770E+013  1.609E-009  5.111E+008 -1.292E+007
 7.790E+013  1.602E-009  4.985E+008 -1.943E+007
 7.810E+013  1.628E-009  5.030E+008 -2.316E+007
 7.830E+013  1.669E-009  5.148E+008 -1.296E+007
 7.850E+013  1.652E-009  4.966E+008 -1.236E+007
 7.870E+013  1.587E-009  4.565E+008 -3.325E+007
 7.890E+013  1.528E-009  4.212E+008 -6.220E+007
 7.910E+013  1.500E-009  4.020E+008 -8.327E+007
 7.930E+013  1.496E-009  3.943E+008 -9.247E+007
 7.950E+013  1.505E-009  3.919E+008 -9.479E+007
 7.970E+013  1.517E-009  3.911E+008 -9.462E+007
 7.990E+013  1.530E-009  3.905E+008 -9.384E+007
 8.010E+013  1.543E-009  3.900E+008 -9.298E+007
 8.030E+013  1.556E-009  3.895E+008 -9.209E+007
 8.050E+013  1.569E-009  3.891E+008 -9.118E+007
 8.070E+013  1.583E-009  3.887E+008 -9.025E+007
 8.090E+013  1.597E-009  3.883E+008 -8.930E+007
 8.110E+013  1.610E-009  3.879E+008 -8.833E+007
 8.130E+013  1.624E-009  3.875E+008 -8.735E+007
 8.150E+013  1.638E-009  3.872E+008 -8.635E+007
 8.170E+013  1.653E-009  3.869E+008 -8.534E+007
 8.190E+013  1.667E-009  3.866E+008 -8.433E+007
 8.210E+013  1.682E-009  3.863E+008 -8.330E+007
 8.230E+013  1.696E-009  3.861E+008 -8.228E+007
 8.250E+013  1.711E-009  3.858E+008 -8.125E+007
 8.270E+013  1.726E-009  3.855E+008 -8.022E+007
 8.290E+013  1.741E-009  3.853E+008 -7.919E+007
 8.310E+013  1.757E-009  3.850E+008 -7.817E+007
 8.330E+013  1.772E-009  3.848E+008 -7.715E+007
 8.350E+013  1.787E-009  3.845E+008 -7.613E+007
 8.370E+013  1.803E-009  3.843E+008 -7.512E+007
 8.390E+013  1.818E-009  3.840E+008 -7.411E+007
 8.410E+013  1.834E-009  3.837E+008 -7.311E+007
 8.430E+013  1.850E-009  3.835E+008 -7.211E+007
 8.450E+013  1.866E-009  3.832E+008 -7.111E+007
 8.470E+013  1.882E-009  3.830E+008 -7.012E+007
 8.490E+013  1.898E-009  3.827E+008 -6.913E+007
 8.510E+013  1.915E-009  3.825E+008 -6.814E+007
 8.530E+013  1.931E-009  3.823E+008 -6.715E+007
 8.550E+013  1.948E-009  3.820E+008 -6.616E+007
 8.570E+013  1.965E-009  3.818E+008 -6.518E+007
 8.590E+013  1.982E-009  3.816E+008 -6.420E+007
 8.610E+013  1.999E-009  3.813E+008 -6.321E+007
 8.630E+013  2.016E-009  3.811E+008 -6.223E+007
 8.650E+013  2.033E-009  3.809E+008 -6.125E+007
 8.670E+013  2.051E-009  3.807E+008 -6.026E+007
 8.690E+013  2.068E-009  3.805E+008 -5.928E+007
 8.710E+013  2.086E-009  3.803E+008 -5.830E+007
 8.730E+013  2.104E-009  3.801E+008 -5.731E+007
 8.750E+013  2.122E-009  3.799E+008 -5.633E+007
 8.770E+013  2.140E-009  3.798E+008 -5.535E+007
 8.790E+013  2.159E-009  3.796E+008 -5.437E+007
 8.810E+013  2.177E-009  3.794E+008 -5.339E+007
 8.830E+013  2.196E-009  3.792E+008 -5.241E+007
 8.850E+013  2.215E-009  3.791E+008 -5.144E+007
 8.870E+013  2.234E-009  3.789E+008 -5.046E+007
 8.890E+013  2.253E-009  3.788E+008 -4.949E+007
 8.910E+013  2.272E-009  3.786E+008 -4.852E+007
 8.930E+013  2.292E-009  3.785E+008 -4.755E+007
 8.950E+013  2.311E-009  3.783E+008 -4.659E+007
 8.970E+013  2.331E-009  3.782E+008 -4.563E+007
 8.990E+013  2.351E-009  3.780E+008 -4.467E+007
 9.010E+013  2.371E-009  3.779E+008 -4.371E+007
 9.030E+013  2.391E-009  3.778E+008 -4.276E+007
 9.050E+013  2.411E-009  3.776E+008 -4.180E+007
 9.070E+013  2.432E-009  3.775E+008 -4.086E+007
 9.090E+013  2.453E-009  3.774E+008 -3.991E+007
 9.110E+013  2.474E-009  3.772E+008 -3.897E+007
 9.130E+013  2.495E-009  3.771E+008 -3.803E+007
 9.150E+013  2.516E-009  3.770E+008 -3.710E+007
 9.170E+013  2.537E-009  3.769E+008 -3.617E+007
 9.190E+013  2.558E-009  3.767E+008 -3.524E+007
 9.210E+013  2.580E-009  3.766E+008 -3.432E+007
 9.230E+013  2.602E-009  3.765E+008 -3.339E+007
 9.250E+013  2.624E-009  3.764E+008 -3.248E+007
 9.270E+013  2.646E-009  3.763E+008 -3.156E+007
 9.290E+013  2.668E-009  3.762E+008 -3.065E+007
 9.310E+013  2.691E-009  3.761E+008 -2.974E+007
 9.330E+013  2.714E-009  3.760E+008 -2.883E+007
 9.350E+013  2.736E-009  3.759E+008 -2.793E+007
 9.370E+013  2.759E-009  3.758E+008 -2.703E+007
 9.390E+013  2.783E-009  3.757E+008 -2.614E+007
 9.410E+013  2.806E-009  3.756E+008 -2.524E+007
 9.430E+013  2.830E-009  3.755E+008 -2.436E+007
 9.450E+013  2.853E-009  3.754E+008 -2.347E+007
 9.470E+013  2.877E-009  3.753E+008 -2.259E+007
 9.490E+013  2.901E-009  3.752E+008 -2.171E+007
 9.510E+013  2.926E-009  3.751E+008 -2.083E+007
 9.530E+013  2.950E-009  3.750E+008 -1.996E+007
 9.550E+013  2.975E-009  3.750E+008 -1.909E+007
 9.570E+013  3.000E-009  3.749E+008 -1.822E+007
 9.590E+013  3.025E-009  3.748E+008 -1.736E+007
 9.610E+013  3.050E-009  3.747E+008 -1.650E+007
 9.630E+013  3.076E-009  3.747E+008 -1.564E+007
 9.650E+013  3.101E-009  3.746E+008 -1.479E+007
 9.670E+013  3.127E-009  3.745E+008 -1.394E+007
 9.690E+013  3.153E-009  3.745E+008 -1.309E+007
 9.710E+013  3.179E-009  3.744E+008 -1.225E+007
 9.730E+013  3.206E-009  3.744E+008 -1.141E+007
 9.750E+013  3.233E-009  3.743E+008 -1.057E+007
 9.770E+013  3.259E-009  3.743E+008 -9.741E+006
 9.790E+013  3.287E-009  3.742E+008 -8.911E+006
 9.810E+013  3.314E-009  3.742E+008 -8.085E+006
 9.830E+013  3.341E-009  3.742E+008 -7.262E+006
 9.850E+013  3.369E-009  3.741E+008 -6.442E+006
 9.870E+013  3.397E-009  3.741E+008 -5.625E+006
 9.890E+013  3.425E-009  3.741E+008 -4.812E+006
 9.910E+013  3.453E-009  3.740E+008 -4.002E+006
 9.930E+013  3.482E-009  3.740E+008 -3.195E+006
 9.950E+013  3.516E-009  3.740E+008 -2.391E+006
 9.970E+013  3.554E-009  3.740E+008 -1.591E+006
 9.990E+013  3.585E-009  3.740E+008 -7.939E+005
 1.001E+014  1.000E-099  1.000E-099 -0.000E+000
 1.003E+014  1.000E-099  1.000E-099 -0.000E+000
 7.801E-003
