 8.400E+004
     x1b        dens       energ       v1
 1.000E+011  1.073E-012  8.551E+008  0.000E+000
 3.000E+011  1.074E-012  8.551E+008  5.780E+005
 5.000E+011  1.074E-012  8.551E+008  1.153E+006
 7.000E+011  1.076E-012  8.551E+008  1.730E+006
 9.000E+011  1.079E-012  8.551E+008  2.307E+006
 1.100E+012  1.083E-012  8.551E+008  2.884E+006
 1.300E+012  1.089E-012  8.551E+008  3.460E+006
 1.500E+012  1.096E-012  8.551E+008  4.037E+006
 1.700E+012  1.105E-012  8.551E+008  4.614E+006
 1.900E+012  1.115E-012  8.551E+008  5.191E+006
 2.100E+012  1.127E-012  8.551E+008  5.768E+006
 2.300E+012  1.139E-012  8.551E+008  6.344E+006
 2.500E+012  1.152E-012  8.551E+008  6.921E+006
 2.700E+012  1.166E-012  8.551E+008  7.498E+006
 2.900E+012  1.180E-012  8.551E+008  8.075E+006
 3.100E+012  1.194E-012  8.551E+008  8.651E+006
 3.300E+012  1.209E-012  8.551E+008  9.228E+006
 3.500E+012  1.223E-012  8.551E+008  9.805E+006
 3.700E+012  1.238E-012  8.551E+008  1.038E+007
 3.900E+012  1.252E-012  8.551E+008  1.096E+007
 4.100E+012  1.266E-012  8.551E+008  1.154E+007
 4.300E+012  1.279E-012  8.551E+008  1.211E+007
 4.500E+012  1.291E-012  8.551E+008  1.269E+007
 4.700E+012  1.302E-012  8.551E+008  1.327E+007
 4.900E+012  1.310E-012  8.551E+008  1.384E+007
 5.100E+012  1.316E-012  8.551E+008  1.442E+007
 5.300E+012  1.318E-012  8.551E+008  1.500E+007
 5.500E+012  1.319E-012  8.551E+008  1.557E+007
 5.700E+012  1.319E-012  8.551E+008  1.615E+007
 5.900E+012  1.319E-012  8.551E+008  1.673E+007
 6.100E+012  1.319E-012  8.551E+008  1.730E+007
 6.300E+012  1.319E-012  8.551E+008  1.788E+007
 6.500E+012  1.318E-012  8.551E+008  1.846E+007
 6.700E+012  1.318E-012  8.551E+008  1.903E+007
 6.900E+012  1.318E-012  8.551E+008  1.961E+007
 7.100E+012  1.318E-012  8.551E+008  2.019E+007
 7.300E+012  1.317E-012  8.551E+008  2.076E+007
 7.500E+012  1.316E-012  8.551E+008  2.134E+007
 7.700E+012  1.315E-012  8.551E+008  2.192E+007
 7.900E+012  1.314E-012  8.551E+008  2.249E+007
 8.100E+012  1.313E-012  8.551E+008  2.307E+007
 8.300E+012  1.312E-012  8.551E+008  2.365E+007
 8.500E+012  1.312E-012  8.551E+008  2.422E+007
 8.700E+012  1.312E-012  8.551E+008  2.480E+007
 8.900E+012  1.312E-012  8.551E+008  2.538E+007
 9.100E+012  1.312E-012  8.551E+008  2.595E+007
 9.300E+012  1.312E-012  8.551E+008  2.653E+007
 9.500E+012  1.312E-012  8.551E+008  2.711E+007
 9.700E+012  1.312E-012  8.551E+008  2.768E+007
 9.900E+012  1.312E-012  8.551E+008  2.826E+007
 1.010E+013  1.313E-012  8.551E+008  2.884E+007
 1.030E+013  1.313E-012  8.551E+008  2.941E+007
 1.050E+013  1.314E-012  8.551E+008  2.999E+007
 1.070E+013  1.315E-012  8.551E+008  3.057E+007
 1.090E+013  1.317E-012  8.551E+008  3.114E+007
 1.110E+013  1.319E-012  8.551E+008  3.172E+007
 1.130E+013  1.321E-012  8.551E+008  3.230E+007
 1.150E+013  1.324E-012  8.551E+008  3.287E+007
 1.170E+013  1.328E-012  8.551E+008  3.345E+007
 1.190E+013  1.332E-012  8.551E+008  3.403E+007
 1.210E+013  1.337E-012  8.551E+008  3.460E+007
 1.230E+013  1.343E-012  8.551E+008  3.518E+007
 1.250E+013  1.350E-012  8.551E+008  3.576E+007
 1.270E+013  1.358E-012  8.551E+008  3.634E+007
 1.290E+013  1.367E-012  8.551E+008  3.691E+007
 1.310E+013  1.377E-012  8.551E+008  3.749E+007
 1.330E+013  1.388E-012  8.551E+008  3.807E+007
 1.350E+013  1.401E-012  8.551E+008  3.864E+007
 1.370E+013  1.415E-012  8.551E+008  3.922E+007
 1.390E+013  1.431E-012  8.551E+008  3.980E+007
 1.410E+013  1.449E-012  8.551E+008  4.037E+007
 1.430E+013  1.468E-012  8.551E+008  4.095E+007
 1.450E+013  1.490E-012  8.551E+008  4.153E+007
 1.470E+013  1.514E-012  8.551E+008  4.210E+007
 1.490E+013  1.540E-012  8.551E+008  4.268E+007
 1.510E+013  1.569E-012  8.551E+008  4.326E+007
 1.530E+013  1.600E-012  8.551E+008  4.384E+007
 1.550E+013  1.634E-012  8.551E+008  4.441E+007
 1.570E+013  1.672E-012  8.551E+008  4.499E+007
 1.590E+013  1.713E-012  8.551E+008  4.557E+007
 1.610E+013  1.758E-012  8.551E+008  4.614E+007
 1.630E+013  1.807E-012  8.551E+008  4.672E+007
 1.650E+013  1.860E-012  8.551E+008  4.730E+007
 1.670E+013  1.917E-012  8.551E+008  4.788E+007
 1.690E+013  1.980E-012  8.551E+008  4.845E+007
 1.710E+013  2.049E-012  8.551E+008  4.903E+007
 1.730E+013  2.123E-012  8.551E+008  4.961E+007
 1.750E+013  2.203E-012  8.551E+008  5.019E+007
 1.770E+013  2.291E-012  8.551E+008  5.076E+007
 1.790E+013  2.386E-012  8.551E+008  5.134E+007
 1.810E+013  2.488E-012  8.551E+008  5.192E+007
 1.830E+013  2.600E-012  8.551E+008  5.250E+007
 1.850E+013  2.720E-012  8.551E+008  5.308E+007
 1.870E+013  2.851E-012  8.551E+008  5.365E+007
 1.890E+013  2.992E-012  8.551E+008  5.423E+007
 1.910E+013  3.144E-012  8.551E+008  5.481E+007
 1.930E+013  3.309E-012  8.551E+008  5.539E+007
 1.950E+013  3.486E-012  8.551E+008  5.597E+007
 1.970E+013  3.677E-012  8.551E+008  5.654E+007
 1.990E+013  3.882E-012  8.551E+008  5.712E+007
 2.010E+013  4.103E-012  8.551E+008  5.770E+007
 2.030E+013  4.340E-012  8.551E+008  5.828E+007
 2.050E+013  4.593E-012  8.551E+008  5.886E+007
 2.070E+013  4.864E-012  8.551E+008  5.943E+007
 2.090E+013  5.152E-012  8.551E+008  6.001E+007
 2.110E+013  5.459E-012  8.551E+008  6.059E+007
 2.130E+013  5.785E-012  8.551E+008  6.117E+007
 2.150E+013  6.131E-012  8.551E+008  6.174E+007
 2.170E+013  6.495E-012  8.551E+008  6.232E+007
 2.190E+013  6.879E-012  8.551E+008  6.290E+007
 2.210E+013  7.282E-012  8.551E+008  6.347E+007
 2.230E+013  7.704E-012  8.551E+008  6.405E+007
 2.250E+013  8.145E-012  8.551E+008  6.463E+007
 2.270E+013  8.603E-012  8.551E+008  6.520E+007
 2.290E+013  9.079E-012  8.551E+008  6.578E+007
 2.310E+013  9.571E-012  8.551E+008  6.635E+007
 2.330E+013  1.008E-011  8.551E+008  6.693E+007
 2.350E+013  1.060E-011  8.551E+008  6.751E+007
 2.370E+013  1.113E-011  8.551E+008  6.808E+007
 2.390E+013  1.168E-011  8.551E+008  6.866E+007
 2.410E+013  1.224E-011  8.551E+008  6.923E+007
 2.430E+013  1.281E-011  8.551E+008  6.981E+007
 2.450E+013  1.339E-011  8.551E+008  7.038E+007
 2.470E+013  1.397E-011  8.551E+008  7.096E+007
 2.490E+013  1.456E-011  8.551E+008  7.154E+007
 2.510E+013  1.516E-011  8.551E+008  7.211E+007
 2.530E+013  1.577E-011  8.551E+008  7.269E+007
 2.550E+013  1.638E-011  8.551E+008  7.326E+007
 2.570E+013  1.700E-011  8.551E+008  7.384E+007
 2.590E+013  1.763E-011  8.551E+008  7.442E+007
 2.610E+013  1.826E-011  8.551E+008  7.499E+007
 2.630E+013  1.890E-011  8.551E+008  7.557E+007
 2.650E+013  1.954E-011  8.551E+008  7.615E+007
 2.670E+013  2.019E-011  8.551E+008  7.672E+007
 2.690E+013  2.085E-011  8.551E+008  7.730E+007
 2.710E+013  2.152E-011  8.552E+008  7.787E+007
 2.730E+013  2.219E-011  8.552E+008  7.845E+007
 2.750E+013  2.288E-011  8.552E+008  7.903E+007
 2.770E+013  2.357E-011  8.552E+008  7.960E+007
 2.790E+013  2.428E-011  8.552E+008  8.018E+007
 2.810E+013  2.500E-011  8.552E+008  8.076E+007
 2.830E+013  2.573E-011  8.552E+008  8.133E+007
 2.850E+013  2.648E-011  8.552E+008  8.191E+007
 2.870E+013  2.725E-011  8.552E+008  8.249E+007
 2.890E+013  2.803E-011  8.552E+008  8.306E+007
 2.910E+013  2.883E-011  8.552E+008  8.364E+007
 2.930E+013  2.965E-011  8.552E+008  8.422E+007
 2.950E+013  3.048E-011  8.552E+008  8.480E+007
 2.970E+013  3.134E-011  8.552E+008  8.537E+007
 2.990E+013  3.223E-011  8.552E+008  8.595E+007
 3.010E+013  3.314E-011  8.552E+008  8.653E+007
 3.030E+013  3.407E-011  8.553E+008  8.710E+007
 3.050E+013  3.503E-011  8.553E+008  8.768E+007
 3.070E+013  3.602E-011  8.553E+008  8.826E+007
 3.090E+013  3.703E-011  8.553E+008  8.883E+007
 3.110E+013  3.808E-011  8.553E+008  8.941E+007
 3.130E+013  3.915E-011  8.553E+008  8.999E+007
 3.150E+013  4.026E-011  8.553E+008  9.057E+007
 3.170E+013  4.141E-011  8.553E+008  9.114E+007
 3.190E+013  4.258E-011  8.553E+008  9.172E+007
 3.210E+013  4.379E-011  8.553E+008  9.230E+007
 3.230E+013  4.504E-011  8.553E+008  9.288E+007
 3.250E+013  4.632E-011  8.554E+008  9.345E+007
 3.270E+013  4.764E-011  8.554E+008  9.403E+007
 3.290E+013  4.899E-011  8.554E+008  9.461E+007
 3.310E+013  5.039E-011  8.554E+008  9.518E+007
 3.330E+013  5.182E-011  8.554E+008  9.576E+007
 3.350E+013  5.329E-011  8.554E+008  9.634E+007
 3.370E+013  5.479E-011  8.554E+008  9.692E+007
 3.390E+013  5.634E-011  8.555E+008  9.749E+007
 3.410E+013  5.792E-011  8.555E+008  9.807E+007
 3.430E+013  5.954E-011  8.555E+008  9.865E+007
 3.450E+013  6.120E-011  8.555E+008  9.923E+007
 3.470E+013  6.290E-011  8.555E+008  9.980E+007
 3.490E+013  6.463E-011  8.555E+008  1.004E+008
 3.510E+013  6.640E-011  8.555E+008  1.010E+008
 3.530E+013  6.820E-011  8.556E+008  1.015E+008
 3.550E+013  7.004E-011  8.556E+008  1.021E+008
 3.570E+013  7.191E-011  8.556E+008  1.027E+008
 3.590E+013  7.382E-011  8.556E+008  1.033E+008
 3.610E+013  7.577E-011  8.556E+008  1.038E+008
 3.630E+013  7.775E-011  8.557E+008  1.044E+008
 3.650E+013  7.976E-011  8.557E+008  1.050E+008
 3.670E+013  8.181E-011  8.557E+008  1.056E+008
 3.690E+013  8.389E-011  8.557E+008  1.062E+008
 3.710E+013  8.600E-011  8.558E+008  1.067E+008
 3.730E+013  8.815E-011  8.558E+008  1.073E+008
 3.750E+013  9.034E-011  8.558E+008  1.079E+008
 3.770E+013  9.256E-011  8.558E+008  1.085E+008
 3.790E+013  9.482E-011  8.559E+008  1.090E+008
 3.810E+013  9.711E-011  8.559E+008  1.096E+008
 3.830E+013  9.945E-011  8.559E+008  1.102E+008
 3.850E+013  1.018E-010  8.560E+008  1.108E+008
 3.870E+013  1.042E-010  8.560E+008  1.114E+008
 3.890E+013  1.067E-010  8.560E+008  1.119E+008
 3.910E+013  1.092E-010  8.561E+008  1.125E+008
 3.930E+013  1.117E-010  8.561E+008  1.131E+008
 3.950E+013  1.143E-010  8.561E+008  1.137E+008
 3.970E+013  1.170E-010  8.562E+008  1.142E+008
 3.990E+013  1.197E-010  8.562E+008  1.148E+008
 4.010E+013  1.224E-010  8.562E+008  1.154E+008
 4.030E+013  1.252E-010  8.563E+008  1.160E+008
 4.050E+013  1.281E-010  8.563E+008  1.166E+008
 4.070E+013  1.310E-010  8.564E+008  1.171E+008
 4.090E+013  1.340E-010  8.564E+008  1.177E+008
 4.110E+013  1.370E-010  8.564E+008  1.183E+008
 4.130E+013  1.401E-010  8.565E+008  1.189E+008
 4.150E+013  1.433E-010  8.565E+008  1.194E+008
 4.170E+013  1.465E-010  8.566E+008  1.200E+008
 4.190E+013  1.498E-010  8.566E+008  1.206E+008
 4.210E+013  1.532E-010  8.567E+008  1.212E+008
 4.230E+013  1.567E-010  8.567E+008  1.218E+008
 4.250E+013  1.602E-010  8.568E+008  1.223E+008
 4.270E+013  1.638E-010  8.568E+008  1.229E+008
 4.290E+013  1.675E-010  8.569E+008  1.235E+008
 4.310E+013  1.712E-010  8.569E+008  1.241E+008
 4.330E+013  1.750E-010  8.570E+008  1.247E+008
 4.350E+013  1.789E-010  8.571E+008  1.252E+008
 4.370E+013  1.829E-010  8.571E+008  1.258E+008
 4.390E+013  1.870E-010  8.572E+008  1.264E+008
 4.410E+013  1.911E-010  8.572E+008  1.270E+008
 4.430E+013  1.954E-010  8.573E+008  1.276E+008
 4.450E+013  1.997E-010  8.574E+008  1.281E+008
 4.470E+013  2.041E-010  8.575E+008  1.287E+008
 4.490E+013  2.085E-010  8.575E+008  1.293E+008
 4.510E+013  2.131E-010  8.576E+008  1.299E+008
 4.530E+013  2.177E-010  8.577E+008  1.305E+008
 4.550E+013  2.224E-010  8.578E+008  1.310E+008
 4.570E+013  2.272E-010  8.578E+008  1.316E+008
 4.590E+013  2.321E-010  8.579E+008  1.322E+008
 4.610E+013  2.371E-010  8.580E+008  1.328E+008
 4.630E+013  2.422E-010  8.581E+008  1.334E+008
 4.650E+013  2.473E-010  8.582E+008  1.339E+008
 4.670E+013  2.525E-010  8.583E+008  1.345E+008
 4.690E+013  2.578E-010  8.584E+008  1.351E+008
 4.710E+013  2.632E-010  8.585E+008  1.357E+008
 4.730E+013  2.687E-010  8.586E+008  1.363E+008
 4.750E+013  2.743E-010  8.587E+008  1.368E+008
 4.770E+013  2.800E-010  8.588E+008  1.374E+008
 4.790E+013  2.858E-010  8.589E+008  1.380E+008
 4.810E+013  2.916E-010  8.590E+008  1.386E+008
 4.830E+013  2.976E-010  8.591E+008  1.392E+008
 4.850E+013  3.036E-010  8.592E+008  1.398E+008
 4.870E+013  3.098E-010  8.593E+008  1.403E+008
 4.890E+013  3.160E-010  8.594E+008  1.409E+008
 4.910E+013  3.223E-010  8.596E+008  1.415E+008
 4.930E+013  3.288E-010  8.597E+008  1.421E+008
 4.950E+013  3.353E-010  8.598E+008  1.427E+008
 4.970E+013  3.420E-010  8.599E+008  1.433E+008
 4.990E+013  3.487E-010  8.601E+008  1.438E+008
 5.010E+013  3.556E-010  8.602E+008  1.444E+008
 5.030E+013  3.625E-010  8.603E+008  1.450E+008
 5.050E+013  3.696E-010  8.605E+008  1.456E+008
 5.070E+013  3.768E-010  8.606E+008  1.462E+008
 5.090E+013  3.841E-010  8.608E+008  1.468E+008
 5.110E+013  3.915E-010  8.609E+008  1.473E+008
 5.130E+013  3.990E-010  8.611E+008  1.479E+008
 5.150E+013  4.066E-010  8.613E+008  1.485E+008
 5.170E+013  4.144E-010  8.614E+008  1.491E+008
 5.190E+013  4.222E-010  8.616E+008  1.497E+008
 5.210E+013  4.302E-010  8.618E+008  1.503E+008
 5.230E+013  4.383E-010  8.620E+008  1.509E+008
 5.250E+013  4.465E-010  8.621E+008  1.514E+008
 5.270E+013  4.548E-010  8.623E+008  1.520E+008
 5.290E+013  4.632E-010  8.625E+008  1.526E+008
 5.310E+013  4.718E-010  8.627E+008  1.532E+008
 5.330E+013  4.805E-010  8.629E+008  1.538E+008
 5.350E+013  4.893E-010  8.631E+008  1.544E+008
 5.370E+013  4.982E-010  8.633E+008  1.550E+008
 5.390E+013  5.073E-010  8.635E+008  1.555E+008
 5.410E+013  5.165E-010  8.637E+008  1.561E+008
 5.430E+013  5.258E-010  8.640E+008  1.567E+008
 5.450E+013  5.352E-010  8.642E+008  1.573E+008
 5.470E+013  5.448E-010  8.644E+008  1.579E+008
 5.490E+013  5.545E-010  8.647E+008  1.585E+008
 5.510E+013  5.644E-010  8.649E+008  1.591E+008
 5.530E+013  5.743E-010  8.651E+008  1.597E+008
 5.550E+013  5.845E-010  8.654E+008  1.603E+008
 5.570E+013  5.948E-010  8.656E+008  1.609E+008
 5.590E+013  6.052E-010  8.659E+008  1.614E+008
 5.610E+013  6.158E-010  8.662E+008  1.620E+008
 5.630E+013  6.265E-010  8.665E+008  1.626E+008
 5.650E+013  6.374E-010  8.667E+008  1.632E+008
 5.670E+013  6.484E-010  8.670E+008  1.638E+008
 5.690E+013  6.596E-010  8.673E+008  1.644E+008
 5.710E+013  6.710E-010  8.676E+008  1.650E+008
 5.730E+013  6.825E-010  8.679E+008  1.656E+008
 5.750E+013  6.942E-010  8.682E+008  1.662E+008
 5.770E+013  7.061E-010  8.685E+008  1.668E+008
 5.790E+013  7.181E-010  8.689E+008  1.674E+008
 5.810E+013  7.303E-010  8.692E+008  1.680E+008
 5.830E+013  7.427E-010  8.695E+008  1.686E+008
 5.850E+013  7.553E-010  8.699E+008  1.692E+008
 5.870E+013  7.681E-010  8.702E+008  1.698E+008
 5.890E+013  7.811E-010  8.706E+008  1.704E+008
 5.910E+013  7.942E-010  8.709E+008  1.710E+008
 5.930E+013  8.076E-010  8.713E+008  1.716E+008
 5.950E+013  8.211E-010  8.717E+008  1.722E+008
 5.970E+013  8.349E-010  8.721E+008  1.728E+008
 5.990E+013  8.488E-010  8.725E+008  1.733E+008
 6.010E+013  8.630E-010  8.729E+008  1.740E+008
 6.030E+013  8.774E-010  8.733E+008  1.746E+008
 6.050E+013  8.919E-010  8.737E+008  1.752E+008
 6.070E+013  9.067E-010  8.742E+008  1.758E+008
 6.090E+013  9.217E-010  8.746E+008  1.764E+008
 6.110E+013  9.369E-010  8.750E+008  1.770E+008
 6.130E+013  9.523E-010  8.755E+008  1.776E+008
 6.150E+013  9.680E-010  8.760E+008  1.782E+008
 6.170E+013  9.839E-010  8.764E+008  1.788E+008
 6.190E+013  1.000E-009  8.769E+008  1.794E+008
 6.210E+013  1.016E-009  8.774E+008  1.800E+008
 6.230E+013  1.033E-009  8.779E+008  1.806E+008
 6.250E+013  1.050E-009  8.784E+008  1.812E+008
 6.270E+013  1.067E-009  8.789E+008  1.818E+008
 6.290E+013  1.084E-009  8.795E+008  1.824E+008
 6.310E+013  1.101E-009  8.800E+008  1.830E+008
 6.330E+013  1.119E-009  8.806E+008  1.836E+008
 6.350E+013  1.137E-009  8.811E+008  1.842E+008
 6.370E+013  1.155E-009  8.817E+008  1.849E+008
 6.390E+013  1.174E-009  8.823E+008  1.855E+008
 6.410E+013  1.193E-009  8.829E+008  1.861E+008
 6.430E+013  1.211E-009  8.835E+008  1.867E+008
 6.450E+013  1.231E-009  8.841E+008  1.873E+008
 6.470E+013  1.250E-009  8.848E+008  1.879E+008
 6.490E+013  1.270E-009  8.854E+008  1.885E+008
 6.510E+013  1.290E-009  8.861E+008  1.892E+008
 6.530E+013  1.310E-009  8.868E+008  1.898E+008
 6.550E+013  1.331E-009  8.874E+008  1.904E+008
 6.570E+013  1.352E-009  8.881E+008  1.910E+008
 6.590E+013  1.373E-009  8.889E+008  1.916E+008
 6.610E+013  1.394E-009  8.896E+008  1.923E+008
 6.630E+013  1.416E-009  8.903E+008  1.929E+008
 6.650E+013  1.438E-009  8.911E+008  1.935E+008
 6.670E+013  1.460E-009  8.918E+008  1.941E+008
 6.690E+013  1.483E-009  8.926E+008  1.948E+008
 6.710E+013  1.505E-009  8.934E+008  1.954E+008
 6.730E+013  1.529E-009  8.942E+008  1.960E+008
 6.750E+013  1.552E-009  8.951E+008  1.966E+008
 6.770E+013  1.576E-009  8.959E+008  1.973E+008
 6.790E+013  1.600E-009  8.968E+008  1.979E+008
 6.810E+013  1.624E-009  8.976E+008  1.985E+008
 6.830E+013  1.649E-009  8.985E+008  1.992E+008
 6.850E+013  1.674E-009  8.994E+008  1.998E+008
 6.870E+013  1.699E-009  9.004E+008  2.004E+008
 6.890E+013  1.725E-009  9.013E+008  2.011E+008
 6.910E+013  1.751E-009  9.023E+008  2.017E+008
 6.930E+013  1.778E-009  9.032E+008  2.023E+008
 6.950E+013  1.804E-009  9.042E+008  2.030E+008
 6.970E+013  1.831E-009  9.053E+008  2.036E+008
 6.990E+013  1.859E-009  9.063E+008  2.043E+008
 7.010E+013  1.887E-009  9.073E+008  2.049E+008
 7.030E+013  1.915E-009  9.084E+008  2.056E+008
 7.050E+013  1.944E-009  9.095E+008  2.062E+008
 7.070E+013  1.973E-009  9.106E+008  2.069E+008
 7.090E+013  2.002E-009  9.117E+008  2.075E+008
 7.110E+013  2.032E-009  9.129E+008  2.082E+008
 7.130E+013  2.062E-009  9.141E+008  2.088E+008
 7.150E+013  2.093E-009  9.153E+008  2.095E+008
 7.170E+013  2.124E-009  9.165E+008  2.101E+008
 7.190E+013  2.155E-009  9.177E+008  2.108E+008
 7.210E+013  2.187E-009  9.190E+008  2.114E+008
 7.230E+013  2.220E-009  9.203E+008  2.121E+008
 7.250E+013  2.252E-009  9.216E+008  2.128E+008
 7.270E+013  2.286E-009  9.229E+008  2.134E+008
 7.290E+013  2.319E-009  9.243E+008  2.141E+008
 7.310E+013  2.353E-009  9.256E+008  2.147E+008
 7.330E+013  2.388E-009  9.271E+008  2.154E+008
 7.350E+013  2.423E-009  9.285E+008  2.161E+008
 7.370E+013  2.459E-009  9.299E+008  2.168E+008
 7.390E+013  2.495E-009  9.314E+008  2.174E+008
 7.410E+013  2.532E-009  9.329E+008  2.181E+008
 7.430E+013  2.569E-009  9.345E+008  2.188E+008
 7.450E+013  2.606E-009  9.360E+008  2.195E+008
 7.470E+013  2.645E-009  9.376E+008  2.201E+008
 7.490E+013  2.683E-009  9.393E+008  2.208E+008
 7.510E+013  2.723E-009  9.409E+008  2.215E+008
 7.530E+013  2.762E-009  9.426E+008  2.222E+008
 7.550E+013  2.803E-009  9.443E+008  2.229E+008
 7.570E+013  2.844E-009  9.461E+008  2.236E+008
 7.590E+013  2.885E-009  9.478E+008  2.243E+008
 7.610E+013  2.928E-009  9.497E+008  2.250E+008
 7.630E+013  2.970E-009  9.515E+008  2.257E+008
 7.650E+013  3.014E-009  9.534E+008  2.264E+008
 7.670E+013  3.058E-009  9.553E+008  2.271E+008
 7.690E+013  3.102E-009  9.572E+008  2.278E+008
 7.710E+013  3.147E-009  9.592E+008  2.285E+008
 7.730E+013  3.193E-009  9.612E+008  2.292E+008
 7.750E+013  3.240E-009  9.633E+008  2.299E+008
 7.770E+013  3.287E-009  9.654E+008  2.306E+008
 7.790E+013  3.335E-009  9.675E+008  2.313E+008
 7.810E+013  3.383E-009  9.697E+008  2.320E+008
 7.830E+013  3.433E-009  9.719E+008  2.327E+008
 7.850E+013  3.483E-009  9.741E+008  2.335E+008
 7.870E+013  3.533E-009  9.764E+008  2.342E+008
 7.890E+013  3.585E-009  9.787E+008  2.349E+008
 7.910E+013  3.637E-009  9.811E+008  2.356E+008
 7.930E+013  3.690E-009  9.835E+008  2.364E+008
 7.950E+013  3.744E-009  9.860E+008  2.371E+008
 7.970E+013  3.799E-009  9.885E+008  2.379E+008
 7.990E+013  3.854E-009  9.910E+008  2.386E+008
 8.010E+013  3.910E-009  9.936E+008  2.393E+008
 8.030E+013  3.967E-009  9.963E+008  2.401E+008
 8.050E+013  4.025E-009  9.990E+008  2.408E+008
 8.070E+013  4.084E-009  1.002E+009  2.416E+008
 8.090E+013  4.144E-009  1.004E+009  2.423E+008
 8.110E+013  4.205E-009  1.007E+009  2.431E+008
 8.130E+013  4.266E-009  1.010E+009  2.439E+008
 8.150E+013  4.329E-009  1.013E+009  2.446E+008
 8.170E+013  4.392E-009  1.016E+009  2.454E+008
 8.190E+013  4.457E-009  1.019E+009  2.462E+008
 8.210E+013  4.522E-009  1.022E+009  2.469E+008
 8.230E+013  4.589E-009  1.025E+009  2.477E+008
 8.250E+013  4.656E-009  1.029E+009  2.485E+008
 8.270E+013  4.725E-009  1.032E+009  2.493E+008
 8.290E+013  4.795E-009  1.035E+009  2.501E+008
 8.310E+013  4.865E-009  1.039E+009  2.508E+008
 8.330E+013  4.937E-009  1.042E+009  2.516E+008
 8.350E+013  5.010E-009  1.046E+009  2.524E+008
 8.370E+013  5.085E-009  1.049E+009  2.532E+008
 8.390E+013  5.160E-009  1.053E+009  2.540E+008
 8.410E+013  5.237E-009  1.057E+009  2.548E+008
 8.430E+013  5.315E-009  1.061E+009  2.557E+008
 8.450E+013  5.394E-009  1.064E+009  2.565E+008
 8.470E+013  5.475E-009  1.068E+009  2.573E+008
 8.490E+013  5.557E-009  1.072E+009  2.581E+008
 8.510E+013  5.640E-009  1.077E+009  2.589E+008
 8.530E+013  5.725E-009  1.081E+009  2.598E+008
 8.550E+013  5.811E-009  1.085E+009  2.606E+008
 8.570E+013  5.899E-009  1.089E+009  2.614E+008
 8.590E+013  5.988E-009  1.094E+009  2.623E+008
 8.610E+013  6.078E-009  1.098E+009  2.631E+008
 8.630E+013  6.170E-009  1.103E+009  2.640E+008
 8.650E+013  6.264E-009  1.108E+009  2.648E+008
 8.670E+013  6.359E-009  1.112E+009  2.657E+008
 8.690E+013  6.456E-009  1.117E+009  2.666E+008
 8.710E+013  6.555E-009  1.122E+009  2.674E+008
 8.730E+013  6.656E-009  1.127E+009  2.683E+008
 8.750E+013  6.758E-009  1.132E+009  2.692E+008
 8.770E+013  6.862E-009  1.137E+009  2.701E+008
 8.790E+013  6.968E-009  1.143E+009  2.709E+008
 8.810E+013  7.075E-009  1.148E+009  2.718E+008
 8.830E+013  7.185E-009  1.154E+009  2.727E+008
 8.850E+013  7.297E-009  1.159E+009  2.736E+008
 8.870E+013  7.411E-009  1.165E+009  2.745E+008
 8.890E+013  7.526E-009  1.171E+009  2.754E+008
 8.910E+013  7.644E-009  1.177E+009  2.764E+008
 8.930E+013  7.764E-009  1.183E+009  2.773E+008
 8.950E+013  7.887E-009  1.189E+009  2.782E+008
 8.970E+013  8.011E-009  1.196E+009  2.791E+008
 8.990E+013  8.138E-009  1.202E+009  2.801E+008
 9.010E+013  8.268E-009  1.209E+009  2.810E+008
 9.030E+013  8.399E-009  1.216E+009  2.819E+008
 9.050E+013  8.534E-009  1.223E+009  2.829E+008
 9.070E+013  8.671E-009  1.230E+009  2.838E+008
 9.090E+013  8.810E-009  1.237E+009  2.848E+008
 9.110E+013  8.952E-009  1.244E+009  2.858E+008
 9.130E+013  9.097E-009  1.251E+009  2.867E+008
 9.150E+013  9.245E-009  1.259E+009  2.877E+008
 9.170E+013  9.396E-009  1.267E+009  2.887E+008
 9.190E+013  9.550E-009  1.275E+009  2.897E+008
 9.210E+013  9.707E-009  1.283E+009  2.907E+008
 9.230E+013  9.867E-009  1.291E+009  2.916E+008
 9.250E+013  1.003E-008  1.299E+009  2.927E+008
 9.270E+013  1.020E-008  1.308E+009  2.937E+008
 9.290E+013  1.037E-008  1.317E+009  2.947E+008
 9.310E+013  1.054E-008  1.326E+009  2.957E+008
 9.330E+013  1.072E-008  1.335E+009  2.967E+008
 9.350E+013  1.090E-008  1.344E+009  2.977E+008
 9.370E+013  1.108E-008  1.353E+009  2.988E+008
 9.390E+013  1.127E-008  1.363E+009  2.998E+008
 9.410E+013  1.146E-008  1.373E+009  3.009E+008
 9.430E+013  1.166E-008  1.383E+009  3.019E+008
 9.450E+013  1.186E-008  1.393E+009  3.030E+008
 9.470E+013  1.206E-008  1.404E+009  3.040E+008
 9.490E+013  1.227E-008  1.415E+009  3.051E+008
 9.510E+013  1.249E-008  1.426E+009  3.062E+008
 9.530E+013  1.271E-008  1.437E+009  3.073E+008
 9.550E+013  1.293E-008  1.448E+009  3.084E+008
 9.570E+013  1.316E-008  1.460E+009  3.094E+008
 9.590E+013  1.339E-008  1.472E+009  3.106E+008
 9.610E+013  1.363E-008  1.484E+009  3.117E+008
 9.630E+013  1.388E-008  1.497E+009  3.128E+008
 9.650E+013  1.412E-008  1.509E+009  3.139E+008
 9.670E+013  1.438E-008  1.522E+009  3.150E+008
 9.690E+013  1.464E-008  1.536E+009  3.161E+008
 9.710E+013  1.491E-008  1.549E+009  3.173E+008
 9.730E+013  1.518E-008  1.563E+009  3.184E+008
 9.750E+013  1.546E-008  1.577E+009  3.196E+008
 9.770E+013  1.575E-008  1.592E+009  3.207E+008
 9.790E+013  1.604E-008  1.607E+009  3.219E+008
 9.810E+013  1.634E-008  1.622E+009  3.231E+008
 9.830E+013  1.665E-008  1.637E+009  3.242E+008
 9.850E+013  1.697E-008  1.653E+009  3.254E+008
 9.870E+013  1.729E-008  1.670E+009  3.266E+008
 9.890E+013  1.762E-008  1.686E+009  3.278E+008
 9.910E+013  1.796E-008  1.702E+009  3.290E+008
 9.930E+013  1.828E-008  1.717E+009  3.304E+008
 9.950E+013  1.865E-008  1.736E+009  3.320E+008
 9.970E+013  1.908E-008  1.768E+009  3.323E+008
 9.990E+013  1.980E-008  1.815E+009  3.310E+008
 1.001E+014  1.000E-099  1.000E-099  3.310E+008
 1.003E+014  1.000E-099  1.000E-099  3.310E+008
 2.664E-003
