 1.200E+004
     x1b        dens       energ       v1
 1.000E+011  4.404E-012  8.992E+009  0.000E+000
 3.000E+011  4.408E-012  8.992E+009  3.137E+006
 5.000E+011  4.421E-012  8.992E+009  8.393E+006
 7.000E+011  4.448E-012  8.992E+009  1.190E+007
 9.000E+011  4.491E-012  8.992E+009  1.617E+007
 1.100E+012  4.549E-012  8.992E+009  2.007E+007
 1.300E+012  4.621E-012  8.992E+009  2.416E+007
 1.500E+012  4.703E-012  8.992E+009  2.815E+007
 1.700E+012  4.792E-012  8.992E+009  3.219E+007
 1.900E+012  4.885E-012  8.992E+009  3.620E+007
 2.100E+012  4.980E-012  8.992E+009  4.023E+007
 2.300E+012  5.075E-012  8.992E+009  4.425E+007
 2.500E+012  5.168E-012  8.992E+009  4.827E+007
 2.700E+012  5.255E-012  8.992E+009  5.230E+007
 2.900E+012  5.329E-012  8.992E+009  5.632E+007
 3.100E+012  5.381E-012  8.992E+009  6.034E+007
 3.300E+012  5.406E-012  8.992E+009  6.436E+007
 3.500E+012  5.411E-012  8.992E+009  6.838E+007
 3.700E+012  5.411E-012  8.992E+009  7.241E+007
 3.900E+012  5.411E-012  8.992E+009  7.643E+007
 4.100E+012  5.410E-012  8.992E+009  8.045E+007
 4.300E+012  5.409E-012  8.992E+009  8.447E+007
 4.500E+012  5.406E-012  8.992E+009  8.850E+007
 4.700E+012  5.401E-012  8.992E+009  9.252E+007
 4.900E+012  5.395E-012  8.992E+009  9.654E+007
 5.100E+012  5.388E-012  8.992E+009  1.006E+008
 5.300E+012  5.383E-012  8.992E+009  1.046E+008
 5.500E+012  5.381E-012  8.992E+009  1.086E+008
 5.700E+012  5.381E-012  8.992E+009  1.126E+008
 5.900E+012  5.382E-012  8.992E+009  1.167E+008
 6.100E+012  5.383E-012  8.992E+009  1.207E+008
 6.300E+012  5.385E-012  8.992E+009  1.247E+008
 6.500E+012  5.390E-012  8.992E+009  1.287E+008
 6.700E+012  5.397E-012  8.992E+009  1.327E+008
 6.900E+012  5.409E-012  8.992E+009  1.368E+008
 7.100E+012  5.425E-012  8.992E+009  1.408E+008
 7.300E+012  5.447E-012  8.992E+009  1.448E+008
 7.500E+012  5.477E-012  8.992E+009  1.488E+008
 7.700E+012  5.514E-012  8.992E+009  1.529E+008
 7.900E+012  5.562E-012  8.992E+009  1.569E+008
 8.100E+012  5.621E-012  8.992E+009  1.609E+008
 8.300E+012  5.693E-012  8.992E+009  1.649E+008
 8.500E+012  5.779E-012  8.992E+009  1.690E+008
 8.700E+012  5.882E-012  8.992E+009  1.730E+008
 8.900E+012  6.004E-012  8.992E+009  1.770E+008
 9.100E+012  6.146E-012  8.992E+009  1.810E+008
 9.300E+012  6.313E-012  8.992E+009  1.851E+008
 9.500E+012  6.506E-012  8.992E+009  1.891E+008
 9.700E+012  6.730E-012  8.992E+009  1.931E+008
 9.900E+012  6.987E-012  8.992E+009  1.971E+008
 1.010E+013  7.284E-012  8.992E+009  2.012E+008
 1.030E+013  7.623E-012  8.992E+009  2.052E+008
 1.050E+013  8.013E-012  8.992E+009  2.092E+008
 1.070E+013  8.458E-012  8.992E+009  2.133E+008
 1.090E+013  8.966E-012  8.992E+009  2.173E+008
 1.110E+013  9.546E-012  8.993E+009  2.214E+008
 1.130E+013  1.021E-011  8.993E+009  2.254E+008
 1.150E+013  1.096E-011  8.993E+009  2.295E+008
 1.170E+013  1.181E-011  8.993E+009  2.335E+008
 1.190E+013  1.277E-011  8.993E+009  2.375E+008
 1.210E+013  1.387E-011  8.993E+009  2.416E+008
 1.230E+013  1.510E-011  8.993E+009  2.456E+008
 1.250E+013  1.648E-011  8.993E+009  2.497E+008
 1.270E+013  1.803E-011  8.993E+009  2.537E+008
 1.290E+013  1.975E-011  8.993E+009  2.578E+008
 1.310E+013  2.166E-011  8.993E+009  2.618E+008
 1.330E+013  2.377E-011  8.993E+009  2.658E+008
 1.350E+013  2.608E-011  8.993E+009  2.699E+008
 1.370E+013  2.859E-011  8.994E+009  2.739E+008
 1.390E+013  3.130E-011  8.994E+009  2.779E+008
 1.410E+013  3.420E-011  8.994E+009  2.819E+008
 1.430E+013  3.729E-011  8.994E+009  2.859E+008
 1.450E+013  4.054E-011  8.994E+009  2.900E+008
 1.470E+013  4.395E-011  8.995E+009  2.940E+008
 1.490E+013  4.750E-011  8.995E+009  2.980E+008
 1.510E+013  5.116E-011  8.995E+009  3.020E+008
 1.530E+013  5.493E-011  8.995E+009  3.060E+008
 1.550E+013  5.878E-011  8.996E+009  3.100E+008
 1.570E+013  6.271E-011  8.996E+009  3.140E+008
 1.590E+013  6.672E-011  8.996E+009  3.180E+008
 1.610E+013  7.078E-011  8.997E+009  3.220E+008
 1.630E+013  7.491E-011  8.997E+009  3.260E+008
 1.650E+013  7.911E-011  8.998E+009  3.301E+008
 1.670E+013  8.338E-011  8.998E+009  3.341E+008
 1.690E+013  8.774E-011  8.999E+009  3.381E+008
 1.710E+013  9.218E-011  8.999E+009  3.421E+008
 1.730E+013  9.674E-011  9.000E+009  3.461E+008
 1.750E+013  1.014E-010  9.001E+009  3.502E+008
 1.770E+013  1.062E-010  9.001E+009  3.542E+008
 1.790E+013  1.112E-010  9.002E+009  3.582E+008
 1.810E+013  1.164E-010  9.003E+009  3.623E+008
 1.830E+013  1.217E-010  9.004E+009  3.663E+008
 1.850E+013  1.273E-010  9.005E+009  3.703E+008
 1.870E+013  1.331E-010  9.006E+009  3.744E+008
 1.890E+013  1.392E-010  9.007E+009  3.784E+008
 1.910E+013  1.455E-010  9.008E+009  3.824E+008
 1.930E+013  1.522E-010  9.009E+009  3.865E+008
 1.950E+013  1.592E-010  9.010E+009  3.905E+008
 1.970E+013  1.665E-010  9.011E+009  3.945E+008
 1.990E+013  1.741E-010  9.012E+009  3.986E+008
 2.010E+013  1.821E-010  9.014E+009  4.026E+008
 2.030E+013  1.905E-010  9.015E+009  4.067E+008
 2.050E+013  1.993E-010  9.017E+009  4.107E+008
 2.070E+013  2.085E-010  9.018E+009  4.148E+008
 2.090E+013  2.181E-010  9.020E+009  4.188E+008
 2.110E+013  2.281E-010  9.022E+009  4.229E+008
 2.130E+013  2.385E-010  9.024E+009  4.269E+008
 2.150E+013  2.493E-010  9.026E+009  4.310E+008
 2.170E+013  2.605E-010  9.028E+009  4.350E+008
 2.190E+013  2.720E-010  9.030E+009  4.391E+008
 2.210E+013  2.840E-010  9.032E+009  4.431E+008
 2.230E+013  2.964E-010  9.035E+009  4.472E+008
 2.250E+013  3.091E-010  9.037E+009  4.512E+008
 2.270E+013  3.222E-010  9.040E+009  4.553E+008
 2.290E+013  3.356E-010  9.043E+009  4.594E+008
 2.310E+013  3.495E-010  9.046E+009  4.634E+008
 2.330E+013  3.637E-010  9.049E+009  4.675E+008
 2.350E+013  3.783E-010  9.052E+009  4.716E+008
 2.370E+013  3.933E-010  9.056E+009  4.756E+008
 2.390E+013  4.087E-010  9.059E+009  4.797E+008
 2.410E+013  4.245E-010  9.063E+009  4.838E+008
 2.430E+013  4.408E-010  9.067E+009  4.879E+008
 2.450E+013  4.576E-010  9.072E+009  4.920E+008
 2.470E+013  4.749E-010  9.076E+009  4.961E+008
 2.490E+013  4.928E-010  9.080E+009  5.002E+008
 2.510E+013  5.112E-010  9.085E+009  5.043E+008
 2.530E+013  5.303E-010  9.090E+009  5.084E+008
 2.550E+013  5.500E-010  9.096E+009  5.125E+008
 2.570E+013  5.704E-010  9.101E+009  5.166E+008
 2.590E+013  5.915E-010  9.107E+009  5.207E+008
 2.610E+013  6.134E-010  9.113E+009  5.249E+008
 2.630E+013  6.361E-010  9.119E+009  5.290E+008
 2.650E+013  6.595E-010  9.126E+009  5.331E+008
 2.670E+013  6.838E-010  9.132E+009  5.373E+008
 2.690E+013  7.090E-010  9.140E+009  5.414E+008
 2.710E+013  7.350E-010  9.147E+009  5.456E+008
 2.730E+013  7.619E-010  9.155E+009  5.497E+008
 2.750E+013  7.898E-010  9.163E+009  5.539E+008
 2.770E+013  8.185E-010  9.172E+009  5.581E+008
 2.790E+013  8.482E-010  9.181E+009  5.623E+008
 2.810E+013  8.788E-010  9.190E+009  5.665E+008
 2.830E+013  9.104E-010  9.200E+009  5.707E+008
 2.850E+013  9.430E-010  9.210E+009  5.749E+008
 2.870E+013  9.765E-010  9.220E+009  5.791E+008
 2.890E+013  1.011E-009  9.231E+009  5.833E+008
 2.910E+013  1.047E-009  9.243E+009  5.876E+008
 2.930E+013  1.083E-009  9.255E+009  5.918E+008
 2.950E+013  1.121E-009  9.267E+009  5.961E+008
 2.970E+013  1.160E-009  9.280E+009  6.003E+008
 2.990E+013  1.200E-009  9.294E+009  6.046E+008
 3.010E+013  1.241E-009  9.308E+009  6.089E+008
 3.030E+013  1.283E-009  9.323E+009  6.132E+008
 3.050E+013  1.326E-009  9.338E+009  6.175E+008
 3.070E+013  1.371E-009  9.354E+009  6.218E+008
 3.090E+013  1.417E-009  9.371E+009  6.262E+008
 3.110E+013  1.464E-009  9.388E+009  6.305E+008
 3.130E+013  1.513E-009  9.407E+009  6.349E+008
 3.150E+013  1.563E-009  9.425E+009  6.393E+008
 3.170E+013  1.615E-009  9.445E+009  6.437E+008
 3.190E+013  1.667E-009  9.465E+009  6.481E+008
 3.210E+013  1.722E-009  9.487E+009  6.526E+008
 3.230E+013  1.778E-009  9.509E+009  6.570E+008
 3.250E+013  1.836E-009  9.531E+009  6.615E+008
 3.270E+013  1.895E-009  9.555E+009  6.660E+008
 3.290E+013  1.956E-009  9.580E+009  6.705E+008
 3.310E+013  2.018E-009  9.606E+009  6.750E+008
 3.330E+013  2.082E-009  9.633E+009  6.796E+008
 3.350E+013  2.149E-009  9.661E+009  6.842E+008
 3.370E+013  2.217E-009  9.689E+009  6.888E+008
 3.390E+013  2.286E-009  9.720E+009  6.934E+008
 3.410E+013  2.358E-009  9.751E+009  6.980E+008
 3.430E+013  2.432E-009  9.783E+009  7.027E+008
 3.450E+013  2.508E-009  9.817E+009  7.074E+008
 3.470E+013  2.587E-009  9.852E+009  7.121E+008
 3.490E+013  2.667E-009  9.888E+009  7.169E+008
 3.510E+013  2.751E-009  9.926E+009  7.217E+008
 3.530E+013  2.836E-009  9.966E+009  7.265E+008
 3.550E+013  2.925E-009  1.001E+010  7.313E+008
 3.570E+013  3.016E-009  1.005E+010  7.362E+008
 3.590E+013  3.110E-009  1.009E+010  7.411E+008
 3.610E+013  3.207E-009  1.014E+010  7.460E+008
 3.630E+013  3.307E-009  1.019E+010  7.510E+008
 3.650E+013  3.410E-009  1.024E+010  7.560E+008
 3.670E+013  3.517E-009  1.029E+010  7.611E+008
 3.690E+013  3.627E-009  1.034E+010  7.662E+008
 3.710E+013  3.741E-009  1.040E+010  7.713E+008
 3.730E+013  3.858E-009  1.045E+010  7.764E+008
 3.750E+013  3.980E-009  1.051E+010  7.817E+008
 3.770E+013  4.106E-009  1.058E+010  7.869E+008
 3.790E+013  4.236E-009  1.064E+010  7.922E+008
 3.810E+013  4.370E-009  1.071E+010  7.975E+008
 3.830E+013  4.509E-009  1.078E+010  8.029E+008
 3.850E+013  4.653E-009  1.085E+010  8.084E+008
 3.870E+013  4.802E-009  1.093E+010  8.138E+008
 3.890E+013  4.955E-009  1.100E+010  8.194E+008
 3.910E+013  5.115E-009  1.109E+010  8.250E+008
 3.930E+013  5.280E-009  1.117E+010  8.306E+008
 3.950E+013  5.450E-009  1.126E+010  8.363E+008
 3.970E+013  5.627E-009  1.135E+010  8.421E+008
 3.990E+013  5.810E-009  1.145E+010  8.479E+008
 4.010E+013  6.000E-009  1.155E+010  8.537E+008
 4.030E+013  6.197E-009  1.165E+010  8.597E+008
 4.050E+013  6.401E-009  1.176E+010  8.657E+008
 4.070E+013  6.613E-009  1.187E+010  8.717E+008
 4.090E+013  6.833E-009  1.199E+010  8.778E+008
 4.110E+013  7.061E-009  1.211E+010  8.840E+008
 4.130E+013  7.298E-009  1.224E+010  8.903E+008
 4.150E+013  7.544E-009  1.237E+010  8.966E+008
 4.170E+013  7.800E-009  1.251E+010  9.030E+008
 4.190E+013  8.066E-009  1.266E+010  9.095E+008
 4.210E+013  8.343E-009  1.281E+010  9.161E+008
 4.230E+013  8.631E-009  1.297E+010  9.227E+008
 4.250E+013  8.932E-009  1.313E+010  9.294E+008
 4.270E+013  9.245E-009  1.330E+010  9.362E+008
 4.290E+013  9.571E-009  1.348E+010  9.430E+008
 4.310E+013  9.912E-009  1.367E+010  9.500E+008
 4.330E+013  1.027E-008  1.386E+010  9.570E+008
 4.350E+013  1.064E-008  1.406E+010  9.641E+008
 4.370E+013  1.103E-008  1.428E+010  9.714E+008
 4.390E+013  1.143E-008  1.450E+010  9.786E+008
 4.410E+013  1.186E-008  1.473E+010  9.860E+008
 4.430E+013  1.230E-008  1.497E+010  9.935E+008
 4.450E+013  1.277E-008  1.523E+010  1.001E+009
 4.470E+013  1.326E-008  1.549E+010  1.009E+009
 4.490E+013  1.377E-008  1.577E+010  1.016E+009
 4.510E+013  1.431E-008  1.607E+010  1.024E+009
 4.530E+013  1.487E-008  1.637E+010  1.032E+009
 4.550E+013  1.547E-008  1.669E+010  1.040E+009
 4.570E+013  1.609E-008  1.703E+010  1.048E+009
 4.590E+013  1.675E-008  1.738E+010  1.057E+009
 4.610E+013  1.744E-008  1.775E+010  1.065E+009
 4.630E+013  1.817E-008  1.814E+010  1.073E+009
 4.650E+013  1.894E-008  1.855E+010  1.082E+009
 4.670E+013  1.975E-008  1.897E+010  1.090E+009
 4.690E+013  2.060E-008  1.942E+010  1.099E+009
 4.710E+013  2.150E-008  1.990E+010  1.108E+009
 4.730E+013  2.246E-008  2.039E+010  1.117E+009
 4.750E+013  2.347E-008  2.092E+010  1.126E+009
 4.770E+013  2.454E-008  2.147E+010  1.135E+009
 4.790E+013  2.568E-008  2.205E+010  1.144E+009
 4.810E+013  2.688E-008  2.266E+010  1.153E+009
 4.830E+013  2.815E-008  2.330E+010  1.163E+009
 4.850E+013  2.951E-008  2.399E+010  1.172E+009
 4.870E+013  3.097E-008  2.473E+010  1.182E+009
 4.890E+013  3.247E-008  2.544E+010  1.192E+009
 4.910E+013  3.402E-008  2.616E+010  1.199E+009
 4.930E+013  3.607E-008  2.746E+010  1.211E+009
 4.950E+013  3.783E-008  2.850E+010  1.232E+009
 4.970E+013  3.748E-008  2.679E+010  1.229E+009
 4.990E+013  3.093E-008  1.769E+010  1.151E+009
 5.010E+013  1.864E-008  5.114E+009  9.010E+008
 5.030E+013  1.201E-008  4.039E+008  4.734E+008
 5.050E+013  1.019E-008  1.531E+006  9.592E+007
 5.070E+013  1.000E-008  6.725E+001  1.960E+006
 5.090E+013  1.000E-008  6.236E+001  3.496E+002
 5.110E+013  1.000E-008  6.236E+001  4.740E-006
 5.130E+013  1.000E-008  6.236E+001 -4.264E-014
 5.150E+013  1.000E-008  6.236E+001  0.000E+000
 5.170E+013  1.000E-008  6.236E+001  0.000E+000
 5.190E+013  1.000E-008  6.236E+001  0.000E+000
 5.210E+013  1.000E-008  6.236E+001 -1.610E-160
 5.230E+013  1.000E-008  6.236E+001 -1.420E-076
 5.250E+013  1.000E-008  6.236E+001 -9.101E-035
 5.270E+013  1.000E-008  6.236E+001 -4.264E-014
 5.290E+013  1.000E-008  6.236E+001  4.264E-014
 5.310E+013  1.000E-008  6.236E+001  9.088E-035
 5.330E+013  1.000E-008  6.236E+001  1.415E-076
 5.350E+013  1.000E-008  6.236E+001  8.528E-014
 5.370E+013  1.000E-008  6.236E+001 -8.528E-014
 5.390E+013  1.000E-008  6.236E+001  1.199E-035
 5.410E+013  1.000E-008  6.236E+001  4.264E-014
 5.430E+013  1.000E-008  6.236E+001  4.264E-014
 5.450E+013  1.000E-008  6.236E+001  4.264E-014
 5.470E+013  1.000E-008  6.236E+001 -1.279E-013
 5.490E+013  1.000E-008  6.236E+001 -9.101E-035
 5.510E+013  1.000E-008  6.236E+001 -4.264E-014
 5.530E+013  1.000E-008  6.236E+001  8.528E-014
 5.550E+013  1.000E-008  6.236E+001 -1.706E-013
 5.570E+013  1.000E-008  6.236E+001  8.528E-014
 5.590E+013  1.000E-008  6.236E+001  4.264E-014
 5.610E+013  1.000E-008  6.236E+001 -4.264E-014
 5.630E+013  1.000E-008  6.236E+001  4.264E-014
 5.650E+013  1.000E-008  6.236E+001 -2.558E-013
 5.670E+013  1.000E-008  6.236E+001  2.558E-013
 5.690E+013  1.000E-008  6.236E+001  2.558E-013
 5.710E+013  1.000E-008  6.236E+001 -2.558E-013
 5.730E+013  1.000E-008  6.236E+001  2.985E-013
 5.750E+013  1.000E-008  6.236E+001 -6.396E-013
 5.770E+013  1.000E-008  6.236E+001 -4.264E-014
 5.790E+013  1.000E-008  6.236E+001  3.838E-013
 5.810E+013  1.000E-008  6.236E+001  2.046E-012
 5.830E+013  1.000E-008  6.236E+001 -2.046E-012
 5.850E+013  1.000E-008  6.236E+001  0.000E+000
 5.870E+013  1.000E-008  6.236E+001  0.000E+000
 5.890E+013  1.000E-008  6.236E+001  0.000E+000
 5.910E+013  1.000E-008  6.236E+001  0.000E+000
 5.930E+013  1.000E-008  6.236E+001  0.000E+000
 5.950E+013  1.000E-008  6.236E+001  0.000E+000
 5.970E+013  1.000E-008  6.236E+001  0.000E+000
 5.990E+013  1.000E-008  6.236E+001  0.000E+000
 6.010E+013  1.000E-008  6.236E+001  0.000E+000
 6.030E+013  1.000E-008  6.236E+001  4.264E-014
 6.050E+013  1.000E-008  6.236E+001 -4.264E-014
 6.070E+013  1.000E-008  6.236E+001  4.264E-014
 6.090E+013  1.000E-008  6.236E+001 -4.264E-014
 6.110E+013  1.000E-008  6.236E+001  0.000E+000
 6.130E+013  1.000E-008  6.236E+001  0.000E+000
 6.150E+013  1.000E-008  6.236E+001  0.000E+000
 6.170E+013  1.000E-008  6.236E+001  4.264E-014
 6.190E+013  1.000E-008  6.236E+001 -4.264E-014
 6.210E+013  1.000E-008  6.236E+001  0.000E+000
 6.230E+013  1.000E-008  6.236E+001  0.000E+000
 6.250E+013  1.000E-008  6.236E+001  0.000E+000
 6.270E+013  1.000E-008  6.236E+001  0.000E+000
 6.290E+013  1.000E-008  6.236E+001  0.000E+000
 6.310E+013  1.000E-008  6.236E+001  0.000E+000
 6.330E+013  1.000E-008  6.236E+001  0.000E+000
 6.350E+013  1.000E-008  6.236E+001  4.264E-014
 6.370E+013  1.000E-008  6.236E+001 -4.264E-014
 6.390E+013  1.000E-008  6.236E+001  0.000E+000
 6.410E+013  1.000E-008  6.236E+001  0.000E+000
 6.430E+013  1.000E-008  6.236E+001  0.000E+000
 6.450E+013  1.000E-008  6.236E+001  0.000E+000
 6.470E+013  1.000E-008  6.236E+001  4.264E-014
 6.490E+013  1.000E-008  6.236E+001 -4.264E-014
 6.510E+013  1.000E-008  6.236E+001  0.000E+000
 6.530E+013  1.000E-008  6.236E+001  0.000E+000
 6.550E+013  1.000E-008  6.236E+001  0.000E+000
 6.570E+013  1.000E-008  6.236E+001  0.000E+000
 6.590E+013  1.000E-008  6.236E+001  4.264E-014
 6.610E+013  1.000E-008  6.236E+001 -4.264E-014
 6.630E+013  1.000E-008  6.236E+001  0.000E+000
 6.650E+013  1.000E-008  6.236E+001  0.000E+000
 6.670E+013  1.000E-008  6.236E+001  0.000E+000
 6.690E+013  1.000E-008  6.236E+001  4.264E-014
 6.710E+013  1.000E-008  6.236E+001 -4.264E-014
 6.730E+013  1.000E-008  6.236E+001  0.000E+000
 6.750E+013  1.000E-008  6.236E+001  0.000E+000
 6.770E+013  1.000E-008  6.236E+001  4.264E-014
 6.790E+013  1.000E-008  6.236E+001 -4.264E-014
 6.810E+013  1.000E-008  6.236E+001  4.264E-014
 6.830E+013  1.000E-008  6.236E+001 -1.067E-037
 6.850E+013  1.000E-008  6.236E+001 -4.264E-014
 6.870E+013  1.000E-008  6.236E+001  0.000E+000
 6.890E+013  1.000E-008  6.236E+001  0.000E+000
 6.910E+013  1.000E-008  6.236E+001  0.000E+000
 6.930E+013  1.000E-008  6.236E+001  4.264E-014
 6.950E+013  1.000E-008  6.236E+001 -4.264E-014
 6.970E+013  1.000E-008  6.236E+001  0.000E+000
 6.990E+013  1.000E-008  6.236E+001  0.000E+000
 7.010E+013  1.000E-008  6.236E+001  0.000E+000
 7.030E+013  1.000E-008  6.236E+001  0.000E+000
 7.050E+013  1.000E-008  6.236E+001  0.000E+000
 7.070E+013  1.000E-008  6.236E+001  0.000E+000
 7.090E+013  1.000E-008  6.236E+001  0.000E+000
 7.110E+013  1.000E-008  6.236E+001  0.000E+000
 7.130E+013  1.000E-008  6.236E+001  0.000E+000
 7.150E+013  1.000E-008  6.236E+001  0.000E+000
 7.170E+013  1.000E-008  6.236E+001  0.000E+000
 7.190E+013  1.000E-008  6.236E+001  4.264E-014
 7.210E+013  1.000E-008  6.236E+001 -4.264E-014
 7.230E+013  1.000E-008  6.236E+001  0.000E+000
 7.250E+013  1.000E-008  6.236E+001  0.000E+000
 7.270E+013  1.000E-008  6.236E+001  8.528E-014
 7.290E+013  1.000E-008  6.236E+001 -3.998E-037
 7.310E+013  1.000E-008  6.236E+001 -8.528E-014
 7.330E+013  1.000E-008  6.236E+001 -9.099E-035
 7.350E+013  1.000E-008  6.236E+001 -4.264E-014
 7.370E+013  1.000E-008  6.236E+001  4.264E-014
 7.390E+013  1.000E-008  6.236E+001  9.090E-035
 7.410E+013  1.000E-008  6.236E+001  1.416E-076
 7.430E+013  1.000E-008  6.236E+001  1.602E-160
 7.450E+013  1.000E-008  6.236E+001  0.000E+000
 7.470E+013  1.000E-008  6.236E+001  0.000E+000
 7.490E+013  1.000E-008  6.236E+001  0.000E+000
 7.510E+013  1.000E-008  6.236E+001  0.000E+000
 7.530E+013  1.000E-008  6.236E+001  0.000E+000
 7.550E+013  1.000E-008  6.236E+001  0.000E+000
 7.570E+013  1.000E-008  6.236E+001  0.000E+000
 7.590E+013  1.000E-008  6.236E+001  0.000E+000
 7.610E+013  1.000E-008  6.236E+001  0.000E+000
 7.630E+013  1.000E-008  6.236E+001  0.000E+000
 7.650E+013  1.000E-008  6.236E+001  0.000E+000
 7.670E+013  1.000E-008  6.236E+001  8.528E-014
 7.690E+013  1.000E-008  6.236E+001 -8.528E-014
 7.710E+013  1.000E-008  6.236E+001  1.279E-013
 7.730E+013  1.000E-008  6.236E+001 -1.279E-013
 7.750E+013  1.000E-008  6.236E+001  2.154E-035
 7.770E+013  1.000E-008  6.236E+001  8.528E-014
 7.790E+013  1.000E-008  6.236E+001 -2.558E-013
 7.810E+013  1.000E-008  6.236E+001  2.558E-013
 7.830E+013  1.000E-008  6.236E+001 -8.528E-014
 7.850E+013  1.000E-008  6.236E+001 -1.000E-076
 7.870E+013  1.000E-008  6.236E+001 -7.640E-035
 7.890E+013  1.000E-008  6.236E+001 -4.264E-014
 7.910E+013  1.000E-008  6.236E+001 -2.132E-013
 7.930E+013  1.000E-008  6.236E+001  1.279E-013
 7.950E+013  1.000E-008  6.236E+001  1.279E-013
 7.970E+013  1.000E-008  6.236E+001 -1.706E-013
 7.990E+013  1.000E-008  6.236E+001  1.706E-013
 8.010E+013  1.000E-008  6.236E+001  1.454E-033
 8.030E+013  1.000E-008  6.236E+001  3.625E-074
 8.050E+013  1.000E-008  6.236E+001  1.050E-155
 8.070E+013  1.000E-008  6.236E+001 -4.561E-312
 8.090E+013  1.000E-008  6.236E+001 -3.448E-152
 8.110E+013  1.000E-008  6.236E+001 -2.077E-072
 8.130E+013  1.000E-008  6.236E+001 -1.101E-032
 8.150E+013  1.000E-008  6.236E+001 -4.690E-013
 8.170E+013  1.000E-008  6.236E+001  5.970E-013
 8.190E+013  1.000E-008  6.236E+001 -1.279E-013
 8.210E+013  1.000E-008  6.236E+001  0.000E+000
 8.230E+013  1.000E-008  6.236E+001  0.000E+000
 8.250E+013  1.000E-008  6.236E+001  0.000E+000
 8.270E+013  1.000E-008  6.236E+001  0.000E+000
 8.290E+013  1.000E-008  6.236E+001  1.706E-013
 8.310E+013  1.000E-008  6.236E+001 -1.706E-013
 8.330E+013  1.000E-008  6.236E+001 -8.836E-035
 8.350E+013  1.000E-008  6.236E+001  2.558E-013
 8.370E+013  1.000E-008  6.236E+001 -2.132E-013
 8.390E+013  1.000E-008  6.236E+001 -9.099E-035
 8.410E+013  1.000E-008  6.236E+001 -4.264E-014
 8.430E+013  1.000E-008  6.236E+001  4.264E-014
 8.450E+013  1.000E-008  6.236E+001 -8.620E-038
 8.470E+013  1.000E-008  6.236E+001 -4.264E-014
 8.490E+013  1.000E-008  6.236E+001 -4.290E-038
 8.510E+013  1.000E-008  6.236E+001  4.264E-014
 8.530E+013  1.000E-008  6.236E+001 -8.539E-038
 8.550E+013  1.000E-008  6.236E+001 -4.264E-014
 8.570E+013  1.000E-008  6.236E+001 -4.250E-038
 8.590E+013  1.000E-008  6.236E+001  4.264E-014
 8.610E+013  1.000E-008  6.236E+001 -4.264E-014
 8.630E+013  1.000E-008  6.236E+001  0.000E+000
 8.650E+013  1.000E-008  6.236E+001  0.000E+000
 8.670E+013  1.000E-008  6.236E+001  0.000E+000
 8.690E+013  1.000E-008  6.236E+001  0.000E+000
 8.710E+013  1.000E-008  6.236E+001  0.000E+000
 8.730E+013  1.000E-008  6.236E+001  0.000E+000
 8.750E+013  1.000E-008  6.236E+001  4.264E-014
 8.770E+013  1.000E-008  6.236E+001 -4.264E-014
 8.790E+013  1.000E-008  6.236E+001 -4.143E-038
 8.810E+013  1.000E-008  6.236E+001  4.264E-014
 8.830E+013  1.000E-008  6.236E+001 -4.264E-014
 8.850E+013  1.000E-008  6.236E+001  4.264E-014
 8.870E+013  1.000E-008  6.236E+001  4.264E-014
 8.890E+013  1.000E-008  6.236E+001 -8.528E-014
 8.910E+013  1.000E-008  6.236E+001  0.000E+000
 8.930E+013  1.000E-008  6.236E+001  0.000E+000
 8.950E+013  1.000E-008  6.236E+001  0.000E+000
 8.970E+013  1.000E-008  6.236E+001  0.000E+000
 8.990E+013  1.000E-008  6.236E+001  0.000E+000
 9.010E+013  1.000E-008  6.236E+001  4.264E-014
 9.030E+013  1.000E-008  6.236E+001 -8.066E-038
 9.050E+013  1.000E-008  6.236E+001 -4.264E-014
 9.070E+013  1.000E-008  6.236E+001  4.264E-014
 9.090E+013  1.000E-008  6.236E+001 -8.013E-038
 9.110E+013  1.000E-008  6.236E+001 -4.264E-014
 9.130E+013  1.000E-008  6.236E+001  0.000E+000
 9.150E+013  1.000E-008  6.236E+001  0.000E+000
 9.170E+013  1.000E-008  6.236E+001  0.000E+000
 9.190E+013  1.000E-008  6.236E+001  0.000E+000
 9.210E+013  1.000E-008  6.236E+001  0.000E+000
 9.230E+013  1.000E-008  6.236E+001  4.264E-014
 9.250E+013  1.000E-008  6.236E+001 -7.874E-038
 9.270E+013  1.000E-008  6.236E+001 -4.264E-014
 9.290E+013  1.000E-008  6.236E+001  0.000E+000
 9.310E+013  1.000E-008  6.236E+001  0.000E+000
 9.330E+013  1.000E-008  6.236E+001  0.000E+000
 9.350E+013  1.000E-008  6.236E+001  0.000E+000
 9.370E+013  1.000E-008  6.236E+001  4.264E-014
 9.390E+013  1.000E-008  6.236E+001 -4.264E-014
 9.410E+013  1.000E-008  6.236E+001  4.264E-014
 9.430E+013  1.000E-008  6.236E+001 -4.264E-014
 9.450E+013  1.000E-008  6.236E+001  0.000E+000
 9.470E+013  1.000E-008  6.236E+001  0.000E+000
 9.490E+013  1.000E-008  6.236E+001  0.000E+000
 9.510E+013  1.000E-008  6.236E+001  0.000E+000
 9.530E+013  1.000E-008  6.236E+001  4.264E-014
 9.550E+013  1.000E-008  6.236E+001 -4.264E-014
 9.570E+013  1.000E-008  6.236E+001 -1.419E-076
 9.590E+013  1.000E-008  6.236E+001 -9.098E-035
 9.610E+013  1.000E-008  6.236E+001 -4.264E-014
 9.630E+013  1.000E-008  6.236E+001  4.264E-014
 9.650E+013  1.000E-008  6.236E+001  9.091E-035
 9.670E+013  1.000E-008  6.236E+001  4.264E-014
 9.690E+013  1.000E-008  6.236E+001 -4.264E-014
 9.710E+013  1.000E-008  6.236E+001  0.000E+000
 9.730E+013  1.000E-008  6.236E+001  0.000E+000
 9.750E+013  1.000E-008  6.236E+001  0.000E+000
 9.770E+013  1.000E-008  6.236E+001  0.000E+000
 9.790E+013  1.000E-008  6.236E+001  0.000E+000
 9.810E+013  1.000E-008  6.236E+001  0.000E+000
 9.830E+013  1.000E-008  6.236E+001  0.000E+000
 9.850E+013  1.000E-008  6.236E+001  0.000E+000
 9.870E+013  1.000E-008  6.236E+001  0.000E+000
 9.890E+013  1.000E-008  6.236E+001  0.000E+000
 9.910E+013  1.000E-008  6.236E+001  0.000E+000
 9.930E+013  1.000E-008  6.236E+001  0.000E+000
 9.950E+013  1.000E-008  6.236E+001  4.264E-014
 9.970E+013  1.000E-008  6.236E+001 -4.264E-014
 9.990E+013  1.000E-008  6.236E+001  0.000E+000
 1.001E+014  1.000E-099  1.000E-099  0.000E+000
 1.003E+014  1.000E-099  1.000E-099  0.000E+000
 3.806E-004
