 6.000E+004
     x1b        dens       energ       v1
 1.000E+011  1.371E-012  1.285E+009  0.000E+000
 3.000E+011  1.371E-012  1.285E+009  8.410E+005
 5.000E+011  1.372E-012  1.285E+009  1.600E+006
 7.000E+011  1.375E-012  1.285E+009  2.428E+006
 9.000E+011  1.380E-012  1.285E+009  3.224E+006
 1.100E+012  1.387E-012  1.285E+009  4.037E+006
 1.300E+012  1.396E-012  1.285E+009  4.841E+006
 1.500E+012  1.407E-012  1.285E+009  5.650E+006
 1.700E+012  1.420E-012  1.285E+009  6.456E+006
 1.900E+012  1.436E-012  1.285E+009  7.263E+006
 2.100E+012  1.453E-012  1.285E+009  8.070E+006
 2.300E+012  1.471E-012  1.285E+009  8.877E+006
 2.500E+012  1.490E-012  1.285E+009  9.684E+006
 2.700E+012  1.509E-012  1.285E+009  1.049E+007
 2.900E+012  1.529E-012  1.285E+009  1.130E+007
 3.100E+012  1.549E-012  1.285E+009  1.211E+007
 3.300E+012  1.569E-012  1.285E+009  1.291E+007
 3.500E+012  1.589E-012  1.285E+009  1.372E+007
 3.700E+012  1.609E-012  1.285E+009  1.453E+007
 3.900E+012  1.628E-012  1.285E+009  1.533E+007
 4.100E+012  1.645E-012  1.285E+009  1.614E+007
 4.300E+012  1.660E-012  1.285E+009  1.695E+007
 4.500E+012  1.672E-012  1.285E+009  1.775E+007
 4.700E+012  1.680E-012  1.285E+009  1.856E+007
 4.900E+012  1.683E-012  1.285E+009  1.937E+007
 5.100E+012  1.684E-012  1.285E+009  2.018E+007
 5.300E+012  1.684E-012  1.285E+009  2.098E+007
 5.500E+012  1.684E-012  1.285E+009  2.179E+007
 5.700E+012  1.684E-012  1.285E+009  2.260E+007
 5.900E+012  1.684E-012  1.285E+009  2.340E+007
 6.100E+012  1.683E-012  1.285E+009  2.421E+007
 6.300E+012  1.683E-012  1.285E+009  2.502E+007
 6.500E+012  1.683E-012  1.285E+009  2.582E+007
 6.700E+012  1.682E-012  1.285E+009  2.663E+007
 6.900E+012  1.681E-012  1.285E+009  2.744E+007
 7.100E+012  1.680E-012  1.285E+009  2.825E+007
 7.300E+012  1.678E-012  1.285E+009  2.905E+007
 7.500E+012  1.677E-012  1.285E+009  2.986E+007
 7.700E+012  1.676E-012  1.285E+009  3.067E+007
 7.900E+012  1.675E-012  1.285E+009  3.147E+007
 8.100E+012  1.675E-012  1.285E+009  3.228E+007
 8.300E+012  1.675E-012  1.285E+009  3.309E+007
 8.500E+012  1.675E-012  1.285E+009  3.389E+007
 8.700E+012  1.675E-012  1.285E+009  3.470E+007
 8.900E+012  1.675E-012  1.285E+009  3.551E+007
 9.100E+012  1.676E-012  1.285E+009  3.632E+007
 9.300E+012  1.676E-012  1.285E+009  3.712E+007
 9.500E+012  1.677E-012  1.285E+009  3.793E+007
 9.700E+012  1.678E-012  1.285E+009  3.874E+007
 9.900E+012  1.680E-012  1.285E+009  3.954E+007
 1.010E+013  1.682E-012  1.285E+009  4.035E+007
 1.030E+013  1.685E-012  1.285E+009  4.116E+007
 1.050E+013  1.689E-012  1.285E+009  4.196E+007
 1.070E+013  1.694E-012  1.285E+009  4.277E+007
 1.090E+013  1.699E-012  1.285E+009  4.358E+007
 1.110E+013  1.706E-012  1.285E+009  4.439E+007
 1.130E+013  1.714E-012  1.285E+009  4.519E+007
 1.150E+013  1.723E-012  1.285E+009  4.600E+007
 1.170E+013  1.734E-012  1.285E+009  4.681E+007
 1.190E+013  1.746E-012  1.285E+009  4.761E+007
 1.210E+013  1.760E-012  1.285E+009  4.842E+007
 1.230E+013  1.776E-012  1.285E+009  4.923E+007
 1.250E+013  1.794E-012  1.285E+009  5.004E+007
 1.270E+013  1.815E-012  1.285E+009  5.084E+007
 1.290E+013  1.838E-012  1.285E+009  5.165E+007
 1.310E+013  1.864E-012  1.285E+009  5.246E+007
 1.330E+013  1.893E-012  1.285E+009  5.326E+007
 1.350E+013  1.925E-012  1.285E+009  5.407E+007
 1.370E+013  1.960E-012  1.285E+009  5.488E+007
 1.390E+013  1.999E-012  1.285E+009  5.569E+007
 1.410E+013  2.043E-012  1.285E+009  5.649E+007
 1.430E+013  2.090E-012  1.285E+009  5.730E+007
 1.450E+013  2.143E-012  1.285E+009  5.811E+007
 1.470E+013  2.201E-012  1.285E+009  5.892E+007
 1.490E+013  2.264E-012  1.285E+009  5.973E+007
 1.510E+013  2.334E-012  1.285E+009  6.053E+007
 1.530E+013  2.411E-012  1.285E+009  6.134E+007
 1.550E+013  2.494E-012  1.285E+009  6.215E+007
 1.570E+013  2.586E-012  1.285E+009  6.296E+007
 1.590E+013  2.686E-012  1.285E+009  6.377E+007
 1.610E+013  2.796E-012  1.285E+009  6.458E+007
 1.630E+013  2.916E-012  1.285E+009  6.538E+007
 1.650E+013  3.047E-012  1.285E+009  6.619E+007
 1.670E+013  3.190E-012  1.285E+009  6.700E+007
 1.690E+013  3.346E-012  1.285E+009  6.781E+007
 1.710E+013  3.516E-012  1.285E+009  6.862E+007
 1.730E+013  3.701E-012  1.285E+009  6.943E+007
 1.750E+013  3.903E-012  1.285E+009  7.024E+007
 1.770E+013  4.122E-012  1.285E+009  7.105E+007
 1.790E+013  4.360E-012  1.285E+009  7.186E+007
 1.810E+013  4.617E-012  1.285E+009  7.267E+007
 1.830E+013  4.897E-012  1.285E+009  7.348E+007
 1.850E+013  5.198E-012  1.285E+009  7.428E+007
 1.870E+013  5.524E-012  1.285E+009  7.509E+007
 1.890E+013  5.875E-012  1.285E+009  7.590E+007
 1.910E+013  6.251E-012  1.285E+009  7.671E+007
 1.930E+013  6.655E-012  1.285E+009  7.752E+007
 1.950E+013  7.087E-012  1.285E+009  7.833E+007
 1.970E+013  7.547E-012  1.285E+009  7.913E+007
 1.990E+013  8.037E-012  1.285E+009  7.994E+007
 2.010E+013  8.555E-012  1.285E+009  8.075E+007
 2.030E+013  9.102E-012  1.285E+009  8.156E+007
 2.050E+013  9.678E-012  1.285E+009  8.236E+007
 2.070E+013  1.028E-011  1.285E+009  8.317E+007
 2.090E+013  1.091E-011  1.285E+009  8.397E+007
 2.110E+013  1.157E-011  1.285E+009  8.478E+007
 2.130E+013  1.225E-011  1.285E+009  8.559E+007
 2.150E+013  1.296E-011  1.285E+009  8.639E+007
 2.170E+013  1.368E-011  1.285E+009  8.720E+007
 2.190E+013  1.443E-011  1.285E+009  8.800E+007
 2.210E+013  1.519E-011  1.285E+009  8.881E+007
 2.230E+013  1.597E-011  1.285E+009  8.961E+007
 2.250E+013  1.676E-011  1.285E+009  9.042E+007
 2.270E+013  1.757E-011  1.285E+009  9.122E+007
 2.290E+013  1.839E-011  1.285E+009  9.203E+007
 2.310E+013  1.922E-011  1.285E+009  9.284E+007
 2.330E+013  2.005E-011  1.285E+009  9.364E+007
 2.350E+013  2.090E-011  1.285E+009  9.445E+007
 2.370E+013  2.176E-011  1.285E+009  9.525E+007
 2.390E+013  2.263E-011  1.285E+009  9.606E+007
 2.410E+013  2.350E-011  1.285E+009  9.687E+007
 2.430E+013  2.439E-011  1.285E+009  9.767E+007
 2.450E+013  2.528E-011  1.285E+009  9.848E+007
 2.470E+013  2.619E-011  1.285E+009  9.928E+007
 2.490E+013  2.711E-011  1.285E+009  1.001E+008
 2.510E+013  2.804E-011  1.285E+009  1.009E+008
 2.530E+013  2.898E-011  1.285E+009  1.017E+008
 2.550E+013  2.994E-011  1.285E+009  1.025E+008
 2.570E+013  3.092E-011  1.285E+009  1.033E+008
 2.590E+013  3.192E-011  1.285E+009  1.041E+008
 2.610E+013  3.294E-011  1.285E+009  1.049E+008
 2.630E+013  3.398E-011  1.285E+009  1.057E+008
 2.650E+013  3.504E-011  1.285E+009  1.065E+008
 2.670E+013  3.613E-011  1.285E+009  1.074E+008
 2.690E+013  3.725E-011  1.285E+009  1.082E+008
 2.710E+013  3.839E-011  1.285E+009  1.090E+008
 2.730E+013  3.957E-011  1.285E+009  1.098E+008
 2.750E+013  4.079E-011  1.285E+009  1.106E+008
 2.770E+013  4.203E-011  1.285E+009  1.114E+008
 2.790E+013  4.332E-011  1.286E+009  1.122E+008
 2.810E+013  4.465E-011  1.286E+009  1.130E+008
 2.830E+013  4.601E-011  1.286E+009  1.138E+008
 2.850E+013  4.742E-011  1.286E+009  1.146E+008
 2.870E+013  4.888E-011  1.286E+009  1.154E+008
 2.890E+013  5.038E-011  1.286E+009  1.162E+008
 2.910E+013  5.193E-011  1.286E+009  1.170E+008
 2.930E+013  5.353E-011  1.286E+009  1.179E+008
 2.950E+013  5.518E-011  1.286E+009  1.187E+008
 2.970E+013  5.689E-011  1.286E+009  1.195E+008
 2.990E+013  5.865E-011  1.286E+009  1.203E+008
 3.010E+013  6.046E-011  1.286E+009  1.211E+008
 3.030E+013  6.233E-011  1.286E+009  1.219E+008
 3.050E+013  6.426E-011  1.286E+009  1.227E+008
 3.070E+013  6.624E-011  1.286E+009  1.235E+008
 3.090E+013  6.828E-011  1.286E+009  1.243E+008
 3.110E+013  7.038E-011  1.286E+009  1.251E+008
 3.130E+013  7.253E-011  1.286E+009  1.259E+008
 3.150E+013  7.474E-011  1.286E+009  1.267E+008
 3.170E+013  7.701E-011  1.286E+009  1.275E+008
 3.190E+013  7.933E-011  1.286E+009  1.284E+008
 3.210E+013  8.171E-011  1.286E+009  1.292E+008
 3.230E+013  8.415E-011  1.286E+009  1.300E+008
 3.250E+013  8.664E-011  1.286E+009  1.308E+008
 3.270E+013  8.918E-011  1.286E+009  1.316E+008
 3.290E+013  9.177E-011  1.286E+009  1.324E+008
 3.310E+013  9.442E-011  1.286E+009  1.332E+008
 3.330E+013  9.712E-011  1.286E+009  1.340E+008
 3.350E+013  9.987E-011  1.286E+009  1.348E+008
 3.370E+013  1.027E-010  1.286E+009  1.356E+008
 3.390E+013  1.055E-010  1.287E+009  1.364E+008
 3.410E+013  1.084E-010  1.287E+009  1.372E+008
 3.430E+013  1.114E-010  1.287E+009  1.381E+008
 3.450E+013  1.144E-010  1.287E+009  1.389E+008
 3.470E+013  1.175E-010  1.287E+009  1.397E+008
 3.490E+013  1.206E-010  1.287E+009  1.405E+008
 3.510E+013  1.238E-010  1.287E+009  1.413E+008
 3.530E+013  1.270E-010  1.287E+009  1.421E+008
 3.550E+013  1.303E-010  1.287E+009  1.429E+008
 3.570E+013  1.336E-010  1.287E+009  1.437E+008
 3.590E+013  1.371E-010  1.287E+009  1.445E+008
 3.610E+013  1.405E-010  1.287E+009  1.453E+008
 3.630E+013  1.441E-010  1.287E+009  1.461E+008
 3.650E+013  1.477E-010  1.287E+009  1.470E+008
 3.670E+013  1.514E-010  1.287E+009  1.478E+008
 3.690E+013  1.552E-010  1.288E+009  1.486E+008
 3.710E+013  1.591E-010  1.288E+009  1.494E+008
 3.730E+013  1.630E-010  1.288E+009  1.502E+008
 3.750E+013  1.671E-010  1.288E+009  1.510E+008
 3.770E+013  1.712E-010  1.288E+009  1.518E+008
 3.790E+013  1.754E-010  1.288E+009  1.526E+008
 3.810E+013  1.797E-010  1.288E+009  1.534E+008
 3.830E+013  1.841E-010  1.288E+009  1.543E+008
 3.850E+013  1.887E-010  1.288E+009  1.551E+008
 3.870E+013  1.933E-010  1.288E+009  1.559E+008
 3.890E+013  1.980E-010  1.289E+009  1.567E+008
 3.910E+013  2.029E-010  1.289E+009  1.575E+008
 3.930E+013  2.078E-010  1.289E+009  1.583E+008
 3.950E+013  2.129E-010  1.289E+009  1.591E+008
 3.970E+013  2.181E-010  1.289E+009  1.599E+008
 3.990E+013  2.234E-010  1.289E+009  1.607E+008
 4.010E+013  2.288E-010  1.289E+009  1.616E+008
 4.030E+013  2.343E-010  1.289E+009  1.624E+008
 4.050E+013  2.400E-010  1.290E+009  1.632E+008
 4.070E+013  2.458E-010  1.290E+009  1.640E+008
 4.090E+013  2.517E-010  1.290E+009  1.648E+008
 4.110E+013  2.577E-010  1.290E+009  1.656E+008
 4.130E+013  2.639E-010  1.290E+009  1.664E+008
 4.150E+013  2.702E-010  1.290E+009  1.672E+008
 4.170E+013  2.766E-010  1.291E+009  1.681E+008
 4.190E+013  2.831E-010  1.291E+009  1.689E+008
 4.210E+013  2.897E-010  1.291E+009  1.697E+008
 4.230E+013  2.965E-010  1.291E+009  1.705E+008
 4.250E+013  3.034E-010  1.291E+009  1.713E+008
 4.270E+013  3.105E-010  1.292E+009  1.721E+008
 4.290E+013  3.176E-010  1.292E+009  1.729E+008
 4.310E+013  3.249E-010  1.292E+009  1.738E+008
 4.330E+013  3.324E-010  1.292E+009  1.746E+008
 4.350E+013  3.399E-010  1.292E+009  1.754E+008
 4.370E+013  3.476E-010  1.293E+009  1.762E+008
 4.390E+013  3.555E-010  1.293E+009  1.770E+008
 4.410E+013  3.634E-010  1.293E+009  1.778E+008
 4.430E+013  3.715E-010  1.293E+009  1.787E+008
 4.450E+013  3.798E-010  1.294E+009  1.795E+008
 4.470E+013  3.882E-010  1.294E+009  1.803E+008
 4.490E+013  3.968E-010  1.294E+009  1.811E+008
 4.510E+013  4.055E-010  1.294E+009  1.819E+008
 4.530E+013  4.143E-010  1.295E+009  1.827E+008
 4.550E+013  4.233E-010  1.295E+009  1.836E+008
 4.570E+013  4.325E-010  1.295E+009  1.844E+008
 4.590E+013  4.418E-010  1.296E+009  1.852E+008
 4.610E+013  4.513E-010  1.296E+009  1.860E+008
 4.630E+013  4.609E-010  1.296E+009  1.868E+008
 4.650E+013  4.707E-010  1.297E+009  1.877E+008
 4.670E+013  4.807E-010  1.297E+009  1.885E+008
 4.690E+013  4.908E-010  1.297E+009  1.893E+008
 4.710E+013  5.011E-010  1.298E+009  1.901E+008
 4.730E+013  5.116E-010  1.298E+009  1.910E+008
 4.750E+013  5.223E-010  1.298E+009  1.918E+008
 4.770E+013  5.331E-010  1.299E+009  1.926E+008
 4.790E+013  5.441E-010  1.299E+009  1.934E+008
 4.810E+013  5.553E-010  1.300E+009  1.943E+008
 4.830E+013  5.666E-010  1.300E+009  1.951E+008
 4.850E+013  5.781E-010  1.300E+009  1.959E+008
 4.870E+013  5.899E-010  1.301E+009  1.967E+008
 4.890E+013  6.018E-010  1.301E+009  1.976E+008
 4.910E+013  6.139E-010  1.302E+009  1.984E+008
 4.930E+013  6.261E-010  1.302E+009  1.992E+008
 4.950E+013  6.386E-010  1.303E+009  2.000E+008
 4.970E+013  6.513E-010  1.303E+009  2.009E+008
 4.990E+013  6.641E-010  1.304E+009  2.017E+008
 5.010E+013  6.772E-010  1.304E+009  2.025E+008
 5.030E+013  6.905E-010  1.305E+009  2.034E+008
 5.050E+013  7.039E-010  1.305E+009  2.042E+008
 5.070E+013  7.176E-010  1.306E+009  2.050E+008
 5.090E+013  7.315E-010  1.306E+009  2.059E+008
 5.110E+013  7.456E-010  1.307E+009  2.067E+008
 5.130E+013  7.600E-010  1.308E+009  2.075E+008
 5.150E+013  7.745E-010  1.308E+009  2.084E+008
 5.170E+013  7.893E-010  1.309E+009  2.092E+008
 5.190E+013  8.044E-010  1.309E+009  2.100E+008
 5.210E+013  8.196E-010  1.310E+009  2.109E+008
 5.230E+013  8.351E-010  1.311E+009  2.117E+008
 5.250E+013  8.509E-010  1.311E+009  2.125E+008
 5.270E+013  8.669E-010  1.312E+009  2.134E+008
 5.290E+013  8.832E-010  1.313E+009  2.142E+008
 5.310E+013  8.998E-010  1.314E+009  2.151E+008
 5.330E+013  9.166E-010  1.314E+009  2.159E+008
 5.350E+013  9.337E-010  1.315E+009  2.168E+008
 5.370E+013  9.511E-010  1.316E+009  2.176E+008
 5.390E+013  9.687E-010  1.317E+009  2.184E+008
 5.410E+013  9.867E-010  1.317E+009  2.193E+008
 5.430E+013  1.005E-009  1.318E+009  2.201E+008
 5.450E+013  1.024E-009  1.319E+009  2.210E+008
 5.470E+013  1.042E-009  1.320E+009  2.218E+008
 5.490E+013  1.062E-009  1.321E+009  2.227E+008
 5.510E+013  1.081E-009  1.322E+009  2.235E+008
 5.530E+013  1.101E-009  1.323E+009  2.244E+008
 5.550E+013  1.121E-009  1.324E+009  2.253E+008
 5.570E+013  1.141E-009  1.325E+009  2.261E+008
 5.590E+013  1.162E-009  1.326E+009  2.270E+008
 5.610E+013  1.183E-009  1.327E+009  2.278E+008
 5.630E+013  1.205E-009  1.328E+009  2.287E+008
 5.650E+013  1.227E-009  1.329E+009  2.295E+008
 5.670E+013  1.249E-009  1.330E+009  2.304E+008
 5.690E+013  1.271E-009  1.331E+009  2.313E+008
 5.710E+013  1.294E-009  1.332E+009  2.321E+008
 5.730E+013  1.317E-009  1.333E+009  2.330E+008
 5.750E+013  1.341E-009  1.334E+009  2.339E+008
 5.770E+013  1.365E-009  1.336E+009  2.347E+008
 5.790E+013  1.389E-009  1.337E+009  2.356E+008
 5.810E+013  1.414E-009  1.338E+009  2.365E+008
 5.830E+013  1.439E-009  1.340E+009  2.373E+008
 5.850E+013  1.465E-009  1.341E+009  2.382E+008
 5.870E+013  1.490E-009  1.342E+009  2.391E+008
 5.890E+013  1.517E-009  1.344E+009  2.400E+008
 5.910E+013  1.543E-009  1.345E+009  2.408E+008
 5.930E+013  1.570E-009  1.346E+009  2.417E+008
 5.950E+013  1.598E-009  1.348E+009  2.426E+008
 5.970E+013  1.626E-009  1.349E+009  2.435E+008
 5.990E+013  1.654E-009  1.351E+009  2.444E+008
 6.010E+013  1.683E-009  1.352E+009  2.453E+008
 6.030E+013  1.712E-009  1.354E+009  2.462E+008
 6.050E+013  1.742E-009  1.356E+009  2.471E+008
 6.070E+013  1.772E-009  1.357E+009  2.479E+008
 6.090E+013  1.803E-009  1.359E+009  2.488E+008
 6.110E+013  1.834E-009  1.361E+009  2.497E+008
 6.130E+013  1.865E-009  1.363E+009  2.506E+008
 6.150E+013  1.897E-009  1.364E+009  2.515E+008
 6.170E+013  1.930E-009  1.366E+009  2.524E+008
 6.190E+013  1.963E-009  1.368E+009  2.533E+008
 6.210E+013  1.996E-009  1.370E+009  2.543E+008
 6.230E+013  2.030E-009  1.372E+009  2.552E+008
 6.250E+013  2.065E-009  1.374E+009  2.561E+008
 6.270E+013  2.100E-009  1.376E+009  2.570E+008
 6.290E+013  2.135E-009  1.378E+009  2.579E+008
 6.310E+013  2.171E-009  1.380E+009  2.588E+008
 6.330E+013  2.208E-009  1.383E+009  2.598E+008
 6.350E+013  2.245E-009  1.385E+009  2.607E+008
 6.370E+013  2.283E-009  1.387E+009  2.616E+008
 6.390E+013  2.322E-009  1.389E+009  2.625E+008
 6.410E+013  2.361E-009  1.392E+009  2.635E+008
 6.430E+013  2.400E-009  1.394E+009  2.644E+008
 6.450E+013  2.441E-009  1.397E+009  2.653E+008
 6.470E+013  2.481E-009  1.399E+009  2.663E+008
 6.490E+013  2.523E-009  1.402E+009  2.672E+008
 6.510E+013  2.565E-009  1.404E+009  2.682E+008
 6.530E+013  2.608E-009  1.407E+009  2.691E+008
 6.550E+013  2.652E-009  1.410E+009  2.701E+008
 6.570E+013  2.696E-009  1.413E+009  2.710E+008
 6.590E+013  2.741E-009  1.416E+009  2.720E+008
 6.610E+013  2.787E-009  1.418E+009  2.730E+008
 6.630E+013  2.833E-009  1.421E+009  2.739E+008
 6.650E+013  2.880E-009  1.425E+009  2.749E+008
 6.670E+013  2.928E-009  1.428E+009  2.759E+008
 6.690E+013  2.977E-009  1.431E+009  2.768E+008
 6.710E+013  3.026E-009  1.434E+009  2.778E+008
 6.730E+013  3.077E-009  1.437E+009  2.788E+008
 6.750E+013  3.128E-009  1.441E+009  2.798E+008
 6.770E+013  3.180E-009  1.444E+009  2.808E+008
 6.790E+013  3.233E-009  1.448E+009  2.818E+008
 6.810E+013  3.287E-009  1.451E+009  2.828E+008
 6.830E+013  3.341E-009  1.455E+009  2.838E+008
 6.850E+013  3.397E-009  1.459E+009  2.848E+008
 6.870E+013  3.453E-009  1.462E+009  2.858E+008
 6.890E+013  3.511E-009  1.466E+009  2.868E+008
 6.910E+013  3.569E-009  1.470E+009  2.878E+008
 6.930E+013  3.629E-009  1.474E+009  2.888E+008
 6.950E+013  3.689E-009  1.479E+009  2.899E+008
 6.970E+013  3.751E-009  1.483E+009  2.909E+008
 6.990E+013  3.813E-009  1.487E+009  2.919E+008
 7.010E+013  3.877E-009  1.491E+009  2.930E+008
 7.030E+013  3.941E-009  1.496E+009  2.940E+008
 7.050E+013  4.007E-009  1.501E+009  2.950E+008
 7.070E+013  4.074E-009  1.505E+009  2.961E+008
 7.090E+013  4.142E-009  1.510E+009  2.972E+008
 7.110E+013  4.211E-009  1.515E+009  2.982E+008
 7.130E+013  4.282E-009  1.520E+009  2.993E+008
 7.150E+013  4.354E-009  1.525E+009  3.004E+008
 7.170E+013  4.427E-009  1.530E+009  3.014E+008
 7.190E+013  4.501E-009  1.535E+009  3.025E+008
 7.210E+013  4.577E-009  1.541E+009  3.036E+008
 7.230E+013  4.653E-009  1.546E+009  3.047E+008
 7.250E+013  4.732E-009  1.552E+009  3.058E+008
 7.270E+013  4.812E-009  1.558E+009  3.069E+008
 7.290E+013  4.893E-009  1.564E+009  3.080E+008
 7.310E+013  4.975E-009  1.570E+009  3.091E+008
 7.330E+013  5.060E-009  1.576E+009  3.102E+008
 7.350E+013  5.145E-009  1.582E+009  3.114E+008
 7.370E+013  5.233E-009  1.589E+009  3.125E+008
 7.390E+013  5.322E-009  1.595E+009  3.136E+008
 7.410E+013  5.412E-009  1.602E+009  3.148E+008
 7.430E+013  5.505E-009  1.609E+009  3.159E+008
 7.450E+013  5.599E-009  1.616E+009  3.171E+008
 7.470E+013  5.694E-009  1.623E+009  3.182E+008
 7.490E+013  5.792E-009  1.630E+009  3.194E+008
 7.510E+013  5.892E-009  1.637E+009  3.206E+008
 7.530E+013  5.993E-009  1.645E+009  3.217E+008
 7.550E+013  6.097E-009  1.653E+009  3.229E+008
 7.570E+013  6.202E-009  1.661E+009  3.241E+008
 7.590E+013  6.310E-009  1.669E+009  3.253E+008
 7.610E+013  6.420E-009  1.677E+009  3.265E+008
 7.630E+013  6.532E-009  1.686E+009  3.277E+008
 7.650E+013  6.646E-009  1.694E+009  3.290E+008
 7.670E+013  6.762E-009  1.703E+009  3.302E+008
 7.690E+013  6.881E-009  1.712E+009  3.314E+008
 7.710E+013  7.002E-009  1.721E+009  3.327E+008
 7.730E+013  7.126E-009  1.731E+009  3.339E+008
 7.750E+013  7.252E-009  1.740E+009  3.352E+008
 7.770E+013  7.381E-009  1.750E+009  3.364E+008
 7.790E+013  7.513E-009  1.760E+009  3.377E+008
 7.810E+013  7.647E-009  1.770E+009  3.390E+008
 7.830E+013  7.785E-009  1.781E+009  3.403E+008
 7.850E+013  7.925E-009  1.792E+009  3.416E+008
 7.870E+013  8.068E-009  1.803E+009  3.429E+008
 7.890E+013  8.214E-009  1.814E+009  3.442E+008
 7.910E+013  8.364E-009  1.825E+009  3.455E+008
 7.930E+013  8.516E-009  1.837E+009  3.468E+008
 7.950E+013  8.672E-009  1.849E+009  3.482E+008
 7.970E+013  8.832E-009  1.862E+009  3.495E+008
 7.990E+013  8.995E-009  1.874E+009  3.508E+008
 8.010E+013  9.162E-009  1.887E+009  3.522E+008
 8.030E+013  9.332E-009  1.900E+009  3.536E+008
 8.050E+013  9.507E-009  1.914E+009  3.549E+008
 8.070E+013  9.685E-009  1.927E+009  3.563E+008
 8.090E+013  9.867E-009  1.942E+009  3.577E+008
 8.110E+013  1.005E-008  1.956E+009  3.591E+008
 8.130E+013  1.024E-008  1.971E+009  3.605E+008
 8.150E+013  1.044E-008  1.986E+009  3.620E+008
 8.170E+013  1.064E-008  2.001E+009  3.634E+008
 8.190E+013  1.084E-008  2.017E+009  3.648E+008
 8.210E+013  1.105E-008  2.033E+009  3.663E+008
 8.230E+013  1.127E-008  2.050E+009  3.677E+008
 8.250E+013  1.149E-008  2.067E+009  3.692E+008
 8.270E+013  1.171E-008  2.084E+009  3.707E+008
 8.290E+013  1.194E-008  2.102E+009  3.722E+008
 8.310E+013  1.218E-008  2.120E+009  3.737E+008
 8.330E+013  1.242E-008  2.139E+009  3.752E+008
 8.350E+013  1.267E-008  2.158E+009  3.767E+008
 8.370E+013  1.293E-008  2.178E+009  3.782E+008
 8.390E+013  1.319E-008  2.198E+009  3.797E+008
 8.410E+013  1.346E-008  2.219E+009  3.813E+008
 8.430E+013  1.373E-008  2.240E+009  3.828E+008
 8.450E+013  1.401E-008  2.261E+009  3.844E+008
 8.470E+013  1.430E-008  2.284E+009  3.859E+008
 8.490E+013  1.460E-008  2.306E+009  3.875E+008
 8.510E+013  1.490E-008  2.330E+009  3.891E+008
 8.530E+013  1.521E-008  2.353E+009  3.907E+008
 8.550E+013  1.554E-008  2.378E+009  3.923E+008
 8.570E+013  1.587E-008  2.403E+009  3.940E+008
 8.590E+013  1.620E-008  2.429E+009  3.956E+008
 8.610E+013  1.655E-008  2.455E+009  3.972E+008
 8.630E+013  1.691E-008  2.482E+009  3.989E+008
 8.650E+013  1.728E-008  2.510E+009  4.005E+008
 8.670E+013  1.765E-008  2.539E+009  4.022E+008
 8.690E+013  1.804E-008  2.568E+009  4.039E+008
 8.710E+013  1.844E-008  2.598E+009  4.056E+008
 8.730E+013  1.885E-008  2.629E+009  4.073E+008
 8.750E+013  1.928E-008  2.660E+009  4.090E+008
 8.770E+013  1.971E-008  2.693E+009  4.107E+008
 8.790E+013  2.016E-008  2.726E+009  4.124E+008
 8.810E+013  2.062E-008  2.760E+009  4.142E+008
 8.830E+013  2.109E-008  2.796E+009  4.159E+008
 8.850E+013  2.158E-008  2.832E+009  4.177E+008
 8.870E+013  2.209E-008  2.869E+009  4.195E+008
 8.890E+013  2.260E-008  2.907E+009  4.213E+008
 8.910E+013  2.314E-008  2.946E+009  4.230E+008
 8.930E+013  2.369E-008  2.986E+009  4.248E+008
 8.950E+013  2.426E-008  3.028E+009  4.267E+008
 8.970E+013  2.484E-008  3.070E+009  4.285E+008
 8.990E+013  2.544E-008  3.114E+009  4.303E+008
 9.010E+013  2.607E-008  3.159E+009  4.322E+008
 9.030E+013  2.671E-008  3.205E+009  4.340E+008
 9.050E+013  2.737E-008  3.252E+009  4.359E+008
 9.070E+013  2.806E-008  3.301E+009  4.377E+008
 9.090E+013  2.876E-008  3.351E+009  4.396E+008
 9.110E+013  2.949E-008  3.403E+009  4.415E+008
 9.130E+013  3.025E-008  3.456E+009  4.434E+008
 9.150E+013  3.103E-008  3.511E+009  4.453E+008
 9.170E+013  3.183E-008  3.568E+009  4.472E+008
 9.190E+013  3.266E-008  3.626E+009  4.491E+008
 9.210E+013  3.352E-008  3.685E+009  4.511E+008
 9.230E+013  3.441E-008  3.747E+009  4.530E+008
 9.250E+013  3.534E-008  3.812E+009  4.550E+008
 9.270E+013  3.629E-008  3.877E+009  4.571E+008
 9.290E+013  3.722E-008  3.934E+009  4.587E+008
 9.310E+013  3.832E-008  4.022E+009  4.604E+008
 9.330E+013  3.957E-008  4.139E+009  4.646E+008
 9.350E+013  3.978E-008  4.094E+009  4.665E+008
 9.370E+013  3.672E-008  3.437E+009  4.558E+008
 9.390E+013  2.544E-008  1.638E+009  4.011E+008
 9.410E+013  1.479E-008  2.880E+008  2.728E+008
 9.430E+013  1.084E-008  8.402E+006  1.041E+008
 9.450E+013  1.004E-008  2.764E+003  9.525E+006
 9.470E+013  1.000E-008  6.236E+001  3.637E+004
 9.490E+013  1.000E-008  6.236E+001  2.372E-001
 9.510E+013  1.000E-008  6.236E+001  1.810E-011
 9.530E+013  1.000E-008  6.236E+001  2.132E-013
 9.550E+013  1.000E-008  6.236E+001 -2.132E-013
 9.570E+013  1.000E-008  6.236E+001 -1.107E-071
 9.590E+013  1.000E-008  6.236E+001 -1.137E-032
 9.610E+013  1.000E-008  6.236E+001 -2.132E-013
 9.630E+013  1.000E-008  6.236E+001  2.132E-013
 9.650E+013  1.000E-008  6.236E+001  1.136E-032
 9.670E+013  1.000E-008  6.236E+001  2.132E-013
 9.690E+013  1.000E-008  6.236E+001 -2.132E-013
 9.710E+013  1.000E-008  6.236E+001  0.000E+000
 9.730E+013  1.000E-008  6.236E+001  0.000E+000
 9.750E+013  1.000E-008  6.236E+001  0.000E+000
 9.770E+013  1.000E-008  6.236E+001  0.000E+000
 9.790E+013  1.000E-008  6.236E+001  0.000E+000
 9.810E+013  1.000E-008  6.236E+001  0.000E+000
 9.830E+013  1.000E-008  6.236E+001  0.000E+000
 9.850E+013  1.000E-008  6.236E+001  0.000E+000
 9.870E+013  1.000E-008  6.236E+001  0.000E+000
 9.890E+013  1.000E-008  6.236E+001  0.000E+000
 9.910E+013  1.000E-008  6.236E+001  0.000E+000
 9.930E+013  1.000E-008  6.236E+001  0.000E+000
 9.950E+013  1.000E-008  6.236E+001  2.132E-013
 9.970E+013  1.000E-008  6.236E+001 -2.132E-013
 9.990E+013  1.000E-008  6.236E+001  0.000E+000
 1.001E+014  1.000E-099  1.000E-099  0.000E+000
 1.003E+014  1.000E-099  1.000E-099  0.000E+000
 1.903E-003
