 3.600E+004
     x1b        dens       energ       v1
 1.000E+011  1.986E-012  2.384E+009  0.000E+000
 3.000E+011  1.987E-012  2.384E+009  1.430E+006
 5.000E+011  1.989E-012  2.384E+009  2.653E+006
 7.000E+011  1.995E-012  2.384E+009  4.048E+006
 9.000E+011  2.005E-012  2.384E+009  5.367E+006
 1.100E+012  2.018E-012  2.384E+009  6.724E+006
 1.300E+012  2.036E-012  2.384E+009  8.061E+006
 1.500E+012  2.058E-012  2.384E+009  9.409E+006
 1.700E+012  2.083E-012  2.384E+009  1.075E+007
 1.900E+012  2.112E-012  2.384E+009  1.210E+007
 2.100E+012  2.142E-012  2.384E+009  1.344E+007
 2.300E+012  2.173E-012  2.384E+009  1.478E+007
 2.500E+012  2.206E-012  2.384E+009  1.613E+007
 2.700E+012  2.238E-012  2.384E+009  1.747E+007
 2.900E+012  2.271E-012  2.384E+009  1.882E+007
 3.100E+012  2.304E-012  2.384E+009  2.016E+007
 3.300E+012  2.336E-012  2.384E+009  2.150E+007
 3.500E+012  2.366E-012  2.384E+009  2.285E+007
 3.700E+012  2.393E-012  2.384E+009  2.419E+007
 3.900E+012  2.416E-012  2.384E+009  2.553E+007
 4.100E+012  2.431E-012  2.384E+009  2.688E+007
 4.300E+012  2.438E-012  2.384E+009  2.822E+007
 4.500E+012  2.440E-012  2.384E+009  2.957E+007
 4.700E+012  2.440E-012  2.384E+009  3.091E+007
 4.900E+012  2.440E-012  2.384E+009  3.225E+007
 5.100E+012  2.440E-012  2.384E+009  3.360E+007
 5.300E+012  2.440E-012  2.384E+009  3.494E+007
 5.500E+012  2.439E-012  2.384E+009  3.629E+007
 5.700E+012  2.438E-012  2.384E+009  3.763E+007
 5.900E+012  2.437E-012  2.384E+009  3.897E+007
 6.100E+012  2.436E-012  2.384E+009  4.032E+007
 6.300E+012  2.434E-012  2.384E+009  4.166E+007
 6.500E+012  2.431E-012  2.384E+009  4.300E+007
 6.700E+012  2.429E-012  2.384E+009  4.435E+007
 6.900E+012  2.427E-012  2.384E+009  4.569E+007
 7.100E+012  2.427E-012  2.384E+009  4.704E+007
 7.300E+012  2.427E-012  2.384E+009  4.838E+007
 7.500E+012  2.427E-012  2.384E+009  4.972E+007
 7.700E+012  2.427E-012  2.384E+009  5.107E+007
 7.900E+012  2.427E-012  2.384E+009  5.241E+007
 8.100E+012  2.428E-012  2.384E+009  5.376E+007
 8.300E+012  2.429E-012  2.384E+009  5.510E+007
 8.500E+012  2.431E-012  2.384E+009  5.644E+007
 8.700E+012  2.433E-012  2.384E+009  5.779E+007
 8.900E+012  2.437E-012  2.384E+009  5.913E+007
 9.100E+012  2.442E-012  2.384E+009  6.048E+007
 9.300E+012  2.448E-012  2.384E+009  6.182E+007
 9.500E+012  2.456E-012  2.384E+009  6.316E+007
 9.700E+012  2.465E-012  2.384E+009  6.451E+007
 9.900E+012  2.477E-012  2.384E+009  6.585E+007
 1.010E+013  2.491E-012  2.384E+009  6.720E+007
 1.030E+013  2.508E-012  2.384E+009  6.854E+007
 1.050E+013  2.528E-012  2.384E+009  6.988E+007
 1.070E+013  2.551E-012  2.384E+009  7.123E+007
 1.090E+013  2.578E-012  2.384E+009  7.257E+007
 1.110E+013  2.609E-012  2.384E+009  7.392E+007
 1.130E+013  2.644E-012  2.384E+009  7.526E+007
 1.150E+013  2.684E-012  2.384E+009  7.660E+007
 1.170E+013  2.729E-012  2.384E+009  7.795E+007
 1.190E+013  2.780E-012  2.384E+009  7.929E+007
 1.210E+013  2.838E-012  2.384E+009  8.064E+007
 1.230E+013  2.902E-012  2.384E+009  8.198E+007
 1.250E+013  2.975E-012  2.384E+009  8.333E+007
 1.270E+013  3.055E-012  2.384E+009  8.467E+007
 1.290E+013  3.145E-012  2.384E+009  8.602E+007
 1.310E+013  3.245E-012  2.384E+009  8.737E+007
 1.330E+013  3.356E-012  2.384E+009  8.871E+007
 1.350E+013  3.480E-012  2.384E+009  9.006E+007
 1.370E+013  3.617E-012  2.384E+009  9.140E+007
 1.390E+013  3.768E-012  2.384E+009  9.275E+007
 1.410E+013  3.936E-012  2.384E+009  9.410E+007
 1.430E+013  4.122E-012  2.384E+009  9.545E+007
 1.450E+013  4.327E-012  2.384E+009  9.679E+007
 1.470E+013  4.554E-012  2.384E+009  9.814E+007
 1.490E+013  4.804E-012  2.384E+009  9.949E+007
 1.510E+013  5.080E-012  2.384E+009  1.008E+008
 1.530E+013  5.384E-012  2.384E+009  1.022E+008
 1.550E+013  5.719E-012  2.384E+009  1.035E+008
 1.570E+013  6.086E-012  2.384E+009  1.049E+008
 1.590E+013  6.489E-012  2.384E+009  1.062E+008
 1.610E+013  6.931E-012  2.384E+009  1.076E+008
 1.630E+013  7.413E-012  2.384E+009  1.089E+008
 1.650E+013  7.940E-012  2.384E+009  1.103E+008
 1.670E+013  8.512E-012  2.384E+009  1.116E+008
 1.690E+013  9.133E-012  2.384E+009  1.130E+008
 1.710E+013  9.804E-012  2.384E+009  1.143E+008
 1.730E+013  1.053E-011  2.384E+009  1.157E+008
 1.750E+013  1.130E-011  2.385E+009  1.170E+008
 1.770E+013  1.213E-011  2.385E+009  1.184E+008
 1.790E+013  1.302E-011  2.385E+009  1.197E+008
 1.810E+013  1.395E-011  2.385E+009  1.210E+008
 1.830E+013  1.494E-011  2.385E+009  1.224E+008
 1.850E+013  1.598E-011  2.385E+009  1.237E+008
 1.870E+013  1.707E-011  2.385E+009  1.251E+008
 1.890E+013  1.820E-011  2.385E+009  1.264E+008
 1.910E+013  1.937E-011  2.385E+009  1.278E+008
 1.930E+013  2.058E-011  2.385E+009  1.291E+008
 1.950E+013  2.183E-011  2.385E+009  1.304E+008
 1.970E+013  2.310E-011  2.385E+009  1.318E+008
 1.990E+013  2.440E-011  2.385E+009  1.331E+008
 2.010E+013  2.573E-011  2.385E+009  1.345E+008
 2.030E+013  2.707E-011  2.385E+009  1.358E+008
 2.050E+013  2.844E-011  2.385E+009  1.371E+008
 2.070E+013  2.982E-011  2.385E+009  1.385E+008
 2.090E+013  3.122E-011  2.385E+009  1.398E+008
 2.110E+013  3.264E-011  2.385E+009  1.412E+008
 2.130E+013  3.408E-011  2.385E+009  1.425E+008
 2.150E+013  3.553E-011  2.385E+009  1.438E+008
 2.170E+013  3.700E-011  2.385E+009  1.452E+008
 2.190E+013  3.849E-011  2.385E+009  1.465E+008
 2.210E+013  4.001E-011  2.385E+009  1.479E+008
 2.230E+013  4.155E-011  2.385E+009  1.492E+008
 2.250E+013  4.312E-011  2.385E+009  1.506E+008
 2.270E+013  4.472E-011  2.385E+009  1.519E+008
 2.290E+013  4.635E-011  2.385E+009  1.532E+008
 2.310E+013  4.803E-011  2.385E+009  1.546E+008
 2.330E+013  4.974E-011  2.385E+009  1.559E+008
 2.350E+013  5.151E-011  2.385E+009  1.573E+008
 2.370E+013  5.332E-011  2.385E+009  1.586E+008
 2.390E+013  5.518E-011  2.385E+009  1.600E+008
 2.410E+013  5.711E-011  2.385E+009  1.613E+008
 2.430E+013  5.909E-011  2.386E+009  1.627E+008
 2.450E+013  6.114E-011  2.386E+009  1.640E+008
 2.470E+013  6.326E-011  2.386E+009  1.654E+008
 2.490E+013  6.546E-011  2.386E+009  1.667E+008
 2.510E+013  6.773E-011  2.386E+009  1.680E+008
 2.530E+013  7.009E-011  2.386E+009  1.694E+008
 2.550E+013  7.253E-011  2.386E+009  1.707E+008
 2.570E+013  7.507E-011  2.386E+009  1.721E+008
 2.590E+013  7.769E-011  2.386E+009  1.734E+008
 2.610E+013  8.041E-011  2.386E+009  1.748E+008
 2.630E+013  8.323E-011  2.386E+009  1.761E+008
 2.650E+013  8.615E-011  2.386E+009  1.775E+008
 2.670E+013  8.918E-011  2.386E+009  1.788E+008
 2.690E+013  9.230E-011  2.387E+009  1.802E+008
 2.710E+013  9.554E-011  2.387E+009  1.815E+008
 2.730E+013  9.887E-011  2.387E+009  1.829E+008
 2.750E+013  1.023E-010  2.387E+009  1.842E+008
 2.770E+013  1.059E-010  2.387E+009  1.855E+008
 2.790E+013  1.095E-010  2.387E+009  1.869E+008
 2.810E+013  1.133E-010  2.387E+009  1.882E+008
 2.830E+013  1.172E-010  2.387E+009  1.896E+008
 2.850E+013  1.211E-010  2.388E+009  1.909E+008
 2.870E+013  1.252E-010  2.388E+009  1.923E+008
 2.890E+013  1.294E-010  2.388E+009  1.936E+008
 2.910E+013  1.336E-010  2.388E+009  1.950E+008
 2.930E+013  1.380E-010  2.388E+009  1.963E+008
 2.950E+013  1.424E-010  2.388E+009  1.977E+008
 2.970E+013  1.470E-010  2.389E+009  1.990E+008
 2.990E+013  1.517E-010  2.389E+009  2.004E+008
 3.010E+013  1.564E-010  2.389E+009  2.017E+008
 3.030E+013  1.613E-010  2.389E+009  2.031E+008
 3.050E+013  1.662E-010  2.389E+009  2.044E+008
 3.070E+013  1.712E-010  2.390E+009  2.058E+008
 3.090E+013  1.764E-010  2.390E+009  2.071E+008
 3.110E+013  1.816E-010  2.390E+009  2.085E+008
 3.130E+013  1.870E-010  2.390E+009  2.098E+008
 3.150E+013  1.925E-010  2.391E+009  2.112E+008
 3.170E+013  1.981E-010  2.391E+009  2.125E+008
 3.190E+013  2.038E-010  2.391E+009  2.139E+008
 3.210E+013  2.097E-010  2.391E+009  2.152E+008
 3.230E+013  2.156E-010  2.392E+009  2.166E+008
 3.250E+013  2.218E-010  2.392E+009  2.179E+008
 3.270E+013  2.281E-010  2.392E+009  2.193E+008
 3.290E+013  2.345E-010  2.393E+009  2.206E+008
 3.310E+013  2.411E-010  2.393E+009  2.220E+008
 3.330E+013  2.479E-010  2.393E+009  2.233E+008
 3.350E+013  2.548E-010  2.394E+009  2.247E+008
 3.370E+013  2.619E-010  2.394E+009  2.260E+008
 3.390E+013  2.692E-010  2.394E+009  2.274E+008
 3.410E+013  2.767E-010  2.395E+009  2.288E+008
 3.430E+013  2.844E-010  2.395E+009  2.301E+008
 3.450E+013  2.924E-010  2.396E+009  2.315E+008
 3.470E+013  3.005E-010  2.396E+009  2.328E+008
 3.490E+013  3.088E-010  2.396E+009  2.342E+008
 3.510E+013  3.174E-010  2.397E+009  2.355E+008
 3.530E+013  3.261E-010  2.397E+009  2.369E+008
 3.550E+013  3.351E-010  2.398E+009  2.383E+008
 3.570E+013  3.443E-010  2.398E+009  2.396E+008
 3.590E+013  3.538E-010  2.399E+009  2.410E+008
 3.610E+013  3.634E-010  2.400E+009  2.423E+008
 3.630E+013  3.733E-010  2.400E+009  2.437E+008
 3.650E+013  3.835E-010  2.401E+009  2.451E+008
 3.670E+013  3.939E-010  2.401E+009  2.464E+008
 3.690E+013  4.045E-010  2.402E+009  2.478E+008
 3.710E+013  4.153E-010  2.403E+009  2.491E+008
 3.730E+013  4.264E-010  2.403E+009  2.505E+008
 3.750E+013  4.377E-010  2.404E+009  2.519E+008
 3.770E+013  4.493E-010  2.405E+009  2.532E+008
 3.790E+013  4.611E-010  2.405E+009  2.546E+008
 3.810E+013  4.731E-010  2.406E+009  2.560E+008
 3.830E+013  4.855E-010  2.407E+009  2.573E+008
 3.850E+013  4.980E-010  2.408E+009  2.587E+008
 3.870E+013  5.108E-010  2.409E+009  2.601E+008
 3.890E+013  5.239E-010  2.409E+009  2.615E+008
 3.910E+013  5.373E-010  2.410E+009  2.628E+008
 3.930E+013  5.509E-010  2.411E+009  2.642E+008
 3.950E+013  5.648E-010  2.412E+009  2.656E+008
 3.970E+013  5.790E-010  2.413E+009  2.670E+008
 3.990E+013  5.934E-010  2.414E+009  2.683E+008
 4.010E+013  6.082E-010  2.415E+009  2.697E+008
 4.030E+013  6.232E-010  2.416E+009  2.711E+008
 4.050E+013  6.386E-010  2.417E+009  2.725E+008
 4.070E+013  6.543E-010  2.418E+009  2.738E+008
 4.090E+013  6.702E-010  2.420E+009  2.752E+008
 4.110E+013  6.865E-010  2.421E+009  2.766E+008
 4.130E+013  7.031E-010  2.422E+009  2.780E+008
 4.150E+013  7.200E-010  2.423E+009  2.794E+008
 4.170E+013  7.373E-010  2.424E+009  2.808E+008
 4.190E+013  7.549E-010  2.426E+009  2.822E+008
 4.210E+013  7.728E-010  2.427E+009  2.836E+008
 4.230E+013  7.910E-010  2.429E+009  2.849E+008
 4.250E+013  8.096E-010  2.430E+009  2.863E+008
 4.270E+013  8.286E-010  2.432E+009  2.877E+008
 4.290E+013  8.479E-010  2.433E+009  2.891E+008
 4.310E+013  8.675E-010  2.435E+009  2.905E+008
 4.330E+013  8.875E-010  2.436E+009  2.919E+008
 4.350E+013  9.079E-010  2.438E+009  2.933E+008
 4.370E+013  9.287E-010  2.440E+009  2.947E+008
 4.390E+013  9.498E-010  2.441E+009  2.961E+008
 4.410E+013  9.713E-010  2.443E+009  2.976E+008
 4.430E+013  9.933E-010  2.445E+009  2.990E+008
 4.450E+013  1.016E-009  2.447E+009  3.004E+008
 4.470E+013  1.038E-009  2.449E+009  3.018E+008
 4.490E+013  1.061E-009  2.451E+009  3.032E+008
 4.510E+013  1.085E-009  2.453E+009  3.046E+008
 4.530E+013  1.109E-009  2.455E+009  3.060E+008
 4.550E+013  1.133E-009  2.457E+009  3.075E+008
 4.570E+013  1.158E-009  2.460E+009  3.089E+008
 4.590E+013  1.184E-009  2.462E+009  3.103E+008
 4.610E+013  1.210E-009  2.464E+009  3.118E+008
 4.630E+013  1.236E-009  2.467E+009  3.132E+008
 4.650E+013  1.263E-009  2.469E+009  3.146E+008
 4.670E+013  1.290E-009  2.472E+009  3.161E+008
 4.690E+013  1.318E-009  2.475E+009  3.175E+008
 4.710E+013  1.347E-009  2.477E+009  3.189E+008
 4.730E+013  1.376E-009  2.480E+009  3.204E+008
 4.750E+013  1.405E-009  2.483E+009  3.218E+008
 4.770E+013  1.436E-009  2.486E+009  3.233E+008
 4.790E+013  1.466E-009  2.489E+009  3.248E+008
 4.810E+013  1.498E-009  2.492E+009  3.262E+008
 4.830E+013  1.530E-009  2.495E+009  3.277E+008
 4.850E+013  1.562E-009  2.498E+009  3.291E+008
 4.870E+013  1.596E-009  2.502E+009  3.306E+008
 4.890E+013  1.630E-009  2.505E+009  3.321E+008
 4.910E+013  1.664E-009  2.509E+009  3.336E+008
 4.930E+013  1.700E-009  2.512E+009  3.351E+008
 4.950E+013  1.736E-009  2.516E+009  3.365E+008
 4.970E+013  1.772E-009  2.520E+009  3.380E+008
 4.990E+013  1.810E-009  2.524E+009  3.395E+008
 5.010E+013  1.848E-009  2.528E+009  3.410E+008
 5.030E+013  1.887E-009  2.532E+009  3.425E+008
 5.050E+013  1.926E-009  2.536E+009  3.440E+008
 5.070E+013  1.967E-009  2.540E+009  3.455E+008
 5.090E+013  2.008E-009  2.545E+009  3.470E+008
 5.110E+013  2.050E-009  2.549E+009  3.486E+008
 5.130E+013  2.093E-009  2.554E+009  3.501E+008
 5.150E+013  2.136E-009  2.558E+009  3.516E+008
 5.170E+013  2.181E-009  2.563E+009  3.532E+008
 5.190E+013  2.226E-009  2.568E+009  3.547E+008
 5.210E+013  2.272E-009  2.574E+009  3.562E+008
 5.230E+013  2.319E-009  2.579E+009  3.578E+008
 5.250E+013  2.367E-009  2.584E+009  3.593E+008
 5.270E+013  2.416E-009  2.590E+009  3.609E+008
 5.290E+013  2.466E-009  2.595E+009  3.625E+008
 5.310E+013  2.516E-009  2.601E+009  3.640E+008
 5.330E+013  2.568E-009  2.607E+009  3.656E+008
 5.350E+013  2.621E-009  2.613E+009  3.672E+008
 5.370E+013  2.675E-009  2.620E+009  3.688E+008
 5.390E+013  2.729E-009  2.626E+009  3.704E+008
 5.410E+013  2.785E-009  2.633E+009  3.720E+008
 5.430E+013  2.842E-009  2.640E+009  3.736E+008
 5.450E+013  2.900E-009  2.647E+009  3.752E+008
 5.470E+013  2.959E-009  2.654E+009  3.768E+008
 5.490E+013  3.019E-009  2.661E+009  3.785E+008
 5.510E+013  3.081E-009  2.669E+009  3.801E+008
 5.530E+013  3.144E-009  2.676E+009  3.817E+008
 5.550E+013  3.208E-009  2.684E+009  3.834E+008
 5.570E+013  3.273E-009  2.692E+009  3.851E+008
 5.590E+013  3.339E-009  2.701E+009  3.867E+008
 5.610E+013  3.407E-009  2.709E+009  3.884E+008
 5.630E+013  3.476E-009  2.718E+009  3.901E+008
 5.650E+013  3.547E-009  2.727E+009  3.918E+008
 5.670E+013  3.619E-009  2.736E+009  3.935E+008
 5.690E+013  3.693E-009  2.745E+009  3.952E+008
 5.710E+013  3.768E-009  2.755E+009  3.969E+008
 5.730E+013  3.845E-009  2.765E+009  3.986E+008
 5.750E+013  3.923E-009  2.775E+009  4.003E+008
 5.770E+013  4.003E-009  2.785E+009  4.021E+008
 5.790E+013  4.085E-009  2.796E+009  4.038E+008
 5.810E+013  4.168E-009  2.807E+009  4.056E+008
 5.830E+013  4.253E-009  2.818E+009  4.074E+008
 5.850E+013  4.340E-009  2.830E+009  4.092E+008
 5.870E+013  4.429E-009  2.841E+009  4.110E+008
 5.890E+013  4.520E-009  2.854E+009  4.128E+008
 5.910E+013  4.613E-009  2.866E+009  4.146E+008
 5.930E+013  4.708E-009  2.879E+009  4.164E+008
 5.950E+013  4.805E-009  2.892E+009  4.182E+008
 5.970E+013  4.904E-009  2.905E+009  4.201E+008
 5.990E+013  5.006E-009  2.919E+009  4.219E+008
 6.010E+013  5.109E-009  2.933E+009  4.238E+008
 6.030E+013  5.215E-009  2.947E+009  4.257E+008
 6.050E+013  5.324E-009  2.962E+009  4.276E+008
 6.070E+013  5.435E-009  2.978E+009  4.295E+008
 6.090E+013  5.549E-009  2.993E+009  4.314E+008
 6.110E+013  5.665E-009  3.009E+009  4.333E+008
 6.130E+013  5.784E-009  3.026E+009  4.353E+008
 6.150E+013  5.906E-009  3.043E+009  4.372E+008
 6.170E+013  6.030E-009  3.060E+009  4.392E+008
 6.190E+013  6.158E-009  3.078E+009  4.412E+008
 6.210E+013  6.289E-009  3.096E+009  4.432E+008
 6.230E+013  6.423E-009  3.115E+009  4.452E+008
 6.250E+013  6.560E-009  3.134E+009  4.472E+008
 6.270E+013  6.700E-009  3.154E+009  4.492E+008
 6.290E+013  6.844E-009  3.174E+009  4.513E+008
 6.310E+013  6.992E-009  3.195E+009  4.533E+008
 6.330E+013  7.143E-009  3.216E+009  4.554E+008
 6.350E+013  7.298E-009  3.238E+009  4.575E+008
 6.370E+013  7.457E-009  3.261E+009  4.596E+008
 6.390E+013  7.620E-009  3.284E+009  4.617E+008
 6.410E+013  7.787E-009  3.308E+009  4.639E+008
 6.430E+013  7.958E-009  3.333E+009  4.660E+008
 6.450E+013  8.135E-009  3.358E+009  4.682E+008
 6.470E+013  8.315E-009  3.384E+009  4.704E+008
 6.490E+013  8.501E-009  3.410E+009  4.726E+008
 6.510E+013  8.691E-009  3.438E+009  4.748E+008
 6.530E+013  8.887E-009  3.466E+009  4.771E+008
 6.550E+013  9.088E-009  3.495E+009  4.793E+008
 6.570E+013  9.294E-009  3.524E+009  4.816E+008
 6.590E+013  9.507E-009  3.555E+009  4.839E+008
 6.610E+013  9.725E-009  3.586E+009  4.862E+008
 6.630E+013  9.949E-009  3.619E+009  4.885E+008
 6.650E+013  1.018E-008  3.652E+009  4.909E+008
 6.670E+013  1.042E-008  3.686E+009  4.933E+008
 6.690E+013  1.066E-008  3.721E+009  4.956E+008
 6.710E+013  1.091E-008  3.758E+009  4.980E+008
 6.730E+013  1.117E-008  3.795E+009  5.005E+008
 6.750E+013  1.144E-008  3.833E+009  5.029E+008
 6.770E+013  1.171E-008  3.873E+009  5.053E+008
 6.790E+013  1.199E-008  3.913E+009  5.078E+008
 6.810E+013  1.229E-008  3.955E+009  5.103E+008
 6.830E+013  1.259E-008  3.998E+009  5.128E+008
 6.850E+013  1.290E-008  4.043E+009  5.154E+008
 6.870E+013  1.321E-008  4.088E+009  5.179E+008
 6.890E+013  1.354E-008  4.135E+009  5.205E+008
 6.910E+013  1.388E-008  4.184E+009  5.231E+008
 6.930E+013  1.423E-008  4.234E+009  5.257E+008
 6.950E+013  1.460E-008  4.285E+009  5.283E+008
 6.970E+013  1.497E-008  4.339E+009  5.310E+008
 6.990E+013  1.535E-008  4.393E+009  5.337E+008
 7.010E+013  1.575E-008  4.450E+009  5.364E+008
 7.030E+013  1.616E-008  4.508E+009  5.391E+008
 7.050E+013  1.659E-008  4.568E+009  5.418E+008
 7.070E+013  1.703E-008  4.630E+009  5.446E+008
 7.090E+013  1.748E-008  4.694E+009  5.474E+008
 7.110E+013  1.795E-008  4.760E+009  5.502E+008
 7.130E+013  1.844E-008  4.828E+009  5.530E+008
 7.150E+013  1.895E-008  4.898E+009  5.558E+008
 7.170E+013  1.947E-008  4.971E+009  5.587E+008
 7.190E+013  2.001E-008  5.046E+009  5.615E+008
 7.210E+013  2.057E-008  5.123E+009  5.644E+008
 7.230E+013  2.115E-008  5.203E+009  5.674E+008
 7.250E+013  2.175E-008  5.286E+009  5.703E+008
 7.270E+013  2.237E-008  5.371E+009  5.733E+008
 7.290E+013  2.302E-008  5.459E+009  5.762E+008
 7.310E+013  2.369E-008  5.550E+009  5.792E+008
 7.330E+013  2.439E-008  5.645E+009  5.823E+008
 7.350E+013  2.511E-008  5.742E+009  5.853E+008
 7.370E+013  2.586E-008  5.843E+009  5.884E+008
 7.390E+013  2.664E-008  5.947E+009  5.914E+008
 7.410E+013  2.745E-008  6.055E+009  5.945E+008
 7.430E+013  2.829E-008  6.167E+009  5.977E+008
 7.450E+013  2.917E-008  6.283E+009  6.008E+008
 7.470E+013  3.008E-008  6.403E+009  6.039E+008
 7.490E+013  3.103E-008  6.527E+009  6.071E+008
 7.510E+013  3.202E-008  6.655E+009  6.103E+008
 7.530E+013  3.304E-008  6.788E+009  6.135E+008
 7.550E+013  3.413E-008  6.931E+009  6.168E+008
 7.570E+013  3.524E-008  7.070E+009  6.202E+008
 7.590E+013  3.633E-008  7.198E+009  6.228E+008
 7.610E+013  3.768E-008  7.406E+009  6.260E+008
 7.630E+013  3.910E-008  7.650E+009  6.332E+008
 7.650E+013  3.919E-008  7.485E+009  6.350E+008
 7.670E+013  3.516E-008  5.919E+009  6.144E+008
 7.690E+013  2.314E-008  2.445E+009  5.242E+008
 7.710E+013  1.372E-008  3.457E+008  3.327E+008
 7.730E+013  1.056E-008  5.972E+006  1.079E+008
 7.750E+013  1.002E-008  6.191E+002  6.616E+006
 7.770E+013  1.000E-008  6.236E+001  1.105E+004
 7.790E+013  1.000E-008  6.236E+001  1.369E-002
 7.810E+013  1.000E-008  6.236E+001  1.109E-012
 7.830E+013  1.000E-008  6.236E+001 -2.558E-013
 7.850E+013  1.000E-008  6.236E+001 -2.185E-073
 7.870E+013  1.000E-008  6.236E+001 -2.062E-033
 7.890E+013  1.000E-008  6.236E+001 -1.279E-013
 7.910E+013  1.000E-008  6.236E+001 -6.395E-013
 7.930E+013  1.000E-008  6.236E+001  3.837E-013
 7.950E+013  1.000E-008  6.236E+001  3.837E-013
 7.970E+013  1.000E-008  6.236E+001 -5.116E-013
 7.990E+013  1.000E-008  6.236E+001  5.116E-013
 8.010E+013  1.000E-008  6.236E+001  3.925E-032
 8.030E+013  1.000E-008  6.236E+001  7.919E-071
 8.050E+013  1.000E-008  6.236E+001  1.504E-148
 8.070E+013  1.000E-008  6.236E+001 -2.831E-297
 8.090E+013  1.000E-008  6.236E+001 -4.940E-145
 8.110E+013  1.000E-008  6.236E+001 -4.538E-069
 8.130E+013  1.000E-008  6.236E+001 -2.971E-031
 8.150E+013  1.000E-008  6.236E+001 -1.407E-012
 8.170E+013  1.000E-008  6.236E+001  1.791E-012
 8.190E+013  1.000E-008  6.236E+001 -3.837E-013
 8.210E+013  1.000E-008  6.236E+001  0.000E+000
 8.230E+013  1.000E-008  6.236E+001  0.000E+000
 8.250E+013  1.000E-008  6.236E+001  0.000E+000
 8.270E+013  1.000E-008  6.236E+001  0.000E+000
 8.290E+013  1.000E-008  6.236E+001  5.116E-013
 8.310E+013  1.000E-008  6.236E+001 -5.116E-013
 8.330E+013  1.000E-008  6.236E+001 -2.384E-033
 8.350E+013  1.000E-008  6.236E+001  7.674E-013
 8.370E+013  1.000E-008  6.236E+001 -6.395E-013
 8.390E+013  1.000E-008  6.236E+001 -2.455E-033
 8.410E+013  1.000E-008  6.236E+001 -1.279E-013
 8.430E+013  1.000E-008  6.236E+001  1.279E-013
 8.450E+013  1.000E-008  6.236E+001 -2.326E-036
 8.470E+013  1.000E-008  6.236E+001 -1.279E-013
 8.490E+013  1.000E-008  6.236E+001 -1.158E-036
 8.510E+013  1.000E-008  6.236E+001  1.279E-013
 8.530E+013  1.000E-008  6.236E+001 -2.304E-036
 8.550E+013  1.000E-008  6.236E+001 -1.279E-013
 8.570E+013  1.000E-008  6.236E+001 -1.147E-036
 8.590E+013  1.000E-008  6.236E+001  1.279E-013
 8.610E+013  1.000E-008  6.236E+001 -1.279E-013
 8.630E+013  1.000E-008  6.236E+001  0.000E+000
 8.650E+013  1.000E-008  6.236E+001  0.000E+000
 8.670E+013  1.000E-008  6.236E+001  0.000E+000
 8.690E+013  1.000E-008  6.236E+001  0.000E+000
 8.710E+013  1.000E-008  6.236E+001  0.000E+000
 8.730E+013  1.000E-008  6.236E+001  0.000E+000
 8.750E+013  1.000E-008  6.236E+001  1.279E-013
 8.770E+013  1.000E-008  6.236E+001 -1.279E-013
 8.790E+013  1.000E-008  6.236E+001 -1.118E-036
 8.810E+013  1.000E-008  6.236E+001  1.279E-013
 8.830E+013  1.000E-008  6.236E+001 -1.279E-013
 8.850E+013  1.000E-008  6.236E+001  1.279E-013
 8.870E+013  1.000E-008  6.236E+001  1.279E-013
 8.890E+013  1.000E-008  6.236E+001 -2.558E-013
 8.910E+013  1.000E-008  6.236E+001  0.000E+000
 8.930E+013  1.000E-008  6.236E+001  0.000E+000
 8.950E+013  1.000E-008  6.236E+001  0.000E+000
 8.970E+013  1.000E-008  6.236E+001  0.000E+000
 8.990E+013  1.000E-008  6.236E+001  0.000E+000
 9.010E+013  1.000E-008  6.236E+001  1.279E-013
 9.030E+013  1.000E-008  6.236E+001 -2.177E-036
 9.050E+013  1.000E-008  6.236E+001 -1.279E-013
 9.070E+013  1.000E-008  6.236E+001  1.279E-013
 9.090E+013  1.000E-008  6.236E+001 -2.162E-036
 9.110E+013  1.000E-008  6.236E+001 -1.279E-013
 9.130E+013  1.000E-008  6.236E+001  0.000E+000
 9.150E+013  1.000E-008  6.236E+001  0.000E+000
 9.170E+013  1.000E-008  6.236E+001  0.000E+000
 9.190E+013  1.000E-008  6.236E+001  0.000E+000
 9.210E+013  1.000E-008  6.236E+001  0.000E+000
 9.230E+013  1.000E-008  6.236E+001  1.279E-013
 9.250E+013  1.000E-008  6.236E+001 -2.125E-036
 9.270E+013  1.000E-008  6.236E+001 -1.279E-013
 9.290E+013  1.000E-008  6.236E+001  0.000E+000
 9.310E+013  1.000E-008  6.236E+001  0.000E+000
 9.330E+013  1.000E-008  6.236E+001  0.000E+000
 9.350E+013  1.000E-008  6.236E+001  0.000E+000
 9.370E+013  1.000E-008  6.236E+001  1.279E-013
 9.390E+013  1.000E-008  6.236E+001 -1.279E-013
 9.410E+013  1.000E-008  6.236E+001  1.279E-013
 9.430E+013  1.000E-008  6.236E+001 -1.279E-013
 9.450E+013  1.000E-008  6.236E+001  0.000E+000
 9.470E+013  1.000E-008  6.236E+001  0.000E+000
 9.490E+013  1.000E-008  6.236E+001  0.000E+000
 9.510E+013  1.000E-008  6.236E+001  0.000E+000
 9.530E+013  1.000E-008  6.236E+001  1.279E-013
 9.550E+013  1.000E-008  6.236E+001 -1.279E-013
 9.570E+013  1.000E-008  6.236E+001 -3.099E-073
 9.590E+013  1.000E-008  6.236E+001 -2.455E-033
 9.610E+013  1.000E-008  6.236E+001 -1.279E-013
 9.630E+013  1.000E-008  6.236E+001  1.279E-013
 9.650E+013  1.000E-008  6.236E+001  2.453E-033
 9.670E+013  1.000E-008  6.236E+001  1.279E-013
 9.690E+013  1.000E-008  6.236E+001 -1.279E-013
 9.710E+013  1.000E-008  6.236E+001  0.000E+000
 9.730E+013  1.000E-008  6.236E+001  0.000E+000
 9.750E+013  1.000E-008  6.236E+001  0.000E+000
 9.770E+013  1.000E-008  6.236E+001  0.000E+000
 9.790E+013  1.000E-008  6.236E+001  0.000E+000
 9.810E+013  1.000E-008  6.236E+001  0.000E+000
 9.830E+013  1.000E-008  6.236E+001  0.000E+000
 9.850E+013  1.000E-008  6.236E+001  0.000E+000
 9.870E+013  1.000E-008  6.236E+001  0.000E+000
 9.890E+013  1.000E-008  6.236E+001  0.000E+000
 9.910E+013  1.000E-008  6.236E+001  0.000E+000
 9.930E+013  1.000E-008  6.236E+001  0.000E+000
 9.950E+013  1.000E-008  6.236E+001  1.279E-013
 9.970E+013  1.000E-008  6.236E+001 -1.279E-013
 9.990E+013  1.000E-008  6.236E+001  0.000E+000
 1.001E+014  1.000E-099  1.000E-099  0.000E+000
 1.003E+014  1.000E-099  1.000E-099  0.000E+000
 1.142E-003
