 1.800E+004
     x1b        dens       energ       v1
 1.000E+011  3.283E-012  5.512E+009  0.000E+000
 3.000E+011  3.286E-012  5.512E+009  3.167E+006
 5.000E+011  3.293E-012  5.512E+009  5.178E+006
 7.000E+011  3.308E-012  5.512E+009  8.145E+006
 9.000E+011  3.333E-012  5.512E+009  1.069E+007
 1.100E+012  3.368E-012  5.512E+009  1.345E+007
 1.300E+012  3.411E-012  5.512E+009  1.609E+007
 1.500E+012  3.462E-012  5.512E+009  1.880E+007
 1.700E+012  3.519E-012  5.512E+009  2.147E+007
 1.900E+012  3.580E-012  5.512E+009  2.416E+007
 2.100E+012  3.643E-012  5.512E+009  2.684E+007
 2.300E+012  3.707E-012  5.512E+009  2.953E+007
 2.500E+012  3.771E-012  5.512E+009  3.221E+007
 2.700E+012  3.835E-012  5.512E+009  3.490E+007
 2.900E+012  3.895E-012  5.512E+009  3.758E+007
 3.100E+012  3.950E-012  5.512E+009  4.027E+007
 3.300E+012  3.994E-012  5.512E+009  4.295E+007
 3.500E+012  4.022E-012  5.512E+009  4.564E+007
 3.700E+012  4.032E-012  5.512E+009  4.832E+007
 3.900E+012  4.034E-012  5.512E+009  5.100E+007
 4.100E+012  4.034E-012  5.512E+009  5.369E+007
 4.300E+012  4.034E-012  5.512E+009  5.637E+007
 4.500E+012  4.033E-012  5.512E+009  5.906E+007
 4.700E+012  4.032E-012  5.512E+009  6.174E+007
 4.900E+012  4.031E-012  5.512E+009  6.443E+007
 5.100E+012  4.028E-012  5.512E+009  6.711E+007
 5.300E+012  4.024E-012  5.512E+009  6.979E+007
 5.500E+012  4.020E-012  5.512E+009  7.248E+007
 5.700E+012  4.015E-012  5.512E+009  7.516E+007
 5.900E+012  4.013E-012  5.512E+009  7.785E+007
 6.100E+012  4.012E-012  5.512E+009  8.053E+007
 6.300E+012  4.012E-012  5.512E+009  8.322E+007
 6.500E+012  4.012E-012  5.512E+009  8.590E+007
 6.700E+012  4.013E-012  5.512E+009  8.859E+007
 6.900E+012  4.015E-012  5.512E+009  9.127E+007
 7.100E+012  4.017E-012  5.512E+009  9.395E+007
 7.300E+012  4.022E-012  5.512E+009  9.664E+007
 7.500E+012  4.028E-012  5.512E+009  9.932E+007
 7.700E+012  4.037E-012  5.512E+009  1.020E+008
 7.900E+012  4.050E-012  5.512E+009  1.047E+008
 8.100E+012  4.066E-012  5.512E+009  1.074E+008
 8.300E+012  4.087E-012  5.512E+009  1.101E+008
 8.500E+012  4.113E-012  5.512E+009  1.127E+008
 8.700E+012  4.145E-012  5.512E+009  1.154E+008
 8.900E+012  4.184E-012  5.512E+009  1.181E+008
 9.100E+012  4.230E-012  5.512E+009  1.208E+008
 9.300E+012  4.286E-012  5.512E+009  1.235E+008
 9.500E+012  4.351E-012  5.512E+009  1.262E+008
 9.700E+012  4.427E-012  5.512E+009  1.289E+008
 9.900E+012  4.515E-012  5.512E+009  1.315E+008
 1.010E+013  4.616E-012  5.512E+009  1.342E+008
 1.030E+013  4.733E-012  5.512E+009  1.369E+008
 1.050E+013  4.867E-012  5.512E+009  1.396E+008
 1.070E+013  5.019E-012  5.512E+009  1.423E+008
 1.090E+013  5.192E-012  5.512E+009  1.450E+008
 1.110E+013  5.389E-012  5.512E+009  1.477E+008
 1.130E+013  5.611E-012  5.512E+009  1.504E+008
 1.150E+013  5.863E-012  5.512E+009  1.531E+008
 1.170E+013  6.148E-012  5.512E+009  1.557E+008
 1.190E+013  6.469E-012  5.512E+009  1.584E+008
 1.210E+013  6.831E-012  5.512E+009  1.611E+008
 1.230E+013  7.238E-012  5.512E+009  1.638E+008
 1.250E+013  7.697E-012  5.512E+009  1.665E+008
 1.270E+013  8.212E-012  5.512E+009  1.692E+008
 1.290E+013  8.789E-012  5.512E+009  1.719E+008
 1.310E+013  9.436E-012  5.512E+009  1.746E+008
 1.330E+013  1.016E-011  5.512E+009  1.773E+008
 1.350E+013  1.097E-011  5.512E+009  1.800E+008
 1.370E+013  1.186E-011  5.512E+009  1.827E+008
 1.390E+013  1.286E-011  5.512E+009  1.854E+008
 1.410E+013  1.396E-011  5.512E+009  1.881E+008
 1.430E+013  1.517E-011  5.513E+009  1.908E+008
 1.450E+013  1.650E-011  5.513E+009  1.935E+008
 1.470E+013  1.795E-011  5.513E+009  1.962E+008
 1.490E+013  1.952E-011  5.513E+009  1.989E+008
 1.510E+013  2.122E-011  5.513E+009  2.015E+008
 1.530E+013  2.304E-011  5.513E+009  2.042E+008
 1.550E+013  2.497E-011  5.513E+009  2.069E+008
 1.570E+013  2.703E-011  5.513E+009  2.096E+008
 1.590E+013  2.919E-011  5.513E+009  2.123E+008
 1.610E+013  3.145E-011  5.513E+009  2.149E+008
 1.630E+013  3.380E-011  5.513E+009  2.176E+008
 1.650E+013  3.622E-011  5.513E+009  2.203E+008
 1.670E+013  3.872E-011  5.513E+009  2.230E+008
 1.690E+013  4.128E-011  5.513E+009  2.256E+008
 1.710E+013  4.389E-011  5.514E+009  2.283E+008
 1.730E+013  4.655E-011  5.514E+009  2.310E+008
 1.750E+013  4.925E-011  5.514E+009  2.337E+008
 1.770E+013  5.199E-011  5.514E+009  2.364E+008
 1.790E+013  5.477E-011  5.514E+009  2.390E+008
 1.810E+013  5.758E-011  5.514E+009  2.417E+008
 1.830E+013  6.045E-011  5.515E+009  2.444E+008
 1.850E+013  6.336E-011  5.515E+009  2.471E+008
 1.870E+013  6.632E-011  5.515E+009  2.498E+008
 1.890E+013  6.934E-011  5.515E+009  2.524E+008
 1.910E+013  7.243E-011  5.515E+009  2.551E+008
 1.930E+013  7.560E-011  5.516E+009  2.578E+008
 1.950E+013  7.885E-011  5.516E+009  2.605E+008
 1.970E+013  8.220E-011  5.516E+009  2.632E+008
 1.990E+013  8.565E-011  5.516E+009  2.659E+008
 2.010E+013  8.922E-011  5.517E+009  2.686E+008
 2.030E+013  9.292E-011  5.517E+009  2.713E+008
 2.050E+013  9.676E-011  5.517E+009  2.739E+008
 2.070E+013  1.008E-010  5.518E+009  2.766E+008
 2.090E+013  1.049E-010  5.518E+009  2.793E+008
 2.110E+013  1.092E-010  5.518E+009  2.820E+008
 2.130E+013  1.137E-010  5.519E+009  2.847E+008
 2.150E+013  1.184E-010  5.519E+009  2.874E+008
 2.170E+013  1.234E-010  5.520E+009  2.901E+008
 2.190E+013  1.285E-010  5.520E+009  2.928E+008
 2.210E+013  1.338E-010  5.521E+009  2.955E+008
 2.230E+013  1.394E-010  5.521E+009  2.982E+008
 2.250E+013  1.452E-010  5.522E+009  3.009E+008
 2.270E+013  1.513E-010  5.522E+009  3.036E+008
 2.290E+013  1.576E-010  5.523E+009  3.063E+008
 2.310E+013  1.641E-010  5.523E+009  3.090E+008
 2.330E+013  1.709E-010  5.524E+009  3.117E+008
 2.350E+013  1.779E-010  5.525E+009  3.143E+008
 2.370E+013  1.852E-010  5.526E+009  3.170E+008
 2.390E+013  1.927E-010  5.526E+009  3.197E+008
 2.410E+013  2.005E-010  5.527E+009  3.224E+008
 2.430E+013  2.085E-010  5.528E+009  3.251E+008
 2.450E+013  2.167E-010  5.529E+009  3.278E+008
 2.470E+013  2.251E-010  5.530E+009  3.305E+008
 2.490E+013  2.338E-010  5.531E+009  3.332E+008
 2.510E+013  2.427E-010  5.532E+009  3.359E+008
 2.530E+013  2.519E-010  5.533E+009  3.386E+008
 2.550E+013  2.612E-010  5.534E+009  3.413E+008
 2.570E+013  2.708E-010  5.535E+009  3.441E+008
 2.590E+013  2.806E-010  5.536E+009  3.468E+008
 2.610E+013  2.907E-010  5.537E+009  3.495E+008
 2.630E+013  3.010E-010  5.539E+009  3.522E+008
 2.650E+013  3.115E-010  5.540E+009  3.549E+008
 2.670E+013  3.223E-010  5.542E+009  3.576E+008
 2.690E+013  3.335E-010  5.543E+009  3.603E+008
 2.710E+013  3.449E-010  5.545E+009  3.630E+008
 2.730E+013  3.566E-010  5.546E+009  3.657E+008
 2.750E+013  3.687E-010  5.548E+009  3.685E+008
 2.770E+013  3.811E-010  5.550E+009  3.712E+008
 2.790E+013  3.939E-010  5.552E+009  3.739E+008
 2.810E+013  4.071E-010  5.553E+009  3.766E+008
 2.830E+013  4.207E-010  5.555E+009  3.793E+008
 2.850E+013  4.347E-010  5.557E+009  3.821E+008
 2.870E+013  4.492E-010  5.560E+009  3.848E+008
 2.890E+013  4.641E-010  5.562E+009  3.875E+008
 2.910E+013  4.795E-010  5.564E+009  3.903E+008
 2.930E+013  4.954E-010  5.567E+009  3.930E+008
 2.950E+013  5.118E-010  5.569E+009  3.957E+008
 2.970E+013  5.288E-010  5.572E+009  3.985E+008
 2.990E+013  5.462E-010  5.574E+009  4.012E+008
 3.010E+013  5.642E-010  5.577E+009  4.040E+008
 3.030E+013  5.827E-010  5.580E+009  4.067E+008
 3.050E+013  6.017E-010  5.583E+009  4.095E+008
 3.070E+013  6.213E-010  5.586E+009  4.122E+008
 3.090E+013  6.415E-010  5.590E+009  4.150E+008
 3.110E+013  6.622E-010  5.593E+009  4.177E+008
 3.130E+013  6.835E-010  5.597E+009  4.205E+008
 3.150E+013  7.054E-010  5.601E+009  4.233E+008
 3.170E+013  7.278E-010  5.604E+009  4.260E+008
 3.190E+013  7.509E-010  5.608E+009  4.288E+008
 3.210E+013  7.745E-010  5.613E+009  4.316E+008
 3.230E+013  7.988E-010  5.617E+009  4.344E+008
 3.250E+013  8.236E-010  5.621E+009  4.372E+008
 3.270E+013  8.491E-010  5.626E+009  4.400E+008
 3.290E+013  8.752E-010  5.631E+009  4.428E+008
 3.310E+013  9.020E-010  5.636E+009  4.456E+008
 3.330E+013  9.295E-010  5.641E+009  4.484E+008
 3.350E+013  9.576E-010  5.646E+009  4.512E+008
 3.370E+013  9.865E-010  5.652E+009  4.540E+008
 3.390E+013  1.016E-009  5.658E+009  4.568E+008
 3.410E+013  1.046E-009  5.664E+009  4.596E+008
 3.430E+013  1.077E-009  5.670E+009  4.625E+008
 3.450E+013  1.109E-009  5.677E+009  4.653E+008
 3.470E+013  1.142E-009  5.683E+009  4.681E+008
 3.490E+013  1.175E-009  5.690E+009  4.710E+008
 3.510E+013  1.209E-009  5.697E+009  4.739E+008
 3.530E+013  1.245E-009  5.705E+009  4.767E+008
 3.550E+013  1.280E-009  5.713E+009  4.796E+008
 3.570E+013  1.317E-009  5.720E+009  4.825E+008
 3.590E+013  1.355E-009  5.729E+009  4.854E+008
 3.610E+013  1.393E-009  5.737E+009  4.882E+008
 3.630E+013  1.433E-009  5.746E+009  4.911E+008
 3.650E+013  1.473E-009  5.755E+009  4.941E+008
 3.670E+013  1.515E-009  5.765E+009  4.970E+008
 3.690E+013  1.557E-009  5.774E+009  4.999E+008
 3.710E+013  1.600E-009  5.785E+009  5.028E+008
 3.730E+013  1.644E-009  5.795E+009  5.058E+008
 3.750E+013  1.690E-009  5.806E+009  5.087E+008
 3.770E+013  1.736E-009  5.817E+009  5.117E+008
 3.790E+013  1.784E-009  5.829E+009  5.147E+008
 3.810E+013  1.833E-009  5.841E+009  5.177E+008
 3.830E+013  1.883E-009  5.853E+009  5.207E+008
 3.850E+013  1.934E-009  5.866E+009  5.237E+008
 3.870E+013  1.986E-009  5.879E+009  5.267E+008
 3.890E+013  2.040E-009  5.893E+009  5.297E+008
 3.910E+013  2.095E-009  5.907E+009  5.328E+008
 3.930E+013  2.151E-009  5.921E+009  5.358E+008
 3.950E+013  2.209E-009  5.936E+009  5.389E+008
 3.970E+013  2.269E-009  5.952E+009  5.420E+008
 3.990E+013  2.330E-009  5.968E+009  5.451E+008
 4.010E+013  2.392E-009  5.985E+009  5.482E+008
 4.030E+013  2.457E-009  6.002E+009  5.513E+008
 4.050E+013  2.522E-009  6.020E+009  5.545E+008
 4.070E+013  2.590E-009  6.038E+009  5.576E+008
 4.090E+013  2.660E-009  6.057E+009  5.608E+008
 4.110E+013  2.731E-009  6.077E+009  5.640E+008
 4.130E+013  2.804E-009  6.097E+009  5.672E+008
 4.150E+013  2.879E-009  6.118E+009  5.704E+008
 4.170E+013  2.957E-009  6.140E+009  5.737E+008
 4.190E+013  3.036E-009  6.162E+009  5.769E+008
 4.210E+013  3.118E-009  6.185E+009  5.802E+008
 4.230E+013  3.201E-009  6.209E+009  5.835E+008
 4.250E+013  3.287E-009  6.234E+009  5.868E+008
 4.270E+013  3.376E-009  6.259E+009  5.902E+008
 4.290E+013  3.466E-009  6.286E+009  5.935E+008
 4.310E+013  3.559E-009  6.313E+009  5.969E+008
 4.330E+013  3.655E-009  6.341E+009  6.003E+008
 4.350E+013  3.754E-009  6.370E+009  6.037E+008
 4.370E+013  3.855E-009  6.400E+009  6.072E+008
 4.390E+013  3.958E-009  6.431E+009  6.107E+008
 4.410E+013  4.065E-009  6.464E+009  6.142E+008
 4.430E+013  4.175E-009  6.497E+009  6.177E+008
 4.450E+013  4.288E-009  6.531E+009  6.212E+008
 4.470E+013  4.404E-009  6.567E+009  6.248E+008
 4.490E+013  4.523E-009  6.603E+009  6.284E+008
 4.510E+013  4.646E-009  6.641E+009  6.320E+008
 4.530E+013  4.772E-009  6.681E+009  6.357E+008
 4.550E+013  4.902E-009  6.721E+009  6.394E+008
 4.570E+013  5.035E-009  6.763E+009  6.431E+008
 4.590E+013  5.173E-009  6.807E+009  6.468E+008
 4.610E+013  5.314E-009  6.852E+009  6.506E+008
 4.630E+013  5.460E-009  6.898E+009  6.544E+008
 4.650E+013  5.610E-009  6.947E+009  6.583E+008
 4.670E+013  5.765E-009  6.996E+009  6.621E+008
 4.690E+013  5.925E-009  7.048E+009  6.660E+008
 4.710E+013  6.089E-009  7.101E+009  6.700E+008
 4.730E+013  6.259E-009  7.156E+009  6.740E+008
 4.750E+013  6.434E-009  7.213E+009  6.780E+008
 4.770E+013  6.615E-009  7.272E+009  6.820E+008
 4.790E+013  6.801E-009  7.334E+009  6.861E+008
 4.810E+013  6.994E-009  7.397E+009  6.902E+008
 4.830E+013  7.193E-009  7.463E+009  6.944E+008
 4.850E+013  7.398E-009  7.531E+009  6.986E+008
 4.870E+013  7.611E-009  7.601E+009  7.029E+008
 4.890E+013  7.831E-009  7.674E+009  7.071E+008
 4.910E+013  8.058E-009  7.749E+009  7.115E+008
 4.930E+013  8.294E-009  7.828E+009  7.158E+008
 4.950E+013  8.537E-009  7.909E+009  7.202E+008
 4.970E+013  8.790E-009  7.993E+009  7.247E+008
 4.990E+013  9.051E-009  8.080E+009  7.292E+008
 5.010E+013  9.322E-009  8.171E+009  7.337E+008
 5.030E+013  9.603E-009  8.264E+009  7.383E+008
 5.050E+013  9.894E-009  8.362E+009  7.430E+008
 5.070E+013  1.020E-008  8.463E+009  7.476E+008
 5.090E+013  1.051E-008  8.568E+009  7.524E+008
 5.110E+013  1.084E-008  8.676E+009  7.572E+008
 5.130E+013  1.117E-008  8.789E+009  7.620E+008
 5.150E+013  1.152E-008  8.907E+009  7.669E+008
 5.170E+013  1.189E-008  9.029E+009  7.718E+008
 5.190E+013  1.227E-008  9.155E+009  7.768E+008
 5.210E+013  1.266E-008  9.287E+009  7.818E+008
 5.230E+013  1.308E-008  9.424E+009  7.869E+008
 5.250E+013  1.350E-008  9.566E+009  7.920E+008
 5.270E+013  1.395E-008  9.714E+009  7.972E+008
 5.290E+013  1.441E-008  9.868E+009  8.024E+008
 5.310E+013  1.490E-008  1.003E+010  8.077E+008
 5.330E+013  1.540E-008  1.019E+010  8.130E+008
 5.350E+013  1.593E-008  1.037E+010  8.184E+008
 5.370E+013  1.648E-008  1.055E+010  8.239E+008
 5.390E+013  1.706E-008  1.074E+010  8.294E+008
 5.410E+013  1.766E-008  1.093E+010  8.349E+008
 5.430E+013  1.828E-008  1.114E+010  8.406E+008
 5.450E+013  1.894E-008  1.135E+010  8.462E+008
 5.470E+013  1.963E-008  1.157E+010  8.519E+008
 5.490E+013  2.035E-008  1.180E+010  8.577E+008
 5.510E+013  2.110E-008  1.205E+010  8.635E+008
 5.530E+013  2.190E-008  1.230E+010  8.694E+008
 5.550E+013  2.273E-008  1.256E+010  8.754E+008
 5.570E+013  2.360E-008  1.284E+010  8.813E+008
 5.590E+013  2.451E-008  1.312E+010  8.874E+008
 5.610E+013  2.547E-008  1.343E+010  8.935E+008
 5.630E+013  2.649E-008  1.374E+010  8.996E+008
 5.650E+013  2.755E-008  1.407E+010  9.058E+008
 5.670E+013  2.867E-008  1.441E+010  9.121E+008
 5.690E+013  2.984E-008  1.477E+010  9.183E+008
 5.710E+013  3.109E-008  1.515E+010  9.246E+008
 5.730E+013  3.242E-008  1.556E+010  9.314E+008
 5.750E+013  3.376E-008  1.594E+010  9.378E+008
 5.770E+013  3.516E-008  1.634E+010  9.426E+008
 5.790E+013  3.699E-008  1.706E+010  9.509E+008
 5.810E+013  3.845E-008  1.756E+010  9.652E+008
 5.830E+013  3.792E-008  1.646E+010  9.615E+008
 5.850E+013  3.102E-008  1.081E+010  8.996E+008
 5.870E+013  1.861E-008  3.109E+009  7.037E+008
 5.890E+013  1.200E-008  2.443E+008  3.690E+008
 5.910E+013  1.019E-008  9.203E+005  7.447E+007
 5.930E+013  1.000E-008  6.533E+001  1.518E+006
 5.950E+013  1.000E-008  6.236E+001  2.722E+002
 5.970E+013  1.000E-008  6.236E+001  3.801E-006
 5.990E+013  1.000E-008  6.236E+001  2.944E-022
 6.010E+013  1.000E-008  6.236E+001  5.484E-055
 6.030E+013  1.000E-008  6.236E+001  6.395E-014
 6.050E+013  1.000E-008  6.236E+001 -6.395E-014
 6.070E+013  1.000E-008  6.236E+001  6.395E-014
 6.090E+013  1.000E-008  6.236E+001 -6.395E-014
 6.110E+013  1.000E-008  6.236E+001  0.000E+000
 6.130E+013  1.000E-008  6.236E+001  0.000E+000
 6.150E+013  1.000E-008  6.236E+001  0.000E+000
 6.170E+013  1.000E-008  6.236E+001  6.395E-014
 6.190E+013  1.000E-008  6.236E+001 -6.395E-014
 6.210E+013  1.000E-008  6.236E+001  0.000E+000
 6.230E+013  1.000E-008  6.236E+001  0.000E+000
 6.250E+013  1.000E-008  6.236E+001  0.000E+000
 6.270E+013  1.000E-008  6.236E+001  0.000E+000
 6.290E+013  1.000E-008  6.236E+001  0.000E+000
 6.310E+013  1.000E-008  6.236E+001  0.000E+000
 6.330E+013  1.000E-008  6.236E+001  0.000E+000
 6.350E+013  1.000E-008  6.236E+001  6.395E-014
 6.370E+013  1.000E-008  6.236E+001 -6.395E-014
 6.390E+013  1.000E-008  6.236E+001  0.000E+000
 6.410E+013  1.000E-008  6.236E+001  0.000E+000
 6.430E+013  1.000E-008  6.236E+001  0.000E+000
 6.450E+013  1.000E-008  6.236E+001  0.000E+000
 6.470E+013  1.000E-008  6.236E+001  6.395E-014
 6.490E+013  1.000E-008  6.236E+001 -6.395E-014
 6.510E+013  1.000E-008  6.236E+001  0.000E+000
 6.530E+013  1.000E-008  6.236E+001  0.000E+000
 6.550E+013  1.000E-008  6.236E+001  0.000E+000
 6.570E+013  1.000E-008  6.236E+001  0.000E+000
 6.590E+013  1.000E-008  6.236E+001  6.395E-014
 6.610E+013  1.000E-008  6.236E+001 -6.395E-014
 6.630E+013  1.000E-008  6.236E+001  0.000E+000
 6.650E+013  1.000E-008  6.236E+001  0.000E+000
 6.670E+013  1.000E-008  6.236E+001  0.000E+000
 6.690E+013  1.000E-008  6.236E+001  6.395E-014
 6.710E+013  1.000E-008  6.236E+001 -6.395E-014
 6.730E+013  1.000E-008  6.236E+001  0.000E+000
 6.750E+013  1.000E-008  6.236E+001  0.000E+000
 6.770E+013  1.000E-008  6.236E+001  6.395E-014
 6.790E+013  1.000E-008  6.236E+001 -6.395E-014
 6.810E+013  1.000E-008  6.236E+001  6.395E-014
 6.830E+013  1.000E-008  6.236E+001 -3.599E-037
 6.850E+013  1.000E-008  6.236E+001 -6.395E-014
 6.870E+013  1.000E-008  6.236E+001  0.000E+000
 6.890E+013  1.000E-008  6.236E+001  0.000E+000
 6.910E+013  1.000E-008  6.236E+001  0.000E+000
 6.930E+013  1.000E-008  6.236E+001  6.395E-014
 6.950E+013  1.000E-008  6.236E+001 -6.395E-014
 6.970E+013  1.000E-008  6.236E+001  0.000E+000
 6.990E+013  1.000E-008  6.236E+001  0.000E+000
 7.010E+013  1.000E-008  6.236E+001  0.000E+000
 7.030E+013  1.000E-008  6.236E+001  0.000E+000
 7.050E+013  1.000E-008  6.236E+001  0.000E+000
 7.070E+013  1.000E-008  6.236E+001  0.000E+000
 7.090E+013  1.000E-008  6.236E+001  0.000E+000
 7.110E+013  1.000E-008  6.236E+001  0.000E+000
 7.130E+013  1.000E-008  6.236E+001  0.000E+000
 7.150E+013  1.000E-008  6.236E+001  0.000E+000
 7.170E+013  1.000E-008  6.236E+001  0.000E+000
 7.190E+013  1.000E-008  6.236E+001  6.395E-014
 7.210E+013  1.000E-008  6.236E+001 -6.395E-014
 7.230E+013  1.000E-008  6.236E+001  0.000E+000
 7.250E+013  1.000E-008  6.236E+001  0.000E+000
 7.270E+013  1.000E-008  6.236E+001  1.279E-013
 7.290E+013  1.000E-008  6.236E+001 -1.349E-036
 7.310E+013  1.000E-008  6.236E+001 -1.279E-013
 7.330E+013  1.000E-008  6.236E+001 -3.070E-034
 7.350E+013  1.000E-008  6.236E+001 -6.395E-014
 7.370E+013  1.000E-008  6.236E+001  6.395E-014
 7.390E+013  1.000E-008  6.236E+001  3.066E-034
 7.410E+013  1.000E-008  6.236E+001  2.417E-075
 7.430E+013  1.000E-008  6.236E+001  7.002E-158
 7.450E+013  1.000E-008  6.236E+001  0.000E+000
 7.470E+013  1.000E-008  6.236E+001  0.000E+000
 7.490E+013  1.000E-008  6.236E+001  0.000E+000
 7.510E+013  1.000E-008  6.236E+001  0.000E+000
 7.530E+013  1.000E-008  6.236E+001  0.000E+000
 7.550E+013  1.000E-008  6.236E+001  0.000E+000
 7.570E+013  1.000E-008  6.236E+001  0.000E+000
 7.590E+013  1.000E-008  6.236E+001  0.000E+000
 7.610E+013  1.000E-008  6.236E+001  0.000E+000
 7.630E+013  1.000E-008  6.236E+001  0.000E+000
 7.650E+013  1.000E-008  6.236E+001  0.000E+000
 7.670E+013  1.000E-008  6.236E+001  1.279E-013
 7.690E+013  1.000E-008  6.236E+001 -1.279E-013
 7.710E+013  1.000E-008  6.236E+001  1.919E-013
 7.730E+013  1.000E-008  6.236E+001 -1.919E-013
 7.750E+013  1.000E-008  6.236E+001  7.268E-035
 7.770E+013  1.000E-008  6.236E+001  1.279E-013
 7.790E+013  1.000E-008  6.236E+001 -3.837E-013
 7.810E+013  1.000E-008  6.236E+001  3.837E-013
 7.830E+013  1.000E-008  6.236E+001 -1.279E-013
 7.850E+013  1.000E-008  6.236E+001 -1.707E-075
 7.870E+013  1.000E-008  6.236E+001 -2.577E-034
 7.890E+013  1.000E-008  6.236E+001 -6.395E-014
 7.910E+013  1.000E-008  6.236E+001 -3.198E-013
 7.930E+013  1.000E-008  6.236E+001  1.919E-013
 7.950E+013  1.000E-008  6.236E+001  1.919E-013
 7.970E+013  1.000E-008  6.236E+001 -2.558E-013
 7.990E+013  1.000E-008  6.236E+001  2.558E-013
 8.010E+013  1.000E-008  6.236E+001  4.906E-033
 8.030E+013  1.000E-008  6.236E+001  6.187E-073
 8.050E+013  1.000E-008  6.236E+001  4.589E-153
 8.070E+013  1.000E-008  6.236E+001 -1.316E-306
 8.090E+013  1.000E-008  6.236E+001 -1.507E-149
 8.110E+013  1.000E-008  6.236E+001 -3.545E-071
 8.130E+013  1.000E-008  6.236E+001 -3.714E-032
 8.150E+013  1.000E-008  6.236E+001 -7.035E-013
 8.170E+013  1.000E-008  6.236E+001  8.953E-013
 8.190E+013  1.000E-008  6.236E+001 -1.919E-013
 8.210E+013  1.000E-008  6.236E+001  0.000E+000
 8.230E+013  1.000E-008  6.236E+001  0.000E+000
 8.250E+013  1.000E-008  6.236E+001  0.000E+000
 8.270E+013  1.000E-008  6.236E+001  0.000E+000
 8.290E+013  1.000E-008  6.236E+001  2.558E-013
 8.310E+013  1.000E-008  6.236E+001 -2.558E-013
 8.330E+013  1.000E-008  6.236E+001 -2.981E-034
 8.350E+013  1.000E-008  6.236E+001  3.837E-013
 8.370E+013  1.000E-008  6.236E+001 -3.198E-013
 8.390E+013  1.000E-008  6.236E+001 -3.069E-034
 8.410E+013  1.000E-008  6.236E+001 -6.395E-014
 8.430E+013  1.000E-008  6.236E+001  6.395E-014
 8.450E+013  1.000E-008  6.236E+001 -2.908E-037
 8.470E+013  1.000E-008  6.236E+001 -6.395E-014
 8.490E+013  1.000E-008  6.236E+001 -1.447E-037
 8.510E+013  1.000E-008  6.236E+001  6.395E-014
 8.530E+013  1.000E-008  6.236E+001 -2.881E-037
 8.550E+013  1.000E-008  6.236E+001 -6.395E-014
 8.570E+013  1.000E-008  6.236E+001 -1.434E-037
 8.590E+013  1.000E-008  6.236E+001  6.395E-014
 8.610E+013  1.000E-008  6.236E+001 -6.395E-014
 8.630E+013  1.000E-008  6.236E+001  0.000E+000
 8.650E+013  1.000E-008  6.236E+001  0.000E+000
 8.670E+013  1.000E-008  6.236E+001  0.000E+000
 8.690E+013  1.000E-008  6.236E+001  0.000E+000
 8.710E+013  1.000E-008  6.236E+001  0.000E+000
 8.730E+013  1.000E-008  6.236E+001  0.000E+000
 8.750E+013  1.000E-008  6.236E+001  6.395E-014
 8.770E+013  1.000E-008  6.236E+001 -6.395E-014
 8.790E+013  1.000E-008  6.236E+001 -1.398E-037
 8.810E+013  1.000E-008  6.236E+001  6.395E-014
 8.830E+013  1.000E-008  6.236E+001 -6.395E-014
 8.850E+013  1.000E-008  6.236E+001  6.395E-014
 8.870E+013  1.000E-008  6.236E+001  6.395E-014
 8.890E+013  1.000E-008  6.236E+001 -1.279E-013
 8.910E+013  1.000E-008  6.236E+001  0.000E+000
 8.930E+013  1.000E-008  6.236E+001  0.000E+000
 8.950E+013  1.000E-008  6.236E+001  0.000E+000
 8.970E+013  1.000E-008  6.236E+001  0.000E+000
 8.990E+013  1.000E-008  6.236E+001  0.000E+000
 9.010E+013  1.000E-008  6.236E+001  6.395E-014
 9.030E+013  1.000E-008  6.236E+001 -2.721E-037
 9.050E+013  1.000E-008  6.236E+001 -6.395E-014
 9.070E+013  1.000E-008  6.236E+001  6.395E-014
 9.090E+013  1.000E-008  6.236E+001 -2.703E-037
 9.110E+013  1.000E-008  6.236E+001 -6.395E-014
 9.130E+013  1.000E-008  6.236E+001  0.000E+000
 9.150E+013  1.000E-008  6.236E+001  0.000E+000
 9.170E+013  1.000E-008  6.236E+001  0.000E+000
 9.190E+013  1.000E-008  6.236E+001  0.000E+000
 9.210E+013  1.000E-008  6.236E+001  0.000E+000
 9.230E+013  1.000E-008  6.236E+001  6.395E-014
 9.250E+013  1.000E-008  6.236E+001 -2.656E-037
 9.270E+013  1.000E-008  6.236E+001 -6.395E-014
 9.290E+013  1.000E-008  6.236E+001  0.000E+000
 9.310E+013  1.000E-008  6.236E+001  0.000E+000
 9.330E+013  1.000E-008  6.236E+001  0.000E+000
 9.350E+013  1.000E-008  6.236E+001  0.000E+000
 9.370E+013  1.000E-008  6.236E+001  6.395E-014
 9.390E+013  1.000E-008  6.236E+001 -6.395E-014
 9.410E+013  1.000E-008  6.236E+001  6.395E-014
 9.430E+013  1.000E-008  6.236E+001 -6.395E-014
 9.450E+013  1.000E-008  6.236E+001  0.000E+000
 9.470E+013  1.000E-008  6.236E+001  0.000E+000
 9.490E+013  1.000E-008  6.236E+001  0.000E+000
 9.510E+013  1.000E-008  6.236E+001  0.000E+000
 9.530E+013  1.000E-008  6.236E+001  6.395E-014
 9.550E+013  1.000E-008  6.236E+001 -6.395E-014
 9.570E+013  1.000E-008  6.236E+001 -2.421E-075
 9.590E+013  1.000E-008  6.236E+001 -3.069E-034
 9.610E+013  1.000E-008  6.236E+001 -6.395E-014
 9.630E+013  1.000E-008  6.236E+001  6.395E-014
 9.650E+013  1.000E-008  6.236E+001  3.067E-034
 9.670E+013  1.000E-008  6.236E+001  6.395E-014
 9.690E+013  1.000E-008  6.236E+001 -6.395E-014
 9.710E+013  1.000E-008  6.236E+001  0.000E+000
 9.730E+013  1.000E-008  6.236E+001  0.000E+000
 9.750E+013  1.000E-008  6.236E+001  0.000E+000
 9.770E+013  1.000E-008  6.236E+001  0.000E+000
 9.790E+013  1.000E-008  6.236E+001  0.000E+000
 9.810E+013  1.000E-008  6.236E+001  0.000E+000
 9.830E+013  1.000E-008  6.236E+001  0.000E+000
 9.850E+013  1.000E-008  6.236E+001  0.000E+000
 9.870E+013  1.000E-008  6.236E+001  0.000E+000
 9.890E+013  1.000E-008  6.236E+001  0.000E+000
 9.910E+013  1.000E-008  6.236E+001  0.000E+000
 9.930E+013  1.000E-008  6.236E+001  0.000E+000
 9.950E+013  1.000E-008  6.236E+001  6.395E-014
 9.970E+013  1.000E-008  6.236E+001 -6.395E-014
 9.990E+013  1.000E-008  6.236E+001  0.000E+000
 1.001E+014  1.000E-099  1.000E-099  0.000E+000
 1.003E+014  1.000E-099  1.000E-099  0.000E+000
 5.708E-004
