 4.800E+004
     x1b        dens       energ       v1
 1.000E+011  1.612E-012  1.683E+009  0.000E+000
 3.000E+011  1.612E-012  1.683E+009  1.082E+006
 5.000E+011  1.614E-012  1.683E+009  1.987E+006
 7.000E+011  1.618E-012  1.683E+009  3.039E+006
 9.000E+011  1.624E-012  1.683E+009  4.026E+006
 1.100E+012  1.633E-012  1.683E+009  5.046E+006
 1.300E+012  1.646E-012  1.683E+009  6.048E+006
 1.500E+012  1.661E-012  1.683E+009  7.059E+006
 1.700E+012  1.679E-012  1.683E+009  8.066E+006
 1.900E+012  1.699E-012  1.683E+009  9.075E+006
 2.100E+012  1.720E-012  1.683E+009  1.008E+007
 2.300E+012  1.744E-012  1.683E+009  1.109E+007
 2.500E+012  1.768E-012  1.683E+009  1.210E+007
 2.700E+012  1.792E-012  1.683E+009  1.311E+007
 2.900E+012  1.817E-012  1.683E+009  1.412E+007
 3.100E+012  1.842E-012  1.683E+009  1.513E+007
 3.300E+012  1.867E-012  1.683E+009  1.613E+007
 3.500E+012  1.891E-012  1.683E+009  1.714E+007
 3.700E+012  1.914E-012  1.683E+009  1.815E+007
 3.900E+012  1.936E-012  1.683E+009  1.916E+007
 4.100E+012  1.954E-012  1.683E+009  2.017E+007
 4.300E+012  1.968E-012  1.683E+009  2.118E+007
 4.500E+012  1.977E-012  1.683E+009  2.218E+007
 4.700E+012  1.980E-012  1.683E+009  2.319E+007
 4.900E+012  1.980E-012  1.683E+009  2.420E+007
 5.100E+012  1.980E-012  1.683E+009  2.521E+007
 5.300E+012  1.980E-012  1.683E+009  2.622E+007
 5.500E+012  1.980E-012  1.683E+009  2.722E+007
 5.700E+012  1.980E-012  1.683E+009  2.823E+007
 5.900E+012  1.979E-012  1.683E+009  2.924E+007
 6.100E+012  1.979E-012  1.683E+009  3.025E+007
 6.300E+012  1.978E-012  1.683E+009  3.126E+007
 6.500E+012  1.977E-012  1.683E+009  3.227E+007
 6.700E+012  1.975E-012  1.683E+009  3.327E+007
 6.900E+012  1.974E-012  1.683E+009  3.428E+007
 7.100E+012  1.972E-012  1.683E+009  3.529E+007
 7.300E+012  1.970E-012  1.683E+009  3.630E+007
 7.500E+012  1.970E-012  1.683E+009  3.731E+007
 7.700E+012  1.969E-012  1.683E+009  3.832E+007
 7.900E+012  1.969E-012  1.683E+009  3.932E+007
 8.100E+012  1.969E-012  1.683E+009  4.033E+007
 8.300E+012  1.970E-012  1.683E+009  4.134E+007
 8.500E+012  1.970E-012  1.684E+009  4.235E+007
 8.700E+012  1.970E-012  1.684E+009  4.336E+007
 8.900E+012  1.971E-012  1.684E+009  4.437E+007
 9.100E+012  1.973E-012  1.684E+009  4.537E+007
 9.300E+012  1.975E-012  1.684E+009  4.638E+007
 9.500E+012  1.977E-012  1.684E+009  4.739E+007
 9.700E+012  1.981E-012  1.684E+009  4.840E+007
 9.900E+012  1.985E-012  1.684E+009  4.941E+007
 1.010E+013  1.990E-012  1.684E+009  5.042E+007
 1.030E+013  1.997E-012  1.684E+009  5.142E+007
 1.050E+013  2.005E-012  1.684E+009  5.243E+007
 1.070E+013  2.015E-012  1.684E+009  5.344E+007
 1.090E+013  2.026E-012  1.684E+009  5.445E+007
 1.110E+013  2.040E-012  1.684E+009  5.546E+007
 1.130E+013  2.055E-012  1.684E+009  5.647E+007
 1.150E+013  2.073E-012  1.684E+009  5.748E+007
 1.170E+013  2.094E-012  1.684E+009  5.848E+007
 1.190E+013  2.117E-012  1.684E+009  5.949E+007
 1.210E+013  2.143E-012  1.684E+009  6.050E+007
 1.230E+013  2.173E-012  1.684E+009  6.151E+007
 1.250E+013  2.207E-012  1.684E+009  6.252E+007
 1.270E+013  2.245E-012  1.684E+009  6.353E+007
 1.290E+013  2.287E-012  1.684E+009  6.454E+007
 1.310E+013  2.333E-012  1.684E+009  6.555E+007
 1.330E+013  2.386E-012  1.684E+009  6.655E+007
 1.350E+013  2.443E-012  1.684E+009  6.756E+007
 1.370E+013  2.507E-012  1.684E+009  6.857E+007
 1.390E+013  2.578E-012  1.684E+009  6.958E+007
 1.410E+013  2.656E-012  1.684E+009  7.059E+007
 1.430E+013  2.742E-012  1.684E+009  7.160E+007
 1.450E+013  2.837E-012  1.684E+009  7.261E+007
 1.470E+013  2.941E-012  1.684E+009  7.362E+007
 1.490E+013  3.056E-012  1.684E+009  7.463E+007
 1.510E+013  3.183E-012  1.684E+009  7.564E+007
 1.530E+013  3.322E-012  1.684E+009  7.665E+007
 1.550E+013  3.474E-012  1.684E+009  7.766E+007
 1.570E+013  3.642E-012  1.684E+009  7.867E+007
 1.590E+013  3.825E-012  1.684E+009  7.969E+007
 1.610E+013  4.027E-012  1.684E+009  8.070E+007
 1.630E+013  4.247E-012  1.684E+009  8.171E+007
 1.650E+013  4.488E-012  1.684E+009  8.272E+007
 1.670E+013  4.751E-012  1.684E+009  8.373E+007
 1.690E+013  5.038E-012  1.684E+009  8.474E+007
 1.710E+013  5.351E-012  1.684E+009  8.575E+007
 1.730E+013  5.692E-012  1.684E+009  8.677E+007
 1.750E+013  6.061E-012  1.684E+009  8.778E+007
 1.770E+013  6.462E-012  1.684E+009  8.879E+007
 1.790E+013  6.896E-012  1.684E+009  8.980E+007
 1.810E+013  7.363E-012  1.684E+009  9.081E+007
 1.830E+013  7.866E-012  1.684E+009  9.182E+007
 1.850E+013  8.406E-012  1.684E+009  9.283E+007
 1.870E+013  8.983E-012  1.684E+009  9.384E+007
 1.890E+013  9.598E-012  1.684E+009  9.485E+007
 1.910E+013  1.025E-011  1.684E+009  9.585E+007
 1.930E+013  1.094E-011  1.684E+009  9.686E+007
 1.950E+013  1.167E-011  1.684E+009  9.787E+007
 1.970E+013  1.244E-011  1.684E+009  9.888E+007
 1.990E+013  1.323E-011  1.684E+009  9.988E+007
 2.010E+013  1.407E-011  1.684E+009  1.009E+008
 2.030E+013  1.493E-011  1.684E+009  1.019E+008
 2.050E+013  1.582E-011  1.684E+009  1.029E+008
 2.070E+013  1.674E-011  1.684E+009  1.039E+008
 2.090E+013  1.768E-011  1.684E+009  1.049E+008
 2.110E+013  1.864E-011  1.684E+009  1.059E+008
 2.130E+013  1.963E-011  1.684E+009  1.069E+008
 2.150E+013  2.063E-011  1.684E+009  1.079E+008
 2.170E+013  2.164E-011  1.684E+009  1.089E+008
 2.190E+013  2.267E-011  1.684E+009  1.099E+008
 2.210E+013  2.371E-011  1.684E+009  1.110E+008
 2.230E+013  2.477E-011  1.684E+009  1.120E+008
 2.250E+013  2.584E-011  1.684E+009  1.130E+008
 2.270E+013  2.691E-011  1.684E+009  1.140E+008
 2.290E+013  2.800E-011  1.684E+009  1.150E+008
 2.310E+013  2.911E-011  1.684E+009  1.160E+008
 2.330E+013  3.022E-011  1.684E+009  1.170E+008
 2.350E+013  3.136E-011  1.684E+009  1.180E+008
 2.370E+013  3.250E-011  1.684E+009  1.190E+008
 2.390E+013  3.367E-011  1.684E+009  1.200E+008
 2.410E+013  3.486E-011  1.684E+009  1.210E+008
 2.430E+013  3.606E-011  1.684E+009  1.220E+008
 2.450E+013  3.730E-011  1.684E+009  1.230E+008
 2.470E+013  3.856E-011  1.684E+009  1.241E+008
 2.490E+013  3.984E-011  1.684E+009  1.251E+008
 2.510E+013  4.116E-011  1.684E+009  1.261E+008
 2.530E+013  4.251E-011  1.684E+009  1.271E+008
 2.550E+013  4.390E-011  1.684E+009  1.281E+008
 2.570E+013  4.533E-011  1.684E+009  1.291E+008
 2.590E+013  4.680E-011  1.684E+009  1.301E+008
 2.610E+013  4.831E-011  1.684E+009  1.311E+008
 2.630E+013  4.988E-011  1.684E+009  1.321E+008
 2.650E+013  5.149E-011  1.684E+009  1.331E+008
 2.670E+013  5.315E-011  1.684E+009  1.341E+008
 2.690E+013  5.487E-011  1.684E+009  1.352E+008
 2.710E+013  5.665E-011  1.684E+009  1.362E+008
 2.730E+013  5.849E-011  1.684E+009  1.372E+008
 2.750E+013  6.039E-011  1.684E+009  1.382E+008
 2.770E+013  6.236E-011  1.684E+009  1.392E+008
 2.790E+013  6.439E-011  1.684E+009  1.402E+008
 2.810E+013  6.649E-011  1.684E+009  1.412E+008
 2.830E+013  6.867E-011  1.685E+009  1.422E+008
 2.850E+013  7.091E-011  1.685E+009  1.432E+008
 2.870E+013  7.323E-011  1.685E+009  1.442E+008
 2.890E+013  7.562E-011  1.685E+009  1.452E+008
 2.910E+013  7.808E-011  1.685E+009  1.463E+008
 2.930E+013  8.062E-011  1.685E+009  1.473E+008
 2.950E+013  8.324E-011  1.685E+009  1.483E+008
 2.970E+013  8.593E-011  1.685E+009  1.493E+008
 2.990E+013  8.869E-011  1.685E+009  1.503E+008
 3.010E+013  9.153E-011  1.685E+009  1.513E+008
 3.030E+013  9.444E-011  1.685E+009  1.523E+008
 3.050E+013  9.742E-011  1.685E+009  1.533E+008
 3.070E+013  1.005E-010  1.685E+009  1.543E+008
 3.090E+013  1.036E-010  1.685E+009  1.553E+008
 3.110E+013  1.068E-010  1.685E+009  1.564E+008
 3.130E+013  1.101E-010  1.685E+009  1.574E+008
 3.150E+013  1.134E-010  1.686E+009  1.584E+008
 3.170E+013  1.168E-010  1.686E+009  1.594E+008
 3.190E+013  1.203E-010  1.686E+009  1.604E+008
 3.210E+013  1.238E-010  1.686E+009  1.614E+008
 3.230E+013  1.274E-010  1.686E+009  1.624E+008
 3.250E+013  1.311E-010  1.686E+009  1.634E+008
 3.270E+013  1.348E-010  1.686E+009  1.644E+008
 3.290E+013  1.386E-010  1.686E+009  1.655E+008
 3.310E+013  1.425E-010  1.686E+009  1.665E+008
 3.330E+013  1.465E-010  1.686E+009  1.675E+008
 3.350E+013  1.505E-010  1.687E+009  1.685E+008
 3.370E+013  1.546E-010  1.687E+009  1.695E+008
 3.390E+013  1.588E-010  1.687E+009  1.705E+008
 3.410E+013  1.631E-010  1.687E+009  1.715E+008
 3.430E+013  1.675E-010  1.687E+009  1.725E+008
 3.450E+013  1.719E-010  1.687E+009  1.735E+008
 3.470E+013  1.765E-010  1.687E+009  1.746E+008
 3.490E+013  1.812E-010  1.688E+009  1.756E+008
 3.510E+013  1.859E-010  1.688E+009  1.766E+008
 3.530E+013  1.908E-010  1.688E+009  1.776E+008
 3.550E+013  1.958E-010  1.688E+009  1.786E+008
 3.570E+013  2.009E-010  1.688E+009  1.796E+008
 3.590E+013  2.062E-010  1.688E+009  1.806E+008
 3.610E+013  2.115E-010  1.689E+009  1.817E+008
 3.630E+013  2.170E-010  1.689E+009  1.827E+008
 3.650E+013  2.227E-010  1.689E+009  1.837E+008
 3.670E+013  2.284E-010  1.689E+009  1.847E+008
 3.690E+013  2.344E-010  1.689E+009  1.857E+008
 3.710E+013  2.404E-010  1.689E+009  1.867E+008
 3.730E+013  2.466E-010  1.690E+009  1.877E+008
 3.750E+013  2.530E-010  1.690E+009  1.888E+008
 3.770E+013  2.595E-010  1.690E+009  1.898E+008
 3.790E+013  2.662E-010  1.690E+009  1.908E+008
 3.810E+013  2.730E-010  1.691E+009  1.918E+008
 3.830E+013  2.800E-010  1.691E+009  1.928E+008
 3.850E+013  2.871E-010  1.691E+009  1.938E+008
 3.870E+013  2.944E-010  1.691E+009  1.949E+008
 3.890E+013  3.019E-010  1.692E+009  1.959E+008
 3.910E+013  3.095E-010  1.692E+009  1.969E+008
 3.930E+013  3.173E-010  1.692E+009  1.979E+008
 3.950E+013  3.252E-010  1.693E+009  1.989E+008
 3.970E+013  3.333E-010  1.693E+009  2.000E+008
 3.990E+013  3.416E-010  1.693E+009  2.010E+008
 4.010E+013  3.501E-010  1.694E+009  2.020E+008
 4.030E+013  3.587E-010  1.694E+009  2.030E+008
 4.050E+013  3.675E-010  1.694E+009  2.040E+008
 4.070E+013  3.765E-010  1.695E+009  2.051E+008
 4.090E+013  3.856E-010  1.695E+009  2.061E+008
 4.110E+013  3.949E-010  1.695E+009  2.071E+008
 4.130E+013  4.044E-010  1.696E+009  2.081E+008
 4.150E+013  4.141E-010  1.696E+009  2.091E+008
 4.170E+013  4.239E-010  1.697E+009  2.102E+008
 4.190E+013  4.339E-010  1.697E+009  2.112E+008
 4.210E+013  4.442E-010  1.697E+009  2.122E+008
 4.230E+013  4.546E-010  1.698E+009  2.132E+008
 4.250E+013  4.652E-010  1.698E+009  2.143E+008
 4.270E+013  4.760E-010  1.699E+009  2.153E+008
 4.290E+013  4.870E-010  1.699E+009  2.163E+008
 4.310E+013  4.982E-010  1.700E+009  2.174E+008
 4.330E+013  5.096E-010  1.700E+009  2.184E+008
 4.350E+013  5.213E-010  1.701E+009  2.194E+008
 4.370E+013  5.331E-010  1.701E+009  2.204E+008
 4.390E+013  5.452E-010  1.702E+009  2.215E+008
 4.410E+013  5.574E-010  1.703E+009  2.225E+008
 4.430E+013  5.699E-010  1.703E+009  2.235E+008
 4.450E+013  5.826E-010  1.704E+009  2.246E+008
 4.470E+013  5.956E-010  1.704E+009  2.256E+008
 4.490E+013  6.087E-010  1.705E+009  2.266E+008
 4.510E+013  6.221E-010  1.706E+009  2.277E+008
 4.530E+013  6.358E-010  1.706E+009  2.287E+008
 4.550E+013  6.496E-010  1.707E+009  2.297E+008
 4.570E+013  6.637E-010  1.708E+009  2.308E+008
 4.590E+013  6.781E-010  1.709E+009  2.318E+008
 4.610E+013  6.927E-010  1.709E+009  2.328E+008
 4.630E+013  7.075E-010  1.710E+009  2.339E+008
 4.650E+013  7.226E-010  1.711E+009  2.349E+008
 4.670E+013  7.379E-010  1.712E+009  2.360E+008
 4.690E+013  7.535E-010  1.713E+009  2.370E+008
 4.710E+013  7.694E-010  1.713E+009  2.381E+008
 4.730E+013  7.855E-010  1.714E+009  2.391E+008
 4.750E+013  8.019E-010  1.715E+009  2.401E+008
 4.770E+013  8.185E-010  1.716E+009  2.412E+008
 4.790E+013  8.355E-010  1.717E+009  2.422E+008
 4.810E+013  8.527E-010  1.718E+009  2.433E+008
 4.830E+013  8.702E-010  1.719E+009  2.443E+008
 4.850E+013  8.880E-010  1.720E+009  2.454E+008
 4.870E+013  9.061E-010  1.721E+009  2.464E+008
 4.890E+013  9.245E-010  1.722E+009  2.475E+008
 4.910E+013  9.432E-010  1.723E+009  2.485E+008
 4.930E+013  9.623E-010  1.724E+009  2.496E+008
 4.950E+013  9.816E-010  1.726E+009  2.507E+008
 4.970E+013  1.001E-009  1.727E+009  2.517E+008
 4.990E+013  1.021E-009  1.728E+009  2.528E+008
 5.010E+013  1.042E-009  1.729E+009  2.538E+008
 5.030E+013  1.063E-009  1.731E+009  2.549E+008
 5.050E+013  1.084E-009  1.732E+009  2.560E+008
 5.070E+013  1.105E-009  1.733E+009  2.570E+008
 5.090E+013  1.127E-009  1.735E+009  2.581E+008
 5.110E+013  1.149E-009  1.736E+009  2.592E+008
 5.130E+013  1.172E-009  1.737E+009  2.602E+008
 5.150E+013  1.195E-009  1.739E+009  2.613E+008
 5.170E+013  1.219E-009  1.740E+009  2.624E+008
 5.190E+013  1.243E-009  1.742E+009  2.635E+008
 5.210E+013  1.267E-009  1.744E+009  2.645E+008
 5.230E+013  1.292E-009  1.745E+009  2.656E+008
 5.250E+013  1.317E-009  1.747E+009  2.667E+008
 5.270E+013  1.342E-009  1.749E+009  2.678E+008
 5.290E+013  1.369E-009  1.750E+009  2.689E+008
 5.310E+013  1.395E-009  1.752E+009  2.700E+008
 5.330E+013  1.422E-009  1.754E+009  2.710E+008
 5.350E+013  1.450E-009  1.756E+009  2.721E+008
 5.370E+013  1.478E-009  1.758E+009  2.732E+008
 5.390E+013  1.506E-009  1.760E+009  2.743E+008
 5.410E+013  1.535E-009  1.762E+009  2.754E+008
 5.430E+013  1.564E-009  1.764E+009  2.765E+008
 5.450E+013  1.594E-009  1.766E+009  2.776E+008
 5.470E+013  1.625E-009  1.768E+009  2.787E+008
 5.490E+013  1.656E-009  1.770E+009  2.798E+008
 5.510E+013  1.687E-009  1.772E+009  2.810E+008
 5.530E+013  1.719E-009  1.775E+009  2.821E+008
 5.550E+013  1.752E-009  1.777E+009  2.832E+008
 5.570E+013  1.785E-009  1.779E+009  2.843E+008
 5.590E+013  1.819E-009  1.782E+009  2.854E+008
 5.610E+013  1.853E-009  1.784E+009  2.865E+008
 5.630E+013  1.888E-009  1.787E+009  2.877E+008
 5.650E+013  1.923E-009  1.790E+009  2.888E+008
 5.670E+013  1.959E-009  1.792E+009  2.899E+008
 5.690E+013  1.996E-009  1.795E+009  2.911E+008
 5.710E+013  2.033E-009  1.798E+009  2.922E+008
 5.730E+013  2.071E-009  1.801E+009  2.933E+008
 5.750E+013  2.109E-009  1.804E+009  2.945E+008
 5.770E+013  2.148E-009  1.807E+009  2.956E+008
 5.790E+013  2.188E-009  1.810E+009  2.968E+008
 5.810E+013  2.229E-009  1.813E+009  2.979E+008
 5.830E+013  2.270E-009  1.816E+009  2.991E+008
 5.850E+013  2.311E-009  1.820E+009  3.003E+008
 5.870E+013  2.354E-009  1.823E+009  3.014E+008
 5.890E+013  2.397E-009  1.826E+009  3.026E+008
 5.910E+013  2.441E-009  1.830E+009  3.038E+008
 5.930E+013  2.486E-009  1.834E+009  3.049E+008
 5.950E+013  2.531E-009  1.837E+009  3.061E+008
 5.970E+013  2.578E-009  1.841E+009  3.073E+008
 5.990E+013  2.625E-009  1.845E+009  3.085E+008
 6.010E+013  2.673E-009  1.849E+009  3.097E+008
 6.030E+013  2.721E-009  1.853E+009  3.109E+008
 6.050E+013  2.771E-009  1.857E+009  3.121E+008
 6.070E+013  2.821E-009  1.861E+009  3.133E+008
 6.090E+013  2.872E-009  1.866E+009  3.145E+008
 6.110E+013  2.925E-009  1.870E+009  3.157E+008
 6.130E+013  2.978E-009  1.875E+009  3.169E+008
 6.150E+013  3.032E-009  1.879E+009  3.182E+008
 6.170E+013  3.087E-009  1.884E+009  3.194E+008
 6.190E+013  3.143E-009  1.889E+009  3.206E+008
 6.210E+013  3.200E-009  1.894E+009  3.219E+008
 6.230E+013  3.258E-009  1.899E+009  3.231E+008
 6.250E+013  3.317E-009  1.904E+009  3.244E+008
 6.270E+013  3.377E-009  1.910E+009  3.256E+008
 6.290E+013  3.439E-009  1.915E+009  3.269E+008
 6.310E+013  3.501E-009  1.920E+009  3.281E+008
 6.330E+013  3.565E-009  1.926E+009  3.294E+008
 6.350E+013  3.629E-009  1.932E+009  3.307E+008
 6.370E+013  3.695E-009  1.938E+009  3.320E+008
 6.390E+013  3.762E-009  1.944E+009  3.333E+008
 6.410E+013  3.831E-009  1.950E+009  3.346E+008
 6.430E+013  3.901E-009  1.957E+009  3.358E+008
 6.450E+013  3.972E-009  1.963E+009  3.372E+008
 6.470E+013  4.044E-009  1.970E+009  3.385E+008
 6.490E+013  4.118E-009  1.976E+009  3.398E+008
 6.510E+013  4.193E-009  1.983E+009  3.411E+008
 6.530E+013  4.270E-009  1.991E+009  3.424E+008
 6.550E+013  4.348E-009  1.998E+009  3.438E+008
 6.570E+013  4.427E-009  2.005E+009  3.451E+008
 6.590E+013  4.509E-009  2.013E+009  3.465E+008
 6.610E+013  4.591E-009  2.021E+009  3.478E+008
 6.630E+013  4.676E-009  2.029E+009  3.492E+008
 6.650E+013  4.762E-009  2.037E+009  3.506E+008
 6.670E+013  4.849E-009  2.045E+009  3.520E+008
 6.690E+013  4.939E-009  2.054E+009  3.533E+008
 6.710E+013  5.030E-009  2.062E+009  3.547E+008
 6.730E+013  5.123E-009  2.071E+009  3.561E+008
 6.750E+013  5.218E-009  2.080E+009  3.576E+008
 6.770E+013  5.315E-009  2.090E+009  3.590E+008
 6.790E+013  5.414E-009  2.099E+009  3.604E+008
 6.810E+013  5.515E-009  2.109E+009  3.618E+008
 6.830E+013  5.618E-009  2.119E+009  3.633E+008
 6.850E+013  5.723E-009  2.129E+009  3.647E+008
 6.870E+013  5.830E-009  2.140E+009  3.662E+008
 6.890E+013  5.940E-009  2.151E+009  3.677E+008
 6.910E+013  6.052E-009  2.161E+009  3.691E+008
 6.930E+013  6.166E-009  2.173E+009  3.706E+008
 6.950E+013  6.283E-009  2.184E+009  3.721E+008
 6.970E+013  6.402E-009  2.196E+009  3.736E+008
 6.990E+013  6.524E-009  2.208E+009  3.751E+008
 7.010E+013  6.649E-009  2.220E+009  3.767E+008
 7.030E+013  6.776E-009  2.233E+009  3.782E+008
 7.050E+013  6.906E-009  2.246E+009  3.798E+008
 7.070E+013  7.039E-009  2.259E+009  3.813E+008
 7.090E+013  7.175E-009  2.273E+009  3.829E+008
 7.110E+013  7.314E-009  2.287E+009  3.844E+008
 7.130E+013  7.456E-009  2.301E+009  3.860E+008
 7.150E+013  7.601E-009  2.316E+009  3.876E+008
 7.170E+013  7.750E-009  2.331E+009  3.892E+008
 7.190E+013  7.902E-009  2.346E+009  3.908E+008
 7.210E+013  8.058E-009  2.362E+009  3.925E+008
 7.230E+013  8.217E-009  2.378E+009  3.941E+008
 7.250E+013  8.381E-009  2.394E+009  3.957E+008
 7.270E+013  8.548E-009  2.411E+009  3.974E+008
 7.290E+013  8.719E-009  2.428E+009  3.991E+008
 7.310E+013  8.894E-009  2.446E+009  4.008E+008
 7.330E+013  9.074E-009  2.464E+009  4.024E+008
 7.350E+013  9.258E-009  2.483E+009  4.042E+008
 7.370E+013  9.447E-009  2.502E+009  4.059E+008
 7.390E+013  9.640E-009  2.522E+009  4.076E+008
 7.410E+013  9.838E-009  2.542E+009  4.093E+008
 7.430E+013  1.004E-008  2.562E+009  4.111E+008
 7.450E+013  1.025E-008  2.584E+009  4.129E+008
 7.470E+013  1.046E-008  2.605E+009  4.146E+008
 7.490E+013  1.068E-008  2.627E+009  4.164E+008
 7.510E+013  1.091E-008  2.650E+009  4.182E+008
 7.530E+013  1.114E-008  2.674E+009  4.200E+008
 7.550E+013  1.137E-008  2.698E+009  4.219E+008
 7.570E+013  1.162E-008  2.722E+009  4.237E+008
 7.590E+013  1.187E-008  2.748E+009  4.255E+008
 7.610E+013  1.212E-008  2.774E+009  4.274E+008
 7.630E+013  1.239E-008  2.800E+009  4.293E+008
 7.650E+013  1.266E-008  2.828E+009  4.312E+008
 7.670E+013  1.293E-008  2.856E+009  4.331E+008
 7.690E+013  1.322E-008  2.885E+009  4.350E+008
 7.710E+013  1.351E-008  2.914E+009  4.369E+008
 7.730E+013  1.382E-008  2.945E+009  4.389E+008
 7.750E+013  1.413E-008  2.976E+009  4.408E+008
 7.770E+013  1.445E-008  3.008E+009  4.428E+008
 7.790E+013  1.477E-008  3.041E+009  4.448E+008
 7.810E+013  1.511E-008  3.075E+009  4.468E+008
 7.830E+013  1.546E-008  3.110E+009  4.488E+008
 7.850E+013  1.582E-008  3.145E+009  4.508E+008
 7.870E+013  1.619E-008  3.182E+009  4.528E+008
 7.890E+013  1.657E-008  3.220E+009  4.549E+008
 7.910E+013  1.696E-008  3.259E+009  4.570E+008
 7.930E+013  1.736E-008  3.299E+009  4.590E+008
 7.950E+013  1.778E-008  3.340E+009  4.611E+008
 7.970E+013  1.821E-008  3.382E+009  4.632E+008
 7.990E+013  1.865E-008  3.426E+009  4.654E+008
 8.010E+013  1.910E-008  3.470E+009  4.675E+008
 8.030E+013  1.957E-008  3.516E+009  4.696E+008
 8.050E+013  2.006E-008  3.564E+009  4.718E+008
 8.070E+013  2.056E-008  3.613E+009  4.740E+008
 8.090E+013  2.107E-008  3.663E+009  4.762E+008
 8.110E+013  2.161E-008  3.715E+009  4.784E+008
 8.130E+013  2.216E-008  3.768E+009  4.806E+008
 8.150E+013  2.273E-008  3.823E+009  4.828E+008
 8.170E+013  2.332E-008  3.879E+009  4.851E+008
 8.190E+013  2.392E-008  3.937E+009  4.873E+008
 8.210E+013  2.455E-008  3.997E+009  4.896E+008
 8.230E+013  2.520E-008  4.059E+009  4.919E+008
 8.250E+013  2.587E-008  4.123E+009  4.942E+008
 8.270E+013  2.657E-008  4.188E+009  4.965E+008
 8.290E+013  2.729E-008  4.256E+009  4.988E+008
 8.310E+013  2.804E-008  4.326E+009  5.011E+008
 8.330E+013  2.881E-008  4.398E+009  5.035E+008
 8.350E+013  2.961E-008  4.472E+009  5.058E+008
 8.370E+013  3.044E-008  4.549E+009  5.082E+008
 8.390E+013  3.129E-008  4.628E+009  5.106E+008
 8.410E+013  3.218E-008  4.710E+009  5.130E+008
 8.430E+013  3.310E-008  4.793E+009  5.154E+008
 8.450E+013  3.406E-008  4.880E+009  5.178E+008
 8.470E+013  3.507E-008  4.974E+009  5.203E+008
 8.490E+013  3.608E-008  5.061E+009  5.228E+008
 8.510E+013  3.709E-008  5.146E+009  5.247E+008
 8.530E+013  3.838E-008  5.294E+009  5.275E+008
 8.550E+013  3.953E-008  5.425E+009  5.331E+008
 8.570E+013  3.931E-008  5.236E+009  5.328E+008
 8.590E+013  3.400E-008  3.892E+009  5.101E+008
 8.610E+013  2.143E-008  1.421E+009  4.233E+008
 8.630E+013  1.302E-008  1.665E+008  2.528E+008
 8.650E+013  1.040E-008  1.793E+006  7.071E+007
 8.670E+013  1.001E-008  1.204E+002  3.061E+006
 8.690E+013  1.000E-008  6.236E+001  2.536E+003
 8.710E+013  1.000E-008  6.236E+001  7.807E-004
 8.730E+013  1.000E-008  6.236E+001  2.285E-014
 8.750E+013  1.000E-008  6.236E+001  1.705E-013
 8.770E+013  1.000E-008  6.236E+001 -1.705E-013
 8.790E+013  1.000E-008  6.236E+001 -2.650E-036
 8.810E+013  1.000E-008  6.236E+001  1.705E-013
 8.830E+013  1.000E-008  6.236E+001 -1.705E-013
 8.850E+013  1.000E-008  6.236E+001  1.705E-013
 8.870E+013  1.000E-008  6.236E+001  1.705E-013
 8.890E+013  1.000E-008  6.236E+001 -3.411E-013
 8.910E+013  1.000E-008  6.236E+001  0.000E+000
 8.930E+013  1.000E-008  6.236E+001  0.000E+000
 8.950E+013  1.000E-008  6.236E+001  0.000E+000
 8.970E+013  1.000E-008  6.236E+001  0.000E+000
 8.990E+013  1.000E-008  6.236E+001  0.000E+000
 9.010E+013  1.000E-008  6.236E+001  1.705E-013
 9.030E+013  1.000E-008  6.236E+001 -5.160E-036
 9.050E+013  1.000E-008  6.236E+001 -1.705E-013
 9.070E+013  1.000E-008  6.236E+001  1.705E-013
 9.090E+013  1.000E-008  6.236E+001 -5.126E-036
 9.110E+013  1.000E-008  6.236E+001 -1.705E-013
 9.130E+013  1.000E-008  6.236E+001  0.000E+000
 9.150E+013  1.000E-008  6.236E+001  0.000E+000
 9.170E+013  1.000E-008  6.236E+001  0.000E+000
 9.190E+013  1.000E-008  6.236E+001  0.000E+000
 9.210E+013  1.000E-008  6.236E+001  0.000E+000
 9.230E+013  1.000E-008  6.236E+001  1.705E-013
 9.250E+013  1.000E-008  6.236E+001 -5.037E-036
 9.270E+013  1.000E-008  6.236E+001 -1.705E-013
 9.290E+013  1.000E-008  6.236E+001  0.000E+000
 9.310E+013  1.000E-008  6.236E+001  0.000E+000
 9.330E+013  1.000E-008  6.236E+001  0.000E+000
 9.350E+013  1.000E-008  6.236E+001  0.000E+000
 9.370E+013  1.000E-008  6.236E+001  1.705E-013
 9.390E+013  1.000E-008  6.236E+001 -1.705E-013
 9.410E+013  1.000E-008  6.236E+001  1.705E-013
 9.430E+013  1.000E-008  6.236E+001 -1.705E-013
 9.450E+013  1.000E-008  6.236E+001  0.000E+000
 9.470E+013  1.000E-008  6.236E+001  0.000E+000
 9.490E+013  1.000E-008  6.236E+001  0.000E+000
 9.510E+013  1.000E-008  6.236E+001  0.000E+000
 9.530E+013  1.000E-008  6.236E+001  1.705E-013
 9.550E+013  1.000E-008  6.236E+001 -1.705E-013
 9.570E+013  1.000E-008  6.236E+001 -2.322E-072
 9.590E+013  1.000E-008  6.236E+001 -5.820E-033
 9.610E+013  1.000E-008  6.236E+001 -1.705E-013
 9.630E+013  1.000E-008  6.236E+001  1.705E-013
 9.650E+013  1.000E-008  6.236E+001  5.815E-033
 9.670E+013  1.000E-008  6.236E+001  1.705E-013
 9.690E+013  1.000E-008  6.236E+001 -1.705E-013
 9.710E+013  1.000E-008  6.236E+001  0.000E+000
 9.730E+013  1.000E-008  6.236E+001  0.000E+000
 9.750E+013  1.000E-008  6.236E+001  0.000E+000
 9.770E+013  1.000E-008  6.236E+001  0.000E+000
 9.790E+013  1.000E-008  6.236E+001  0.000E+000
 9.810E+013  1.000E-008  6.236E+001  0.000E+000
 9.830E+013  1.000E-008  6.236E+001  0.000E+000
 9.850E+013  1.000E-008  6.236E+001  0.000E+000
 9.870E+013  1.000E-008  6.236E+001  0.000E+000
 9.890E+013  1.000E-008  6.236E+001  0.000E+000
 9.910E+013  1.000E-008  6.236E+001  0.000E+000
 9.930E+013  1.000E-008  6.236E+001  0.000E+000
 9.950E+013  1.000E-008  6.236E+001  1.705E-013
 9.970E+013  1.000E-008  6.236E+001 -1.705E-013
 9.990E+013  1.000E-008  6.236E+001  0.000E+000
 1.001E+014  1.000E-099  1.000E-099  0.000E+000
 1.003E+014  1.000E-099  1.000E-099  0.000E+000
 1.522E-003
