 2.820E+005
     x1b        dens       energ       v1
 1.000E+011  7.070E-013  5.564E+008  0.000E+000
 3.000E+011  7.269E-013  5.564E+008  3.054E+005
 5.000E+011  7.625E-013  5.564E+008  5.232E+005
 7.000E+011  7.933E-013  5.564E+008  8.116E+005
 9.000E+011  8.096E-013  5.564E+008  1.068E+006
 1.100E+012  8.168E-013  5.564E+008  1.342E+006
 1.300E+012  8.221E-013  5.564E+008  1.607E+006
 1.500E+012  8.288E-013  5.564E+008  1.879E+006
 1.700E+012  8.376E-013  5.564E+008  2.146E+006
 1.900E+012  8.473E-013  5.564E+008  2.414E+006
 2.100E+012  8.569E-013  5.564E+008  2.681E+006
 2.300E+012  8.662E-013  5.564E+008  2.949E+006
 2.500E+012  8.756E-013  5.564E+008  3.218E+006
 2.700E+012  8.854E-013  5.564E+008  3.487E+006
 2.900E+012  8.957E-013  5.564E+008  3.755E+006
 3.100E+012  9.063E-013  5.564E+008  4.023E+006
 3.300E+012  9.170E-013  5.564E+008  4.290E+006
 3.500E+012  9.278E-013  5.564E+008  4.558E+006
 3.700E+012  9.384E-013  5.564E+008  4.827E+006
 3.900E+012  9.491E-013  5.564E+008  5.095E+006
 4.100E+012  9.595E-013  5.564E+008  5.364E+006
 4.300E+012  9.698E-013  5.564E+008  5.632E+006
 4.500E+012  9.797E-013  5.564E+008  5.900E+006
 4.700E+012  9.892E-013  5.564E+008  6.168E+006
 4.900E+012  9.978E-013  5.564E+008  6.436E+006
 5.100E+012  1.005E-012  5.564E+008  6.704E+006
 5.300E+012  1.011E-012  5.564E+008  6.973E+006
 5.500E+012  1.015E-012  5.564E+008  7.241E+006
 5.700E+012  1.018E-012  5.564E+008  7.509E+006
 5.900E+012  1.019E-012  5.564E+008  7.777E+006
 6.100E+012  1.020E-012  5.564E+008  8.045E+006
 6.300E+012  1.020E-012  5.564E+008  8.313E+006
 6.500E+012  1.020E-012  5.564E+008  8.581E+006
 6.700E+012  1.020E-012  5.564E+008  8.850E+006
 6.900E+012  1.019E-012  5.564E+008  9.118E+006
 7.100E+012  1.019E-012  5.564E+008  9.386E+006
 7.300E+012  1.019E-012  5.564E+008  9.654E+006
 7.500E+012  1.019E-012  5.564E+008  9.922E+006
 7.700E+012  1.019E-012  5.564E+008  1.019E+007
 7.900E+012  1.018E-012  5.564E+008  1.046E+007
 8.100E+012  1.018E-012  5.564E+008  1.073E+007
 8.300E+012  1.017E-012  5.564E+008  1.100E+007
 8.500E+012  1.017E-012  5.564E+008  1.126E+007
 8.700E+012  1.016E-012  5.564E+008  1.153E+007
 8.900E+012  1.015E-012  5.564E+008  1.180E+007
 9.100E+012  1.015E-012  5.564E+008  1.207E+007
 9.300E+012  1.014E-012  5.564E+008  1.234E+007
 9.500E+012  1.014E-012  5.564E+008  1.260E+007
 9.700E+012  1.014E-012  5.564E+008  1.287E+007
 9.900E+012  1.014E-012  5.564E+008  1.314E+007
 1.010E+013  1.014E-012  5.564E+008  1.341E+007
 1.030E+013  1.014E-012  5.564E+008  1.368E+007
 1.050E+013  1.014E-012  5.564E+008  1.394E+007
 1.070E+013  1.015E-012  5.564E+008  1.421E+007
 1.090E+013  1.015E-012  5.564E+008  1.448E+007
 1.110E+013  1.015E-012  5.564E+008  1.475E+007
 1.130E+013  1.016E-012  5.564E+008  1.502E+007
 1.150E+013  1.016E-012  5.564E+008  1.529E+007
 1.170E+013  1.017E-012  5.564E+008  1.555E+007
 1.190E+013  1.018E-012  5.564E+008  1.582E+007
 1.210E+013  1.020E-012  5.564E+008  1.609E+007
 1.230E+013  1.022E-012  5.564E+008  1.636E+007
 1.250E+013  1.024E-012  5.564E+008  1.663E+007
 1.270E+013  1.026E-012  5.564E+008  1.689E+007
 1.290E+013  1.029E-012  5.564E+008  1.716E+007
 1.310E+013  1.032E-012  5.564E+008  1.743E+007
 1.330E+013  1.036E-012  5.564E+008  1.770E+007
 1.350E+013  1.041E-012  5.564E+008  1.797E+007
 1.370E+013  1.046E-012  5.564E+008  1.824E+007
 1.390E+013  1.052E-012  5.564E+008  1.850E+007
 1.410E+013  1.058E-012  5.564E+008  1.877E+007
 1.430E+013  1.066E-012  5.564E+008  1.904E+007
 1.450E+013  1.074E-012  5.564E+008  1.931E+007
 1.470E+013  1.083E-012  5.564E+008  1.958E+007
 1.490E+013  1.093E-012  5.564E+008  1.984E+007
 1.510E+013  1.104E-012  5.564E+008  2.011E+007
 1.530E+013  1.116E-012  5.564E+008  2.038E+007
 1.550E+013  1.129E-012  5.564E+008  2.065E+007
 1.570E+013  1.144E-012  5.564E+008  2.092E+007
 1.590E+013  1.160E-012  5.564E+008  2.119E+007
 1.610E+013  1.178E-012  5.564E+008  2.145E+007
 1.630E+013  1.197E-012  5.564E+008  2.172E+007
 1.650E+013  1.218E-012  5.564E+008  2.199E+007
 1.670E+013  1.240E-012  5.564E+008  2.226E+007
 1.690E+013  1.265E-012  5.564E+008  2.253E+007
 1.710E+013  1.291E-012  5.564E+008  2.280E+007
 1.730E+013  1.320E-012  5.564E+008  2.306E+007
 1.750E+013  1.352E-012  5.564E+008  2.333E+007
 1.770E+013  1.386E-012  5.564E+008  2.360E+007
 1.790E+013  1.422E-012  5.564E+008  2.387E+007
 1.810E+013  1.462E-012  5.564E+008  2.414E+007
 1.830E+013  1.505E-012  5.564E+008  2.441E+007
 1.850E+013  1.551E-012  5.564E+008  2.467E+007
 1.870E+013  1.601E-012  5.564E+008  2.494E+007
 1.890E+013  1.654E-012  5.564E+008  2.521E+007
 1.910E+013  1.712E-012  5.564E+008  2.548E+007
 1.930E+013  1.775E-012  5.564E+008  2.575E+007
 1.950E+013  1.842E-012  5.564E+008  2.602E+007
 1.970E+013  1.915E-012  5.564E+008  2.629E+007
 1.990E+013  1.993E-012  5.564E+008  2.655E+007
 2.010E+013  2.077E-012  5.564E+008  2.682E+007
 2.030E+013  2.167E-012  5.564E+008  2.709E+007
 2.050E+013  2.264E-012  5.564E+008  2.736E+007
 2.070E+013  2.368E-012  5.564E+008  2.763E+007
 2.090E+013  2.480E-012  5.564E+008  2.790E+007
 2.110E+013  2.600E-012  5.564E+008  2.817E+007
 2.130E+013  2.728E-012  5.564E+008  2.844E+007
 2.150E+013  2.866E-012  5.564E+008  2.870E+007
 2.170E+013  3.012E-012  5.564E+008  2.897E+007
 2.190E+013  3.169E-012  5.564E+008  2.924E+007
 2.210E+013  3.336E-012  5.564E+008  2.951E+007
 2.230E+013  3.514E-012  5.564E+008  2.978E+007
 2.250E+013  3.703E-012  5.564E+008  3.005E+007
 2.270E+013  3.904E-012  5.564E+008  3.032E+007
 2.290E+013  4.117E-012  5.564E+008  3.058E+007
 2.310E+013  4.342E-012  5.564E+008  3.085E+007
 2.330E+013  4.579E-012  5.564E+008  3.112E+007
 2.350E+013  4.829E-012  5.564E+008  3.139E+007
 2.370E+013  5.092E-012  5.564E+008  3.166E+007
 2.390E+013  5.367E-012  5.564E+008  3.192E+007
 2.410E+013  5.654E-012  5.564E+008  3.219E+007
 2.430E+013  5.954E-012  5.564E+008  3.246E+007
 2.450E+013  6.266E-012  5.564E+008  3.273E+007
 2.470E+013  6.589E-012  5.564E+008  3.300E+007
 2.490E+013  6.924E-012  5.564E+008  3.326E+007
 2.510E+013  7.270E-012  5.564E+008  3.353E+007
 2.530E+013  7.626E-012  5.564E+008  3.380E+007
 2.550E+013  7.991E-012  5.564E+008  3.407E+007
 2.570E+013  8.365E-012  5.564E+008  3.434E+007
 2.590E+013  8.748E-012  5.564E+008  3.460E+007
 2.610E+013  9.138E-012  5.564E+008  3.487E+007
 2.630E+013  9.536E-012  5.564E+008  3.514E+007
 2.650E+013  9.940E-012  5.564E+008  3.541E+007
 2.670E+013  1.035E-011  5.564E+008  3.567E+007
 2.690E+013  1.076E-011  5.564E+008  3.594E+007
 2.710E+013  1.118E-011  5.564E+008  3.621E+007
 2.730E+013  1.161E-011  5.564E+008  3.648E+007
 2.750E+013  1.204E-011  5.564E+008  3.675E+007
 2.770E+013  1.247E-011  5.564E+008  3.701E+007
 2.790E+013  1.291E-011  5.564E+008  3.728E+007
 2.810E+013  1.335E-011  5.564E+008  3.755E+007
 2.830E+013  1.379E-011  5.564E+008  3.782E+007
 2.850E+013  1.424E-011  5.564E+008  3.808E+007
 2.870E+013  1.470E-011  5.564E+008  3.835E+007
 2.890E+013  1.515E-011  5.564E+008  3.862E+007
 2.910E+013  1.561E-011  5.564E+008  3.889E+007
 2.930E+013  1.608E-011  5.564E+008  3.916E+007
 2.950E+013  1.655E-011  5.564E+008  3.942E+007
 2.970E+013  1.703E-011  5.564E+008  3.969E+007
 2.990E+013  1.751E-011  5.564E+008  3.996E+007
 3.010E+013  1.800E-011  5.564E+008  4.023E+007
 3.030E+013  1.850E-011  5.564E+008  4.050E+007
 3.050E+013  1.901E-011  5.564E+008  4.076E+007
 3.070E+013  1.952E-011  5.564E+008  4.103E+007
 3.090E+013  2.005E-011  5.564E+008  4.130E+007
 3.110E+013  2.058E-011  5.564E+008  4.157E+007
 3.130E+013  2.112E-011  5.564E+008  4.183E+007
 3.150E+013  2.168E-011  5.564E+008  4.210E+007
 3.170E+013  2.224E-011  5.564E+008  4.237E+007
 3.190E+013  2.282E-011  5.564E+008  4.264E+007
 3.210E+013  2.341E-011  5.564E+008  4.291E+007
 3.230E+013  2.402E-011  5.564E+008  4.317E+007
 3.250E+013  2.464E-011  5.564E+008  4.344E+007
 3.270E+013  2.528E-011  5.564E+008  4.371E+007
 3.290E+013  2.593E-011  5.564E+008  4.398E+007
 3.310E+013  2.660E-011  5.564E+008  4.425E+007
 3.330E+013  2.728E-011  5.564E+008  4.451E+007
 3.350E+013  2.799E-011  5.564E+008  4.478E+007
 3.370E+013  2.871E-011  5.564E+008  4.505E+007
 3.390E+013  2.945E-011  5.564E+008  4.532E+007
 3.410E+013  3.022E-011  5.564E+008  4.559E+007
 3.430E+013  3.100E-011  5.564E+008  4.585E+007
 3.450E+013  3.180E-011  5.564E+008  4.612E+007
 3.470E+013  3.263E-011  5.564E+008  4.639E+007
 3.490E+013  3.348E-011  5.564E+008  4.666E+007
 3.510E+013  3.435E-011  5.564E+008  4.693E+007
 3.530E+013  3.525E-011  5.564E+008  4.719E+007
 3.550E+013  3.617E-011  5.564E+008  4.746E+007
 3.570E+013  3.711E-011  5.564E+008  4.773E+007
 3.590E+013  3.808E-011  5.564E+008  4.800E+007
 3.610E+013  3.907E-011  5.564E+008  4.826E+007
 3.630E+013  4.008E-011  5.564E+008  4.853E+007
 3.650E+013  4.112E-011  5.564E+008  4.880E+007
 3.670E+013  4.219E-011  5.564E+008  4.907E+007
 3.690E+013  4.328E-011  5.564E+008  4.934E+007
 3.710E+013  4.439E-011  5.564E+008  4.960E+007
 3.730E+013  4.553E-011  5.564E+008  4.987E+007
 3.750E+013  4.669E-011  5.564E+008  5.014E+007
 3.770E+013  4.788E-011  5.564E+008  5.041E+007
 3.790E+013  4.909E-011  5.564E+008  5.067E+007
 3.810E+013  5.033E-011  5.564E+008  5.094E+007
 3.830E+013  5.159E-011  5.564E+008  5.121E+007
 3.850E+013  5.287E-011  5.564E+008  5.148E+007
 3.870E+013  5.417E-011  5.564E+008  5.174E+007
 3.890E+013  5.550E-011  5.564E+008  5.201E+007
 3.910E+013  5.685E-011  5.564E+008  5.228E+007
 3.930E+013  5.822E-011  5.564E+008  5.255E+007
 3.950E+013  5.962E-011  5.564E+008  5.281E+007
 3.970E+013  6.103E-011  5.564E+008  5.308E+007
 3.990E+013  6.247E-011  5.564E+008  5.335E+007
 4.010E+013  6.393E-011  5.564E+008  5.362E+007
 4.030E+013  6.542E-011  5.564E+008  5.388E+007
 4.050E+013  6.692E-011  5.564E+008  5.415E+007
 4.070E+013  6.845E-011  5.563E+008  5.442E+007
 4.090E+013  7.000E-011  5.563E+008  5.468E+007
 4.110E+013  7.157E-011  5.563E+008  5.495E+007
 4.130E+013  7.317E-011  5.563E+008  5.522E+007
 4.150E+013  7.479E-011  5.563E+008  5.549E+007
 4.170E+013  7.644E-011  5.563E+008  5.575E+007
 4.190E+013  7.811E-011  5.563E+008  5.602E+007
 4.210E+013  7.981E-011  5.563E+008  5.629E+007
 4.230E+013  8.153E-011  5.563E+008  5.655E+007
 4.250E+013  8.329E-011  5.563E+008  5.682E+007
 4.270E+013  8.507E-011  5.563E+008  5.709E+007
 4.290E+013  8.688E-011  5.563E+008  5.735E+007
 4.310E+013  8.872E-011  5.563E+008  5.762E+007
 4.330E+013  9.059E-011  5.563E+008  5.789E+007
 4.350E+013  9.250E-011  5.563E+008  5.815E+007
 4.370E+013  9.444E-011  5.563E+008  5.842E+007
 4.390E+013  9.642E-011  5.563E+008  5.869E+007
 4.410E+013  9.843E-011  5.563E+008  5.895E+007
 4.430E+013  1.005E-010  5.563E+008  5.922E+007
 4.450E+013  1.026E-010  5.563E+008  5.949E+007
 4.470E+013  1.047E-010  5.563E+008  5.975E+007
 4.490E+013  1.069E-010  5.563E+008  6.002E+007
 4.510E+013  1.091E-010  5.563E+008  6.029E+007
 4.530E+013  1.113E-010  5.563E+008  6.055E+007
 4.550E+013  1.136E-010  5.563E+008  6.082E+007
 4.570E+013  1.160E-010  5.563E+008  6.108E+007
 4.590E+013  1.184E-010  5.563E+008  6.135E+007
 4.610E+013  1.208E-010  5.563E+008  6.162E+007
 4.630E+013  1.233E-010  5.563E+008  6.188E+007
 4.650E+013  1.258E-010  5.563E+008  6.215E+007
 4.670E+013  1.284E-010  5.563E+008  6.241E+007
 4.690E+013  1.310E-010  5.563E+008  6.268E+007
 4.710E+013  1.337E-010  5.562E+008  6.295E+007
 4.730E+013  1.364E-010  5.562E+008  6.321E+007
 4.750E+013  1.392E-010  5.562E+008  6.348E+007
 4.770E+013  1.420E-010  5.562E+008  6.374E+007
 4.790E+013  1.449E-010  5.562E+008  6.401E+007
 4.810E+013  1.478E-010  5.562E+008  6.427E+007
 4.830E+013  1.508E-010  5.562E+008  6.454E+007
 4.850E+013  1.539E-010  5.562E+008  6.480E+007
 4.870E+013  1.569E-010  5.562E+008  6.507E+007
 4.890E+013  1.601E-010  5.562E+008  6.533E+007
 4.910E+013  1.633E-010  5.562E+008  6.560E+007
 4.930E+013  1.665E-010  5.562E+008  6.586E+007
 4.950E+013  1.698E-010  5.562E+008  6.613E+007
 4.970E+013  1.732E-010  5.562E+008  6.639E+007
 4.990E+013  1.766E-010  5.562E+008  6.666E+007
 5.010E+013  1.800E-010  5.562E+008  6.692E+007
 5.030E+013  1.836E-010  5.562E+008  6.719E+007
 5.050E+013  1.871E-010  5.562E+008  6.745E+007
 5.070E+013  1.907E-010  5.561E+008  6.772E+007
 5.090E+013  1.944E-010  5.561E+008  6.798E+007
 5.110E+013  1.981E-010  5.561E+008  6.824E+007
 5.130E+013  2.019E-010  5.561E+008  6.851E+007
 5.150E+013  2.058E-010  5.561E+008  6.877E+007
 5.170E+013  2.097E-010  5.561E+008  6.903E+007
 5.190E+013  2.136E-010  5.561E+008  6.930E+007
 5.210E+013  2.176E-010  5.561E+008  6.956E+007
 5.230E+013  2.217E-010  5.561E+008  6.982E+007
 5.250E+013  2.258E-010  5.561E+008  7.009E+007
 5.270E+013  2.300E-010  5.561E+008  7.035E+007
 5.290E+013  2.343E-010  5.561E+008  7.061E+007
 5.310E+013  2.386E-010  5.560E+008  7.088E+007
 5.330E+013  2.430E-010  5.560E+008  7.114E+007
 5.350E+013  2.474E-010  5.560E+008  7.140E+007
 5.370E+013  2.519E-010  5.560E+008  7.166E+007
 5.390E+013  2.565E-010  5.560E+008  7.192E+007
 5.410E+013  2.611E-010  5.560E+008  7.219E+007
 5.430E+013  2.658E-010  5.560E+008  7.245E+007
 5.450E+013  2.706E-010  5.560E+008  7.271E+007
 5.470E+013  2.754E-010  5.560E+008  7.297E+007
 5.490E+013  2.803E-010  5.560E+008  7.323E+007
 5.510E+013  2.852E-010  5.559E+008  7.349E+007
 5.530E+013  2.903E-010  5.559E+008  7.375E+007
 5.550E+013  2.954E-010  5.559E+008  7.402E+007
 5.570E+013  3.005E-010  5.559E+008  7.428E+007
 5.590E+013  3.058E-010  5.559E+008  7.454E+007
 5.610E+013  3.111E-010  5.559E+008  7.480E+007
 5.630E+013  3.164E-010  5.559E+008  7.506E+007
 5.650E+013  3.219E-010  5.559E+008  7.532E+007
 5.670E+013  3.274E-010  5.558E+008  7.558E+007
 5.690E+013  3.330E-010  5.558E+008  7.584E+007
 5.710E+013  3.387E-010  5.558E+008  7.610E+007
 5.730E+013  3.444E-010  5.558E+008  7.636E+007
 5.750E+013  3.502E-010  5.558E+008  7.661E+007
 5.770E+013  3.561E-010  5.558E+008  7.687E+007
 5.790E+013  3.620E-010  5.557E+008  7.713E+007
 5.810E+013  3.680E-010  5.557E+008  7.739E+007
 5.830E+013  3.741E-010  5.557E+008  7.765E+007
 5.850E+013  3.803E-010  5.557E+008  7.791E+007
 5.870E+013  3.866E-010  5.557E+008  7.816E+007
 5.890E+013  3.929E-010  5.557E+008  7.842E+007
 5.910E+013  3.993E-010  5.556E+008  7.868E+007
 5.930E+013  4.058E-010  5.556E+008  7.893E+007
 5.950E+013  4.124E-010  5.556E+008  7.919E+007
 5.970E+013  4.190E-010  5.556E+008  7.945E+007
 5.990E+013  4.258E-010  5.556E+008  7.970E+007
 6.010E+013  4.326E-010  5.556E+008  7.996E+007
 6.030E+013  4.395E-010  5.555E+008  8.021E+007
 6.050E+013  4.465E-010  5.555E+008  8.047E+007
 6.070E+013  4.535E-010  5.555E+008  8.072E+007
 6.090E+013  4.607E-010  5.555E+008  8.098E+007
 6.110E+013  4.679E-010  5.554E+008  8.123E+007
 6.130E+013  4.753E-010  5.554E+008  8.149E+007
 6.150E+013  4.827E-010  5.554E+008  8.174E+007
 6.170E+013  4.902E-010  5.554E+008  8.199E+007
 6.190E+013  4.978E-010  5.553E+008  8.225E+007
 6.210E+013  5.055E-010  5.553E+008  8.250E+007
 6.230E+013  5.133E-010  5.553E+008  8.275E+007
 6.250E+013  5.213E-010  5.553E+008  8.300E+007
 6.270E+013  5.293E-010  5.552E+008  8.326E+007
 6.290E+013  5.374E-010  5.552E+008  8.351E+007
 6.310E+013  5.456E-010  5.552E+008  8.376E+007
 6.330E+013  5.539E-010  5.552E+008  8.401E+007
 6.350E+013  5.623E-010  5.551E+008  8.426E+007
 6.370E+013  5.709E-010  5.551E+008  8.451E+007
 6.390E+013  5.795E-010  5.551E+008  8.476E+007
 6.410E+013  5.882E-010  5.550E+008  8.501E+007
 6.430E+013  5.971E-010  5.550E+008  8.525E+007
 6.450E+013  6.061E-010  5.550E+008  8.550E+007
 6.470E+013  6.151E-010  5.549E+008  8.575E+007
 6.490E+013  6.243E-010  5.549E+008  8.599E+007
 6.510E+013  6.336E-010  5.549E+008  8.624E+007
 6.530E+013  6.431E-010  5.548E+008  8.649E+007
 6.550E+013  6.526E-010  5.548E+008  8.673E+007
 6.570E+013  6.623E-010  5.548E+008  8.698E+007
 6.590E+013  6.720E-010  5.547E+008  8.722E+007
 6.610E+013  6.819E-010  5.547E+008  8.747E+007
 6.630E+013  6.919E-010  5.547E+008  8.771E+007
 6.650E+013  7.021E-010  5.546E+008  8.795E+007
 6.670E+013  7.123E-010  5.546E+008  8.819E+007
 6.690E+013  7.227E-010  5.545E+008  8.843E+007
 6.710E+013  7.332E-010  5.545E+008  8.867E+007
 6.730E+013  7.439E-010  5.545E+008  8.891E+007
 6.750E+013  7.546E-010  5.544E+008  8.915E+007
 6.770E+013  7.655E-010  5.544E+008  8.939E+007
 6.790E+013  7.765E-010  5.543E+008  8.963E+007
 6.810E+013  7.876E-010  5.543E+008  8.987E+007
 6.830E+013  7.989E-010  5.542E+008  9.011E+007
 6.850E+013  8.103E-010  5.542E+008  9.034E+007
 6.870E+013  8.218E-010  5.541E+008  9.058E+007
 6.890E+013  8.334E-010  5.541E+008  9.081E+007
 6.910E+013  8.452E-010  5.540E+008  9.105E+007
 6.930E+013  8.571E-010  5.540E+008  9.128E+007
 6.950E+013  8.691E-010  5.539E+008  9.151E+007
 6.970E+013  8.813E-010  5.539E+008  9.174E+007
 6.990E+013  8.936E-010  5.538E+008  9.197E+007
 7.010E+013  9.060E-010  5.537E+008  9.220E+007
 7.030E+013  9.186E-010  5.537E+008  9.243E+007
 7.050E+013  9.313E-010  5.536E+008  9.266E+007
 7.070E+013  9.441E-010  5.536E+008  9.289E+007
 7.090E+013  9.571E-010  5.535E+008  9.311E+007
 7.110E+013  9.702E-010  5.534E+008  9.334E+007
 7.130E+013  9.835E-010  5.534E+008  9.356E+007
 7.150E+013  9.969E-010  5.533E+008  9.378E+007
 7.170E+013  1.010E-009  5.532E+008  9.400E+007
 7.190E+013  1.024E-009  5.532E+008  9.422E+007
 7.210E+013  1.038E-009  5.531E+008  9.444E+007
 7.230E+013  1.052E-009  5.530E+008  9.466E+007
 7.250E+013  1.066E-009  5.529E+008  9.488E+007
 7.270E+013  1.080E-009  5.529E+008  9.510E+007
 7.290E+013  1.094E-009  5.528E+008  9.532E+007
 7.310E+013  1.109E-009  5.527E+008  9.553E+007
 7.330E+013  1.124E-009  5.526E+008  9.574E+007
 7.350E+013  1.138E-009  5.525E+008  9.595E+007
 7.370E+013  1.153E-009  5.524E+008  9.616E+007
 7.390E+013  1.168E-009  5.523E+008  9.637E+007
 7.410E+013  1.184E-009  5.522E+008  9.657E+007
 7.430E+013  1.199E-009  5.522E+008  9.678E+007
 7.450E+013  1.215E-009  5.521E+008  9.698E+007
 7.470E+013  1.230E-009  5.520E+008  9.719E+007
 7.490E+013  1.246E-009  5.519E+008  9.739E+007
 7.510E+013  1.262E-009  5.518E+008  9.759E+007
 7.530E+013  1.278E-009  5.517E+008  9.779E+007
 7.550E+013  1.295E-009  5.515E+008  9.799E+007
 7.570E+013  1.311E-009  5.514E+008  9.818E+007
 7.590E+013  1.328E-009  5.513E+008  9.837E+007
 7.610E+013  1.345E-009  5.512E+008  9.856E+007
 7.630E+013  1.362E-009  5.511E+008  9.875E+007
 7.650E+013  1.379E-009  5.509E+008  9.893E+007
 7.670E+013  1.396E-009  5.508E+008  9.912E+007
 7.690E+013  1.413E-009  5.507E+008  9.931E+007
 7.710E+013  1.431E-009  5.506E+008  9.950E+007
 7.730E+013  1.449E-009  5.504E+008  9.968E+007
 7.750E+013  1.467E-009  5.503E+008  9.986E+007
 7.770E+013  1.485E-009  5.502E+008  1.000E+008
 7.790E+013  1.503E-009  5.500E+008  1.002E+008
 7.810E+013  1.521E-009  5.498E+008  1.004E+008
 7.830E+013  1.540E-009  5.497E+008  1.005E+008
 7.850E+013  1.559E-009  5.495E+008  1.007E+008
 7.870E+013  1.578E-009  5.493E+008  1.008E+008
 7.890E+013  1.597E-009  5.492E+008  1.010E+008
 7.910E+013  1.616E-009  5.490E+008  1.012E+008
 7.930E+013  1.636E-009  5.489E+008  1.014E+008
 7.950E+013  1.655E-009  5.487E+008  1.015E+008
 7.970E+013  1.675E-009  5.485E+008  1.017E+008
 7.990E+013  1.695E-009  5.483E+008  1.018E+008
 8.010E+013  1.715E-009  5.481E+008  1.020E+008
 8.030E+013  1.736E-009  5.479E+008  1.021E+008
 8.050E+013  1.756E-009  5.477E+008  1.022E+008
 8.070E+013  1.777E-009  5.474E+008  1.023E+008
 8.090E+013  1.798E-009  5.472E+008  1.025E+008
 8.110E+013  1.819E-009  5.471E+008  1.026E+008
 8.130E+013  1.840E-009  5.469E+008  1.028E+008
 8.150E+013  1.862E-009  5.467E+008  1.029E+008
 8.170E+013  1.884E-009  5.465E+008  1.031E+008
 8.190E+013  1.906E-009  5.463E+008  1.032E+008
 8.210E+013  1.927E-009  5.460E+008  1.033E+008
 8.230E+013  1.949E-009  5.457E+008  1.034E+008
 8.250E+013  1.972E-009  5.453E+008  1.035E+008
 8.270E+013  1.994E-009  5.449E+008  1.035E+008
 8.290E+013  2.016E-009  5.446E+008  1.035E+008
 8.310E+013  2.039E-009  5.442E+008  1.036E+008
 8.330E+013  2.062E-009  5.439E+008  1.036E+008
 8.350E+013  2.085E-009  5.437E+008  1.037E+008
 8.370E+013  2.109E-009  5.435E+008  1.039E+008
 8.390E+013  2.133E-009  5.434E+008  1.041E+008
 8.410E+013  2.158E-009  5.433E+008  1.042E+008
 8.430E+013  2.182E-009  5.431E+008  1.044E+008
 8.450E+013  2.207E-009  5.430E+008  1.046E+008
 8.470E+013  2.231E-009  5.427E+008  1.047E+008
 8.490E+013  2.255E-009  5.422E+008  1.048E+008
 8.510E+013  2.279E-009  5.416E+008  1.048E+008
 8.530E+013  2.303E-009  5.407E+008  1.046E+008
 8.550E+013  2.325E-009  5.392E+008  1.042E+008
 8.570E+013  2.346E-009  5.372E+008  1.035E+008
 8.590E+013  2.366E-009  5.348E+008  1.025E+008
 8.610E+013  2.384E-009  5.320E+008  1.012E+008
 8.630E+013  2.402E-009  5.289E+008  9.985E+007
 8.650E+013  2.420E-009  5.258E+008  9.839E+007
 8.670E+013  2.438E-009  5.226E+008  9.690E+007
 8.690E+013  2.455E-009  5.194E+008  9.542E+007
 8.710E+013  2.473E-009  5.163E+008  9.396E+007
 8.730E+013  2.490E-009  5.132E+008  9.253E+007
 8.750E+013  2.508E-009  5.102E+008  9.113E+007
 8.770E+013  2.526E-009  5.072E+008  8.976E+007
 8.790E+013  2.543E-009  5.042E+008  8.841E+007
 8.810E+013  2.561E-009  5.012E+008  8.709E+007
 8.830E+013  2.579E-009  4.983E+008  8.579E+007
 8.850E+013  2.597E-009  4.954E+008  8.451E+007
 8.870E+013  2.614E-009  4.925E+008  8.325E+007
 8.890E+013  2.632E-009  4.897E+008  8.200E+007
 8.910E+013  2.650E-009  4.868E+008  8.076E+007
 8.930E+013  2.667E-009  4.840E+008  7.955E+007
 8.950E+013  2.685E-009  4.812E+008  7.833E+007
 8.970E+013  2.702E-009  4.784E+008  7.714E+007
 8.990E+013  2.720E-009  4.756E+008  7.596E+007
 9.010E+013  2.737E-009  4.728E+008  7.477E+007
 9.030E+013  2.755E-009  4.700E+008  7.363E+007
 9.050E+013  2.772E-009  4.672E+008  7.247E+007
 9.070E+013  2.789E-009  4.645E+008  7.131E+007
 9.090E+013  2.807E-009  4.618E+008  7.022E+007
 9.110E+013  2.823E-009  4.589E+008  6.906E+007
 9.130E+013  2.841E-009  4.563E+008  6.791E+007
 9.150E+013  2.858E-009  4.536E+008  6.690E+007
 9.170E+013  2.874E-009  4.506E+008  6.569E+007
 9.190E+013  2.891E-009  4.481E+008  6.451E+007
 9.210E+013  2.909E-009  4.455E+008  6.363E+007
 9.230E+013  2.922E-009  4.421E+008  6.233E+007
 9.250E+013  2.940E-009  4.396E+008  6.097E+007
 9.270E+013  2.959E-009  4.377E+008  6.037E+007
 9.290E+013  2.970E-009  4.336E+008  5.918E+007
 9.310E+013  2.985E-009  4.305E+008  5.723E+007
 9.330E+013  3.012E-009  4.304E+008  5.700E+007
 9.350E+013  3.024E-009  4.269E+008  5.694E+007
 9.370E+013  3.021E-009  4.199E+008  5.389E+007
 9.390E+013  3.048E-009  4.199E+008  5.175E+007
 9.410E+013  3.094E-009  4.239E+008  5.437E+007
 9.430E+013  3.070E-009  4.123E+008  5.415E+007
 9.450E+013  2.932E-009  3.762E+008  4.148E+007
 9.470E+013  2.774E-009  3.382E+008  1.781E+007
 9.490E+013  2.693E-009  3.178E+008 -1.944E+006
 9.510E+013  2.679E-009  3.112E+008 -1.008E+007
 9.530E+013  2.691E-009  3.096E+008 -1.177E+007
 9.550E+013  2.709E-009  3.091E+008 -1.168E+007
 9.570E+013  2.727E-009  3.089E+008 -1.124E+007
 9.590E+013  2.747E-009  3.087E+008 -1.073E+007
 9.610E+013  2.766E-009  3.085E+008 -1.021E+007
 9.630E+013  2.786E-009  3.083E+008 -9.694E+006
 9.650E+013  2.806E-009  3.082E+008 -9.172E+006
 9.670E+013  2.826E-009  3.080E+008 -8.652E+006
 9.690E+013  2.846E-009  3.079E+008 -8.133E+006
 9.710E+013  2.866E-009  3.077E+008 -7.616E+006
 9.730E+013  2.886E-009  3.076E+008 -7.101E+006
 9.750E+013  2.907E-009  3.074E+008 -6.588E+006
 9.770E+013  2.928E-009  3.073E+008 -6.077E+006
 9.790E+013  2.949E-009  3.071E+008 -5.568E+006
 9.810E+013  2.970E-009  3.070E+008 -5.059E+006
 9.830E+013  2.991E-009  3.069E+008 -4.551E+006
 9.850E+013  3.012E-009  3.068E+008 -4.044E+006
 9.870E+013  3.034E-009  3.067E+008 -3.537E+006
 9.890E+013  3.055E-009  3.066E+008 -3.031E+006
 9.910E+013  3.078E-009  3.066E+008 -2.524E+006
 9.930E+013  3.102E-009  3.065E+008 -2.017E+006
 9.950E+013  3.130E-009  3.065E+008 -1.512E+006
 9.970E+013  3.160E-009  3.064E+008 -1.006E+006
 9.990E+013  3.181E-009  3.064E+008 -5.024E+005
 1.001E+014  1.000E-099  1.000E-099 -0.000E+000
 1.003E+014  1.000E-099  1.000E-099 -0.000E+000
 8.942E-003
