 2.520E+005
     x1b        dens       energ       v1
 1.000E+011  7.934E-013  6.744E+008  0.000E+000
 3.000E+011  8.183E-013  6.745E+008  6.499E+005
 5.000E+011  8.601E-013  6.744E+008  2.645E+005
 7.000E+011  8.939E-013  6.745E+008  7.001E+005
 9.000E+011  9.106E-013  6.744E+008  8.724E+005
 1.100E+012  9.181E-013  6.744E+008  1.154E+006
 1.300E+012  9.243E-013  6.744E+008  1.393E+006
 1.500E+012  9.329E-013  6.744E+008  1.630E+006
 1.700E+012  9.437E-013  6.744E+008  1.856E+006
 1.900E+012  9.552E-013  6.744E+008  2.076E+006
 2.100E+012  9.662E-013  6.744E+008  2.302E+006
 2.300E+012  9.769E-013  6.744E+008  2.529E+006
 2.500E+012  9.881E-013  6.744E+008  2.763E+006
 2.700E+012  9.999E-013  6.744E+008  2.996E+006
 2.900E+012  1.012E-012  6.744E+008  3.231E+006
 3.100E+012  1.025E-012  6.744E+008  3.462E+006
 3.300E+012  1.037E-012  6.744E+008  3.694E+006
 3.500E+012  1.050E-012  6.744E+008  3.922E+006
 3.700E+012  1.062E-012  6.744E+008  4.149E+006
 3.900E+012  1.074E-012  6.744E+008  4.376E+006
 4.100E+012  1.086E-012  6.744E+008  4.608E+006
 4.300E+012  1.098E-012  6.744E+008  4.841E+006
 4.500E+012  1.109E-012  6.744E+008  5.074E+006
 4.700E+012  1.119E-012  6.744E+008  5.304E+006
 4.900E+012  1.128E-012  6.744E+008  5.533E+006
 5.100E+012  1.135E-012  6.744E+008  5.761E+006
 5.300E+012  1.140E-012  6.744E+008  5.991E+006
 5.500E+012  1.143E-012  6.744E+008  6.224E+006
 5.700E+012  1.144E-012  6.744E+008  6.457E+006
 5.900E+012  1.144E-012  6.744E+008  6.686E+006
 6.100E+012  1.144E-012  6.744E+008  6.913E+006
 6.300E+012  1.144E-012  6.744E+008  7.142E+006
 6.500E+012  1.144E-012  6.744E+008  7.373E+006
 6.700E+012  1.144E-012  6.744E+008  7.606E+006
 6.900E+012  1.144E-012  6.744E+008  7.840E+006
 7.100E+012  1.144E-012  6.744E+008  8.071E+006
 7.300E+012  1.143E-012  6.744E+008  8.299E+006
 7.500E+012  1.143E-012  6.744E+008  8.527E+006
 7.700E+012  1.143E-012  6.744E+008  8.755E+006
 7.900E+012  1.142E-012  6.744E+008  8.985E+006
 8.100E+012  1.141E-012  6.744E+008  9.217E+006
 8.300E+012  1.141E-012  6.744E+008  9.450E+006
 8.500E+012  1.140E-012  6.744E+008  9.683E+006
 8.700E+012  1.139E-012  6.744E+008  9.914E+006
 8.900E+012  1.139E-012  6.744E+008  1.014E+007
 9.100E+012  1.138E-012  6.744E+008  1.037E+007
 9.300E+012  1.138E-012  6.744E+008  1.060E+007
 9.500E+012  1.138E-012  6.744E+008  1.083E+007
 9.700E+012  1.138E-012  6.744E+008  1.106E+007
 9.900E+012  1.138E-012  6.744E+008  1.129E+007
 1.010E+013  1.138E-012  6.744E+008  1.153E+007
 1.030E+013  1.139E-012  6.744E+008  1.176E+007
 1.050E+013  1.139E-012  6.744E+008  1.198E+007
 1.070E+013  1.139E-012  6.744E+008  1.221E+007
 1.090E+013  1.140E-012  6.744E+008  1.244E+007
 1.110E+013  1.141E-012  6.744E+008  1.267E+007
 1.130E+013  1.142E-012  6.744E+008  1.290E+007
 1.150E+013  1.143E-012  6.744E+008  1.314E+007
 1.170E+013  1.145E-012  6.744E+008  1.336E+007
 1.190E+013  1.147E-012  6.744E+008  1.359E+007
 1.210E+013  1.150E-012  6.744E+008  1.382E+007
 1.230E+013  1.153E-012  6.744E+008  1.405E+007
 1.250E+013  1.157E-012  6.744E+008  1.428E+007
 1.270E+013  1.161E-012  6.744E+008  1.451E+007
 1.290E+013  1.166E-012  6.744E+008  1.474E+007
 1.310E+013  1.171E-012  6.744E+008  1.497E+007
 1.330E+013  1.178E-012  6.744E+008  1.520E+007
 1.350E+013  1.185E-012  6.744E+008  1.543E+007
 1.370E+013  1.193E-012  6.744E+008  1.566E+007
 1.390E+013  1.202E-012  6.744E+008  1.589E+007
 1.410E+013  1.213E-012  6.744E+008  1.612E+007
 1.430E+013  1.224E-012  6.744E+008  1.635E+007
 1.450E+013  1.237E-012  6.744E+008  1.658E+007
 1.470E+013  1.251E-012  6.744E+008  1.681E+007
 1.490E+013  1.266E-012  6.744E+008  1.704E+007
 1.510E+013  1.283E-012  6.744E+008  1.727E+007
 1.530E+013  1.302E-012  6.744E+008  1.750E+007
 1.550E+013  1.323E-012  6.744E+008  1.773E+007
 1.570E+013  1.345E-012  6.744E+008  1.796E+007
 1.590E+013  1.369E-012  6.744E+008  1.819E+007
 1.610E+013  1.396E-012  6.744E+008  1.842E+007
 1.630E+013  1.425E-012  6.744E+008  1.865E+007
 1.650E+013  1.457E-012  6.744E+008  1.888E+007
 1.670E+013  1.491E-012  6.744E+008  1.911E+007
 1.690E+013  1.529E-012  6.744E+008  1.934E+007
 1.710E+013  1.569E-012  6.744E+008  1.957E+007
 1.730E+013  1.613E-012  6.744E+008  1.980E+007
 1.750E+013  1.661E-012  6.744E+008  2.003E+007
 1.770E+013  1.713E-012  6.744E+008  2.026E+007
 1.790E+013  1.769E-012  6.744E+008  2.049E+007
 1.810E+013  1.829E-012  6.744E+008  2.072E+007
 1.830E+013  1.895E-012  6.744E+008  2.095E+007
 1.850E+013  1.966E-012  6.744E+008  2.118E+007
 1.870E+013  2.042E-012  6.744E+008  2.141E+007
 1.890E+013  2.125E-012  6.744E+008  2.164E+007
 1.910E+013  2.214E-012  6.744E+008  2.187E+007
 1.930E+013  2.310E-012  6.744E+008  2.210E+007
 1.950E+013  2.414E-012  6.744E+008  2.233E+007
 1.970E+013  2.526E-012  6.744E+008  2.256E+007
 1.990E+013  2.647E-012  6.744E+008  2.279E+007
 2.010E+013  2.776E-012  6.744E+008  2.302E+007
 2.030E+013  2.916E-012  6.744E+008  2.325E+007
 2.050E+013  3.065E-012  6.744E+008  2.348E+007
 2.070E+013  3.226E-012  6.744E+008  2.371E+007
 2.090E+013  3.398E-012  6.744E+008  2.394E+007
 2.110E+013  3.583E-012  6.744E+008  2.417E+007
 2.130E+013  3.780E-012  6.744E+008  2.440E+007
 2.150E+013  3.990E-012  6.744E+008  2.463E+007
 2.170E+013  4.214E-012  6.744E+008  2.486E+007
 2.190E+013  4.452E-012  6.744E+008  2.509E+007
 2.210E+013  4.704E-012  6.744E+008  2.532E+007
 2.230E+013  4.972E-012  6.744E+008  2.554E+007
 2.250E+013  5.254E-012  6.744E+008  2.577E+007
 2.270E+013  5.552E-012  6.744E+008  2.600E+007
 2.290E+013  5.865E-012  6.744E+008  2.623E+007
 2.310E+013  6.194E-012  6.744E+008  2.646E+007
 2.330E+013  6.537E-012  6.744E+008  2.669E+007
 2.350E+013  6.895E-012  6.744E+008  2.691E+007
 2.370E+013  7.267E-012  6.744E+008  2.714E+007
 2.390E+013  7.654E-012  6.744E+008  2.737E+007
 2.410E+013  8.053E-012  6.744E+008  2.760E+007
 2.430E+013  8.465E-012  6.744E+008  2.782E+007
 2.450E+013  8.889E-012  6.744E+008  2.805E+007
 2.470E+013  9.323E-012  6.744E+008  2.828E+007
 2.490E+013  9.768E-012  6.744E+008  2.851E+007
 2.510E+013  1.022E-011  6.744E+008  2.873E+007
 2.530E+013  1.069E-011  6.744E+008  2.896E+007
 2.550E+013  1.116E-011  6.744E+008  2.918E+007
 2.570E+013  1.163E-011  6.744E+008  2.941E+007
 2.590E+013  1.212E-011  6.744E+008  2.964E+007
 2.610E+013  1.261E-011  6.744E+008  2.986E+007
 2.630E+013  1.311E-011  6.744E+008  3.009E+007
 2.650E+013  1.361E-011  6.744E+008  3.031E+007
 2.670E+013  1.411E-011  6.744E+008  3.054E+007
 2.690E+013  1.462E-011  6.744E+008  3.077E+007
 2.710E+013  1.514E-011  6.744E+008  3.099E+007
 2.730E+013  1.566E-011  6.744E+008  3.122E+007
 2.750E+013  1.618E-011  6.744E+008  3.144E+007
 2.770E+013  1.671E-011  6.744E+008  3.167E+007
 2.790E+013  1.725E-011  6.744E+008  3.189E+007
 2.810E+013  1.779E-011  6.744E+008  3.212E+007
 2.830E+013  1.834E-011  6.744E+008  3.234E+007
 2.850E+013  1.889E-011  6.744E+008  3.257E+007
 2.870E+013  1.945E-011  6.744E+008  3.279E+007
 2.890E+013  2.002E-011  6.744E+008  3.301E+007
 2.910E+013  2.060E-011  6.744E+008  3.324E+007
 2.930E+013  2.119E-011  6.744E+008  3.346E+007
 2.950E+013  2.179E-011  6.744E+008  3.369E+007
 2.970E+013  2.239E-011  6.744E+008  3.391E+007
 2.990E+013  2.301E-011  6.744E+008  3.414E+007
 3.010E+013  2.365E-011  6.744E+008  3.436E+007
 3.030E+013  2.429E-011  6.744E+008  3.459E+007
 3.050E+013  2.495E-011  6.744E+008  3.481E+007
 3.070E+013  2.563E-011  6.744E+008  3.504E+007
 3.090E+013  2.632E-011  6.743E+008  3.526E+007
 3.110E+013  2.702E-011  6.743E+008  3.548E+007
 3.130E+013  2.775E-011  6.743E+008  3.571E+007
 3.150E+013  2.849E-011  6.743E+008  3.594E+007
 3.170E+013  2.926E-011  6.743E+008  3.616E+007
 3.190E+013  3.004E-011  6.743E+008  3.639E+007
 3.210E+013  3.085E-011  6.743E+008  3.661E+007
 3.230E+013  3.168E-011  6.743E+008  3.684E+007
 3.250E+013  3.253E-011  6.743E+008  3.706E+007
 3.270E+013  3.340E-011  6.743E+008  3.729E+007
 3.290E+013  3.430E-011  6.743E+008  3.752E+007
 3.310E+013  3.523E-011  6.743E+008  3.774E+007
 3.330E+013  3.618E-011  6.743E+008  3.797E+007
 3.350E+013  3.716E-011  6.743E+008  3.820E+007
 3.370E+013  3.816E-011  6.743E+008  3.843E+007
 3.390E+013  3.920E-011  6.742E+008  3.866E+007
 3.410E+013  4.026E-011  6.742E+008  3.889E+007
 3.430E+013  4.135E-011  6.742E+008  3.911E+007
 3.450E+013  4.247E-011  6.742E+008  3.934E+007
 3.470E+013  4.362E-011  6.742E+008  3.957E+007
 3.490E+013  4.480E-011  6.742E+008  3.980E+007
 3.510E+013  4.601E-011  6.742E+008  4.003E+007
 3.530E+013  4.725E-011  6.742E+008  4.026E+007
 3.550E+013  4.851E-011  6.742E+008  4.049E+007
 3.570E+013  4.981E-011  6.742E+008  4.072E+007
 3.590E+013  5.114E-011  6.742E+008  4.096E+007
 3.610E+013  5.250E-011  6.741E+008  4.119E+007
 3.630E+013  5.389E-011  6.741E+008  4.142E+007
 3.650E+013  5.530E-011  6.741E+008  4.165E+007
 3.670E+013  5.675E-011  6.741E+008  4.188E+007
 3.690E+013  5.822E-011  6.741E+008  4.211E+007
 3.710E+013  5.972E-011  6.741E+008  4.234E+007
 3.730E+013  6.125E-011  6.741E+008  4.257E+007
 3.750E+013  6.280E-011  6.741E+008  4.280E+007
 3.770E+013  6.438E-011  6.741E+008  4.303E+007
 3.790E+013  6.599E-011  6.740E+008  4.326E+007
 3.810E+013  6.763E-011  6.740E+008  4.349E+007
 3.830E+013  6.929E-011  6.740E+008  4.372E+007
 3.850E+013  7.098E-011  6.740E+008  4.395E+007
 3.870E+013  7.270E-011  6.740E+008  4.418E+007
 3.890E+013  7.444E-011  6.740E+008  4.441E+007
 3.910E+013  7.621E-011  6.740E+008  4.463E+007
 3.930E+013  7.801E-011  6.739E+008  4.486E+007
 3.950E+013  7.984E-011  6.739E+008  4.508E+007
 3.970E+013  8.169E-011  6.739E+008  4.530E+007
 3.990E+013  8.357E-011  6.739E+008  4.553E+007
 4.010E+013  8.549E-011  6.739E+008  4.575E+007
 4.030E+013  8.743E-011  6.739E+008  4.597E+007
 4.050E+013  8.940E-011  6.738E+008  4.619E+007
 4.070E+013  9.141E-011  6.738E+008  4.641E+007
 4.090E+013  9.345E-011  6.738E+008  4.663E+007
 4.110E+013  9.553E-011  6.738E+008  4.684E+007
 4.130E+013  9.764E-011  6.737E+008  4.706E+007
 4.150E+013  9.979E-011  6.737E+008  4.728E+007
 4.170E+013  1.020E-010  6.737E+008  4.749E+007
 4.190E+013  1.042E-010  6.737E+008  4.771E+007
 4.210E+013  1.065E-010  6.736E+008  4.792E+007
 4.230E+013  1.088E-010  6.736E+008  4.814E+007
 4.250E+013  1.111E-010  6.736E+008  4.835E+007
 4.270E+013  1.135E-010  6.735E+008  4.857E+007
 4.290E+013  1.160E-010  6.735E+008  4.879E+007
 4.310E+013  1.185E-010  6.735E+008  4.900E+007
 4.330E+013  1.210E-010  6.734E+008  4.922E+007
 4.350E+013  1.236E-010  6.734E+008  4.944E+007
 4.370E+013  1.263E-010  6.734E+008  4.966E+007
 4.390E+013  1.290E-010  6.733E+008  4.988E+007
 4.410E+013  1.317E-010  6.733E+008  5.010E+007
 4.430E+013  1.345E-010  6.733E+008  5.032E+007
 4.450E+013  1.374E-010  6.732E+008  5.054E+007
 4.470E+013  1.403E-010  6.732E+008  5.077E+007
 4.490E+013  1.433E-010  6.732E+008  5.099E+007
 4.510E+013  1.464E-010  6.731E+008  5.122E+007
 4.530E+013  1.495E-010  6.731E+008  5.145E+007
 4.550E+013  1.526E-010  6.731E+008  5.168E+007
 4.570E+013  1.559E-010  6.730E+008  5.190E+007
 4.590E+013  1.592E-010  6.730E+008  5.213E+007
 4.610E+013  1.625E-010  6.730E+008  5.236E+007
 4.630E+013  1.659E-010  6.729E+008  5.259E+007
 4.650E+013  1.694E-010  6.729E+008  5.281E+007
 4.670E+013  1.729E-010  6.729E+008  5.304E+007
 4.690E+013  1.765E-010  6.728E+008  5.326E+007
 4.710E+013  1.802E-010  6.728E+008  5.349E+007
 4.730E+013  1.839E-010  6.727E+008  5.371E+007
 4.750E+013  1.877E-010  6.727E+008  5.392E+007
 4.770E+013  1.915E-010  6.726E+008  5.414E+007
 4.790E+013  1.954E-010  6.726E+008  5.435E+007
 4.810E+013  1.994E-010  6.725E+008  5.456E+007
 4.830E+013  2.035E-010  6.724E+008  5.477E+007
 4.850E+013  2.076E-010  6.724E+008  5.497E+007
 4.870E+013  2.117E-010  6.723E+008  5.517E+007
 4.890E+013  2.160E-010  6.722E+008  5.537E+007
 4.910E+013  2.203E-010  6.722E+008  5.556E+007
 4.930E+013  2.246E-010  6.721E+008  5.576E+007
 4.950E+013  2.291E-010  6.720E+008  5.595E+007
 4.970E+013  2.336E-010  6.719E+008  5.614E+007
 4.990E+013  2.381E-010  6.719E+008  5.634E+007
 5.010E+013  2.428E-010  6.718E+008  5.653E+007
 5.030E+013  2.475E-010  6.717E+008  5.673E+007
 5.050E+013  2.522E-010  6.716E+008  5.693E+007
 5.070E+013  2.571E-010  6.716E+008  5.713E+007
 5.090E+013  2.620E-010  6.715E+008  5.734E+007
 5.110E+013  2.670E-010  6.714E+008  5.755E+007
 5.130E+013  2.721E-010  6.713E+008  5.777E+007
 5.150E+013  2.772E-010  6.713E+008  5.799E+007
 5.170E+013  2.824E-010  6.712E+008  5.821E+007
 5.190E+013  2.877E-010  6.711E+008  5.844E+007
 5.210E+013  2.931E-010  6.711E+008  5.867E+007
 5.230E+013  2.985E-010  6.710E+008  5.890E+007
 5.250E+013  3.040E-010  6.709E+008  5.914E+007
 5.270E+013  3.097E-010  6.709E+008  5.937E+007
 5.290E+013  3.153E-010  6.708E+008  5.960E+007
 5.310E+013  3.211E-010  6.707E+008  5.982E+007
 5.330E+013  3.269E-010  6.706E+008  6.004E+007
 5.350E+013  3.329E-010  6.705E+008  6.026E+007
 5.370E+013  3.389E-010  6.704E+008  6.047E+007
 5.390E+013  3.449E-010  6.703E+008  6.066E+007
 5.410E+013  3.511E-010  6.702E+008  6.085E+007
 5.430E+013  3.573E-010  6.701E+008  6.103E+007
 5.450E+013  3.637E-010  6.699E+008  6.119E+007
 5.470E+013  3.701E-010  6.698E+008  6.135E+007
 5.490E+013  3.765E-010  6.696E+008  6.149E+007
 5.510E+013  3.831E-010  6.695E+008  6.163E+007
 5.530E+013  3.898E-010  6.693E+008  6.176E+007
 5.550E+013  3.965E-010  6.691E+008  6.188E+007
 5.570E+013  4.033E-010  6.689E+008  6.201E+007
 5.590E+013  4.102E-010  6.687E+008  6.213E+007
 5.610E+013  4.172E-010  6.685E+008  6.226E+007
 5.630E+013  4.243E-010  6.684E+008  6.239E+007
 5.650E+013  4.314E-010  6.682E+008  6.253E+007
 5.670E+013  4.387E-010  6.680E+008  6.269E+007
 5.690E+013  4.460E-010  6.679E+008  6.286E+007
 5.710E+013  4.535E-010  6.677E+008  6.305E+007
 5.730E+013  4.611E-010  6.676E+008  6.325E+007
 5.750E+013  4.687E-010  6.675E+008  6.347E+007
 5.770E+013  4.765E-010  6.674E+008  6.370E+007
 5.790E+013  4.843E-010  6.673E+008  6.395E+007
 5.810E+013  4.923E-010  6.672E+008  6.421E+007
 5.830E+013  5.003E-010  6.671E+008  6.448E+007
 5.850E+013  5.085E-010  6.670E+008  6.476E+007
 5.870E+013  5.168E-010  6.669E+008  6.504E+007
 5.890E+013  5.251E-010  6.669E+008  6.532E+007
 5.910E+013  5.336E-010  6.668E+008  6.559E+007
 5.930E+013  5.422E-010  6.667E+008  6.586E+007
 5.950E+013  5.509E-010  6.665E+008  6.611E+007
 5.970E+013  5.597E-010  6.664E+008  6.634E+007
 5.990E+013  5.686E-010  6.662E+008  6.654E+007
 6.010E+013  5.775E-010  6.660E+008  6.671E+007
 6.030E+013  5.866E-010  6.658E+008  6.684E+007
 6.050E+013  5.958E-010  6.654E+008  6.692E+007
 6.070E+013  6.050E-010  6.651E+008  6.695E+007
 6.090E+013  6.143E-010  6.646E+008  6.692E+007
 6.110E+013  6.237E-010  6.641E+008  6.682E+007
 6.130E+013  6.331E-010  6.635E+008  6.665E+007
 6.150E+013  6.427E-010  6.628E+008  6.640E+007
 6.170E+013  6.522E-010  6.620E+008  6.606E+007
 6.190E+013  6.618E-010  6.611E+008  6.564E+007
 6.210E+013  6.715E-010  6.601E+008  6.514E+007
 6.230E+013  6.812E-010  6.590E+008  6.454E+007
 6.250E+013  6.909E-010  6.578E+008  6.387E+007
 6.270E+013  7.007E-010  6.565E+008  6.312E+007
 6.290E+013  7.105E-010  6.551E+008  6.231E+007
 6.310E+013  7.204E-010  6.537E+008  6.145E+007
 6.330E+013  7.303E-010  6.522E+008  6.055E+007
 6.350E+013  7.403E-010  6.507E+008  5.962E+007
 6.370E+013  7.504E-010  6.492E+008  5.869E+007
 6.390E+013  7.606E-010  6.476E+008  5.775E+007
 6.410E+013  7.708E-010  6.460E+008  5.681E+007
 6.430E+013  7.812E-010  6.444E+008  5.587E+007
 6.450E+013  7.916E-010  6.428E+008  5.495E+007
 6.470E+013  8.021E-010  6.412E+008  5.404E+007
 6.490E+013  8.127E-010  6.396E+008  5.314E+007
 6.510E+013  8.233E-010  6.380E+008  5.226E+007
 6.530E+013  8.341E-010  6.364E+008  5.138E+007
 6.550E+013  8.449E-010  6.348E+008  5.052E+007
 6.570E+013  8.559E-010  6.332E+008  4.966E+007
 6.590E+013  8.669E-010  6.316E+008  4.882E+007
 6.610E+013  8.780E-010  6.299E+008  4.798E+007
 6.630E+013  8.891E-010  6.283E+008  4.716E+007
 6.650E+013  9.004E-010  6.267E+008  4.635E+007
 6.670E+013  9.117E-010  6.250E+008  4.554E+007
 6.690E+013  9.232E-010  6.234E+008  4.475E+007
 6.710E+013  9.347E-010  6.217E+008  4.396E+007
 6.730E+013  9.462E-010  6.201E+008  4.318E+007
 6.750E+013  9.579E-010  6.184E+008  4.242E+007
 6.770E+013  9.696E-010  6.167E+008  4.166E+007
 6.790E+013  9.814E-010  6.150E+008  4.091E+007
 6.810E+013  9.933E-010  6.134E+008  4.016E+007
 6.830E+013  1.005E-009  6.117E+008  3.943E+007
 6.850E+013  1.017E-009  6.100E+008  3.870E+007
 6.870E+013  1.029E-009  6.083E+008  3.798E+007
 6.890E+013  1.042E-009  6.066E+008  3.726E+007
 6.910E+013  1.054E-009  6.049E+008  3.656E+007
 6.930E+013  1.066E-009  6.032E+008  3.586E+007
 6.950E+013  1.079E-009  6.014E+008  3.516E+007
 6.970E+013  1.091E-009  5.997E+008  3.447E+007
 6.990E+013  1.103E-009  5.980E+008  3.379E+007
 7.010E+013  1.116E-009  5.962E+008  3.311E+007
 7.030E+013  1.129E-009  5.945E+008  3.244E+007
 7.050E+013  1.141E-009  5.927E+008  3.177E+007
 7.070E+013  1.154E-009  5.909E+008  3.110E+007
 7.090E+013  1.167E-009  5.892E+008  3.045E+007
 7.110E+013  1.180E-009  5.874E+008  2.980E+007
 7.130E+013  1.193E-009  5.856E+008  2.915E+007
 7.150E+013  1.206E-009  5.838E+008  2.851E+007
 7.170E+013  1.219E-009  5.820E+008  2.787E+007
 7.190E+013  1.232E-009  5.802E+008  2.724E+007
 7.210E+013  1.245E-009  5.784E+008  2.661E+007
 7.230E+013  1.259E-009  5.766E+008  2.599E+007
 7.250E+013  1.272E-009  5.748E+008  2.537E+007
 7.270E+013  1.285E-009  5.729E+008  2.476E+007
 7.290E+013  1.299E-009  5.711E+008  2.415E+007
 7.310E+013  1.312E-009  5.692E+008  2.355E+007
 7.330E+013  1.326E-009  5.674E+008  2.294E+007
 7.350E+013  1.340E-009  5.655E+008  2.235E+007
 7.370E+013  1.353E-009  5.637E+008  2.175E+007
 7.390E+013  1.367E-009  5.618E+008  2.116E+007
 7.410E+013  1.381E-009  5.599E+008  2.057E+007
 7.430E+013  1.394E-009  5.580E+008  1.998E+007
 7.450E+013  1.408E-009  5.561E+008  1.940E+007
 7.470E+013  1.422E-009  5.542E+008  1.881E+007
 7.490E+013  1.436E-009  5.523E+008  1.824E+007
 7.510E+013  1.450E-009  5.504E+008  1.765E+007
 7.530E+013  1.464E-009  5.484E+008  1.708E+007
 7.550E+013  1.478E-009  5.465E+008  1.650E+007
 7.570E+013  1.492E-009  5.445E+008  1.592E+007
 7.590E+013  1.506E-009  5.426E+008  1.535E+007
 7.610E+013  1.521E-009  5.406E+008  1.477E+007
 7.630E+013  1.535E-009  5.386E+008  1.420E+007
 7.650E+013  1.549E-009  5.367E+008  1.361E+007
 7.670E+013  1.563E-009  5.346E+008  1.310E+007
 7.690E+013  1.578E-009  5.326E+008  1.243E+007
 7.710E+013  1.592E-009  5.308E+008  1.198E+007
 7.730E+013  1.606E-009  5.284E+008  1.135E+007
 7.750E+013  1.621E-009  5.268E+008  1.069E+007
 7.770E+013  1.636E-009  5.246E+008  1.047E+007
 7.790E+013  1.649E-009  5.221E+008  9.422E+006
 7.810E+013  1.666E-009  5.211E+008  9.208E+006
 7.830E+013  1.678E-009  5.180E+008  8.822E+006
 7.850E+013  1.693E-009  5.161E+008  7.432E+006
 7.870E+013  1.710E-009  5.153E+008  7.979E+006
 7.890E+013  1.720E-009  5.109E+008  6.912E+006
 7.910E+013  1.737E-009  5.103E+008  5.429E+006
 7.930E+013  1.755E-009  5.095E+008  6.919E+006
 7.950E+013  1.761E-009  5.032E+008  4.820E+006
 7.970E+013  1.781E-009  5.039E+008  2.970E+006
 7.990E+013  1.802E-009  5.046E+008  5.990E+006
 8.010E+013  1.800E-009  4.949E+008  3.258E+006
 8.030E+013  1.818E-009  4.945E+008 -1.019E+006
 8.050E+013  1.852E-009  5.008E+008  4.046E+006
 8.070E+013  1.846E-009  4.896E+008  4.128E+006
 8.090E+013  1.839E-009  4.782E+008 -5.743E+006
 8.110E+013  1.888E-009  4.909E+008 -4.127E+006
 8.130E+013  1.920E-009  4.960E+008  6.455E+006
 8.150E+013  1.873E-009  4.679E+008  1.106E+005
 8.170E+013  1.790E-009  4.265E+008 -2.417E+007
 8.190E+013  1.728E-009  3.961E+008 -5.094E+007
 8.210E+013  1.705E-009  3.815E+008 -6.725E+007
 8.230E+013  1.707E-009  3.764E+008 -7.320E+007
 8.250E+013  1.718E-009  3.749E+008 -7.429E+007
 8.270E+013  1.731E-009  3.742E+008 -7.387E+007
 8.290E+013  1.745E-009  3.737E+008 -7.314E+007
 8.310E+013  1.759E-009  3.732E+008 -7.235E+007
 8.330E+013  1.773E-009  3.728E+008 -7.153E+007
 8.350E+013  1.788E-009  3.724E+008 -7.069E+007
 8.370E+013  1.802E-009  3.720E+008 -6.983E+007
 8.390E+013  1.817E-009  3.717E+008 -6.896E+007
 8.410E+013  1.832E-009  3.713E+008 -6.808E+007
 8.430E+013  1.847E-009  3.710E+008 -6.718E+007
 8.450E+013  1.863E-009  3.707E+008 -6.628E+007
 8.470E+013  1.878E-009  3.704E+008 -6.537E+007
 8.490E+013  1.894E-009  3.702E+008 -6.445E+007
 8.510E+013  1.910E-009  3.699E+008 -6.354E+007
 8.530E+013  1.925E-009  3.696E+008 -6.262E+007
 8.550E+013  1.941E-009  3.694E+008 -6.171E+007
 8.570E+013  1.957E-009  3.691E+008 -6.080E+007
 8.590E+013  1.974E-009  3.688E+008 -5.989E+007
 8.610E+013  1.990E-009  3.686E+008 -5.899E+007
 8.630E+013  2.006E-009  3.683E+008 -5.809E+007
 8.650E+013  2.023E-009  3.681E+008 -5.719E+007
 8.670E+013  2.040E-009  3.678E+008 -5.629E+007
 8.690E+013  2.056E-009  3.675E+008 -5.540E+007
 8.710E+013  2.073E-009  3.673E+008 -5.451E+007
 8.730E+013  2.090E-009  3.670E+008 -5.363E+007
 8.750E+013  2.107E-009  3.668E+008 -5.274E+007
 8.770E+013  2.125E-009  3.665E+008 -5.186E+007
 8.790E+013  2.142E-009  3.663E+008 -5.097E+007
 8.810E+013  2.160E-009  3.661E+008 -5.009E+007
 8.830E+013  2.177E-009  3.658E+008 -4.920E+007
 8.850E+013  2.195E-009  3.656E+008 -4.832E+007
 8.870E+013  2.213E-009  3.654E+008 -4.744E+007
 8.890E+013  2.231E-009  3.652E+008 -4.655E+007
 8.910E+013  2.250E-009  3.650E+008 -4.566E+007
 8.930E+013  2.268E-009  3.648E+008 -4.478E+007
 8.950E+013  2.287E-009  3.646E+008 -4.389E+007
 8.970E+013  2.306E-009  3.644E+008 -4.301E+007
 8.990E+013  2.325E-009  3.643E+008 -4.212E+007
 9.010E+013  2.344E-009  3.641E+008 -4.123E+007
 9.030E+013  2.363E-009  3.639E+008 -4.035E+007
 9.050E+013  2.382E-009  3.638E+008 -3.946E+007
 9.070E+013  2.402E-009  3.636E+008 -3.858E+007
 9.090E+013  2.422E-009  3.634E+008 -3.770E+007
 9.110E+013  2.442E-009  3.633E+008 -3.682E+007
 9.130E+013  2.462E-009  3.631E+008 -3.594E+007
 9.150E+013  2.482E-009  3.630E+008 -3.506E+007
 9.170E+013  2.502E-009  3.629E+008 -3.419E+007
 9.190E+013  2.523E-009  3.627E+008 -3.331E+007
 9.210E+013  2.543E-009  3.626E+008 -3.244E+007
 9.230E+013  2.564E-009  3.625E+008 -3.157E+007
 9.250E+013  2.585E-009  3.624E+008 -3.071E+007
 9.270E+013  2.606E-009  3.622E+008 -2.985E+007
 9.290E+013  2.628E-009  3.621E+008 -2.899E+007
 9.310E+013  2.649E-009  3.620E+008 -2.813E+007
 9.330E+013  2.671E-009  3.619E+008 -2.727E+007
 9.350E+013  2.693E-009  3.618E+008 -2.642E+007
 9.370E+013  2.715E-009  3.617E+008 -2.557E+007
 9.390E+013  2.737E-009  3.615E+008 -2.473E+007
 9.410E+013  2.759E-009  3.614E+008 -2.388E+007
 9.430E+013  2.782E-009  3.613E+008 -2.304E+007
 9.450E+013  2.804E-009  3.612E+008 -2.221E+007
 9.470E+013  2.827E-009  3.612E+008 -2.137E+007
 9.490E+013  2.850E-009  3.611E+008 -2.054E+007
 9.510E+013  2.873E-009  3.610E+008 -1.971E+007
 9.530E+013  2.897E-009  3.609E+008 -1.889E+007
 9.550E+013  2.920E-009  3.608E+008 -1.807E+007
 9.570E+013  2.944E-009  3.607E+008 -1.725E+007
 9.590E+013  2.968E-009  3.606E+008 -1.643E+007
 9.610E+013  2.992E-009  3.606E+008 -1.562E+007
 9.630E+013  3.016E-009  3.605E+008 -1.481E+007
 9.650E+013  3.041E-009  3.604E+008 -1.400E+007
 9.670E+013  3.066E-009  3.604E+008 -1.320E+007
 9.690E+013  3.090E-009  3.603E+008 -1.239E+007
 9.710E+013  3.116E-009  3.603E+008 -1.160E+007
 9.730E+013  3.141E-009  3.602E+008 -1.080E+007
 9.750E+013  3.166E-009  3.602E+008 -1.001E+007
 9.770E+013  3.192E-009  3.601E+008 -9.222E+006
 9.790E+013  3.218E-009  3.601E+008 -8.436E+006
 9.810E+013  3.244E-009  3.600E+008 -7.654E+006
 9.830E+013  3.270E-009  3.600E+008 -6.874E+006
 9.850E+013  3.297E-009  3.600E+008 -6.098E+006
 9.870E+013  3.323E-009  3.599E+008 -5.325E+006
 9.890E+013  3.350E-009  3.599E+008 -4.555E+006
 9.910E+013  3.377E-009  3.599E+008 -3.788E+006
 9.930E+013  3.405E-009  3.599E+008 -3.024E+006
 9.950E+013  3.438E-009  3.599E+008 -2.264E+006
 9.970E+013  3.475E-009  3.599E+008 -1.506E+006
 9.990E+013  3.503E-009  3.599E+008 -7.515E+005
 1.001E+014  1.000E-099  1.000E-099 -0.000E+000
 1.003E+014  1.000E-099  1.000E-099 -0.000E+000
 7.991E-003
