 1.320E+005
     x1b        dens       energ       v1
 1.000E+011  7.728E-013  4.945E+008  0.000E+000
 3.000E+011  7.729E-013  4.945E+008  3.819E+005
 5.000E+011  7.733E-013  4.945E+008  7.286E+005
 7.000E+011  7.742E-013  4.945E+008  1.105E+006
 9.000E+011  7.757E-013  4.945E+008  1.467E+006
 1.100E+012  7.780E-013  4.945E+008  1.837E+006
 1.300E+012  7.811E-013  4.945E+008  2.203E+006
 1.500E+012  7.851E-013  4.945E+008  2.571E+006
 1.700E+012  7.900E-013  4.945E+008  2.938E+006
 1.900E+012  7.957E-013  4.945E+008  3.305E+006
 2.100E+012  8.022E-013  4.945E+008  3.672E+006
 2.300E+012  8.094E-013  4.945E+008  4.040E+006
 2.500E+012  8.172E-013  4.945E+008  4.407E+006
 2.700E+012  8.255E-013  4.945E+008  4.774E+006
 2.900E+012  8.342E-013  4.945E+008  5.141E+006
 3.100E+012  8.431E-013  4.945E+008  5.509E+006
 3.300E+012  8.523E-013  4.945E+008  5.876E+006
 3.500E+012  8.615E-013  4.945E+008  6.243E+006
 3.700E+012  8.709E-013  4.945E+008  6.610E+006
 3.900E+012  8.803E-013  4.945E+008  6.977E+006
 4.100E+012  8.896E-013  4.945E+008  7.345E+006
 4.300E+012  8.989E-013  4.945E+008  7.712E+006
 4.500E+012  9.079E-013  4.945E+008  8.079E+006
 4.700E+012  9.167E-013  4.945E+008  8.446E+006
 4.900E+012  9.249E-013  4.945E+008  8.814E+006
 5.100E+012  9.324E-013  4.945E+008  9.181E+006
 5.300E+012  9.389E-013  4.945E+008  9.548E+006
 5.500E+012  9.441E-013  4.945E+008  9.915E+006
 5.700E+012  9.474E-013  4.945E+008  1.028E+007
 5.900E+012  9.490E-013  4.945E+008  1.065E+007
 6.100E+012  9.493E-013  4.945E+008  1.102E+007
 6.300E+012  9.494E-013  4.945E+008  1.138E+007
 6.500E+012  9.494E-013  4.945E+008  1.175E+007
 6.700E+012  9.493E-013  4.945E+008  1.212E+007
 6.900E+012  9.493E-013  4.945E+008  1.249E+007
 7.100E+012  9.493E-013  4.945E+008  1.285E+007
 7.300E+012  9.492E-013  4.945E+008  1.322E+007
 7.500E+012  9.491E-013  4.945E+008  1.359E+007
 7.700E+012  9.489E-013  4.945E+008  1.395E+007
 7.900E+012  9.487E-013  4.945E+008  1.432E+007
 8.100E+012  9.483E-013  4.945E+008  1.469E+007
 8.300E+012  9.479E-013  4.945E+008  1.506E+007
 8.500E+012  9.474E-013  4.945E+008  1.542E+007
 8.700E+012  9.468E-013  4.945E+008  1.579E+007
 8.900E+012  9.461E-013  4.945E+008  1.616E+007
 9.100E+012  9.454E-013  4.945E+008  1.653E+007
 9.300E+012  9.448E-013  4.945E+008  1.689E+007
 9.500E+012  9.445E-013  4.945E+008  1.726E+007
 9.700E+012  9.443E-013  4.945E+008  1.763E+007
 9.900E+012  9.443E-013  4.945E+008  1.799E+007
 1.010E+013  9.443E-013  4.945E+008  1.836E+007
 1.030E+013  9.443E-013  4.945E+008  1.873E+007
 1.050E+013  9.444E-013  4.945E+008  1.910E+007
 1.070E+013  9.445E-013  4.945E+008  1.946E+007
 1.090E+013  9.446E-013  4.945E+008  1.983E+007
 1.110E+013  9.448E-013  4.945E+008  2.020E+007
 1.130E+013  9.451E-013  4.945E+008  2.056E+007
 1.150E+013  9.456E-013  4.945E+008  2.093E+007
 1.170E+013  9.461E-013  4.945E+008  2.130E+007
 1.190E+013  9.469E-013  4.945E+008  2.167E+007
 1.210E+013  9.479E-013  4.945E+008  2.203E+007
 1.230E+013  9.490E-013  4.945E+008  2.240E+007
 1.250E+013  9.505E-013  4.945E+008  2.277E+007
 1.270E+013  9.522E-013  4.945E+008  2.314E+007
 1.290E+013  9.543E-013  4.945E+008  2.350E+007
 1.310E+013  9.568E-013  4.945E+008  2.387E+007
 1.330E+013  9.596E-013  4.945E+008  2.424E+007
 1.350E+013  9.629E-013  4.945E+008  2.460E+007
 1.370E+013  9.667E-013  4.945E+008  2.497E+007
 1.390E+013  9.710E-013  4.945E+008  2.534E+007
 1.410E+013  9.758E-013  4.945E+008  2.571E+007
 1.430E+013  9.813E-013  4.945E+008  2.607E+007
 1.450E+013  9.874E-013  4.945E+008  2.644E+007
 1.470E+013  9.943E-013  4.945E+008  2.681E+007
 1.490E+013  1.002E-012  4.945E+008  2.718E+007
 1.510E+013  1.010E-012  4.945E+008  2.754E+007
 1.530E+013  1.020E-012  4.945E+008  2.791E+007
 1.550E+013  1.030E-012  4.945E+008  2.828E+007
 1.570E+013  1.041E-012  4.945E+008  2.864E+007
 1.590E+013  1.054E-012  4.945E+008  2.901E+007
 1.610E+013  1.067E-012  4.945E+008  2.938E+007
 1.630E+013  1.082E-012  4.945E+008  2.975E+007
 1.650E+013  1.098E-012  4.945E+008  3.011E+007
 1.670E+013  1.115E-012  4.945E+008  3.048E+007
 1.690E+013  1.134E-012  4.945E+008  3.085E+007
 1.710E+013  1.155E-012  4.945E+008  3.122E+007
 1.730E+013  1.177E-012  4.945E+008  3.158E+007
 1.750E+013  1.202E-012  4.945E+008  3.195E+007
 1.770E+013  1.228E-012  4.945E+008  3.232E+007
 1.790E+013  1.256E-012  4.945E+008  3.269E+007
 1.810E+013  1.287E-012  4.945E+008  3.305E+007
 1.830E+013  1.320E-012  4.945E+008  3.342E+007
 1.850E+013  1.355E-012  4.945E+008  3.379E+007
 1.870E+013  1.394E-012  4.945E+008  3.416E+007
 1.890E+013  1.435E-012  4.945E+008  3.452E+007
 1.910E+013  1.480E-012  4.945E+008  3.489E+007
 1.930E+013  1.528E-012  4.945E+008  3.526E+007
 1.950E+013  1.579E-012  4.945E+008  3.563E+007
 1.970E+013  1.635E-012  4.945E+008  3.599E+007
 1.990E+013  1.695E-012  4.945E+008  3.636E+007
 2.010E+013  1.759E-012  4.945E+008  3.673E+007
 2.030E+013  1.828E-012  4.945E+008  3.710E+007
 2.050E+013  1.902E-012  4.945E+008  3.747E+007
 2.070E+013  1.982E-012  4.945E+008  3.783E+007
 2.090E+013  2.068E-012  4.945E+008  3.820E+007
 2.110E+013  2.159E-012  4.945E+008  3.857E+007
 2.130E+013  2.258E-012  4.945E+008  3.894E+007
 2.150E+013  2.363E-012  4.945E+008  3.931E+007
 2.170E+013  2.475E-012  4.945E+008  3.967E+007
 2.190E+013  2.596E-012  4.945E+008  4.004E+007
 2.210E+013  2.724E-012  4.945E+008  4.041E+007
 2.230E+013  2.862E-012  4.945E+008  4.078E+007
 2.250E+013  3.008E-012  4.945E+008  4.114E+007
 2.270E+013  3.163E-012  4.945E+008  4.151E+007
 2.290E+013  3.328E-012  4.945E+008  4.188E+007
 2.310E+013  3.504E-012  4.945E+008  4.225E+007
 2.330E+013  3.690E-012  4.945E+008  4.262E+007
 2.350E+013  3.886E-012  4.945E+008  4.298E+007
 2.370E+013  4.093E-012  4.945E+008  4.335E+007
 2.390E+013  4.312E-012  4.945E+008  4.372E+007
 2.410E+013  4.541E-012  4.945E+008  4.409E+007
 2.430E+013  4.782E-012  4.945E+008  4.445E+007
 2.450E+013  5.034E-012  4.945E+008  4.482E+007
 2.470E+013  5.297E-012  4.945E+008  4.519E+007
 2.490E+013  5.571E-012  4.945E+008  4.555E+007
 2.510E+013  5.856E-012  4.945E+008  4.592E+007
 2.530E+013  6.151E-012  4.945E+008  4.629E+007
 2.550E+013  6.456E-012  4.945E+008  4.665E+007
 2.570E+013  6.770E-012  4.945E+008  4.702E+007
 2.590E+013  7.094E-012  4.945E+008  4.739E+007
 2.610E+013  7.426E-012  4.945E+008  4.776E+007
 2.630E+013  7.766E-012  4.945E+008  4.812E+007
 2.650E+013  8.114E-012  4.945E+008  4.849E+007
 2.670E+013  8.469E-012  4.945E+008  4.886E+007
 2.690E+013  8.830E-012  4.945E+008  4.922E+007
 2.710E+013  9.196E-012  4.945E+008  4.959E+007
 2.730E+013  9.568E-012  4.945E+008  4.996E+007
 2.750E+013  9.945E-012  4.945E+008  5.032E+007
 2.770E+013  1.033E-011  4.945E+008  5.069E+007
 2.790E+013  1.071E-011  4.945E+008  5.106E+007
 2.810E+013  1.110E-011  4.945E+008  5.142E+007
 2.830E+013  1.149E-011  4.945E+008  5.179E+007
 2.850E+013  1.189E-011  4.945E+008  5.216E+007
 2.870E+013  1.229E-011  4.945E+008  5.252E+007
 2.890E+013  1.270E-011  4.945E+008  5.289E+007
 2.910E+013  1.310E-011  4.945E+008  5.326E+007
 2.930E+013  1.351E-011  4.945E+008  5.362E+007
 2.950E+013  1.393E-011  4.945E+008  5.399E+007
 2.970E+013  1.435E-011  4.945E+008  5.436E+007
 2.990E+013  1.477E-011  4.945E+008  5.473E+007
 3.010E+013  1.519E-011  4.945E+008  5.509E+007
 3.030E+013  1.563E-011  4.945E+008  5.546E+007
 3.050E+013  1.606E-011  4.945E+008  5.583E+007
 3.070E+013  1.651E-011  4.946E+008  5.619E+007
 3.090E+013  1.696E-011  4.946E+008  5.656E+007
 3.110E+013  1.741E-011  4.946E+008  5.693E+007
 3.130E+013  1.788E-011  4.946E+008  5.729E+007
 3.150E+013  1.835E-011  4.946E+008  5.766E+007
 3.170E+013  1.883E-011  4.946E+008  5.803E+007
 3.190E+013  1.931E-011  4.946E+008  5.840E+007
 3.210E+013  1.981E-011  4.946E+008  5.876E+007
 3.230E+013  2.032E-011  4.946E+008  5.913E+007
 3.250E+013  2.084E-011  4.946E+008  5.950E+007
 3.270E+013  2.136E-011  4.946E+008  5.987E+007
 3.290E+013  2.191E-011  4.946E+008  6.023E+007
 3.310E+013  2.246E-011  4.946E+008  6.060E+007
 3.330E+013  2.303E-011  4.946E+008  6.097E+007
 3.350E+013  2.361E-011  4.946E+008  6.134E+007
 3.370E+013  2.420E-011  4.946E+008  6.170E+007
 3.390E+013  2.481E-011  4.946E+008  6.207E+007
 3.410E+013  2.544E-011  4.946E+008  6.244E+007
 3.430E+013  2.608E-011  4.946E+008  6.280E+007
 3.450E+013  2.674E-011  4.946E+008  6.317E+007
 3.470E+013  2.741E-011  4.946E+008  6.354E+007
 3.490E+013  2.811E-011  4.946E+008  6.391E+007
 3.510E+013  2.882E-011  4.946E+008  6.427E+007
 3.530E+013  2.955E-011  4.946E+008  6.464E+007
 3.550E+013  3.030E-011  4.946E+008  6.501E+007
 3.570E+013  3.107E-011  4.946E+008  6.538E+007
 3.590E+013  3.186E-011  4.946E+008  6.574E+007
 3.610E+013  3.267E-011  4.946E+008  6.611E+007
 3.630E+013  3.350E-011  4.946E+008  6.648E+007
 3.650E+013  3.436E-011  4.946E+008  6.685E+007
 3.670E+013  3.523E-011  4.946E+008  6.721E+007
 3.690E+013  3.613E-011  4.946E+008  6.758E+007
 3.710E+013  3.705E-011  4.946E+008  6.795E+007
 3.730E+013  3.799E-011  4.946E+008  6.832E+007
 3.750E+013  3.895E-011  4.946E+008  6.868E+007
 3.770E+013  3.993E-011  4.947E+008  6.905E+007
 3.790E+013  4.094E-011  4.947E+008  6.942E+007
 3.810E+013  4.197E-011  4.947E+008  6.979E+007
 3.830E+013  4.302E-011  4.947E+008  7.015E+007
 3.850E+013  4.409E-011  4.947E+008  7.052E+007
 3.870E+013  4.518E-011  4.947E+008  7.089E+007
 3.890E+013  4.629E-011  4.947E+008  7.126E+007
 3.910E+013  4.743E-011  4.947E+008  7.162E+007
 3.930E+013  4.859E-011  4.947E+008  7.199E+007
 3.950E+013  4.976E-011  4.947E+008  7.236E+007
 3.970E+013  5.096E-011  4.947E+008  7.273E+007
 3.990E+013  5.218E-011  4.947E+008  7.309E+007
 4.010E+013  5.341E-011  4.947E+008  7.346E+007
 4.030E+013  5.467E-011  4.947E+008  7.383E+007
 4.050E+013  5.595E-011  4.947E+008  7.420E+007
 4.070E+013  5.725E-011  4.947E+008  7.456E+007
 4.090E+013  5.856E-011  4.947E+008  7.493E+007
 4.110E+013  5.990E-011  4.948E+008  7.530E+007
 4.130E+013  6.125E-011  4.948E+008  7.567E+007
 4.150E+013  6.263E-011  4.948E+008  7.603E+007
 4.170E+013  6.403E-011  4.948E+008  7.640E+007
 4.190E+013  6.544E-011  4.948E+008  7.677E+007
 4.210E+013  6.688E-011  4.948E+008  7.714E+007
 4.230E+013  6.834E-011  4.948E+008  7.750E+007
 4.250E+013  6.982E-011  4.948E+008  7.787E+007
 4.270E+013  7.132E-011  4.948E+008  7.824E+007
 4.290E+013  7.285E-011  4.948E+008  7.861E+007
 4.310E+013  7.440E-011  4.948E+008  7.897E+007
 4.330E+013  7.597E-011  4.949E+008  7.934E+007
 4.350E+013  7.757E-011  4.949E+008  7.971E+007
 4.370E+013  7.919E-011  4.949E+008  8.008E+007
 4.390E+013  8.084E-011  4.949E+008  8.044E+007
 4.410E+013  8.252E-011  4.949E+008  8.081E+007
 4.430E+013  8.423E-011  4.949E+008  8.118E+007
 4.450E+013  8.596E-011  4.949E+008  8.155E+007
 4.470E+013  8.773E-011  4.949E+008  8.192E+007
 4.490E+013  8.952E-011  4.949E+008  8.228E+007
 4.510E+013  9.135E-011  4.950E+008  8.265E+007
 4.530E+013  9.322E-011  4.950E+008  8.302E+007
 4.550E+013  9.511E-011  4.950E+008  8.339E+007
 4.570E+013  9.705E-011  4.950E+008  8.376E+007
 4.590E+013  9.902E-011  4.950E+008  8.412E+007
 4.610E+013  1.010E-010  4.950E+008  8.449E+007
 4.630E+013  1.031E-010  4.950E+008  8.486E+007
 4.650E+013  1.051E-010  4.951E+008  8.523E+007
 4.670E+013  1.073E-010  4.951E+008  8.560E+007
 4.690E+013  1.094E-010  4.951E+008  8.596E+007
 4.710E+013  1.116E-010  4.951E+008  8.633E+007
 4.730E+013  1.139E-010  4.951E+008  8.670E+007
 4.750E+013  1.162E-010  4.951E+008  8.707E+007
 4.770E+013  1.185E-010  4.952E+008  8.744E+007
 4.790E+013  1.209E-010  4.952E+008  8.780E+007
 4.810E+013  1.233E-010  4.952E+008  8.817E+007
 4.830E+013  1.258E-010  4.952E+008  8.854E+007
 4.850E+013  1.283E-010  4.952E+008  8.891E+007
 4.870E+013  1.308E-010  4.953E+008  8.928E+007
 4.890E+013  1.334E-010  4.953E+008  8.965E+007
 4.910E+013  1.361E-010  4.953E+008  9.001E+007
 4.930E+013  1.388E-010  4.953E+008  9.038E+007
 4.950E+013  1.415E-010  4.953E+008  9.075E+007
 4.970E+013  1.443E-010  4.954E+008  9.112E+007
 4.990E+013  1.471E-010  4.954E+008  9.149E+007
 5.010E+013  1.500E-010  4.954E+008  9.186E+007
 5.030E+013  1.530E-010  4.954E+008  9.223E+007
 5.050E+013  1.559E-010  4.955E+008  9.259E+007
 5.070E+013  1.590E-010  4.955E+008  9.296E+007
 5.090E+013  1.620E-010  4.955E+008  9.333E+007
 5.110E+013  1.652E-010  4.955E+008  9.370E+007
 5.130E+013  1.683E-010  4.956E+008  9.407E+007
 5.150E+013  1.715E-010  4.956E+008  9.444E+007
 5.170E+013  1.748E-010  4.956E+008  9.481E+007
 5.190E+013  1.781E-010  4.956E+008  9.517E+007
 5.210E+013  1.815E-010  4.957E+008  9.554E+007
 5.230E+013  1.849E-010  4.957E+008  9.591E+007
 5.250E+013  1.884E-010  4.957E+008  9.628E+007
 5.270E+013  1.919E-010  4.958E+008  9.665E+007
 5.290E+013  1.955E-010  4.958E+008  9.702E+007
 5.310E+013  1.991E-010  4.958E+008  9.739E+007
 5.330E+013  2.027E-010  4.959E+008  9.776E+007
 5.350E+013  2.065E-010  4.959E+008  9.813E+007
 5.370E+013  2.102E-010  4.959E+008  9.850E+007
 5.390E+013  2.141E-010  4.960E+008  9.887E+007
 5.410E+013  2.180E-010  4.960E+008  9.924E+007
 5.430E+013  2.219E-010  4.960E+008  9.960E+007
 5.450E+013  2.259E-010  4.961E+008  9.997E+007
 5.470E+013  2.300E-010  4.961E+008  1.003E+008
 5.490E+013  2.341E-010  4.962E+008  1.007E+008
 5.510E+013  2.382E-010  4.962E+008  1.011E+008
 5.530E+013  2.425E-010  4.962E+008  1.015E+008
 5.550E+013  2.468E-010  4.963E+008  1.018E+008
 5.570E+013  2.511E-010  4.963E+008  1.022E+008
 5.590E+013  2.555E-010  4.964E+008  1.026E+008
 5.610E+013  2.600E-010  4.964E+008  1.029E+008
 5.630E+013  2.645E-010  4.965E+008  1.033E+008
 5.650E+013  2.691E-010  4.965E+008  1.037E+008
 5.670E+013  2.738E-010  4.966E+008  1.040E+008
 5.690E+013  2.785E-010  4.966E+008  1.044E+008
 5.710E+013  2.832E-010  4.967E+008  1.048E+008
 5.730E+013  2.881E-010  4.967E+008  1.052E+008
 5.750E+013  2.930E-010  4.968E+008  1.055E+008
 5.770E+013  2.980E-010  4.968E+008  1.059E+008
 5.790E+013  3.030E-010  4.969E+008  1.063E+008
 5.810E+013  3.081E-010  4.969E+008  1.066E+008
 5.830E+013  3.133E-010  4.970E+008  1.070E+008
 5.850E+013  3.185E-010  4.971E+008  1.074E+008
 5.870E+013  3.238E-010  4.971E+008  1.077E+008
 5.890E+013  3.292E-010  4.972E+008  1.081E+008
 5.910E+013  3.346E-010  4.972E+008  1.085E+008
 5.930E+013  3.402E-010  4.973E+008  1.089E+008
 5.950E+013  3.457E-010  4.974E+008  1.092E+008
 5.970E+013  3.514E-010  4.974E+008  1.096E+008
 5.990E+013  3.571E-010  4.975E+008  1.100E+008
 6.010E+013  3.629E-010  4.976E+008  1.103E+008
 6.030E+013  3.687E-010  4.976E+008  1.107E+008
 6.050E+013  3.747E-010  4.977E+008  1.111E+008
 6.070E+013  3.807E-010  4.978E+008  1.115E+008
 6.090E+013  3.868E-010  4.979E+008  1.118E+008
 6.110E+013  3.929E-010  4.979E+008  1.122E+008
 6.130E+013  3.992E-010  4.980E+008  1.126E+008
 6.150E+013  4.055E-010  4.981E+008  1.130E+008
 6.170E+013  4.119E-010  4.982E+008  1.133E+008
 6.190E+013  4.183E-010  4.982E+008  1.137E+008
 6.210E+013  4.249E-010  4.983E+008  1.141E+008
 6.230E+013  4.315E-010  4.984E+008  1.144E+008
 6.250E+013  4.382E-010  4.985E+008  1.148E+008
 6.270E+013  4.451E-010  4.986E+008  1.152E+008
 6.290E+013  4.519E-010  4.987E+008  1.156E+008
 6.310E+013  4.589E-010  4.988E+008  1.159E+008
 6.330E+013  4.660E-010  4.989E+008  1.163E+008
 6.350E+013  4.731E-010  4.990E+008  1.167E+008
 6.370E+013  4.804E-010  4.991E+008  1.171E+008
 6.390E+013  4.877E-010  4.991E+008  1.174E+008
 6.410E+013  4.952E-010  4.992E+008  1.178E+008
 6.430E+013  5.027E-010  4.993E+008  1.182E+008
 6.450E+013  5.103E-010  4.995E+008  1.186E+008
 6.470E+013  5.181E-010  4.996E+008  1.189E+008
 6.490E+013  5.259E-010  4.997E+008  1.193E+008
 6.510E+013  5.338E-010  4.998E+008  1.197E+008
 6.530E+013  5.419E-010  4.999E+008  1.201E+008
 6.550E+013  5.500E-010  5.000E+008  1.204E+008
 6.570E+013  5.583E-010  5.001E+008  1.208E+008
 6.590E+013  5.666E-010  5.002E+008  1.212E+008
 6.610E+013  5.751E-010  5.004E+008  1.216E+008
 6.630E+013  5.836E-010  5.005E+008  1.219E+008
 6.650E+013  5.923E-010  5.006E+008  1.223E+008
 6.670E+013  6.011E-010  5.007E+008  1.227E+008
 6.690E+013  6.100E-010  5.009E+008  1.231E+008
 6.710E+013  6.190E-010  5.010E+008  1.234E+008
 6.730E+013  6.282E-010  5.011E+008  1.238E+008
 6.750E+013  6.374E-010  5.013E+008  1.242E+008
 6.770E+013  6.468E-010  5.014E+008  1.246E+008
 6.790E+013  6.562E-010  5.015E+008  1.249E+008
 6.810E+013  6.658E-010  5.017E+008  1.253E+008
 6.830E+013  6.756E-010  5.018E+008  1.257E+008
 6.850E+013  6.854E-010  5.020E+008  1.261E+008
 6.870E+013  6.954E-010  5.021E+008  1.265E+008
 6.890E+013  7.055E-010  5.023E+008  1.268E+008
 6.910E+013  7.157E-010  5.024E+008  1.272E+008
 6.930E+013  7.260E-010  5.026E+008  1.276E+008
 6.950E+013  7.365E-010  5.027E+008  1.280E+008
 6.970E+013  7.471E-010  5.029E+008  1.284E+008
 6.990E+013  7.578E-010  5.031E+008  1.287E+008
 7.010E+013  7.686E-010  5.033E+008  1.291E+008
 7.030E+013  7.796E-010  5.034E+008  1.295E+008
 7.050E+013  7.907E-010  5.036E+008  1.299E+008
 7.070E+013  8.019E-010  5.038E+008  1.303E+008
 7.090E+013  8.133E-010  5.040E+008  1.306E+008
 7.110E+013  8.248E-010  5.041E+008  1.310E+008
 7.130E+013  8.364E-010  5.043E+008  1.314E+008
 7.150E+013  8.482E-010  5.045E+008  1.318E+008
 7.170E+013  8.601E-010  5.047E+008  1.322E+008
 7.190E+013  8.722E-010  5.049E+008  1.325E+008
 7.210E+013  8.844E-010  5.051E+008  1.329E+008
 7.230E+013  8.967E-010  5.053E+008  1.333E+008
 7.250E+013  9.092E-010  5.055E+008  1.337E+008
 7.270E+013  9.218E-010  5.058E+008  1.341E+008
 7.290E+013  9.346E-010  5.060E+008  1.345E+008
 7.310E+013  9.475E-010  5.062E+008  1.348E+008
 7.330E+013  9.605E-010  5.064E+008  1.352E+008
 7.350E+013  9.737E-010  5.066E+008  1.356E+008
 7.370E+013  9.871E-010  5.069E+008  1.360E+008
 7.390E+013  1.001E-009  5.071E+008  1.364E+008
 7.410E+013  1.014E-009  5.073E+008  1.368E+008
 7.430E+013  1.028E-009  5.076E+008  1.372E+008
 7.450E+013  1.042E-009  5.078E+008  1.375E+008
 7.470E+013  1.056E-009  5.081E+008  1.379E+008
 7.490E+013  1.070E-009  5.083E+008  1.383E+008
 7.510E+013  1.085E-009  5.086E+008  1.387E+008
 7.530E+013  1.099E-009  5.089E+008  1.391E+008
 7.550E+013  1.114E-009  5.091E+008  1.395E+008
 7.570E+013  1.129E-009  5.094E+008  1.399E+008
 7.590E+013  1.144E-009  5.097E+008  1.403E+008
 7.610E+013  1.159E-009  5.100E+008  1.406E+008
 7.630E+013  1.175E-009  5.102E+008  1.410E+008
 7.650E+013  1.190E-009  5.105E+008  1.414E+008
 7.670E+013  1.206E-009  5.108E+008  1.418E+008
 7.690E+013  1.222E-009  5.111E+008  1.422E+008
 7.710E+013  1.238E-009  5.114E+008  1.426E+008
 7.730E+013  1.255E-009  5.117E+008  1.430E+008
 7.750E+013  1.271E-009  5.120E+008  1.434E+008
 7.770E+013  1.288E-009  5.124E+008  1.438E+008
 7.790E+013  1.305E-009  5.127E+008  1.442E+008
 7.810E+013  1.322E-009  5.130E+008  1.446E+008
 7.830E+013  1.339E-009  5.134E+008  1.450E+008
 7.850E+013  1.357E-009  5.137E+008  1.454E+008
 7.870E+013  1.374E-009  5.140E+008  1.458E+008
 7.890E+013  1.392E-009  5.144E+008  1.461E+008
 7.910E+013  1.410E-009  5.148E+008  1.465E+008
 7.930E+013  1.428E-009  5.151E+008  1.469E+008
 7.950E+013  1.447E-009  5.155E+008  1.473E+008
 7.970E+013  1.465E-009  5.159E+008  1.477E+008
 7.990E+013  1.484E-009  5.162E+008  1.481E+008
 8.010E+013  1.503E-009  5.166E+008  1.485E+008
 8.030E+013  1.523E-009  5.170E+008  1.489E+008
 8.050E+013  1.542E-009  5.174E+008  1.493E+008
 8.070E+013  1.562E-009  5.178E+008  1.497E+008
 8.090E+013  1.582E-009  5.182E+008  1.501E+008
 8.110E+013  1.602E-009  5.186E+008  1.505E+008
 8.130E+013  1.623E-009  5.191E+008  1.509E+008
 8.150E+013  1.643E-009  5.195E+008  1.513E+008
 8.170E+013  1.664E-009  5.199E+008  1.517E+008
 8.190E+013  1.685E-009  5.204E+008  1.521E+008
 8.210E+013  1.707E-009  5.208E+008  1.526E+008
 8.230E+013  1.728E-009  5.213E+008  1.530E+008
 8.250E+013  1.750E-009  5.218E+008  1.534E+008
 8.270E+013  1.772E-009  5.222E+008  1.538E+008
 8.290E+013  1.795E-009  5.227E+008  1.542E+008
 8.310E+013  1.818E-009  5.232E+008  1.546E+008
 8.330E+013  1.840E-009  5.237E+008  1.550E+008
 8.350E+013  1.864E-009  5.242E+008  1.554E+008
 8.370E+013  1.887E-009  5.247E+008  1.558E+008
 8.390E+013  1.911E-009  5.252E+008  1.562E+008
 8.410E+013  1.935E-009  5.257E+008  1.566E+008
 8.430E+013  1.959E-009  5.263E+008  1.571E+008
 8.450E+013  1.983E-009  5.268E+008  1.575E+008
 8.470E+013  2.008E-009  5.274E+008  1.579E+008
 8.490E+013  2.033E-009  5.279E+008  1.583E+008
 8.510E+013  2.059E-009  5.285E+008  1.587E+008
 8.530E+013  2.084E-009  5.291E+008  1.591E+008
 8.550E+013  2.110E-009  5.297E+008  1.595E+008
 8.570E+013  2.136E-009  5.302E+008  1.600E+008
 8.590E+013  2.163E-009  5.309E+008  1.604E+008
 8.610E+013  2.190E-009  5.315E+008  1.608E+008
 8.630E+013  2.217E-009  5.321E+008  1.612E+008
 8.650E+013  2.244E-009  5.327E+008  1.616E+008
 8.670E+013  2.272E-009  5.334E+008  1.621E+008
 8.690E+013  2.300E-009  5.340E+008  1.625E+008
 8.710E+013  2.329E-009  5.347E+008  1.629E+008
 8.730E+013  2.357E-009  5.353E+008  1.633E+008
 8.750E+013  2.387E-009  5.360E+008  1.638E+008
 8.770E+013  2.416E-009  5.367E+008  1.642E+008
 8.790E+013  2.446E-009  5.374E+008  1.646E+008
 8.810E+013  2.476E-009  5.381E+008  1.650E+008
 8.830E+013  2.506E-009  5.389E+008  1.655E+008
 8.850E+013  2.537E-009  5.396E+008  1.659E+008
 8.870E+013  2.568E-009  5.403E+008  1.663E+008
 8.890E+013  2.600E-009  5.411E+008  1.668E+008
 8.910E+013  2.632E-009  5.419E+008  1.672E+008
 8.930E+013  2.664E-009  5.426E+008  1.676E+008
 8.950E+013  2.696E-009  5.434E+008  1.681E+008
 8.970E+013  2.729E-009  5.442E+008  1.685E+008
 8.990E+013  2.763E-009  5.451E+008  1.689E+008
 9.010E+013  2.797E-009  5.459E+008  1.694E+008
 9.030E+013  2.831E-009  5.467E+008  1.698E+008
 9.050E+013  2.865E-009  5.476E+008  1.702E+008
 9.070E+013  2.900E-009  5.484E+008  1.707E+008
 9.090E+013  2.936E-009  5.493E+008  1.711E+008
 9.110E+013  2.972E-009  5.502E+008  1.716E+008
 9.130E+013  3.008E-009  5.511E+008  1.720E+008
 9.150E+013  3.044E-009  5.520E+008  1.725E+008
 9.170E+013  3.082E-009  5.529E+008  1.729E+008
 9.190E+013  3.119E-009  5.539E+008  1.734E+008
 9.210E+013  3.157E-009  5.549E+008  1.738E+008
 9.230E+013  3.196E-009  5.560E+008  1.743E+008
 9.250E+013  3.237E-009  5.574E+008  1.746E+008
 9.270E+013  3.280E-009  5.596E+008  1.747E+008
 9.290E+013  3.327E-009  5.624E+008  1.745E+008
 9.310E+013  3.379E-009  5.666E+008  1.738E+008
 9.330E+013  3.441E-009  5.733E+008  1.723E+008
 9.350E+013  3.519E-009  5.840E+008  1.695E+008
 9.370E+013  3.619E-009  6.006E+008  1.645E+008
 9.390E+013  3.739E-009  6.222E+008  1.573E+008
 9.410E+013  3.874E-009  6.473E+008  1.485E+008
 9.430E+013  4.004E-009  6.705E+008  1.397E+008
 9.450E+013  4.116E-009  6.877E+008  1.331E+008
 9.470E+013  4.205E-009  6.984E+008  1.290E+008
 9.490E+013  4.278E-009  7.044E+008  1.275E+008
 9.510E+013  4.350E-009  7.096E+008  1.269E+008
 9.530E+013  4.427E-009  7.156E+008  1.262E+008
 9.550E+013  4.507E-009  7.225E+008  1.252E+008
 9.570E+013  4.591E-009  7.298E+008  1.240E+008
 9.590E+013  4.677E-009  7.372E+008  1.228E+008
 9.610E+013  4.763E-009  7.443E+008  1.217E+008
 9.630E+013  4.849E-009  7.512E+008  1.208E+008
 9.650E+013  4.936E-009  7.579E+008  1.199E+008
 9.670E+013  5.025E-009  7.646E+008  1.191E+008
 9.690E+013  5.115E-009  7.713E+008  1.184E+008
 9.710E+013  5.207E-009  7.781E+008  1.177E+008
 9.730E+013  5.300E-009  7.848E+008  1.170E+008
 9.750E+013  5.395E-009  7.915E+008  1.164E+008
 9.770E+013  5.491E-009  7.983E+008  1.158E+008
 9.790E+013  5.590E-009  8.051E+008  1.152E+008
 9.810E+013  5.690E-009  8.119E+008  1.147E+008
 9.830E+013  5.791E-009  8.188E+008  1.142E+008
 9.850E+013  5.895E-009  8.257E+008  1.138E+008
 9.870E+013  6.000E-009  8.327E+008  1.133E+008
 9.890E+013  6.108E-009  8.397E+008  1.129E+008
 9.910E+013  6.218E-009  8.468E+008  1.125E+008
 9.930E+013  6.329E-009  8.539E+008  1.121E+008
 9.950E+013  6.444E-009  8.611E+008  1.118E+008
 9.970E+013  6.553E-009  8.684E+008  1.114E+008
 9.990E+013  6.720E-009  8.756E+008  1.111E+008
 1.001E+014  1.000E-099  1.000E-099  1.111E+008
 1.003E+014  1.000E-099  1.000E-099  1.111E+008
 4.186E-003
